0,5,1058.29,397.44,1270.36,544.59,0.8019,3.7,3.05,12.30,9.98,1.45,38.19,1.57,-10.00
0,5,-1.00,-1.00,-1.00,-1.00,0.1251,3.5,2.77,8.51,-41.72,2.36,-26.48,0.21,-10.00
0,5,-1.00,-1.00,-1.00,-1.00,0.1150,3.3,3.05,11.26,-47.64,2.58,-34.03,-2.90,-10.00
0,5,-1.00,-1.00,-1.00,-1.00,0.1125,3.6,2.95,12.78,-22.72,-0.75,-44.34,1.88,-10.00
0,5,-1.00,-1.00,-1.00,-1.00,0.1046,3.6,2.93,12.42,-18.68,-1.55,-46.52,1.90,-10.00
3,5,-1.00,-1.00,-1.00,-1.00,0.1690,3.2,2.74,8.91,-30.56,1.88,-40.12,-3.07,-10.00
6,5,793.36,382.32,1045.55,493.92,0.1147,3.8,3.07,12.94,3.74,0.01,51.60,-2.13,-10.00
7,5,700.54,424.28,926.96,514.97,0.2568,3.3,2.86,8.20,-0.11,0.87,48.66,-2.76,-10.00
8,5,646.20,434.83,884.08,526.49,0.3121,3.1,2.97,8.18,-1.90,1.22,45.91,-2.67,-10.00
8,5,664.09,445.49,890.31,549.07,0.1222,3.6,3.02,12.30,-1.15,2.15,50.58,-1.05,-10.00
9,5,-1.00,-1.00,-1.00,-1.00,0.1335,3.2,2.96,8.36,33.92,0.26,34.90,-2.99,-10.00
9,5,571.52,416.28,783.69,513.19,0.1190,3.1,2.63,7.54,-4.87,0.72,43.53,-2.48,-10.00
10,5,-1.00,-1.00,-1.00,-1.00,0.1552,3.6,3.07,11.87,37.13,0.31,40.43,-2.92,-10.00
10,5,-1.00,-1.00,-1.00,-1.00,0.1024,3.3,2.96,8.98,28.49,0.44,32.28,-3.05,-10.00
13,5,413.14,426.03,519.71,545.01,0.2093,3.1,2.58,8.64,-10.07,1.46,37.15,-1.79,-10.00
13,5,-1.00,-1.00,-1.00,-1.00,0.1183,4.0,3.21,12.82,41.76,2.06,-24.28,-3.06,-10.00
14,5,347.39,381.25,544.93,528.64,0.1791,3.7,3.00,12.48,-10.69,1.04,38.27,-1.63,-10.00
14,5,86.55,388.85,332.27,498.86,0.1732,3.4,3.01,11.43,-21.62,0.18,46.26,1.62,-10.00
14,5,698.77,413.98,818.91,516.45,0.1001,3.6,2.89,12.16,-1.99,0.97,50.13,1.68,-10.00
15,5,719.48,469.27,813.24,575.32,0.1394,3.7,2.94,12.35,-1.77,3.05,50.67,-1.55,-10.00
15,5,441.81,426.98,612.28,522.40,0.1326,3.5,2.88,11.71,-11.58,1.24,52.35,-1.43,-10.00
15,5,348.07,432.64,523.46,551.82,0.1234,2.8,2.55,7.06,-9.94,1.50,33.91,-1.57,-10.00
15,5,747.99,423.19,866.44,549.09,0.1021,3.8,3.04,13.10,-0.02,1.86,44.92,-1.49,-10.00
16,5,336.29,411.20,529.02,537.16,0.5513,2.9,2.46,7.24,-9.63,1.11,32.69,-1.53,-10.00
16,5,0.00,382.40,280.43,502.68,0.2519,3.3,2.98,10.96,-21.74,0.30,41.19,1.68,-10.00
16,5,-1.00,-1.00,-1.00,-1.00,0.1676,3.2,2.85,8.26,37.62,1.55,7.33,-0.03,-10.00
16,5,726.63,408.96,835.40,510.00,0.1021,3.5,2.90,12.38,-1.15,0.70,50.81,1.66,-10.00
17,5,-1.00,-1.00,-1.00,-1.00,0.2217,3.7,2.90,11.48,-52.29,-0.09,22.14,-3.04,-10.00
17,5,-1.00,-1.00,-1.00,-1.00,0.1716,3.4,3.08,10.09,38.64,1.82,4.92,-0.12,-10.00
18,5,-1.00,-1.00,-1.00,-1.00,0.6202,3.6,2.76,9.14,-50.68,-0.22,19.58,-2.99,-10.00
18,5,-1.00,-1.00,-1.00,-1.00,0.2185,3.3,2.97,11.24,1.80,2.92,-51.96,-1.57,-10.00
18,5,120.57,355.00,408.46,477.84,0.1498,3.5,3.30,13.97,-19.89,-0.73,47.41,1.68,-10.00
18,5,-1.00,-1.00,-1.00,-1.00,0.1120,3.6,3.22,11.80,-45.12,-0.13,34.59,0.09,-10.00
19,5,-1.00,-1.00,-1.00,-1.00,0.6984,3.6,2.82,9.48,-50.55,-0.11,18.05,-2.99,-10.00
19,5,0.00,364.09,276.97,505.92,0.2151,3.4,2.94,12.25,-20.75,0.36,37.15,1.73,-10.00
19,5,174.63,418.80,442.69,541.98,0.1460,2.9,2.66,8.74,-13.13,1.25,33.87,1.70,-10.00
20,5,-1.00,-1.00,-1.00,-1.00,0.7165,3.8,2.75,9.11,-50.65,0.12,16.60,-2.97,-10.00
20,5,66.61,351.23,383.59,473.70,0.1802,3.2,3.37,13.64,-20.08,-0.86,44.77,1.70,-10.00
20,5,314.06,395.66,551.31,536.47,0.1733,2.9,2.46,7.20,-8.58,0.97,29.39,-1.43,-10.00
21,5,-1.00,-1.00,-1.00,-1.00,0.6696,3.7,2.76,9.06,-50.64,0.33,15.00,-3.01,-10.00
21,5,334.05,370.27,577.92,489.22,0.3012,3.3,3.22,13.21,-11.99,-0.23,44.30,1.70,-10.00
21,5,145.18,351.19,421.27,471.03,0.1766,3.4,3.15,13.25,-19.48,-1.01,47.92,1.72,-10.00
21,5,0.00,359.23,241.44,504.98,0.1080,3.2,3.06,12.38,-20.94,0.31,34.99,1.70,-10.00
22,5,-1.00,-1.00,-1.00,-1.00,0.6528,3.6,2.79,8.53,-50.35,0.07,14.09,-3.01,-10.00
22,5,165.04,357.91,426.28,475.19,0.2602,3.5,3.16,13.31,-19.52,-0.85,49.10,-1.44,-10.00
22,5,305.57,357.98,567.68,492.19,0.1117,3.6,3.25,13.78,-12.31,-0.11,43.37,1.70,-10.00
22,5,800.48,431.77,894.11,547.12,0.1060,3.7,2.93,12.32,1.37,1.88,46.71,-1.51,-10.00
22,5,0.00,329.28,219.93,504.13,0.1007,3.5,3.11,13.34,-21.33,0.26,33.36,1.73,-10.00
23,5,-1.00,-1.00,-1.00,-1.00,0.7189,3.5,2.72,8.74,-50.88,-0.36,13.33,-3.02,-10.00
24,5,-1.00,-1.00,-1.00,-1.00,0.7268,3.7,2.70,9.28,-50.91,-0.34,12.56,-3.06,-10.00
24,5,-1.00,-1.00,-1.00,-1.00,0.2276,3.4,3.39,11.41,-30.80,0.78,2.01,0.18,-10.00
24,5,175.13,371.41,412.91,483.17,0.1777,3.5,3.20,13.22,-19.89,-0.50,49.71,1.62,-10.00
24,5,438.98,391.31,607.13,496.82,0.1628,3.6,3.03,12.73,-11.58,0.11,51.81,1.64,-10.00
24,5,407.34,480.49,608.61,593.48,0.1561,2.6,2.58,7.11,-7.77,2.42,33.02,-1.42,-10.00
24,5,-1.00,-1.00,-1.00,-1.00,0.1015,3.7,2.94,12.59,6.03,2.12,-45.17,-1.57,-10.00
25,5,-1.00,-1.00,-1.00,-1.00,0.6146,3.7,2.75,9.70,-51.18,0.16,12.51,-3.07,-10.00
25,5,-1.00,-1.00,-1.00,-1.00,0.1925,3.3,3.23,10.20,-32.00,1.33,1.61,0.25,-10.00
25,5,197.61,366.86,413.05,479.02,0.1702,3.5,3.09,12.81,-19.88,-0.69,50.63,1.60,-10.00
25,5,439.82,492.76,631.88,599.78,0.1324,2.6,2.51,7.33,-7.50,2.73,35.03,-1.39,-10.00
26,5,-1.00,-1.00,-1.00,-1.00,0.6297,3.7,2.77,9.45,-51.16,0.19,12.53,-3.07,-10.00
26,5,483.57,496.76,652.71,600.04,0.3075,2.7,2.47,7.32,-7.00,2.90,36.88,-1.42,-10.00
27,5,-1.00,-1.00,-1.00,-1.00,0.7118,3.7,2.79,9.67,-50.99,0.17,12.50,-3.13,-10.00
27,5,-1.00,-1.00,-1.00,-1.00,0.1093,3.2,3.19,10.10,-31.75,1.27,1.20,0.23,-10.00
28,5,-1.00,-1.00,-1.00,-1.00,0.6888,3.7,2.66,9.23,-51.20,-0.74,12.03,-3.09,-10.00
28,5,529.17,512.29,668.95,603.76,0.4468,2.6,2.48,7.29,-6.68,3.28,40.09,-1.47,-10.00
28,5,-1.00,-1.00,-1.00,-1.00,0.2148,3.4,3.21,10.92,-32.09,1.24,1.26,0.30,-10.00
28,5,-1.00,-1.00,-1.00,-1.00,0.1124,3.4,3.03,11.19,-50.74,1.53,28.06,-3.12,-10.00
29,5,-1.00,-1.00,-1.00,-1.00,0.5227,3.6,2.71,9.40,-51.44,-0.02,10.47,-3.05,-10.00
29,5,-1.00,-1.00,-1.00,-1.00,0.1307,3.4,3.01,10.94,-51.88,0.73,26.40,3.07,-10.00
29,5,-1.00,-1.00,-1.00,-1.00,0.1260,3.4,3.25,13.63,-13.77,-2.34,-47.86,-1.64,-10.00
30,5,-1.00,-1.00,-1.00,-1.00,0.4708,3.3,2.80,9.25,-52.09,0.13,7.26,-3.08,-10.00
30,5,-1.00,-1.00,-1.00,-1.00,0.1332,3.4,3.42,11.19,-42.93,0.76,-3.12,0.07,-10.00
30,5,0.00,357.65,46.02,486.31,0.1007,3.9,2.94,12.35,-34.23,-0.30,44.05,-0.40,-10.00
31,5,-1.00,-1.00,-1.00,-1.00,0.2620,3.3,2.92,9.36,-52.56,-0.09,1.33,3.03,-10.00
31,5,351.39,513.78,489.09,611.04,0.1347,3.0,2.56,8.43,-13.30,3.76,43.29,-1.64,-10.00
32,5,-1.00,-1.00,-1.00,-1.00,0.4056,3.2,2.84,9.49,-52.32,0.10,-7.08,2.95,-10.00
32,5,-1.00,-1.00,-1.00,-1.00,0.2043,3.7,3.02,10.72,37.85,1.80,4.49,2.77,-10.00
32,5,126.14,515.94,308.95,618.85,0.1438,3.0,2.77,8.19,-19.26,3.82,41.38,-1.67,-10.00
32,5,-1.00,-1.00,-1.00,-1.00,0.1006,3.5,3.28,11.69,-48.08,1.25,-16.38,-0.12,-10.00
33,5,-1.00,-1.00,-1.00,-1.00,0.8586,3.6,2.94,10.78,-49.61,0.21,-21.17,2.73,-10.00
33,5,-1.00,-1.00,-1.00,-1.00,0.1226,3.6,3.31,11.01,-38.59,1.37,6.33,0.18,-10.00
34,5,-1.00,-1.00,-1.00,-1.00,0.3759,3.3,2.72,8.36,-44.57,0.45,-30.17,2.55,-10.00
35,5,-1.00,-1.00,-1.00,-1.00,0.7830,3.6,3.02,11.64,-38.50,0.82,-42.79,2.24,-10.00
36,5,-1.00,-1.00,-1.00,-1.00,0.6651,3.5,3.04,12.35,-29.81,0.38,-51.93,2.10,-10.00
36,5,-1.00,-1.00,-1.00,-1.00,0.1006,3.3,2.98,10.20,51.34,2.52,-20.20,-2.62,-10.00
