1,5,-1.00,-1.00,-1.00,-1.00,0.1821,3.8,3.06,12.45,23.71,2.50,27.07,2.25,-10.00
2,5,-1.00,-1.00,-1.00,-1.00,0.2090,3.3,3.08,10.31,-41.85,0.95,-1.68,0.54,-10.00
2,5,-1.00,-1.00,-1.00,-1.00,0.1389,3.6,2.95,9.94,30.81,1.94,43.74,2.21,-10.00
3,5,-1.00,-1.00,-1.00,-1.00,0.1088,3.6,2.97,12.38,-20.25,-1.80,-42.62,-1.23,-10.00
4,5,-1.00,-1.00,-1.00,-1.00,0.1132,3.4,2.91,11.99,-13.58,-0.16,-44.22,-1.37,-10.00
4,5,1341.86,400.22,1447.33,517.84,0.1081,3.4,2.86,9.92,19.54,1.57,43.14,2.00,-10.00
4,5,-1.00,-1.00,-1.00,-1.00,0.1003,3.5,2.77,9.29,-37.78,0.37,-18.34,0.31,-10.00
6,5,-1.00,-1.00,-1.00,-1.00,0.2141,3.0,2.46,8.50,-25.96,0.59,-47.84,-2.89,-10.00
6,5,-1.00,-1.00,-1.00,-1.00,0.1000,3.3,2.99,8.91,30.11,4.18,39.37,-3.04,-10.00
7,5,-1.00,-1.00,-1.00,-1.00,0.1480,3.4,2.80,10.67,-4.86,0.25,-43.53,-1.51,-10.00
9,5,-1.00,-1.00,-1.00,-1.00,0.1030,3.2,3.11,11.81,38.17,5.52,23.71,-2.95,-10.00
10,5,-1.00,-1.00,-1.00,-1.00,0.1984,3.4,3.18,12.21,38.17,5.90,22.54,3.10,-10.00
11,5,680.25,547.45,810.96,633.28,0.1232,3.1,2.88,10.91,-3.61,6.34,51.92,1.27,-10.00
13,5,-1.00,-1.00,-1.00,-1.00,0.1184,3.6,2.98,12.38,12.97,0.42,-32.29,-1.67,-10.00
14,5,580.03,524.49,690.27,604.00,0.1574,3.0,2.99,8.82,-8.17,5.36,52.39,-1.91,-10.00
14,5,-1.00,-1.00,-1.00,-1.00,0.1251,3.5,2.77,9.45,5.71,0.89,-46.50,-1.66,-10.00
15,5,555.40,502.95,667.31,584.28,0.2351,2.9,2.70,8.53,-8.71,4.38,49.82,-1.95,-10.00
16,5,-1.00,-1.00,-1.00,-1.00,0.1621,3.5,3.06,11.51,-41.53,2.04,-9.48,0.02,-10.00
17,5,547.89,453.62,662.54,543.18,0.5268,2.9,2.53,6.78,-7.82,2.53,43.56,-1.96,-10.00
18,5,552.27,442.35,675.02,541.30,0.2242,2.9,2.50,6.92,-7.08,2.31,40.90,-1.96,-10.00
19,5,583.61,424.26,707.93,530.70,0.2002,2.9,2.43,6.22,-5.61,1.81,38.02,-1.94,-10.00
20,5,616.54,396.29,755.61,520.09,0.2100,3.0,2.60,7.53,-4.20,1.36,35.81,-1.87,-10.00
21,5,-1.00,-1.00,-1.00,-1.00,0.2340,3.7,2.87,11.85,-43.97,1.57,36.42,-2.78,-10.00
21,5,674.77,408.27,823.41,534.95,0.1210,2.9,2.46,6.85,-2.18,1.64,32.26,-1.84,-10.00
21,5,33.30,428.12,253.05,527.48,0.1016,3.4,3.04,12.44,-26.92,2.24,50.39,1.48,-10.00
21,5,1373.69,580.91,1600.00,693.28,0.1009,3.3,2.97,11.04,24.27,7.11,41.47,-0.06,-10.00
22,5,-1.00,-1.00,-1.00,-1.00,0.2867,4.3,3.21,12.99,38.95,2.52,-42.53,2.92,-10.00
22,5,-1.00,-1.00,-1.00,-1.00,0.2028,3.5,3.28,12.20,-49.48,0.75,-15.54,0.39,-10.00
22,5,112.91,398.58,217.29,511.88,0.1471,3.8,2.97,12.54,-27.06,1.55,50.89,1.03,-10.00
22,5,123.29,425.21,340.88,521.17,0.1349,3.3,2.81,9.67,-23.30,1.96,49.95,1.73,-10.00
22,5,0.00,398.17,250.21,505.61,0.1334,3.5,2.94,11.45,-27.41,1.23,48.08,0.45,-10.00
22,5,-1.00,-1.00,-1.00,-1.00,0.1052,3.7,2.94,12.02,-42.00,1.85,34.79,-2.72,-10.00
23,5,-1.00,-1.00,-1.00,-1.00,0.2213,3.4,3.14,11.22,-45.82,1.26,-30.34,0.31,-10.00
23,5,374.07,402.82,514.51,507.40,0.1898,3.1,2.80,9.06,-13.41,1.21,44.81,1.50,-10.00
23,5,-1.00,-1.00,-1.00,-1.00,0.1359,3.3,3.01,13.09,4.21,0.69,-23.79,1.76,-10.00
23,5,-1.00,-1.00,-1.00,-1.00,0.1339,3.4,3.01,11.31,37.17,1.85,-49.07,-0.15,-10.00
23,5,810.40,388.28,988.63,549.47,0.1149,2.9,2.48,6.93,1.29,1.62,26.24,-1.70,-10.00
23,5,0.00,420.50,233.75,520.31,0.1019,3.5,2.96,11.63,-29.67,2.01,52.31,1.71,-10.00
24,5,-1.00,-1.00,-1.00,-1.00,0.1883,3.4,3.18,10.71,-39.28,2.09,-33.47,-2.80,-10.00
24,5,-1.00,-1.00,-1.00,-1.00,0.1578,3.6,2.93,11.84,-35.69,2.27,39.08,-2.76,-10.00
24,5,232.62,258.78,570.83,577.61,0.1124,3.7,3.01,13.11,-6.33,1.62,21.36,-1.71,-10.00
24,5,890.71,364.10,1107.04,555.20,0.1022,2.9,2.49,7.19,2.83,1.49,22.80,-1.63,-10.00
24,5,566.57,519.93,771.83,619.53,0.1002,3.7,2.99,11.99,-6.23,5.89,52.79,1.97,-10.00
25,5,-1.00,-1.00,-1.00,-1.00,0.1661,3.1,2.93,7.72,-32.13,1.01,1.86,0.34,-10.00
25,5,-1.00,-1.00,-1.00,-1.00,0.1451,3.4,2.74,11.54,-6.45,0.76,-50.79,-1.39,-10.00
25,5,0.00,348.58,76.85,546.69,0.1319,3.3,2.95,9.59,-21.14,1.54,26.12,1.94,-10.00
25,5,432.42,400.81,615.76,524.25,0.1228,3.1,2.63,8.42,-8.64,1.55,37.06,-1.47,-10.00
25,5,-1.00,-1.00,-1.00,-1.00,0.1177,3.7,3.01,12.16,-35.95,1.61,32.27,-2.60,-10.00
26,5,428.87,377.89,635.86,529.88,0.3000,3.6,2.93,12.12,-8.09,1.69,36.59,1.59,-10.00
26,5,515.70,419.15,620.72,529.69,0.1375,3.3,2.89,9.27,-8.74,2.02,43.38,1.44,-10.00
26,5,0.00,411.58,180.87,524.39,0.1318,3.6,2.88,11.72,-28.64,1.87,45.04,-2.72,-10.00
26,5,-1.00,-1.00,-1.00,-1.00,0.1249,3.7,2.99,13.14,-15.78,1.60,-30.86,1.80,-10.00
26,5,215.88,398.46,445.48,523.45,0.1198,3.3,2.82,10.07,-15.39,1.64,40.04,1.63,-10.00
26,5,-1.00,-1.00,-1.00,-1.00,0.1184,3.4,3.08,10.59,-28.96,-1.60,-42.94,0.43,-10.00
28,5,1138.08,343.54,1430.33,539.99,0.1088,3.5,3.09,12.84,9.74,1.58,28.78,1.67,-10.00
30,5,-1.00,-1.00,-1.00,-1.00,0.1993,3.4,3.10,12.87,-4.29,0.89,-49.43,1.97,-10.00
30,5,835.67,420.38,944.17,517.87,0.1364,3.3,2.86,9.94,2.32,1.82,50.15,1.47,-10.00
32,5,-1.00,-1.00,-1.00,-1.00,0.1286,4.0,3.13,13.31,13.15,1.20,-42.99,-2.86,-10.00
33,5,-1.00,-1.00,-1.00,-1.00,0.2524,3.3,3.10,13.01,-0.40,0.19,-49.00,-1.18,-10.00
33,5,-1.00,-1.00,-1.00,-1.00,0.1406,3.5,2.80,11.32,-44.77,-0.37,-0.73,0.32,-10.00
37,5,1214.38,356.26,1431.36,499.15,0.1608,3.4,2.91,12.08,14.95,0.71,39.11,-1.48,-10.00
37,5,0.00,334.77,227.93,523.48,0.1119,3.7,3.15,11.99,-19.69,1.16,29.38,-2.72,-10.00
37,5,-1.00,-1.00,-1.00,-1.00,0.1097,3.5,2.98,12.49,-32.93,0.65,-37.05,1.90,-10.00
39,5,-1.00,-1.00,-1.00,-1.00,0.3254,3.4,3.06,12.73,8.05,0.30,-33.65,1.64,-10.00
39,5,-1.00,-1.00,-1.00,-1.00,0.3214,3.1,2.66,8.59,4.18,1.69,-21.24,-1.55,-10.00
