0,5,-1.00,-1.00,-1.00,-1.00,0.1803,3.5,2.82,9.21,-42.39,-0.79,-47.74,-0.12,-10.00
0,5,-1.00,-1.00,-1.00,-1.00,0.1247,3.4,2.84,12.28,16.14,0.08,-27.74,-1.27,-10.00
3,5,968.63,413.11,1064.63,515.80,0.1033,3.6,3.09,10.96,7.61,1.77,51.60,1.65,-10.00
5,5,-1.00,-1.00,-1.00,-1.00,0.1215,3.5,3.11,12.84,-39.56,-0.46,-52.80,-1.57,-10.00
8,5,-1.00,-1.00,-1.00,-1.00,0.1082,3.5,3.05,12.60,-39.50,-0.41,-52.85,-1.59,-10.00
9,5,-1.00,-1.00,-1.00,-1.00,0.1807,3.6,3.08,12.54,-39.47,-2.47,-52.41,-1.55,-10.00
9,5,-1.00,-1.00,-1.00,-1.00,0.1199,3.4,2.81,11.39,46.71,0.30,-17.82,2.13,-10.00
9,5,-1.00,-1.00,-1.00,-1.00,0.1093,3.2,2.93,10.27,-40.30,3.78,47.54,-0.05,-10.00
10,5,-1.00,-1.00,-1.00,-1.00,0.1980,3.1,2.67,8.33,29.95,-1.12,-25.44,2.07,-10.00
12,5,-1.00,-1.00,-1.00,-1.00,0.1347,3.8,3.09,12.49,52.18,0.80,7.49,0.59,-10.00
12,5,-1.00,-1.00,-1.00,-1.00,0.1008,3.5,2.98,11.48,49.64,0.77,7.01,0.78,-10.00
13,5,1052.24,410.26,1139.87,518.09,0.1299,3.6,2.92,11.37,10.73,1.79,49.29,1.81,-10.00
15,5,-1.00,-1.00,-1.00,-1.00,0.1480,3.3,2.94,12.54,-35.23,1.30,-48.25,-1.52,-10.00
15,5,-1.00,-1.00,-1.00,-1.00,0.1088,3.2,2.76,9.29,28.38,-1.75,-31.68,2.17,-10.00
16,5,-1.00,-1.00,-1.00,-1.00,0.1140,3.6,3.15,11.78,53.30,0.34,15.00,-2.59,-10.00
16,5,996.16,425.49,1075.05,520.33,0.1121,3.2,2.73,9.37,8.23,1.91,49.53,-1.41,-10.00
17,5,-1.00,-1.00,-1.00,-1.00,0.1352,3.3,3.02,9.63,-39.36,1.56,-24.08,0.08,-10.00
18,5,-1.00,-1.00,-1.00,-1.00,0.1218,3.1,2.67,10.53,27.73,0.50,0.26,2.09,-10.00
19,5,-1.00,-1.00,-1.00,-1.00,0.2455,3.2,2.70,8.07,30.22,1.32,42.88,2.00,-10.00
19,5,-1.00,-1.00,-1.00,-1.00,0.1325,3.5,3.10,13.38,-32.83,-1.97,-50.13,-1.58,-10.00
19,5,-1.00,-1.00,-1.00,-1.00,0.1036,3.6,2.94,12.38,27.35,1.46,36.11,1.97,-10.00
21,5,-1.00,-1.00,-1.00,-1.00,0.6908,2.7,2.50,8.29,29.86,1.00,35.57,2.07,-10.00
22,5,-1.00,-1.00,-1.00,-1.00,0.5453,2.7,2.44,8.00,30.19,1.31,31.03,2.12,-10.00
23,5,-1.00,-1.00,-1.00,-1.00,0.9257,2.9,2.63,8.48,30.56,1.31,26.41,2.18,-10.00
24,5,-1.00,-1.00,-1.00,-1.00,0.9027,2.8,2.49,8.37,30.94,0.91,22.09,2.15,-10.00
25,5,-1.00,-1.00,-1.00,-1.00,0.9680,2.8,2.50,8.50,30.82,1.12,16.92,2.15,-10.00
25,5,-1.00,-1.00,-1.00,-1.00,0.1396,3.4,3.15,10.74,-48.04,0.33,-35.87,0.25,-10.00
26,5,-1.00,-1.00,-1.00,-1.00,0.9457,2.9,2.58,8.40,30.63,0.92,12.67,2.15,-10.00
27,5,-1.00,-1.00,-1.00,-1.00,0.9176,2.9,2.59,8.46,30.43,0.77,8.46,2.12,-10.00
27,5,-1.00,-1.00,-1.00,-1.00,0.1161,3.2,2.43,7.26,-37.40,3.16,41.41,0.05,-10.00
28,5,-1.00,-1.00,-1.00,-1.00,0.9755,2.9,2.55,8.44,30.39,0.63,4.05,2.13,-10.00
28,5,-1.00,-1.00,-1.00,-1.00,0.1004,3.3,2.84,10.64,46.92,0.32,20.02,2.29,-10.00
29,5,-1.00,-1.00,-1.00,-1.00,0.9727,2.9,2.58,8.27,30.13,0.72,-0.38,2.08,-10.00
30,5,-1.00,-1.00,-1.00,-1.00,0.9417,2.8,2.52,8.27,30.26,0.75,-4.82,2.12,-10.00
31,5,-1.00,-1.00,-1.00,-1.00,0.9305,2.7,2.51,8.51,30.16,0.70,-8.38,2.11,-10.00
32,5,-1.00,-1.00,-1.00,-1.00,0.9568,2.9,2.57,8.52,30.03,0.60,-13.08,2.06,-10.00
32,5,-1.00,-1.00,-1.00,-1.00,0.1091,3.3,3.07,9.90,-35.64,3.18,31.51,0.01,-10.00
33,5,-1.00,-1.00,-1.00,-1.00,0.9231,2.8,2.62,8.88,29.81,0.41,-17.99,2.08,-10.00
33,5,920.29,401.73,1041.86,530.92,0.1697,3.4,2.84,9.00,4.49,1.82,38.23,-1.54,-10.00
34,5,-1.00,-1.00,-1.00,-1.00,0.8465,2.8,2.52,8.23,29.18,0.31,-23.49,2.08,-10.00
34,5,-1.00,-1.00,-1.00,-1.00,0.1090,3.5,3.12,12.44,11.74,-0.36,-53.01,2.10,-10.00
35,5,-1.00,-1.00,-1.00,-1.00,0.7777,3.0,2.65,9.26,28.73,0.48,-28.35,2.14,-10.00
36,5,-1.00,-1.00,-1.00,-1.00,0.9265,2.7,2.64,8.68,28.35,0.18,-33.21,2.08,-10.00
36,5,953.91,388.00,1147.25,549.54,0.3055,3.4,2.86,12.43,5.40,2.02,32.93,-1.57,-10.00
39,5,0.00,412.17,121.69,537.93,0.1634,3.3,3.17,12.81,-27.81,2.13,39.53,1.64,-10.00
