0,5,-1.00,-1.00,-1.00,-1.00,0.9600,3.2,3.15,12.50,19.83,1.02,-25.90,2.97,-10.00
0,5,-1.00,-1.00,-1.00,-1.00,0.3469,4.0,2.92,12.27,-37.37,0.15,37.61,-2.46,-10.00
0,5,-1.00,-1.00,-1.00,-1.00,0.1700,3.4,2.87,10.19,-48.55,2.02,-13.22,0.66,-10.00
0,5,-1.00,-1.00,-1.00,-1.00,0.1039,3.6,3.08,12.75,-50.60,1.91,-28.82,-0.90,-10.00
1,5,-1.00,-1.00,-1.00,-1.00,0.9885,3.1,2.95,12.01,21.33,0.94,-25.53,2.92,-10.00
1,5,-1.00,-1.00,-1.00,-1.00,0.3890,3.6,3.21,12.33,-50.27,0.88,-31.13,-0.90,-10.00
1,5,-1.00,-1.00,-1.00,-1.00,0.1562,3.5,3.05,12.76,-50.60,2.09,-34.64,2.30,-10.00
2,5,-1.00,-1.00,-1.00,-1.00,0.9789,3.1,3.02,12.41,21.62,1.00,-25.53,2.91,-10.00
2,5,-1.00,-1.00,-1.00,-1.00,0.5071,3.1,2.63,7.89,26.06,-1.49,-40.61,0.99,-10.00
2,5,-1.00,-1.00,-1.00,-1.00,0.1970,4.3,3.20,13.21,-45.40,2.05,-20.96,0.63,-10.00
2,5,-1.00,-1.00,-1.00,-1.00,0.1272,3.9,3.10,12.25,-41.97,0.34,22.87,-0.94,-10.00
3,5,-1.00,-1.00,-1.00,-1.00,0.9798,3.2,2.94,12.02,21.24,0.80,-26.28,2.89,-10.00
3,5,-1.00,-1.00,-1.00,-1.00,0.5591,3.8,3.28,12.95,-45.81,1.60,-23.41,-2.65,-10.00
4,5,-1.00,-1.00,-1.00,-1.00,0.9901,3.3,3.05,12.46,19.96,0.81,-27.92,2.99,-10.00
4,5,-1.00,-1.00,-1.00,-1.00,0.2308,3.5,3.18,11.66,40.00,1.56,11.22,2.85,-10.00
4,5,-1.00,-1.00,-1.00,-1.00,0.2133,3.3,2.99,11.96,33.49,2.91,21.36,1.37,-10.00
4,5,0.29,363.32,158.70,486.15,0.1742,3.4,2.92,12.00,-24.85,-0.32,43.37,1.19,-10.00
4,5,-1.00,-1.00,-1.00,-1.00,0.1548,3.5,3.31,12.74,-45.65,1.82,-24.36,-2.57,-10.00
4,5,-1.00,-1.00,-1.00,-1.00,0.1042,3.6,2.93,11.09,-38.40,0.85,26.20,-1.03,-10.00
5,5,-1.00,-1.00,-1.00,-1.00,0.9849,3.2,3.16,13.06,18.32,0.67,-29.92,3.08,-10.00
5,5,-1.00,-1.00,-1.00,-1.00,0.2137,3.7,3.33,13.32,-48.45,1.86,-23.37,-2.63,-10.00
5,5,-1.00,-1.00,-1.00,-1.00,0.1961,3.8,3.00,11.79,-39.17,1.38,23.73,-0.95,-10.00
5,5,29.68,371.37,213.59,493.00,0.1145,3.3,2.92,12.04,-23.21,-0.05,43.14,1.29,-10.00
5,5,-1.00,-1.00,-1.00,-1.00,0.1106,3.2,2.95,8.77,-30.80,0.94,25.95,-0.08,-10.00
5,5,-1.00,-1.00,-1.00,-1.00,0.1024,3.0,2.86,8.56,26.25,0.34,-29.27,2.97,-10.00
6,5,-1.00,-1.00,-1.00,-1.00,0.9773,3.1,3.12,13.12,15.45,0.69,-32.18,-3.07,-10.00
6,5,-1.00,-1.00,-1.00,-1.00,0.1643,3.5,3.29,12.73,-47.14,1.35,-24.50,-2.50,-10.00
6,5,-1.00,-1.00,-1.00,-1.00,0.1184,3.2,3.01,12.00,-50.66,2.16,-41.13,2.29,-10.00
6,5,60.35,380.67,444.46,500.89,0.1081,3.2,2.73,10.57,-17.23,0.22,39.24,2.61,-10.00
7,5,-1.00,-1.00,-1.00,-1.00,0.9811,3.2,3.16,12.93,12.21,0.93,-34.26,-2.94,-10.00
7,5,-1.00,-1.00,-1.00,-1.00,0.1657,3.7,3.05,12.78,-50.65,2.29,-38.83,-0.84,-10.00
7,5,-1.00,-1.00,-1.00,-1.00,0.1077,3.4,3.21,10.81,-36.08,0.11,-43.19,-0.21,-10.00
8,5,-1.00,-1.00,-1.00,-1.00,0.9776,3.3,3.18,13.09,9.37,1.07,-36.08,-2.82,-10.00
8,5,-1.00,-1.00,-1.00,-1.00,0.4187,3.4,2.90,10.09,-50.89,0.91,-24.16,0.70,-10.00
8,5,-1.00,-1.00,-1.00,-1.00,0.1956,3.6,2.71,7.75,-36.06,0.67,22.13,-0.89,-10.00
8,5,-1.00,-1.00,-1.00,-1.00,0.1888,4.0,2.88,12.49,38.64,1.89,-10.67,1.45,-10.00
8,5,-1.00,-1.00,-1.00,-1.00,0.1679,3.7,2.79,10.59,-39.69,0.13,23.71,-2.41,-10.00
9,5,-1.00,-1.00,-1.00,-1.00,0.9815,3.3,3.10,12.72,6.50,0.89,-37.41,-2.67,-10.00
9,5,-1.00,-1.00,-1.00,-1.00,0.1597,3.2,3.06,12.38,37.73,1.51,-16.32,-1.68,-10.00
9,5,-1.00,-1.00,-1.00,-1.00,0.1214,4.0,3.09,11.71,47.04,-0.17,-53.85,-2.10,-10.00
10,5,-1.00,-1.00,-1.00,-1.00,0.9296,3.3,3.25,13.12,4.09,1.18,-38.65,-2.51,-10.00
10,5,-1.00,-1.00,-1.00,-1.00,0.2160,3.5,3.02,12.25,37.65,0.66,-21.87,1.52,-10.00
10,5,334.30,321.67,516.90,515.42,0.2142,3.5,2.97,12.23,-8.52,0.53,29.09,1.35,-10.00
10,5,-1.00,-1.00,-1.00,-1.00,0.1402,3.4,2.99,11.78,-29.75,0.07,31.13,1.26,-10.00
10,5,-1.00,-1.00,-1.00,-1.00,0.1064,3.3,3.06,10.49,-22.50,1.87,18.31,-2.80,-10.00
11,5,-1.00,-1.00,-1.00,-1.00,0.9212,3.2,3.05,12.71,2.03,0.94,-39.89,-2.28,-10.00
11,5,-1.00,-1.00,-1.00,-1.00,0.2673,3.6,2.85,8.12,-31.00,1.27,21.62,-0.84,-10.00
11,5,-1.00,-1.00,-1.00,-1.00,0.2114,3.5,3.00,12.20,37.65,0.23,-27.91,1.54,-10.00
11,5,-1.00,-1.00,-1.00,-1.00,0.1733,3.5,3.25,12.42,-51.75,1.88,-28.99,-2.36,-10.00
11,5,-1.00,-1.00,-1.00,-1.00,0.1643,3.2,2.84,8.72,-35.98,1.20,21.81,0.71,-10.00
11,5,-1.00,-1.00,-1.00,-1.00,0.1540,3.6,2.81,8.69,-34.68,1.18,17.44,-0.81,-10.00
12,5,-1.00,-1.00,-1.00,-1.00,0.9635,3.2,3.10,12.67,0.10,1.19,-40.37,-2.11,-10.00
12,5,-1.00,-1.00,-1.00,-1.00,0.1565,3.6,2.98,12.64,36.09,1.32,-32.78,1.73,-10.00
12,5,1015.76,384.93,1272.60,496.40,0.1289,3.8,2.88,11.91,13.13,0.10,49.77,2.51,-10.00
12,5,-1.00,-1.00,-1.00,-1.00,0.1181,3.5,3.05,12.23,-50.37,0.34,-38.00,-0.83,-10.00
13,5,-1.00,-1.00,-1.00,-1.00,0.7448,3.3,3.10,13.11,-1.92,1.76,-40.98,-1.93,-10.00
13,5,-1.00,-1.00,-1.00,-1.00,0.1258,3.8,2.98,11.79,35.28,1.07,-49.70,-2.56,-10.00
13,5,-1.00,-1.00,-1.00,-1.00,0.1206,3.5,3.17,11.46,-35.11,0.49,13.37,-0.76,-10.00
13,5,-1.00,-1.00,-1.00,-1.00,0.1199,3.4,2.91,9.89,-41.58,0.11,49.43,-0.29,-10.00
13,5,-1.00,-1.00,-1.00,-1.00,0.1060,3.0,2.86,9.57,35.38,1.46,-34.04,1.73,-10.00
14,5,-1.00,-1.00,-1.00,-1.00,0.8947,3.3,3.09,13.36,-4.98,1.62,-40.19,-1.63,-10.00
14,5,-1.00,-1.00,-1.00,-1.00,0.1270,3.1,2.98,11.20,33.57,0.76,-40.62,2.14,-10.00
14,5,-1.00,-1.00,-1.00,-1.00,0.1159,3.0,2.96,11.43,26.98,1.64,-53.42,1.94,-10.00
15,5,-1.00,-1.00,-1.00,-1.00,0.9479,3.5,3.02,12.96,-8.70,1.10,-38.80,-1.46,-10.00
15,5,-1.00,-1.00,-1.00,-1.00,0.1646,3.4,2.95,10.63,44.54,-0.02,50.13,1.29,-10.00
16,5,-1.00,-1.00,-1.00,-1.00,0.9045,3.5,2.95,12.56,-13.34,1.24,-36.51,-1.21,-10.00
17,5,-1.00,-1.00,-1.00,-1.00,0.8994,3.5,3.00,12.47,-17.88,1.05,-32.80,-1.03,-10.00
17,5,0.00,379.00,3.08,614.33,0.1301,3.5,3.18,11.04,-20.32,1.88,21.06,-0.16,-10.00
18,5,-1.00,-1.00,-1.00,-1.00,0.6897,3.6,3.04,12.23,-21.65,1.38,-28.29,-0.90,-10.00
19,5,-1.00,-1.00,-1.00,-1.00,0.9120,3.4,3.05,12.53,-25.13,1.38,-22.84,-0.56,-10.00
19,5,-1.00,-1.00,-1.00,-1.00,0.5853,3.2,3.02,10.76,48.71,0.19,-27.23,1.79,-10.00
19,5,-1.00,-1.00,-1.00,-1.00,0.1654,3.3,2.90,11.10,-28.02,3.18,27.85,0.23,-10.00
19,5,1211.47,405.77,1513.23,507.31,0.1167,3.7,3.00,12.57,22.11,0.63,52.64,-2.03,-10.00
19,5,-1.00,-1.00,-1.00,-1.00,0.1094,3.9,3.04,11.64,-52.73,-0.29,33.74,-2.96,-10.00
20,5,-1.00,-1.00,-1.00,-1.00,0.9520,3.3,3.07,13.17,-26.31,1.57,-17.88,-0.32,-10.00
20,5,0.00,461.13,334.33,637.83,0.2544,3.5,3.11,12.62,-17.19,2.96,29.22,-2.75,-10.00
20,5,-1.00,-1.00,-1.00,-1.00,0.1614,3.5,3.06,12.58,-45.96,-0.28,-53.12,-2.28,-10.00
20,5,-1.00,-1.00,-1.00,-1.00,0.1533,3.4,2.70,9.14,-26.38,0.97,-31.80,2.74,-10.00
20,5,-1.00,-1.00,-1.00,-1.00,0.1436,3.3,3.01,11.06,-33.49,3.37,33.15,-2.78,-10.00
20,5,-1.00,-1.00,-1.00,-1.00,0.1038,3.4,2.92,10.82,-47.27,-0.19,-49.27,-2.30,-10.00
21,5,-1.00,-1.00,-1.00,-1.00,0.9452,3.4,3.07,13.12,-25.05,1.59,-14.64,-0.16,-10.00
21,5,0.00,504.74,43.42,636.75,0.1308,3.3,2.88,10.57,-26.10,3.68,35.71,0.56,-10.00
22,5,-1.00,-1.00,-1.00,-1.00,0.9856,3.4,3.22,13.65,-22.54,1.75,-14.61,-0.06,-10.00
22,5,-1.00,-1.00,-1.00,-1.00,0.2495,3.1,3.27,13.26,-48.24,5.03,36.41,2.28,-10.00
22,5,-1.00,-1.00,-1.00,-1.00,0.1110,3.3,2.87,11.17,50.60,-1.00,-42.54,1.85,-10.00
23,5,-1.00,-1.00,-1.00,-1.00,0.9861,3.5,3.15,13.37,-18.51,1.46,-16.81,-0.10,-10.00
23,5,0.00,531.59,1.46,688.97,0.6130,3.5,3.11,10.68,-25.84,4.59,33.31,0.56,-10.00
23,5,0.00,339.65,21.11,458.19,0.2553,3.7,2.82,11.93,-34.26,-1.48,48.80,-2.42,-10.00
23,5,-1.00,-1.00,-1.00,-1.00,0.1899,3.2,3.11,12.83,-48.24,4.80,34.22,-0.92,-10.00
23,5,-1.00,-1.00,-1.00,-1.00,0.1227,3.6,3.23,12.86,-48.26,4.81,40.40,-2.54,-10.00
23,5,0.00,359.84,51.79,483.18,0.1082,4.2,2.83,12.48,-33.45,-0.46,50.99,-2.25,-10.00
24,5,-1.00,-1.00,-1.00,-1.00,0.9822,3.4,3.25,13.77,-14.23,1.66,-19.70,-0.21,-10.00
24,5,-1.00,-1.00,-1.00,-1.00,0.4272,3.6,3.42,12.23,-30.12,4.85,29.77,0.51,-10.00
24,5,-1.00,-1.00,-1.00,-1.00,0.2689,3.6,3.01,12.52,5.69,0.50,-37.97,-1.72,-10.00
24,5,-1.00,-1.00,-1.00,-1.00,0.1865,3.5,2.90,12.33,3.14,0.98,-38.69,-1.80,-10.00
24,5,-1.00,-1.00,-1.00,-1.00,0.1631,3.9,2.89,12.38,-38.39,-1.00,44.21,-2.71,-10.00
24,5,-1.00,-1.00,-1.00,-1.00,0.1059,3.4,2.84,10.24,50.92,0.95,4.54,1.13,-10.00
25,5,-1.00,-1.00,-1.00,-1.00,0.9789,3.2,3.02,12.50,-7.83,1.55,-22.21,-0.39,-10.00
25,5,-1.00,-1.00,-1.00,-1.00,0.1981,3.7,3.21,12.50,-32.87,4.98,22.78,-2.77,-10.00
25,5,-1.00,-1.00,-1.00,-1.00,0.1356,3.6,3.05,12.16,48.19,0.20,-51.09,1.72,-10.00
26,5,-1.00,-1.00,-1.00,-1.00,0.9458,3.2,3.04,12.37,-1.47,1.68,-23.77,-0.60,-10.00
26,5,-1.00,-1.00,-1.00,-1.00,0.1044,3.2,2.93,11.76,49.01,2.09,-34.98,-1.35,-10.00
27,5,-1.00,-1.00,-1.00,-1.00,0.9329,3.3,3.04,12.66,4.42,1.74,-23.68,-0.93,-10.00
27,5,-1.00,-1.00,-1.00,-1.00,0.1158,3.0,2.90,9.13,49.10,2.68,-51.50,-2.12,-10.00
27,5,-1.00,-1.00,-1.00,-1.00,0.1115,3.3,3.01,10.76,-47.01,4.60,4.53,-0.02,-10.00
28,5,-1.00,-1.00,-1.00,-1.00,0.9695,3.2,2.92,12.54,8.61,2.05,-22.50,-1.21,-10.00
28,5,259.23,395.52,444.77,510.98,0.1572,3.9,3.04,12.88,-18.25,0.73,48.94,-2.22,-10.00
28,5,-1.00,-1.00,-1.00,-1.00,0.1154,3.6,3.05,11.94,47.01,2.55,-50.16,2.68,-10.00
28,5,-1.00,-1.00,-1.00,-1.00,0.1049,3.4,2.92,10.80,41.36,-0.23,1.56,-1.94,-10.00
29,5,-1.00,-1.00,-1.00,-1.00,0.9602,3.1,2.98,12.34,11.13,2.34,-21.19,-1.48,-10.00
29,5,-1.00,-1.00,-1.00,-1.00,0.1879,3.3,3.06,10.88,-42.65,4.25,28.05,0.42,-10.00
29,5,-1.00,-1.00,-1.00,-1.00,0.1510,3.5,2.95,12.00,24.65,-2.14,-49.97,0.29,-10.00
29,5,-1.00,-1.00,-1.00,-1.00,0.1466,3.2,3.08,10.12,-44.49,4.84,22.71,0.39,-10.00
29,5,-1.00,-1.00,-1.00,-1.00,0.1278,3.0,2.53,7.82,0.06,2.07,-32.44,0.50,-10.00
29,5,-1.00,-1.00,-1.00,-1.00,0.1052,3.4,2.97,10.77,53.26,3.22,-43.56,-0.16,-10.00
30,5,-1.00,-1.00,-1.00,-1.00,0.9636,3.2,2.97,12.39,12.04,2.63,-20.40,-1.70,-10.00
30,5,-1.00,-1.00,-1.00,-1.00,0.1122,3.5,2.98,11.51,-35.05,0.96,-27.80,-0.52,-10.00
31,5,-1.00,-1.00,-1.00,-1.00,0.9366,3.2,3.16,12.73,12.14,2.39,-20.54,-1.96,-10.00
32,5,-1.00,-1.00,-1.00,-1.00,0.9281,3.2,3.23,12.59,11.11,2.00,-21.09,-2.13,-10.00
32,5,-1.00,-1.00,-1.00,-1.00,0.1441,3.6,2.88,10.81,-52.12,-1.22,-22.33,2.76,-10.00
32,5,-1.00,-1.00,-1.00,-1.00,0.1244,3.2,2.97,11.77,-39.05,4.38,-31.26,-1.16,-10.00
32,5,-1.00,-1.00,-1.00,-1.00,0.1200,3.3,3.32,11.85,-40.47,4.71,-26.99,0.37,-10.00
33,5,-1.00,-1.00,-1.00,-1.00,0.8643,3.1,3.15,13.01,10.07,2.60,-21.52,-2.30,-10.00
33,5,-1.00,-1.00,-1.00,-1.00,0.1940,3.2,3.00,12.34,-38.94,4.20,-34.33,-1.18,-10.00
33,5,-1.00,-1.00,-1.00,-1.00,0.1085,3.3,3.12,10.22,-41.81,0.26,36.73,-0.02,-10.00
34,5,-1.00,-1.00,-1.00,-1.00,0.8385,3.3,3.33,13.05,8.18,2.67,-22.51,-2.36,-10.00
35,5,-1.00,-1.00,-1.00,-1.00,0.7639,3.2,3.16,12.47,4.74,2.37,-22.62,-2.30,-10.00
35,5,-1.00,-1.00,-1.00,-1.00,0.1129,3.6,3.28,11.08,-52.28,-1.44,-26.03,-0.22,-10.00
36,5,-1.00,-1.00,-1.00,-1.00,0.9634,3.2,3.11,12.50,1.73,2.38,-23.05,-2.23,-10.00
37,5,-1.00,-1.00,-1.00,-1.00,0.9638,3.3,3.12,12.80,-0.94,2.45,-22.81,-2.10,-10.00
37,5,-1.00,-1.00,-1.00,-1.00,0.1757,3.6,3.38,13.15,45.30,0.74,-37.05,-3.03,-10.00
37,5,-1.00,-1.00,-1.00,-1.00,0.1012,3.4,3.28,11.50,-33.31,2.26,14.05,0.30,-10.00
38,5,-1.00,-1.00,-1.00,-1.00,0.9671,3.2,3.10,13.01,-2.71,2.68,-22.03,-1.91,-10.00
38,5,-1.00,-1.00,-1.00,-1.00,0.1462,3.3,2.94,9.40,-4.84,0.65,-36.35,0.75,-10.00
39,5,-1.00,-1.00,-1.00,-1.00,0.9581,3.3,3.12,13.37,-3.94,2.51,-20.68,-1.69,-10.00
39,5,-1.00,-1.00,-1.00,-1.00,0.3497,3.3,3.13,12.55,-39.14,-0.77,48.70,1.40,-10.00
40,5,-1.00,-1.00,-1.00,-1.00,0.9063,3.2,3.07,12.82,-4.31,2.18,-18.21,-1.50,-10.00
40,5,0.00,350.67,53.44,489.87,0.1611,3.9,2.98,12.37,-29.10,-0.17,43.49,1.19,-10.00
40,5,-1.00,-1.00,-1.00,-1.00,0.1173,3.3,2.85,10.46,46.44,-2.41,-47.96,2.95,-10.00
