0,5,1572.97,408.32,1600.00,536.16,0.1310,3.3,2.82,8.65,25.87,1.79,34.71,3.10,-10.00
0,5,-1.00,-1.00,-1.00,-1.00,0.1230,3.3,3.13,11.66,44.86,0.89,-35.43,-2.80,-10.00
0,5,-1.00,-1.00,-1.00,-1.00,0.1091,3.2,2.89,10.64,42.68,1.03,-37.39,-2.84,-10.00
1,5,-1.00,-1.00,-1.00,-1.00,0.2222,2.6,2.12,5.84,-36.93,2.82,30.63,-3.06,-10.00
2,5,-1.00,-1.00,-1.00,-1.00,0.3161,2.6,2.07,5.56,-36.91,2.57,27.90,-3.14,-10.00
4,5,-1.00,-1.00,-1.00,-1.00,0.1701,3.5,3.13,11.65,52.32,-1.46,-46.59,-2.59,-10.00
4,5,-1.00,-1.00,-1.00,-1.00,0.1120,3.8,3.28,13.08,42.75,1.77,24.49,3.08,-10.00
5,5,-1.00,-1.00,-1.00,-1.00,0.1457,3.3,3.09,12.51,-31.50,1.37,32.88,1.28,-10.00
5,5,-1.00,-1.00,-1.00,-1.00,0.1053,2.8,2.51,6.94,-41.60,1.65,12.89,-0.15,-10.00
5,5,-1.00,-1.00,-1.00,-1.00,0.1045,3.4,2.97,10.22,13.59,0.87,-51.41,-1.59,-10.00
6,5,-1.00,-1.00,-1.00,-1.00,0.1683,2.8,2.21,5.95,-43.14,1.52,3.94,2.89,-10.00
6,5,-1.00,-1.00,-1.00,-1.00,0.1047,3.0,2.53,9.79,36.08,0.74,-39.22,-0.79,-10.00
7,5,-1.00,-1.00,-1.00,-1.00,0.1363,3.2,2.72,7.53,46.61,0.81,-27.73,-0.45,-10.00
7,5,-1.00,-1.00,-1.00,-1.00,0.1102,2.9,2.43,6.61,-11.83,1.48,-17.11,-3.13,-10.00
8,5,-1.00,-1.00,-1.00,-1.00,0.1133,3.9,2.89,12.47,-40.50,1.90,52.26,-2.18,-10.00
8,5,-1.00,-1.00,-1.00,-1.00,0.1087,2.9,2.50,6.87,-9.09,1.34,-21.66,3.00,-10.00
9,5,-1.00,-1.00,-1.00,-1.00,0.1187,2.9,2.50,7.65,-3.73,1.33,-25.64,2.83,-10.00
10,5,-1.00,-1.00,-1.00,-1.00,0.2392,3.9,2.80,12.39,-45.16,1.48,50.49,-2.55,-10.00
11,5,-1.00,-1.00,-1.00,-1.00,0.1428,3.2,2.63,9.81,-23.14,0.83,-46.25,-1.41,-10.00
11,5,-1.00,-1.00,-1.00,-1.00,0.1242,2.8,2.61,8.27,40.22,-1.51,-18.96,2.97,-10.00
12,5,-1.00,-1.00,-1.00,-1.00,0.1666,3.2,2.80,8.39,-52.31,2.14,-25.13,0.11,-10.00
12,5,-1.00,-1.00,-1.00,-1.00,0.1161,3.4,2.75,10.67,33.15,0.79,-49.01,-3.05,-10.00
13,5,-1.00,-1.00,-1.00,-1.00,0.1609,3.4,2.88,10.72,45.68,0.20,-49.46,0.04,-10.00
13,5,-1.00,-1.00,-1.00,-1.00,0.1532,3.7,2.95,13.54,-13.76,1.14,-37.50,1.59,-10.00
13,5,-1.00,-1.00,-1.00,-1.00,0.1370,2.9,2.70,7.95,27.50,0.31,-48.48,-2.89,-10.00
13,5,-1.00,-1.00,-1.00,-1.00,0.1370,2.7,2.37,7.44,13.64,0.58,-34.13,2.15,-10.00
14,5,-1.00,-1.00,-1.00,-1.00,0.3035,2.7,2.13,6.37,-48.17,1.56,-35.95,3.08,-10.00
14,5,-1.00,-1.00,-1.00,-1.00,0.2932,2.9,2.40,7.19,14.03,0.66,-37.12,2.05,-10.00
14,5,-1.00,-1.00,-1.00,-1.00,0.1142,3.2,2.69,9.70,12.34,0.66,-50.01,3.14,-10.00
14,5,-1.00,-1.00,-1.00,-1.00,0.1098,3.4,3.03,9.11,52.40,-0.40,-42.15,2.43,-10.00
15,5,-1.00,-1.00,-1.00,-1.00,0.3762,3.4,2.76,9.78,-50.03,2.70,-39.00,0.02,-10.00
15,5,-1.00,-1.00,-1.00,-1.00,0.2751,3.0,2.54,7.83,14.25,0.56,-40.27,2.12,-10.00
16,5,-1.00,-1.00,-1.00,-1.00,0.1311,3.1,2.79,8.07,-47.87,2.51,-42.52,0.05,-10.00
16,5,-1.00,-1.00,-1.00,-1.00,0.1158,3.0,2.58,7.90,14.47,0.37,-43.35,2.11,-10.00
18,5,-1.00,-1.00,-1.00,-1.00,0.1144,3.2,2.88,11.28,29.79,0.28,-16.64,0.14,-10.00
18,5,-1.00,-1.00,-1.00,-1.00,0.1115,3.1,2.65,10.31,14.14,0.11,-52.00,-1.11,-10.00
18,5,0.00,471.37,108.03,555.17,0.1087,3.2,2.75,9.27,-34.40,3.38,50.55,0.04,-10.00
19,5,-1.00,-1.00,-1.00,-1.00,0.1129,3.6,2.71,10.74,32.56,0.31,9.45,3.12,-10.00
21,5,-1.00,-1.00,-1.00,-1.00,0.1415,3.4,3.04,10.99,-0.24,0.31,-53.86,-1.84,-10.00
22,5,-1.00,-1.00,-1.00,-1.00,0.1331,2.9,2.63,8.09,-44.74,3.24,24.26,1.67,-10.00
22,5,-1.00,-1.00,-1.00,-1.00,0.1149,3.0,2.36,6.95,-42.43,3.04,22.43,-3.14,-10.00
23,5,-1.00,-1.00,-1.00,-1.00,0.1171,2.7,2.06,5.56,-46.03,2.45,19.86,3.14,-10.00
23,5,0.00,340.51,171.90,517.13,0.1011,3.4,2.86,12.05,-21.41,1.08,31.87,1.60,-10.00
24,5,-1.00,-1.00,-1.00,-1.00,0.2269,2.6,2.08,5.49,-45.89,2.67,16.79,-3.02,-10.00
24,5,-1.00,-1.00,-1.00,-1.00,0.1031,3.3,2.88,9.91,51.30,1.13,39.09,-0.04,-10.00
25,5,-1.00,-1.00,-1.00,-1.00,0.3521,3.3,3.04,11.63,-39.30,1.34,29.15,0.03,-10.00
26,5,-1.00,-1.00,-1.00,-1.00,0.2244,3.5,3.40,12.99,-35.01,1.45,26.51,0.09,-10.00
26,5,212.92,441.50,434.76,544.33,0.1468,3.6,2.97,12.28,-19.75,2.95,50.56,-1.48,-10.00
27,5,-1.00,-1.00,-1.00,-1.00,0.1835,3.2,2.95,11.20,29.60,0.00,-42.08,0.11,-10.00
27,5,-1.00,-1.00,-1.00,-1.00,0.1643,3.3,3.10,11.79,-30.34,1.55,23.92,0.08,-10.00
27,5,-1.00,-1.00,-1.00,-1.00,0.1254,3.2,3.08,11.80,50.11,-0.86,-23.39,3.13,-10.00
28,5,1264.06,380.96,1409.02,496.83,0.1178,3.3,2.88,8.59,17.59,0.78,42.83,2.15,-10.00
29,5,-1.00,-1.00,-1.00,-1.00,0.1537,2.8,2.60,8.41,33.86,-1.00,-46.11,-3.14,-10.00
29,5,211.93,448.79,465.26,551.69,0.1397,3.3,2.68,8.28,-17.10,2.85,44.60,-0.96,-10.00
31,5,-1.00,-1.00,-1.00,-1.00,0.1372,3.0,2.74,8.08,29.22,0.45,15.14,0.06,-10.00
31,5,-1.00,-1.00,-1.00,-1.00,0.1135,3.1,2.58,8.96,-40.27,1.28,-33.35,-0.05,-10.00
31,5,-1.00,-1.00,-1.00,-1.00,0.1076,3.5,2.96,12.42,-36.42,0.82,-47.98,1.77,-10.00
32,5,-1.00,-1.00,-1.00,-1.00,0.1731,3.1,2.77,10.00,-21.44,0.85,-50.12,-1.45,-10.00
33,5,0.00,415.49,178.04,531.43,0.1320,3.3,2.76,9.09,-23.94,1.97,41.03,1.32,-10.00
34,5,-1.00,-1.00,-1.00,-1.00,0.1594,3.8,3.11,12.69,23.00,0.55,-21.61,-3.06,-10.00
35,5,-1.00,-1.00,-1.00,-1.00,0.1168,3.1,3.07,10.11,-46.36,2.71,12.40,0.02,-10.00
35,5,-1.00,-1.00,-1.00,-1.00,0.1165,3.3,3.11,10.91,45.77,1.16,1.35,3.14,-10.00
36,5,1555.49,386.01,1600.00,528.24,0.1450,3.9,3.11,12.70,30.98,1.79,40.33,0.59,-10.00
37,5,-1.00,-1.00,-1.00,-1.00,0.1554,3.1,2.90,8.90,37.51,1.44,12.55,0.06,-10.00
38,5,1547.17,412.09,1600.00,548.27,0.1372,3.8,2.99,12.05,30.27,2.47,40.21,0.60,-10.00
38,5,-1.00,-1.00,-1.00,-1.00,0.1012,3.1,2.94,8.39,29.67,0.64,9.21,0.04,-10.00
39,5,-1.00,-1.00,-1.00,-1.00,0.2448,2.9,2.51,8.45,-26.70,1.95,10.83,0.02,-10.00
