0,5,-1.00,-1.00,-1.00,-1.00,0.4701,3.5,2.98,11.68,14.02,2.04,-50.05,1.33,-10.00
0,5,1566.96,383.72,1600.00,621.12,0.2732,3.5,2.87,11.69,17.04,2.02,23.99,-0.86,-10.00
2,5,-1.00,-1.00,-1.00,-1.00,0.1487,3.3,2.98,11.83,-2.65,2.19,-54.02,-0.97,-10.00
2,5,-1.00,-1.00,-1.00,-1.00,0.1467,3.8,2.94,12.20,35.62,2.54,0.51,2.78,-10.00
2,5,-1.00,-1.00,-1.00,-1.00,0.1045,3.4,2.83,11.20,-3.49,2.36,-51.44,2.54,-10.00
3,5,-1.00,-1.00,-1.00,-1.00,0.2722,3.1,2.75,8.80,-35.51,-0.55,-28.64,-0.03,-10.00
3,5,422.81,387.10,605.90,503.04,0.1893,3.5,2.86,12.34,-10.42,0.34,45.55,-1.51,-10.00
3,5,-1.00,-1.00,-1.00,-1.00,0.1572,3.3,2.70,11.44,-21.41,1.63,-52.58,1.55,-10.00
3,5,-1.00,-1.00,-1.00,-1.00,0.1450,3.1,2.59,9.15,13.28,2.11,-50.74,1.39,-10.00
4,5,-1.00,-1.00,-1.00,-1.00,0.1480,3.3,2.87,10.16,-33.41,0.01,-30.34,-0.03,-10.00
5,5,-1.00,-1.00,-1.00,-1.00,0.1561,3.1,3.04,10.37,14.90,2.40,-49.35,-0.26,-10.00
5,5,-1.00,-1.00,-1.00,-1.00,0.1286,3.2,2.99,11.90,-28.40,0.13,-45.79,1.58,-10.00
6,5,-1.00,-1.00,-1.00,-1.00,0.1892,3.4,3.08,12.55,-24.87,-1.85,-39.58,-1.59,-10.00
6,5,-1.00,-1.00,-1.00,-1.00,0.1594,3.6,3.13,12.83,-27.61,-0.58,-48.00,1.48,-10.00
6,5,844.39,387.04,962.34,503.80,0.1048,3.3,2.81,8.64,2.64,0.35,41.25,-1.62,-10.00
8,5,-1.00,-1.00,-1.00,-1.00,0.1464,3.3,3.28,13.06,-25.15,-1.46,-40.07,-1.55,-10.00
8,5,-1.00,-1.00,-1.00,-1.00,0.1427,3.7,3.23,12.68,40.98,2.19,-12.72,-0.46,-10.00
9,5,-1.00,-1.00,-1.00,-1.00,0.1572,3.6,2.97,10.91,23.28,2.29,-38.29,1.15,-10.00
10,5,-1.00,-1.00,-1.00,-1.00,0.1257,3.8,2.95,10.03,22.52,2.23,-40.33,-1.96,-10.00
11,5,-1.00,-1.00,-1.00,-1.00,0.4185,4.5,3.10,13.76,35.61,-0.37,-19.26,2.72,-10.00
13,5,-1.00,-1.00,-1.00,-1.00,0.1690,3.4,2.78,8.11,21.58,3.13,-44.84,1.52,-10.00
13,5,-1.00,-1.00,-1.00,-1.00,0.1525,3.7,3.05,12.26,16.95,-0.20,-31.13,2.74,-10.00
14,5,-1.00,-1.00,-1.00,-1.00,0.1498,3.7,3.21,12.22,17.46,-0.23,-33.36,2.77,-10.00
14,5,-1.00,-1.00,-1.00,-1.00,0.1382,3.6,2.83,10.40,22.33,2.80,-51.19,-1.68,-10.00
15,5,-1.00,-1.00,-1.00,-1.00,0.1803,3.9,3.12,12.48,17.54,-0.29,-35.90,2.81,-10.00
15,5,-1.00,-1.00,-1.00,-1.00,0.1705,2.9,2.30,8.19,-6.19,1.82,-31.32,0.08,-10.00
16,5,-1.00,-1.00,-1.00,-1.00,0.1844,2.9,2.34,8.06,-6.32,1.98,-33.83,-0.03,-10.00
17,5,-1.00,-1.00,-1.00,-1.00,0.1018,3.5,3.02,10.12,43.43,1.95,-37.91,-0.42,-10.00
19,5,-1.00,-1.00,-1.00,-1.00,0.1046,3.3,3.02,9.94,53.02,1.89,-46.66,2.56,-10.00
21,5,542.18,427.51,800.00,515.89,0.3160,3.3,2.93,9.69,-5.72,0.93,50.04,0.26,-10.00
21,5,686.61,418.80,804.91,521.36,0.1266,3.7,3.01,10.35,-3.05,1.16,50.89,1.35,-10.00
22,5,535.79,410.36,855.73,508.94,0.9612,3.5,2.94,12.09,-4.70,0.63,48.24,0.38,-10.00
22,5,0.00,387.74,112.70,506.42,0.1242,3.4,3.19,10.74,-27.87,0.43,40.06,0.29,-10.00
23,5,581.44,418.37,937.66,524.89,0.9893,3.5,3.16,12.43,-2.11,1.13,45.30,0.34,-10.00
23,5,-1.00,-1.00,-1.00,-1.00,0.2105,3.4,3.02,12.34,-25.14,-2.55,-47.16,-1.54,-10.00
23,5,374.95,393.35,705.01,500.33,0.1781,3.8,3.15,12.78,-10.75,0.31,48.80,0.37,-10.00
23,5,0.00,402.53,161.56,517.00,0.1766,3.1,2.86,7.91,-23.43,0.72,36.95,0.30,-10.00
23,5,-1.00,-1.00,-1.00,-1.00,0.1623,3.8,2.86,12.04,-34.80,-0.59,44.08,-2.54,-10.00
24,5,642.45,415.02,1025.35,526.08,0.9728,3.4,3.23,12.55,0.51,1.10,42.81,0.34,-10.00
24,5,-1.00,-1.00,-1.00,-1.00,0.2269,3.2,3.19,12.73,-16.09,-0.02,11.10,1.48,-10.00
24,5,0.00,373.46,146.81,503.91,0.1896,3.3,2.76,8.79,-23.03,0.32,35.21,0.39,-10.00
24,5,-1.00,-1.00,-1.00,-1.00,0.1748,3.6,2.95,12.63,16.49,-1.88,-51.57,1.72,-10.00
24,5,-1.00,-1.00,-1.00,-1.00,0.1291,3.2,2.70,10.41,-4.14,2.07,-52.48,-1.46,-10.00
25,5,740.56,420.41,1147.52,538.08,0.8808,3.4,3.03,12.50,3.93,1.38,40.25,0.37,-10.00
25,5,0.00,408.06,47.09,529.97,0.1028,3.1,2.59,7.21,-24.87,1.00,34.50,0.32,-10.00
26,5,783.17,410.45,1222.66,539.34,0.8977,3.5,3.29,12.87,5.57,1.35,38.72,0.37,-10.00
26,5,1292.77,441.56,1397.49,535.43,0.2888,3.2,2.81,10.38,20.11,1.60,48.68,-1.26,-10.00
26,5,0.00,396.68,61.75,521.88,0.2129,3.0,2.77,7.58,-23.86,0.76,33.21,0.35,-10.00
26,5,-1.00,-1.00,-1.00,-1.00,0.1166,3.6,3.06,12.71,-27.44,-1.99,-52.70,-1.58,-10.00
27,5,948.38,403.57,1442.44,542.48,0.8480,3.5,3.27,12.94,10.48,1.33,36.07,0.37,-10.00
27,5,-1.00,-1.00,-1.00,-1.00,0.1242,3.5,2.91,12.33,-10.89,1.73,-44.58,-1.51,-10.00
27,5,-1.00,-1.00,-1.00,-1.00,0.1133,3.3,2.77,9.50,-32.43,0.12,37.66,-2.92,-10.00
28,5,1023.46,396.45,1564.95,542.49,0.9346,3.6,3.31,13.19,12.53,1.27,34.55,0.33,-10.00
28,5,0.00,398.91,32.26,526.18,0.1963,2.9,2.64,7.47,-23.69,0.83,31.74,0.32,-10.00
28,5,-1.00,-1.00,-1.00,-1.00,0.1217,3.4,3.30,12.85,-29.12,0.52,-32.63,1.63,-10.00
29,5,1288.16,424.59,1600.00,576.59,0.9537,3.4,3.10,12.07,18.41,1.95,32.09,0.35,-10.00
29,5,-1.00,-1.00,-1.00,-1.00,0.1992,3.1,2.49,9.42,-3.94,2.25,-44.22,-1.43,-10.00
29,5,0.00,402.48,10.03,529.34,0.1798,2.9,2.60,7.10,-23.86,0.89,31.35,0.31,-10.00
29,5,-1.00,-1.00,-1.00,-1.00,0.1188,3.5,2.83,11.40,16.54,-1.63,-52.25,-1.49,-10.00
29,5,-1.00,-1.00,-1.00,-1.00,0.1059,3.5,2.84,12.12,-21.99,1.95,-48.81,-1.45,-10.00
30,5,1474.77,437.14,1600.00,594.67,0.9712,3.4,3.15,11.58,22.60,2.24,30.53,0.32,-10.00
30,5,1389.59,377.99,1600.00,517.43,0.4664,4.7,3.36,15.33,30.31,0.93,48.05,-2.62,-10.00
30,5,-1.00,-1.00,-1.00,-1.00,0.2267,3.2,2.65,11.77,-3.36,2.00,-43.67,-1.38,-10.00
30,5,-1.00,-1.00,-1.00,-1.00,0.1154,3.6,2.80,12.78,-4.88,1.94,-40.27,-1.52,-10.00
30,5,-1.00,-1.00,-1.00,-1.00,0.1012,3.5,3.02,11.75,29.87,1.94,27.84,-2.87,-10.00
31,5,-1.00,-1.00,-1.00,-1.00,0.9260,3.5,3.26,13.17,25.84,1.89,28.79,0.32,-10.00
31,5,-1.00,-1.00,-1.00,-1.00,0.2762,3.7,2.88,12.95,-5.57,2.10,-38.90,1.56,-10.00
31,5,-1.00,-1.00,-1.00,-1.00,0.1990,3.8,3.05,12.07,46.59,1.07,34.45,0.18,-10.00
31,5,-1.00,-1.00,-1.00,-1.00,0.1424,3.1,2.56,7.27,-24.23,0.94,30.92,0.34,-10.00
32,5,-1.00,-1.00,-1.00,-1.00,0.9282,3.4,3.15,12.05,29.85,2.15,27.11,0.26,-10.00
32,5,1296.35,394.07,1600.00,501.34,0.2645,3.8,3.45,13.63,26.27,0.36,49.58,-2.64,-10.00
32,5,-1.00,-1.00,-1.00,-1.00,0.2180,2.9,2.57,6.87,-24.32,0.78,30.41,0.32,-10.00
32,5,1537.69,411.96,1600.00,522.30,0.1674,3.2,2.75,8.69,27.32,0.90,38.75,0.21,-10.00
32,5,-1.00,-1.00,-1.00,-1.00,0.1187,3.5,2.91,12.41,-10.85,1.90,-47.09,-1.52,-10.00
32,5,-1.00,-1.00,-1.00,-1.00,0.1043,3.5,2.88,12.04,-27.49,-0.71,-52.90,-1.59,-10.00
32,5,-1.00,-1.00,-1.00,-1.00,0.1039,3.7,2.98,11.74,-41.67,-0.10,39.53,-2.79,-10.00
33,5,-1.00,-1.00,-1.00,-1.00,0.9692,3.5,3.19,12.69,34.36,2.16,25.34,0.26,-10.00
33,5,0.00,427.28,200.55,534.75,0.2404,3.4,3.10,11.50,-27.02,1.40,43.40,0.28,-10.00
33,5,180.75,440.24,339.27,541.81,0.1127,3.7,3.07,12.66,-22.70,1.95,52.62,-1.75,-10.00
33,5,1351.46,432.56,1459.63,542.98,0.1090,3.4,2.78,9.53,20.13,1.67,43.72,-1.20,-10.00
33,5,60.51,443.58,409.73,540.59,0.1090,3.7,3.14,12.56,-22.93,1.87,50.35,-3.08,-10.00
34,5,-1.00,-1.00,-1.00,-1.00,0.9903,3.5,3.28,12.84,38.46,2.28,23.68,0.24,-10.00
34,5,1291.32,379.25,1600.00,514.91,0.4157,4.6,3.44,15.27,26.59,0.85,48.60,-2.58,-10.00
35,5,-1.00,-1.00,-1.00,-1.00,0.9862,3.4,3.12,11.77,42.07,1.92,22.32,0.21,-10.00
35,5,-1.00,-1.00,-1.00,-1.00,0.1419,3.5,3.20,13.70,-26.11,-0.28,-47.18,-1.57,-10.00
35,5,1480.59,384.17,1600.00,514.91,0.1346,3.5,3.08,12.18,26.69,0.65,37.35,0.24,-10.00
35,5,-1.00,-1.00,-1.00,-1.00,0.1277,3.3,2.95,9.05,37.69,0.54,41.93,-2.91,-10.00
35,5,-1.00,-1.00,-1.00,-1.00,0.1270,4.3,2.97,12.92,-50.40,-0.09,41.85,0.69,-10.00
36,5,-1.00,-1.00,-1.00,-1.00,0.9418,3.4,3.13,12.10,46.37,2.39,21.07,0.17,-10.00
36,5,1330.27,448.18,1600.00,565.41,0.2155,3.3,3.07,9.71,21.15,2.13,39.06,0.35,-10.00
36,5,-1.00,-1.00,-1.00,-1.00,0.1015,3.4,3.21,12.13,-38.18,1.33,48.69,0.20,-10.00
37,5,-1.00,-1.00,-1.00,-1.00,0.8190,3.5,3.26,11.69,50.06,2.83,19.52,0.21,-10.00
37,5,1373.84,374.84,1600.00,519.84,0.2609,4.6,3.42,15.14,28.55,0.96,45.66,-2.59,-10.00
37,5,-1.00,-1.00,-1.00,-1.00,0.1622,3.3,2.93,11.53,15.53,1.72,-29.55,-1.65,-10.00
37,5,1323.83,462.00,1600.00,584.45,0.1119,3.4,3.03,10.21,20.98,2.62,38.25,-2.88,-10.00
38,5,-1.00,-1.00,-1.00,-1.00,0.1969,3.7,3.31,10.99,52.33,1.51,19.96,0.04,-10.00
38,5,-1.00,-1.00,-1.00,-1.00,0.1807,3.0,2.37,8.76,7.24,2.15,-40.31,-1.62,-10.00
38,5,-1.00,-1.00,-1.00,-1.00,0.1582,3.6,2.98,12.67,15.81,1.58,-32.97,-1.50,-10.00
38,5,457.26,402.45,786.34,506.07,0.1323,3.5,3.17,11.98,-7.29,0.50,47.11,0.34,-10.00
38,5,0.00,429.10,102.89,532.87,0.1124,3.8,3.24,13.06,-34.92,1.55,50.05,-2.89,-10.00
39,5,1450.52,372.84,1600.00,524.21,0.2771,4.6,3.52,15.52,30.44,1.04,43.33,-2.65,-10.00
39,5,-1.00,-1.00,-1.00,-1.00,0.1536,3.3,3.14,13.00,-29.54,0.34,-43.55,-1.61,-10.00
39,5,-1.00,-1.00,-1.00,-1.00,0.1216,3.5,3.13,9.28,51.02,2.43,19.84,0.09,-10.00
39,5,1468.58,454.55,1600.00,599.34,0.1126,3.7,3.11,12.97,26.06,2.81,36.01,-2.87,-10.00
