0,3,155.96,523.42,249.81,573.34,0.2377,1.0,0.60,1.64,-12.97,2.13,26.07,-3.13,-10.00
0,3,-1.00,-1.00,-1.00,-1.00,0.1427,1.1,0.51,1.48,-14.57,1.97,1.11,1.66,-10.00
0,3,-1.00,-1.00,-1.00,-1.00,0.1414,1.4,0.69,1.11,-14.75,1.53,-11.58,1.41,-10.00
0,3,986.83,492.37,1033.13,582.68,0.1199,1.6,0.69,1.58,3.27,1.99,22.43,-1.49,-10.00
0,3,-1.00,-1.00,-1.00,-1.00,0.1099,1.4,0.72,1.02,-14.74,1.49,-10.87,-1.77,-10.00
1,3,-1.00,-1.00,-1.00,-1.00,0.1543,1.1,0.45,1.63,12.54,0.55,-0.73,-1.52,-10.00
1,3,1124.29,520.65,1166.84,560.25,0.1342,0.99,0.48,1.53,8.17,2.30,32.14,1.42,-10.00
1,3,-1.00,-1.00,-1.00,-1.00,0.1230,1.1,0.59,1.56,10.37,0.33,-22.32,1.65,-10.00
1,3,-1.00,-1.00,-1.00,-1.00,0.1086,0.94,0.30,1.25,-17.57,3.62,20.17,-1.53,-10.00
2,3,508.75,523.08,536.84,551.86,0.1484,1.1,0.55,1.61,-12.03,3.23,49.66,-1.46,-10.00
2,3,-1.00,-1.00,-1.00,-1.00,0.1243,1.1,0.47,1.62,12.50,0.46,-10.58,-1.75,-10.00
2,3,-1.00,-1.00,-1.00,-1.00,0.1228,1.1,0.56,1.54,-21.22,0.92,0.15,-3.11,-10.00
3,3,-1.00,-1.00,-1.00,-1.00,0.1271,1.0,0.44,1.70,-16.02,2.07,-17.54,1.70,-10.00
3,3,-1.00,-1.00,-1.00,-1.00,0.1162,1.0,0.40,1.64,-16.27,1.90,-17.34,1.83,-10.00
3,3,-1.00,-1.00,-1.00,-1.00,0.1111,1.1,0.65,1.77,-21.50,1.53,-9.21,-3.07,-10.00
3,3,-1.00,-1.00,-1.00,-1.00,0.1017,1.1,0.50,1.61,-21.72,0.69,-1.04,-1.51,-10.00
4,3,-1.00,-1.00,-1.00,-1.00,0.2575,1.1,0.54,1.66,12.47,0.11,-12.91,1.70,-10.00
4,3,-1.00,-1.00,-1.00,-1.00,0.2061,1.1,0.47,1.66,12.53,0.34,-3.46,-1.56,-10.00
4,3,721.71,525.50,766.02,576.65,0.1560,1.1,0.54,1.59,-1.80,2.31,27.45,-1.35,-10.00
4,3,-1.00,-1.00,-1.00,-1.00,0.1545,1.1,0.52,1.64,11.67,0.58,-13.43,1.65,-10.00
4,3,-1.00,-1.00,-1.00,-1.00,0.1297,1.0,0.49,1.48,6.12,0.31,-43.58,1.25,-10.00
4,3,-1.00,-1.00,-1.00,-1.00,0.1238,1.1,0.47,1.39,-14.58,2.06,2.76,1.69,-10.00
4,3,359.38,477.64,415.53,525.82,0.1153,1.5,0.71,1.77,-14.13,1.79,40.36,-1.20,-10.00
4,3,951.27,492.11,979.83,542.35,0.1017,1.8,0.83,2.25,5.13,2.67,46.39,1.59,-10.00
5,3,-1.00,-1.00,-1.00,-1.00,0.2671,1.1,0.50,1.62,12.37,0.50,-13.71,1.59,-10.00
5,3,712.12,508.52,784.81,556.71,0.2029,1.1,0.62,1.64,-1.87,2.05,29.88,2.89,-10.00
5,3,-1.00,-1.00,-1.00,-1.00,0.1254,1.1,0.70,1.69,-2.92,1.16,-26.26,3.08,-10.00
5,3,-1.00,-1.00,-1.00,-1.00,0.1238,1.2,0.44,1.37,-17.23,1.20,-26.52,1.61,-10.00
5,3,-1.00,-1.00,-1.00,-1.00,0.1230,1.0,0.45,1.40,-14.59,2.21,4.41,1.40,-10.00
5,3,-1.00,-1.00,-1.00,-1.00,0.1025,1.1,0.47,1.60,-16.34,1.97,-19.31,1.97,-10.00
6,3,-1.00,-1.00,-1.00,-1.00,0.1411,1.3,0.51,1.57,-17.26,1.26,-27.47,1.81,-10.00
6,3,-1.00,-1.00,-1.00,-1.00,0.1317,1.4,0.65,1.69,7.00,-0.75,-47.47,-3.06,-10.00
7,3,-1.00,-1.00,-1.00,-1.00,0.1330,1.1,0.52,1.59,-3.63,1.17,-31.07,-1.54,-10.00
7,3,1547.43,494.13,1600.00,570.84,0.1326,1.0,0.48,1.59,10.89,1.40,17.67,1.56,-10.00
7,3,726.96,524.45,774.55,581.48,0.1307,1.1,0.61,1.64,-1.54,2.25,25.69,-1.40,-10.00
7,3,-1.00,-1.00,-1.00,-1.00,0.1206,1.1,0.54,1.53,9.43,0.35,-33.15,1.57,-10.00
7,3,-1.00,-1.00,-1.00,-1.00,0.1129,1.1,0.51,1.36,-14.70,2.02,0.44,-1.54,-10.00
7,3,-1.00,-1.00,-1.00,-1.00,0.1118,1.1,0.48,1.62,13.04,1.51,8.14,-1.42,-10.00
7,3,-1.00,-1.00,-1.00,-1.00,0.1101,1.1,0.48,1.55,-13.17,1.93,18.29,1.49,-10.00
8,3,-1.00,-1.00,-1.00,-1.00,0.2276,1.2,0.63,1.68,9.46,0.50,-33.62,1.54,-10.00
8,3,709.36,523.98,751.53,577.70,0.2057,1.0,0.55,1.69,-1.87,2.08,24.59,1.66,-10.00
8,3,-1.00,-1.00,-1.00,-1.00,0.1749,1.2,0.61,1.68,15.72,0.92,-7.90,-1.14,-10.00
8,3,-1.00,-1.00,-1.00,-1.00,0.1387,1.1,0.49,1.36,-14.67,1.99,-0.40,-1.57,-10.00
8,3,-1.00,-1.00,-1.00,-1.00,0.1200,1.1,0.50,1.61,12.23,0.60,0.43,-1.50,-10.00
9,3,-1.00,-1.00,-1.00,-1.00,0.1673,1.2,0.59,1.60,9.44,0.47,-34.39,1.67,-10.00
9,3,-1.00,-1.00,-1.00,-1.00,0.1446,0.95,0.46,1.50,7.94,1.05,-27.92,1.70,-10.00
9,3,-1.00,-1.00,-1.00,-1.00,0.1314,1.1,0.56,1.57,-15.91,-0.83,-39.60,-3.06,-10.00
9,3,-1.00,-1.00,-1.00,-1.00,0.1056,1.8,0.72,1.87,19.85,1.06,13.32,2.70,-10.00
9,3,1357.20,448.60,1534.89,596.35,0.1012,1.7,0.63,1.75,7.38,1.48,14.97,3.14,-10.00
10,3,-1.00,-1.00,-1.00,-1.00,0.1578,1.0,0.59,1.64,9.45,0.59,-34.87,1.54,-10.00
10,3,-1.00,-1.00,-1.00,-1.00,0.1567,1.1,0.52,1.51,-15.90,-0.87,-40.37,-0.03,-10.00
10,3,-1.00,-1.00,-1.00,-1.00,0.1378,1.1,0.54,1.62,12.41,0.30,-17.14,1.46,-10.00
10,3,-1.00,-1.00,-1.00,-1.00,0.1339,1.3,0.52,1.60,8.91,0.86,-7.09,1.46,-10.00
10,3,1364.42,533.84,1464.21,610.92,0.1305,1.1,0.54,1.59,8.46,1.98,18.10,1.47,-10.00
10,3,-1.00,-1.00,-1.00,-1.00,0.1096,1.5,0.76,1.98,19.45,0.80,12.82,3.12,-10.00
11,3,565.87,527.99,601.67,570.48,0.4440,1.1,0.62,1.67,-6.48,2.66,33.52,-1.56,-10.00
11,3,-1.00,-1.00,-1.00,-1.00,0.2911,1.1,0.54,1.61,-27.30,1.46,0.86,1.30,-10.00
11,3,-1.00,-1.00,-1.00,-1.00,0.1843,1.1,0.59,1.57,9.54,0.50,-35.57,1.72,-10.00
11,3,-1.00,-1.00,-1.00,-1.00,0.1338,1.1,0.50,1.55,12.70,1.47,5.92,1.55,-10.00
11,3,-1.00,-1.00,-1.00,-1.00,0.1161,1.2,0.51,1.53,8.24,1.26,3.68,2.05,-10.00
12,3,-1.00,-1.00,-1.00,-1.00,0.2280,1.2,0.44,1.58,12.74,1.69,5.22,2.07,-10.00
12,3,-1.00,-1.00,-1.00,-1.00,0.1946,1.2,0.62,1.59,9.88,0.52,-36.01,1.63,-10.00
12,3,-1.00,-1.00,-1.00,-1.00,0.1214,1.3,0.54,1.54,-7.42,1.73,-37.43,-1.53,-10.00
12,3,-1.00,-1.00,-1.00,-1.00,0.1205,1.2,0.60,1.51,-27.29,1.56,0.05,1.40,-10.00
12,3,-1.00,-1.00,-1.00,-1.00,0.1042,1.2,0.54,1.65,-15.42,-0.88,-41.97,2.77,-10.00
13,3,-1.00,-1.00,-1.00,-1.00,0.3061,1.7,0.75,1.88,16.84,1.03,12.08,-2.91,-10.00
13,3,-1.00,-1.00,-1.00,-1.00,0.1663,1.1,0.57,1.50,10.18,0.62,-37.05,1.64,-10.00
13,3,463.39,520.54,513.93,555.18,0.1277,1.3,0.66,1.69,-12.60,3.16,46.72,2.58,-10.00
13,3,-1.00,-1.00,-1.00,-1.00,0.1188,1.1,0.57,1.59,-27.31,1.39,-0.72,-3.02,-10.00
13,3,-1.00,-1.00,-1.00,-1.00,0.1140,1.0,0.38,1.11,-14.70,2.01,-3.67,-1.63,-10.00
13,3,-1.00,-1.00,-1.00,-1.00,0.1130,1.2,0.56,1.71,8.02,-1.37,-51.30,1.37,-10.00
13,3,-1.00,-1.00,-1.00,-1.00,0.1054,1.2,0.53,1.53,-25.53,0.10,-19.68,1.68,-10.00
14,3,1191.42,517.69,1257.48,573.43,0.2345,1.0,0.48,1.68,7.76,2.00,24.51,1.40,-10.00
14,3,-1.00,-1.00,-1.00,-1.00,0.1702,1.1,0.44,1.59,7.86,1.28,2.01,1.62,-10.00
14,3,25.95,512.36,88.18,553.97,0.1421,1.1,0.58,1.72,-21.06,2.29,34.32,-1.54,-10.00
14,3,-1.00,-1.00,-1.00,-1.00,0.1198,1.1,0.60,1.60,-15.41,1.76,-4.05,-0.21,-10.00
14,3,-1.00,-1.00,-1.00,-1.00,0.1113,1.0,0.65,1.45,9.84,0.60,-37.15,1.62,-10.00
15,3,-1.00,-1.00,-1.00,-1.00,0.1306,1.0,0.47,1.46,12.65,1.72,1.60,-1.71,-10.00
15,3,-1.00,-1.00,-1.00,-1.00,0.1210,1.1,0.57,1.61,-15.43,1.86,-4.06,-0.09,-10.00
15,3,-1.00,-1.00,-1.00,-1.00,0.1205,1.1,0.47,1.55,7.81,1.23,1.77,1.43,-10.00
15,3,-1.00,-1.00,-1.00,-1.00,0.1079,1.0,0.49,1.68,15.73,-0.19,-7.45,1.98,-10.00
16,3,-1.00,-1.00,-1.00,-1.00,0.2256,1.1,0.57,1.73,15.78,-0.15,-7.39,2.09,-10.00
16,3,-1.00,-1.00,-1.00,-1.00,0.1766,1.1,0.66,1.55,-20.47,1.92,27.22,3.03,-10.00
16,3,1169.50,507.88,1214.76,559.15,0.1067,1.0,0.52,1.64,7.73,1.87,26.53,-1.53,-10.00
16,3,-1.00,-1.00,-1.00,-1.00,0.1024,1.2,0.60,1.82,22.16,-0.08,-5.88,1.57,-10.00
16,3,-1.00,-1.00,-1.00,-1.00,0.1003,1.6,0.69,1.62,24.64,0.99,11.58,0.06,-10.00
17,3,549.99,529.53,587.11,572.61,0.3049,1.1,0.60,1.53,-6.88,2.72,33.47,-1.52,-10.00
17,3,-1.00,-1.00,-1.00,-1.00,0.2829,1.0,0.45,1.50,7.82,1.21,1.71,-1.68,-10.00
18,3,-1.00,-1.00,-1.00,-1.00,0.2389,1.0,0.47,1.53,7.83,1.20,1.75,1.47,-10.00
18,3,1166.59,510.32,1216.22,563.49,0.1495,1.1,0.50,1.62,7.72,1.96,26.58,1.53,-10.00
18,3,-1.00,-1.00,-1.00,-1.00,0.1150,1.1,0.59,1.62,-15.41,1.85,-4.06,-0.08,-10.00
18,3,-1.00,-1.00,-1.00,-1.00,0.1124,1.2,0.53,1.64,6.70,0.92,-22.66,-1.48,-10.00
18,3,-1.00,-1.00,-1.00,-1.00,0.1083,1.1,0.46,1.57,12.87,-0.70,-42.69,-1.91,-10.00
18,3,1307.21,552.94,1402.59,639.07,0.1041,1.2,0.58,1.55,7.95,2.49,18.93,-1.71,-10.00
18,3,1576.19,447.87,1600.00,503.87,0.1004,1.7,0.68,1.72,24.64,1.05,39.83,-1.45,-10.00
19,3,-1.00,-1.00,-1.00,-1.00,0.5708,1.0,0.43,1.46,7.82,1.19,1.69,-1.81,-10.00
19,3,-1.00,-1.00,-1.00,-1.00,0.2687,1.1,0.47,1.63,12.85,1.69,18.42,1.60,-10.00
19,3,1162.48,509.49,1216.24,561.56,0.2175,1.1,0.45,1.72,7.75,1.94,26.84,1.45,-10.00
19,3,-1.00,-1.00,-1.00,-1.00,0.1496,1.1,0.57,1.58,-20.36,2.03,27.20,3.07,-10.00
19,3,-1.00,-1.00,-1.00,-1.00,0.1205,1.7,0.70,1.57,26.53,0.81,11.51,0.00,-10.00
19,3,-1.00,-1.00,-1.00,-1.00,0.1127,1.1,0.40,1.49,-16.07,2.22,-19.32,1.56,-10.00
19,3,-1.00,-1.00,-1.00,-1.00,0.1051,1.1,0.49,1.57,12.46,0.09,-14.97,-1.62,-10.00
19,3,-1.00,-1.00,-1.00,-1.00,0.1026,1.1,0.56,1.56,13.11,1.66,18.11,2.97,-10.00
20,3,-1.00,-1.00,-1.00,-1.00,0.2563,1.5,0.70,1.62,27.49,0.77,11.20,-0.15,-10.00
20,3,1173.88,503.01,1222.19,556.04,0.1637,1.1,0.52,1.66,7.77,1.79,26.25,1.59,-10.00
20,3,-1.00,-1.00,-1.00,-1.00,0.1633,1.2,0.51,1.50,-17.87,0.68,-16.06,-0.22,-10.00
20,3,-1.00,-1.00,-1.00,-1.00,0.1588,1.1,0.53,1.59,-15.30,1.76,-4.48,-0.09,-10.00
20,3,-1.00,-1.00,-1.00,-1.00,0.1338,1.1,0.66,1.56,-20.44,1.91,26.84,-0.07,-10.00
20,3,-1.00,-1.00,-1.00,-1.00,0.1285,1.1,0.52,1.54,1.36,1.15,-13.51,1.52,-10.00
20,3,-1.00,-1.00,-1.00,-1.00,0.1274,0.98,0.47,1.52,7.84,1.10,1.29,-1.80,-10.00
20,3,-1.00,-1.00,-1.00,-1.00,0.1227,0.92,0.27,1.00,-22.84,1.25,-18.85,1.56,-10.00
21,3,662.97,513.02,705.68,576.90,0.1789,1.0,0.50,1.58,-2.38,1.77,21.08,1.60,-10.00
21,3,-1.00,-1.00,-1.00,-1.00,0.1768,1.3,0.55,1.46,-13.15,1.42,-47.35,-1.65,-10.00
21,3,1322.23,513.32,1391.19,573.73,0.1571,1.0,0.53,1.56,9.35,1.81,22.16,1.57,-10.00
21,3,-1.00,-1.00,-1.00,-1.00,0.1266,1.1,0.54,1.55,-17.89,0.51,-16.09,-0.29,-10.00
21,3,-1.00,-1.00,-1.00,-1.00,0.1129,1.3,0.56,1.33,-13.50,1.32,-41.32,-1.61,-10.00
21,3,-1.00,-1.00,-1.00,-1.00,0.1072,1.2,0.59,1.76,-15.38,-0.94,-43.21,3.01,-10.00
21,3,-1.00,-1.00,-1.00,-1.00,0.1046,0.97,0.57,1.55,9.89,0.56,-37.76,1.86,-10.00
21,3,-1.00,-1.00,-1.00,-1.00,0.1002,0.98,0.53,1.55,7.87,1.20,1.11,-1.77,-10.00
22,3,-1.00,-1.00,-1.00,-1.00,0.2536,1.1,0.67,1.52,-20.44,1.86,26.85,3.02,-10.00
22,3,-1.00,-1.00,-1.00,-1.00,0.1468,1.0,0.51,1.72,15.70,-0.25,-7.81,-1.25,-10.00
22,3,591.38,504.26,615.66,550.05,0.1193,1.8,0.66,1.72,-8.83,3.16,49.65,1.57,-10.00
22,3,-1.00,-1.00,-1.00,-1.00,0.1176,1.1,0.52,1.54,12.83,1.54,18.05,1.52,-10.00
22,3,-1.00,-1.00,-1.00,-1.00,0.1163,1.1,0.48,1.67,6.68,0.85,-23.16,-1.46,-10.00
23,3,326.33,521.09,374.44,552.61,0.1515,1.1,0.64,1.56,-17.29,2.99,45.52,-0.25,-10.00
23,3,-1.00,-1.00,-1.00,-1.00,0.1451,1.1,0.58,1.59,-17.82,0.72,-16.07,-0.48,-10.00
23,3,-1.00,-1.00,-1.00,-1.00,0.1387,1.1,0.40,1.26,-14.71,1.82,-4.32,-1.53,-10.00
23,3,-1.00,-1.00,-1.00,-1.00,0.1250,1.0,0.50,1.76,15.72,-0.22,-7.81,-1.25,-10.00
23,3,888.41,511.36,908.04,545.81,0.1232,1.0,0.54,1.63,2.24,2.35,39.03,-1.48,-10.00
23,3,-1.00,-1.00,-1.00,-1.00,0.1138,1.1,0.50,1.63,12.81,1.41,17.37,1.68,-10.00
24,3,-1.00,-1.00,-1.00,-1.00,0.1643,1.1,0.49,1.72,12.81,1.46,18.13,-1.69,-10.00
24,3,1577.23,500.48,1600.00,574.28,0.1267,1.1,0.56,1.62,12.40,1.57,19.20,1.38,-10.00
24,3,-1.00,-1.00,-1.00,-1.00,0.1186,1.1,0.41,1.19,-14.72,1.89,-4.38,-1.65,-10.00
24,3,308.81,510.77,360.37,549.98,0.1128,1.4,0.75,1.57,-17.90,2.90,45.60,3.10,-10.00
25,3,-1.00,-1.00,-1.00,-1.00,0.2579,0.89,0.44,1.26,-20.00,1.48,16.44,-3.06,-10.00
25,3,-1.00,-1.00,-1.00,-1.00,0.1226,0.96,0.30,0.99,-22.88,1.24,-18.77,1.58,-10.00
25,3,-1.00,-1.00,-1.00,-1.00,0.1107,0.96,0.51,1.36,-19.95,1.52,16.14,3.06,-10.00
25,3,-1.00,-1.00,-1.00,-1.00,0.1078,1.0,0.41,1.23,-14.68,1.77,-4.40,-1.54,-10.00
25,3,-1.00,-1.00,-1.00,-1.00,0.1022,1.2,0.50,1.80,-20.11,1.09,-27.70,1.54,-10.00
26,3,539.35,529.50,581.13,574.35,0.2069,1.1,0.62,1.62,-6.95,2.70,32.77,-1.49,-10.00
26,3,889.43,510.86,907.43,545.25,0.1392,1.0,0.54,1.64,2.23,2.34,39.06,-1.52,-10.00
26,3,-1.00,-1.00,-1.00,-1.00,0.1115,1.2,0.56,1.50,12.75,-0.67,-20.38,-1.88,-10.00
26,3,-1.00,-1.00,-1.00,-1.00,0.1069,1.2,0.49,1.81,-16.53,1.10,-28.24,1.45,-10.00
26,3,-1.00,-1.00,-1.00,-1.00,0.1002,1.1,0.41,1.21,-14.65,1.89,-4.40,-1.64,-10.00
27,3,551.43,534.41,593.63,580.47,0.1410,1.2,0.59,1.60,-6.61,2.85,32.67,1.70,-10.00
27,3,541.52,533.60,582.00,576.15,0.1301,1.1,0.58,1.57,-6.96,2.77,33.00,-1.47,-10.00
27,3,-1.00,-1.00,-1.00,-1.00,0.1183,1.1,0.61,1.77,-21.01,1.51,26.80,-1.50,-10.00
27,3,-1.00,-1.00,-1.00,-1.00,0.1171,1.0,0.57,1.47,7.87,1.18,1.11,-1.86,-10.00
27,3,-1.00,-1.00,-1.00,-1.00,0.1156,1.2,0.62,1.68,-17.72,0.84,-16.39,-0.69,-10.00
28,3,889.22,517.33,908.25,549.61,0.1617,0.98,0.56,1.66,2.24,2.47,39.02,-1.52,-10.00
28,3,-1.00,-1.00,-1.00,-1.00,0.1303,1.1,0.44,1.33,-14.69,1.88,-4.39,-1.62,-10.00
28,3,309.59,504.33,362.43,544.55,0.1022,1.4,0.78,1.64,-17.85,2.70,45.60,3.00,-10.00
28,3,-1.00,-1.00,-1.00,-1.00,0.1013,1.1,0.58,1.57,-17.84,0.77,-16.05,-0.50,-10.00
29,3,-1.00,-1.00,-1.00,-1.00,0.1825,1.2,0.58,1.64,-17.77,0.67,-16.08,-0.51,-10.00
29,3,872.10,497.30,971.93,565.13,0.1463,1.1,0.62,1.69,1.65,1.64,21.79,0.04,-10.00
29,3,549.32,532.77,588.41,587.96,0.1382,1.4,0.60,1.59,-6.64,3.01,32.33,1.63,-10.00
29,3,-1.00,-1.00,-1.00,-1.00,0.1302,1.2,0.61,1.77,-21.02,1.62,26.76,-1.49,-10.00
29,3,-1.00,-1.00,-1.00,-1.00,0.1174,1.1,0.54,1.71,12.82,1.51,18.04,1.53,-10.00
29,3,-1.00,-1.00,-1.00,-1.00,0.1083,1.1,0.66,1.55,9.84,0.58,-37.52,1.61,-10.00
30,3,-1.00,-1.00,-1.00,-1.00,0.1078,1.1,0.57,1.69,12.82,1.51,18.10,1.47,-10.00
30,3,-1.00,-1.00,-1.00,-1.00,0.1025,1.1,0.42,1.30,-14.70,1.83,-4.85,-1.62,-10.00
31,3,-1.00,-1.00,-1.00,-1.00,0.2641,1.1,0.55,1.59,-17.91,0.70,-16.07,-0.31,-10.00
31,3,-1.00,-1.00,-1.00,-1.00,0.1458,1.1,0.58,1.69,12.83,1.54,18.09,1.52,-10.00
31,3,-1.00,-1.00,-1.00,-1.00,0.1407,1.1,0.45,1.73,-12.25,1.77,-36.48,1.31,-10.00
31,3,-1.00,-1.00,-1.00,-1.00,0.1173,1.1,0.66,1.59,-33.58,2.31,28.16,2.94,-10.00
31,3,-1.00,-1.00,-1.00,-1.00,0.1146,1.1,0.43,1.24,-14.65,1.88,-4.38,-1.62,-10.00
31,3,541.51,528.84,581.69,570.51,0.1084,1.1,0.58,1.62,-6.97,2.62,33.00,-1.48,-10.00
31,3,315.85,518.93,366.91,551.51,0.1018,1.2,0.67,1.61,-17.49,2.93,45.19,2.95,-10.00
32,3,320.89,524.10,372.00,555.03,0.1992,1.1,0.62,1.59,-17.31,3.05,45.18,3.10,-10.00
32,3,-1.00,-1.00,-1.00,-1.00,0.1589,1.1,0.56,1.65,12.83,1.46,18.06,-1.61,-10.00
32,3,-1.00,-1.00,-1.00,-1.00,0.1420,0.99,0.48,1.66,15.67,-0.30,-7.88,1.91,-10.00
32,3,885.67,506.00,905.89,539.53,0.1279,1.0,0.55,1.61,2.18,2.19,39.54,1.58,-10.00
32,3,1580.06,497.52,1600.00,571.03,0.1042,1.1,0.56,1.71,12.39,1.52,19.20,-1.61,-10.00
33,3,321.12,523.69,371.18,553.65,0.2280,1.1,0.60,1.57,-17.32,3.01,45.18,3.07,-10.00
33,3,-1.00,-1.00,-1.00,-1.00,0.1433,1.1,0.55,1.67,12.84,1.53,18.06,1.51,-10.00
33,3,890.00,511.79,908.85,545.13,0.1291,1.0,0.53,1.63,2.26,2.33,39.01,-1.54,-10.00
33,3,-1.00,-1.00,-1.00,-1.00,0.1187,0.94,0.29,0.94,-22.85,1.27,-18.75,1.53,-10.00
33,3,-1.00,-1.00,-1.00,-1.00,0.1133,1.3,0.65,1.63,9.85,0.59,-37.25,1.61,-10.00
34,3,-1.00,-1.00,-1.00,-1.00,0.2028,1.2,0.44,1.60,7.14,0.73,-22.69,1.67,-10.00
34,3,-1.00,-1.00,-1.00,-1.00,0.1485,1.1,0.58,1.66,12.83,1.49,18.06,1.50,-10.00
34,3,691.04,519.40,725.79,575.13,0.1453,1.1,0.49,1.57,-2.32,2.05,24.71,1.60,-10.00
34,3,-1.00,-1.00,-1.00,-1.00,0.1434,1.2,0.58,1.62,-17.91,0.72,-16.36,-0.51,-10.00
34,3,-1.00,-1.00,-1.00,-1.00,0.1138,1.2,0.71,1.61,9.86,0.64,-37.50,-1.57,-10.00
35,3,-1.00,-1.00,-1.00,-1.00,0.1364,1.0,0.60,1.54,9.86,0.55,-37.56,-1.52,-10.00
35,3,-1.00,-1.00,-1.00,-1.00,0.1160,1.1,0.40,1.21,-14.65,1.90,-4.40,-1.64,-10.00
35,3,-1.00,-1.00,-1.00,-1.00,0.1156,1.1,0.55,1.66,12.84,1.44,18.07,1.52,-10.00
35,3,-1.00,-1.00,-1.00,-1.00,0.1115,1.1,0.56,1.65,-17.71,0.74,-16.36,-0.48,-10.00
35,3,589.92,523.23,642.79,563.59,0.1069,1.0,0.59,1.65,-5.35,2.36,31.81,0.89,-10.00
35,3,1580.95,495.45,1600.00,569.95,0.1034,1.1,0.57,1.69,12.41,1.50,19.17,1.50,-10.00
36,3,542.35,532.16,583.21,574.23,0.1835,1.1,0.57,1.59,-6.94,2.72,33.02,-1.46,-10.00
36,3,-1.00,-1.00,-1.00,-1.00,0.1688,1.1,0.59,1.71,12.85,1.48,18.05,1.55,-10.00
36,3,889.09,512.15,907.20,545.51,0.1371,1.0,0.53,1.62,2.23,2.34,39.03,-1.50,-10.00
36,3,-1.00,-1.00,-1.00,-1.00,0.1038,1.2,0.58,1.63,-21.04,1.89,27.18,1.48,-10.00
37,3,-1.00,-1.00,-1.00,-1.00,0.1302,1.2,0.58,1.61,-17.73,0.69,-16.07,-0.28,-10.00
37,3,953.74,496.17,1043.84,551.31,0.1094,0.93,0.54,1.47,2.98,1.40,21.79,-0.02,-10.00
37,3,-1.00,-1.00,-1.00,-1.00,0.1007,1.0,0.70,1.57,9.85,0.68,-37.55,1.58,-10.00
38,3,-1.00,-1.00,-1.00,-1.00,0.1965,1.2,0.54,1.62,-20.04,1.57,16.48,-3.03,-10.00
38,3,887.67,514.80,907.52,547.70,0.1659,1.0,0.52,1.61,2.22,2.41,39.05,-1.46,-10.00
38,3,550.67,530.48,591.37,577.32,0.1482,1.2,0.61,1.53,-6.66,2.78,32.73,1.67,-10.00
38,3,-1.00,-1.00,-1.00,-1.00,0.1185,1.1,0.42,1.30,-14.69,1.85,-4.84,-1.64,-10.00
38,3,-1.00,-1.00,-1.00,-1.00,0.1135,0.96,0.30,1.01,-22.88,1.22,-18.78,1.57,-10.00
38,3,-1.00,-1.00,-1.00,-1.00,0.1133,1.1,0.61,1.56,9.84,0.53,-37.50,-1.53,-10.00
39,3,-1.00,-1.00,-1.00,-1.00,0.1951,1.7,0.86,1.83,26.38,0.62,10.77,2.96,-10.00
39,3,534.85,530.28,581.60,576.49,0.1547,1.2,0.62,1.61,-6.98,2.75,32.64,-1.39,-10.00
39,3,-1.00,-1.00,-1.00,-1.00,0.1267,1.1,0.59,1.68,12.85,1.55,18.00,1.64,-10.00
39,3,-1.00,-1.00,-1.00,-1.00,0.1165,1.1,0.55,1.55,-17.87,0.60,-16.09,-0.25,-10.00
39,3,664.30,512.20,707.35,577.91,0.1146,1.1,0.53,1.54,-2.38,1.81,21.32,1.59,-10.00
39,3,-1.00,-1.00,-1.00,-1.00,0.1001,1.0,0.56,1.50,7.85,1.15,1.14,-1.82,-10.00
