0,3,-1.00,-1.00,-1.00,-1.00,0.3225,0.97,0.39,1.37,-4.14,0.72,-27.40,-1.50,-10.00
0,3,994.19,508.64,1104.81,573.06,0.1697,1.1,0.62,1.83,3.93,1.81,22.16,0.01,-10.00
0,3,-1.00,-1.00,-1.00,-1.00,0.1114,1.1,0.60,1.67,-18.85,2.21,16.44,1.39,-10.00
1,3,-1.00,-1.00,-1.00,-1.00,0.4711,1.1,0.63,1.69,-21.21,1.95,-1.71,-2.87,-10.00
1,3,-1.00,-1.00,-1.00,-1.00,0.1979,1.1,0.60,1.67,18.32,1.82,4.86,-1.69,-10.00
1,3,-1.00,-1.00,-1.00,-1.00,0.1371,1.1,0.67,1.73,17.97,1.14,-20.15,1.55,-10.00
1,3,-1.00,-1.00,-1.00,-1.00,0.1264,1.3,0.56,1.58,15.27,0.94,-12.35,-0.20,-10.00
1,3,1515.69,480.21,1594.81,571.64,0.1223,1.7,0.59,1.58,14.19,1.96,24.44,-1.54,-10.00
1,3,-1.00,-1.00,-1.00,-1.00,0.1218,1.1,0.51,1.54,-22.14,1.78,-3.45,2.84,-10.00
1,3,468.19,505.95,517.96,535.95,0.1195,1.1,0.53,1.75,-12.64,2.49,47.48,-0.47,-10.00
1,3,-1.00,-1.00,-1.00,-1.00,0.1151,1.0,0.57,1.63,-13.30,1.19,-28.84,-1.76,-10.00
1,3,-1.00,-1.00,-1.00,-1.00,0.1074,1.2,0.51,1.64,-18.97,0.53,-30.79,1.73,-10.00
2,3,-1.00,-1.00,-1.00,-1.00,0.1599,1.1,0.55,1.69,19.89,1.63,-3.16,0.96,-10.00
2,3,-1.00,-1.00,-1.00,-1.00,0.1239,1.0,0.51,1.71,-22.18,2.00,-6.34,-0.22,-10.00
2,3,-1.00,-1.00,-1.00,-1.00,0.1056,0.93,0.32,1.15,-17.37,1.85,2.40,1.63,-10.00
2,3,-1.00,-1.00,-1.00,-1.00,0.1000,1.2,0.63,1.70,-1.97,0.81,-51.25,1.50,-10.00
3,3,-1.00,-1.00,-1.00,-1.00,0.2854,1.1,0.55,1.63,-19.71,1.86,6.80,-3.11,-10.00
3,3,-1.00,-1.00,-1.00,-1.00,0.2410,1.0,0.55,1.67,-21.41,1.63,-8.01,0.15,-10.00
3,3,-1.00,-1.00,-1.00,-1.00,0.2363,1.1,0.61,1.66,14.79,0.92,-18.71,2.23,-10.00
3,3,194.20,515.81,268.76,573.81,0.2175,1.1,0.59,1.69,-11.87,2.05,25.05,1.63,-10.00
3,3,-1.00,-1.00,-1.00,-1.00,0.1593,1.1,0.59,1.59,-25.14,1.18,-14.30,-2.74,-10.00
3,3,-1.00,-1.00,-1.00,-1.00,0.1371,1.1,0.58,1.53,-13.39,0.97,-34.86,-1.48,-10.00
3,3,-1.00,-1.00,-1.00,-1.00,0.1325,1.0,0.51,1.53,11.38,1.00,-6.13,-1.18,-10.00
3,3,-1.00,-1.00,-1.00,-1.00,0.1134,1.1,0.60,1.56,-13.00,0.95,-34.89,-1.64,-10.00
4,3,-1.00,-1.00,-1.00,-1.00,0.1640,1.6,0.67,1.76,18.33,1.97,24.02,2.72,-10.00
4,3,640.97,512.73,676.45,570.46,0.1416,1.8,0.58,1.77,-5.41,3.22,40.43,1.78,-10.00
4,3,-1.00,-1.00,-1.00,-1.00,0.1287,1.8,0.68,1.87,27.45,1.14,10.67,-0.24,-10.00
4,3,-1.00,-1.00,-1.00,-1.00,0.1197,1.7,0.78,1.58,-20.38,0.95,-16.79,0.17,-10.00
4,3,-1.00,-1.00,-1.00,-1.00,0.1067,1.1,0.65,1.66,21.77,1.82,25.42,1.92,-10.00
5,3,-1.00,-1.00,-1.00,-1.00,0.4328,1.1,0.64,1.81,-21.51,1.32,-14.30,-2.83,-10.00
5,3,-1.00,-1.00,-1.00,-1.00,0.1626,1.3,0.68,1.55,24.35,-1.38,-30.75,-3.02,-10.00
5,3,728.39,526.84,752.76,567.79,0.1558,1.1,0.68,1.76,-2.49,2.80,36.24,-1.64,-10.00
5,3,-1.00,-1.00,-1.00,-1.00,0.1534,1.1,0.36,1.76,-19.07,1.64,1.21,-1.71,-10.00
5,3,-1.00,-1.00,-1.00,-1.00,0.1123,1.0,0.43,1.63,-7.83,1.50,-2.67,-1.61,-10.00
5,3,-1.00,-1.00,-1.00,-1.00,0.1085,1.1,0.58,1.66,-25.22,0.79,-20.73,-2.89,-10.00
6,3,-1.00,-1.00,-1.00,-1.00,0.1108,1.1,0.54,1.57,-17.66,0.88,-24.87,1.80,-10.00
7,3,-1.00,-1.00,-1.00,-1.00,0.1508,1.3,0.66,1.62,-22.36,-0.44,-35.15,-3.08,-10.00
7,3,-1.00,-1.00,-1.00,-1.00,0.1375,1.3,0.64,1.57,-13.94,0.13,-50.07,1.26,-10.00
7,3,-1.00,-1.00,-1.00,-1.00,0.1219,0.88,0.39,1.21,-26.93,-0.05,-7.95,-0.01,-10.00
8,3,-1.00,-1.00,-1.00,-1.00,0.3574,1.2,0.64,1.73,24.85,1.33,-12.95,-0.15,-10.00
8,3,-1.00,-1.00,-1.00,-1.00,0.1896,1.1,0.55,1.58,-12.17,1.39,1.95,-1.70,-10.00
8,3,-1.00,-1.00,-1.00,-1.00,0.1877,1.1,0.48,1.56,-11.81,1.50,1.50,-1.79,-10.00
8,3,-1.00,-1.00,-1.00,-1.00,0.1833,1.1,0.59,1.54,-16.02,1.97,21.28,1.21,-10.00
8,3,-1.00,-1.00,-1.00,-1.00,0.1284,1.8,0.58,1.83,16.80,1.43,7.69,2.04,-10.00
8,3,-1.00,-1.00,-1.00,-1.00,0.1046,1.7,0.72,1.77,-20.89,1.37,-30.03,0.19,-10.00
8,3,670.97,497.93,699.55,561.99,0.1014,1.1,0.46,1.58,-2.43,1.56,21.49,1.45,-10.00
9,3,-1.00,-1.00,-1.00,-1.00,0.3199,1.7,0.70,1.65,-12.90,1.06,6.47,1.69,-10.00
9,3,-1.00,-1.00,-1.00,-1.00,0.2611,1.0,0.52,1.58,8.31,1.15,-25.86,1.52,-10.00
9,3,-1.00,-1.00,-1.00,-1.00,0.2044,1.8,0.73,2.05,33.60,0.58,17.82,1.55,-10.00
9,3,-1.00,-1.00,-1.00,-1.00,0.1853,1.2,0.60,1.69,24.82,0.89,-17.76,-1.38,-10.00
9,3,-1.00,-1.00,-1.00,-1.00,0.1505,1.4,0.56,1.53,-19.49,0.15,-40.50,0.97,-10.00
9,3,-1.00,-1.00,-1.00,-1.00,0.1478,1.1,0.55,1.62,40.70,0.20,-29.54,1.68,-10.00
9,3,-1.00,-1.00,-1.00,-1.00,0.1096,1.1,0.60,1.61,-12.96,0.60,-2.81,0.01,-10.00
9,3,-1.00,-1.00,-1.00,-1.00,0.1031,1.5,0.63,1.79,-24.86,0.75,-33.23,1.99,-10.00
10,3,-1.00,-1.00,-1.00,-1.00,0.1566,1.8,0.73,1.94,38.67,0.26,12.97,-1.41,-10.00
10,3,-1.00,-1.00,-1.00,-1.00,0.1360,1.1,0.45,1.51,8.25,0.90,-30.36,1.46,-10.00
10,3,-1.00,-1.00,-1.00,-1.00,0.1335,2.1,0.73,1.96,33.60,0.42,13.90,0.04,-10.00
10,3,-1.00,-1.00,-1.00,-1.00,0.1305,1.1,0.60,1.68,27.84,0.83,4.34,-0.13,-10.00
10,3,-1.00,-1.00,-1.00,-1.00,0.1264,1.1,0.50,1.75,-17.75,1.32,-26.11,1.75,-10.00
10,3,-1.00,-1.00,-1.00,-1.00,0.1217,1.3,0.60,1.59,-11.86,0.51,-9.89,-1.57,-10.00
10,3,-1.00,-1.00,-1.00,-1.00,0.1187,1.6,0.53,1.79,-19.73,0.27,7.77,-1.58,-10.00
10,3,-1.00,-1.00,-1.00,-1.00,0.1025,1.3,0.79,1.67,27.56,0.11,-26.48,0.17,-10.00
11,3,-1.00,-1.00,-1.00,-1.00,0.1705,1.2,0.44,1.51,14.11,1.11,-3.49,-1.63,-10.00
11,3,-1.00,-1.00,-1.00,-1.00,0.1212,1.7,0.76,1.78,22.66,0.55,34.51,0.46,-10.00
11,3,-1.00,-1.00,-1.00,-1.00,0.1092,1.2,0.52,1.61,-19.14,0.93,-41.78,2.97,-10.00
11,3,-1.00,-1.00,-1.00,-1.00,0.1041,1.1,0.51,1.39,-18.55,1.48,-28.73,1.65,-10.00
12,3,689.21,518.14,765.59,566.72,0.1975,0.96,0.54,1.50,-2.02,1.95,25.40,-0.15,-10.00
12,3,-1.00,-1.00,-1.00,-1.00,0.1876,1.1,0.50,1.68,24.42,0.69,14.83,-0.31,-10.00
12,3,-1.00,-1.00,-1.00,-1.00,0.1385,1.3,0.60,1.78,34.22,0.38,4.85,1.37,-10.00
12,3,1307.09,469.08,1368.35,525.00,0.1077,1.1,0.58,1.71,10.15,1.08,24.93,-1.51,-10.00
13,3,-1.00,-1.00,-1.00,-1.00,0.2178,1.1,0.59,1.57,18.32,1.16,-27.25,1.74,-10.00
13,3,-1.00,-1.00,-1.00,-1.00,0.2024,1.1,0.52,1.34,25.12,-0.24,-38.82,-2.91,-10.00
13,3,1213.70,441.76,1247.00,507.81,0.2017,2.0,0.80,1.98,13.10,1.20,40.70,-1.35,-10.00
13,3,-1.00,-1.00,-1.00,-1.00,0.1873,1.7,0.73,1.96,12.77,0.68,-31.22,2.94,-10.00
13,3,-1.00,-1.00,-1.00,-1.00,0.1751,1.6,0.74,1.91,20.33,0.43,-28.04,-2.76,-10.00
14,3,-1.00,-1.00,-1.00,-1.00,0.2114,1.1,0.41,1.32,24.40,-0.23,-42.44,-2.84,-10.00
14,3,-1.00,-1.00,-1.00,-1.00,0.1522,1.6,0.70,1.75,15.72,-3.58,-50.25,-0.13,-10.00
14,3,1539.25,453.95,1600.00,558.65,0.1488,1.4,0.56,1.77,10.84,1.23,17.59,-1.61,-10.00
14,3,-1.00,-1.00,-1.00,-1.00,0.1337,1.4,0.59,1.66,24.13,0.76,29.20,-1.49,-10.00
14,3,-1.00,-1.00,-1.00,-1.00,0.1241,1.1,0.58,1.62,11.85,1.22,5.73,-1.36,-10.00
14,3,755.40,492.72,806.47,523.72,0.1101,1.1,0.65,1.81,-1.68,1.97,46.27,0.10,-10.00
14,3,0.00,523.57,111.88,600.28,0.1041,1.1,0.56,1.63,-11.43,1.87,18.28,-0.25,-10.00
14,3,-1.00,-1.00,-1.00,-1.00,0.1014,1.6,0.76,1.85,33.94,0.18,0.72,0.34,-10.00
15,3,-1.00,-1.00,-1.00,-1.00,0.2588,1.1,0.53,1.65,26.57,0.43,22.44,1.57,-10.00
15,3,-1.00,-1.00,-1.00,-1.00,0.2304,1.8,0.62,1.63,-23.59,3.20,12.47,-1.54,-10.00
15,3,-1.00,-1.00,-1.00,-1.00,0.1714,1.1,0.61,1.61,20.34,0.30,-32.09,1.49,-10.00
15,3,-1.00,-1.00,-1.00,-1.00,0.1377,1.2,0.49,1.66,-7.50,1.04,-50.25,-0.01,-10.00
15,3,-1.00,-1.00,-1.00,-1.00,0.1307,1.9,0.70,1.06,15.13,1.24,18.06,1.49,-10.00
15,3,-1.00,-1.00,-1.00,-1.00,0.1039,1.1,0.42,1.42,24.12,-0.42,-46.40,-2.83,-10.00
16,3,1222.85,499.13,1271.40,558.66,0.3793,0.99,0.47,1.59,7.30,1.53,21.79,1.69,-10.00
16,3,-1.00,-1.00,-1.00,-1.00,0.2517,1.3,0.55,1.50,4.90,0.95,-47.20,-1.59,-10.00
16,3,-1.00,-1.00,-1.00,-1.00,0.1495,1.2,0.53,1.58,16.59,0.43,-36.67,-1.99,-10.00
16,3,-1.00,-1.00,-1.00,-1.00,0.1399,1.2,0.59,1.54,11.88,0.58,-41.88,-1.62,-10.00
16,3,-1.00,-1.00,-1.00,-1.00,0.1306,0.96,0.45,1.57,16.41,1.19,-19.70,-1.68,-10.00
16,3,-1.00,-1.00,-1.00,-1.00,0.1301,1.2,0.79,1.95,29.68,0.59,-19.65,-1.42,-10.00
16,3,0.00,450.50,18.11,554.08,0.1242,1.4,0.58,1.63,-11.99,1.14,17.25,1.61,-10.00
16,3,-1.00,-1.00,-1.00,-1.00,0.1187,1.6,0.53,1.77,-28.10,2.82,7.58,2.11,-10.00
16,3,-1.00,-1.00,-1.00,-1.00,0.1149,1.1,0.51,1.58,10.77,1.25,10.19,-1.51,-10.00
17,3,-1.00,-1.00,-1.00,-1.00,0.1773,1.3,0.50,1.68,10.71,1.33,7.28,-1.59,-10.00
17,3,356.18,477.43,391.39,534.13,0.1468,1.7,0.67,1.47,-14.19,2.00,39.30,1.48,-10.00
17,3,-1.00,-1.00,-1.00,-1.00,0.1168,1.5,0.72,1.74,22.12,0.44,-5.22,0.73,-10.00
17,3,0.00,488.10,49.69,538.46,0.1163,1.1,0.58,1.68,-18.43,1.54,28.39,0.46,-10.00
17,3,-1.00,-1.00,-1.00,-1.00,0.1160,1.0,0.52,1.62,-14.77,1.41,-19.59,1.34,-10.00
17,3,-1.00,-1.00,-1.00,-1.00,0.1043,1.1,0.57,1.73,27.04,0.33,9.20,1.56,-10.00
17,3,-1.00,-1.00,-1.00,-1.00,0.1038,1.2,0.57,1.54,11.80,0.25,-45.43,1.42,-10.00
17,3,-1.00,-1.00,-1.00,-1.00,0.1034,1.1,0.55,1.61,-23.02,1.56,30.11,-1.57,-10.00
17,3,-1.00,-1.00,-1.00,-1.00,0.1015,1.1,0.60,1.60,20.22,0.40,-38.14,-1.40,-10.00
18,3,-1.00,-1.00,-1.00,-1.00,0.4166,1.5,0.73,1.83,-14.17,-0.83,-23.49,-1.78,-10.00
18,3,-1.00,-1.00,-1.00,-1.00,0.2208,1.4,0.62,1.71,30.79,-0.09,18.87,-1.33,-10.00
18,3,-1.00,-1.00,-1.00,-1.00,0.1824,1.3,0.68,1.51,21.34,0.25,-7.55,1.97,-10.00
18,3,758.75,507.49,790.91,549.56,0.1673,1.1,0.70,1.74,-1.41,2.17,34.32,-1.51,-10.00
18,3,-1.00,-1.00,-1.00,-1.00,0.1265,0.95,0.68,1.58,-3.49,1.13,-15.72,1.24,-10.00
18,3,-1.00,-1.00,-1.00,-1.00,0.1244,1.9,0.64,1.65,-10.65,1.44,-47.73,-1.64,-10.00
18,3,509.64,482.17,549.14,514.50,0.1200,1.2,0.65,1.77,-11.69,1.73,49.31,1.91,-10.00
19,3,-1.00,-1.00,-1.00,-1.00,0.5486,1.1,0.50,1.68,26.29,0.44,10.02,-1.53,-10.00
19,3,-1.00,-1.00,-1.00,-1.00,0.2125,1.8,0.64,1.65,-14.71,1.98,-7.14,1.49,-10.00
19,3,-1.00,-1.00,-1.00,-1.00,0.1462,1.0,0.51,1.59,-15.08,2.07,21.38,-1.45,-10.00
19,3,-1.00,-1.00,-1.00,-1.00,0.1290,1.0,0.55,1.54,-18.73,1.74,22.05,0.31,-10.00
19,3,-1.00,-1.00,-1.00,-1.00,0.1084,1.1,0.61,1.70,-14.78,2.06,20.92,-1.48,-10.00
19,3,692.59,494.58,769.64,543.40,0.1051,1.1,0.58,1.75,-2.27,1.74,29.89,0.10,-10.00
20,3,-1.00,-1.00,-1.00,-1.00,0.3129,1.8,0.66,1.84,-11.84,-0.86,-34.28,1.67,-10.00
20,3,-1.00,-1.00,-1.00,-1.00,0.3036,0.95,0.58,1.45,-3.69,0.79,-22.34,-1.77,-10.00
20,3,-1.00,-1.00,-1.00,-1.00,0.2298,1.5,0.61,1.85,34.79,-0.13,-17.16,2.27,-10.00
20,3,-1.00,-1.00,-1.00,-1.00,0.1769,1.3,0.69,1.76,-13.71,-0.94,-30.52,1.25,-10.00
20,3,1414.23,461.32,1485.25,530.80,0.1518,1.2,0.53,1.59,11.27,1.09,22.70,-1.52,-10.00
20,3,745.32,500.41,809.12,539.19,0.1319,1.2,0.71,1.85,-1.51,2.10,38.17,-0.19,-10.00
20,3,-1.00,-1.00,-1.00,-1.00,0.1166,1.2,0.44,1.63,-15.09,1.19,-9.66,-1.50,-10.00
20,3,-1.00,-1.00,-1.00,-1.00,0.1156,1.3,0.62,1.23,14.52,1.09,-47.49,-1.78,-10.00
20,3,-1.00,-1.00,-1.00,-1.00,0.1107,1.1,0.53,1.63,-18.83,1.48,18.93,-2.78,-10.00
20,3,-1.00,-1.00,-1.00,-1.00,0.1071,0.94,0.43,1.14,-13.68,0.73,1.61,3.00,-10.00
21,3,-1.00,-1.00,-1.00,-1.00,0.1474,1.2,0.49,1.62,10.59,0.92,-5.14,1.70,-10.00
21,3,-1.00,-1.00,-1.00,-1.00,0.1298,1.3,0.59,1.34,14.48,1.10,-50.40,-1.78,-10.00
21,3,1493.48,476.88,1581.52,543.33,0.1296,0.97,0.51,1.65,10.91,1.12,19.28,-1.48,-10.00
21,3,-1.00,-1.00,-1.00,-1.00,0.1294,1.3,0.55,1.41,16.96,1.17,-49.87,-1.68,-10.00
21,3,-1.00,-1.00,-1.00,-1.00,0.1292,1.1,0.47,1.54,11.81,1.29,8.96,1.64,-10.00
21,3,-1.00,-1.00,-1.00,-1.00,0.1212,1.2,0.61,1.72,20.34,1.11,4.82,1.90,-10.00
21,3,-1.00,-1.00,-1.00,-1.00,0.1207,1.1,0.58,1.73,-15.59,0.23,-21.70,-1.41,-10.00
21,3,-1.00,-1.00,-1.00,-1.00,0.1191,1.3,0.65,1.59,12.05,0.86,-51.30,-1.68,-10.00
21,3,-1.00,-1.00,-1.00,-1.00,0.1062,1.5,0.70,1.74,19.13,0.55,-24.45,1.80,-10.00
21,3,-1.00,-1.00,-1.00,-1.00,0.1035,1.2,0.46,1.53,13.16,1.18,6.98,2.13,-10.00
21,3,-1.00,-1.00,-1.00,-1.00,0.1022,1.0,0.49,1.59,-15.12,1.89,15.05,-1.32,-10.00
22,3,-1.00,-1.00,-1.00,-1.00,0.3356,1.4,0.64,1.69,28.63,-0.03,-27.98,0.96,-10.00
22,3,276.65,505.82,352.22,549.44,0.3191,1.1,0.58,1.66,-12.72,1.96,31.13,0.13,-10.00
22,3,-1.00,-1.00,-1.00,-1.00,0.1536,1.2,0.56,1.68,20.32,1.03,1.39,-1.66,-10.00
22,3,-1.00,-1.00,-1.00,-1.00,0.1462,1.1,0.51,1.62,-18.42,1.51,2.37,-2.84,-10.00
22,3,-1.00,-1.00,-1.00,-1.00,0.1417,1.1,0.57,1.64,-15.56,0.50,-24.40,1.74,-10.00
22,3,-1.00,-1.00,-1.00,-1.00,0.1333,1.1,0.53,1.73,-28.00,2.58,-10.80,2.81,-10.00
22,3,-1.00,-1.00,-1.00,-1.00,0.1288,0.99,0.47,1.56,7.71,1.17,-12.28,1.60,-10.00
22,3,-1.00,-1.00,-1.00,-1.00,0.1225,1.2,0.51,1.50,-11.91,0.88,-12.68,-1.79,-10.00
23,3,-1.00,-1.00,-1.00,-1.00,0.2153,1.1,0.48,1.65,-12.73,1.48,-23.66,1.64,-10.00
23,3,-1.00,-1.00,-1.00,-1.00,0.2068,1.8,0.67,1.96,25.60,0.83,12.75,-0.96,-10.00
23,3,-1.00,-1.00,-1.00,-1.00,0.1791,1.0,0.57,1.51,-3.60,0.88,-28.64,1.57,-10.00
23,3,-1.00,-1.00,-1.00,-1.00,0.1684,1.1,0.71,1.83,21.54,-0.38,-23.25,0.59,-10.00
23,3,-1.00,-1.00,-1.00,-1.00,0.1443,1.3,0.52,1.60,-11.63,0.87,-16.42,1.49,-10.00
23,3,-1.00,-1.00,-1.00,-1.00,0.1430,1.2,0.60,1.72,20.24,1.02,-1.24,1.71,-10.00
23,3,-1.00,-1.00,-1.00,-1.00,0.1293,1.6,0.61,1.39,-15.23,1.82,17.20,1.50,-10.00
23,3,1202.70,457.81,1221.24,498.32,0.1209,1.3,0.49,1.77,13.03,0.93,42.38,1.82,-10.00
23,3,-1.00,-1.00,-1.00,-1.00,0.1084,1.0,0.48,1.49,-15.24,1.86,9.16,-1.37,-10.00
23,3,-1.00,-1.00,-1.00,-1.00,0.1054,2.0,0.61,1.82,25.60,1.51,25.91,1.66,-10.00
23,3,-1.00,-1.00,-1.00,-1.00,0.1052,1.1,0.52,1.78,-13.48,-1.70,-39.93,0.09,-10.00
24,3,-1.00,-1.00,-1.00,-1.00,0.1874,1.8,0.68,1.86,-2.30,0.12,-51.11,-1.51,-10.00
24,3,920.89,487.02,975.78,518.82,0.1639,0.95,0.61,1.60,3.82,1.52,39.35,-2.77,-10.00
24,3,-1.00,-1.00,-1.00,-1.00,0.1338,0.99,0.45,1.54,-15.33,1.83,5.55,1.79,-10.00
24,3,-1.00,-1.00,-1.00,-1.00,0.1300,1.1,0.60,1.76,-18.22,1.63,-8.75,1.36,-10.00
24,3,-1.00,-1.00,-1.00,-1.00,0.1207,0.99,0.44,1.55,-12.41,1.20,-20.10,1.65,-10.00
24,3,-1.00,-1.00,-1.00,-1.00,0.1102,1.2,0.48,1.41,10.40,0.64,-14.74,1.61,-10.00
24,3,1455.76,470.24,1536.25,549.89,0.1007,1.2,0.56,1.63,10.96,1.30,20.56,1.68,-10.00
25,3,-1.00,-1.00,-1.00,-1.00,0.2146,1.3,0.69,1.73,-21.39,1.48,26.88,1.58,-10.00
25,3,-1.00,-1.00,-1.00,-1.00,0.1628,1.6,0.64,1.99,23.21,0.86,17.14,-1.56,-10.00
25,3,355.88,516.57,419.50,555.43,0.1040,1.1,0.59,1.61,-12.43,2.41,35.51,-0.14,-10.00
25,3,-1.00,-1.00,-1.00,-1.00,0.1010,1.1,0.50,1.55,-21.14,1.09,-15.15,1.55,-10.00
26,3,810.30,481.15,845.28,530.70,0.1737,1.0,0.49,1.69,0.04,1.32,27.46,1.73,-10.00
26,3,-1.00,-1.00,-1.00,-1.00,0.1216,1.1,0.56,1.51,11.22,0.69,-18.95,1.19,-10.00
26,3,-1.00,-1.00,-1.00,-1.00,0.1153,1.2,0.52,1.73,10.81,0.94,14.20,-1.47,-10.00
26,3,-1.00,-1.00,-1.00,-1.00,0.1086,1.1,0.49,1.77,25.74,0.11,-12.03,-1.52,-10.00
26,3,-1.00,-1.00,-1.00,-1.00,0.1020,1.7,0.67,1.73,20.98,-0.03,-38.42,0.29,-10.00
27,3,-1.00,-1.00,-1.00,-1.00,0.1717,1.0,0.42,1.28,-21.70,0.62,-21.61,0.06,-10.00
27,3,-1.00,-1.00,-1.00,-1.00,0.1459,1.1,0.50,1.48,20.85,-0.26,-40.95,0.19,-10.00
27,3,-1.00,-1.00,-1.00,-1.00,0.1437,1.2,0.55,1.72,-20.38,1.65,18.08,-1.71,-10.00
27,3,-1.00,-1.00,-1.00,-1.00,0.1353,1.2,0.48,1.64,-18.47,1.35,-30.48,1.47,-10.00
27,3,-1.00,-1.00,-1.00,-1.00,0.1221,1.0,0.47,1.44,-21.87,0.62,-21.90,-0.02,-10.00
27,3,-1.00,-1.00,-1.00,-1.00,0.1166,2.0,0.76,1.93,46.61,-0.26,9.40,0.06,-10.00
27,3,612.73,511.25,656.43,555.44,0.1123,1.1,0.68,1.72,-5.02,2.22,32.82,-1.44,-10.00
28,3,-1.00,-1.00,-1.00,-1.00,0.2211,1.1,0.56,1.62,-21.99,0.39,-24.25,2.96,-10.00
28,3,-1.00,-1.00,-1.00,-1.00,0.1859,1.1,0.54,1.62,23.15,0.47,10.19,-1.58,-10.00
28,3,-1.00,-1.00,-1.00,-1.00,0.1626,1.3,0.67,1.78,-20.44,1.87,15.95,-1.62,-10.00
28,3,-1.00,-1.00,-1.00,-1.00,0.1497,1.4,0.56,1.80,30.89,-0.23,2.01,-1.68,-10.00
28,3,-1.00,-1.00,-1.00,-1.00,0.1423,1.1,0.48,1.65,10.59,1.11,-1.55,1.63,-10.00
28,3,-1.00,-1.00,-1.00,-1.00,0.1334,1.0,0.39,1.60,-24.89,2.29,-18.79,1.57,-10.00
28,3,619.74,512.30,655.43,559.36,0.1154,1.1,0.54,1.69,-4.62,2.17,30.67,-1.52,-10.00
28,3,-1.00,-1.00,-1.00,-1.00,0.1051,1.2,0.52,1.56,10.73,1.15,8.66,-1.49,-10.00
28,3,-1.00,-1.00,-1.00,-1.00,0.1029,1.1,0.56,1.49,-6.38,0.94,-23.79,-0.10,-10.00
28,3,209.97,513.99,258.93,557.66,0.1021,1.2,0.63,1.71,-17.04,2.51,36.10,1.54,-10.00
29,3,-1.00,-1.00,-1.00,-1.00,0.2146,1.8,0.55,1.86,23.40,0.91,8.47,-1.51,-10.00
29,3,-1.00,-1.00,-1.00,-1.00,0.1726,1.6,0.80,1.98,23.55,0.97,20.04,2.93,-10.00
29,3,-1.00,-1.00,-1.00,-1.00,0.1678,1.5,0.60,1.48,-3.93,1.01,-46.64,-0.13,-10.00
29,3,-1.00,-1.00,-1.00,-1.00,0.1359,1.3,0.51,1.70,-44.88,1.51,40.66,-0.38,-10.00
29,3,1261.48,499.47,1295.23,537.92,0.1274,1.1,0.60,1.63,13.43,2.02,37.27,1.71,-10.00
29,3,120.50,492.45,173.67,526.04,0.1128,1.0,0.54,1.57,-21.53,1.76,39.70,-2.82,-10.00
30,3,-1.00,-1.00,-1.00,-1.00,0.2723,1.8,0.65,1.74,-3.70,1.27,-49.04,-0.20,-10.00
30,3,908.06,481.46,936.88,532.81,0.1884,1.0,0.55,1.71,2.00,1.31,26.29,1.62,-10.00
30,3,1309.79,483.60,1363.33,529.82,0.1780,1.1,0.55,1.57,12.06,1.41,29.68,1.53,-10.00
30,3,-1.00,-1.00,-1.00,-1.00,0.1576,1.2,0.47,1.58,-2.69,1.34,-1.84,0.04,-10.00
30,3,-1.00,-1.00,-1.00,-1.00,0.1550,1.2,0.65,1.80,29.07,0.13,-21.82,-1.78,-10.00
30,3,695.40,503.41,778.71,554.39,0.1228,1.1,0.56,1.76,-1.96,1.84,27.45,0.06,-10.00
30,3,-1.00,-1.00,-1.00,-1.00,0.1221,1.2,0.63,1.79,23.58,0.88,17.90,2.88,-10.00
30,3,-1.00,-1.00,-1.00,-1.00,0.1125,1.0,0.50,1.61,13.29,-1.54,-42.25,-1.35,-10.00
30,3,746.64,505.77,800.36,540.17,0.1022,1.0,0.50,1.57,-1.57,2.07,37.14,-0.02,-10.00
31,3,-1.00,-1.00,-1.00,-1.00,0.2261,1.2,0.57,1.73,-20.59,1.44,8.52,-1.72,-10.00
31,3,918.12,484.49,945.48,541.16,0.2198,1.1,0.49,1.69,2.04,1.37,24.21,1.66,-10.00
31,3,-1.00,-1.00,-1.00,-1.00,0.1190,1.1,0.47,1.50,10.44,0.22,-14.27,1.66,-10.00
31,3,-1.00,-1.00,-1.00,-1.00,0.1136,1.1,0.56,1.64,11.52,0.74,-20.23,1.47,-10.00
32,3,-1.00,-1.00,-1.00,-1.00,0.1733,1.1,0.56,1.48,8.66,0.57,-30.27,1.51,-10.00
32,3,-1.00,-1.00,-1.00,-1.00,0.1278,1.1,0.51,1.60,-20.49,2.04,6.43,-1.39,-10.00
32,3,-1.00,-1.00,-1.00,-1.00,0.1011,1.1,0.56,1.58,14.21,-0.88,-30.25,1.39,-10.00
33,3,-1.00,-1.00,-1.00,-1.00,0.2456,1.1,0.58,1.61,11.44,0.54,-23.53,-1.79,-10.00
33,3,-1.00,-1.00,-1.00,-1.00,0.1417,1.2,0.61,1.66,23.01,-0.67,-37.25,1.78,-10.00
33,3,476.17,506.50,508.48,548.65,0.1346,1.6,0.67,1.75,-13.27,3.11,49.78,1.66,-10.00
33,3,-1.00,-1.00,-1.00,-1.00,0.1036,1.1,0.51,1.49,8.66,0.60,-31.96,-1.74,-10.00
34,3,-1.00,-1.00,-1.00,-1.00,0.1906,1.1,0.52,1.53,11.53,0.51,-19.05,1.28,-10.00
34,3,-1.00,-1.00,-1.00,-1.00,0.1855,1.1,0.42,1.60,16.58,0.93,-6.43,1.48,-10.00
34,3,1498.66,480.70,1600.00,557.15,0.1400,1.1,0.53,1.70,10.89,1.30,18.86,1.53,-10.00
34,3,-1.00,-1.00,-1.00,-1.00,0.1231,1.0,0.51,1.45,8.64,0.56,-33.54,1.48,-10.00
34,3,-1.00,-1.00,-1.00,-1.00,0.1066,1.1,0.45,1.64,16.89,0.88,-6.42,1.67,-10.00
34,3,-1.00,-1.00,-1.00,-1.00,0.1021,0.95,0.50,1.56,-14.84,2.34,14.67,-1.48,-10.00
35,3,-1.00,-1.00,-1.00,-1.00,0.3368,1.4,0.75,1.30,-34.34,0.47,9.47,2.64,-10.00
35,3,-1.00,-1.00,-1.00,-1.00,0.1935,1.8,0.70,1.80,26.20,0.65,-14.88,-2.78,-10.00
35,3,-1.00,-1.00,-1.00,-1.00,0.1391,1.1,0.48,1.59,5.93,1.22,-23.01,1.50,-10.00
36,3,-1.00,-1.00,-1.00,-1.00,0.1721,1.1,0.58,1.92,39.33,0.98,-10.00,1.63,-10.00
36,3,37.50,489.27,102.05,528.13,0.1661,1.1,0.63,1.66,-23.02,1.76,38.11,-2.96,-10.00
36,3,-1.00,-1.00,-1.00,-1.00,0.1608,1.1,0.54,1.58,-34.18,0.10,8.65,-0.52,-10.00
36,3,1599.28,480.79,1600.00,562.16,0.1279,1.0,0.53,1.61,10.87,1.20,16.60,-1.36,-10.00
36,3,-1.00,-1.00,-1.00,-1.00,0.1024,1.2,0.54,1.77,-18.61,1.17,-34.14,-1.57,-10.00
37,3,1043.43,460.31,1114.17,529.58,0.1339,1.8,0.70,1.87,6.91,1.62,34.29,2.62,-10.00
37,3,-1.00,-1.00,-1.00,-1.00,0.1211,1.2,0.47,1.48,-17.02,1.21,1.56,-1.55,-10.00
37,3,-1.00,-1.00,-1.00,-1.00,0.1103,1.1,0.52,1.58,-21.64,0.68,-29.57,1.48,-10.00
38,3,-1.00,-1.00,-1.00,-1.00,0.1801,0.86,0.69,1.83,-2.87,1.40,-25.38,-1.81,-10.00
38,3,-1.00,-1.00,-1.00,-1.00,0.1678,1.2,0.55,1.64,-18.63,1.11,-35.57,-1.70,-10.00
38,3,-1.00,-1.00,-1.00,-1.00,0.1588,1.7,0.54,1.77,25.12,0.55,-17.26,-2.35,-10.00
38,3,-1.00,-1.00,-1.00,-1.00,0.1210,1.2,0.52,1.72,22.39,0.87,-1.18,-0.06,-10.00
38,3,-1.00,-1.00,-1.00,-1.00,0.1129,1.5,0.52,1.54,-15.81,1.35,0.86,-1.55,-10.00
38,3,-1.00,-1.00,-1.00,-1.00,0.1115,1.2,0.60,1.56,-15.82,1.81,-36.01,-1.54,-10.00
