0,3,604.56,486.65,651.39,543.06,0.2540,1.1,0.56,1.70,-3.71,1.00,25.03,-1.51,-10.00
0,3,-1.00,-1.00,-1.00,-1.00,0.1088,1.1,0.50,1.65,19.89,0.07,-1.27,1.66,-10.00
0,3,835.97,464.45,855.80,510.22,0.1066,1.7,0.70,1.86,1.13,0.71,48.18,1.62,-10.00
1,3,257.45,528.82,415.78,670.07,0.3062,1.0,0.51,1.49,-3.80,1.33,10.14,1.72,-10.00
1,3,-1.00,-1.00,-1.00,-1.00,0.2396,1.3,0.55,1.83,-11.86,1.10,-27.08,1.78,-10.00
1,3,808.93,463.49,840.46,517.49,0.1459,1.9,0.59,1.88,0.31,0.91,44.60,1.86,-10.00
1,3,699.92,487.86,746.25,518.25,0.1414,1.0,0.52,1.60,-3.26,0.93,44.30,3.05,-10.00
1,3,-1.00,-1.00,-1.00,-1.00,0.1353,1.1,0.54,1.59,-18.53,1.36,-2.18,-3.02,-10.00
1,3,-1.00,-1.00,-1.00,-1.00,0.1071,1.2,0.58,1.62,0.13,1.44,-27.66,1.72,-10.00
2,3,667.39,494.77,715.41,524.10,0.2051,0.94,0.46,1.55,-4.09,1.06,41.50,3.05,-10.00
2,3,-1.00,-1.00,-1.00,-1.00,0.1225,1.1,0.57,1.58,0.54,1.25,-30.25,1.80,-10.00
2,3,-1.00,-1.00,-1.00,-1.00,0.1145,1.2,0.54,1.56,10.99,0.58,5.42,-1.97,-10.00
3,3,-1.00,-1.00,-1.00,-1.00,0.2982,1.6,0.80,1.52,-6.21,0.45,-20.04,1.69,-10.00
3,3,-1.00,-1.00,-1.00,-1.00,0.2832,1.1,0.58,1.68,-9.01,0.27,-30.21,-1.59,-10.00
3,3,-1.00,-1.00,-1.00,-1.00,0.1952,1.3,0.55,1.69,11.32,0.27,-10.45,-1.57,-10.00
3,3,1075.86,547.02,1122.85,595.42,0.1251,0.96,0.54,1.60,6.01,2.16,26.94,-1.64,-10.00
3,3,-1.00,-1.00,-1.00,-1.00,0.1121,1.1,0.55,1.80,22.54,-0.27,-18.51,-1.61,-10.00
3,3,369.51,468.16,413.36,512.00,0.1027,1.2,0.56,1.74,-11.75,0.56,35.08,-1.53,-10.00
4,3,-1.00,-1.00,-1.00,-1.00,0.2408,1.2,0.77,1.90,21.82,0.71,-21.84,-0.07,-10.00
4,3,-1.00,-1.00,-1.00,-1.00,0.2182,1.0,0.48,1.57,11.36,0.86,-12.91,1.48,-10.00
4,3,-1.00,-1.00,-1.00,-1.00,0.2082,1.2,0.85,1.87,8.18,2.05,-1.50,3.10,-10.00
4,3,-1.00,-1.00,-1.00,-1.00,0.1664,1.6,0.70,1.67,-7.18,1.09,-1.79,0.07,-10.00
4,3,-1.00,-1.00,-1.00,-1.00,0.1530,1.2,0.69,1.85,4.48,1.83,-42.58,1.30,-10.00
4,3,-1.00,-1.00,-1.00,-1.00,0.1463,1.1,0.53,1.65,-4.35,2.40,-41.73,1.72,-10.00
4,3,1281.57,497.95,1433.12,581.56,0.1445,1.0,0.56,1.65,6.74,1.10,15.82,-3.06,-10.00
4,3,-1.00,-1.00,-1.00,-1.00,0.1081,1.1,0.49,1.59,-14.15,-0.57,-25.33,-2.64,-10.00
4,3,1308.50,483.57,1423.34,587.29,0.1047,1.0,0.62,1.67,5.77,0.96,13.40,1.66,-10.00
5,3,-1.00,-1.00,-1.00,-1.00,0.1990,1.1,0.46,1.73,21.38,-0.24,-24.69,3.01,-10.00
5,3,753.48,465.83,799.54,543.75,0.1670,1.9,0.67,1.72,-0.99,1.26,31.17,1.26,-10.00
5,3,591.70,501.60,652.62,541.81,0.1312,1.1,0.49,1.54,-5.18,1.33,33.82,0.02,-10.00
5,3,-1.00,-1.00,-1.00,-1.00,0.1307,1.6,0.64,1.01,-2.71,1.28,2.71,-1.59,-10.00
5,3,-1.00,-1.00,-1.00,-1.00,0.1237,0.97,0.72,1.54,-10.18,1.30,10.18,-2.50,-10.00
5,3,-1.00,-1.00,-1.00,-1.00,0.1159,1.1,0.49,1.71,19.25,-0.31,-31.10,1.27,-10.00
5,3,-1.00,-1.00,-1.00,-1.00,0.1078,1.0,0.53,1.63,12.95,-0.35,-23.46,-1.72,-10.00
6,3,613.74,479.70,667.97,518.08,0.1700,1.1,0.68,1.55,-5.19,0.78,37.52,3.05,-10.00
6,3,1582.73,440.61,1600.00,499.43,0.1190,1.6,0.66,1.80,22.47,0.21,35.35,-0.11,-10.00
6,3,-1.00,-1.00,-1.00,-1.00,0.1096,1.6,0.60,1.06,-2.91,1.30,0.42,-1.56,-10.00
7,3,-1.00,-1.00,-1.00,-1.00,0.3064,1.8,0.73,1.62,-7.18,1.04,-0.20,0.49,-10.00
7,3,-1.00,-1.00,-1.00,-1.00,0.1580,1.5,0.75,1.87,18.70,-0.16,-38.24,2.85,-10.00
7,3,-1.00,-1.00,-1.00,-1.00,0.1183,1.7,0.57,1.75,16.23,1.10,1.14,1.58,-10.00
7,3,-1.00,-1.00,-1.00,-1.00,0.1088,0.98,0.43,1.53,6.98,1.74,-27.38,-1.59,-10.00
7,3,1216.83,489.51,1298.68,593.96,0.1012,1.2,0.59,1.75,5.45,1.21,15.71,1.69,-10.00
8,3,509.67,422.22,579.53,465.38,0.1768,1.1,0.57,1.75,-7.35,-0.74,34.27,-0.47,-10.00
8,3,1069.97,454.35,1103.61,511.39,0.1587,1.6,0.66,1.87,7.59,0.55,35.57,-1.51,-10.00
8,3,-1.00,-1.00,-1.00,-1.00,0.1357,1.6,0.73,1.80,-5.50,1.38,-35.60,1.82,-10.00
8,3,543.17,469.69,618.40,518.16,0.1086,1.2,0.59,1.72,-5.76,0.65,31.03,0.03,-10.00
8,3,1310.99,496.86,1431.39,618.86,0.1054,1.1,0.49,1.60,5.42,1.18,12.45,1.57,-10.00
8,3,-1.00,-1.00,-1.00,-1.00,0.1013,1.1,0.51,1.55,13.53,0.71,15.43,1.78,-10.00
9,3,394.03,486.69,507.67,556.81,0.4328,1.1,0.53,1.65,-5.81,1.02,20.19,0.07,-10.00
9,3,492.38,486.46,575.79,537.57,0.1551,1.1,0.52,1.65,-6.01,0.97,26.99,0.01,-10.00
9,3,-1.00,-1.00,-1.00,-1.00,0.1409,1.4,0.60,1.65,-7.28,0.82,3.08,0.62,-10.00
10,3,495.36,410.93,605.43,642.87,0.2407,1.8,0.60,1.09,-2.16,1.18,10.40,1.63,-10.00
10,3,-1.00,-1.00,-1.00,-1.00,0.2121,0.95,0.51,1.60,19.12,-0.63,1.50,1.47,-10.00
10,3,-1.00,-1.00,-1.00,-1.00,0.1275,1.2,0.65,1.49,-8.13,-0.15,9.56,-1.73,-10.00
10,3,461.17,464.18,502.71,517.05,0.1218,1.1,0.51,1.74,-7.35,0.56,27.90,1.53,-10.00
10,3,-1.00,-1.00,-1.00,-1.00,0.1186,1.1,0.48,1.64,-7.48,0.88,2.63,0.47,-10.00
11,3,-1.00,-1.00,-1.00,-1.00,0.3040,1.6,0.60,1.91,13.37,0.12,-18.15,3.12,-10.00
11,3,171.09,387.67,409.30,828.05,0.2109,1.7,0.61,1.13,-2.23,1.32,5.51,1.50,-10.00
11,3,-1.00,-1.00,-1.00,-1.00,0.1770,1.1,0.49,1.67,10.93,-0.06,-23.35,-2.08,-10.00
11,3,1464.36,486.58,1528.32,555.15,0.1720,1.1,0.53,1.61,11.04,1.01,20.59,-1.33,-10.00
11,3,-1.00,-1.00,-1.00,-1.00,0.1680,1.6,0.61,1.67,-12.14,0.97,9.42,1.55,-10.00
11,3,-1.00,-1.00,-1.00,-1.00,0.1189,1.0,0.52,1.54,-8.56,0.87,10.59,-1.74,-10.00
11,3,-1.00,-1.00,-1.00,-1.00,0.1175,1.2,0.52,1.65,-7.81,0.72,5.73,1.06,-10.00
12,3,-1.00,-1.00,-1.00,-1.00,0.3947,1.1,0.45,1.67,6.18,1.66,-34.27,-0.13,-10.00
12,3,-1.00,-1.00,-1.00,-1.00,0.2181,1.8,0.68,1.08,-2.29,1.37,0.50,1.63,-10.00
12,3,-1.00,-1.00,-1.00,-1.00,0.1981,1.1,0.54,1.61,8.71,1.16,-12.72,3.10,-10.00
12,3,-1.00,-1.00,-1.00,-1.00,0.1318,1.6,0.44,1.91,16.10,-0.33,-22.56,-3.13,-10.00
12,3,-1.00,-1.00,-1.00,-1.00,0.1180,1.6,0.66,1.83,18.48,0.07,-15.82,3.12,-10.00
12,3,-1.00,-1.00,-1.00,-1.00,0.1037,1.1,0.48,1.59,-7.42,1.11,-10.08,-0.88,-10.00
13,3,-1.00,-1.00,-1.00,-1.00,0.1600,1.9,0.71,1.08,-2.27,1.29,-4.56,1.55,-10.00
13,3,-1.00,-1.00,-1.00,-1.00,0.1496,1.3,0.57,1.76,13.76,1.74,-3.75,-0.33,-10.00
13,3,-1.00,-1.00,-1.00,-1.00,0.1356,1.3,0.70,1.69,-7.86,0.85,-3.34,0.11,-10.00
13,3,-1.00,-1.00,-1.00,-1.00,0.1124,1.1,0.55,1.62,-14.23,0.94,11.12,1.64,-10.00
14,3,-1.00,-1.00,-1.00,-1.00,0.1559,1.1,0.53,1.51,-7.77,0.62,-7.75,2.76,-10.00
14,3,-1.00,-1.00,-1.00,-1.00,0.1536,1.9,0.70,1.20,-2.55,1.13,-9.65,1.60,-10.00
14,3,-1.00,-1.00,-1.00,-1.00,0.1283,1.1,0.65,1.64,4.64,0.11,-43.32,-0.07,-10.00
15,3,-1.00,-1.00,-1.00,-1.00,0.1575,1.8,0.71,1.01,-2.65,0.87,-13.70,1.67,-10.00
15,3,-1.00,-1.00,-1.00,-1.00,0.1501,1.1,0.54,1.70,-15.85,1.07,2.73,1.54,-10.00
15,3,-1.00,-1.00,-1.00,-1.00,0.1103,1.0,0.61,1.61,-14.51,1.17,2.64,-1.39,-10.00
15,3,-1.00,-1.00,-1.00,-1.00,0.1083,0.89,0.41,1.44,-7.90,0.69,-4.57,2.99,-10.00
16,3,-1.00,-1.00,-1.00,-1.00,0.2907,1.2,0.64,1.62,-8.44,0.83,-9.35,2.60,-10.00
16,3,-1.00,-1.00,-1.00,-1.00,0.2870,1.8,0.68,1.04,-2.73,0.64,-18.90,1.71,-10.00
16,3,-1.00,-1.00,-1.00,-1.00,0.2208,1.2,0.62,1.66,17.94,2.07,22.83,1.54,-10.00
16,3,-1.00,-1.00,-1.00,-1.00,0.1924,1.2,0.61,1.57,-11.51,1.16,-4.17,-1.37,-10.00
16,3,-1.00,-1.00,-1.00,-1.00,0.1443,1.8,0.76,1.87,20.85,-0.67,-23.45,3.05,-10.00
16,3,1482.70,471.46,1553.07,517.46,0.1375,1.1,0.54,1.75,16.80,0.62,30.36,1.44,-10.00
17,3,-1.00,-1.00,-1.00,-1.00,0.1895,1.8,0.65,1.32,-2.81,0.69,-24.15,1.69,-10.00
17,3,47.80,473.54,237.34,590.73,0.1621,0.99,0.52,1.40,-5.86,0.84,11.04,-3.02,-10.00
17,3,-1.00,-1.00,-1.00,-1.00,0.1178,1.8,0.72,1.87,17.96,-0.78,-30.61,0.14,-10.00
17,3,-1.00,-1.00,-1.00,-1.00,0.1136,1.1,0.57,1.60,-13.04,0.59,-18.00,1.74,-10.00
17,3,-1.00,-1.00,-1.00,-1.00,0.1133,1.1,0.62,1.39,-14.30,1.75,-5.25,1.68,-10.00
18,3,-1.00,-1.00,-1.00,-1.00,0.4247,1.8,0.65,1.05,-2.77,0.40,-29.21,1.67,-10.00
18,3,-1.00,-1.00,-1.00,-1.00,0.1476,2.0,0.72,1.94,22.41,-0.71,-35.40,-2.96,-10.00
18,3,-1.00,-1.00,-1.00,-1.00,0.1043,1.2,0.57,1.72,7.91,1.03,-14.12,-2.75,-10.00
19,3,-1.00,-1.00,-1.00,-1.00,0.1244,1.8,0.86,1.48,11.85,1.96,6.29,1.73,-10.00
19,3,-1.00,-1.00,-1.00,-1.00,0.1027,1.7,0.64,1.91,-10.50,1.41,9.17,1.61,-10.00
20,3,-1.00,-1.00,-1.00,-1.00,0.3066,1.2,0.60,1.68,-8.60,0.89,-28.15,-3.11,-10.00
20,3,-1.00,-1.00,-1.00,-1.00,0.2917,1.1,0.47,1.54,19.58,0.40,-41.13,1.52,-10.00
20,3,-1.00,-1.00,-1.00,-1.00,0.2580,1.1,0.49,1.50,7.05,1.05,6.91,-2.19,-10.00
20,3,-1.00,-1.00,-1.00,-1.00,0.1883,1.1,0.56,1.66,-8.68,1.88,-26.65,1.58,-10.00
20,3,-1.00,-1.00,-1.00,-1.00,0.1244,1.1,0.46,1.63,-14.24,2.00,-11.85,-1.56,-10.00
20,3,-1.00,-1.00,-1.00,-1.00,0.1238,1.0,0.57,1.64,4.14,1.96,-37.96,-1.57,-10.00
20,3,-1.00,-1.00,-1.00,-1.00,0.1182,1.9,0.69,1.64,-2.88,2.14,-38.50,1.41,-10.00
20,3,-1.00,-1.00,-1.00,-1.00,0.1092,1.2,0.63,1.71,-12.51,0.71,-44.99,-2.90,-10.00
20,3,-1.00,-1.00,-1.00,-1.00,0.1090,1.5,0.51,1.75,7.92,1.66,-2.81,-1.71,-10.00
20,3,-1.00,-1.00,-1.00,-1.00,0.1017,1.1,0.58,1.72,6.96,2.22,-23.04,-1.82,-10.00
21,3,-1.00,-1.00,-1.00,-1.00,0.2994,1.1,0.41,1.53,-9.17,1.45,-30.54,1.58,-10.00
21,3,-1.00,-1.00,-1.00,-1.00,0.2972,1.2,0.57,1.73,-9.23,0.23,-32.04,-3.08,-10.00
21,3,1134.09,443.95,1253.58,545.83,0.2027,1.5,0.74,1.51,5.54,0.79,18.61,-0.19,-10.00
21,3,-1.00,-1.00,-1.00,-1.00,0.1972,1.2,0.62,1.88,6.81,1.88,-27.81,0.54,-10.00
21,3,539.22,485.45,565.96,513.77,0.1519,0.97,0.55,1.66,-9.23,0.78,44.39,-1.55,-10.00
21,3,-1.00,-1.00,-1.00,-1.00,0.1170,1.1,0.44,1.64,-10.63,0.93,-2.54,1.72,-10.00
21,3,-1.00,-1.00,-1.00,-1.00,0.1101,1.1,0.50,1.77,6.91,1.55,-26.17,0.55,-10.00
21,3,-1.00,-1.00,-1.00,-1.00,0.1039,1.8,0.67,1.97,46.57,2.03,-1.57,-0.06,-10.00
22,3,-1.00,-1.00,-1.00,-1.00,0.2951,1.1,0.55,1.64,13.41,0.61,12.84,-1.91,-10.00
22,3,-1.00,-1.00,-1.00,-1.00,0.2176,1.1,0.63,1.79,38.99,2.83,1.88,1.63,-10.00
22,3,1313.41,443.26,1365.19,513.68,0.1978,1.5,0.67,1.25,11.50,0.48,27.89,-1.52,-10.00
22,3,-1.00,-1.00,-1.00,-1.00,0.1397,1.3,0.63,1.63,10.97,1.74,-31.77,-1.66,-10.00
22,3,-1.00,-1.00,-1.00,-1.00,0.1057,1.1,0.50,1.48,12.63,1.27,-4.34,1.48,-10.00
23,3,-1.00,-1.00,-1.00,-1.00,0.2174,1.1,0.49,1.84,-10.21,-0.22,3.62,1.58,-10.00
23,3,1374.82,421.78,1466.52,510.10,0.1950,1.6,0.69,1.43,11.57,0.35,24.27,-2.17,-10.00
23,3,1249.22,470.48,1308.73,532.68,0.1773,1.0,0.48,1.52,7.90,0.69,21.67,-1.56,-10.00
23,3,1439.52,434.74,1494.25,488.60,0.1219,1.1,0.50,1.51,14.34,-0.08,27.94,-1.52,-10.00
23,3,-1.00,-1.00,-1.00,-1.00,0.1062,1.1,0.52,1.62,12.59,0.94,-8.61,1.68,-10.00
23,3,-1.00,-1.00,-1.00,-1.00,0.1059,1.0,0.57,1.56,17.74,1.65,-17.08,1.32,-10.00
24,3,1287.72,475.81,1371.03,552.41,0.3646,1.9,0.65,1.84,12.89,1.51,31.84,-2.98,-10.00
24,3,64.95,402.62,226.89,501.75,0.3306,1.1,0.69,1.60,-8.16,0.12,15.48,2.12,-10.00
24,3,1465.89,420.03,1564.05,510.64,0.1634,1.5,0.67,1.31,11.61,0.31,21.08,-2.87,-10.00
24,3,674.18,512.25,723.48,575.72,0.1340,1.1,0.56,1.53,-2.05,1.44,22.24,-1.46,-10.00
24,3,-1.00,-1.00,-1.00,-1.00,0.1205,0.99,0.52,1.53,12.29,0.77,3.13,1.40,-10.00
24,3,-1.00,-1.00,-1.00,-1.00,0.1121,1.2,0.64,1.58,33.65,0.82,-21.59,-0.00,-10.00
25,3,-1.00,-1.00,-1.00,-1.00,0.3889,1.0,0.60,1.79,8.20,0.93,9.03,-1.61,-10.00
25,3,1491.64,419.88,1600.00,547.11,0.2571,1.8,0.68,1.92,11.00,0.79,18.53,-2.58,-10.00
25,3,-1.00,-1.00,-1.00,-1.00,0.1643,1.0,0.58,1.60,10.61,1.81,-8.13,-2.61,-10.00
25,3,552.66,482.07,625.54,529.50,0.1347,1.1,0.61,1.68,-5.48,0.91,30.61,-0.09,-10.00
25,3,-1.00,-1.00,-1.00,-1.00,0.1252,1.2,0.64,1.76,-19.30,0.39,15.90,-1.53,-10.00
25,3,334.21,483.15,388.28,557.87,0.1218,1.0,0.54,1.54,-6.58,0.93,18.27,1.11,-10.00
25,3,0.00,397.86,81.76,524.70,0.1100,1.2,0.67,1.53,-8.22,0.32,12.66,1.74,-10.00
25,3,0.00,469.02,3.32,527.41,0.1029,1.1,0.53,1.61,-16.14,0.67,23.89,-1.54,-10.00
26,3,-1.00,-1.00,-1.00,-1.00,0.1622,1.1,0.56,1.57,-19.39,0.07,13.44,-2.20,-10.00
26,3,1228.47,454.67,1322.60,548.80,0.1417,1.8,0.67,1.80,9.08,1.12,25.03,2.71,-10.00
26,3,729.03,513.15,775.06,543.97,0.1286,1.2,0.64,1.71,-2.52,2.04,49.55,2.94,-10.00
26,3,1555.20,434.61,1600.00,582.09,0.1074,1.8,0.74,1.77,10.52,1.12,16.12,-3.02,-10.00
26,3,-1.00,-1.00,-1.00,-1.00,0.1072,1.0,0.52,1.54,10.86,1.27,-8.77,1.57,-10.00
26,3,-1.00,-1.00,-1.00,-1.00,0.1029,1.6,0.70,1.70,11.30,1.63,-19.09,0.16,-10.00
26,3,263.11,455.34,382.18,548.10,0.1013,1.1,0.53,1.55,-6.16,0.69,15.88,-1.28,-10.00
27,3,-1.00,-1.00,-1.00,-1.00,0.1516,1.4,0.65,1.53,15.53,0.20,12.10,-1.91,-10.00
27,3,-1.00,-1.00,-1.00,-1.00,0.1043,1.1,0.49,1.51,6.17,1.74,-31.79,1.89,-10.00
28,3,-1.00,-1.00,-1.00,-1.00,0.2591,1.1,0.69,1.59,-28.84,-1.04,-8.49,2.90,-10.00
28,3,-1.00,-1.00,-1.00,-1.00,0.2291,1.9,0.70,1.93,9.64,1.22,11.06,2.68,-10.00
28,3,-1.00,-1.00,-1.00,-1.00,0.2078,1.0,0.47,1.70,13.17,-0.33,-3.41,-1.61,-10.00
28,3,-1.00,-1.00,-1.00,-1.00,0.1687,1.1,0.40,1.48,6.41,1.44,-33.85,1.61,-10.00
28,3,599.27,537.47,664.01,579.43,0.1564,1.1,0.56,1.70,-5.18,2.44,35.54,0.10,-10.00
28,3,-1.00,-1.00,-1.00,-1.00,0.1515,1.1,0.65,1.68,6.93,1.70,-20.03,-1.46,-10.00
28,3,-1.00,-1.00,-1.00,-1.00,0.1430,1.0,0.39,1.64,15.39,1.29,-12.13,1.54,-10.00
28,3,-1.00,-1.00,-1.00,-1.00,0.1401,1.8,0.75,1.90,15.01,0.80,10.20,-2.53,-10.00
28,3,-1.00,-1.00,-1.00,-1.00,0.1386,1.2,0.47,1.57,-8.49,0.33,5.56,1.67,-10.00
28,3,-1.00,-1.00,-1.00,-1.00,0.1177,1.1,0.56,1.72,16.93,1.08,-14.42,1.55,-10.00
28,3,-1.00,-1.00,-1.00,-1.00,0.1174,1.5,0.74,1.83,11.22,1.78,-23.48,0.06,-10.00
28,3,722.22,477.32,778.12,554.99,0.1166,1.0,0.46,1.60,-0.89,0.85,17.46,1.71,-10.00
29,3,-1.00,-1.00,-1.00,-1.00,0.3052,1.8,0.61,1.92,14.70,0.79,8.72,-2.21,-10.00
29,3,934.03,547.21,988.53,580.70,0.2280,1.1,0.59,1.75,4.93,3.00,43.04,-2.82,-10.00
29,3,-1.00,-1.00,-1.00,-1.00,0.1828,1.1,0.47,1.60,15.36,1.21,-14.28,1.56,-10.00
29,3,-1.00,-1.00,-1.00,-1.00,0.1737,1.1,0.49,1.68,4.82,2.02,-31.93,-1.55,-10.00
29,3,-1.00,-1.00,-1.00,-1.00,0.1649,1.0,0.48,1.72,16.87,1.26,-16.44,-1.48,-10.00
29,3,1453.10,470.17,1588.63,594.01,0.1633,1.5,0.62,1.78,9.18,1.28,16.57,-1.69,-10.00
29,3,-1.00,-1.00,-1.00,-1.00,0.1168,1.8,0.62,1.79,8.72,1.27,8.51,2.23,-10.00
29,3,-1.00,-1.00,-1.00,-1.00,0.1057,1.0,0.57,1.64,11.01,0.98,8.54,-1.71,-10.00
30,3,-1.00,-1.00,-1.00,-1.00,0.1467,1.9,0.69,1.79,14.49,0.79,7.69,-2.52,-10.00
30,3,-1.00,-1.00,-1.00,-1.00,0.1101,1.1,0.57,1.63,-5.99,1.98,-37.93,-1.55,-10.00
30,3,-1.00,-1.00,-1.00,-1.00,0.1101,0.97,0.35,1.25,-5.94,1.56,-24.15,1.67,-10.00
30,3,-1.00,-1.00,-1.00,-1.00,0.1084,1.0,0.47,1.49,-10.77,0.11,-1.80,-2.72,-10.00
31,3,-1.00,-1.00,-1.00,-1.00,0.1437,1.1,0.53,1.54,-16.01,0.36,17.58,0.64,-10.00
31,3,-1.00,-1.00,-1.00,-1.00,0.1395,1.1,0.47,1.55,6.04,1.61,-38.15,-1.50,-10.00
31,3,200.65,514.77,256.72,549.60,0.1385,0.89,0.45,1.32,-15.36,1.50,33.11,-2.92,-10.00
31,3,958.93,545.08,1016.33,580.61,0.1333,1.1,0.64,1.72,5.50,2.82,40.64,-2.77,-10.00
31,3,-1.00,-1.00,-1.00,-1.00,0.1292,1.1,0.48,1.63,8.62,0.67,-11.50,1.70,-10.00
31,3,-1.00,-1.00,-1.00,-1.00,0.1226,1.7,0.60,1.71,13.93,1.03,7.12,-2.06,-10.00
31,3,-1.00,-1.00,-1.00,-1.00,0.1218,1.1,0.57,1.73,17.34,2.17,-35.08,-3.09,-10.00
31,3,-1.00,-1.00,-1.00,-1.00,0.1080,1.1,0.59,1.51,8.16,1.39,-16.29,1.42,-10.00
32,3,-1.00,-1.00,-1.00,-1.00,0.3281,1.2,0.63,1.71,-12.76,1.13,-31.28,1.73,-10.00
32,3,1537.21,547.42,1600.00,682.23,0.2452,1.1,0.51,1.58,7.06,1.59,11.28,1.67,-10.00
32,3,-1.00,-1.00,-1.00,-1.00,0.1783,1.1,0.47,1.50,6.04,1.73,-38.53,1.69,-10.00
32,3,-1.00,-1.00,-1.00,-1.00,0.1740,1.1,0.44,1.57,8.58,0.91,-11.90,1.79,-10.00
32,3,-1.00,-1.00,-1.00,-1.00,0.1672,0.97,0.51,1.44,-8.80,1.08,9.40,-2.95,-10.00
32,3,-1.00,-1.00,-1.00,-1.00,0.1649,1.5,0.67,1.57,16.29,0.55,2.58,0.47,-10.00
32,3,586.59,535.37,660.93,581.76,0.1377,1.1,0.58,1.70,-4.73,2.19,31.12,0.19,-10.00
32,3,164.00,507.11,241.09,555.84,0.1310,1.2,0.68,1.72,-15.86,1.64,32.74,-2.94,-10.00
32,3,-1.00,-1.00,-1.00,-1.00,0.1111,1.7,0.56,1.65,13.82,1.04,7.08,-2.01,-10.00
32,3,-1.00,-1.00,-1.00,-1.00,0.1025,1.1,0.73,1.96,-19.70,0.69,12.87,-2.07,-10.00
33,3,201.70,512.31,237.49,543.57,0.3704,1.2,0.54,1.54,-22.40,1.94,47.54,-2.50,-10.00
33,3,-1.00,-1.00,-1.00,-1.00,0.2490,1.1,0.84,1.69,-20.04,0.75,12.72,-2.01,-10.00
33,3,-1.00,-1.00,-1.00,-1.00,0.2047,1.7,0.57,1.77,13.48,1.25,7.84,-1.81,-10.00
33,3,610.15,538.99,684.24,582.43,0.1725,1.0,0.61,1.77,-4.18,2.23,31.37,-0.05,-10.00
33,3,-1.00,-1.00,-1.00,-1.00,0.1593,1.6,0.82,0.84,-12.77,1.59,-31.41,1.47,-10.00
33,3,-1.00,-1.00,-1.00,-1.00,0.1589,1.1,0.56,1.44,30.25,2.95,32.49,0.02,-10.00
33,3,0.00,573.94,154.21,656.20,0.1337,0.55,0.96,1.37,-6.21,1.28,10.58,-2.24,-10.00
33,3,-1.00,-1.00,-1.00,-1.00,0.1117,1.0,0.55,1.49,8.06,2.12,-35.85,-1.42,-10.00
33,3,51.41,473.81,145.03,539.63,0.1102,1.1,0.49,1.62,-12.40,0.82,21.86,-2.76,-10.00
34,3,391.90,520.19,470.81,573.06,0.3136,1.1,0.51,1.59,-8.46,1.77,27.84,-2.94,-10.00
34,3,-1.00,-1.00,-1.00,-1.00,0.2301,1.1,0.43,1.40,34.52,3.74,44.13,0.03,-10.00
34,3,-1.00,-1.00,-1.00,-1.00,0.2003,1.5,0.65,1.86,9.44,1.26,13.34,1.36,-10.00
34,3,479.01,551.81,528.01,583.03,0.1883,1.1,0.49,1.58,-10.93,3.18,44.29,0.14,-10.00
34,3,-1.00,-1.00,-1.00,-1.00,0.1647,1.1,0.58,1.66,-10.02,0.43,-40.19,1.75,-10.00
34,3,-1.00,-1.00,-1.00,-1.00,0.1518,1.1,0.64,1.59,-20.07,1.01,17.48,-2.09,-10.00
34,3,-1.00,-1.00,-1.00,-1.00,0.1193,1.2,0.48,1.62,5.61,1.42,-38.64,-1.19,-10.00
34,3,-1.00,-1.00,-1.00,-1.00,0.1142,0.96,0.72,1.85,6.58,1.46,5.26,-1.37,-10.00
34,3,-1.00,-1.00,-1.00,-1.00,0.1121,1.1,0.55,1.52,12.45,1.76,-26.71,1.38,-10.00
34,3,-1.00,-1.00,-1.00,-1.00,0.1018,1.0,0.83,1.64,-22.25,0.71,13.94,-2.29,-10.00
35,3,-1.00,-1.00,-1.00,-1.00,0.3423,0.9,0.72,1.55,-22.10,0.84,13.55,-1.73,-10.00
35,3,75.12,464.94,188.72,535.95,0.2925,1.2,0.58,1.65,-11.75,0.75,21.77,-3.07,-10.00
35,3,-1.00,-1.00,-1.00,-1.00,0.2597,1.0,0.51,1.70,-12.72,1.04,10.34,-1.61,-10.00
35,3,-1.00,-1.00,-1.00,-1.00,0.1452,1.1,0.63,1.27,-9.81,1.19,11.04,-1.67,-10.00
35,3,710.27,489.21,739.38,521.85,0.1246,1.0,0.55,1.65,-2.90,0.96,40.23,1.73,-10.00
35,3,-1.00,-1.00,-1.00,-1.00,0.1232,1.1,0.56,1.72,-6.32,1.64,-31.76,-0.31,-10.00
35,3,-1.00,-1.00,-1.00,-1.00,0.1096,1.1,0.48,1.50,15.37,1.63,10.22,-0.43,-10.00
35,3,1283.37,580.75,1313.42,619.53,0.1001,1.1,0.54,1.48,15.13,3.95,39.77,-1.45,-10.00
36,3,-1.00,-1.00,-1.00,-1.00,0.2797,1.1,0.50,1.52,-22.10,0.81,13.85,-1.70,-10.00
36,3,490.14,554.27,519.83,584.07,0.2464,0.98,0.51,1.46,-10.90,3.20,44.37,1.70,-10.00
36,3,-1.00,-1.00,-1.00,-1.00,0.1167,1.1,0.60,1.68,19.05,1.94,14.22,1.12,-10.00
36,3,193.76,471.52,286.23,542.76,0.1166,1.0,0.44,1.62,-8.50,0.74,18.74,1.70,-10.00
36,3,-1.00,-1.00,-1.00,-1.00,0.1037,1.1,0.52,1.62,15.42,1.79,10.56,2.61,-10.00
37,3,-1.00,-1.00,-1.00,-1.00,0.4119,1.1,0.47,1.47,-22.13,0.76,13.86,-1.84,-10.00
37,3,-1.00,-1.00,-1.00,-1.00,0.2552,1.1,0.52,1.67,-12.87,1.12,10.36,-1.63,-10.00
37,3,-1.00,-1.00,-1.00,-1.00,0.2214,1.1,0.68,1.76,-7.13,1.31,-30.73,-1.24,-10.00
37,3,-1.00,-1.00,-1.00,-1.00,0.2087,1.1,0.63,1.79,19.05,2.03,14.19,1.08,-10.00
37,3,-1.00,-1.00,-1.00,-1.00,0.1928,1.2,0.53,1.71,20.62,1.86,-26.73,0.07,-10.00
37,3,-1.00,-1.00,-1.00,-1.00,0.1236,1.1,0.53,1.63,8.24,2.01,-8.29,1.83,-10.00
37,3,-1.00,-1.00,-1.00,-1.00,0.1184,1.1,0.55,1.64,20.56,1.84,-26.79,-1.68,-10.00
37,3,-1.00,-1.00,-1.00,-1.00,0.1099,1.2,0.59,1.59,7.86,1.91,-9.03,1.82,-10.00
37,3,-1.00,-1.00,-1.00,-1.00,0.1065,1.1,0.51,1.58,15.37,1.68,10.21,2.70,-10.00
38,3,-1.00,-1.00,-1.00,-1.00,0.3939,1.1,0.48,1.44,-22.11,0.82,13.83,-1.78,-10.00
38,3,475.96,549.86,525.29,581.80,0.2680,1.1,0.60,1.56,-11.03,3.13,44.28,0.02,-10.00
38,3,673.10,548.06,722.28,581.90,0.1775,1.1,0.52,1.60,-4.10,3.10,43.86,0.18,-10.00
38,3,-1.00,-1.00,-1.00,-1.00,0.1623,1.1,0.61,1.73,19.04,1.94,14.15,1.08,-10.00
38,3,1588.83,460.41,1600.00,633.12,0.1118,1.8,0.75,1.51,9.37,1.48,13.78,0.33,-10.00
38,3,-1.00,-1.00,-1.00,-1.00,0.1104,1.1,0.50,1.65,8.55,1.31,-11.94,-1.46,-10.00
39,3,-1.00,-1.00,-1.00,-1.00,0.4895,1.1,0.49,1.44,-22.12,0.83,13.87,-1.81,-10.00
39,3,672.90,553.51,721.30,587.20,0.1263,1.1,0.53,1.57,-4.12,3.28,43.85,-2.92,-10.00
39,3,-1.00,-1.00,-1.00,-1.00,0.1191,1.1,0.63,1.73,19.03,2.01,14.33,1.12,-10.00
39,3,452.16,462.62,529.41,589.49,0.1022,1.9,0.92,1.36,-4.98,1.46,19.46,1.48,-10.00
40,3,-1.00,-1.00,-1.00,-1.00,0.3586,1.1,0.50,1.54,-22.11,0.80,13.81,-1.72,-10.00
40,3,488.24,550.31,520.99,581.69,0.2061,1.0,0.55,1.51,-10.90,3.11,44.34,1.74,-10.00
40,3,1584.26,461.83,1600.00,638.84,0.1321,1.8,0.79,1.43,9.31,1.54,13.80,0.27,-10.00
40,3,160.02,499.17,252.91,559.45,0.1011,0.98,0.48,1.41,-10.17,1.11,21.12,-2.88,-10.00
