0,3,-1.00,-1.00,-1.00,-1.00,0.1898,1.3,0.54,1.84,-17.39,2.86,0.41,1.54,-10.00
0,3,-1.00,-1.00,-1.00,-1.00,0.1846,2.0,0.75,1.71,-5.01,0.27,-25.41,2.69,-10.00
0,3,-1.00,-1.00,-1.00,-1.00,0.1662,1.1,0.42,1.38,-24.57,2.96,-1.76,-1.61,-10.00
0,3,674.43,471.00,702.38,511.34,0.1655,1.3,0.63,1.82,-4.10,0.63,40.68,1.61,-10.00
0,3,-1.00,-1.00,-1.00,-1.00,0.1301,1.2,0.50,1.59,-29.08,2.58,-19.42,-1.58,-10.00
0,3,377.57,513.65,473.64,573.18,0.1295,1.1,0.57,1.67,-7.23,1.50,23.49,-0.27,-10.00
0,3,-1.00,-1.00,-1.00,-1.00,0.1233,1.1,0.55,1.77,-31.08,2.74,-2.41,-1.67,-10.00
0,3,1206.89,453.77,1285.68,509.55,0.1026,1.4,0.75,1.77,11.07,0.46,32.63,3.01,-10.00
0,3,1322.95,499.41,1409.21,554.43,0.1022,1.1,0.62,1.57,11.53,1.29,26.57,0.61,-10.00
0,3,-1.00,-1.00,-1.00,-1.00,0.1005,1.0,0.57,1.61,-13.13,2.80,-27.41,1.14,-10.00
1,3,-1.00,-1.00,-1.00,-1.00,0.1942,1.1,0.54,1.57,-15.23,1.70,7.49,-3.05,-10.00
1,3,-1.00,-1.00,-1.00,-1.00,0.1502,1.0,0.35,1.20,10.80,1.82,-29.51,1.43,-10.00
1,3,-1.00,-1.00,-1.00,-1.00,0.1198,1.1,0.62,1.77,0.44,0.70,-37.40,2.89,-10.00
1,3,-1.00,-1.00,-1.00,-1.00,0.1129,1.1,0.56,1.62,9.35,2.12,-40.03,-1.68,-10.00
1,3,-1.00,-1.00,-1.00,-1.00,0.1073,1.1,0.52,1.62,-9.08,1.27,-11.80,-2.72,-10.00
1,3,-1.00,-1.00,-1.00,-1.00,0.1036,1.1,0.53,1.56,-15.25,0.94,1.46,0.30,-10.00
2,3,-1.00,-1.00,-1.00,-1.00,0.3309,1.7,0.67,1.83,32.84,1.24,3.74,-0.15,-10.00
2,3,387.33,505.04,455.02,546.83,0.1911,1.1,0.63,1.69,-11.05,1.53,35.43,0.17,-10.00
2,3,543.55,471.74,589.29,530.86,0.1556,1.4,0.71,1.65,-6.08,0.95,30.91,-1.53,-10.00
2,3,0.00,386.73,94.04,570.58,0.1060,1.8,0.76,1.44,-8.22,0.78,12.76,-0.14,-10.00
2,3,-1.00,-1.00,-1.00,-1.00,0.1008,1.2,0.68,1.59,-19.41,1.60,21.11,-2.96,-10.00
3,3,-1.00,-1.00,-1.00,-1.00,0.1576,1.3,0.56,1.68,-26.27,2.06,8.25,-1.80,-10.00
3,3,-1.00,-1.00,-1.00,-1.00,0.1334,1.3,0.58,1.61,41.05,2.23,-2.01,1.18,-10.00
3,3,-1.00,-1.00,-1.00,-1.00,0.1110,1.1,0.58,1.67,-22.50,1.97,24.27,-0.40,-10.00
3,3,-1.00,-1.00,-1.00,-1.00,0.1102,1.2,0.56,1.59,-16.50,1.47,5.46,0.09,-10.00
4,3,-1.00,-1.00,-1.00,-1.00,0.1714,1.0,0.38,1.32,-24.45,1.92,21.14,1.55,-10.00
4,3,509.33,495.48,556.55,525.02,0.1076,1.0,0.58,1.52,-10.07,1.18,45.04,0.17,-10.00
5,3,-1.00,-1.00,-1.00,-1.00,0.2114,1.7,0.74,1.75,25.96,0.58,30.51,0.31,-10.00
5,3,-1.00,-1.00,-1.00,-1.00,0.2019,1.0,0.35,1.30,-11.87,2.21,-16.97,1.54,-10.00
5,3,404.03,501.27,468.70,540.21,0.1690,1.1,0.62,1.69,-11.09,1.41,37.01,-0.01,-10.00
5,3,-1.00,-1.00,-1.00,-1.00,0.1333,1.1,0.39,1.33,-8.74,1.65,-23.82,1.70,-10.00
5,3,-1.00,-1.00,-1.00,-1.00,0.1106,1.1,0.60,1.56,26.19,1.73,-13.49,-0.19,-10.00
6,3,-1.00,-1.00,-1.00,-1.00,0.2543,1.0,0.35,1.23,-10.34,1.83,-26.98,1.46,-10.00
6,3,420.34,477.02,501.44,528.47,0.1429,1.2,0.66,1.70,-8.36,0.86,29.83,0.07,-10.00
6,3,306.24,500.52,381.90,547.24,0.1414,1.2,0.57,1.70,-12.01,1.41,32.24,-0.03,-10.00
6,3,-1.00,-1.00,-1.00,-1.00,0.1371,1.2,0.56,1.62,-20.19,1.99,-0.45,1.67,-10.00
6,3,-1.00,-1.00,-1.00,-1.00,0.1027,1.1,0.54,1.56,-19.81,1.98,-0.36,1.80,-10.00
7,3,-1.00,-1.00,-1.00,-1.00,0.1607,1.0,0.32,1.19,-11.17,2.23,-26.19,1.52,-10.00
7,3,-1.00,-1.00,-1.00,-1.00,0.1577,1.2,0.48,1.52,25.63,1.72,-11.52,0.03,-10.00
7,3,-1.00,-1.00,-1.00,-1.00,0.1441,1.2,0.56,1.63,-7.48,2.11,-39.33,-1.58,-10.00
7,3,-1.00,-1.00,-1.00,-1.00,0.1077,1.1,0.50,1.47,-9.98,2.43,-37.26,-1.66,-10.00
8,3,-1.00,-1.00,-1.00,-1.00,0.1461,1.2,0.52,1.42,-13.68,2.36,-26.54,-0.21,-10.00
8,3,-1.00,-1.00,-1.00,-1.00,0.1382,1.0,0.52,1.43,-13.06,2.19,-11.38,-1.41,-10.00
8,3,-1.00,-1.00,-1.00,-1.00,0.1376,1.1,0.37,1.36,-10.74,2.62,-30.68,1.55,-10.00
8,3,-1.00,-1.00,-1.00,-1.00,0.1125,1.4,0.67,1.76,34.28,-0.62,1.90,-2.12,-10.00
9,3,85.12,455.56,229.23,557.93,0.3265,1.3,0.53,1.63,-8.51,0.84,16.36,-3.00,-10.00
9,3,-1.00,-1.00,-1.00,-1.00,0.2299,1.2,0.47,1.47,19.33,1.64,3.75,3.00,-10.00
9,3,-1.00,-1.00,-1.00,-1.00,0.1835,1.2,0.63,1.72,-10.84,1.98,-39.34,1.36,-10.00
9,3,-1.00,-1.00,-1.00,-1.00,0.1624,1.1,0.66,1.68,-11.17,2.36,-38.52,1.57,-10.00
9,3,487.36,462.87,573.87,520.47,0.1082,1.2,0.59,1.72,-5.92,0.59,26.27,-0.23,-10.00
9,3,124.09,466.76,254.34,565.06,0.1054,1.3,0.55,1.56,-8.25,0.94,16.66,-2.85,-10.00
10,3,-1.00,-1.00,-1.00,-1.00,0.2864,1.0,0.34,1.25,-15.77,2.07,-24.52,1.69,-10.00
10,3,-1.00,-1.00,-1.00,-1.00,0.2432,1.1,0.43,1.55,-8.66,0.79,-7.37,1.77,-10.00
10,3,414.74,468.52,491.17,513.37,0.1950,1.0,0.53,1.63,-8.44,0.50,29.46,3.03,-10.00
10,3,-1.00,-1.00,-1.00,-1.00,0.1655,1.1,0.39,1.42,-7.13,2.45,-25.41,1.58,-10.00
10,3,-1.00,-1.00,-1.00,-1.00,0.1628,1.1,0.57,1.70,-4.31,1.38,-35.23,-0.95,-10.00
10,3,-1.00,-1.00,-1.00,-1.00,0.1549,1.7,0.72,1.83,-4.33,2.14,-43.34,-1.24,-10.00
10,3,-1.00,-1.00,-1.00,-1.00,0.1277,1.1,0.48,1.61,-13.64,0.82,17.49,0.09,-10.00
10,3,-1.00,-1.00,-1.00,-1.00,0.1275,2.0,0.81,2.09,30.33,1.21,32.37,1.40,-10.00
10,3,-1.00,-1.00,-1.00,-1.00,0.1011,1.2,0.60,1.71,19.01,1.59,-0.69,-1.54,-10.00
11,3,1570.17,431.98,1600.00,541.27,0.5364,1.8,0.74,2.05,14.32,0.84,22.04,-1.93,-10.00
11,3,-1.00,-1.00,-1.00,-1.00,0.3106,1.5,0.82,0.85,-9.11,1.19,-17.39,1.24,-10.00
11,3,-1.00,-1.00,-1.00,-1.00,0.2505,1.8,0.74,1.79,-8.62,1.71,-29.69,3.09,-10.00
11,3,-1.00,-1.00,-1.00,-1.00,0.2275,1.9,0.74,1.77,9.79,1.26,1.75,1.73,-10.00
11,3,-1.00,-1.00,-1.00,-1.00,0.2121,1.3,0.71,1.73,-4.28,1.88,-47.44,-1.21,-10.00
11,3,-1.00,-1.00,-1.00,-1.00,0.1688,1.3,0.61,1.08,-8.63,0.76,-11.75,1.72,-10.00
11,3,1486.52,449.81,1537.61,517.35,0.1498,1.7,0.70,1.77,18.30,0.68,33.35,-1.35,-10.00
11,3,-1.00,-1.00,-1.00,-1.00,0.1451,1.2,0.46,1.52,19.36,1.60,-4.24,3.07,-10.00
11,3,1135.29,474.32,1158.22,519.67,0.1417,1.7,0.70,2.11,12.34,1.05,47.27,-1.25,-10.00
11,3,-1.00,-1.00,-1.00,-1.00,0.1378,1.6,0.73,1.82,23.76,0.90,6.57,-2.76,-10.00
11,3,-1.00,-1.00,-1.00,-1.00,0.1369,1.8,0.79,1.76,-8.24,1.16,-3.36,-1.35,-10.00
11,3,-1.00,-1.00,-1.00,-1.00,0.1237,1.3,0.77,1.24,-6.91,1.44,0.20,1.43,-10.00
11,3,-1.00,-1.00,-1.00,-1.00,0.1230,1.0,0.45,1.52,-8.36,2.58,-25.35,1.52,-10.00
11,3,-1.00,-1.00,-1.00,-1.00,0.1217,1.1,0.40,1.54,-8.62,2.66,-24.99,1.54,-10.00
11,3,829.88,472.53,894.58,516.51,0.1199,1.3,0.68,1.83,1.39,0.75,38.26,0.29,-10.00
11,3,162.65,454.53,210.89,491.18,0.1093,1.1,0.54,1.77,-19.61,-0.03,39.48,-1.53,-10.00
12,3,-1.00,-1.00,-1.00,-1.00,0.5171,1.8,0.79,1.84,23.81,1.17,2.58,0.27,-10.00
12,3,-1.00,-1.00,-1.00,-1.00,0.2324,1.1,0.64,1.67,-16.55,2.00,-23.30,-0.47,-10.00
12,3,1566.66,457.66,1600.00,538.74,0.1575,1.8,0.74,1.93,18.31,1.07,29.31,1.57,-10.00
12,3,-1.00,-1.00,-1.00,-1.00,0.1518,1.2,0.53,1.53,28.81,3.24,-45.58,-0.56,-10.00
12,3,-1.00,-1.00,-1.00,-1.00,0.1389,0.86,0.54,1.31,-9.79,0.89,11.01,2.61,-10.00
12,3,-1.00,-1.00,-1.00,-1.00,0.1218,1.8,0.72,1.73,9.74,1.28,-2.20,1.84,-10.00
12,3,-1.00,-1.00,-1.00,-1.00,0.1096,0.71,0.79,1.72,-9.03,1.63,-11.91,-1.82,-10.00
12,3,-1.00,-1.00,-1.00,-1.00,0.1059,1.2,0.76,1.81,-9.43,0.26,-27.46,-3.10,-10.00
13,3,-1.00,-1.00,-1.00,-1.00,0.4799,1.2,0.58,1.72,-9.05,0.69,-37.01,-3.02,-10.00
13,3,0.00,500.58,146.55,636.11,0.3231,1.1,0.51,1.56,-6.50,1.18,11.04,1.56,-10.00
13,3,-1.00,-1.00,-1.00,-1.00,0.2368,1.7,0.78,1.96,14.65,0.95,13.92,-1.86,-10.00
13,3,-1.00,-1.00,-1.00,-1.00,0.2364,1.8,0.64,1.80,-9.44,1.19,-19.62,1.84,-10.00
13,3,-1.00,-1.00,-1.00,-1.00,0.2127,1.8,0.73,1.96,33.08,0.96,25.55,-1.61,-10.00
13,3,30.72,468.44,107.90,517.68,0.1745,1.0,0.52,1.67,-15.71,0.55,26.67,1.65,-10.00
13,3,-1.00,-1.00,-1.00,-1.00,0.1585,1.0,0.47,1.50,-13.45,0.63,5.89,0.09,-10.00
13,3,63.03,464.26,160.42,516.38,0.1573,0.88,0.48,1.38,-12.17,0.42,21.89,2.99,-10.00
13,3,-1.00,-1.00,-1.00,-1.00,0.1500,1.3,0.57,1.34,-4.82,2.90,-50.15,-1.62,-10.00
13,3,0.00,409.34,86.99,464.23,0.1446,1.1,0.59,1.84,-16.96,-0.63,27.56,-0.60,-10.00
13,3,0.00,435.21,26.57,498.09,0.1397,2.0,0.58,1.78,-26.42,0.20,40.82,1.73,-10.00
13,3,-1.00,-1.00,-1.00,-1.00,0.1321,1.3,0.70,1.69,28.27,1.22,14.55,-1.56,-10.00
13,3,434.26,455.42,493.39,490.57,0.1311,1.1,0.51,1.75,-11.31,-0.05,40.67,-0.59,-10.00
13,3,-1.00,-1.00,-1.00,-1.00,0.1269,1.1,0.55,1.76,37.54,1.83,19.59,-2.26,-10.00
14,3,-1.00,-1.00,-1.00,-1.00,0.3306,1.9,0.77,1.74,9.05,1.07,-10.62,1.71,-10.00
14,3,0.00,499.70,71.49,577.09,0.2258,1.1,0.57,1.64,-12.12,1.26,19.02,0.23,-10.00
14,3,-1.00,-1.00,-1.00,-1.00,0.1894,1.5,0.75,1.96,19.95,0.89,20.70,1.54,-10.00
14,3,-1.00,-1.00,-1.00,-1.00,0.1308,1.1,0.57,1.67,-38.18,0.56,42.47,-3.09,-10.00
14,3,-1.00,-1.00,-1.00,-1.00,0.1245,1.2,0.53,1.61,18.04,1.40,-17.07,-0.00,-10.00
14,3,-1.00,-1.00,-1.00,-1.00,0.1155,1.1,0.59,1.66,42.29,1.71,28.14,-1.16,-10.00
14,3,0.00,460.74,37.30,527.88,0.1049,2.0,0.70,1.46,-24.09,1.09,38.16,1.27,-10.00
14,3,-1.00,-1.00,-1.00,-1.00,0.1009,1.3,0.67,1.74,18.11,1.46,-17.73,-1.66,-10.00
14,3,-1.00,-1.00,-1.00,-1.00,0.1007,1.2,0.63,1.15,-23.88,2.18,-28.59,1.52,-10.00
15,3,-1.00,-1.00,-1.00,-1.00,0.1367,1.8,0.82,1.83,-44.23,3.60,3.04,1.81,-10.00
15,3,-1.00,-1.00,-1.00,-1.00,0.1317,1.5,0.75,1.75,39.51,0.79,19.59,-1.38,-10.00
15,3,-1.00,-1.00,-1.00,-1.00,0.1302,1.3,0.54,1.79,-20.34,1.62,-33.07,1.86,-10.00
15,3,1000.16,434.48,1070.19,478.38,0.1146,1.3,0.54,1.97,6.46,-0.40,37.35,0.33,-10.00
15,3,-1.00,-1.00,-1.00,-1.00,0.1075,1.0,0.52,1.60,-13.67,1.34,-2.56,-3.00,-10.00
15,3,-1.00,-1.00,-1.00,-1.00,0.1020,1.1,0.60,1.56,-33.52,0.23,25.88,2.92,-10.00
15,3,-1.00,-1.00,-1.00,-1.00,0.1010,1.7,0.75,1.82,35.66,0.64,13.74,-0.10,-10.00
16,3,-1.00,-1.00,-1.00,-1.00,0.5077,1.8,0.75,1.74,22.64,1.36,10.65,-1.11,-10.00
16,3,-1.00,-1.00,-1.00,-1.00,0.4513,1.8,0.61,1.74,-14.33,0.39,-27.17,1.77,-10.00
16,3,1134.65,451.83,1207.29,494.67,0.2594,1.1,0.61,1.78,9.47,0.08,33.83,0.46,-10.00
16,3,-1.00,-1.00,-1.00,-1.00,0.1503,1.8,0.85,1.65,6.86,0.80,-18.18,-3.02,-10.00
16,3,-1.00,-1.00,-1.00,-1.00,0.1171,1.1,0.51,1.61,-13.05,1.38,-1.37,-2.75,-10.00
16,3,-1.00,-1.00,-1.00,-1.00,0.1009,1.3,0.64,1.71,29.50,0.97,-1.64,-1.45,-10.00
17,3,-1.00,-1.00,-1.00,-1.00,0.2693,1.3,0.75,1.66,-19.42,-1.65,-34.08,2.63,-10.00
17,3,730.03,541.06,811.64,592.15,0.2670,1.1,0.54,1.73,-1.01,2.22,28.25,2.85,-10.00
17,3,-1.00,-1.00,-1.00,-1.00,0.2310,1.2,0.58,1.72,-28.40,-1.13,25.23,3.04,-10.00
17,3,197.37,507.04,224.45,548.67,0.1778,1.1,0.59,1.62,-16.97,1.58,35.52,-1.97,-10.00
17,3,1345.38,470.06,1431.36,521.80,0.1529,1.2,0.67,1.73,13.09,0.69,28.99,-2.61,-10.00
17,3,-1.00,-1.00,-1.00,-1.00,0.1424,1.1,0.57,1.64,-14.41,0.65,-6.45,0.31,-10.00
17,3,-1.00,-1.00,-1.00,-1.00,0.1419,1.0,0.49,1.52,-4.24,0.69,-27.10,-1.09,-10.00
17,3,-1.00,-1.00,-1.00,-1.00,0.1367,1.1,0.56,1.69,-3.02,0.06,-41.35,-0.51,-10.00
17,3,1137.58,561.13,1165.89,606.05,0.1193,1.1,0.61,1.60,8.75,2.93,33.06,1.77,-10.00
17,3,1195.46,565.31,1260.88,612.49,0.1153,1.1,0.59,1.48,10.32,3.00,31.76,0.15,-10.00
17,3,1218.55,541.16,1283.91,580.19,0.1139,1.1,0.64,1.78,12.98,2.62,37.84,-2.94,-10.00
17,3,-1.00,-1.00,-1.00,-1.00,0.1135,1.3,0.56,1.58,10.98,0.80,-40.74,2.07,-10.00
18,3,-1.00,-1.00,-1.00,-1.00,0.4786,1.2,0.68,1.67,23.80,2.71,-1.50,1.95,-10.00
18,3,-1.00,-1.00,-1.00,-1.00,0.3820,1.6,0.76,1.81,15.35,1.64,-10.14,-1.10,-10.00
18,3,872.38,517.80,965.78,577.73,0.3577,1.1,0.60,1.69,1.99,1.65,24.53,-0.26,-10.00
18,3,-1.00,-1.00,-1.00,-1.00,0.1557,1.8,0.72,1.83,17.27,1.75,-28.13,3.14,-10.00
18,3,-1.00,-1.00,-1.00,-1.00,0.1313,1.4,0.64,1.66,-19.85,-0.22,-30.09,-1.62,-10.00
18,3,0.00,579.93,158.83,674.47,0.1248,0.72,0.88,1.43,-6.54,1.50,10.80,2.99,-10.00
18,3,-1.00,-1.00,-1.00,-1.00,0.1212,1.1,0.53,1.66,8.38,1.70,-35.84,0.21,-10.00
18,3,-1.00,-1.00,-1.00,-1.00,0.1185,1.1,0.66,1.62,-27.12,0.28,13.13,-2.96,-10.00
18,3,-1.00,-1.00,-1.00,-1.00,0.1127,1.6,0.73,1.77,24.60,2.02,-19.10,-1.31,-10.00
18,3,1110.33,526.22,1158.78,569.58,0.1069,1.1,0.63,1.69,8.31,2.00,33.01,-0.93,-10.00
18,3,1051.18,556.39,1117.93,621.46,0.1011,1.0,0.75,1.67,4.68,2.20,22.18,-1.61,-10.00
18,3,1428.59,546.24,1498.53,600.62,0.1006,1.1,0.56,1.66,13.81,2.28,27.01,-0.57,-10.00
19,3,-1.00,-1.00,-1.00,-1.00,0.3381,1.4,0.70,1.77,23.46,2.93,-7.25,-0.91,-10.00
19,3,-1.00,-1.00,-1.00,-1.00,0.2025,1.1,0.53,1.59,-15.71,0.56,-10.95,-2.55,-10.00
19,3,1165.66,496.69,1207.40,524.76,0.1493,1.0,0.47,1.51,13.87,1.24,47.45,2.81,-10.00
19,3,-1.00,-1.00,-1.00,-1.00,0.1413,2.0,0.79,1.87,31.58,2.30,-17.15,-0.54,-10.00
19,3,-1.00,-1.00,-1.00,-1.00,0.1395,1.6,0.70,1.79,14.25,1.86,-15.34,2.11,-10.00
19,3,-1.00,-1.00,-1.00,-1.00,0.1389,1.3,0.54,1.74,27.89,2.31,-3.56,-0.30,-10.00
19,3,-1.00,-1.00,-1.00,-1.00,0.1203,1.4,0.68,1.75,22.92,2.18,-24.98,-1.05,-10.00
19,3,-1.00,-1.00,-1.00,-1.00,0.1197,2.0,0.86,1.99,10.48,1.85,-19.32,0.58,-10.00
19,3,-1.00,-1.00,-1.00,-1.00,0.1159,1.1,0.60,1.74,22.65,1.52,7.76,1.93,-10.00
19,3,-1.00,-1.00,-1.00,-1.00,0.1008,0.72,1.51,1.16,-10.03,1.23,7.02,-2.55,-10.00
20,3,-1.00,-1.00,-1.00,-1.00,0.3120,1.2,0.65,1.68,27.72,2.70,-8.90,1.54,-10.00
20,3,1076.02,540.44,1224.53,628.81,0.2114,1.1,0.61,1.78,4.35,1.76,16.53,3.00,-10.00
20,3,-1.00,-1.00,-1.00,-1.00,0.1897,1.1,0.59,1.66,17.92,2.56,23.04,-1.05,-10.00
20,3,-1.00,-1.00,-1.00,-1.00,0.1495,1.7,0.67,1.77,23.28,3.00,-11.90,2.53,-10.00
20,3,-1.00,-1.00,-1.00,-1.00,0.1393,1.0,0.44,1.52,4.58,1.62,-13.42,-2.14,-10.00
20,3,-1.00,-1.00,-1.00,-1.00,0.1235,1.3,0.71,1.70,25.79,2.25,-26.20,1.85,-10.00
20,3,-1.00,-1.00,-1.00,-1.00,0.1151,1.1,0.58,1.62,-16.04,0.62,-14.52,-2.57,-10.00
20,3,-1.00,-1.00,-1.00,-1.00,0.1039,1.1,0.62,1.70,-25.86,0.11,8.35,-2.73,-10.00
21,3,-1.00,-1.00,-1.00,-1.00,0.2259,1.7,0.67,1.64,-1.07,2.58,-38.28,2.78,-10.00
21,3,-1.00,-1.00,-1.00,-1.00,0.1889,1.2,0.55,1.63,-15.82,0.48,-16.53,0.56,-10.00
21,3,-1.00,-1.00,-1.00,-1.00,0.1792,1.3,0.57,1.48,32.94,3.39,-9.56,3.01,-10.00
21,3,-1.00,-1.00,-1.00,-1.00,0.1590,1.3,0.59,1.46,-8.93,0.97,-21.34,-3.01,-10.00
21,3,1153.47,504.11,1209.56,554.09,0.1297,1.1,0.58,1.66,8.02,1.35,27.87,-1.69,-10.00
21,3,-1.00,-1.00,-1.00,-1.00,0.1161,1.4,0.64,1.65,-15.84,1.53,-32.09,-1.42,-10.00
21,3,-1.00,-1.00,-1.00,-1.00,0.1063,1.1,0.55,1.55,-14.51,0.55,-16.13,-2.72,-10.00
22,3,1227.52,509.87,1297.79,566.31,0.2434,1.0,0.54,1.66,8.25,1.35,23.47,1.45,-10.00
22,3,-1.00,-1.00,-1.00,-1.00,0.2099,1.3,0.66,1.77,28.64,1.92,4.99,-1.26,-10.00
22,3,-1.00,-1.00,-1.00,-1.00,0.1872,1.1,0.48,1.33,23.13,1.52,14.55,-0.12,-10.00
22,3,-1.00,-1.00,-1.00,-1.00,0.1472,1.1,0.55,1.69,-15.79,0.30,-20.88,0.46,-10.00
22,3,-1.00,-1.00,-1.00,-1.00,0.1344,1.1,0.65,1.68,36.78,2.87,22.61,1.36,-10.00
22,3,-1.00,-1.00,-1.00,-1.00,0.1343,1.0,0.31,1.28,4.19,2.02,-22.13,1.38,-10.00
22,3,-1.00,-1.00,-1.00,-1.00,0.1065,0.67,1.80,1.04,-10.16,0.92,-4.79,-2.78,-10.00
23,3,662.12,469.97,682.99,502.92,0.2571,1.1,0.62,1.73,-4.84,0.37,42.59,1.42,-10.00
23,3,-1.00,-1.00,-1.00,-1.00,0.1778,1.0,0.35,1.31,4.39,1.72,-26.70,-1.86,-10.00
23,3,-1.00,-1.00,-1.00,-1.00,0.1704,1.2,0.48,1.48,23.11,1.61,10.07,-0.22,-10.00
23,3,-1.00,-1.00,-1.00,-1.00,0.1556,1.1,0.55,1.64,14.67,2.21,5.92,-1.19,-10.00
23,3,213.52,495.59,293.09,573.17,0.1358,1.1,0.45,1.57,-8.14,1.15,18.36,1.56,-10.00
23,3,-1.00,-1.00,-1.00,-1.00,0.1250,1.2,0.63,1.73,-15.11,-0.43,-25.60,-1.55,-10.00
24,3,-1.00,-1.00,-1.00,-1.00,0.2107,1.1,0.57,1.67,30.95,1.38,11.38,1.62,-10.00
24,3,-1.00,-1.00,-1.00,-1.00,0.1584,1.4,0.65,1.73,31.52,2.23,3.78,1.42,-10.00
24,3,-1.00,-1.00,-1.00,-1.00,0.1408,1.1,0.52,1.60,4.12,1.71,-31.41,1.63,-10.00
24,3,-1.00,-1.00,-1.00,-1.00,0.1236,1.1,0.64,1.74,4.10,0.64,-29.46,1.70,-10.00
24,3,1350.46,539.76,1461.71,626.49,0.1092,1.1,0.57,1.70,7.85,1.73,16.93,-1.66,-10.00
24,3,-1.00,-1.00,-1.00,-1.00,0.1084,1.3,0.52,1.49,8.88,2.84,-39.35,-1.41,-10.00
24,3,-1.00,-1.00,-1.00,-1.00,0.1078,1.1,0.55,1.56,12.69,1.35,4.25,2.74,-10.00
25,3,-1.00,-1.00,-1.00,-1.00,0.2862,1.5,0.74,1.71,-24.45,-0.24,-3.61,0.13,-10.00
25,3,-1.00,-1.00,-1.00,-1.00,0.2060,1.1,0.60,1.59,14.64,1.88,-4.04,-1.31,-10.00
25,3,1467.19,509.28,1566.25,566.36,0.1604,1.1,0.55,1.65,13.61,1.42,24.65,1.07,-10.00
25,3,-1.00,-1.00,-1.00,-1.00,0.1385,1.2,0.57,1.65,-16.30,0.03,-37.33,-2.56,-10.00
25,3,-1.00,-1.00,-1.00,-1.00,0.1183,1.2,0.56,1.65,48.50,3.50,-19.86,-1.41,-10.00
25,3,-1.00,-1.00,-1.00,-1.00,0.1115,1.3,0.58,1.63,23.03,2.67,-35.13,-0.59,-10.00
25,3,-1.00,-1.00,-1.00,-1.00,0.1066,1.0,0.46,1.49,13.57,1.68,15.03,-2.08,-10.00
25,3,-1.00,-1.00,-1.00,-1.00,0.1026,1.2,0.47,1.47,22.97,1.22,0.19,-0.13,-10.00
25,3,-1.00,-1.00,-1.00,-1.00,0.1000,1.0,0.47,1.42,11.05,1.75,8.38,-1.63,-10.00
26,3,1301.64,503.58,1403.86,565.01,0.3290,1.1,0.58,1.72,10.23,1.37,24.18,0.60,-10.00
26,3,-1.00,-1.00,-1.00,-1.00,0.2189,1.1,0.51,1.71,16.09,0.84,-21.60,-1.92,-10.00
26,3,1124.22,515.22,1172.98,562.97,0.1701,1.1,0.59,1.56,7.60,1.61,29.03,-1.66,-10.00
26,3,-1.00,-1.00,-1.00,-1.00,0.1684,1.1,0.52,1.61,10.64,1.28,16.27,-1.19,-10.00
26,3,-1.00,-1.00,-1.00,-1.00,0.1626,0.72,1.79,1.13,-8.87,1.15,2.99,-2.78,-10.00
26,3,-1.00,-1.00,-1.00,-1.00,0.1381,1.1,0.54,1.77,15.74,0.94,20.92,0.75,-10.00
26,3,287.29,477.01,347.39,546.73,0.1157,1.1,0.50,1.57,-8.14,0.88,20.71,1.46,-10.00
26,3,-1.00,-1.00,-1.00,-1.00,0.1138,1.1,0.57,1.59,10.54,1.56,13.33,-1.54,-10.00
27,3,-1.00,-1.00,-1.00,-1.00,0.1466,1.5,0.65,1.75,25.72,2.07,4.09,-0.11,-10.00
27,3,103.22,445.69,191.03,540.52,0.1379,1.1,0.55,1.54,-8.20,0.59,15.56,1.35,-10.00
27,3,-1.00,-1.00,-1.00,-1.00,0.1353,1.3,0.54,1.71,10.90,1.01,14.17,-2.95,-10.00
27,3,-1.00,-1.00,-1.00,-1.00,0.1338,1.1,0.54,1.65,-19.82,0.38,1.56,1.63,-10.00
27,3,-1.00,-1.00,-1.00,-1.00,0.1214,1.1,0.55,1.54,14.32,2.15,-14.53,1.83,-10.00
27,3,681.19,485.21,721.60,532.51,0.1214,1.2,0.58,1.70,-2.87,1.01,31.75,1.74,-10.00
28,3,-1.00,-1.00,-1.00,-1.00,0.2457,0.56,1.46,1.46,-8.49,1.12,-4.40,-2.80,-10.00
28,3,1284.12,519.42,1385.08,577.98,0.2198,1.1,0.64,1.74,10.21,1.68,24.99,0.14,-10.00
28,3,579.65,515.40,661.36,571.14,0.2143,0.8,0.68,1.62,-2.95,1.17,19.22,1.79,-10.00
28,3,-1.00,-1.00,-1.00,-1.00,0.1496,1.8,0.68,1.03,-7.84,0.93,-20.36,1.91,-10.00
28,3,1584.12,544.78,1600.00,617.43,0.1482,1.1,0.49,1.64,13.13,1.93,20.09,-1.94,-10.00
28,3,653.82,494.68,709.22,547.87,0.1384,1.1,0.58,1.68,-2.87,1.18,27.10,1.85,-10.00
28,3,1301.04,514.41,1338.49,569.56,0.1097,1.1,0.65,1.69,10.26,1.55,25.84,1.91,-10.00
28,3,1213.06,491.09,1281.38,541.93,0.1064,1.2,0.57,1.68,10.31,1.20,30.27,-0.51,-10.00
28,3,-1.00,-1.00,-1.00,-1.00,0.1031,1.1,0.62,1.63,15.89,1.88,12.41,-1.20,-10.00
29,3,-1.00,-1.00,-1.00,-1.00,0.2454,1.1,0.50,1.74,10.04,1.37,7.32,-2.58,-10.00
29,3,1521.44,535.62,1600.00,623.40,0.2343,1.0,0.46,1.56,9.80,1.62,16.19,1.37,-10.00
29,3,-1.00,-1.00,-1.00,-1.00,0.2202,1.1,0.52,1.63,13.88,2.23,-7.84,-2.92,-10.00
29,3,-1.00,-1.00,-1.00,-1.00,0.1628,1.1,0.53,1.70,14.99,1.97,-24.77,2.96,-10.00
29,3,-1.00,-1.00,-1.00,-1.00,0.1605,1.1,0.54,1.67,10.09,1.68,5.76,0.69,-10.00
29,3,-1.00,-1.00,-1.00,-1.00,0.1516,0.98,0.57,1.55,13.93,2.11,17.42,-1.97,-10.00
29,3,-1.00,-1.00,-1.00,-1.00,0.1317,1.1,0.48,1.54,13.14,1.92,14.51,-1.82,-10.00
29,3,-1.00,-1.00,-1.00,-1.00,0.1305,1.0,0.52,1.53,13.42,1.88,4.04,1.10,-10.00
29,3,-1.00,-1.00,-1.00,-1.00,0.1230,1.1,0.49,1.45,12.49,1.76,-21.02,-1.54,-10.00
29,3,-1.00,-1.00,-1.00,-1.00,0.1192,1.3,0.74,1.77,25.40,2.47,-6.32,1.74,-10.00
29,3,-1.00,-1.00,-1.00,-1.00,0.1144,1.0,0.59,1.64,13.37,2.21,-8.37,-1.51,-10.00
29,3,-1.00,-1.00,-1.00,-1.00,0.1118,1.1,0.50,1.56,13.06,1.51,-10.99,1.48,-10.00
29,3,-1.00,-1.00,-1.00,-1.00,0.1050,0.73,1.76,1.06,-8.96,1.17,-10.06,-2.45,-10.00
29,3,-1.00,-1.00,-1.00,-1.00,0.1020,1.2,0.39,1.52,22.82,1.86,-20.27,-0.17,-10.00
30,3,-1.00,-1.00,-1.00,-1.00,0.2883,1.1,0.50,1.64,14.62,2.24,-30.28,2.95,-10.00
30,3,-1.00,-1.00,-1.00,-1.00,0.2726,1.0,0.45,1.50,13.39,1.99,8.84,-1.94,-10.00
30,3,-1.00,-1.00,-1.00,-1.00,0.2257,1.2,0.50,1.67,10.27,1.74,3.34,-2.82,-10.00
30,3,-1.00,-1.00,-1.00,-1.00,0.1712,1.0,0.61,1.68,15.83,2.17,0.52,-2.04,-10.00
30,3,-1.00,-1.00,-1.00,-1.00,0.1459,1.1,0.56,1.68,27.68,2.47,-30.35,-1.51,-10.00
30,3,-1.00,-1.00,-1.00,-1.00,0.1450,1.0,0.58,1.64,14.10,2.06,11.71,-2.62,-10.00
30,3,-1.00,-1.00,-1.00,-1.00,0.1297,1.1,0.74,1.87,29.99,2.30,-1.52,0.51,-10.00
30,3,-1.00,-1.00,-1.00,-1.00,0.1278,1.0,0.57,1.69,26.64,2.47,-18.96,1.76,-10.00
30,3,-1.00,-1.00,-1.00,-1.00,0.1202,1.0,0.47,1.49,13.40,2.04,-1.41,1.29,-10.00
30,3,-1.00,-1.00,-1.00,-1.00,0.1195,1.1,0.50,1.51,10.70,1.37,7.37,-2.60,-10.00
30,3,1130.96,533.34,1167.95,582.82,0.1071,1.1,0.53,1.55,7.52,2.02,28.64,-1.50,-10.00
31,3,-1.00,-1.00,-1.00,-1.00,0.3579,1.1,0.51,1.62,15.96,2.15,10.20,-1.65,-10.00
31,3,-1.00,-1.00,-1.00,-1.00,0.2804,1.0,0.41,1.69,13.47,2.10,12.24,-1.66,-10.00
31,3,-1.00,-1.00,-1.00,-1.00,0.2768,0.88,0.71,1.67,15.72,2.08,-0.40,-1.88,-10.00
31,3,-1.00,-1.00,-1.00,-1.00,0.1536,1.1,0.67,1.68,18.60,2.38,-14.02,1.61,-10.00
31,3,-1.00,-1.00,-1.00,-1.00,0.1343,1.0,0.52,1.60,15.83,2.09,4.25,1.12,-10.00
31,3,-1.00,-1.00,-1.00,-1.00,0.1251,1.0,0.40,1.36,-6.62,1.55,-28.96,-1.55,-10.00
31,3,1557.24,518.56,1600.00,614.98,0.1220,1.1,0.58,1.65,9.98,1.44,15.37,-2.50,-10.00
31,3,-1.00,-1.00,-1.00,-1.00,0.1143,1.2,0.52,1.65,10.36,1.30,13.38,2.82,-10.00
31,3,-1.00,-1.00,-1.00,-1.00,0.1072,1.1,0.48,1.52,16.13,2.29,-23.53,3.07,-10.00
32,3,-1.00,-1.00,-1.00,-1.00,0.3817,1.1,0.56,1.77,13.42,2.31,6.71,-1.57,-10.00
32,3,-1.00,-1.00,-1.00,-1.00,0.2757,1.0,0.61,1.73,15.91,2.30,4.19,-1.62,-10.00
32,3,-1.00,-1.00,-1.00,-1.00,0.2125,1.1,0.66,1.70,-5.69,1.45,-24.63,-0.17,-10.00
32,3,-1.00,-1.00,-1.00,-1.00,0.1771,0.83,0.78,1.69,15.64,2.17,-5.75,1.30,-10.00
32,3,-1.00,-1.00,-1.00,-1.00,0.1699,1.1,0.64,1.65,-10.94,0.28,-28.53,2.79,-10.00
32,3,-1.00,-1.00,-1.00,-1.00,0.1504,1.0,0.52,1.70,13.77,2.24,6.88,-1.80,-10.00
32,3,-1.00,-1.00,-1.00,-1.00,0.1293,0.76,0.51,1.22,-5.02,0.75,-4.58,3.01,-10.00
32,3,1107.38,570.67,1144.03,619.56,0.1292,1.1,0.54,1.63,7.54,3.06,30.92,-1.54,-10.00
32,3,-1.00,-1.00,-1.00,-1.00,0.1234,1.1,0.61,1.56,13.39,2.42,9.98,1.78,-10.00
32,3,320.05,509.00,391.39,599.92,0.1175,0.9,0.60,1.55,-4.86,1.08,13.31,1.16,-10.00
32,3,1469.72,601.31,1600.00,721.10,0.1103,1.0,0.48,1.65,7.44,2.21,12.94,1.42,-10.00
33,3,-1.00,-1.00,-1.00,-1.00,0.2877,0.98,0.43,1.42,13.43,2.45,7.29,0.83,-10.00
33,3,1346.22,560.23,1415.97,627.17,0.2672,1.1,0.61,1.69,9.95,2.32,22.37,1.66,-10.00
33,3,1358.10,548.58,1423.10,591.87,0.2307,1.1,0.60,1.64,15.05,2.58,33.22,1.25,-10.00
33,3,-1.00,-1.00,-1.00,-1.00,0.2091,1.1,0.66,1.75,15.87,2.25,-0.89,1.56,-10.00
33,3,-1.00,-1.00,-1.00,-1.00,0.1845,1.0,0.53,1.57,13.45,2.30,5.46,-1.47,-10.00
33,3,-1.00,-1.00,-1.00,-1.00,0.1777,1.1,0.44,1.62,28.19,3.45,11.61,3.08,-10.00
33,3,-1.00,-1.00,-1.00,-1.00,0.1722,0.99,0.53,1.64,13.47,2.33,11.37,-1.54,-10.00
33,3,-1.00,-1.00,-1.00,-1.00,0.1517,1.0,0.53,1.53,13.86,2.30,10.62,-1.52,-10.00
33,3,-1.00,-1.00,-1.00,-1.00,0.1511,1.2,0.54,1.68,23.18,3.03,-31.45,0.10,-10.00
33,3,-1.00,-1.00,-1.00,-1.00,0.1474,1.0,0.64,1.62,7.33,2.51,-19.52,1.40,-10.00
33,3,-1.00,-1.00,-1.00,-1.00,0.1455,1.2,0.57,1.60,38.67,2.86,17.18,-1.97,-10.00
33,3,-1.00,-1.00,-1.00,-1.00,0.1422,1.1,0.57,1.65,10.05,1.80,14.98,-0.64,-10.00
33,3,-1.00,-1.00,-1.00,-1.00,0.1380,1.1,0.63,1.81,37.40,2.17,-21.20,-1.20,-10.00
33,3,-1.00,-1.00,-1.00,-1.00,0.1371,1.1,0.51,1.49,10.57,1.94,-7.69,-1.48,-10.00
33,3,1519.39,577.92,1600.00,640.13,0.1355,1.0,0.50,1.56,13.43,2.60,22.51,-3.02,-10.00
33,3,-1.00,-1.00,-1.00,-1.00,0.1160,1.0,0.58,1.58,10.05,2.20,-30.23,-1.54,-10.00
33,3,1446.26,579.00,1574.75,690.66,0.1153,1.0,0.45,1.75,7.49,2.04,13.75,-1.56,-10.00
33,3,-1.00,-1.00,-1.00,-1.00,0.1049,1.5,0.92,0.94,-8.73,1.35,-16.28,-1.82,-10.00
34,3,-1.00,-1.00,-1.00,-1.00,0.3244,1.1,0.56,1.70,13.42,2.18,0.34,-1.37,-10.00
34,3,-1.00,-1.00,-1.00,-1.00,0.2789,1.1,0.46,1.52,12.98,2.52,-13.01,-1.46,-10.00
34,3,-1.00,-1.00,-1.00,-1.00,0.2715,1.0,0.49,1.58,13.47,2.25,6.27,1.65,-10.00
34,3,-1.00,-1.00,-1.00,-1.00,0.1877,1.1,0.57,1.59,-24.01,0.07,-13.71,-0.31,-10.00
34,3,-1.00,-1.00,-1.00,-1.00,0.1805,1.0,0.54,1.68,13.36,2.13,-3.26,-1.72,-10.00
34,3,-1.00,-1.00,-1.00,-1.00,0.1480,1.1,0.55,1.68,13.80,2.15,1.79,0.65,-10.00
34,3,-1.00,-1.00,-1.00,-1.00,0.1447,1.1,0.67,1.75,10.63,2.15,-13.43,-1.63,-10.00
34,3,-1.00,-1.00,-1.00,-1.00,0.1375,1.1,0.79,1.73,10.43,2.19,-17.83,-1.73,-10.00
34,3,617.88,535.30,664.79,609.56,0.1357,1.0,0.53,1.58,-2.63,1.71,18.96,-1.81,-10.00
34,3,-1.00,-1.00,-1.00,-1.00,0.1277,1.1,0.67,1.61,9.67,2.44,-35.69,-1.57,-10.00
34,3,-1.00,-1.00,-1.00,-1.00,0.1240,1.0,0.66,1.67,-3.35,1.68,-12.67,1.59,-10.00
34,3,-1.00,-1.00,-1.00,-1.00,0.1196,0.93,0.55,1.40,-5.50,0.91,-14.52,-2.98,-10.00
34,3,-1.00,-1.00,-1.00,-1.00,0.1196,1.1,0.59,1.49,-10.29,1.04,-26.64,2.22,-10.00
34,3,-1.00,-1.00,-1.00,-1.00,0.1194,1.3,0.62,1.73,24.69,2.43,17.23,-1.51,-10.00
34,3,-1.00,-1.00,-1.00,-1.00,0.1154,1.1,0.52,1.60,13.79,2.24,0.93,-1.71,-10.00
34,3,-1.00,-1.00,-1.00,-1.00,0.1142,1.0,0.62,1.56,9.74,2.00,-26.34,-1.17,-10.00
34,3,-1.00,-1.00,-1.00,-1.00,0.1051,0.97,0.51,1.64,7.78,2.01,9.49,-1.53,-10.00
34,3,76.12,507.59,292.32,644.44,0.1012,1.1,0.63,1.62,-5.51,1.28,11.06,0.18,-10.00
35,3,-1.00,-1.00,-1.00,-1.00,0.2523,1.0,0.50,1.60,13.41,2.08,-4.81,-1.40,-10.00
35,3,-1.00,-1.00,-1.00,-1.00,0.2389,1.0,0.47,1.60,13.44,1.99,1.13,1.54,-10.00
35,3,-1.00,-1.00,-1.00,-1.00,0.2237,1.1,0.52,1.55,-14.18,0.59,8.47,1.14,-10.00
35,3,-1.00,-1.00,-1.00,-1.00,0.1960,0.99,0.51,1.61,13.41,2.07,-3.04,-2.24,-10.00
35,3,-1.00,-1.00,-1.00,-1.00,0.1706,1.0,0.56,1.64,13.89,2.50,21.08,-1.63,-10.00
35,3,-1.00,-1.00,-1.00,-1.00,0.1528,1.1,0.48,1.61,13.30,1.93,-8.20,-1.68,-10.00
35,3,-1.00,-1.00,-1.00,-1.00,0.1426,1.1,0.64,1.63,9.71,2.31,-31.44,1.88,-10.00
35,3,-1.00,-1.00,-1.00,-1.00,0.1407,0.9,0.46,1.41,-5.81,0.85,4.27,-2.99,-10.00
35,3,-1.00,-1.00,-1.00,-1.00,0.1366,1.1,0.53,1.51,18.08,2.52,-35.06,-1.57,-10.00
35,3,-1.00,-1.00,-1.00,-1.00,0.1196,0.98,0.45,1.46,14.18,2.25,-3.95,-1.83,-10.00
35,3,1588.11,571.84,1600.00,661.56,0.1179,1.1,0.48,1.49,11.02,2.19,16.94,-1.57,-10.00
35,3,-1.00,-1.00,-1.00,-1.00,0.1132,1.3,0.56,1.60,10.31,1.91,12.47,-2.68,-10.00
35,3,-1.00,-1.00,-1.00,-1.00,0.1117,1.1,0.54,1.51,18.49,2.78,-43.06,2.71,-10.00
35,3,-1.00,-1.00,-1.00,-1.00,0.1056,1.1,0.49,1.66,17.81,2.58,-35.05,-3.10,-10.00
35,3,-1.00,-1.00,-1.00,-1.00,0.1011,1.2,0.68,1.74,10.10,1.78,1.42,2.94,-10.00
36,3,-1.00,-1.00,-1.00,-1.00,0.3015,1.1,0.54,1.62,-14.26,0.71,3.58,-2.13,-10.00
36,3,-1.00,-1.00,-1.00,-1.00,0.2698,1.1,0.56,1.64,13.74,2.05,6.51,-1.71,-10.00
36,3,293.93,554.13,426.26,657.66,0.1810,0.95,0.81,1.22,-4.57,1.60,12.77,-1.49,-10.00
36,3,1338.98,548.64,1402.58,613.84,0.1802,1.1,0.71,1.78,10.60,2.27,24.27,-1.40,-10.00
36,3,-1.00,-1.00,-1.00,-1.00,0.1778,1.1,0.41,1.45,-9.54,1.65,-25.14,1.77,-10.00
36,3,-1.00,-1.00,-1.00,-1.00,0.1671,1.0,0.64,1.74,-10.20,1.61,-25.00,0.21,-10.00
36,3,-1.00,-1.00,-1.00,-1.00,0.1340,1.0,0.52,1.58,13.39,1.90,-3.75,1.35,-10.00
36,3,-1.00,-1.00,-1.00,-1.00,0.1130,1.0,0.51,1.53,10.31,1.62,12.42,0.93,-10.00
36,3,-1.00,-1.00,-1.00,-1.00,0.1036,0.98,0.41,1.28,-21.93,0.03,1.94,3.03,-10.00
36,3,-1.00,-1.00,-1.00,-1.00,0.1033,1.1,0.46,1.50,22.49,3.38,-47.06,-1.55,-10.00
37,3,-1.00,-1.00,-1.00,-1.00,0.1605,1.0,0.58,1.68,13.38,2.08,-9.40,-2.06,-10.00
37,3,-1.00,-1.00,-1.00,-1.00,0.1505,1.1,0.49,1.42,9.53,1.51,-6.20,-1.34,-10.00
37,3,-1.00,-1.00,-1.00,-1.00,0.1341,1.2,0.64,1.66,-7.92,1.17,-42.94,-0.29,-10.00
37,3,-1.00,-1.00,-1.00,-1.00,0.1281,0.99,0.76,1.86,-5.93,2.29,-23.41,2.10,-10.00
37,3,-1.00,-1.00,-1.00,-1.00,0.1140,1.1,0.57,1.64,10.59,1.49,0.18,1.89,-10.00
37,3,521.55,465.33,607.47,519.17,0.1136,1.1,0.53,1.77,-5.39,0.59,27.10,-0.23,-10.00
37,3,1216.16,479.25,1271.54,515.47,0.1127,1.2,0.63,1.75,14.51,0.81,43.02,0.27,-10.00
38,3,-1.00,-1.00,-1.00,-1.00,0.1365,1.4,0.63,1.76,38.10,1.82,-2.57,-1.50,-10.00
38,3,-1.00,-1.00,-1.00,-1.00,0.1239,1.1,0.54,1.60,31.42,3.02,-15.30,1.54,-10.00
38,3,-1.00,-1.00,-1.00,-1.00,0.1023,1.0,0.46,1.41,13.82,2.10,4.90,-1.62,-10.00
38,3,-1.00,-1.00,-1.00,-1.00,0.1002,1.1,0.56,1.61,9.84,1.86,-10.77,-1.00,-10.00
39,3,-1.00,-1.00,-1.00,-1.00,0.4859,1.1,0.53,1.63,16.56,2.42,-2.22,1.62,-10.00
39,3,322.55,434.99,409.16,494.01,0.1422,1.0,0.49,1.44,-8.07,0.03,22.73,2.82,-10.00
39,3,-1.00,-1.00,-1.00,-1.00,0.1381,0.95,0.51,1.77,26.05,-0.15,-21.43,1.46,-10.00
39,3,-1.00,-1.00,-1.00,-1.00,0.1240,1.1,0.60,1.57,13.49,2.22,-0.23,-1.60,-10.00
39,3,-1.00,-1.00,-1.00,-1.00,0.1104,1.2,0.53,1.48,-7.08,2.68,-40.60,-1.77,-10.00
