0,3,-1.00,-1.00,-1.00,-1.00,0.1490,1.6,0.55,1.18,-12.63,0.87,8.21,1.51,-10.00
0,3,-1.00,-1.00,-1.00,-1.00,0.1282,1.2,0.49,1.68,-11.85,0.89,0.25,1.79,-10.00
0,3,-1.00,-1.00,-1.00,-1.00,0.1104,1.6,0.68,1.69,10.24,0.32,-2.48,-1.76,-10.00
0,3,-1.00,-1.00,-1.00,-1.00,0.1061,1.1,0.61,1.66,14.56,0.47,-16.53,1.62,-10.00
1,3,-1.00,-1.00,-1.00,-1.00,0.4498,1.8,0.63,1.79,-11.82,0.78,1.47,-1.52,-10.00
1,3,-1.00,-1.00,-1.00,-1.00,0.1597,0.98,0.51,1.44,-9.75,1.66,-0.17,1.57,-10.00
1,3,990.09,412.20,1080.23,506.77,0.1040,1.1,0.66,1.67,2.94,0.78,15.09,1.51,-10.00
1,3,-1.00,-1.00,-1.00,-1.00,0.1019,1.1,0.53,1.76,10.84,0.19,0.21,-1.57,-10.00
2,3,990.39,419.78,1073.72,511.44,0.3671,1.0,0.63,1.63,2.92,0.84,15.15,1.54,-10.00
2,3,-1.00,-1.00,-1.00,-1.00,0.2226,1.8,0.63,1.78,-11.82,1.11,3.47,-1.45,-10.00
2,3,366.45,382.63,418.75,412.16,0.1245,1.0,0.49,1.69,-13.96,-0.93,44.74,3.06,-10.00
2,3,373.45,394.80,417.68,419.22,0.1108,0.85,0.45,1.43,-13.95,-0.68,45.04,-3.06,-10.00
3,3,-1.00,-1.00,-1.00,-1.00,0.2527,1.8,0.66,1.86,-11.77,1.20,5.36,-1.57,-10.00
3,3,987.25,425.10,1077.29,517.15,0.2007,1.0,0.63,1.64,2.92,0.90,15.14,1.48,-10.00
3,3,11.96,385.19,59.29,425.61,0.1264,1.4,0.64,1.68,-26.83,-0.46,45.14,-1.54,-10.00
3,3,-1.00,-1.00,-1.00,-1.00,0.1179,1.5,0.52,1.68,-12.64,0.79,11.88,-1.58,-10.00
3,3,-1.00,-1.00,-1.00,-1.00,0.1067,1.2,0.59,1.67,-2.72,0.61,-28.46,-1.43,-10.00
3,3,-1.00,-1.00,-1.00,-1.00,0.1011,1.1,0.65,1.77,-4.63,0.89,-29.30,-0.33,-10.00
4,3,981.03,413.72,1058.67,503.85,0.1779,1.0,0.52,1.51,2.76,0.75,15.06,1.49,-10.00
4,3,357.77,386.48,416.64,420.43,0.1469,1.2,0.58,1.89,-14.14,-0.63,44.73,-3.10,-10.00
4,3,-1.00,-1.00,-1.00,-1.00,0.1408,1.9,0.66,1.67,-11.50,1.17,7.03,-1.49,-10.00
4,3,-1.00,-1.00,-1.00,-1.00,0.1402,1.5,0.74,1.69,-9.84,0.15,-29.17,1.36,-10.00
4,3,-1.00,-1.00,-1.00,-1.00,0.1055,1.2,0.57,1.67,-44.58,0.96,16.86,-1.57,-10.00
4,3,-1.00,-1.00,-1.00,-1.00,0.1035,1.1,0.56,1.71,-4.66,0.83,-29.34,-0.35,-10.00
4,3,-1.00,-1.00,-1.00,-1.00,0.1006,1.1,0.61,1.59,-1.18,0.58,-30.93,-0.06,-10.00
5,3,988.73,426.02,1078.22,516.31,0.1329,1.0,0.63,1.63,2.93,0.89,15.13,1.49,-10.00
5,3,-1.00,-1.00,-1.00,-1.00,0.1047,1.1,0.49,1.58,-11.54,0.03,-8.64,-1.53,-10.00
6,3,-1.00,-1.00,-1.00,-1.00,0.1338,1.6,0.60,1.72,-11.77,0.96,9.97,-1.54,-10.00
6,3,-1.00,-1.00,-1.00,-1.00,0.1042,1.1,0.36,1.78,-17.03,1.49,-5.26,-1.55,-10.00
7,3,989.26,422.23,1076.50,513.76,0.2560,1.0,0.61,1.63,2.92,0.86,15.12,1.50,-10.00
8,3,986.58,408.87,1079.77,504.93,0.1544,1.1,0.63,1.67,2.93,0.76,15.16,1.47,-10.00
8,3,-1.00,-1.00,-1.00,-1.00,0.1407,1.1,0.63,1.76,-4.71,0.99,-29.30,-0.43,-10.00
8,3,-1.00,-1.00,-1.00,-1.00,0.1396,1.1,0.64,1.66,-1.28,0.56,-30.94,-0.12,-10.00
8,3,-1.00,-1.00,-1.00,-1.00,0.1382,1.1,0.55,1.74,-7.94,1.20,-30.27,-0.17,-10.00
8,3,-1.00,-1.00,-1.00,-1.00,0.1011,1.1,0.63,1.76,-2.34,0.67,-28.19,-1.56,-10.00
9,3,990.84,407.74,1074.20,500.77,0.2899,1.1,0.68,1.58,2.94,0.72,15.22,1.56,-10.00
9,3,-1.00,-1.00,-1.00,-1.00,0.1349,1.0,0.43,1.50,-45.84,1.90,6.39,-0.26,-10.00
9,3,-1.00,-1.00,-1.00,-1.00,0.1062,1.1,0.64,1.76,-4.66,0.96,-29.31,-0.42,-10.00
10,3,-1.00,-1.00,-1.00,-1.00,0.1487,1.1,0.62,1.74,-4.70,0.93,-29.30,-0.45,-10.00
10,3,984.12,421.48,1055.16,513.51,0.1241,1.0,0.48,1.53,2.76,0.86,15.05,1.52,-10.00
11,3,498.89,428.60,569.26,493.41,0.2162,1.1,0.51,1.71,-4.57,0.98,22.96,-1.28,-10.00
11,3,-1.00,-1.00,-1.00,-1.00,0.1631,0.91,0.26,1.04,-16.25,1.88,-5.26,1.35,-10.00
11,3,989.67,416.19,1074.80,512.28,0.1327,1.1,0.65,1.66,2.92,0.85,15.18,1.54,-10.00
11,3,-1.00,-1.00,-1.00,-1.00,0.1007,1.1,0.57,1.57,-1.17,0.59,-30.93,-0.09,-10.00
12,3,-1.00,-1.00,-1.00,-1.00,0.1495,1.1,0.65,1.76,-4.68,0.93,-29.30,-0.34,-10.00
12,3,-1.00,-1.00,-1.00,-1.00,0.1309,1.1,0.62,1.65,-1.15,0.60,-30.91,-0.14,-10.00
12,3,-1.00,-1.00,-1.00,-1.00,0.1236,1.1,0.62,1.77,-2.66,0.50,-28.21,1.84,-10.00
12,3,328.27,462.82,438.42,526.44,0.1050,1.1,0.66,1.69,-6.95,1.50,21.82,3.11,-10.00
13,3,-1.00,-1.00,-1.00,-1.00,0.1402,1.2,0.67,1.65,-1.36,0.61,-30.96,-0.10,-10.00
13,3,12.62,387.56,58.34,427.81,0.1254,1.4,0.66,1.65,-26.83,-0.38,45.13,-1.59,-10.00
14,3,-1.00,-1.00,-1.00,-1.00,0.1769,1.1,0.62,1.68,-1.34,0.72,-31.04,-0.08,-10.00
14,3,-1.00,-1.00,-1.00,-1.00,0.1255,1.1,0.51,1.69,-10.96,-0.15,14.99,1.62,-10.00
14,3,-1.00,-1.00,-1.00,-1.00,0.1023,1.1,0.59,1.68,21.72,-0.87,-23.44,1.30,-10.00
15,3,-1.00,-1.00,-1.00,-1.00,0.2290,1.2,0.72,1.80,-28.48,-0.04,-43.63,-2.72,-10.00
15,3,658.10,428.20,682.91,487.74,0.1812,1.8,0.68,1.88,-3.64,1.53,39.52,1.44,-10.00
15,3,-1.00,-1.00,-1.00,-1.00,0.1761,1.1,0.44,1.36,9.83,1.60,1.46,-1.53,-10.00
16,3,949.74,452.08,1042.49,511.43,0.3975,1.1,0.62,1.73,4.03,1.39,24.32,0.17,-10.00
16,3,-1.00,-1.00,-1.00,-1.00,0.3880,1.1,0.51,1.47,15.45,1.96,1.71,-1.58,-10.00
16,3,237.81,402.94,270.71,458.70,0.1713,1.1,0.52,1.60,-10.94,0.42,25.93,-2.03,-10.00
16,3,235.80,401.97,291.73,471.30,0.1282,1.5,0.54,1.64,-11.73,0.73,28.38,-1.56,-10.00
16,3,27.98,390.54,72.21,430.28,0.1068,1.4,0.63,1.68,-26.05,-0.29,44.69,-1.61,-10.00
17,3,-1.00,-1.00,-1.00,-1.00,0.1623,1.1,0.49,1.68,8.48,0.00,-21.03,1.69,-10.00
17,3,554.81,475.76,591.55,524.13,0.1338,1.1,0.51,1.57,-4.97,1.96,29.44,-1.53,-10.00
17,3,253.29,405.33,317.40,488.54,0.1323,1.7,0.69,1.81,-10.90,1.07,27.51,-1.59,-10.00
17,3,-1.00,-1.00,-1.00,-1.00,0.1319,1.1,0.58,1.73,7.43,-0.32,-21.00,1.70,-10.00
17,3,726.64,424.81,761.50,482.94,0.1224,1.8,0.68,1.81,-1.31,1.36,39.11,1.76,-10.00
17,3,-1.00,-1.00,-1.00,-1.00,0.1175,1.1,0.52,1.56,-9.96,0.63,-34.54,0.09,-10.00
17,3,29.60,387.93,69.12,433.48,0.1081,1.5,0.61,1.75,-25.71,-0.17,44.05,1.39,-10.00
18,3,732.50,446.40,780.00,480.42,0.1468,1.3,0.72,1.73,-1.19,1.64,49.51,0.21,-10.00
18,3,-1.00,-1.00,-1.00,-1.00,0.1249,0.98,0.59,1.69,21.32,-0.57,-20.20,1.19,-10.00
18,3,933.23,469.60,998.56,524.18,0.1109,1.1,0.57,1.62,3.75,1.76,26.51,1.15,-10.00
18,3,-1.00,-1.00,-1.00,-1.00,0.1069,1.0,0.56,1.78,7.44,-0.06,-21.41,1.67,-10.00
19,3,982.48,447.81,1085.97,510.67,0.1442,1.1,0.64,1.75,4.43,1.28,22.69,0.05,-10.00
19,3,-1.00,-1.00,-1.00,-1.00,0.1187,1.0,0.56,1.64,7.32,-0.19,-22.16,1.55,-10.00
19,3,-1.00,-1.00,-1.00,-1.00,0.1043,1.1,0.55,1.58,-2.56,0.82,-30.91,3.11,-10.00
19,3,924.16,466.55,997.52,521.56,0.1026,1.1,0.63,1.61,3.55,1.66,25.87,1.05,-10.00
20,3,8.28,384.34,59.25,425.20,0.1151,1.3,0.62,1.73,-25.66,-0.45,43.06,1.62,-10.00
20,3,939.17,464.79,1008.38,520.25,0.1055,1.1,0.62,1.63,3.74,1.60,25.35,1.18,-10.00
20,3,-1.00,-1.00,-1.00,-1.00,0.1034,1.0,0.43,1.41,-7.18,1.51,-21.81,-1.64,-10.00
21,3,-1.00,-1.00,-1.00,-1.00,0.1839,1.1,0.67,1.71,-0.81,1.51,-39.85,1.94,-10.00
21,3,-1.00,-1.00,-1.00,-1.00,0.1106,1.1,0.49,1.49,-11.80,1.52,-6.17,1.69,-10.00
21,3,0.00,386.10,41.86,417.69,0.1076,1.0,0.61,1.51,-26.09,-0.70,42.75,-2.91,-10.00
22,3,0.00,387.65,19.86,434.73,0.1252,1.5,0.64,1.73,-25.71,-0.12,41.23,1.34,-10.00
24,3,-1.00,-1.00,-1.00,-1.00,0.1425,1.1,0.51,1.70,-11.49,-0.14,-13.45,1.57,-10.00
24,3,-1.00,-1.00,-1.00,-1.00,0.1261,1.1,0.49,1.61,16.22,1.62,-4.63,1.55,-10.00
24,3,-1.00,-1.00,-1.00,-1.00,0.1231,1.1,0.50,1.75,10.63,0.27,-5.39,-1.57,-10.00
24,3,-1.00,-1.00,-1.00,-1.00,0.1186,1.1,0.53,1.68,10.93,0.54,1.77,1.51,-10.00
25,3,-1.00,-1.00,-1.00,-1.00,0.1393,1.2,0.52,1.68,8.14,0.08,-13.00,-1.83,-10.00
25,3,-1.00,-1.00,-1.00,-1.00,0.1368,1.2,0.54,1.65,16.15,1.59,-5.85,1.54,-10.00
25,3,-1.00,-1.00,-1.00,-1.00,0.1265,1.1,0.58,1.74,-11.05,-0.34,-22.99,-1.34,-10.00
26,3,-1.00,-1.00,-1.00,-1.00,0.1483,1.4,0.65,1.75,-9.08,0.84,-39.29,1.29,-10.00
26,3,-1.00,-1.00,-1.00,-1.00,0.1188,1.2,0.64,1.81,-10.79,-0.51,-23.43,-1.61,-10.00
26,3,-1.00,-1.00,-1.00,-1.00,0.1028,1.1,0.52,1.60,11.41,0.07,16.67,1.80,-10.00
26,3,-1.00,-1.00,-1.00,-1.00,0.1026,1.2,0.56,1.67,-7.10,-0.15,-22.63,1.59,-10.00
27,3,379.86,431.71,423.31,495.17,0.2353,1.9,0.68,1.82,-11.65,1.69,38.25,-1.53,-10.00
27,3,1489.92,368.71,1600.00,471.02,0.1178,1.1,0.48,1.68,8.62,0.35,14.14,1.51,-10.00
28,3,374.36,433.56,417.05,499.01,0.2252,2.0,0.70,1.77,-12.06,1.85,38.99,-1.54,-10.00
28,3,-1.00,-1.00,-1.00,-1.00,0.1798,1.1,0.52,1.58,11.07,0.32,15.84,2.14,-10.00
28,3,-1.00,-1.00,-1.00,-1.00,0.1512,1.8,0.71,1.84,-2.30,1.13,-35.78,1.65,-10.00
28,3,-1.00,-1.00,-1.00,-1.00,0.1446,1.1,0.63,1.69,-6.12,-0.03,-25.39,0.46,-10.00
28,3,1460.43,373.81,1600.00,477.97,0.1409,1.1,0.46,1.61,8.29,0.42,14.04,1.36,-10.00
29,3,355.18,437.68,393.97,499.45,0.1449,1.9,0.70,1.83,-12.90,1.89,39.56,-1.63,-10.00
29,3,-1.00,-1.00,-1.00,-1.00,0.1243,1.0,0.46,1.71,8.57,0.19,-14.20,1.61,-10.00
29,3,-1.00,-1.00,-1.00,-1.00,0.1176,1.0,0.47,1.73,8.58,-0.49,-31.94,1.47,-10.00
29,3,-1.00,-1.00,-1.00,-1.00,0.1092,1.1,0.55,1.69,10.15,0.06,-22.52,1.47,-10.00
29,3,-1.00,-1.00,-1.00,-1.00,0.1032,1.1,0.59,1.67,-1.53,0.37,-35.69,-1.42,-10.00
30,3,824.81,468.74,868.46,505.87,0.2955,1.2,0.60,1.64,1.94,2.16,41.02,-2.11,-10.00
31,3,371.50,490.18,418.23,550.35,0.1166,0.95,0.29,1.13,-6.62,1.85,21.38,-1.43,-10.00
32,3,-1.00,-1.00,-1.00,-1.00,0.2178,1.2,0.37,1.78,15.47,1.10,1.69,1.48,-10.00
32,3,-1.00,-1.00,-1.00,-1.00,0.1735,1.6,0.68,1.48,-47.31,0.48,28.31,-1.42,-10.00
32,3,516.31,452.35,557.59,498.51,0.1663,1.1,0.61,1.63,-6.16,1.46,31.10,-2.01,-10.00
32,3,-1.00,-1.00,-1.00,-1.00,0.1447,1.2,0.66,1.65,-1.15,0.56,-37.75,-1.61,-10.00
32,3,-1.00,-1.00,-1.00,-1.00,0.1357,1.2,0.61,1.57,-28.72,0.65,-42.06,-1.63,-10.00
32,3,182.22,416.35,260.93,480.09,0.1158,1.7,0.72,1.87,-15.51,1.15,34.70,2.87,-10.00
32,3,-1.00,-1.00,-1.00,-1.00,0.1008,1.5,0.67,1.76,0.82,1.01,-37.43,1.97,-10.00
33,3,151.92,428.86,224.50,474.40,0.2298,1.2,0.68,1.68,-16.00,0.97,33.80,2.81,-10.00
33,3,-1.00,-1.00,-1.00,-1.00,0.1444,1.1,0.51,1.61,10.15,-0.18,-24.30,-1.70,-10.00
34,3,99.25,418.69,181.83,466.37,0.1977,1.2,0.74,1.74,-16.53,0.72,32.34,-0.22,-10.00
34,3,200.01,492.66,293.26,591.79,0.1404,1.0,0.42,1.50,-6.23,1.70,14.64,-1.56,-10.00
34,3,-1.00,-1.00,-1.00,-1.00,0.1276,1.1,0.48,1.51,-5.14,1.41,-31.41,-1.63,-10.00
34,3,-1.00,-1.00,-1.00,-1.00,0.1243,1.1,0.58,1.79,9.66,-0.56,-30.45,-1.65,-10.00
34,3,834.30,465.14,907.45,512.29,0.1238,1.0,0.56,1.56,1.85,1.61,27.74,0.15,-10.00
35,3,832.29,462.54,910.70,516.17,0.2951,1.1,0.58,1.59,1.75,1.60,26.22,0.02,-10.00
35,3,-1.00,-1.00,-1.00,-1.00,0.1241,1.1,0.67,1.84,-13.51,-0.94,-30.60,-1.57,-10.00
35,3,-1.00,-1.00,-1.00,-1.00,0.1089,1.0,0.52,1.68,10.51,-0.21,-27.41,-1.68,-10.00
35,3,896.28,459.97,948.41,507.18,0.1084,1.3,0.64,1.80,3.90,1.95,36.41,-2.01,-10.00
36,3,-1.00,-1.00,-1.00,-1.00,0.2005,1.1,0.66,1.62,-9.97,0.33,-23.69,0.20,-10.00
36,3,13.58,496.16,163.17,628.47,0.1430,1.0,0.47,1.47,-6.21,1.60,11.32,-1.53,-10.00
36,3,0.00,392.30,79.60,490.11,0.1182,1.1,0.59,1.63,-9.38,0.60,14.98,-0.02,-10.00
36,3,664.24,433.41,741.66,483.43,0.1115,1.2,0.69,1.79,-1.97,1.06,29.92,-0.02,-10.00
36,3,849.54,459.18,923.08,505.33,0.1056,0.87,0.47,1.39,1.94,1.29,24.59,-2.98,-10.00
36,3,-1.00,-1.00,-1.00,-1.00,0.1045,1.1,0.48,1.67,-11.03,0.15,-13.38,-1.64,-10.00
37,3,-1.00,-1.00,-1.00,-1.00,0.2872,1.1,0.66,1.59,-10.27,0.38,-24.92,0.31,-10.00
37,3,675.22,437.76,755.26,488.45,0.1986,1.1,0.68,1.78,-1.61,1.12,28.58,-0.02,-10.00
37,3,-1.00,-1.00,-1.00,-1.00,0.1967,1.1,0.56,1.60,3.79,0.55,-27.34,-0.20,-10.00
37,3,-1.00,-1.00,-1.00,-1.00,0.1926,0.96,0.43,1.49,3.43,1.20,-17.08,1.58,-10.00
37,3,-1.00,-1.00,-1.00,-1.00,0.1617,1.3,0.60,1.49,10.92,-0.24,-18.15,1.54,-10.00
37,3,-1.00,-1.00,-1.00,-1.00,0.1527,1.2,0.58,1.50,-12.16,0.01,9.83,-1.61,-10.00
37,3,703.75,445.97,780.45,492.39,0.1344,1.1,0.70,1.86,-1.10,1.32,31.05,-0.05,-10.00
37,3,-1.00,-1.00,-1.00,-1.00,0.1163,1.1,0.48,1.60,-11.04,0.16,-15.01,1.52,-10.00
38,3,-1.00,-1.00,-1.00,-1.00,0.3314,1.1,0.60,1.60,-10.49,0.44,-26.49,0.16,-10.00
38,3,693.63,434.18,773.62,484.54,0.1563,1.1,0.69,1.83,-1.23,1.07,29.49,0.00,-10.00
38,3,574.30,443.39,638.83,505.24,0.1195,1.1,0.56,1.68,-3.34,1.21,23.54,1.84,-10.00
38,3,358.60,439.25,395.38,492.36,0.1129,1.7,0.62,1.75,-13.63,1.78,42.04,-1.56,-10.00
38,3,691.39,438.95,773.44,491.74,0.1111,1.1,0.72,1.72,-1.15,1.13,27.06,0.00,-10.00
38,3,1019.55,438.07,1051.38,483.49,0.1026,1.1,0.63,1.74,6.25,1.12,31.79,-1.47,-10.00
39,3,-1.00,-1.00,-1.00,-1.00,0.4460,1.1,0.66,1.58,-10.65,0.22,-27.77,-2.83,-10.00
39,3,-1.00,-1.00,-1.00,-1.00,0.2427,1.1,0.52,1.61,3.46,1.10,-27.34,-0.12,-10.00
39,3,-1.00,-1.00,-1.00,-1.00,0.1666,1.1,0.47,1.39,-15.93,1.62,3.49,1.56,-10.00
39,3,1388.16,382.16,1504.58,462.17,0.1141,1.2,0.56,1.77,10.15,0.36,19.50,-1.81,-10.00
