0,3,-1.00,-1.00,-1.00,-1.00,0.3375,1.6,0.68,1.72,15.98,1.12,17.34,1.40,-10.00
0,3,-1.00,-1.00,-1.00,-1.00,0.1876,1.2,0.57,1.77,27.93,-0.68,-19.43,-1.58,-10.00
0,3,-1.00,-1.00,-1.00,-1.00,0.1030,1.1,0.64,1.67,4.76,-1.17,-39.37,0.05,-10.00
0,3,882.83,510.34,900.99,548.13,0.1014,1.3,0.61,1.69,2.31,2.75,44.20,-1.51,-10.00
1,3,-1.00,-1.00,-1.00,-1.00,0.1574,1.1,0.63,1.81,28.35,-0.31,-19.13,-1.33,-10.00
1,3,-1.00,-1.00,-1.00,-1.00,0.1543,1.1,0.55,1.76,25.89,-0.44,-18.43,-1.34,-10.00
1,3,-1.00,-1.00,-1.00,-1.00,0.1301,1.8,0.81,2.02,15.12,1.23,15.18,2.97,-10.00
1,3,70.43,526.27,143.45,567.00,0.1227,1.1,0.71,1.59,-19.97,2.68,34.79,3.06,-10.00
1,3,-1.00,-1.00,-1.00,-1.00,0.1218,1.2,0.56,1.65,-14.84,1.85,17.51,-1.58,-10.00
1,3,1050.46,458.73,1075.65,516.25,0.1190,1.7,0.64,1.77,7.43,1.44,39.42,1.70,-10.00
1,3,-1.00,-1.00,-1.00,-1.00,0.1111,1.8,0.73,1.96,-22.16,1.64,-35.71,1.87,-10.00
1,3,-1.00,-1.00,-1.00,-1.00,0.1074,1.2,0.57,1.59,-22.36,1.46,12.45,2.12,-10.00
1,3,-1.00,-1.00,-1.00,-1.00,0.1045,1.2,0.60,1.69,-20.81,2.62,16.88,2.80,-10.00
2,3,-1.00,-1.00,-1.00,-1.00,0.2260,1.1,0.55,1.51,6.32,0.45,-30.31,1.58,-10.00
2,3,-1.00,-1.00,-1.00,-1.00,0.1455,1.1,0.54,1.67,-20.13,1.48,10.48,-1.55,-10.00
2,3,-1.00,-1.00,-1.00,-1.00,0.1065,1.2,0.49,1.61,-22.14,2.13,-26.91,-0.08,-10.00
3,3,377.95,490.10,412.00,546.35,0.2175,2.0,0.58,1.73,-15.33,2.70,44.53,1.58,-10.00
3,3,-1.00,-1.00,-1.00,-1.00,0.2120,1.0,0.34,1.28,-15.31,1.39,-26.82,1.55,-10.00
4,3,-1.00,-1.00,-1.00,-1.00,0.2124,1.2,0.52,1.80,31.09,0.41,6.33,-2.58,-10.00
5,3,1016.91,503.58,1043.67,541.73,0.2388,1.1,0.52,1.56,5.75,2.02,35.45,1.59,-10.00
5,3,-1.00,-1.00,-1.00,-1.00,0.2179,1.1,0.47,1.59,14.67,0.93,14.53,-2.95,-10.00
5,3,-1.00,-1.00,-1.00,-1.00,0.1394,1.0,0.46,1.54,13.78,0.92,-4.41,-1.61,-10.00
5,3,0.00,512.19,7.59,561.91,0.1156,1.1,0.60,1.75,-20.01,2.10,28.91,-0.33,-10.00
5,3,-1.00,-1.00,-1.00,-1.00,0.1057,1.8,0.73,1.88,-26.26,0.92,-38.36,-1.11,-10.00
6,3,-1.00,-1.00,-1.00,-1.00,0.2026,1.8,0.76,1.66,6.92,1.20,0.25,0.62,-10.00
6,3,1286.91,452.38,1376.64,542.38,0.1784,1.2,0.48,1.69,6.82,0.98,17.00,-1.58,-10.00
6,3,-1.00,-1.00,-1.00,-1.00,0.1722,1.3,0.57,1.47,-26.27,1.46,-50.45,-1.24,-10.00
6,3,-1.00,-1.00,-1.00,-1.00,0.1355,1.5,0.68,1.12,-34.53,2.10,-39.45,1.69,-10.00
6,3,-1.00,-1.00,-1.00,-1.00,0.1285,1.0,0.41,1.63,13.71,0.78,-7.50,1.47,-10.00
6,3,-1.00,-1.00,-1.00,-1.00,0.1148,1.1,0.43,1.37,-14.21,1.62,0.02,-1.52,-10.00
6,3,-1.00,-1.00,-1.00,-1.00,0.1055,1.0,0.32,1.10,-14.79,1.28,-24.03,1.59,-10.00
7,3,1475.87,513.68,1592.57,589.59,0.1521,1.1,0.55,1.60,10.26,1.70,18.17,2.77,-10.00
7,3,-1.00,-1.00,-1.00,-1.00,0.1517,1.6,0.69,1.90,11.93,0.90,-2.74,2.48,-10.00
7,3,-1.00,-1.00,-1.00,-1.00,0.1370,1.2,0.47,1.60,6.12,0.59,-11.88,-1.53,-10.00
7,3,140.05,508.19,194.47,569.31,0.1183,1.9,0.75,1.41,-20.86,3.12,39.67,-0.36,-10.00
7,3,-1.00,-1.00,-1.00,-1.00,0.1074,1.3,0.63,1.75,14.34,1.44,15.31,0.27,-10.00
7,3,161.35,514.22,229.46,565.83,0.1051,1.1,0.58,1.69,-13.93,2.10,27.70,-1.53,-10.00
8,3,1500.80,501.80,1600.00,659.02,0.1705,1.2,0.49,1.55,6.37,1.51,10.56,-1.58,-10.00
8,3,-1.00,-1.00,-1.00,-1.00,0.1183,1.7,0.50,1.75,11.29,0.90,-6.80,2.20,-10.00
8,3,-1.00,-1.00,-1.00,-1.00,0.1111,1.2,0.59,1.61,-14.65,2.14,16.03,3.07,-10.00
9,3,-1.00,-1.00,-1.00,-1.00,0.2857,1.9,0.79,1.73,-22.57,2.13,-38.16,1.70,-10.00
9,3,-1.00,-1.00,-1.00,-1.00,0.2363,1.4,0.51,1.75,6.27,1.50,6.93,-1.62,-10.00
9,3,-1.00,-1.00,-1.00,-1.00,0.2166,1.1,0.61,1.55,-20.82,1.06,-19.65,-1.15,-10.00
9,3,955.13,509.52,1011.92,546.33,0.2061,1.1,0.58,1.61,4.68,2.27,37.42,0.02,-10.00
9,3,-1.00,-1.00,-1.00,-1.00,0.1376,1.2,0.48,1.65,9.65,0.39,-4.50,1.53,-10.00
9,3,-1.00,-1.00,-1.00,-1.00,0.1035,1.1,0.50,1.50,-14.33,1.48,-10.06,-1.66,-10.00
10,3,-1.00,-1.00,-1.00,-1.00,0.4746,1.4,0.57,1.69,7.90,1.28,3.32,1.57,-10.00
10,3,-1.00,-1.00,-1.00,-1.00,0.2055,1.7,0.59,1.80,-20.83,1.82,7.23,1.55,-10.00
10,3,-1.00,-1.00,-1.00,-1.00,0.1627,1.5,0.49,1.63,10.46,0.40,-15.23,2.02,-10.00
11,3,-1.00,-1.00,-1.00,-1.00,0.3276,1.4,0.48,1.69,7.83,1.17,-1.45,1.59,-10.00
11,3,-1.00,-1.00,-1.00,-1.00,0.2121,1.6,0.77,1.43,-21.36,2.29,24.39,0.34,-10.00
11,3,-1.00,-1.00,-1.00,-1.00,0.2016,1.6,0.62,1.78,9.65,0.47,-19.82,2.64,-10.00
11,3,-1.00,-1.00,-1.00,-1.00,0.1498,1.0,0.50,1.57,9.77,1.81,3.25,-1.74,-10.00
11,3,-1.00,-1.00,-1.00,-1.00,0.1328,1.2,0.60,1.57,-22.37,1.40,3.64,2.79,-10.00
11,3,995.42,503.92,1023.89,549.03,0.1196,1.0,0.47,1.59,4.22,1.82,28.95,1.61,-10.00
11,3,-1.00,-1.00,-1.00,-1.00,0.1111,1.2,0.60,1.52,-27.44,0.84,-38.41,1.60,-10.00
11,3,1018.84,500.69,1056.45,548.19,0.1070,1.1,0.53,1.63,4.86,1.80,28.94,1.54,-10.00
11,3,527.93,512.61,553.99,546.09,0.1061,1.3,0.63,1.55,-10.95,2.91,48.05,-1.56,-10.00
11,3,-1.00,-1.00,-1.00,-1.00,0.1022,1.2,0.64,1.68,-22.43,1.62,-20.26,1.54,-10.00
12,3,-1.00,-1.00,-1.00,-1.00,0.1767,1.1,0.41,1.85,14.87,0.97,-1.67,1.54,-10.00
12,3,-1.00,-1.00,-1.00,-1.00,0.1463,1.1,0.47,1.61,-27.68,2.30,13.77,-1.56,-10.00
12,3,-1.00,-1.00,-1.00,-1.00,0.1437,1.2,0.51,1.60,10.13,0.68,-6.69,1.60,-10.00
12,3,-1.00,-1.00,-1.00,-1.00,0.1377,1.2,0.65,1.56,-22.54,1.16,-0.30,1.50,-10.00
12,3,-1.00,-1.00,-1.00,-1.00,0.1136,1.5,0.55,1.64,7.75,1.02,-6.30,1.65,-10.00
12,3,-1.00,-1.00,-1.00,-1.00,0.1015,1.1,0.50,1.56,6.35,0.96,-17.60,1.89,-10.00
13,3,1097.42,527.21,1149.39,592.41,0.2200,1.0,0.54,1.67,4.94,2.00,20.92,1.63,-10.00
13,3,-1.00,-1.00,-1.00,-1.00,0.1468,1.1,0.52,1.72,-18.60,1.38,-25.31,-0.69,-10.00
13,3,-1.00,-1.00,-1.00,-1.00,0.1329,1.0,0.46,1.62,17.55,0.24,-19.85,1.49,-10.00
13,3,1131.73,519.26,1187.78,585.76,0.1313,1.1,0.58,1.69,5.54,1.89,20.89,1.65,-10.00
13,3,-1.00,-1.00,-1.00,-1.00,0.1184,1.2,0.56,1.65,-19.88,2.47,26.43,-2.96,-10.00
13,3,-1.00,-1.00,-1.00,-1.00,0.1181,1.3,0.64,1.52,-22.61,1.09,-3.80,-1.40,-10.00
14,3,-1.00,-1.00,-1.00,-1.00,0.1571,1.1,0.41,1.59,11.74,0.94,-1.41,-1.54,-10.00
14,3,-1.00,-1.00,-1.00,-1.00,0.1116,1.1,0.61,1.65,-19.85,2.17,19.58,3.12,-10.00
14,3,-1.00,-1.00,-1.00,-1.00,0.1058,1.1,0.60,1.79,-19.35,2.42,26.38,0.01,-10.00
14,3,221.13,495.07,282.79,548.15,0.1037,1.8,0.69,1.86,-19.68,2.67,42.92,-2.91,-10.00
15,3,-1.00,-1.00,-1.00,-1.00,0.1786,1.2,0.52,1.64,-19.89,1.94,14.73,-3.11,-10.00
15,3,-1.00,-1.00,-1.00,-1.00,0.1611,1.7,0.65,1.87,28.37,0.84,22.33,-0.05,-10.00
15,3,-1.00,-1.00,-1.00,-1.00,0.1444,1.1,0.52,1.72,-19.85,2.04,16.07,-3.11,-10.00
15,3,1089.07,488.84,1122.75,529.45,0.1422,1.1,0.69,1.88,7.85,1.66,35.27,1.67,-10.00
15,3,-1.00,-1.00,-1.00,-1.00,0.1421,1.8,0.70,1.63,-27.07,1.01,-43.83,-1.56,-10.00
15,3,-1.00,-1.00,-1.00,-1.00,0.1391,1.1,0.54,1.65,-19.94,1.99,13.99,-3.07,-10.00
15,3,505.95,493.92,538.47,543.88,0.1245,1.9,0.68,1.75,-11.66,2.83,48.05,1.66,-10.00
15,3,-1.00,-1.00,-1.00,-1.00,0.1155,1.2,0.55,1.69,-19.77,2.13,16.77,-3.13,-10.00
15,3,-1.00,-1.00,-1.00,-1.00,0.1013,1.9,0.68,1.85,38.96,0.38,9.45,0.05,-10.00
16,3,1143.81,488.73,1191.09,536.20,0.2948,1.1,0.58,1.81,8.07,1.57,29.73,1.56,-10.00
16,3,59.91,489.77,117.99,534.79,0.2330,1.1,0.62,1.79,-19.50,1.71,33.15,1.46,-10.00
16,3,238.15,518.84,300.95,568.15,0.1271,1.1,0.53,1.73,-12.73,2.22,28.68,-1.48,-10.00
16,3,-1.00,-1.00,-1.00,-1.00,0.1014,1.1,0.58,1.77,-19.96,2.08,16.04,1.66,-10.00
17,3,-1.00,-1.00,-1.00,-1.00,0.1963,1.1,0.63,1.68,-25.07,-0.41,-34.58,2.56,-10.00
17,3,972.88,486.27,997.28,536.07,0.1839,1.8,0.70,1.94,5.85,2.44,46.35,1.61,-10.00
17,3,-1.00,-1.00,-1.00,-1.00,0.1521,1.0,0.46,1.52,9.09,-0.20,-33.89,-1.36,-10.00
17,3,-1.00,-1.00,-1.00,-1.00,0.1463,1.0,0.50,1.60,5.12,0.20,-30.16,1.54,-10.00
17,3,-1.00,-1.00,-1.00,-1.00,0.1261,1.2,0.56,1.73,-15.25,1.04,-24.88,1.56,-10.00
17,3,-1.00,-1.00,-1.00,-1.00,0.1158,1.4,0.69,1.85,17.91,-1.47,-23.50,-2.76,-10.00
17,3,-1.00,-1.00,-1.00,-1.00,0.1084,1.1,0.50,1.50,12.47,0.60,-15.17,-1.99,-10.00
17,3,-1.00,-1.00,-1.00,-1.00,0.1049,1.1,0.48,1.65,-20.03,1.89,3.26,-3.12,-10.00
18,3,1262.19,499.31,1344.82,573.01,0.7273,1.1,0.62,1.89,7.48,1.59,19.73,1.61,-10.00
18,3,-1.00,-1.00,-1.00,-1.00,0.1853,1.1,0.54,1.66,-19.74,1.89,6.38,-3.06,-10.00
18,3,-1.00,-1.00,-1.00,-1.00,0.1827,1.1,0.53,1.66,-20.08,1.78,-1.96,-3.14,-10.00
18,3,-1.00,-1.00,-1.00,-1.00,0.1172,1.1,0.49,1.64,-20.06,1.75,-1.22,-3.07,-10.00
19,3,1380.37,522.66,1504.27,619.66,0.7847,1.1,0.51,1.76,7.14,1.69,14.62,1.54,-10.00
19,3,-1.00,-1.00,-1.00,-1.00,0.3832,1.2,0.60,1.80,-19.83,1.46,6.96,-3.12,-10.00
19,3,-1.00,-1.00,-1.00,-1.00,0.1966,0.92,0.28,0.95,-21.99,1.13,-22.81,1.52,-10.00
19,3,-1.00,-1.00,-1.00,-1.00,0.1904,1.1,0.52,1.60,-9.44,1.60,-34.57,1.57,-10.00
19,3,-1.00,-1.00,-1.00,-1.00,0.1416,1.2,0.63,1.55,-21.68,0.53,-37.99,-1.67,-10.00
19,3,-1.00,-1.00,-1.00,-1.00,0.1221,1.2,0.57,1.72,-19.82,1.67,2.41,3.13,-10.00
19,3,-1.00,-1.00,-1.00,-1.00,0.1183,1.1,0.46,1.41,-14.25,1.19,-3.36,1.68,-10.00
19,3,-1.00,-1.00,-1.00,-1.00,0.1015,1.1,0.54,1.66,-6.15,1.29,-34.86,-1.59,-10.00
20,3,-1.00,-1.00,-1.00,-1.00,0.6175,1.1,0.55,1.74,6.88,1.50,9.61,1.58,-10.00
20,3,1114.07,483.99,1163.89,536.10,0.2723,1.1,0.54,1.80,7.04,1.49,28.31,1.50,-10.00
20,3,-1.00,-1.00,-1.00,-1.00,0.1745,1.1,0.49,1.66,-20.05,1.76,1.57,-3.12,-10.00
20,3,-1.00,-1.00,-1.00,-1.00,0.1516,1.1,0.51,1.69,-20.10,1.76,0.83,-3.10,-10.00
21,3,-1.00,-1.00,-1.00,-1.00,0.9563,1.1,0.54,1.69,6.67,1.51,4.56,1.55,-10.00
21,3,1152.95,474.43,1210.62,544.75,0.3534,1.3,0.59,1.78,6.60,1.39,23.36,1.60,-10.00
21,3,-1.00,-1.00,-1.00,-1.00,0.1102,1.1,0.54,1.66,-20.93,0.99,6.17,1.57,-10.00
22,3,-1.00,-1.00,-1.00,-1.00,0.9872,1.0,0.53,1.64,6.59,1.37,-0.51,1.54,-10.00
22,3,1218.24,479.05,1315.07,580.14,0.6028,1.4,0.58,1.93,6.36,1.56,18.21,1.50,-10.00
22,3,-1.00,-1.00,-1.00,-1.00,0.1925,1.0,0.33,1.61,12.66,1.34,-0.24,1.58,-10.00
22,3,-1.00,-1.00,-1.00,-1.00,0.1163,1.1,0.52,1.66,-15.21,1.23,-18.74,1.59,-10.00
22,3,-1.00,-1.00,-1.00,-1.00,0.1112,1.2,0.57,1.68,-20.74,1.85,26.02,1.59,-10.00
22,3,-1.00,-1.00,-1.00,-1.00,0.1012,1.1,0.46,1.59,13.81,0.97,0.20,-1.63,-10.00
23,3,-1.00,-1.00,-1.00,-1.00,0.9716,0.99,0.54,1.65,6.49,1.20,-5.58,1.51,-10.00
23,3,1349.48,490.42,1504.56,627.47,0.7456,1.3,0.59,1.90,6.25,1.58,13.16,1.52,-10.00
23,3,-1.00,-1.00,-1.00,-1.00,0.4714,1.1,0.27,1.75,12.58,1.04,-5.45,1.58,-10.00
23,3,-1.00,-1.00,-1.00,-1.00,0.1334,1.1,0.45,1.55,6.24,1.06,0.53,1.59,-10.00
23,3,-1.00,-1.00,-1.00,-1.00,0.1026,1.1,0.46,1.48,-15.16,1.11,-23.31,1.54,-10.00
24,3,-1.00,-1.00,-1.00,-1.00,0.9124,1.3,0.56,1.85,6.37,1.36,7.99,1.51,-10.00
24,3,-1.00,-1.00,-1.00,-1.00,0.2449,1.0,0.52,1.61,12.65,1.11,8.04,1.73,-10.00
24,3,-1.00,-1.00,-1.00,-1.00,0.1905,1.2,0.49,1.66,-20.73,1.65,-23.23,-3.07,-10.00
24,3,-1.00,-1.00,-1.00,-1.00,0.1120,1.7,0.73,1.70,32.26,-2.12,-28.41,0.14,-10.00
24,3,1200.62,476.04,1249.29,544.96,0.1011,1.1,0.48,1.62,6.44,1.21,20.32,1.73,-10.00
25,3,-1.00,-1.00,-1.00,-1.00,0.8773,1.5,0.63,1.92,6.36,1.25,1.97,1.50,-10.00
25,3,-1.00,-1.00,-1.00,-1.00,0.5257,1.2,0.44,1.70,12.60,0.91,1.74,1.65,-10.00
25,3,1362.52,490.45,1471.42,601.59,0.4449,1.2,0.51,1.71,6.83,1.48,14.58,1.63,-10.00
25,3,-1.00,-1.00,-1.00,-1.00,0.1806,1.1,0.59,1.59,3.32,0.44,-41.91,-1.61,-10.00
25,3,-1.00,-1.00,-1.00,-1.00,0.1256,1.3,0.65,1.19,-14.81,1.29,-18.41,1.47,-10.00
25,3,290.62,539.93,340.43,584.16,0.1020,1.1,0.56,1.69,-13.15,2.91,32.27,1.58,-10.00
25,3,-1.00,-1.00,-1.00,-1.00,0.1017,1.1,0.61,1.72,3.69,0.44,-42.18,-1.57,-10.00
26,3,-1.00,-1.00,-1.00,-1.00,0.8819,1.5,0.60,1.87,6.26,1.25,-2.94,1.47,-10.00
26,3,-1.00,-1.00,-1.00,-1.00,0.5167,1.1,0.42,1.65,12.53,0.89,-3.20,1.60,-10.00
26,3,1190.88,472.78,1250.62,549.11,0.1904,1.3,0.60,1.46,7.20,1.44,22.93,-1.57,-10.00
26,3,-1.00,-1.00,-1.00,-1.00,0.1104,1.1,0.48,1.53,10.21,1.14,2.15,-1.56,-10.00
27,3,-1.00,-1.00,-1.00,-1.00,0.2547,1.3,0.52,1.61,6.18,1.05,-7.83,-1.48,-10.00
27,3,-1.00,-1.00,-1.00,-1.00,0.2054,1.0,0.45,1.52,12.47,0.87,-7.97,1.61,-10.00
27,3,0.00,503.06,9.82,570.09,0.1503,1.0,0.57,1.63,-14.07,1.60,20.32,1.57,-10.00
27,3,1128.65,490.34,1163.62,536.83,0.1094,1.1,0.59,1.71,7.81,1.63,30.67,1.69,-10.00
27,3,1282.41,460.34,1363.24,551.66,0.1046,1.3,0.56,1.60,7.25,1.19,18.37,-1.54,-10.00
28,3,-1.00,-1.00,-1.00,-1.00,0.2444,1.0,0.43,1.56,12.35,0.89,-11.47,1.65,-10.00
28,3,-1.00,-1.00,-1.00,-1.00,0.1426,1.7,0.73,1.71,26.48,0.96,29.81,-1.23,-10.00
28,3,618.12,483.31,694.80,533.37,0.1180,1.2,0.65,1.75,-4.16,1.54,30.68,0.15,-10.00
29,3,-1.00,-1.00,-1.00,-1.00,0.4945,1.2,0.45,1.58,6.60,1.17,-3.13,1.73,-10.00
29,3,-1.00,-1.00,-1.00,-1.00,0.1974,1.3,0.46,1.59,7.13,1.44,10.07,-1.53,-10.00
29,3,-1.00,-1.00,-1.00,-1.00,0.1696,1.1,0.44,1.58,12.39,0.51,-15.99,1.57,-10.00
29,3,-1.00,-1.00,-1.00,-1.00,0.1585,1.6,0.67,1.86,25.37,0.94,25.22,-2.84,-10.00
29,3,-1.00,-1.00,-1.00,-1.00,0.1021,1.0,0.37,1.69,11.80,1.02,-5.57,1.54,-10.00
30,3,-1.00,-1.00,-1.00,-1.00,0.9099,1.1,0.53,1.61,6.54,1.24,-7.18,1.68,-10.00
30,3,-1.00,-1.00,-1.00,-1.00,0.1762,1.2,0.59,1.56,6.50,-0.21,-47.74,1.56,-10.00
30,3,-1.00,-1.00,-1.00,-1.00,0.1259,1.1,0.50,1.74,-18.50,1.25,11.37,1.68,-10.00
30,3,-1.00,-1.00,-1.00,-1.00,0.1214,1.7,0.63,1.63,-23.59,-0.26,-51.00,1.33,-10.00
30,3,-1.00,-1.00,-1.00,-1.00,0.1093,1.2,0.65,1.65,-23.95,-0.86,-40.22,3.03,-10.00
30,3,-1.00,-1.00,-1.00,-1.00,0.1014,1.2,0.54,1.56,-14.27,1.74,-4.48,-1.54,-10.00
31,3,-1.00,-1.00,-1.00,-1.00,0.5070,1.1,0.55,1.54,6.57,1.14,-10.99,1.74,-10.00
31,3,446.88,508.23,481.98,560.32,0.2044,1.2,0.62,1.67,-8.29,2.05,28.73,1.38,-10.00
31,3,-1.00,-1.00,-1.00,-1.00,0.1439,1.1,0.47,1.55,10.73,1.41,10.14,-1.83,-10.00
31,3,-1.00,-1.00,-1.00,-1.00,0.1292,1.1,0.45,1.64,15.43,1.10,-2.76,-1.52,-10.00
31,3,-1.00,-1.00,-1.00,-1.00,0.1002,1.1,0.56,1.57,-14.35,-0.98,-44.38,-2.86,-10.00
32,3,1078.52,488.85,1117.84,536.55,0.1076,1.2,0.60,1.79,6.87,1.68,31.76,1.58,-10.00
32,3,-1.00,-1.00,-1.00,-1.00,0.1055,1.1,0.58,1.66,6.54,1.19,-14.65,1.59,-10.00
33,3,-1.00,-1.00,-1.00,-1.00,0.2069,1.1,0.52,1.51,6.79,1.03,-18.26,1.57,-10.00
33,3,-1.00,-1.00,-1.00,-1.00,0.1644,1.1,0.60,1.66,-19.04,1.65,2.04,1.58,-10.00
33,3,1080.24,487.20,1118.72,537.66,0.1524,1.1,0.59,1.65,6.13,1.52,28.21,1.64,-10.00
34,3,-1.00,-1.00,-1.00,-1.00,0.1798,1.0,0.51,1.56,15.12,0.60,-29.20,2.87,-10.00
34,3,-1.00,-1.00,-1.00,-1.00,0.1472,1.0,0.52,1.62,6.82,0.96,-21.53,1.49,-10.00
34,3,-1.00,-1.00,-1.00,-1.00,0.1225,1.1,0.59,1.55,5.91,1.22,4.54,-1.88,-10.00
34,3,-1.00,-1.00,-1.00,-1.00,0.1166,1.1,0.41,1.78,18.25,0.91,-0.64,1.58,-10.00
34,3,-1.00,-1.00,-1.00,-1.00,0.1119,1.2,0.54,1.56,-11.04,1.05,-49.82,0.21,-10.00
34,3,610.40,487.51,656.24,520.02,0.1095,1.2,0.55,1.66,-7.45,1.92,48.31,-2.90,-10.00
34,3,-1.00,-1.00,-1.00,-1.00,0.1027,1.2,0.54,1.85,-19.06,1.43,-3.21,1.61,-10.00
35,3,-1.00,-1.00,-1.00,-1.00,0.2279,0.98,0.49,1.55,6.75,0.88,-24.82,1.43,-10.00
35,3,492.26,510.34,556.92,546.28,0.1245,1.1,0.64,1.91,-9.54,2.40,39.58,0.27,-10.00
35,3,-1.00,-1.00,-1.00,-1.00,0.1158,1.2,0.58,1.40,-14.74,1.22,-11.22,1.45,-10.00
35,3,-1.00,-1.00,-1.00,-1.00,0.1153,1.1,0.53,1.62,-15.36,1.71,8.84,-1.78,-10.00
35,3,-1.00,-1.00,-1.00,-1.00,0.1034,1.1,0.52,1.56,4.65,1.16,-34.27,1.47,-10.00
36,3,1210.24,512.19,1291.17,590.36,0.1607,1.1,0.52,1.65,6.03,1.68,17.89,1.54,-10.00
36,3,-1.00,-1.00,-1.00,-1.00,0.1482,1.1,0.56,1.69,4.84,-1.11,-35.81,2.81,-10.00
36,3,-1.00,-1.00,-1.00,-1.00,0.1216,1.7,0.67,1.79,-21.62,0.11,-51.00,1.49,-10.00
36,3,-1.00,-1.00,-1.00,-1.00,0.1062,1.1,0.62,1.79,29.79,1.10,-2.52,-1.71,-10.00
36,3,-1.00,-1.00,-1.00,-1.00,0.1026,1.0,0.55,1.57,6.33,0.74,-32.42,1.40,-10.00
36,3,-1.00,-1.00,-1.00,-1.00,0.1019,1.1,0.54,1.56,-16.06,0.90,-25.30,1.38,-10.00
37,3,-1.00,-1.00,-1.00,-1.00,0.1064,0.97,0.63,1.45,9.00,0.76,-6.82,-1.47,-10.00
38,3,-1.00,-1.00,-1.00,-1.00,0.2526,1.0,0.48,1.53,14.70,1.14,-20.87,-1.56,-10.00
38,3,-1.00,-1.00,-1.00,-1.00,0.1277,1.8,0.57,1.88,23.88,-1.32,-34.29,1.52,-10.00
38,3,396.93,532.17,436.19,579.07,0.1169,1.1,0.62,1.69,-10.19,2.68,31.17,1.44,-10.00
38,3,-1.00,-1.00,-1.00,-1.00,0.1058,1.2,0.45,1.71,6.32,1.14,4.41,1.58,-10.00
39,3,-1.00,-1.00,-1.00,-1.00,0.2018,0.96,0.30,1.12,-15.64,1.73,-14.09,1.53,-10.00
39,3,257.42,536.68,291.09,589.94,0.1812,1.8,0.69,1.78,-18.87,4.06,42.83,-1.79,-10.00
39,3,51.59,513.44,139.29,561.34,0.1595,1.1,0.70,1.61,-16.77,2.08,28.76,2.83,-10.00
39,3,-1.00,-1.00,-1.00,-1.00,0.1315,1.1,0.56,1.43,-22.66,-0.03,-6.23,3.12,-10.00
39,3,-1.00,-1.00,-1.00,-1.00,0.1128,1.3,0.63,1.60,5.43,1.13,-10.67,1.93,-10.00
40,3,-1.00,-1.00,-1.00,-1.00,0.1832,1.2,0.55,1.67,5.39,1.04,-13.45,1.82,-10.00
40,3,-1.00,-1.00,-1.00,-1.00,0.1257,1.0,0.60,1.55,1.47,1.29,-34.65,1.38,-10.00
40,3,-1.00,-1.00,-1.00,-1.00,0.1001,0.97,0.42,1.58,4.18,-0.16,-39.69,1.56,-10.00
