0,3,-1.00,-1.00,-1.00,-1.00,0.1471,1.1,0.61,1.59,-17.34,0.83,-23.17,-1.38,-10.00
0,3,-1.00,-1.00,-1.00,-1.00,0.1470,1.2,0.47,1.50,7.14,1.22,3.31,1.65,-10.00
0,3,-1.00,-1.00,-1.00,-1.00,0.1407,1.8,0.73,1.93,6.43,1.03,-11.07,1.97,-10.00
0,3,-1.00,-1.00,-1.00,-1.00,0.1167,1.4,0.62,1.71,-30.17,3.45,34.90,-1.61,-10.00
0,3,1533.55,492.33,1582.11,540.33,0.1084,1.4,0.61,1.81,22.62,2.17,38.78,-1.43,-10.00
0,3,806.23,477.54,824.39,519.79,0.1066,1.6,0.63,1.91,-0.44,1.94,49.14,1.60,-10.00
0,3,-1.00,-1.00,-1.00,-1.00,0.1059,1.1,0.55,1.70,-6.92,0.87,-4.51,-3.09,-10.00
1,3,611.06,497.69,687.60,542.86,0.1697,1.2,0.66,1.89,-4.68,1.91,33.08,2.62,-10.00
1,3,-1.00,-1.00,-1.00,-1.00,0.1603,1.1,0.49,1.62,-2.18,1.21,-34.62,1.54,-10.00
1,3,-1.00,-1.00,-1.00,-1.00,0.1589,1.1,0.53,1.59,9.62,0.43,-19.56,-2.08,-10.00
1,3,-1.00,-1.00,-1.00,-1.00,0.1270,1.1,0.54,1.54,-7.40,0.47,0.65,1.56,-10.00
1,3,-1.00,-1.00,-1.00,-1.00,0.1261,1.2,0.62,1.77,-5.95,0.85,-18.19,-1.41,-10.00
1,3,-1.00,-1.00,-1.00,-1.00,0.1147,1.1,0.45,1.58,-15.00,0.95,-25.65,1.70,-10.00
2,3,615.27,487.16,687.63,534.48,0.1993,1.2,0.53,1.81,-4.61,1.69,33.04,-0.45,-10.00
2,3,594.15,480.57,651.67,534.28,0.1292,1.4,0.65,1.79,-5.35,1.69,33.01,1.96,-10.00
2,3,-1.00,-1.00,-1.00,-1.00,0.1117,1.1,0.55,1.66,9.63,0.33,-19.46,-1.94,-10.00
3,3,-1.00,-1.00,-1.00,-1.00,0.1279,1.3,0.55,1.75,9.59,0.60,-19.48,-2.72,-10.00
3,3,-1.00,-1.00,-1.00,-1.00,0.1166,1.0,0.56,1.58,7.42,1.37,-2.19,-1.75,-10.00
3,3,600.31,493.68,677.15,538.39,0.1099,1.2,0.72,1.87,-4.96,1.80,33.07,-0.45,-10.00
3,3,-1.00,-1.00,-1.00,-1.00,0.1064,0.98,0.35,1.19,-7.67,0.69,-24.69,1.51,-10.00
3,3,-1.00,-1.00,-1.00,-1.00,0.1049,1.1,0.58,1.57,-7.39,0.49,0.66,1.63,-10.00
4,3,688.80,481.43,733.89,511.38,0.1616,1.1,0.52,1.61,-4.19,1.49,45.55,3.10,-10.00
4,3,-1.00,-1.00,-1.00,-1.00,0.1568,1.1,0.76,1.76,7.07,1.44,-1.08,-1.58,-10.00
4,3,616.56,487.01,688.89,532.67,0.1265,1.2,0.57,1.81,-4.59,1.65,33.12,-0.48,-10.00
5,3,-1.00,-1.00,-1.00,-1.00,0.2065,0.9,0.29,1.06,-7.94,0.82,-24.67,1.45,-10.00
5,3,-1.00,-1.00,-1.00,-1.00,0.1589,0.93,0.30,1.03,-7.72,0.75,-24.68,1.46,-10.00
5,3,612.20,502.08,690.07,549.23,0.1392,1.2,0.67,1.92,-4.63,2.08,33.07,2.71,-10.00
5,3,-1.00,-1.00,-1.00,-1.00,0.1365,1.3,0.65,1.84,-6.77,1.26,-7.82,-0.06,-10.00
5,3,-1.00,-1.00,-1.00,-1.00,0.1268,1.5,0.77,1.89,10.02,0.49,-19.48,3.13,-10.00
5,3,-1.00,-1.00,-1.00,-1.00,0.1062,1.1,0.52,1.57,12.56,0.93,-42.11,1.43,-10.00
5,3,-1.00,-1.00,-1.00,-1.00,0.1015,1.1,0.49,1.51,11.12,1.71,12.53,-1.56,-10.00
5,3,591.63,487.98,652.54,539.34,0.1014,1.3,0.67,1.79,-5.37,1.82,33.01,-1.12,-10.00
6,3,808.50,486.27,822.53,517.45,0.1307,1.2,0.53,1.73,-0.44,1.85,49.18,1.56,-10.00
6,3,72.74,581.95,226.21,669.73,0.1152,0.97,0.50,1.49,-7.93,2.30,14.70,3.05,-10.00
7,3,-1.00,-1.00,-1.00,-1.00,0.1383,1.1,0.45,1.59,-7.48,-0.04,-37.75,-0.05,-10.00
7,3,611.94,490.52,690.74,540.28,0.1228,1.3,0.69,1.94,-4.62,1.85,33.08,2.63,-10.00
7,3,-1.00,-1.00,-1.00,-1.00,0.1054,0.92,0.29,1.04,-8.01,0.78,-24.57,1.52,-10.00
7,3,-1.00,-1.00,-1.00,-1.00,0.1004,1.1,0.55,1.58,7.39,1.38,-2.18,-1.81,-10.00
8,3,-1.00,-1.00,-1.00,-1.00,0.1668,0.89,0.28,0.97,-7.72,0.76,-24.77,1.45,-10.00
8,3,-1.00,-1.00,-1.00,-1.00,0.1417,0.92,0.28,1.04,-7.92,0.74,-24.85,1.47,-10.00
8,3,659.20,498.53,702.50,542.17,0.1179,1.1,0.61,1.73,-3.86,1.91,33.32,-1.35,-10.00
8,3,-1.00,-1.00,-1.00,-1.00,0.1160,1.1,0.55,1.69,9.61,1.43,9.20,1.57,-10.00
8,3,808.29,486.64,821.97,517.24,0.1074,1.1,0.51,1.72,-0.45,1.84,49.20,1.57,-10.00
8,3,-1.00,-1.00,-1.00,-1.00,0.1011,1.1,0.55,1.53,-7.40,0.52,0.66,1.63,-10.00
8,3,-1.00,-1.00,-1.00,-1.00,0.1006,1.2,0.67,1.77,-6.76,1.25,-7.80,3.04,-10.00
9,3,-1.00,-1.00,-1.00,-1.00,0.1814,1.1,0.57,1.70,-7.74,-0.05,-38.08,-0.27,-10.00
9,3,-1.00,-1.00,-1.00,-1.00,0.1144,1.1,0.64,1.73,-5.92,0.86,-30.19,2.83,-10.00
9,3,585.28,487.61,660.37,531.94,0.1144,1.1,0.63,1.83,-5.32,1.61,32.75,-0.52,-10.00
9,3,-1.00,-1.00,-1.00,-1.00,0.1010,1.1,0.54,1.60,-16.55,0.18,-38.06,-0.63,-10.00
10,3,-1.00,-1.00,-1.00,-1.00,0.2017,1.1,0.54,1.72,-7.72,-0.12,-38.07,-0.19,-10.00
10,3,585.79,497.23,662.26,544.73,0.1942,1.2,0.71,1.84,-5.29,1.94,32.74,-0.52,-10.00
10,3,642.97,496.88,694.22,549.13,0.1889,1.3,0.60,1.73,-4.18,2.09,33.25,-1.21,-10.00
10,3,-1.00,-1.00,-1.00,-1.00,0.1231,1.1,0.53,1.67,9.59,1.42,9.18,-1.56,-10.00
10,3,-1.00,-1.00,-1.00,-1.00,0.1109,1.1,0.56,1.54,-7.39,0.48,0.47,1.56,-10.00
10,3,-1.00,-1.00,-1.00,-1.00,0.1092,1.2,0.56,1.88,-8.07,0.59,-30.52,1.53,-10.00
10,3,-1.00,-1.00,-1.00,-1.00,0.1046,1.1,0.60,1.66,7.42,1.46,-0.81,-1.87,-10.00
11,3,610.73,487.22,687.17,533.89,0.1709,1.2,0.66,1.89,-4.69,1.68,33.09,2.60,-10.00
11,3,-1.00,-1.00,-1.00,-1.00,0.1306,1.2,0.56,1.66,9.63,0.48,-19.50,-2.07,-10.00
11,3,691.56,482.67,733.19,508.82,0.1231,0.93,0.45,1.49,-4.15,1.40,45.52,3.01,-10.00
11,3,-1.00,-1.00,-1.00,-1.00,0.1173,1.3,0.54,1.46,6.50,1.05,-48.62,-1.56,-10.00
11,3,-1.00,-1.00,-1.00,-1.00,0.1074,1.0,0.62,1.58,7.42,1.40,-2.21,-1.80,-10.00
11,3,-1.00,-1.00,-1.00,-1.00,0.1033,1.1,0.57,1.67,-2.16,1.17,-34.65,1.52,-10.00
12,3,1024.52,460.01,1079.27,514.62,0.3190,1.9,0.68,1.84,8.16,1.61,45.38,2.75,-10.00
12,3,601.24,494.35,675.36,540.94,0.1639,1.2,0.67,1.82,-4.96,1.86,33.02,-0.40,-10.00
12,3,-1.00,-1.00,-1.00,-1.00,0.1605,1.1,0.60,1.59,-7.38,0.49,0.58,1.62,-10.00
12,3,640.44,497.54,689.28,546.10,0.1122,1.2,0.56,1.71,-4.26,2.00,33.09,-1.22,-10.00
12,3,-1.00,-1.00,-1.00,-1.00,0.1085,0.98,0.33,1.11,-7.69,0.74,-24.66,1.49,-10.00
12,3,-1.00,-1.00,-1.00,-1.00,0.1049,0.94,0.31,1.11,-7.99,0.82,-24.63,1.51,-10.00
13,3,-1.00,-1.00,-1.00,-1.00,0.1782,1.2,0.58,1.73,9.63,0.55,-19.48,-2.68,-10.00
13,3,-1.00,-1.00,-1.00,-1.00,0.1449,1.1,0.50,1.48,11.10,1.82,12.53,-1.72,-10.00
13,3,-1.00,-1.00,-1.00,-1.00,0.1424,1.2,0.63,1.86,-6.78,1.25,-7.84,-0.07,-10.00
13,3,-1.00,-1.00,-1.00,-1.00,0.1197,0.95,0.31,1.11,-7.98,0.78,-24.64,1.51,-10.00
13,3,610.39,490.18,687.48,538.59,0.1194,1.2,0.64,1.91,-4.69,1.80,33.07,-0.43,-10.00
13,3,-1.00,-1.00,-1.00,-1.00,0.1136,0.97,0.31,1.12,-7.73,0.75,-24.68,1.48,-10.00
13,3,-1.00,-1.00,-1.00,-1.00,0.1093,1.2,0.60,1.92,-8.06,0.62,-30.51,1.52,-10.00
13,3,-1.00,-1.00,-1.00,-1.00,0.1018,1.1,0.62,1.59,17.71,0.47,-5.19,-2.82,-10.00
14,3,-1.00,-1.00,-1.00,-1.00,0.1999,0.85,0.26,0.98,-7.94,0.74,-24.64,1.49,-10.00
14,3,614.53,492.68,689.57,539.67,0.1904,1.2,0.58,1.87,-4.61,1.83,33.10,2.69,-10.00
14,3,-1.00,-1.00,-1.00,-1.00,0.1631,0.87,0.27,0.96,-7.71,0.71,-24.66,1.49,-10.00
14,3,-1.00,-1.00,-1.00,-1.00,0.1565,1.2,0.53,1.58,-29.55,3.40,34.92,0.26,-10.00
14,3,-1.00,-1.00,-1.00,-1.00,0.1110,1.2,0.57,1.67,-5.98,0.85,-17.28,1.31,-10.00
15,3,611.73,489.44,687.97,537.86,0.1868,1.2,0.62,1.89,-4.66,1.78,33.09,2.65,-10.00
15,3,-1.00,-1.00,-1.00,-1.00,0.1603,1.3,0.67,1.89,10.11,0.51,-19.44,2.98,-10.00
15,3,-1.00,-1.00,-1.00,-1.00,0.1326,1.1,0.56,1.69,9.60,1.36,9.22,-1.62,-10.00
15,3,805.25,479.46,825.92,515.80,0.1082,1.4,0.66,1.88,-0.43,1.80,49.73,-1.50,-10.00
15,3,-1.00,-1.00,-1.00,-1.00,0.1071,1.0,0.63,1.68,7.38,1.36,-2.15,-1.85,-10.00
16,3,-1.00,-1.00,-1.00,-1.00,0.1972,0.91,0.29,1.06,-7.97,0.75,-24.65,1.47,-10.00
16,3,612.30,497.88,690.02,545.35,0.1070,1.2,0.71,1.92,-4.63,1.98,33.10,2.76,-10.00
17,3,-1.00,-1.00,-1.00,-1.00,0.2080,0.9,0.29,1.03,-7.96,0.75,-24.65,1.46,-10.00
17,3,-1.00,-1.00,-1.00,-1.00,0.1366,1.3,0.75,1.81,10.03,0.40,-19.48,-2.88,-10.00
17,3,-1.00,-1.00,-1.00,-1.00,0.1271,1.2,0.48,1.55,-7.45,-0.08,-37.74,-0.01,-10.00
17,3,594.39,484.64,651.73,536.97,0.1249,1.3,0.65,1.77,-5.34,1.76,32.99,-1.17,-10.00
17,3,-1.00,-1.00,-1.00,-1.00,0.1180,1.3,0.58,1.73,-16.65,0.09,-38.38,1.98,-10.00
17,3,-1.00,-1.00,-1.00,-1.00,0.1094,0.93,0.30,1.03,-7.72,0.73,-24.66,1.45,-10.00
18,3,-1.00,-1.00,-1.00,-1.00,0.1288,1.8,0.80,1.68,-47.43,2.33,28.40,-0.47,-10.00
18,3,-1.00,-1.00,-1.00,-1.00,0.1203,1.0,0.64,1.60,7.01,1.41,0.15,1.23,-10.00
18,3,-1.00,-1.00,-1.00,-1.00,0.1098,1.1,0.69,1.68,-6.04,0.82,-30.50,-1.10,-10.00
18,3,613.61,487.86,690.10,534.38,0.1086,1.2,0.64,1.90,-4.61,1.69,33.09,2.65,-10.00
18,3,-1.00,-1.00,-1.00,-1.00,0.1021,1.0,0.52,1.61,9.57,1.38,9.26,1.65,-10.00
19,3,-1.00,-1.00,-1.00,-1.00,0.2354,1.2,0.53,1.63,9.64,0.37,-19.61,-2.17,-10.00
19,3,-1.00,-1.00,-1.00,-1.00,0.1937,0.91,0.29,1.02,-7.94,0.75,-24.83,1.48,-10.00
19,3,615.77,497.05,692.50,546.84,0.1675,1.3,0.64,1.90,-4.55,2.02,33.05,-0.48,-10.00
19,3,-1.00,-1.00,-1.00,-1.00,0.1454,0.9,0.28,0.96,-7.74,0.76,-24.70,1.43,-10.00
19,3,-1.00,-1.00,-1.00,-1.00,0.1228,1.1,0.75,1.88,7.39,1.45,-1.10,-1.83,-10.00
19,3,657.86,505.75,704.51,548.45,0.1153,1.1,0.56,1.63,-3.86,2.08,33.33,-1.22,-10.00
19,3,-1.00,-1.00,-1.00,-1.00,0.1050,1.1,0.59,1.56,-7.38,0.49,0.48,-1.54,-10.00
19,3,276.17,484.46,319.59,524.74,0.1044,1.2,0.57,1.77,-16.24,1.67,38.52,1.58,-10.00
20,3,613.94,502.93,690.93,551.46,0.1491,1.3,0.70,1.92,-4.60,2.14,33.08,2.82,-10.00
20,3,-1.00,-1.00,-1.00,-1.00,0.1416,1.1,0.57,1.58,-7.40,0.50,0.47,-1.66,-10.00
20,3,664.72,508.92,690.82,553.74,0.1256,1.1,0.61,1.73,-3.92,2.20,33.05,-1.65,-10.00
20,3,-1.00,-1.00,-1.00,-1.00,0.1229,1.5,0.73,1.58,19.78,-0.31,-5.99,-1.51,-10.00
20,3,-1.00,-1.00,-1.00,-1.00,0.1060,1.1,0.49,1.48,11.11,1.80,12.49,-1.67,-10.00
20,3,-1.00,-1.00,-1.00,-1.00,0.1031,1.1,0.62,1.56,-14.26,-1.25,-32.72,-2.67,-10.00
21,3,659.05,501.84,701.59,545.99,0.1591,1.1,0.65,1.66,-3.87,2.01,33.28,-1.38,-10.00
21,3,-1.00,-1.00,-1.00,-1.00,0.1454,1.1,0.61,1.70,7.40,1.47,-0.84,-1.81,-10.00
21,3,-1.00,-1.00,-1.00,-1.00,0.1304,1.1,0.60,1.57,17.67,0.49,-5.19,-2.82,-10.00
21,3,-1.00,-1.00,-1.00,-1.00,0.1284,1.3,0.56,1.68,9.62,0.50,-19.71,-2.11,-10.00
21,3,613.51,493.31,690.28,541.77,0.1178,1.3,0.65,1.92,-4.61,1.88,33.07,-0.32,-10.00
21,3,-1.00,-1.00,-1.00,-1.00,0.1035,2.1,0.76,1.57,-45.24,2.69,29.13,-0.13,-10.00
22,3,-1.00,-1.00,-1.00,-1.00,0.1682,1.2,0.48,1.58,-7.17,-0.20,-37.77,-3.13,-10.00
22,3,689.76,480.74,733.16,509.15,0.1471,1.0,0.42,1.55,-4.19,1.41,45.52,3.01,-10.00
22,3,454.20,482.99,505.03,513.86,0.1328,1.1,0.63,1.83,-13.06,1.64,47.17,-0.27,-10.00
22,3,-1.00,-1.00,-1.00,-1.00,0.1268,1.1,0.48,1.60,-5.76,0.54,-27.42,1.48,-10.00
22,3,0.00,534.56,117.97,594.50,0.1257,0.85,0.57,1.50,-11.24,1.80,18.31,0.17,-10.00
22,3,-1.00,-1.00,-1.00,-1.00,0.1217,1.0,0.49,1.64,9.77,1.66,5.68,-1.62,-10.00
22,3,-1.00,-1.00,-1.00,-1.00,0.1212,1.2,0.58,1.58,-7.59,0.15,-21.24,0.02,-10.00
22,3,-1.00,-1.00,-1.00,-1.00,0.1182,0.99,0.57,1.59,7.46,1.42,-2.20,-1.75,-10.00
22,3,299.46,528.70,365.19,568.75,0.1106,0.95,0.49,1.41,-11.99,2.38,30.41,2.94,-10.00
22,3,592.04,502.20,638.01,552.38,0.1105,1.3,0.63,1.70,-5.44,2.11,32.30,-1.39,-10.00
22,3,-1.00,-1.00,-1.00,-1.00,0.1078,1.0,0.52,1.60,-6.50,0.56,-21.30,3.10,-10.00
22,3,-1.00,-1.00,-1.00,-1.00,0.1051,0.97,0.56,1.62,-5.72,0.93,-29.53,1.55,-10.00
23,3,-1.00,-1.00,-1.00,-1.00,0.3982,1.1,0.52,1.73,9.62,0.02,-19.81,-1.66,-10.00
23,3,-1.00,-1.00,-1.00,-1.00,0.3218,1.1,0.55,1.57,-7.50,0.01,-21.60,-3.14,-10.00
23,3,452.37,490.28,503.62,520.08,0.1816,1.1,0.58,1.77,-12.99,1.86,46.73,3.01,-10.00
23,3,-1.00,-1.00,-1.00,-1.00,0.1804,1.0,0.60,1.73,7.40,1.39,-2.38,-1.70,-10.00
23,3,-1.00,-1.00,-1.00,-1.00,0.1470,1.2,0.56,1.54,-7.47,0.13,-24.62,3.14,-10.00
23,3,-1.00,-1.00,-1.00,-1.00,0.1237,1.2,0.49,1.81,-5.73,0.57,-27.87,1.43,-10.00
23,3,464.23,496.15,509.21,522.62,0.1029,0.97,0.56,1.53,-12.79,1.97,47.15,-3.05,-10.00
23,3,-1.00,-1.00,-1.00,-1.00,0.1026,1.2,0.61,1.85,-5.73,0.77,-25.45,1.88,-10.00
24,3,-1.00,-1.00,-1.00,-1.00,0.3365,1.2,0.63,1.72,-6.65,1.03,-9.03,3.13,-10.00
24,3,-1.00,-1.00,-1.00,-1.00,0.2123,1.1,0.51,1.46,-7.54,0.49,-25.73,-0.26,-10.00
24,3,-1.00,-1.00,-1.00,-1.00,0.1923,1.2,0.56,1.60,-7.56,0.24,-22.55,3.01,-10.00
24,3,-1.00,-1.00,-1.00,-1.00,0.1620,1.0,0.43,1.62,-3.23,1.12,-27.77,-1.57,-10.00
24,3,-1.00,-1.00,-1.00,-1.00,0.1606,1.0,0.53,1.56,7.43,1.35,-3.47,-1.67,-10.00
24,3,210.98,489.26,284.94,530.25,0.1429,1.2,0.66,1.82,-16.80,1.74,36.41,-0.09,-10.00
24,3,-1.00,-1.00,-1.00,-1.00,0.1126,1.2,0.56,1.68,11.54,-0.40,-20.55,1.98,-10.00
24,3,477.77,510.45,546.73,552.46,0.1123,1.1,0.63,1.73,-8.39,2.19,33.48,-0.14,-10.00
24,3,-1.00,-1.00,-1.00,-1.00,0.1036,1.1,0.57,1.67,-6.45,0.37,-22.55,-0.02,-10.00
24,3,-1.00,-1.00,-1.00,-1.00,0.1033,1.1,0.50,1.71,9.64,0.04,-20.56,-1.55,-10.00
25,3,-1.00,-1.00,-1.00,-1.00,0.3661,1.2,0.54,1.76,9.66,0.15,-21.78,-1.53,-10.00
25,3,-1.00,-1.00,-1.00,-1.00,0.2721,1.1,0.57,1.60,-7.55,0.37,-26.98,-0.35,-10.00
25,3,-1.00,-1.00,-1.00,-1.00,0.2279,1.2,0.54,1.34,-11.58,0.80,-26.00,-1.76,-10.00
25,3,620.17,508.64,682.69,571.36,0.1952,1.5,0.73,1.59,-4.26,2.45,30.59,-1.09,-10.00
25,3,185.57,488.91,261.77,530.39,0.1591,1.1,0.61,1.81,-16.91,1.69,35.16,-0.13,-10.00
25,3,-1.00,-1.00,-1.00,-1.00,0.1585,1.2,0.50,1.57,-7.79,0.25,-29.37,-0.03,-10.00
25,3,-1.00,-1.00,-1.00,-1.00,0.1448,1.3,0.60,1.64,9.80,0.29,-39.96,1.15,-10.00
25,3,657.51,528.58,708.36,581.34,0.1445,1.2,0.74,1.76,-3.47,2.64,30.14,-1.97,-10.00
25,3,391.06,510.41,461.43,554.09,0.1435,1.1,0.54,1.62,-10.18,2.13,31.88,-0.09,-10.00
25,3,-1.00,-1.00,-1.00,-1.00,0.1228,0.89,0.49,1.40,-6.42,0.66,-15.81,3.03,-10.00
25,3,253.41,485.69,310.73,519.80,0.1227,1.1,0.52,1.60,-17.20,1.57,39.59,-0.51,-10.00
25,3,-1.00,-1.00,-1.00,-1.00,0.1082,1.1,0.52,1.62,-6.63,0.80,-5.27,2.70,-10.00
25,3,-1.00,-1.00,-1.00,-1.00,0.1025,1.3,0.76,1.84,-6.74,1.19,-10.52,3.06,-10.00
26,3,-1.00,-1.00,-1.00,-1.00,0.4833,1.1,0.55,1.72,9.58,0.14,-23.63,-1.69,-10.00
26,3,582.26,506.67,666.63,559.40,0.1957,1.2,0.66,1.79,-4.63,2.03,28.75,2.59,-10.00
26,3,351.43,510.54,430.56,558.94,0.1717,1.1,0.66,1.69,-10.52,2.14,30.30,-0.10,-10.00
26,3,225.97,488.48,293.72,538.08,0.1593,1.5,0.73,1.77,-17.19,2.06,38.01,-0.55,-10.00
26,3,711.03,472.88,785.49,536.68,0.1551,1.8,0.76,2.00,-2.27,1.92,36.26,2.74,-10.00
26,3,434.50,509.33,511.83,557.46,0.1236,1.1,0.57,1.75,-8.63,2.12,30.62,-0.14,-10.00
26,3,-1.00,-1.00,-1.00,-1.00,0.1216,1.3,0.70,1.84,11.80,0.06,-40.38,1.60,-10.00
26,3,-1.00,-1.00,-1.00,-1.00,0.1060,1.2,0.57,1.67,-6.74,0.90,-11.82,3.02,-10.00
26,3,-1.00,-1.00,-1.00,-1.00,0.1031,1.2,0.64,1.71,-6.44,0.22,-25.34,3.09,-10.00
27,3,-1.00,-1.00,-1.00,-1.00,0.3471,1.2,0.69,1.79,-5.75,0.52,-24.15,-1.61,-10.00
27,3,-1.00,-1.00,-1.00,-1.00,0.1817,1.2,0.63,1.77,-6.24,0.31,-30.09,-3.14,-10.00
27,3,602.26,528.82,657.06,586.57,0.1754,1.2,0.55,1.51,-4.30,2.52,27.42,1.89,-10.00
27,3,558.51,507.46,598.64,562.06,0.1668,1.1,0.60,1.67,-5.40,1.99,27.37,1.54,-10.00
27,3,-1.00,-1.00,-1.00,-1.00,0.1439,1.2,0.52,1.70,-25.11,4.31,25.17,-1.65,-10.00
27,3,745.06,492.94,814.04,541.82,0.1322,1.3,0.58,1.87,-1.32,2.00,35.05,2.99,-10.00
27,3,-1.00,-1.00,-1.00,-1.00,0.1304,1.7,0.68,1.72,11.70,0.14,-42.34,0.05,-10.00
27,3,562.84,512.35,626.59,567.62,0.1033,1.2,0.61,1.78,-5.02,2.10,27.21,1.87,-10.00
28,3,-1.00,-1.00,-1.00,-1.00,0.2517,1.2,0.62,1.61,-7.66,-0.05,-32.02,-3.12,-10.00
28,3,746.72,496.35,813.62,539.42,0.1922,1.1,0.58,1.74,-1.23,1.82,33.04,-0.04,-10.00
28,3,534.25,495.24,571.38,550.18,0.1207,1.1,0.55,1.66,-5.47,1.60,25.09,1.46,-10.00
28,3,545.72,493.68,606.56,543.52,0.1130,0.97,0.57,1.63,-5.06,1.48,25.40,-1.33,-10.00
28,3,-1.00,-1.00,-1.00,-1.00,0.1050,1.1,0.49,1.53,-9.43,1.21,-6.14,-1.62,-10.00
28,3,-1.00,-1.00,-1.00,-1.00,0.1048,1.2,0.67,1.77,-6.64,0.94,-15.77,3.03,-10.00
29,3,44.11,481.56,139.11,532.13,0.1726,1.1,0.53,1.73,-16.42,1.38,28.01,2.97,-10.00
29,3,-1.00,-1.00,-1.00,-1.00,0.1598,1.2,0.65,1.75,-6.29,0.70,-23.41,-3.14,-10.00
29,3,278.79,507.47,371.55,562.35,0.1210,1.1,0.52,1.60,-9.87,1.81,24.70,-0.09,-10.00
30,3,540.88,482.26,658.48,555.54,0.2119,1.2,0.67,1.83,-3.82,1.42,21.10,2.66,-10.00
30,3,-1.00,-1.00,-1.00,-1.00,0.1427,1.2,0.61,1.61,19.57,-0.67,-21.94,-0.34,-10.00
30,3,-1.00,-1.00,-1.00,-1.00,0.1192,1.0,0.46,1.54,0.74,1.48,-25.46,1.62,-10.00
30,3,-1.00,-1.00,-1.00,-1.00,0.1065,1.3,0.74,1.87,29.02,0.95,5.94,-0.43,-10.00
30,3,-1.00,-1.00,-1.00,-1.00,0.1041,1.0,0.67,1.84,-3.54,1.43,-23.77,-0.02,-10.00
31,3,588.19,500.70,644.63,576.98,0.1639,1.1,0.51,1.73,-3.18,1.60,19.07,-1.53,-10.00
31,3,880.76,499.95,948.29,543.43,0.1385,0.9,0.36,1.41,1.87,1.55,26.61,0.09,-10.00
31,3,1247.42,487.10,1296.82,517.88,0.1146,1.1,0.55,1.66,16.80,1.79,47.28,0.16,-10.00
31,3,59.78,486.64,111.83,521.31,0.1126,1.2,0.51,1.53,-27.00,1.86,45.67,-0.87,-10.00
31,3,1242.87,485.68,1290.85,515.98,0.1077,1.1,0.60,1.68,16.75,1.73,47.68,-2.80,-10.00
31,3,332.15,469.57,433.42,532.13,0.1013,1.2,0.66,1.86,-8.91,1.24,25.16,2.72,-10.00
32,3,-1.00,-1.00,-1.00,-1.00,0.3455,1.1,0.44,1.56,16.29,-1.16,-29.88,1.58,-10.00
32,3,-1.00,-1.00,-1.00,-1.00,0.3206,1.3,0.89,2.07,18.90,-0.67,-18.34,0.07,-10.00
32,3,1526.75,479.19,1600.00,552.75,0.2000,1.7,0.70,1.54,17.08,1.89,28.86,-0.24,-10.00
32,3,958.96,495.29,1036.46,542.03,0.1919,0.9,0.42,1.48,3.36,1.41,24.65,-3.02,-10.00
32,3,-1.00,-1.00,-1.00,-1.00,0.1361,1.1,0.51,1.56,15.97,-1.17,-29.77,1.61,-10.00
32,3,-1.00,-1.00,-1.00,-1.00,0.1136,0.99,0.49,1.47,-18.83,1.71,20.06,-0.32,-10.00
32,3,427.77,503.37,505.27,552.11,0.1097,1.1,0.56,1.62,-8.26,1.87,28.77,-0.50,-10.00
32,3,-1.00,-1.00,-1.00,-1.00,0.1081,1.1,0.50,1.75,16.57,-1.03,-30.15,-1.51,-10.00
32,3,-1.00,-1.00,-1.00,-1.00,0.1068,1.1,0.40,1.65,-7.00,1.25,-31.43,-1.57,-10.00
32,3,-1.00,-1.00,-1.00,-1.00,0.1029,1.1,0.57,1.60,-14.68,-0.00,-44.75,1.59,-10.00
32,3,657.59,505.65,720.30,585.43,0.1009,1.1,0.58,1.60,-1.94,1.61,17.87,1.66,-10.00
32,3,-1.00,-1.00,-1.00,-1.00,0.1008,1.2,0.68,1.77,-11.47,-0.38,-27.75,-3.03,-10.00
33,3,736.70,492.61,837.14,570.19,0.2459,1.4,0.66,1.75,-0.73,1.79,22.57,3.02,-10.00
33,3,1096.20,528.21,1186.72,581.92,0.2326,0.94,0.50,1.53,5.64,2.00,22.51,0.17,-10.00
33,3,-1.00,-1.00,-1.00,-1.00,0.1692,1.2,0.74,1.82,16.72,-1.17,-21.59,-3.08,-10.00
33,3,-1.00,-1.00,-1.00,-1.00,0.1626,1.0,0.70,1.81,-23.93,1.59,-9.21,-2.78,-10.00
33,3,1089.44,497.41,1178.37,552.82,0.1404,1.1,0.56,1.66,6.04,1.62,24.61,-2.87,-10.00
33,3,208.08,503.38,313.08,568.03,0.1311,1.2,0.53,1.68,-10.47,1.80,23.21,3.10,-10.00
33,3,-1.00,-1.00,-1.00,-1.00,0.1308,1.1,0.52,1.73,28.89,0.56,-6.09,0.20,-10.00
33,3,-1.00,-1.00,-1.00,-1.00,0.1281,1.1,0.55,1.69,-1.40,0.23,-37.59,-1.54,-10.00
33,3,-1.00,-1.00,-1.00,-1.00,0.1210,2.0,0.60,1.95,13.73,-1.10,-34.55,1.71,-10.00
33,3,-1.00,-1.00,-1.00,-1.00,0.1051,1.2,0.63,1.28,-11.62,1.21,-12.84,-1.52,-10.00
33,3,1306.55,487.12,1380.43,539.31,0.1041,1.3,0.58,1.74,13.54,1.81,32.83,0.41,-10.00
34,3,-1.00,-1.00,-1.00,-1.00,0.2055,1.2,0.61,1.66,-21.68,-0.75,-41.01,-2.66,-10.00
34,3,838.44,465.84,957.94,580.35,0.1778,1.8,0.75,1.86,1.13,1.75,20.16,-3.14,-10.00
34,3,-1.00,-1.00,-1.00,-1.00,0.1572,1.2,0.49,1.77,13.47,-1.63,-25.47,1.57,-10.00
34,3,1308.65,521.02,1425.03,590.34,0.1545,1.1,0.55,1.60,8.51,1.89,19.80,0.27,-10.00
34,3,1540.90,500.29,1600.00,553.71,0.1373,1.2,0.54,1.65,17.65,1.95,29.22,-2.56,-10.00
34,3,-1.00,-1.00,-1.00,-1.00,0.1350,1.1,0.54,1.68,-22.32,-0.65,-43.99,-2.73,-10.00
34,3,-1.00,-1.00,-1.00,-1.00,0.1298,1.1,0.61,1.79,-13.50,1.04,-13.56,-1.31,-10.00
34,3,-1.00,-1.00,-1.00,-1.00,0.1259,1.1,0.52,1.28,-24.98,-0.25,-4.98,-2.82,-10.00
34,3,-1.00,-1.00,-1.00,-1.00,0.1161,0.98,0.49,1.68,-4.03,1.29,-20.20,-1.12,-10.00
34,3,-1.00,-1.00,-1.00,-1.00,0.1032,1.1,0.52,1.59,17.20,-1.32,-23.79,-1.48,-10.00
34,3,1215.48,501.09,1290.81,560.07,0.1025,1.4,0.68,1.56,10.35,2.17,30.43,-0.01,-10.00
35,3,532.74,508.37,581.75,561.14,0.3086,1.1,0.56,1.65,-5.63,1.89,26.25,1.65,-10.00
35,3,-1.00,-1.00,-1.00,-1.00,0.2292,1.1,0.56,1.71,30.63,1.89,2.63,1.77,-10.00
35,3,-1.00,-1.00,-1.00,-1.00,0.2106,1.1,0.54,1.65,-20.05,0.67,-27.94,-2.55,-10.00
35,3,-1.00,-1.00,-1.00,-1.00,0.2086,1.8,0.74,1.80,25.47,0.89,15.59,-3.08,-10.00
35,3,736.65,470.94,799.99,524.47,0.1962,1.1,0.54,1.77,-1.21,1.13,26.28,-1.11,-10.00
35,3,-1.00,-1.00,-1.00,-1.00,0.1899,1.0,0.39,1.39,-0.34,1.02,-19.88,1.94,-10.00
35,3,637.09,475.80,701.21,540.22,0.1622,1.1,0.53,1.63,-2.80,1.25,22.45,-1.28,-10.00
35,3,-1.00,-1.00,-1.00,-1.00,0.1371,1.2,0.51,1.58,10.47,0.61,-15.08,0.40,-10.00
35,3,888.85,498.07,979.69,554.41,0.1367,1.1,0.57,1.68,2.12,1.65,24.68,-0.27,-10.00
35,3,-1.00,-1.00,-1.00,-1.00,0.1350,1.6,0.61,1.69,23.29,1.32,23.17,-2.71,-10.00
35,3,-1.00,-1.00,-1.00,-1.00,0.1246,1.2,0.83,1.89,7.70,0.71,-15.05,-1.25,-10.00
35,3,-1.00,-1.00,-1.00,-1.00,0.1129,1.1,0.65,1.80,-17.26,0.90,-23.19,-2.57,-10.00
35,3,1072.08,488.33,1185.67,571.86,0.1101,1.2,0.57,1.59,4.46,1.50,18.55,-2.93,-10.00
35,3,-1.00,-1.00,-1.00,-1.00,0.1088,1.3,0.54,1.52,-13.74,0.45,-41.71,-2.65,-10.00
35,3,544.89,493.32,603.57,528.53,0.1060,1.1,0.51,1.77,-8.02,1.85,39.84,-0.33,-10.00
35,3,980.65,462.76,1100.94,572.72,0.1013,1.8,0.74,1.88,3.65,1.74,21.45,3.09,-10.00
36,3,-1.00,-1.00,-1.00,-1.00,0.3644,1.9,0.78,1.67,-7.48,0.47,-23.97,-0.56,-10.00
36,3,1216.83,475.43,1344.32,589.60,0.2785,1.7,0.61,1.71,6.83,1.79,18.91,-2.90,-10.00
36,3,9.09,483.79,98.30,574.47,0.2667,1.9,0.76,1.78,-16.97,2.28,27.51,0.42,-10.00
36,3,-1.00,-1.00,-1.00,-1.00,0.1847,1.7,0.67,1.73,35.44,0.67,0.23,0.20,-10.00
36,3,893.08,467.56,960.59,537.18,0.1746,1.1,0.50,1.61,1.67,1.11,20.73,2.06,-10.00
36,3,-1.00,-1.00,-1.00,-1.00,0.1669,1.6,0.65,1.70,23.77,1.04,8.02,0.04,-10.00
36,3,1077.71,501.28,1249.86,617.06,0.1399,1.2,0.55,1.66,3.59,1.53,13.38,-2.63,-10.00
36,3,-1.00,-1.00,-1.00,-1.00,0.1282,0.96,0.43,1.44,-3.67,1.06,-20.67,2.01,-10.00
36,3,-1.00,-1.00,-1.00,-1.00,0.1279,1.1,0.45,1.51,4.07,1.04,-17.92,-1.87,-10.00
36,3,776.74,493.60,837.83,532.66,0.1270,1.2,0.63,1.82,-0.59,1.93,38.70,0.09,-10.00
36,3,-1.00,-1.00,-1.00,-1.00,0.1158,1.7,0.72,1.72,-6.86,0.77,-28.08,3.09,-10.00
36,3,980.80,474.04,1072.31,535.10,0.1071,1.1,0.58,1.72,3.87,1.25,24.19,2.66,-10.00
36,3,690.13,487.20,742.22,520.52,0.1052,1.1,0.58,1.62,-3.66,1.66,41.49,-2.78,-10.00
37,3,1538.42,445.92,1600.00,596.04,0.3298,1.8,0.69,1.92,9.95,1.53,15.38,-2.93,-10.00
37,3,1532.06,495.27,1600.00,573.93,0.2679,1.1,0.52,1.71,11.46,1.52,18.51,-3.12,-10.00
37,3,-1.00,-1.00,-1.00,-1.00,0.2673,1.2,0.71,1.78,-0.21,-1.00,-33.75,-0.12,-10.00
37,3,-1.00,-1.00,-1.00,-1.00,0.1760,1.3,0.67,1.80,32.36,0.17,22.69,-2.22,-10.00
37,3,1210.91,469.95,1267.13,547.78,0.1658,1.1,0.48,1.51,6.04,1.13,18.31,-1.07,-10.00
37,3,-1.00,-1.00,-1.00,-1.00,0.1621,1.2,0.73,1.91,14.35,1.47,20.54,0.42,-10.00
37,3,-1.00,-1.00,-1.00,-1.00,0.1146,1.6,0.72,1.45,-12.36,0.64,-27.73,1.47,-10.00
37,3,-1.00,-1.00,-1.00,-1.00,0.1086,1.1,0.49,1.69,-18.92,1.40,-9.23,2.40,-10.00
37,3,-1.00,-1.00,-1.00,-1.00,0.1016,1.1,0.60,1.69,23.62,1.52,12.24,1.00,-10.00
38,3,-1.00,-1.00,-1.00,-1.00,0.2786,0.99,0.54,1.47,16.77,0.77,-22.71,1.20,-10.00
38,3,-1.00,-1.00,-1.00,-1.00,0.2037,1.3,0.76,1.27,-1.56,1.02,-23.58,-1.96,-10.00
38,3,-1.00,-1.00,-1.00,-1.00,0.1828,1.7,0.72,1.84,12.69,0.94,10.94,-2.48,-10.00
38,3,-1.00,-1.00,-1.00,-1.00,0.1353,1.4,0.78,1.78,36.74,-0.47,12.42,-1.83,-10.00
38,3,-1.00,-1.00,-1.00,-1.00,0.1178,1.0,0.39,1.53,-4.39,1.65,-22.17,-1.46,-10.00
38,3,-1.00,-1.00,-1.00,-1.00,0.1141,1.7,0.68,1.63,30.41,0.79,-29.35,-0.61,-10.00
38,3,1429.60,447.71,1514.92,496.52,0.1138,1.2,0.55,1.81,16.18,0.64,31.44,0.33,-10.00
39,3,-1.00,-1.00,-1.00,-1.00,0.3487,1.1,0.57,1.83,22.27,0.32,25.76,0.49,-10.00
39,3,-1.00,-1.00,-1.00,-1.00,0.2747,1.1,0.43,1.37,-8.41,1.66,-22.61,1.36,-10.00
39,3,-1.00,-1.00,-1.00,-1.00,0.1165,1.1,0.59,1.65,-5.78,1.03,-24.74,1.58,-10.00
39,3,1411.44,471.93,1478.58,515.15,0.1150,1.4,0.75,1.84,20.38,1.48,41.29,-0.15,-10.00
