0,3,-1.00,-1.00,-1.00,-1.00,0.1544,1.1,0.63,1.51,4.77,0.87,-28.30,1.50,-10.00
0,3,-1.00,-1.00,-1.00,-1.00,0.1332,1.1,0.61,1.71,-16.85,0.93,-13.56,0.07,-10.00
0,3,-1.00,-1.00,-1.00,-1.00,0.1144,1.2,0.47,1.41,-7.91,1.06,-10.81,-1.53,-10.00
0,3,-1.00,-1.00,-1.00,-1.00,0.1136,1.1,0.67,1.64,19.32,1.09,0.02,-0.71,-10.00
1,3,-1.00,-1.00,-1.00,-1.00,0.1291,0.99,0.53,1.58,7.17,0.46,-18.93,1.80,-10.00
1,3,980.88,495.41,1014.25,543.31,0.1260,1.2,0.85,2.01,4.62,1.97,33.87,1.70,-10.00
1,3,-1.00,-1.00,-1.00,-1.00,0.1117,1.0,0.46,1.56,7.55,0.49,-18.32,1.56,-10.00
1,3,-1.00,-1.00,-1.00,-1.00,0.1020,1.1,0.62,1.71,19.24,1.31,16.12,-1.36,-10.00
2,3,-1.00,-1.00,-1.00,-1.00,0.3877,1.1,0.55,1.67,-10.86,0.50,-18.05,-0.75,-10.00
2,3,-1.00,-1.00,-1.00,-1.00,0.3297,1.1,0.36,1.30,-15.98,2.13,-11.78,1.71,-10.00
2,3,724.19,502.01,784.81,542.46,0.3240,1.1,0.58,1.62,-2.01,2.02,35.03,0.09,-10.00
2,3,-1.00,-1.00,-1.00,-1.00,0.1329,1.0,0.46,1.70,17.69,0.46,-3.40,-1.44,-10.00
2,3,680.30,508.11,707.68,551.13,0.1230,1.7,0.72,1.88,-5.25,3.20,49.65,-1.48,-10.00
2,3,-1.00,-1.00,-1.00,-1.00,0.1158,1.3,0.69,1.90,20.67,1.07,12.83,-0.21,-10.00
2,3,-1.00,-1.00,-1.00,-1.00,0.1152,0.98,0.51,1.54,3.80,1.51,0.47,-1.54,-10.00
3,3,-1.00,-1.00,-1.00,-1.00,0.4130,0.99,0.33,1.11,-15.97,1.76,-12.55,1.48,-10.00
3,3,-1.00,-1.00,-1.00,-1.00,0.1974,1.0,0.49,1.50,7.17,0.43,-19.49,1.64,-10.00
3,3,-1.00,-1.00,-1.00,-1.00,0.1418,1.1,0.53,1.65,-10.93,0.62,-18.49,-0.62,-10.00
3,3,411.84,530.08,480.09,570.17,0.1230,0.95,0.51,1.49,-9.23,2.42,30.39,-3.04,-10.00
3,3,-1.00,-1.00,-1.00,-1.00,0.1121,1.2,0.62,1.68,-23.08,2.54,31.63,1.26,-10.00
3,3,-1.00,-1.00,-1.00,-1.00,0.1098,1.0,0.38,1.22,-16.24,1.76,-12.58,1.61,-10.00
3,3,757.97,550.67,772.10,581.32,0.1020,1.0,0.47,1.58,-2.13,3.82,43.35,1.52,-10.00
3,3,-1.00,-1.00,-1.00,-1.00,0.1019,1.1,0.56,1.44,29.78,1.04,-0.10,-0.27,-10.00
4,3,414.76,478.56,470.47,509.12,0.1958,0.93,0.44,1.60,-12.00,1.21,39.16,-0.01,-10.00
4,3,-1.00,-1.00,-1.00,-1.00,0.1666,1.1,0.40,1.27,-15.95,1.22,-13.70,1.66,-10.00
4,3,972.60,509.23,1040.03,553.42,0.1214,1.1,0.52,1.66,4.66,2.16,32.54,3.14,-10.00
4,3,718.43,499.59,777.64,541.57,0.1153,1.1,0.59,1.50,-2.12,1.93,33.88,0.15,-10.00
5,3,-1.00,-1.00,-1.00,-1.00,0.1856,1.1,0.56,1.73,27.53,0.63,0.96,1.62,-10.00
5,3,1566.54,541.02,1600.00,618.18,0.1672,1.0,0.55,1.64,11.22,2.02,17.26,-2.95,-10.00
5,3,-1.00,-1.00,-1.00,-1.00,0.1099,1.2,0.61,1.30,18.80,-0.19,-14.20,1.38,-10.00
5,3,-1.00,-1.00,-1.00,-1.00,0.1098,1.6,0.65,1.73,31.11,0.16,-24.09,1.68,-10.00
5,3,-1.00,-1.00,-1.00,-1.00,0.1046,1.3,0.69,1.59,18.79,-0.15,-13.59,3.13,-10.00
5,3,-1.00,-1.00,-1.00,-1.00,0.1030,1.2,0.47,1.51,-22.34,1.20,-9.08,1.48,-10.00
5,3,-1.00,-1.00,-1.00,-1.00,0.1020,0.75,0.71,1.69,3.49,1.42,-1.98,1.93,-10.00
6,3,-1.00,-1.00,-1.00,-1.00,0.2088,1.2,0.57,1.62,2.95,0.82,-30.28,1.60,-10.00
6,3,718.76,538.84,771.95,570.84,0.1624,1.0,0.59,1.62,-2.60,3.22,40.20,0.11,-10.00
6,3,731.36,540.77,786.97,574.07,0.1516,1.0,0.54,1.73,-2.14,3.29,39.85,0.00,-10.00
6,3,-1.00,-1.00,-1.00,-1.00,0.1339,1.1,0.47,1.66,7.12,0.60,-23.09,1.57,-10.00
6,3,-1.00,-1.00,-1.00,-1.00,0.1231,1.0,0.53,1.68,4.93,0.98,-9.88,-1.50,-10.00
6,3,238.26,486.22,307.26,540.24,0.1147,1.0,0.53,1.74,-11.14,1.41,25.25,-1.52,-10.00
6,3,253.53,495.78,350.50,551.35,0.1015,1.1,0.63,1.68,-10.54,1.63,25.20,0.04,-10.00
7,3,-1.00,-1.00,-1.00,-1.00,0.1838,1.1,0.59,1.68,-12.74,1.61,7.46,-3.05,-10.00
7,3,1168.36,422.77,1227.48,538.35,0.1541,1.7,0.74,1.71,5.57,1.02,18.88,1.81,-10.00
7,3,727.05,537.02,783.12,578.48,0.1417,1.2,0.65,1.68,-2.19,3.29,38.19,-0.09,-10.00
7,3,-1.00,-1.00,-1.00,-1.00,0.1310,1.2,0.50,1.51,-15.73,2.22,13.13,1.61,-10.00
7,3,-1.00,-1.00,-1.00,-1.00,0.1227,1.1,0.58,1.65,-13.67,0.30,-17.30,-2.95,-10.00
7,3,-1.00,-1.00,-1.00,-1.00,0.1153,1.1,0.44,1.49,-29.19,2.01,26.49,-1.29,-10.00
8,3,-1.00,-1.00,-1.00,-1.00,0.3268,1.1,0.63,1.63,26.30,0.01,-28.15,1.75,-10.00
8,3,-1.00,-1.00,-1.00,-1.00,0.2706,1.3,0.67,2.00,-18.40,2.22,-14.16,0.05,-10.00
8,3,-1.00,-1.00,-1.00,-1.00,0.1776,1.0,0.34,1.19,-22.55,3.14,6.39,1.58,-10.00
8,3,-1.00,-1.00,-1.00,-1.00,0.1703,1.1,0.51,1.70,24.21,0.46,0.38,1.64,-10.00
8,3,-1.00,-1.00,-1.00,-1.00,0.1124,1.1,0.53,1.53,-11.65,1.33,3.88,1.61,-10.00
8,3,-1.00,-1.00,-1.00,-1.00,0.1022,1.1,0.58,1.73,25.97,0.21,-27.80,1.73,-10.00
9,3,-1.00,-1.00,-1.00,-1.00,0.3494,1.1,0.48,1.63,4.92,1.11,-14.09,-1.43,-10.00
9,3,-1.00,-1.00,-1.00,-1.00,0.3224,1.2,0.57,1.87,-19.82,2.83,-1.72,1.57,-10.00
9,3,-1.00,-1.00,-1.00,-1.00,0.2412,1.1,0.55,1.69,-19.82,2.90,-0.50,1.69,-10.00
9,3,-1.00,-1.00,-1.00,-1.00,0.1694,1.1,0.47,1.56,-19.84,2.78,-1.29,-3.14,-10.00
9,3,-1.00,-1.00,-1.00,-1.00,0.1474,1.1,0.45,1.59,-12.56,1.04,-22.59,1.61,-10.00
9,3,-1.00,-1.00,-1.00,-1.00,0.1395,1.1,0.46,1.57,-20.13,2.81,-0.84,-3.04,-10.00
9,3,-1.00,-1.00,-1.00,-1.00,0.1320,1.3,0.57,1.59,-9.09,1.08,-48.50,-1.45,-10.00
9,3,-1.00,-1.00,-1.00,-1.00,0.1211,1.1,0.49,1.58,-20.15,2.83,-0.83,1.49,-10.00
10,3,-1.00,-1.00,-1.00,-1.00,0.1767,1.1,0.41,1.27,-8.03,0.93,-20.42,1.56,-10.00
10,3,-1.00,-1.00,-1.00,-1.00,0.1537,1.2,0.54,1.68,18.68,-0.29,-17.16,-3.05,-10.00
10,3,-1.00,-1.00,-1.00,-1.00,0.1434,1.1,0.41,1.22,-8.25,1.36,-9.30,1.64,-10.00
10,3,-1.00,-1.00,-1.00,-1.00,0.1210,1.1,0.55,1.62,4.80,1.11,-18.49,1.73,-10.00
10,3,-1.00,-1.00,-1.00,-1.00,0.1208,0.83,0.42,1.33,11.05,1.12,8.11,-2.98,-10.00
10,3,-1.00,-1.00,-1.00,-1.00,0.1138,1.0,0.54,1.65,-20.49,2.84,4.38,0.12,-10.00
10,3,1096.87,478.74,1123.28,522.33,0.1067,1.1,0.56,1.73,7.83,1.43,34.65,1.72,-10.00
10,3,1012.04,487.06,1095.46,545.15,0.1022,1.1,0.52,1.55,4.44,1.46,24.55,-3.04,-10.00
10,3,-1.00,-1.00,-1.00,-1.00,0.1006,1.1,0.57,1.59,4.72,0.95,-29.47,1.48,-10.00
11,3,713.03,503.92,750.25,578.59,0.4801,1.7,0.72,1.95,-2.22,2.52,29.46,1.57,-10.00
11,3,-1.00,-1.00,-1.00,-1.00,0.1175,1.1,0.42,1.25,-8.30,1.23,-10.80,-1.53,-10.00
11,3,-1.00,-1.00,-1.00,-1.00,0.1116,0.98,0.32,1.08,-17.18,1.07,-16.37,1.59,-10.00
11,3,-1.00,-1.00,-1.00,-1.00,0.1104,1.2,0.56,1.82,-25.77,3.39,0.75,-1.52,-10.00
11,3,-1.00,-1.00,-1.00,-1.00,0.1017,1.1,0.42,1.64,-10.51,0.40,-21.92,1.84,-10.00
12,3,-1.00,-1.00,-1.00,-1.00,0.2039,1.1,0.47,1.62,-19.84,2.56,-4.44,-3.12,-10.00
12,3,460.38,499.94,528.86,540.18,0.1668,1.1,0.61,1.82,-9.64,2.03,36.43,-3.10,-10.00
12,3,-1.00,-1.00,-1.00,-1.00,0.1413,1.0,0.36,1.23,-17.21,1.17,-17.27,1.59,-10.00
12,3,-1.00,-1.00,-1.00,-1.00,0.1404,1.2,0.62,1.80,42.19,0.46,0.24,0.29,-10.00
12,3,-1.00,-1.00,-1.00,-1.00,0.1331,1.1,0.55,1.62,19.27,0.33,-39.22,2.70,-10.00
13,3,-1.00,-1.00,-1.00,-1.00,0.1740,1.1,0.56,1.66,19.35,-0.20,-40.01,-3.06,-10.00
13,3,-1.00,-1.00,-1.00,-1.00,0.1354,1.1,0.53,1.64,19.32,-0.17,-39.61,-3.12,-10.00
13,3,155.80,448.17,246.19,513.41,0.1166,1.1,0.60,1.76,-11.60,0.79,23.30,1.70,-10.00
13,3,182.31,481.10,236.40,562.53,0.1120,1.2,0.64,1.64,-9.27,1.37,18.80,1.07,-10.00
13,3,-1.00,-1.00,-1.00,-1.00,0.1118,1.0,0.51,1.59,19.35,-0.15,-39.63,1.56,-10.00
13,3,-1.00,-1.00,-1.00,-1.00,0.1091,1.1,0.61,1.60,-29.84,1.26,29.11,-3.00,-10.00
14,3,-1.00,-1.00,-1.00,-1.00,0.1712,1.1,0.54,1.67,-20.85,2.28,-18.84,-1.22,-10.00
14,3,-1.00,-1.00,-1.00,-1.00,0.1206,1.2,0.72,1.67,-29.99,1.41,28.60,-2.98,-10.00
14,3,452.84,507.12,523.26,549.36,0.1188,1.1,0.66,1.77,-9.37,2.19,34.72,3.12,-10.00
15,3,107.29,438.86,215.12,509.37,0.3343,1.1,0.66,1.88,-11.59,0.66,21.89,1.72,-10.00
15,3,-1.00,-1.00,-1.00,-1.00,0.1283,1.1,0.50,1.51,-16.33,0.63,-5.23,-2.92,-10.00
16,3,412.57,504.70,469.84,553.14,0.2094,1.0,0.52,1.62,-8.57,1.84,27.92,-1.38,-10.00
16,3,-1.00,-1.00,-1.00,-1.00,0.2029,1.0,0.37,1.36,-16.10,0.75,-28.56,1.53,-10.00
16,3,-1.00,-1.00,-1.00,-1.00,0.1585,1.1,0.62,1.74,-16.61,0.82,-28.07,-2.94,-10.00
16,3,732.02,499.16,773.65,573.77,0.1242,1.9,0.73,1.97,-1.89,2.65,32.40,1.69,-10.00
16,3,-1.00,-1.00,-1.00,-1.00,0.1144,1.1,0.64,1.81,3.24,1.45,-14.59,-1.55,-10.00
16,3,-1.00,-1.00,-1.00,-1.00,0.1059,1.1,0.58,1.51,-10.70,0.33,-14.42,-0.52,-10.00
17,3,424.88,497.05,477.14,548.98,0.2218,1.1,0.54,1.55,-8.36,1.75,27.93,-1.46,-10.00
17,3,-1.00,-1.00,-1.00,-1.00,0.1840,1.1,0.53,1.50,8.65,1.18,0.88,1.61,-10.00
17,3,444.33,509.01,506.40,546.85,0.1300,0.99,0.55,1.50,-9.41,2.05,33.57,0.13,-10.00
17,3,-1.00,-1.00,-1.00,-1.00,0.1180,1.1,0.64,1.70,-22.57,2.03,16.82,-2.85,-10.00
17,3,-1.00,-1.00,-1.00,-1.00,0.1148,1.1,0.52,1.56,2.31,1.25,-31.36,1.62,-10.00
17,3,-1.00,-1.00,-1.00,-1.00,0.1145,0.98,0.61,1.68,3.22,1.17,-14.59,-1.46,-10.00
17,3,-1.00,-1.00,-1.00,-1.00,0.1106,0.9,0.28,0.98,-19.08,2.13,0.38,1.56,-10.00
18,3,117.82,476.34,177.99,570.21,0.1544,1.2,0.66,1.67,-9.24,1.34,17.03,1.05,-10.00
19,3,-1.00,-1.00,-1.00,-1.00,0.1552,1.1,0.62,1.58,29.70,0.12,-36.91,-3.05,-10.00
19,3,-1.00,-1.00,-1.00,-1.00,0.1494,1.1,0.57,1.51,29.41,0.13,-36.55,-0.03,-10.00
19,3,-1.00,-1.00,-1.00,-1.00,0.1351,1.6,0.74,0.68,-8.44,1.29,-14.94,1.40,-10.00
19,3,-1.00,-1.00,-1.00,-1.00,0.1281,1.1,0.68,1.48,2.69,1.15,-30.46,-1.16,-10.00
19,3,-1.00,-1.00,-1.00,-1.00,0.1094,1.1,0.59,1.56,3.69,1.02,-50.22,-1.64,-10.00
20,3,86.10,440.66,191.08,510.17,0.3085,1.1,0.64,1.83,-11.59,0.66,21.18,1.64,-10.00
20,3,-1.00,-1.00,-1.00,-1.00,0.1777,1.1,0.66,1.61,4.62,0.70,-28.25,1.81,-10.00
20,3,-1.00,-1.00,-1.00,-1.00,0.1699,1.1,0.58,1.78,-3.23,0.95,-18.32,-1.51,-10.00
20,3,411.05,504.68,465.04,553.66,0.1372,1.1,0.53,1.63,-8.62,1.85,27.85,-1.46,-10.00
20,3,-1.00,-1.00,-1.00,-1.00,0.1121,1.0,0.54,1.51,2.64,1.10,-30.93,-1.52,-10.00
20,3,-1.00,-1.00,-1.00,-1.00,0.1078,1.1,0.58,1.71,4.88,0.91,-14.94,1.71,-10.00
20,3,-1.00,-1.00,-1.00,-1.00,0.1039,1.0,0.33,1.38,-17.33,1.68,-23.08,1.83,-10.00
21,3,1096.97,515.59,1216.78,584.82,0.2890,1.0,0.65,1.64,4.99,1.72,18.98,0.08,-10.00
21,3,409.51,501.79,468.73,552.66,0.1036,1.1,0.55,1.69,-8.58,1.82,27.82,-1.40,-10.00
21,3,-1.00,-1.00,-1.00,-1.00,0.1015,1.1,0.58,1.71,-23.16,1.79,16.91,-3.04,-10.00
22,3,-1.00,-1.00,-1.00,-1.00,0.1231,1.0,0.49,1.49,-7.43,1.36,-8.52,-1.61,-10.00
22,3,-1.00,-1.00,-1.00,-1.00,0.1228,1.2,0.51,1.56,-12.99,1.20,2.39,1.56,-10.00
22,3,-1.00,-1.00,-1.00,-1.00,0.1080,1.3,0.51,1.57,-13.39,1.22,2.78,1.31,-10.00
23,3,-1.00,-1.00,-1.00,-1.00,0.2018,1.2,0.63,1.66,-22.14,1.88,-22.08,3.02,-10.00
23,3,-1.00,-1.00,-1.00,-1.00,0.1126,1.1,0.57,1.52,-7.88,1.58,-8.88,0.01,-10.00
23,3,-1.00,-1.00,-1.00,-1.00,0.1102,1.1,0.50,1.66,-21.23,2.21,-21.59,-1.29,-10.00
23,3,-1.00,-1.00,-1.00,-1.00,0.1017,1.4,0.76,0.99,-8.36,1.08,-15.04,1.44,-10.00
24,3,-1.00,-1.00,-1.00,-1.00,0.2246,1.5,0.70,1.80,2.25,0.40,-41.92,1.82,-10.00
24,3,-1.00,-1.00,-1.00,-1.00,0.1460,1.0,0.53,1.63,4.62,0.25,-31.37,1.64,-10.00
24,3,-1.00,-1.00,-1.00,-1.00,0.1223,1.2,0.61,1.65,-9.67,-2.16,-44.41,-2.96,-10.00
25,3,-1.00,-1.00,-1.00,-1.00,0.2563,1.1,0.57,1.57,18.13,-0.34,-38.39,1.73,-10.00
25,3,-1.00,-1.00,-1.00,-1.00,0.1917,1.0,0.51,1.52,1.43,0.54,-34.60,1.95,-10.00
25,3,119.36,488.39,174.85,581.68,0.1132,1.1,0.55,1.55,-8.47,1.37,15.64,1.10,-10.00
26,3,570.80,542.68,628.13,598.38,0.1484,1.1,0.57,1.72,-4.74,2.65,26.25,-1.36,-10.00
26,3,161.90,488.41,261.47,546.92,0.1380,1.1,0.53,1.58,-11.38,1.42,23.21,0.05,-10.00
26,3,-1.00,-1.00,-1.00,-1.00,0.1376,1.2,0.54,1.72,11.43,1.22,0.08,1.75,-10.00
26,3,-1.00,-1.00,-1.00,-1.00,0.1281,1.1,0.55,1.59,-12.65,0.71,-15.65,2.58,-10.00
26,3,-1.00,-1.00,-1.00,-1.00,0.1265,1.3,0.66,1.75,32.39,-2.43,-47.57,2.91,-10.00
26,3,-1.00,-1.00,-1.00,-1.00,0.1057,1.1,0.41,1.44,1.13,0.84,-26.99,1.74,-10.00
26,3,-1.00,-1.00,-1.00,-1.00,0.1008,1.1,0.61,1.67,20.21,0.64,-6.73,0.13,-10.00
27,3,-1.00,-1.00,-1.00,-1.00,0.1699,1.8,0.77,2.01,18.34,0.63,-22.88,0.52,-10.00
27,3,405.04,488.03,485.46,545.38,0.1277,1.0,0.47,1.41,-7.16,1.41,23.53,0.30,-10.00
27,3,-1.00,-1.00,-1.00,-1.00,0.1049,1.0,0.50,1.51,-1.64,1.38,-18.31,1.69,-10.00
28,3,-1.00,-1.00,-1.00,-1.00,0.2644,1.3,0.49,1.66,23.16,1.17,15.58,1.97,-10.00
28,3,470.92,478.32,553.21,532.07,0.1558,1.1,0.62,1.70,-6.80,1.33,27.07,-2.71,-10.00
28,3,-1.00,-1.00,-1.00,-1.00,0.1195,1.1,0.54,1.62,-19.69,2.05,14.47,0.87,-10.00
28,3,-1.00,-1.00,-1.00,-1.00,0.1170,1.1,0.56,1.61,-18.39,2.14,12.90,-2.49,-10.00
28,3,776.51,487.14,864.32,606.77,0.1115,1.3,0.62,1.67,-0.05,1.51,14.30,-1.34,-10.00
28,3,1449.14,477.37,1534.59,524.09,0.1038,1.1,0.56,1.83,16.60,1.34,31.29,0.47,-10.00
29,3,-1.00,-1.00,-1.00,-1.00,0.1547,1.1,0.58,1.73,-22.93,0.34,-25.83,2.34,-10.00
29,3,-1.00,-1.00,-1.00,-1.00,0.1304,1.1,0.60,1.59,15.05,1.37,4.83,2.54,-10.00
29,3,-1.00,-1.00,-1.00,-1.00,0.1272,2.1,0.82,2.00,31.30,0.09,8.77,-0.37,-10.00
29,3,-1.00,-1.00,-1.00,-1.00,0.1094,1.1,0.51,1.67,-21.30,2.31,2.40,-2.38,-10.00
29,3,-1.00,-1.00,-1.00,-1.00,0.1088,1.0,0.66,1.66,5.87,0.83,-32.26,-1.56,-10.00
29,3,-1.00,-1.00,-1.00,-1.00,0.1063,1.1,0.64,1.68,-22.45,0.78,15.34,-1.15,-10.00
29,3,662.49,538.99,743.44,610.63,0.1060,1.1,0.64,1.74,-2.03,2.24,20.41,-2.10,-10.00
29,3,-1.00,-1.00,-1.00,-1.00,0.1055,1.4,0.66,1.96,16.24,-1.08,-11.90,-2.70,-10.00
29,3,-1.00,-1.00,-1.00,-1.00,0.1019,1.0,0.51,1.66,-4.60,-0.45,-35.68,-1.35,-10.00
30,3,1007.88,512.13,1098.94,594.23,0.2968,1.1,0.52,1.72,3.22,1.74,17.96,1.26,-10.00
30,3,-1.00,-1.00,-1.00,-1.00,0.2441,1.2,0.62,1.55,36.56,0.85,10.71,-0.14,-10.00
30,3,-1.00,-1.00,-1.00,-1.00,0.2323,1.1,0.49,1.63,-13.12,0.30,-34.86,-0.46,-10.00
30,3,-1.00,-1.00,-1.00,-1.00,0.2020,1.3,0.56,1.79,16.67,1.40,14.40,-0.47,-10.00
30,3,-1.00,-1.00,-1.00,-1.00,0.1644,1.0,0.51,1.68,20.84,1.31,-10.80,-2.98,-10.00
30,3,-1.00,-1.00,-1.00,-1.00,0.1480,1.0,0.63,1.75,11.57,0.98,-6.30,2.53,-10.00
30,3,-1.00,-1.00,-1.00,-1.00,0.1432,1.1,0.51,1.64,-13.20,0.17,-35.23,-0.31,-10.00
31,3,-1.00,-1.00,-1.00,-1.00,0.1504,1.2,0.53,1.69,-18.99,0.96,-34.86,2.88,-10.00
31,3,-1.00,-1.00,-1.00,-1.00,0.1202,1.9,0.71,1.55,-0.45,1.64,-38.65,0.09,-10.00
31,3,-1.00,-1.00,-1.00,-1.00,0.1191,1.8,0.59,1.83,18.15,1.00,8.86,2.87,-10.00
31,3,-1.00,-1.00,-1.00,-1.00,0.1154,1.2,0.52,1.65,-18.93,1.03,-34.49,2.76,-10.00
31,3,-1.00,-1.00,-1.00,-1.00,0.1079,1.2,0.63,1.77,38.02,-0.06,2.26,2.94,-10.00
32,3,-1.00,-1.00,-1.00,-1.00,0.1935,1.2,0.49,1.71,-15.29,1.40,12.90,2.92,-10.00
32,3,-1.00,-1.00,-1.00,-1.00,0.1904,1.2,0.51,1.43,-14.19,1.65,7.58,3.07,-10.00
32,3,-1.00,-1.00,-1.00,-1.00,0.1795,1.6,0.74,1.64,-3.80,1.27,-40.85,1.20,-10.00
32,3,-1.00,-1.00,-1.00,-1.00,0.1578,1.2,0.66,1.23,-14.96,1.87,4.81,-2.00,-10.00
32,3,-1.00,-1.00,-1.00,-1.00,0.1235,1.1,0.51,1.68,14.90,0.42,-12.24,2.88,-10.00
33,3,-1.00,-1.00,-1.00,-1.00,0.3975,1.8,0.73,1.80,-18.23,1.37,-39.19,-1.73,-10.00
33,3,1460.59,430.16,1553.81,488.22,0.2128,0.96,0.52,1.55,12.47,0.30,23.00,1.28,-10.00
33,3,-1.00,-1.00,-1.00,-1.00,0.1885,1.2,0.53,1.81,-15.29,-0.25,-30.32,1.38,-10.00
33,3,-1.00,-1.00,-1.00,-1.00,0.1588,1.5,0.77,1.97,37.56,-0.17,-6.16,-0.11,-10.00
33,3,-1.00,-1.00,-1.00,-1.00,0.1172,1.7,0.62,1.47,-5.13,0.47,-42.51,0.01,-10.00
33,3,-1.00,-1.00,-1.00,-1.00,0.1129,1.5,0.70,1.76,-17.33,1.00,-25.23,-0.28,-10.00
34,3,-1.00,-1.00,-1.00,-1.00,0.2254,1.2,0.63,1.65,-17.99,0.89,-27.94,2.76,-10.00
34,3,-1.00,-1.00,-1.00,-1.00,0.2158,1.1,0.62,1.70,-7.52,-1.08,-41.67,3.05,-10.00
34,3,1582.21,449.50,1600.00,517.56,0.1969,0.98,0.53,1.60,12.50,0.72,19.32,-1.70,-10.00
34,3,-1.00,-1.00,-1.00,-1.00,0.1740,1.1,0.49,1.63,-15.85,-0.68,-38.00,-3.12,-10.00
34,3,1119.33,526.38,1179.49,595.17,0.1341,1.1,0.52,1.62,5.27,2.01,20.54,1.55,-10.00
34,3,1093.06,467.98,1141.38,512.54,0.1123,1.1,0.53,1.75,7.76,1.12,33.50,1.35,-10.00
34,3,-1.00,-1.00,-1.00,-1.00,0.1001,1.1,0.54,1.67,-18.86,0.47,-37.27,2.98,-10.00
35,3,-1.00,-1.00,-1.00,-1.00,0.1792,1.3,0.68,1.81,-1.96,-0.86,-28.85,-1.33,-10.00
35,3,-1.00,-1.00,-1.00,-1.00,0.1558,1.2,0.47,1.55,-15.92,-0.60,-40.83,3.03,-10.00
35,3,1055.46,464.63,1118.51,500.71,0.1429,1.1,0.55,1.93,8.43,0.98,40.61,0.08,-10.00
35,3,-1.00,-1.00,-1.00,-1.00,0.1391,1.7,0.70,1.60,29.13,-0.67,-20.45,3.01,-10.00
35,3,-1.00,-1.00,-1.00,-1.00,0.1295,1.2,0.51,1.66,-16.64,0.80,-7.53,1.40,-10.00
35,3,-1.00,-1.00,-1.00,-1.00,0.1189,1.2,0.63,1.61,1.70,-1.18,-34.40,1.39,-10.00
35,3,-1.00,-1.00,-1.00,-1.00,0.1183,1.1,0.51,1.55,-2.65,-0.38,-38.54,-0.07,-10.00
36,3,-1.00,-1.00,-1.00,-1.00,0.3571,1.1,0.56,1.71,4.69,0.36,-35.53,-1.52,-10.00
36,3,-1.00,-1.00,-1.00,-1.00,0.1501,0.88,0.41,1.34,-12.97,1.24,12.33,2.92,-10.00
36,3,-1.00,-1.00,-1.00,-1.00,0.1475,1.2,0.68,1.64,-18.18,1.34,-6.33,-1.73,-10.00
36,3,-1.00,-1.00,-1.00,-1.00,0.1299,1.1,0.62,1.64,-2.58,0.60,-41.78,1.39,-10.00
36,3,-1.00,-1.00,-1.00,-1.00,0.1292,1.1,0.55,1.66,-1.35,0.46,-26.86,1.58,-10.00
36,3,-1.00,-1.00,-1.00,-1.00,0.1223,1.2,0.53,1.67,8.65,1.13,6.63,-3.06,-10.00
37,3,942.90,504.20,993.06,538.68,0.1929,1.2,0.58,1.61,4.85,2.35,42.99,-0.38,-10.00
37,3,-1.00,-1.00,-1.00,-1.00,0.1306,1.1,0.44,1.57,-1.01,0.90,-29.39,-1.81,-10.00
37,3,-1.00,-1.00,-1.00,-1.00,0.1282,0.87,0.43,1.19,-13.82,1.12,9.58,-0.20,-10.00
37,3,-1.00,-1.00,-1.00,-1.00,0.1171,1.0,0.39,1.34,-11.18,1.61,-13.79,1.68,-10.00
37,3,-1.00,-1.00,-1.00,-1.00,0.1050,1.1,0.50,1.71,-11.60,1.16,-14.42,2.67,-10.00
38,3,-1.00,-1.00,-1.00,-1.00,0.3755,1.1,0.52,1.67,-16.16,1.49,-3.31,-1.56,-10.00
38,3,1175.09,486.27,1252.88,530.32,0.2336,1.1,0.54,1.78,9.81,1.52,31.76,0.06,-10.00
38,3,-1.00,-1.00,-1.00,-1.00,0.2139,1.3,0.64,1.02,-14.71,1.35,-44.14,1.54,-10.00
38,3,1190.57,485.92,1234.40,530.68,0.1631,1.1,0.59,1.73,9.78,1.53,31.79,-1.55,-10.00
38,3,170.44,470.68,248.88,585.79,0.1267,1.6,0.61,1.13,-8.80,1.63,17.92,-1.66,-10.00
38,3,1183.80,488.87,1259.83,532.90,0.1249,1.1,0.54,1.76,10.13,1.60,32.15,0.12,-10.00
38,3,-1.00,-1.00,-1.00,-1.00,0.1137,1.6,0.71,1.63,23.58,-1.12,-17.31,1.58,-10.00
38,3,-1.00,-1.00,-1.00,-1.00,0.1072,1.1,0.63,1.70,5.88,0.21,-33.81,1.37,-10.00
39,3,-1.00,-1.00,-1.00,-1.00,0.1836,1.3,0.62,1.68,31.72,-2.35,-41.03,1.79,-10.00
39,3,1490.83,498.81,1600.00,721.41,0.1582,1.3,0.53,1.69,5.13,1.52,8.22,-1.62,-10.00
39,3,71.78,482.57,156.39,619.41,0.1416,1.6,0.60,1.00,-8.84,1.82,15.57,-1.77,-10.00
39,3,-1.00,-1.00,-1.00,-1.00,0.1378,1.3,0.55,1.53,-14.52,2.58,15.89,2.55,-10.00
40,3,0.00,496.90,35.61,663.85,0.1138,1.6,0.49,1.58,-8.88,1.92,12.95,-1.66,-10.00
40,3,-1.00,-1.00,-1.00,-1.00,0.1079,1.2,0.46,1.53,7.74,0.89,-5.89,1.79,-10.00
40,3,-1.00,-1.00,-1.00,-1.00,0.1038,1.1,0.52,1.54,-28.90,1.57,9.65,-1.95,-10.00
