0,3,1034.32,458.84,1147.00,619.68,0.6436,1.9,0.81,1.66,3.31,1.83,15.89,-1.74,-10.00
0,3,-1.00,-1.00,-1.00,-1.00,0.1899,1.5,0.62,1.76,-20.80,2.22,14.00,1.56,-10.00
0,3,1254.41,519.49,1343.90,567.10,0.1535,1.1,0.73,1.84,11.05,2.26,29.36,0.21,-10.00
0,3,-1.00,-1.00,-1.00,-1.00,0.1494,1.2,0.53,1.82,6.48,1.17,-2.17,-1.60,-10.00
0,3,1193.03,468.69,1255.76,592.72,0.1431,1.9,0.75,1.59,6.43,1.95,20.32,-1.37,-10.00
0,3,-1.00,-1.00,-1.00,-1.00,0.1375,1.9,0.77,1.79,5.31,1.03,-12.55,-1.46,-10.00
0,3,-1.00,-1.00,-1.00,-1.00,0.1286,1.1,0.54,1.48,-22.36,1.28,2.37,-2.81,-10.00
0,3,628.31,481.05,661.92,539.20,0.1277,1.5,0.71,1.64,-4.96,1.89,34.30,1.55,-10.00
0,3,1489.73,494.92,1600.00,575.39,0.1146,1.1,0.62,1.73,10.37,1.46,17.69,-1.99,-10.00
0,3,-1.00,-1.00,-1.00,-1.00,0.1123,1.1,0.55,1.60,-31.12,2.83,7.73,-3.08,-10.00
0,3,772.67,434.25,920.58,653.87,0.1042,2.0,0.96,1.21,0.21,1.68,11.93,2.04,-10.00
0,3,-1.00,-1.00,-1.00,-1.00,0.1028,1.8,0.79,1.91,5.83,1.26,-1.75,-1.67,-10.00
0,3,1410.57,516.60,1483.95,575.19,0.1020,1.2,0.64,1.67,13.71,2.30,27.72,1.48,-10.00
1,3,1050.60,457.24,1127.70,604.41,0.7239,1.8,0.81,1.80,3.34,1.67,16.08,-1.44,-10.00
1,3,-1.00,-1.00,-1.00,-1.00,0.2106,1.8,0.61,1.76,-23.11,1.89,-5.12,1.62,-10.00
1,3,-1.00,-1.00,-1.00,-1.00,0.1128,1.1,0.53,1.53,-23.38,2.14,5.65,-1.39,-10.00
1,3,-1.00,-1.00,-1.00,-1.00,0.1014,1.9,0.71,1.74,24.29,1.10,17.23,-3.02,-10.00
2,3,1050.72,458.26,1124.28,609.84,0.7748,1.8,0.81,1.77,3.32,1.74,16.09,-1.41,-10.00
2,3,-1.00,-1.00,-1.00,-1.00,0.1596,1.2,0.50,1.59,-21.14,-0.67,-23.24,-2.43,-10.00
2,3,-1.00,-1.00,-1.00,-1.00,0.1541,1.2,0.52,1.62,-23.73,1.53,7.70,-1.56,-10.00
2,3,-1.00,-1.00,-1.00,-1.00,0.1169,1.1,0.62,1.90,9.14,1.18,12.08,3.07,-10.00
3,3,1053.30,450.11,1129.29,608.13,0.6337,1.9,0.84,1.76,3.33,1.70,15.90,-1.40,-10.00
3,3,-1.00,-1.00,-1.00,-1.00,0.1465,1.3,0.58,1.59,-21.50,-0.71,-23.08,-2.67,-10.00
3,3,-1.00,-1.00,-1.00,-1.00,0.1341,1.2,0.49,1.86,-20.78,1.65,-17.19,1.50,-10.00
4,3,1046.83,457.58,1131.18,608.88,0.7581,1.8,0.82,1.78,3.34,1.73,16.09,-1.48,-10.00
4,3,-1.00,-1.00,-1.00,-1.00,0.1160,1.5,0.84,1.14,-8.52,1.39,6.29,1.47,-10.00
4,3,-1.00,-1.00,-1.00,-1.00,0.1053,0.99,0.72,1.78,-3.14,1.58,-20.23,-0.03,-10.00
5,3,1048.13,446.26,1129.24,603.69,0.7864,1.9,0.85,1.82,3.33,1.67,16.10,-1.44,-10.00
5,3,446.78,482.47,523.59,550.51,0.2004,1.8,0.66,1.91,-9.33,2.19,34.27,-3.02,-10.00
5,3,873.01,515.07,890.75,546.24,0.1774,1.0,0.56,1.67,1.89,2.59,42.68,-1.51,-10.00
5,3,1497.78,443.18,1600.00,588.72,0.1441,1.5,0.68,1.23,7.96,1.27,13.71,1.74,-10.00
5,3,1239.84,473.22,1310.94,537.74,0.1424,1.9,0.81,2.00,13.88,2.09,38.80,-2.81,-10.00
5,3,1429.54,469.18,1515.77,536.19,0.1244,1.9,0.80,2.03,18.55,1.89,36.00,3.04,-10.00
5,3,1429.43,456.42,1579.21,568.88,0.1148,1.6,0.72,1.75,10.00,1.44,18.53,0.04,-10.00
5,3,-1.00,-1.00,-1.00,-1.00,0.1038,1.2,0.50,1.83,-20.73,1.76,-13.38,1.61,-10.00
5,3,1543.42,443.53,1600.00,575.79,0.1013,1.3,0.65,1.68,8.35,1.06,12.91,1.32,-10.00
6,3,1048.50,456.59,1128.79,611.92,0.7649,1.9,0.81,1.79,3.33,1.76,16.08,-1.46,-10.00
6,3,-1.00,-1.00,-1.00,-1.00,0.2402,1.1,0.51,1.65,-20.91,-0.88,-23.47,0.48,-10.00
7,3,1049.03,453.24,1132.09,603.94,0.5610,1.8,0.77,1.81,3.35,1.67,16.07,-1.50,-10.00
7,3,-1.00,-1.00,-1.00,-1.00,0.3128,1.2,0.49,1.58,-21.12,-0.76,-23.37,-2.48,-10.00
7,3,-1.00,-1.00,-1.00,-1.00,0.1424,1.8,0.68,1.66,-11.17,1.85,9.94,-1.16,-10.00
7,3,-1.00,-1.00,-1.00,-1.00,0.1266,1.2,0.47,1.84,-20.70,1.64,-15.07,1.60,-10.00
7,3,-1.00,-1.00,-1.00,-1.00,0.1198,1.0,0.73,1.82,-3.12,1.59,-20.23,-0.04,-10.00
7,3,-1.00,-1.00,-1.00,-1.00,0.1133,1.1,0.51,1.49,-12.13,1.37,8.83,1.64,-10.00
7,3,1500.51,451.17,1600.00,579.18,0.1087,1.3,0.52,1.49,7.97,1.17,13.72,1.72,-10.00
7,3,1196.35,452.03,1288.43,569.52,0.1044,1.9,0.83,1.41,6.78,1.60,20.49,-1.73,-10.00
7,3,-1.00,-1.00,-1.00,-1.00,0.1037,1.2,0.58,1.67,-26.80,2.16,8.16,3.13,-10.00
7,3,1548.55,439.22,1600.00,575.95,0.1037,1.3,0.66,1.57,8.35,1.06,12.89,-1.80,-10.00
8,3,1055.16,448.32,1134.91,601.93,0.8815,1.9,0.88,1.72,3.43,1.65,16.13,-1.41,-10.00
8,3,1196.13,449.21,1275.25,567.43,0.2216,1.9,0.92,1.30,6.80,1.61,20.91,-1.50,-10.00
8,3,-1.00,-1.00,-1.00,-1.00,0.1782,1.1,0.54,1.55,-11.19,1.50,9.85,-1.21,-10.00
8,3,-1.00,-1.00,-1.00,-1.00,0.1457,1.7,0.60,1.65,-22.01,2.25,13.39,-1.86,-10.00
8,3,1446.06,457.96,1560.89,576.17,0.1421,1.7,0.78,1.68,9.99,1.54,18.57,1.61,-10.00
8,3,-1.00,-1.00,-1.00,-1.00,0.1388,1.3,0.73,1.88,-21.36,2.48,19.90,0.11,-10.00
9,3,1060.08,443.88,1134.96,595.46,0.8972,1.9,0.86,1.77,3.49,1.58,16.25,-1.39,-10.00
9,3,1173.04,519.14,1233.78,563.43,0.2102,1.0,0.58,1.61,8.94,2.20,29.78,-1.85,-10.00
9,3,-1.00,-1.00,-1.00,-1.00,0.1725,1.1,0.53,1.68,-21.18,-0.96,-23.36,0.65,-10.00
9,3,1198.04,448.17,1275.05,568.03,0.1472,1.9,0.83,1.34,6.89,1.63,21.12,-1.55,-10.00
9,3,-1.00,-1.00,-1.00,-1.00,0.1462,2.0,0.66,1.74,-23.09,1.96,-11.13,1.49,-10.00
9,3,872.56,517.65,890.81,548.70,0.1254,1.0,0.56,1.66,1.88,2.67,42.66,-1.50,-10.00
9,3,-1.00,-1.00,-1.00,-1.00,0.1047,1.2,0.48,1.53,-20.01,1.58,9.62,-3.06,-10.00
10,3,1059.57,448.03,1125.10,596.38,0.9723,1.9,0.77,1.89,3.53,1.63,16.67,-1.36,-10.00
10,3,-1.00,-1.00,-1.00,-1.00,0.2446,1.2,0.49,1.63,-21.07,-0.89,-23.39,-2.43,-10.00
10,3,-1.00,-1.00,-1.00,-1.00,0.1737,1.2,0.52,1.52,-14.50,1.34,4.23,-1.30,-10.00
10,3,1205.31,463.43,1269.70,572.70,0.1579,1.8,0.77,0.97,6.93,1.72,21.17,-1.50,-10.00
10,3,1304.96,525.70,1369.92,570.64,0.1045,1.0,0.51,1.60,11.77,2.30,28.91,-1.82,-10.00
11,3,1067.22,448.22,1140.49,593.52,0.5262,1.9,0.64,1.91,3.87,1.67,17.41,-1.18,-10.00
11,3,-1.00,-1.00,-1.00,-1.00,0.1586,1.2,0.50,1.85,-20.68,1.58,-15.13,-1.56,-10.00
11,3,-1.00,-1.00,-1.00,-1.00,0.1585,1.9,0.63,1.83,-23.13,1.88,-12.66,1.50,-10.00
11,3,-1.00,-1.00,-1.00,-1.00,0.1573,1.1,0.49,1.58,-21.18,-0.77,-23.21,-2.44,-10.00
11,3,850.13,511.22,897.58,543.75,0.1257,1.1,0.55,1.57,1.62,2.52,42.98,0.13,-10.00
11,3,849.11,511.65,899.95,544.99,0.1073,1.1,0.63,1.64,1.62,2.54,42.59,-0.10,-10.00
11,3,310.09,486.70,377.36,551.62,0.1068,1.8,0.72,1.94,-13.71,2.31,35.57,-2.60,-10.00
12,3,1074.89,461.40,1126.23,585.10,0.2036,1.7,0.63,1.78,4.03,1.65,18.36,-1.32,-10.00
12,3,-1.00,-1.00,-1.00,-1.00,0.1233,1.9,0.69,1.87,16.41,1.20,16.89,-2.85,-10.00
12,3,872.24,504.89,891.63,539.80,0.1196,1.2,0.58,1.71,1.89,2.37,42.66,-1.49,-10.00
12,3,-1.00,-1.00,-1.00,-1.00,0.1127,0.99,0.73,1.77,-3.14,1.58,-20.24,-0.05,-10.00
12,3,-1.00,-1.00,-1.00,-1.00,0.1051,1.7,0.73,1.31,-24.04,2.15,8.36,1.28,-10.00
13,3,-1.00,-1.00,-1.00,-1.00,0.3093,1.1,0.48,1.55,-21.11,-0.73,-23.40,-2.43,-10.00
13,3,-1.00,-1.00,-1.00,-1.00,0.1428,1.3,0.46,1.71,-22.95,1.99,-24.26,1.48,-10.00
13,3,-1.00,-1.00,-1.00,-1.00,0.1106,1.1,0.36,1.64,6.60,1.20,1.43,-1.48,-10.00
13,3,-1.00,-1.00,-1.00,-1.00,0.1099,1.2,0.48,1.85,-20.66,1.87,-11.58,-1.56,-10.00
13,3,1062.37,458.32,1117.73,573.26,0.1042,1.7,0.64,1.73,4.13,1.60,19.72,-1.47,-10.00
13,3,1531.82,428.85,1600.00,584.39,0.1016,1.6,0.81,1.22,8.34,1.18,13.29,1.30,-10.00
14,3,1047.84,459.59,1105.78,568.03,0.3236,1.8,0.65,1.80,4.32,1.68,21.76,-1.55,-10.00
14,3,-1.00,-1.00,-1.00,-1.00,0.2617,1.2,0.57,1.68,-21.03,-0.81,-23.46,-2.47,-10.00
14,3,-1.00,-1.00,-1.00,-1.00,0.2448,1.2,0.49,1.86,-20.73,1.62,-15.17,1.55,-10.00
14,3,-1.00,-1.00,-1.00,-1.00,0.2202,1.2,0.49,1.84,-20.76,1.68,-17.10,-1.63,-10.00
14,3,-1.00,-1.00,-1.00,-1.00,0.1527,1.5,0.59,1.72,-21.98,1.82,18.33,-1.59,-10.00
14,3,-1.00,-1.00,-1.00,-1.00,0.1169,1.1,0.50,1.67,11.15,1.27,12.04,1.59,-10.00
14,3,1539.75,441.00,1600.00,576.46,0.1068,1.3,0.71,1.81,8.39,1.07,12.92,1.33,-10.00
15,3,1012.49,458.28,1075.26,561.25,0.9371,1.9,0.70,1.74,4.05,1.69,23.47,-1.66,-10.00
15,3,-1.00,-1.00,-1.00,-1.00,0.1082,0.98,0.72,1.78,-3.14,1.61,-20.24,-0.03,-10.00
15,3,-1.00,-1.00,-1.00,-1.00,0.1052,1.2,0.50,1.86,-20.75,1.67,-18.75,1.48,-10.00
16,3,982.81,444.81,1041.69,546.60,0.6933,2.0,0.74,1.69,3.76,1.55,25.48,-1.69,-10.00
16,3,1169.29,523.90,1234.74,567.39,0.2477,1.0,0.61,1.60,8.88,2.29,29.70,1.21,-10.00
16,3,296.52,480.91,321.31,541.13,0.1887,1.8,0.66,1.77,-15.82,2.17,38.32,-1.95,-10.00
16,3,-1.00,-1.00,-1.00,-1.00,0.1169,0.98,0.70,1.79,-3.14,1.61,-20.23,-0.03,-10.00
16,3,-1.00,-1.00,-1.00,-1.00,0.1151,2.1,0.71,1.43,-21.28,2.37,23.82,-1.24,-10.00
16,3,1516.03,434.88,1600.00,569.65,0.1078,1.4,0.70,1.63,8.53,1.07,13.73,-0.27,-10.00
17,3,969.12,459.81,1014.73,553.22,0.6784,2.0,0.76,1.70,3.64,1.82,27.68,-1.57,-10.00
17,3,1171.65,520.65,1234.01,566.53,0.3452,1.1,0.63,1.54,8.88,2.26,29.64,-1.87,-10.00
17,3,-1.00,-1.00,-1.00,-1.00,0.2362,1.1,0.52,1.79,-21.07,-1.01,-23.39,-2.52,-10.00
17,3,-1.00,-1.00,-1.00,-1.00,0.1687,1.7,0.59,1.70,-21.95,2.29,20.50,-1.50,-10.00
17,3,849.70,511.90,899.49,544.96,0.1657,1.1,0.66,1.60,1.63,2.54,42.60,-0.10,-10.00
17,3,-1.00,-1.00,-1.00,-1.00,0.1062,0.99,0.72,1.79,-3.11,1.59,-20.24,-0.04,-10.00
17,3,1436.87,483.80,1576.25,583.82,0.1041,1.4,0.73,1.64,10.00,1.66,18.48,0.27,-10.00
18,3,947.38,475.30,987.43,556.76,0.3872,1.9,0.66,1.74,3.36,2.06,29.99,-1.62,-10.00
18,3,-1.00,-1.00,-1.00,-1.00,0.2478,1.1,0.47,1.59,-20.93,-1.02,-23.49,-2.66,-10.00
18,3,1434.49,480.26,1596.36,567.59,0.2135,1.2,0.66,2.01,10.15,1.42,18.50,3.08,-10.00
18,3,1065.81,476.77,1141.88,543.03,0.1884,1.9,0.76,1.96,7.90,2.07,35.74,3.13,-10.00
18,3,1591.54,477.45,1600.00,605.05,0.1331,1.2,0.61,1.85,8.28,1.24,11.83,2.93,-10.00
18,3,886.06,478.63,945.39,533.29,0.1291,1.8,0.72,1.85,3.03,2.14,42.56,-2.74,-10.00
18,3,299.45,490.91,323.85,546.92,0.1172,1.7,0.54,1.62,-16.25,2.42,39.55,-1.87,-10.00
18,3,1176.23,442.86,1299.49,599.33,0.1167,1.8,0.92,1.30,4.89,1.51,14.99,1.49,-10.00
18,3,1228.24,447.01,1367.23,599.14,0.1148,1.9,0.80,1.63,6.19,1.67,16.53,0.34,-10.00
18,3,221.32,506.46,264.21,562.98,0.1025,1.9,0.68,1.99,-20.01,3.17,42.97,1.47,-10.00
19,3,938.12,485.90,980.14,561.22,0.4670,1.8,0.69,1.95,3.34,2.29,31.69,-1.65,-10.00
19,3,860.37,476.72,923.22,534.61,0.1247,1.9,0.75,2.00,2.22,2.19,42.60,-2.88,-10.00
20,3,935.59,480.06,967.55,553.13,0.4302,1.9,0.71,1.71,3.35,2.22,33.75,-1.54,-10.00
20,3,-1.00,-1.00,-1.00,-1.00,0.3096,1.1,0.67,1.75,29.98,1.50,11.38,-1.93,-10.00
20,3,-1.00,-1.00,-1.00,-1.00,0.1534,1.1,0.50,1.86,-20.70,1.70,-12.54,-1.75,-10.00
21,3,920.24,489.10,953.10,555.85,0.3087,1.8,0.67,1.95,3.08,2.40,35.25,-1.60,-10.00
21,3,772.40,487.16,836.55,547.32,0.1833,2.0,0.82,1.96,-0.74,2.57,41.83,-2.75,-10.00
21,3,960.40,502.86,989.92,564.71,0.1219,1.7,0.75,1.88,4.18,2.65,35.37,-1.48,-10.00
21,3,-1.00,-1.00,-1.00,-1.00,0.1194,2.0,0.74,1.88,31.78,1.47,37.87,-1.59,-10.00
22,3,904.20,465.81,932.16,535.41,0.4304,2.0,0.72,1.82,2.66,1.90,36.58,-1.54,-10.00
22,3,428.84,506.58,475.47,578.53,0.2768,1.7,0.70,1.98,-9.40,2.69,31.51,1.50,-10.00
22,3,-1.00,-1.00,-1.00,-1.00,0.1154,1.1,0.52,1.65,8.23,1.34,8.57,1.88,-10.00
22,3,1427.66,385.53,1600.00,721.72,0.1017,1.8,0.58,1.61,4.37,1.37,7.49,-1.69,-10.00
23,3,874.13,465.53,901.95,535.69,0.5443,2.0,0.72,1.78,1.84,1.97,37.63,-1.57,-10.00
23,3,-1.00,-1.00,-1.00,-1.00,0.1385,1.2,0.47,1.60,-23.38,1.76,0.07,1.59,-10.00
23,3,-1.00,-1.00,-1.00,-1.00,0.1205,1.1,0.50,1.64,-37.06,2.60,4.57,0.37,-10.00
23,3,1439.95,383.04,1600.00,769.17,0.1121,1.7,0.56,1.47,3.91,1.34,6.24,-1.98,-10.00
23,3,972.54,503.61,1029.84,540.13,0.1017,1.1,0.60,1.63,5.25,2.11,37.75,-3.13,-10.00
24,3,840.55,460.10,878.54,529.23,0.5050,2.0,0.78,1.82,0.98,1.78,37.95,-1.75,-10.00
24,3,-1.00,-1.00,-1.00,-1.00,0.1225,1.1,0.47,1.49,-7.78,1.58,-6.50,0.20,-10.00
25,3,808.80,464.06,836.53,530.99,0.2738,2.0,0.76,1.74,-0.13,1.87,38.58,-1.62,-10.00
25,3,-1.00,-1.00,-1.00,-1.00,0.1854,1.1,0.60,1.66,-24.43,1.77,26.42,0.01,-10.00
25,3,-1.00,-1.00,-1.00,-1.00,0.1377,1.2,0.51,1.40,8.91,0.90,-47.41,-1.74,-10.00
25,3,-1.00,-1.00,-1.00,-1.00,0.1363,1.1,0.60,1.66,-22.18,2.29,26.54,2.93,-10.00
25,3,684.26,477.93,778.88,567.56,0.1323,1.8,0.78,1.82,-1.91,1.96,25.38,-3.10,-10.00
26,3,738.65,428.83,766.34,498.94,0.6175,2.1,0.81,1.92,-2.32,0.87,38.98,-1.65,-10.00
26,3,-1.00,-1.00,-1.00,-1.00,0.2872,0.97,0.47,1.57,8.58,1.50,-0.23,1.86,-10.00
26,3,-1.00,-1.00,-1.00,-1.00,0.1683,1.2,0.62,1.64,-17.59,-1.25,-38.23,-2.63,-10.00
26,3,-1.00,-1.00,-1.00,-1.00,0.1509,1.2,0.41,1.49,-20.30,1.72,-5.59,3.06,-10.00
26,3,-1.00,-1.00,-1.00,-1.00,0.1331,1.2,0.53,1.60,-20.34,1.72,-5.97,2.87,-10.00
26,3,-1.00,-1.00,-1.00,-1.00,0.1151,1.9,0.64,1.86,-34.03,1.65,17.94,-1.83,-10.00
26,3,-1.00,-1.00,-1.00,-1.00,0.1131,1.1,0.70,1.79,-23.43,1.96,-8.31,1.36,-10.00
27,3,607.89,424.76,640.52,493.59,0.2472,2.0,0.80,2.03,-6.26,0.69,38.86,-1.63,-10.00
27,3,-1.00,-1.00,-1.00,-1.00,0.1794,1.8,0.60,1.82,-24.41,1.28,19.84,-1.78,-10.00
27,3,-1.00,-1.00,-1.00,-1.00,0.1296,1.9,0.74,1.87,-36.38,2.18,-11.40,-2.02,-10.00
27,3,236.66,432.11,362.67,543.56,0.1267,1.7,0.74,1.68,-8.20,1.14,19.57,2.94,-10.00
27,3,-1.00,-1.00,-1.00,-1.00,0.1075,1.0,0.38,1.32,-18.85,1.54,-19.53,-1.66,-10.00
28,3,402.89,426.98,430.90,495.67,0.5117,2.0,0.77,1.82,-12.51,0.75,38.22,-1.90,-10.00
28,3,-1.00,-1.00,-1.00,-1.00,0.2891,1.2,0.65,1.63,3.39,-3.18,-41.73,2.78,-10.00
28,3,-1.00,-1.00,-1.00,-1.00,0.1766,1.8,0.69,1.90,32.43,1.08,14.69,3.03,-10.00
28,3,204.29,486.64,238.65,528.09,0.1383,1.0,0.51,1.61,-15.85,1.51,32.84,-1.84,-10.00
28,3,-1.00,-1.00,-1.00,-1.00,0.1131,1.2,0.55,1.57,-8.28,-1.33,-46.04,2.77,-10.00
29,3,-1.00,-1.00,-1.00,-1.00,0.2034,0.94,0.43,1.39,11.70,-3.51,-42.96,2.60,-10.00
29,3,30.65,423.71,70.71,493.30,0.2020,1.8,0.83,1.81,-21.79,0.62,35.21,-2.07,-10.00
29,3,1080.37,495.44,1159.14,545.70,0.1507,1.1,0.59,1.74,6.40,1.64,27.34,-0.55,-10.00
29,3,-1.00,-1.00,-1.00,-1.00,0.1105,1.1,0.60,1.65,23.89,2.04,10.36,2.70,-10.00
29,3,-1.00,-1.00,-1.00,-1.00,0.1014,1.8,0.67,1.72,-16.61,1.20,-17.19,-2.60,-10.00
30,3,-1.00,-1.00,-1.00,-1.00,0.2097,2.0,0.82,1.68,-30.17,0.62,30.21,-2.36,-10.00
30,3,-1.00,-1.00,-1.00,-1.00,0.1872,1.1,0.52,1.57,-22.58,0.97,0.82,1.74,-10.00
30,3,-1.00,-1.00,-1.00,-1.00,0.1674,1.1,0.48,1.54,-13.22,1.13,-29.34,-0.75,-10.00
30,3,-1.00,-1.00,-1.00,-1.00,0.1496,1.0,0.48,1.43,19.65,-3.26,-42.23,2.50,-10.00
30,3,-1.00,-1.00,-1.00,-1.00,0.1453,0.89,0.44,1.46,13.91,1.51,4.28,2.20,-10.00
30,3,-1.00,-1.00,-1.00,-1.00,0.1343,1.1,0.51,1.49,11.16,-1.44,-50.24,3.13,-10.00
30,3,-1.00,-1.00,-1.00,-1.00,0.1237,1.2,0.65,1.59,-29.97,0.22,-15.90,-2.51,-10.00
30,3,-1.00,-1.00,-1.00,-1.00,0.1108,1.7,0.76,1.93,24.35,1.20,21.17,3.05,-10.00
31,3,-1.00,-1.00,-1.00,-1.00,0.2733,1.2,0.55,1.62,27.34,-3.47,-39.82,2.26,-10.00
31,3,-1.00,-1.00,-1.00,-1.00,0.1816,1.8,0.71,1.78,-10.91,1.22,-26.44,-2.96,-10.00
31,3,-1.00,-1.00,-1.00,-1.00,0.1757,1.6,0.80,1.25,-37.48,0.41,22.77,-2.40,-10.00
31,3,-1.00,-1.00,-1.00,-1.00,0.1637,1.2,0.53,1.70,-26.73,0.24,-23.50,-2.61,-10.00
31,3,-1.00,-1.00,-1.00,-1.00,0.1533,1.7,0.51,1.73,-31.95,0.83,-8.36,-2.29,-10.00
31,3,-1.00,-1.00,-1.00,-1.00,0.1484,1.1,0.59,1.66,-30.96,1.28,7.35,-2.85,-10.00
32,3,-1.00,-1.00,-1.00,-1.00,0.3781,1.1,0.59,1.72,15.98,1.63,14.79,1.94,-10.00
32,3,767.34,497.85,811.32,562.47,0.1923,1.7,0.65,1.86,-0.98,2.45,33.52,-1.30,-10.00
32,3,-1.00,-1.00,-1.00,-1.00,0.1890,1.1,0.53,1.63,-1.23,0.16,-23.01,-2.71,-10.00
32,3,-1.00,-1.00,-1.00,-1.00,0.1859,0.98,0.49,1.56,11.12,1.55,-1.65,2.18,-10.00
32,3,-1.00,-1.00,-1.00,-1.00,0.1675,1.1,0.48,1.66,-6.43,0.96,-24.28,1.87,-10.00
32,3,767.26,491.82,802.30,527.50,0.1403,1.1,0.56,1.71,-1.34,1.82,39.96,1.19,-10.00
33,3,-1.00,-1.00,-1.00,-1.00,0.2638,1.1,0.52,1.53,2.02,-0.44,-25.36,0.30,-10.00
33,3,-1.00,-1.00,-1.00,-1.00,0.1696,1.6,0.74,1.76,-48.34,0.46,8.85,-2.83,-10.00
33,3,-1.00,-1.00,-1.00,-1.00,0.1391,1.1,0.60,1.70,-24.95,1.24,18.06,-0.49,-10.00
33,3,-1.00,-1.00,-1.00,-1.00,0.1383,1.2,0.63,1.75,-16.92,0.05,8.19,1.72,-10.00
33,3,-1.00,-1.00,-1.00,-1.00,0.1344,0.91,0.67,1.84,13.73,1.60,14.46,-1.25,-10.00
33,3,382.65,478.94,409.84,520.34,0.1175,1.2,0.63,1.77,-12.90,1.49,37.57,-1.83,-10.00
33,3,-1.00,-1.00,-1.00,-1.00,0.1122,1.2,0.45,1.60,-11.33,0.81,-28.70,1.85,-10.00
34,3,400.71,490.67,473.90,535.62,0.1151,1.1,0.65,1.63,-9.78,1.64,31.51,3.13,-10.00
34,3,-1.00,-1.00,-1.00,-1.00,0.1021,0.93,0.46,1.32,3.92,-0.12,-27.01,-2.90,-10.00
35,3,201.73,503.35,274.69,547.02,0.3194,1.0,0.52,1.56,-14.25,1.86,30.35,-2.99,-10.00
35,3,-1.00,-1.00,-1.00,-1.00,0.1974,1.1,0.54,1.62,-27.66,0.89,6.64,3.13,-10.00
35,3,-1.00,-1.00,-1.00,-1.00,0.1520,1.2,0.58,1.68,-15.55,1.50,17.83,-2.15,-10.00
35,3,-1.00,-1.00,-1.00,-1.00,0.1178,2.0,0.72,1.82,3.94,1.15,-36.57,3.10,-10.00
35,3,-1.00,-1.00,-1.00,-1.00,0.1050,0.95,0.43,1.51,11.32,1.28,-5.13,-1.82,-10.00
36,3,-1.00,-1.00,-1.00,-1.00,0.2748,1.3,0.58,1.64,18.37,1.34,-24.88,-1.12,-10.00
36,3,68.75,478.08,171.50,551.64,0.2494,1.6,0.75,1.81,-15.51,1.78,27.54,-3.12,-10.00
36,3,-1.00,-1.00,-1.00,-1.00,0.1883,1.1,0.61,1.94,10.24,1.47,10.45,-1.54,-10.00
36,3,-1.00,-1.00,-1.00,-1.00,0.1508,1.1,0.64,1.64,18.08,1.22,-24.59,-0.98,-10.00
36,3,-1.00,-1.00,-1.00,-1.00,0.1385,1.0,0.51,1.47,0.91,0.10,-40.60,-1.52,-10.00
36,3,1495.45,521.13,1592.15,595.47,0.1320,1.0,0.44,1.55,10.34,1.78,18.11,-1.59,-10.00
36,3,-1.00,-1.00,-1.00,-1.00,0.1275,1.1,0.56,1.60,8.95,-0.20,-42.11,1.69,-10.00
36,3,-1.00,-1.00,-1.00,-1.00,0.1133,1.2,0.63,1.79,-25.77,1.01,12.52,0.23,-10.00
36,3,-1.00,-1.00,-1.00,-1.00,0.1075,1.0,0.45,1.56,11.37,1.33,-7.42,-1.62,-10.00
37,3,-1.00,-1.00,-1.00,-1.00,0.2357,0.77,0.79,1.95,10.19,1.19,8.03,-1.51,-10.00
37,3,-1.00,-1.00,-1.00,-1.00,0.1652,1.2,0.45,1.55,-9.91,0.21,-47.75,-0.03,-10.00
37,3,-1.00,-1.00,-1.00,-1.00,0.1148,1.0,0.54,1.65,11.64,1.26,-10.07,-1.77,-10.00
37,3,-1.00,-1.00,-1.00,-1.00,0.1106,1.2,0.56,1.53,-29.73,0.27,-5.39,3.13,-10.00
37,3,1578.29,521.65,1600.00,611.59,0.1019,1.1,0.43,1.64,10.02,1.71,15.59,-1.48,-10.00
38,3,-1.00,-1.00,-1.00,-1.00,0.2365,1.1,0.60,1.62,-16.36,1.68,22.34,-0.13,-10.00
38,3,-1.00,-1.00,-1.00,-1.00,0.1319,1.8,0.67,1.73,-5.91,1.32,-51.17,0.10,-10.00
38,3,-1.00,-1.00,-1.00,-1.00,0.1267,1.0,0.53,1.64,11.66,1.15,-12.75,-1.95,-10.00
38,3,-1.00,-1.00,-1.00,-1.00,0.1200,1.1,0.61,1.92,9.92,1.42,5.42,-1.47,-10.00
38,3,-1.00,-1.00,-1.00,-1.00,0.1002,1.1,0.51,1.46,-22.34,1.04,-16.09,-1.46,-10.00
39,3,-1.00,-1.00,-1.00,-1.00,0.1281,1.1,0.66,1.78,-19.54,2.01,19.66,-1.91,-10.00
39,3,-1.00,-1.00,-1.00,-1.00,0.1241,1.6,0.74,2.02,12.81,-1.90,-51.05,-1.66,-10.00
