0,3,-1.00,-1.00,-1.00,-1.00,0.2243,1.4,0.63,1.75,-25.28,0.83,16.70,-1.45,-10.00
0,3,-1.00,-1.00,-1.00,-1.00,0.1250,1.1,0.49,1.43,5.11,0.84,-21.15,-1.16,-10.00
1,3,-1.00,-1.00,-1.00,-1.00,0.1521,1.7,0.81,1.79,10.31,1.25,3.35,2.76,-10.00
1,3,-1.00,-1.00,-1.00,-1.00,0.1241,0.88,0.42,1.43,23.48,0.79,-20.91,3.12,-10.00
1,3,-1.00,-1.00,-1.00,-1.00,0.1074,1.1,0.69,1.65,0.80,-1.92,-42.90,-2.80,-10.00
1,3,364.49,484.36,419.22,516.59,0.1011,1.0,0.61,1.56,-14.17,1.51,40.85,-3.13,-10.00
2,3,-1.00,-1.00,-1.00,-1.00,0.1181,1.1,0.45,1.46,8.65,1.06,-5.55,1.85,-10.00
2,3,-1.00,-1.00,-1.00,-1.00,0.1065,1.1,0.55,1.65,-28.98,1.56,-0.95,3.13,-10.00
3,3,-1.00,-1.00,-1.00,-1.00,0.1881,1.2,0.70,1.78,-26.77,1.41,12.41,-1.73,-10.00
3,3,1422.56,484.92,1519.92,541.61,0.1809,1.1,0.51,1.73,12.83,1.42,24.94,2.97,-10.00
3,3,-1.00,-1.00,-1.00,-1.00,0.1610,1.1,0.53,1.58,-29.34,1.68,-3.08,3.02,-10.00
3,3,-1.00,-1.00,-1.00,-1.00,0.1562,1.1,0.52,1.51,7.95,0.78,-29.58,1.66,-10.00
3,3,-1.00,-1.00,-1.00,-1.00,0.1266,0.88,0.49,1.50,6.43,1.04,-9.12,2.16,-10.00
4,3,475.38,482.25,529.54,516.07,0.1281,1.1,0.55,1.77,-11.24,1.59,43.45,2.79,-10.00
5,3,-1.00,-1.00,-1.00,-1.00,0.5720,1.4,0.71,1.75,-28.93,1.28,4.23,1.25,-10.00
5,3,595.35,472.00,632.85,516.81,0.1312,0.98,0.65,1.53,-4.95,1.07,29.11,-1.88,-10.00
5,3,1280.62,500.94,1315.11,558.49,0.1164,0.99,0.48,1.59,8.47,1.57,22.49,1.98,-10.00
6,3,-1.00,-1.00,-1.00,-1.00,0.1288,1.7,0.65,1.77,-24.08,1.57,-26.82,-1.20,-10.00
6,3,-1.00,-1.00,-1.00,-1.00,0.1252,1.1,0.51,1.63,-1.46,-1.38,-36.95,1.37,-10.00
6,3,-1.00,-1.00,-1.00,-1.00,0.1019,1.1,0.58,1.57,24.22,1.01,4.72,-2.27,-10.00
8,3,0.00,491.27,162.25,627.50,0.1733,1.3,0.60,1.69,-7.67,1.55,12.83,1.74,-10.00
8,3,230.35,500.92,296.88,581.76,0.1108,1.6,0.67,1.92,-11.57,2.26,25.80,1.46,-10.00
9,3,1340.07,513.52,1388.04,566.23,0.2586,1.1,0.67,1.70,12.03,2.13,28.03,-0.99,-10.00
9,3,-1.00,-1.00,-1.00,-1.00,0.1151,1.8,0.64,1.68,-27.80,2.24,-2.23,2.03,-10.00
10,3,-1.00,-1.00,-1.00,-1.00,0.1675,1.3,0.65,1.67,-19.68,1.05,8.41,-1.72,-10.00
10,3,-1.00,-1.00,-1.00,-1.00,0.1450,1.5,0.55,1.58,-19.95,2.37,11.58,3.10,-10.00
10,3,932.88,498.23,1002.65,540.94,0.1245,0.99,0.51,1.62,3.35,1.68,29.80,0.10,-10.00
11,3,-1.00,-1.00,-1.00,-1.00,0.3096,1.2,0.49,1.47,-21.01,1.54,1.99,-1.31,-10.00
11,3,-1.00,-1.00,-1.00,-1.00,0.2073,1.1,0.64,1.74,-16.97,2.39,2.16,1.75,-10.00
11,3,-1.00,-1.00,-1.00,-1.00,0.1479,1.7,0.68,1.70,20.66,-2.48,-35.90,-0.17,-10.00
11,3,-1.00,-1.00,-1.00,-1.00,0.1186,1.2,0.48,1.79,-32.51,2.79,8.51,3.11,-10.00
11,3,957.83,494.35,976.97,533.83,0.1116,1.5,0.69,1.80,5.56,2.52,49.56,1.66,-10.00
11,3,-1.00,-1.00,-1.00,-1.00,0.1103,1.6,0.60,1.68,8.77,0.43,-29.46,3.14,-10.00
11,3,-1.00,-1.00,-1.00,-1.00,0.1024,1.2,0.45,1.73,-32.59,2.75,8.09,3.08,-10.00
12,3,-1.00,-1.00,-1.00,-1.00,0.2191,1.3,0.57,1.69,10.68,0.38,-31.61,-0.35,-10.00
12,3,-1.00,-1.00,-1.00,-1.00,0.1775,1.9,0.63,1.63,-24.11,2.31,-23.25,1.37,-10.00
12,3,-1.00,-1.00,-1.00,-1.00,0.1496,1.1,0.51,1.58,3.74,0.58,-33.01,1.87,-10.00
12,3,-1.00,-1.00,-1.00,-1.00,0.1247,1.2,0.55,1.64,-21.06,0.79,-1.96,-1.86,-10.00
12,3,-1.00,-1.00,-1.00,-1.00,0.1180,1.8,0.69,1.84,23.04,-2.47,-37.06,-0.34,-10.00
12,3,-1.00,-1.00,-1.00,-1.00,0.1055,1.1,0.52,1.69,8.08,-0.16,-44.71,-3.06,-10.00
12,3,-1.00,-1.00,-1.00,-1.00,0.1002,1.4,0.82,1.13,-11.57,1.27,-8.57,1.16,-10.00
13,3,-1.00,-1.00,-1.00,-1.00,0.2307,1.0,0.55,1.58,-18.33,3.17,24.74,1.99,-10.00
13,3,-1.00,-1.00,-1.00,-1.00,0.1918,1.5,0.75,1.54,11.43,0.28,-34.61,1.16,-10.00
13,3,1231.58,481.39,1311.86,537.83,0.1657,1.3,0.61,1.70,10.27,1.56,28.93,-2.79,-10.00
13,3,-1.00,-1.00,-1.00,-1.00,0.1162,1.3,0.63,1.78,-12.42,0.76,-42.07,-0.46,-10.00
13,3,-1.00,-1.00,-1.00,-1.00,0.1117,1.5,0.60,1.81,14.65,-0.34,-24.69,-1.68,-10.00
14,3,-1.00,-1.00,-1.00,-1.00,0.2749,1.6,0.67,1.63,7.26,0.73,-12.32,1.54,-10.00
14,3,-1.00,-1.00,-1.00,-1.00,0.1678,1.0,0.34,1.32,-11.87,1.87,-14.54,-1.55,-10.00
14,3,-1.00,-1.00,-1.00,-1.00,0.1624,1.1,0.51,1.78,22.18,0.18,0.83,1.41,-10.00
14,3,-1.00,-1.00,-1.00,-1.00,0.1316,1.2,0.61,1.62,-22.15,2.35,8.94,-1.52,-10.00
14,3,920.09,453.36,940.24,499.80,0.1276,1.7,0.61,1.89,3.95,1.10,47.66,-1.42,-10.00
15,3,-1.00,-1.00,-1.00,-1.00,0.1790,1.4,0.65,1.60,7.55,0.57,-15.81,-1.89,-10.00
15,3,359.60,549.41,476.21,645.31,0.1617,0.99,0.82,1.47,-4.50,1.88,13.91,-1.58,-10.00
15,3,-1.00,-1.00,-1.00,-1.00,0.1550,1.2,0.55,1.86,-19.23,3.08,13.80,-1.45,-10.00
15,3,258.89,562.88,363.19,659.90,0.1350,1.0,0.50,1.58,-5.99,2.14,14.63,-1.53,-10.00
15,3,-1.00,-1.00,-1.00,-1.00,0.1253,1.1,0.59,1.57,20.20,0.04,-7.15,-2.94,-10.00
15,3,-1.00,-1.00,-1.00,-1.00,0.1140,1.7,0.68,1.75,-16.64,2.58,-8.75,1.61,-10.00
15,3,1293.05,457.64,1417.37,547.61,0.1025,1.6,0.80,1.85,9.46,1.38,22.48,-3.12,-10.00
17,3,-1.00,-1.00,-1.00,-1.00,0.2075,1.0,0.36,1.33,-11.33,0.63,-27.30,1.49,-10.00
17,3,0.00,626.18,2.36,836.59,0.1352,0.8,1.24,1.39,-5.27,1.66,6.41,-2.62,-10.00
17,3,885.52,458.45,904.68,508.61,0.1231,1.9,0.63,1.80,2.73,1.51,49.85,-1.46,-10.00
17,3,-1.00,-1.00,-1.00,-1.00,0.1220,1.1,0.59,1.56,-11.75,0.57,-26.88,3.12,-10.00
17,3,-1.00,-1.00,-1.00,-1.00,0.1150,1.1,0.60,1.60,-11.76,0.58,-27.31,2.89,-10.00
18,3,-1.00,-1.00,-1.00,-1.00,0.1572,1.7,0.69,1.74,7.19,0.80,-26.82,1.82,-10.00
18,3,-1.00,-1.00,-1.00,-1.00,0.1197,1.1,0.55,1.68,14.33,0.33,-11.59,0.09,-10.00
18,3,21.50,511.74,78.03,561.06,0.1067,1.8,0.69,1.71,-28.57,3.33,46.09,-0.59,-10.00
19,3,-1.00,-1.00,-1.00,-1.00,0.2029,1.5,0.73,1.71,7.42,0.62,-30.71,1.46,-10.00
19,3,-1.00,-1.00,-1.00,-1.00,0.1192,1.1,0.64,1.76,-6.77,1.31,-24.18,-0.05,-10.00
19,3,-1.00,-1.00,-1.00,-1.00,0.1122,1.2,0.57,1.59,-28.57,2.07,0.42,1.26,-10.00
20,3,-1.00,-1.00,-1.00,-1.00,0.2243,1.2,0.76,1.95,27.71,-0.26,-18.06,0.36,-10.00
20,3,-1.00,-1.00,-1.00,-1.00,0.1552,0.8,0.73,1.38,-5.55,1.44,-5.27,1.50,-10.00
20,3,-1.00,-1.00,-1.00,-1.00,0.1422,1.6,0.79,1.76,7.07,0.69,-34.97,1.52,-10.00
20,3,-1.00,-1.00,-1.00,-1.00,0.1377,1.1,0.42,1.58,-14.00,2.07,-26.90,-1.57,-10.00
20,3,-1.00,-1.00,-1.00,-1.00,0.1125,1.4,0.70,1.71,39.57,-0.51,10.35,1.67,-10.00
20,3,250.55,519.89,300.10,553.07,0.1116,1.2,0.70,1.65,-20.93,3.14,47.58,2.82,-10.00
20,3,-1.00,-1.00,-1.00,-1.00,0.1082,0.6,0.99,1.49,8.55,0.88,-2.38,-1.95,-10.00
21,3,-1.00,-1.00,-1.00,-1.00,0.2126,0.95,0.28,1.02,-23.63,2.38,-1.91,-1.52,-10.00
21,3,-1.00,-1.00,-1.00,-1.00,0.1653,2.0,0.82,2.04,29.76,-0.26,0.83,2.94,-10.00
21,3,-1.00,-1.00,-1.00,-1.00,0.1042,1.2,0.65,1.59,6.64,0.42,-38.34,1.70,-10.00
21,3,-1.00,-1.00,-1.00,-1.00,0.1019,1.7,0.78,1.93,-23.21,1.97,-21.08,1.77,-10.00
22,3,229.27,529.43,277.38,561.36,0.1814,1.1,0.60,1.59,-20.96,3.33,45.83,-1.16,-10.00
22,3,-1.00,-1.00,-1.00,-1.00,0.1801,1.9,0.78,1.83,6.47,0.67,-42.24,3.13,-10.00
22,3,487.73,513.24,517.66,552.93,0.1461,1.5,0.69,1.75,-12.84,3.28,49.72,-1.55,-10.00
22,3,-1.00,-1.00,-1.00,-1.00,0.1052,1.2,0.55,1.44,5.36,1.39,-45.41,-1.60,-10.00
23,3,-1.00,-1.00,-1.00,-1.00,0.1098,1.2,0.50,1.69,-13.27,1.67,-29.70,-1.44,-10.00
24,3,240.10,494.77,282.44,554.59,0.1620,2.0,0.66,1.73,-19.79,2.95,43.89,1.58,-10.00
24,3,-1.00,-1.00,-1.00,-1.00,0.1188,1.1,0.50,1.51,8.56,0.49,-34.22,1.63,-10.00
24,3,-1.00,-1.00,-1.00,-1.00,0.1034,1.0,0.61,1.72,-6.23,1.24,-20.14,0.00,-10.00
25,3,1424.71,496.62,1535.88,585.21,0.1164,1.1,0.53,1.60,8.81,1.52,16.95,-1.65,-10.00
25,3,857.38,470.70,875.36,519.27,0.1138,1.9,0.60,1.82,1.58,1.93,49.58,-1.49,-10.00
25,3,1476.10,496.30,1537.03,580.83,0.1062,1.1,0.50,1.63,9.19,1.47,16.98,-1.19,-10.00
26,3,-1.00,-1.00,-1.00,-1.00,0.1312,1.1,0.75,1.81,-29.43,2.44,14.97,-2.88,-10.00
26,3,-1.00,-1.00,-1.00,-1.00,0.1225,1.1,0.59,1.70,-6.34,1.09,-27.29,0.02,-10.00
27,3,-1.00,-1.00,-1.00,-1.00,0.2488,1.3,0.63,1.71,44.65,-1.46,-26.68,-1.49,-10.00
27,3,782.23,477.99,822.69,514.74,0.1127,1.3,0.72,1.38,-0.91,1.68,47.52,-2.89,-10.00
27,3,-1.00,-1.00,-1.00,-1.00,0.1088,1.2,0.51,1.63,8.37,0.74,-13.55,-3.08,-10.00
27,3,935.43,459.09,959.39,514.10,0.1053,1.9,0.71,2.08,4.31,1.56,44.85,-1.53,-10.00
28,3,-1.00,-1.00,-1.00,-1.00,0.1247,1.1,0.45,1.67,-6.91,1.11,-33.36,1.57,-10.00
28,3,-1.00,-1.00,-1.00,-1.00,0.1131,1.3,0.59,1.71,8.53,0.84,-17.47,-2.68,-10.00
29,3,-1.00,-1.00,-1.00,-1.00,0.4576,1.1,0.63,1.82,-22.47,1.33,17.10,1.78,-10.00
29,3,-1.00,-1.00,-1.00,-1.00,0.1674,1.1,0.44,1.64,-13.68,2.19,-28.44,1.60,-10.00
29,3,-1.00,-1.00,-1.00,-1.00,0.1189,1.1,0.53,1.55,-26.35,1.36,-1.44,-2.93,-10.00
29,3,-1.00,-1.00,-1.00,-1.00,0.1058,1.8,0.57,1.70,-19.95,2.61,21.21,1.50,-10.00
29,3,-1.00,-1.00,-1.00,-1.00,0.1030,1.1,0.49,1.65,0.94,1.31,-39.57,1.53,-10.00
30,3,786.81,482.47,807.19,532.68,0.2439,1.5,0.58,1.60,-0.91,1.93,38.75,-1.57,-10.00
30,3,-1.00,-1.00,-1.00,-1.00,0.1273,1.9,0.73,1.81,-43.81,3.41,-13.83,1.43,-10.00
31,3,-1.00,-1.00,-1.00,-1.00,0.1544,1.3,0.51,1.73,19.86,0.34,9.19,-1.52,-10.00
31,3,-1.00,-1.00,-1.00,-1.00,0.1041,1.1,0.52,1.68,9.01,1.13,2.16,-3.04,-10.00
32,3,-1.00,-1.00,-1.00,-1.00,0.1218,1.6,0.72,1.81,30.97,-0.58,-7.29,1.34,-10.00
33,3,-1.00,-1.00,-1.00,-1.00,0.2266,2.0,0.66,1.75,-22.72,1.65,-6.89,-1.18,-10.00
33,3,549.24,493.45,614.86,536.20,0.2039,1.3,0.60,1.85,-7.41,2.00,37.97,0.13,-10.00
33,3,817.89,495.87,881.10,534.88,0.1697,1.2,0.68,1.98,0.73,2.05,39.85,0.02,-10.00
33,3,-1.00,-1.00,-1.00,-1.00,0.1548,1.6,0.57,1.61,-19.71,3.13,3.19,1.54,-10.00
33,3,-1.00,-1.00,-1.00,-1.00,0.1157,1.2,0.60,1.53,-7.12,0.82,-51.15,-1.63,-10.00
33,3,-1.00,-1.00,-1.00,-1.00,0.1047,1.2,0.52,1.85,-21.74,2.59,-0.41,1.55,-10.00
34,3,-1.00,-1.00,-1.00,-1.00,0.3396,1.1,0.61,1.52,10.48,-0.01,-23.18,-1.22,-10.00
34,3,546.29,503.49,573.26,541.58,0.2587,1.0,0.57,1.75,-7.32,1.96,34.32,-1.87,-10.00
34,3,424.75,494.37,451.93,555.75,0.1980,1.8,0.65,1.81,-11.42,2.51,36.87,1.33,-10.00
34,3,-1.00,-1.00,-1.00,-1.00,0.1555,1.1,0.60,1.70,11.63,0.97,9.21,-2.82,-10.00
34,3,-1.00,-1.00,-1.00,-1.00,0.1446,1.1,0.54,1.66,19.56,0.40,8.50,2.04,-10.00
34,3,300.73,533.23,344.81,577.14,0.1183,1.1,0.56,1.64,-12.96,2.73,32.26,-1.64,-10.00
35,3,-1.00,-1.00,-1.00,-1.00,0.2460,1.1,0.47,1.57,-21.42,2.16,7.26,-1.50,-10.00
35,3,253.33,509.76,359.78,580.54,0.1526,1.0,0.56,1.60,-7.95,1.67,19.15,0.45,-10.00
35,3,478.17,506.89,548.60,549.67,0.1524,1.0,0.58,1.59,-7.68,1.95,30.74,0.24,-10.00
35,3,-1.00,-1.00,-1.00,-1.00,0.1484,1.1,0.45,1.80,21.13,1.12,0.93,1.70,-10.00
35,3,394.27,513.17,511.65,584.85,0.1428,1.0,0.57,1.57,-5.57,1.70,18.70,0.11,-10.00
35,3,-1.00,-1.00,-1.00,-1.00,0.1352,1.1,0.44,1.66,29.41,0.70,3.96,1.62,-10.00
35,3,-1.00,-1.00,-1.00,-1.00,0.1042,1.1,0.50,1.61,11.53,1.19,5.32,-2.87,-10.00
36,3,-1.00,-1.00,-1.00,-1.00,0.2441,0.99,0.45,1.38,12.20,0.86,-10.02,1.85,-10.00
36,3,-1.00,-1.00,-1.00,-1.00,0.1420,1.1,0.63,1.74,38.41,0.02,-12.13,-1.74,-10.00
36,3,-1.00,-1.00,-1.00,-1.00,0.1215,1.8,0.67,1.98,-15.29,1.25,-26.33,1.51,-10.00
37,3,358.04,521.45,463.19,578.28,0.2009,1.1,0.73,1.83,-8.22,2.12,24.80,0.01,-10.00
37,3,-1.00,-1.00,-1.00,-1.00,0.1548,1.3,0.65,1.78,-15.73,1.03,-33.30,1.57,-10.00
37,3,-1.00,-1.00,-1.00,-1.00,0.1224,1.2,0.55,1.58,-19.69,2.11,-28.94,-1.64,-10.00
37,3,-1.00,-1.00,-1.00,-1.00,0.1100,1.1,0.60,1.71,38.09,-0.38,-16.21,-1.85,-10.00
37,3,-1.00,-1.00,-1.00,-1.00,0.1072,1.1,0.60,1.73,-21.11,2.96,24.40,-1.50,-10.00
38,3,703.37,506.38,740.18,555.49,0.1297,1.1,0.57,1.70,-2.33,1.90,28.03,-1.51,-10.00
38,3,279.68,507.88,386.25,594.18,0.1250,1.2,0.63,1.64,-7.17,1.77,18.28,-1.36,-10.00
38,3,723.27,490.91,755.42,562.72,0.1169,1.8,0.63,1.82,-2.24,2.37,32.30,-1.53,-10.00
39,3,-1.00,-1.00,-1.00,-1.00,0.1979,1.1,0.53,1.62,10.27,0.01,-29.91,-1.46,-10.00
39,3,-1.00,-1.00,-1.00,-1.00,0.1117,1.2,0.49,1.74,-21.92,2.46,-12.42,-1.62,-10.00
