0,3,-1.00,-1.00,-1.00,-1.00,0.2770,1.1,0.60,1.62,4.52,1.51,-18.37,-1.53,-10.00
0,3,-1.00,-1.00,-1.00,-1.00,0.1720,1.1,0.60,1.69,-16.79,0.98,19.29,2.52,-10.00
0,3,1126.08,494.58,1271.82,579.79,0.1407,1.1,0.67,1.81,5.15,1.51,17.42,0.04,-10.00
0,3,1490.24,492.47,1600.00,594.84,0.1059,1.0,0.43,1.63,7.64,1.28,13.27,-1.49,-10.00
1,3,546.53,520.79,602.53,558.63,0.1682,1.2,0.62,1.67,-7.94,2.78,39.53,-0.09,-10.00
1,3,222.04,474.18,253.39,521.11,0.1533,1.2,0.70,1.74,-15.79,1.36,33.58,-2.03,-10.00
1,3,346.73,466.33,384.91,512.36,0.1200,1.1,0.68,1.78,-12.21,1.10,33.18,1.07,-10.00
1,3,-1.00,-1.00,-1.00,-1.00,0.1103,1.1,0.71,1.55,-12.72,1.32,-6.63,1.93,-10.00
2,3,-1.00,-1.00,-1.00,-1.00,0.1792,1.2,0.63,1.77,4.89,1.57,-22.68,2.91,-10.00
2,3,1050.30,507.61,1114.65,557.91,0.1368,1.8,0.76,2.17,9.30,3.18,45.59,-3.09,-10.00
2,3,304.47,461.85,337.42,521.28,0.1241,1.4,0.68,1.76,-12.28,1.23,30.42,1.16,-10.00
2,3,312.76,616.22,383.76,656.08,0.1053,0.99,0.63,1.62,-12.62,4.88,33.08,0.03,-10.00
3,3,1068.65,507.67,1113.87,557.45,0.1527,1.6,0.81,2.44,9.02,2.97,42.82,1.49,-10.00
3,3,219.65,478.25,297.23,532.54,0.1377,1.2,0.61,1.64,-12.51,1.37,27.59,0.42,-10.00
3,3,1153.58,547.85,1224.73,650.08,0.1190,1.1,0.70,1.89,4.38,2.07,15.07,1.90,-10.00
3,3,1010.53,521.24,1099.32,573.45,0.1134,1.1,0.68,1.80,4.99,2.25,27.39,0.35,-10.00
3,3,1104.61,544.95,1183.61,630.27,0.1028,1.0,0.54,1.66,4.06,2.00,16.12,-1.59,-10.00
4,3,-1.00,-1.00,-1.00,-1.00,0.1288,1.3,0.78,1.39,-13.20,0.43,-26.38,1.91,-10.00
5,3,71.82,480.05,118.09,548.02,0.2589,1.1,0.65,1.81,-12.79,1.36,21.89,1.03,-10.00
5,3,-1.00,-1.00,-1.00,-1.00,0.1560,1.0,0.50,1.66,20.82,0.77,-19.71,-1.58,-10.00
5,3,-1.00,-1.00,-1.00,-1.00,0.1370,1.1,0.59,1.67,3.44,0.42,-35.06,1.55,-10.00
6,3,-1.00,-1.00,-1.00,-1.00,0.2913,1.1,0.62,1.76,-12.77,1.20,18.50,0.99,-10.00
6,3,-1.00,-1.00,-1.00,-1.00,0.1499,1.0,0.58,1.64,-21.58,1.64,26.01,-0.36,-10.00
6,3,-1.00,-1.00,-1.00,-1.00,0.1343,1.1,0.57,1.57,20.52,1.15,-9.25,1.50,-10.00
6,3,-1.00,-1.00,-1.00,-1.00,0.1319,1.9,0.74,1.26,2.59,1.27,-8.37,1.88,-10.00
6,3,-1.00,-1.00,-1.00,-1.00,0.1289,1.1,0.56,1.75,-13.16,1.19,13.95,-1.74,-10.00
6,3,-1.00,-1.00,-1.00,-1.00,0.1042,1.0,0.53,1.64,20.80,0.95,-22.91,-1.59,-10.00
6,3,-1.00,-1.00,-1.00,-1.00,0.1037,1.0,0.49,1.60,21.13,0.98,-23.31,-1.78,-10.00
7,3,-1.00,-1.00,-1.00,-1.00,0.1963,1.1,0.56,1.60,-19.83,1.83,23.94,-1.70,-10.00
7,3,-1.00,-1.00,-1.00,-1.00,0.1655,1.1,0.52,1.36,20.93,2.96,28.80,0.09,-10.00
7,3,-1.00,-1.00,-1.00,-1.00,0.1614,1.2,0.69,1.68,-12.90,0.91,15.20,1.13,-10.00
7,3,0.00,632.47,41.81,704.91,0.1396,1.1,0.60,1.73,-13.53,3.68,19.90,0.02,-10.00
7,3,-1.00,-1.00,-1.00,-1.00,0.1137,1.2,0.51,1.53,-12.69,0.92,-47.52,-1.55,-10.00
7,3,-1.00,-1.00,-1.00,-1.00,0.1107,1.1,0.54,1.62,-18.81,1.57,17.29,-1.50,-10.00
7,3,-1.00,-1.00,-1.00,-1.00,0.1067,0.6,1.38,1.66,4.66,1.48,4.64,-2.58,-10.00
8,3,-1.00,-1.00,-1.00,-1.00,0.4202,1.9,0.73,1.26,2.36,1.29,-16.59,1.76,-10.00
8,3,-1.00,-1.00,-1.00,-1.00,0.3289,1.3,0.70,1.71,-12.84,1.15,11.25,1.11,-10.00
8,3,-1.00,-1.00,-1.00,-1.00,0.2290,1.2,0.54,1.62,11.32,1.49,0.51,-2.89,-10.00
8,3,1095.30,559.21,1271.43,655.73,0.2059,0.85,0.71,1.80,3.51,1.76,12.50,1.18,-10.00
8,3,-1.00,-1.00,-1.00,-1.00,0.1993,1.0,0.35,1.27,-11.22,1.24,-24.16,1.45,-10.00
8,3,-1.00,-1.00,-1.00,-1.00,0.1224,1.0,0.62,1.54,-13.42,1.22,-4.46,-1.19,-10.00
8,3,-1.00,-1.00,-1.00,-1.00,0.1210,1.1,0.70,1.66,-21.26,1.70,10.01,3.04,-10.00
8,3,621.28,480.98,649.13,521.01,0.1180,1.5,0.65,1.74,-7.60,2.01,49.82,-1.45,-10.00
9,3,-1.00,-1.00,-1.00,-1.00,0.5820,1.3,0.62,1.83,-12.93,1.13,7.57,0.99,-10.00
9,3,1007.83,510.51,1120.15,581.34,0.2685,1.1,0.66,1.68,3.83,1.78,20.18,0.34,-10.00
9,3,-1.00,-1.00,-1.00,-1.00,0.2339,1.2,0.59,1.65,26.73,0.24,-24.89,1.79,-10.00
9,3,-1.00,-1.00,-1.00,-1.00,0.1642,1.0,0.52,1.47,20.43,1.90,8.32,1.58,-10.00
9,3,-1.00,-1.00,-1.00,-1.00,0.1556,1.2,0.71,1.88,28.58,1.23,5.94,0.03,-10.00
9,3,-1.00,-1.00,-1.00,-1.00,0.1046,1.0,0.60,1.67,-13.53,1.05,-8.13,-0.97,-10.00
10,3,-1.00,-1.00,-1.00,-1.00,0.6960,1.3,0.68,1.94,-12.94,1.20,3.60,0.96,-10.00
10,3,1091.70,505.00,1152.02,543.92,0.1863,1.1,0.63,1.63,8.60,2.15,36.50,0.34,-10.00
10,3,1040.41,515.97,1056.79,546.95,0.1393,1.2,0.61,1.66,8.77,3.03,49.50,-1.40,-10.00
10,3,-1.00,-1.00,-1.00,-1.00,0.1275,1.0,0.53,1.59,13.89,2.05,17.29,-1.36,-10.00
10,3,-1.00,-1.00,-1.00,-1.00,0.1142,1.1,0.55,1.54,20.56,1.63,4.39,1.64,-10.00
10,3,-1.00,-1.00,-1.00,-1.00,0.1086,1.1,0.59,1.63,-22.88,1.10,3.64,3.07,-10.00
11,3,-1.00,-1.00,-1.00,-1.00,0.5306,1.5,0.74,1.87,-13.02,1.08,-0.52,0.97,-10.00
11,3,-1.00,-1.00,-1.00,-1.00,0.1703,1.0,0.58,1.74,17.38,2.13,-1.97,0.43,-10.00
11,3,1408.51,545.51,1452.44,578.85,0.1513,1.1,0.53,1.68,19.81,3.54,41.13,-1.62,-10.00
11,3,635.73,475.61,674.03,510.30,0.1308,1.3,0.63,1.85,-6.82,1.58,49.83,-1.15,-10.00
11,3,-1.00,-1.00,-1.00,-1.00,0.1212,1.6,0.58,1.66,8.10,1.04,-49.23,-0.14,-10.00
11,3,-1.00,-1.00,-1.00,-1.00,0.1208,1.2,0.63,1.59,26.54,1.64,3.15,1.59,-10.00
11,3,-1.00,-1.00,-1.00,-1.00,0.1150,1.1,0.60,1.59,11.87,2.14,13.47,-1.50,-10.00
11,3,1347.09,502.94,1441.03,565.44,0.1140,1.3,0.58,1.68,12.01,2.01,26.55,0.01,-10.00
11,3,-1.00,-1.00,-1.00,-1.00,0.1043,1.1,0.58,1.50,-13.47,1.22,-4.86,-1.69,-10.00
12,3,-1.00,-1.00,-1.00,-1.00,0.5738,1.1,0.61,1.86,-13.06,1.14,-4.79,0.98,-10.00
12,3,-1.00,-1.00,-1.00,-1.00,0.1969,1.5,0.54,1.82,-20.02,1.51,24.95,-3.09,-10.00
12,3,-1.00,-1.00,-1.00,-1.00,0.1507,1.3,0.71,1.73,28.49,0.90,-8.90,-0.18,-10.00
12,3,1317.37,510.58,1389.93,580.00,0.1460,1.1,0.51,1.58,8.45,1.74,20.14,1.60,-10.00
12,3,-1.00,-1.00,-1.00,-1.00,0.1009,0.85,0.24,0.93,-13.59,1.19,-15.29,1.54,-10.00
13,3,-1.00,-1.00,-1.00,-1.00,0.5594,1.6,0.72,1.89,-13.13,0.95,-8.38,0.94,-10.00
13,3,-1.00,-1.00,-1.00,-1.00,0.2507,1.2,0.54,1.68,-21.01,0.55,5.66,1.65,-10.00
13,3,-1.00,-1.00,-1.00,-1.00,0.1436,1.0,0.57,1.66,11.77,2.09,5.70,-1.39,-10.00
13,3,-1.00,-1.00,-1.00,-1.00,0.1351,1.1,0.43,1.44,25.52,1.05,-26.91,0.03,-10.00
13,3,-1.00,-1.00,-1.00,-1.00,0.1208,1.1,0.53,1.71,-20.17,1.52,0.85,-1.71,-10.00
13,3,1107.80,504.87,1170.13,544.12,0.1128,1.1,0.57,1.68,9.29,2.20,37.28,-0.05,-10.00
13,3,-1.00,-1.00,-1.00,-1.00,0.1083,1.0,0.40,1.33,-25.07,0.52,-2.28,0.04,-10.00
14,3,-1.00,-1.00,-1.00,-1.00,0.5353,1.3,0.70,1.84,-13.18,0.94,-12.83,0.98,-10.00
14,3,-1.00,-1.00,-1.00,-1.00,0.2344,1.1,0.58,1.69,32.93,0.65,-10.09,-1.78,-10.00
14,3,-1.00,-1.00,-1.00,-1.00,0.1858,1.1,0.46,1.76,-13.86,0.99,-36.09,-1.54,-10.00
14,3,-1.00,-1.00,-1.00,-1.00,0.1417,1.1,0.61,1.60,-14.96,1.25,3.16,1.97,-10.00
14,3,-1.00,-1.00,-1.00,-1.00,0.1340,1.1,0.38,1.31,-13.64,1.08,-14.77,-1.64,-10.00
14,3,1140.94,505.82,1212.21,546.96,0.1156,1.0,0.59,1.67,9.09,1.99,32.56,0.05,-10.00
14,3,-1.00,-1.00,-1.00,-1.00,0.1131,1.3,0.67,1.74,28.83,1.26,13.59,-1.35,-10.00
15,3,-1.00,-1.00,-1.00,-1.00,0.4891,1.1,0.60,1.71,-13.27,0.76,-17.36,0.92,-10.00
15,3,-1.00,-1.00,-1.00,-1.00,0.1944,1.0,0.44,1.51,8.36,1.60,7.55,1.65,-10.00
15,3,-1.00,-1.00,-1.00,-1.00,0.1690,0.96,0.50,1.54,11.73,1.76,-3.75,-1.50,-10.00
15,3,-1.00,-1.00,-1.00,-1.00,0.1280,0.9,0.74,1.66,4.41,0.97,-12.09,1.58,-10.00
15,3,-1.00,-1.00,-1.00,-1.00,0.1149,1.1,0.58,1.72,-14.17,0.90,-36.84,-1.59,-10.00
15,3,-1.00,-1.00,-1.00,-1.00,0.1131,0.99,0.32,1.18,-15.94,0.98,-17.99,1.47,-10.00
15,3,-1.00,-1.00,-1.00,-1.00,0.1109,1.1,0.49,1.49,-15.38,1.24,-1.72,-2.95,-10.00
15,3,-1.00,-1.00,-1.00,-1.00,0.1090,1.0,0.48,1.62,17.40,1.49,-4.01,1.67,-10.00
15,3,-1.00,-1.00,-1.00,-1.00,0.1084,1.1,0.63,1.81,20.97,1.82,-3.71,-2.79,-10.00
15,3,-1.00,-1.00,-1.00,-1.00,0.1080,1.2,0.56,1.62,32.83,0.59,-14.80,-1.82,-10.00
16,3,-1.00,-1.00,-1.00,-1.00,0.3034,1.2,0.67,1.74,-13.34,0.71,-21.98,0.96,-10.00
16,3,-1.00,-1.00,-1.00,-1.00,0.2916,1.1,0.47,1.68,8.28,1.38,2.64,1.59,-10.00
16,3,-1.00,-1.00,-1.00,-1.00,0.1779,1.1,0.60,1.88,24.94,1.41,-14.05,0.03,-10.00
16,3,-1.00,-1.00,-1.00,-1.00,0.1606,0.97,0.55,1.45,4.74,1.65,6.13,-1.61,-10.00
16,3,-1.00,-1.00,-1.00,-1.00,0.1418,1.0,0.53,1.59,4.41,1.08,-16.88,1.57,-10.00
16,3,-1.00,-1.00,-1.00,-1.00,0.1358,1.1,0.41,1.48,-11.71,1.36,-26.16,-1.55,-10.00
16,3,1086.22,538.10,1204.86,636.13,0.1287,1.0,0.60,1.69,3.56,1.80,14.13,1.37,-10.00
16,3,-1.00,-1.00,-1.00,-1.00,0.1183,1.0,0.32,1.22,-16.00,0.91,-22.63,1.46,-10.00
16,3,1048.70,505.71,1102.56,544.94,0.1181,1.3,0.61,1.74,8.69,2.61,43.74,-3.12,-10.00
16,3,-1.00,-1.00,-1.00,-1.00,0.1153,1.1,0.60,1.64,7.01,0.57,-35.30,-1.41,-10.00
16,3,-1.00,-1.00,-1.00,-1.00,0.1085,1.1,0.63,1.71,28.69,0.81,4.74,-1.54,-10.00
16,3,-1.00,-1.00,-1.00,-1.00,0.1067,1.1,0.65,1.70,28.56,0.80,-3.96,1.75,-10.00
16,3,-1.00,-1.00,-1.00,-1.00,0.1054,1.1,0.54,1.56,11.34,1.04,2.19,-1.92,-10.00
17,3,-1.00,-1.00,-1.00,-1.00,0.7273,1.2,0.44,1.73,8.18,1.31,-1.83,-1.54,-10.00
17,3,-1.00,-1.00,-1.00,-1.00,0.3322,1.1,0.57,1.72,-13.35,0.36,-26.88,0.95,-10.00
17,3,-1.00,-1.00,-1.00,-1.00,0.1752,1.0,0.64,1.65,11.22,1.52,-13.38,1.79,-10.00
17,3,-1.00,-1.00,-1.00,-1.00,0.1149,1.1,0.58,1.68,28.99,0.82,5.28,-1.46,-10.00
17,3,45.21,469.55,161.10,548.99,0.1041,1.1,0.57,1.61,-10.43,1.13,18.13,-1.44,-10.00
18,3,-1.00,-1.00,-1.00,-1.00,0.1973,1.1,0.61,1.71,28.58,0.55,-5.61,-1.48,-10.00
18,3,-1.00,-1.00,-1.00,-1.00,0.1283,1.2,0.62,1.82,-24.34,1.16,-10.49,-1.58,-10.00
18,3,-1.00,-1.00,-1.00,-1.00,0.1102,1.1,0.63,1.86,3.51,0.62,-32.29,-3.11,-10.00
18,3,-1.00,-1.00,-1.00,-1.00,0.1073,1.0,0.65,1.63,24.38,1.11,-24.50,-1.38,-10.00
18,3,-1.00,-1.00,-1.00,-1.00,0.1026,1.0,0.48,1.52,8.12,1.20,-7.52,1.50,-10.00
19,3,-1.00,-1.00,-1.00,-1.00,0.1488,1.1,0.79,1.72,25.43,2.37,-8.92,1.35,-10.00
19,3,-1.00,-1.00,-1.00,-1.00,0.1423,1.1,0.50,1.51,8.07,1.20,-12.63,1.57,-10.00
19,3,-1.00,-1.00,-1.00,-1.00,0.1409,1.1,0.61,1.79,28.56,0.71,-4.94,-1.64,-10.00
19,3,-1.00,-1.00,-1.00,-1.00,0.1371,1.2,0.48,1.76,28.68,0.50,0.04,1.54,-10.00
19,3,-1.00,-1.00,-1.00,-1.00,0.1190,1.1,0.67,1.74,-12.87,1.59,-2.15,-2.96,-10.00
20,3,-1.00,-1.00,-1.00,-1.00,0.4410,1.2,0.63,1.72,28.55,0.42,-9.79,1.69,-10.00
20,3,289.00,440.59,324.68,492.74,0.1686,1.8,0.57,1.82,-18.89,0.79,45.55,1.54,-10.00
20,3,-1.00,-1.00,-1.00,-1.00,0.1292,1.3,0.55,1.73,6.15,-0.38,-18.25,2.60,-10.00
20,3,-1.00,-1.00,-1.00,-1.00,0.1141,1.2,0.58,1.59,26.18,1.58,1.63,-1.68,-10.00
21,3,-1.00,-1.00,-1.00,-1.00,0.1723,1.1,0.57,1.69,28.46,0.28,-14.43,-1.52,-10.00
21,3,-1.00,-1.00,-1.00,-1.00,0.1638,1.0,0.55,1.61,7.88,1.32,-22.27,1.60,-10.00
21,3,-1.00,-1.00,-1.00,-1.00,0.1393,1.2,0.57,1.72,2.49,0.71,-45.59,-1.66,-10.00
21,3,-1.00,-1.00,-1.00,-1.00,0.1253,1.0,0.46,1.53,5.54,-0.11,-23.47,1.78,-10.00
21,3,-1.00,-1.00,-1.00,-1.00,0.1064,1.3,0.56,1.71,32.12,0.78,19.51,1.54,-10.00
21,3,-1.00,-1.00,-1.00,-1.00,0.1047,1.1,0.68,1.85,28.06,0.64,-8.66,-1.45,-10.00
22,3,-1.00,-1.00,-1.00,-1.00,0.2249,1.3,0.59,1.89,28.42,0.41,-14.36,-1.42,-10.00
22,3,527.79,538.77,567.66,583.68,0.1572,1.3,0.66,1.61,-8.24,3.33,37.07,1.68,-10.00
22,3,1159.10,496.42,1185.49,540.64,0.1006,1.1,0.59,1.66,8.55,1.74,31.02,-1.31,-10.00
23,3,-1.00,-1.00,-1.00,-1.00,0.1824,1.1,0.66,1.77,28.51,0.57,-9.14,1.84,-10.00
23,3,-1.00,-1.00,-1.00,-1.00,0.1602,1.1,0.56,1.71,28.07,0.22,-14.57,1.52,-10.00
23,3,-1.00,-1.00,-1.00,-1.00,0.1381,1.0,0.52,1.53,5.41,0.07,-33.04,1.54,-10.00
23,3,-1.00,-1.00,-1.00,-1.00,0.1067,1.2,0.64,1.74,3.50,1.06,-26.57,-1.45,-10.00
24,3,-1.00,-1.00,-1.00,-1.00,0.1025,1.7,0.69,1.80,37.13,0.39,13.77,-1.57,-10.00
25,3,384.71,592.15,418.61,633.54,0.2560,1.1,0.48,1.59,-12.16,4.62,35.88,1.53,-10.00
25,3,-1.00,-1.00,-1.00,-1.00,0.2128,1.8,0.77,1.92,28.39,0.63,-18.15,-2.74,-10.00
25,3,1066.64,575.57,1132.99,655.28,0.1614,1.1,0.58,1.66,4.02,2.66,18.54,-1.58,-10.00
25,3,-1.00,-1.00,-1.00,-1.00,0.1194,1.1,0.54,1.49,2.24,1.14,-37.90,-1.56,-10.00
26,3,-1.00,-1.00,-1.00,-1.00,0.2880,1.2,0.54,1.75,17.58,1.70,23.51,3.11,-10.00
26,3,-1.00,-1.00,-1.00,-1.00,0.2819,1.1,0.59,1.69,-18.15,1.25,10.53,-0.08,-10.00
26,3,-1.00,-1.00,-1.00,-1.00,0.1885,1.1,0.54,1.58,-12.94,1.37,4.36,-1.51,-10.00
26,3,-1.00,-1.00,-1.00,-1.00,0.1537,1.2,0.77,1.68,20.36,1.88,14.60,1.45,-10.00
26,3,-1.00,-1.00,-1.00,-1.00,0.1428,1.3,0.74,1.84,28.30,0.44,-22.85,0.14,-10.00
26,3,1110.37,590.46,1190.63,683.03,0.1288,0.87,0.78,1.73,3.57,2.23,13.75,1.85,-10.00
26,3,-1.00,-1.00,-1.00,-1.00,0.1226,1.1,0.63,1.63,2.28,1.25,-37.09,1.53,-10.00
26,3,1191.83,472.60,1262.05,512.02,0.1057,1.2,0.63,1.93,12.30,1.28,38.51,0.03,-10.00
26,3,-1.00,-1.00,-1.00,-1.00,0.1033,1.7,0.53,1.90,35.77,0.52,-0.34,-1.53,-10.00
27,3,-1.00,-1.00,-1.00,-1.00,0.2149,1.1,0.54,1.51,-21.37,1.84,4.12,1.47,-10.00
27,3,-1.00,-1.00,-1.00,-1.00,0.1581,1.2,0.62,1.72,22.14,2.20,22.65,-1.57,-10.00
27,3,1564.84,483.37,1600.00,558.89,0.1424,1.5,0.69,1.69,16.00,1.78,25.33,-0.00,-10.00
27,3,1365.14,502.90,1449.43,563.49,0.1271,1.1,0.55,1.62,10.97,1.75,23.71,1.36,-10.00
27,3,-1.00,-1.00,-1.00,-1.00,0.1242,1.1,0.48,1.64,-16.16,1.27,-3.98,2.64,-10.00
27,3,-1.00,-1.00,-1.00,-1.00,0.1197,1.1,0.59,1.63,-10.90,0.88,9.59,1.54,-10.00
27,3,-1.00,-1.00,-1.00,-1.00,0.1051,1.1,0.52,1.67,-15.59,-0.00,-13.83,1.62,-10.00
28,3,-1.00,-1.00,-1.00,-1.00,0.2936,1.2,0.58,1.66,12.53,0.56,-38.34,1.55,-10.00
28,3,979.38,478.61,1019.05,522.97,0.1617,1.1,0.60,1.66,4.55,1.38,32.94,-1.16,-10.00
28,3,-1.00,-1.00,-1.00,-1.00,0.1599,1.0,0.49,1.51,-16.35,-0.90,-23.05,3.06,-10.00
28,3,-1.00,-1.00,-1.00,-1.00,0.1467,1.1,0.54,1.54,2.24,1.11,-35.41,1.60,-10.00
28,3,-1.00,-1.00,-1.00,-1.00,0.1288,1.1,0.62,1.64,26.40,1.95,18.74,1.68,-10.00
28,3,-1.00,-1.00,-1.00,-1.00,0.1245,1.9,0.73,1.90,32.65,1.37,42.94,-1.13,-10.00
28,3,-1.00,-1.00,-1.00,-1.00,0.1217,1.2,0.65,1.79,5.46,-0.85,-34.58,-2.76,-10.00
28,3,35.59,648.85,116.57,726.64,0.1078,1.1,0.39,1.42,-12.38,4.13,20.71,-1.51,-10.00
28,3,-1.00,-1.00,-1.00,-1.00,0.1067,1.1,0.68,1.67,9.89,0.76,-32.95,1.44,-10.00
28,3,-1.00,-1.00,-1.00,-1.00,0.1034,1.2,0.75,1.94,3.74,1.19,-25.43,-2.88,-10.00
28,3,1335.85,491.05,1422.26,545.19,0.1030,1.2,0.64,1.62,12.38,1.68,28.10,3.09,-10.00
29,3,-1.00,-1.00,-1.00,-1.00,0.3450,1.2,0.64,1.71,-16.88,1.08,3.72,1.60,-10.00
29,3,211.13,496.92,266.91,571.86,0.2579,1.8,0.66,1.90,-14.59,2.50,31.16,-1.69,-10.00
29,3,-1.00,-1.00,-1.00,-1.00,0.2206,1.0,0.36,1.17,-17.81,2.68,6.52,-1.50,-10.00
29,3,-1.00,-1.00,-1.00,-1.00,0.1866,1.6,0.71,1.84,28.62,0.79,-8.46,-2.78,-10.00
29,3,-1.00,-1.00,-1.00,-1.00,0.1788,1.1,0.65,1.60,26.16,1.28,3.84,-1.59,-10.00
29,3,154.48,648.60,222.73,712.40,0.1480,1.1,0.51,1.51,-12.31,4.58,24.22,-1.55,-10.00
29,3,-1.00,-1.00,-1.00,-1.00,0.1445,1.2,0.63,1.72,-19.00,0.83,4.61,-1.48,-10.00
29,3,0.00,671.73,42.76,758.29,0.1444,1.1,0.41,1.39,-12.35,4.17,18.69,1.58,-10.00
29,3,-1.00,-1.00,-1.00,-1.00,0.1425,1.3,0.65,1.70,28.24,0.05,-36.08,-1.58,-10.00
29,3,-1.00,-1.00,-1.00,-1.00,0.1311,1.1,0.69,1.84,25.44,1.08,4.35,-0.03,-10.00
29,3,76.19,659.78,151.81,734.33,0.1139,1.1,0.50,1.62,-12.35,4.45,21.75,1.48,-10.00
29,3,1558.17,587.91,1600.00,829.90,0.1093,1.0,0.53,1.51,4.64,1.70,6.59,1.45,-10.00
29,3,-1.00,-1.00,-1.00,-1.00,0.1035,1.1,0.60,1.56,9.83,0.68,-36.48,1.30,-10.00
29,3,-1.00,-1.00,-1.00,-1.00,0.1014,1.2,0.54,1.51,2.07,0.59,-49.20,-1.50,-10.00
30,3,0.00,666.16,58.33,749.96,0.2292,1.0,0.50,1.63,-12.49,4.11,19.04,-1.49,-10.00
30,3,-1.00,-1.00,-1.00,-1.00,0.1580,1.0,0.49,1.54,7.69,1.13,-15.17,1.85,-10.00
30,3,-1.00,-1.00,-1.00,-1.00,0.1198,1.1,0.65,1.81,3.05,0.68,-34.55,1.63,-10.00
30,3,-1.00,-1.00,-1.00,-1.00,0.1017,1.1,0.64,1.68,22.73,2.15,6.05,-1.51,-10.00
31,3,-1.00,-1.00,-1.00,-1.00,0.4116,1.7,0.66,1.77,-15.31,1.99,20.41,-2.74,-10.00
31,3,486.21,567.03,526.34,620.14,0.1988,1.2,0.53,1.66,-7.52,3.47,29.45,-1.58,-10.00
31,3,-1.00,-1.00,-1.00,-1.00,0.1872,1.1,0.63,1.60,-15.85,1.39,5.94,3.04,-10.00
31,3,47.58,521.52,134.99,590.17,0.1482,1.2,0.56,1.66,-13.09,2.11,22.36,1.57,-10.00
31,3,-1.00,-1.00,-1.00,-1.00,0.1240,1.1,0.54,1.60,3.09,0.38,-31.88,1.71,-10.00
31,3,1252.23,528.12,1328.27,594.43,0.1211,0.98,0.54,1.70,7.22,1.90,19.58,1.58,-10.00
31,3,-1.00,-1.00,-1.00,-1.00,0.1098,1.1,0.59,1.67,10.10,1.11,-19.93,-1.50,-10.00
31,3,-1.00,-1.00,-1.00,-1.00,0.1031,0.94,0.42,1.28,-21.84,0.78,-2.40,-3.11,-10.00
31,3,-1.00,-1.00,-1.00,-1.00,0.1016,1.1,0.61,1.63,2.25,1.01,-30.65,-1.62,-10.00
32,3,-1.00,-1.00,-1.00,-1.00,0.1796,1.2,0.63,1.75,-21.55,0.83,-4.37,-1.54,-10.00
32,3,-1.00,-1.00,-1.00,-1.00,0.1114,1.1,0.66,1.57,19.72,1.33,-11.65,-1.55,-10.00
33,3,-1.00,-1.00,-1.00,-1.00,0.2086,1.1,0.45,1.54,-17.24,0.96,-13.50,1.62,-10.00
33,3,360.67,514.89,407.67,566.67,0.1758,1.2,0.71,1.69,-10.98,2.38,31.13,1.47,-10.00
33,3,-1.00,-1.00,-1.00,-1.00,0.1692,1.1,0.62,1.72,-18.46,1.57,15.64,-1.42,-10.00
33,3,-1.00,-1.00,-1.00,-1.00,0.1631,1.0,0.67,1.63,-17.67,0.82,-11.25,3.11,-10.00
33,3,180.32,567.35,244.28,627.36,0.1240,1.2,0.58,1.63,-13.07,3.29,26.70,-1.60,-10.00
33,3,-1.00,-1.00,-1.00,-1.00,0.1119,1.1,0.48,1.68,-13.23,1.37,13.56,1.61,-10.00
33,3,-1.00,-1.00,-1.00,-1.00,0.1102,1.6,0.70,1.71,29.35,1.16,10.74,-0.06,-10.00
34,3,132.96,565.87,211.33,638.85,0.2188,1.2,0.59,1.59,-11.20,2.83,21.49,-1.64,-10.00
34,3,-1.00,-1.00,-1.00,-1.00,0.1993,1.5,0.67,1.72,25.03,3.22,33.92,-0.05,-10.00
34,3,-1.00,-1.00,-1.00,-1.00,0.1430,1.1,0.54,1.66,-22.42,0.75,-15.60,0.01,-10.00
34,3,-1.00,-1.00,-1.00,-1.00,0.1364,1.1,0.60,1.68,19.60,1.17,-20.56,-1.56,-10.00
34,3,385.73,542.78,433.61,577.51,0.1228,1.2,0.54,1.49,-14.61,3.75,43.91,0.05,-10.00
34,3,-1.00,-1.00,-1.00,-1.00,0.1145,1.1,0.57,1.73,24.77,1.25,-13.60,-3.09,-10.00
34,3,-1.00,-1.00,-1.00,-1.00,0.1069,1.6,0.60,1.73,30.18,0.86,-1.30,-1.49,-10.00
34,3,-1.00,-1.00,-1.00,-1.00,0.1004,1.1,0.48,1.49,-10.51,1.22,-31.21,1.62,-10.00
35,3,-1.00,-1.00,-1.00,-1.00,0.2579,1.2,0.73,1.91,21.56,1.98,-13.76,1.69,-10.00
35,3,-1.00,-1.00,-1.00,-1.00,0.2254,1.1,0.42,1.51,6.68,1.42,-26.78,-0.37,-10.00
35,3,-1.00,-1.00,-1.00,-1.00,0.1783,1.1,0.66,1.87,-15.62,1.52,3.22,0.32,-10.00
35,3,-1.00,-1.00,-1.00,-1.00,0.1483,1.1,0.70,1.72,22.08,1.75,-15.21,1.06,-10.00
35,3,-1.00,-1.00,-1.00,-1.00,0.1412,1.1,0.69,1.92,-17.55,0.75,-22.03,-1.45,-10.00
35,3,-1.00,-1.00,-1.00,-1.00,0.1331,1.2,0.59,1.76,39.36,0.89,-8.69,-2.03,-10.00
35,3,-1.00,-1.00,-1.00,-1.00,0.1261,1.2,0.60,1.71,-21.68,0.83,-17.14,-1.38,-10.00
35,3,-1.00,-1.00,-1.00,-1.00,0.1094,1.1,0.54,1.65,-9.24,1.62,-29.71,1.38,-10.00
35,3,-1.00,-1.00,-1.00,-1.00,0.1026,1.2,0.42,1.64,9.58,1.16,3.35,-3.00,-10.00
36,3,-1.00,-1.00,-1.00,-1.00,0.2964,1.1,0.57,1.63,19.47,1.59,-28.70,-1.63,-10.00
36,3,0.00,495.47,109.13,572.40,0.2962,1.1,0.54,1.66,-11.54,1.49,18.44,-3.10,-10.00
36,3,-1.00,-1.00,-1.00,-1.00,0.2425,0.92,0.66,1.61,6.91,1.43,-5.10,-1.81,-10.00
36,3,-1.00,-1.00,-1.00,-1.00,0.2347,1.0,0.35,1.42,-18.17,3.12,11.27,-1.51,-10.00
36,3,15.01,504.86,141.34,579.18,0.1798,1.1,0.56,1.62,-11.39,1.65,19.09,-3.03,-10.00
36,3,512.34,530.00,573.74,566.42,0.1469,1.1,0.63,1.73,-8.57,2.90,37.91,-0.07,-10.00
36,3,-1.00,-1.00,-1.00,-1.00,0.1364,1.2,0.63,1.70,-17.80,-0.74,-41.98,-3.13,-10.00
36,3,-1.00,-1.00,-1.00,-1.00,0.1300,1.2,0.64,1.82,-23.20,0.66,-23.57,3.13,-10.00
36,3,-1.00,-1.00,-1.00,-1.00,0.1136,1.1,0.62,1.74,-11.40,1.50,-32.94,-3.10,-10.00
36,3,-1.00,-1.00,-1.00,-1.00,0.1099,1.0,0.36,1.26,-18.15,0.92,-23.24,1.66,-10.00
36,3,535.74,526.70,557.59,562.03,0.1054,1.1,0.57,1.62,-8.62,2.82,38.60,1.40,-10.00
37,3,-1.00,-1.00,-1.00,-1.00,0.3058,1.1,0.52,1.50,19.47,1.67,-32.88,-1.56,-10.00
37,3,-1.00,-1.00,-1.00,-1.00,0.2326,1.1,0.56,1.69,-11.53,1.46,14.37,-3.06,-10.00
37,3,-1.00,-1.00,-1.00,-1.00,0.2296,1.1,0.66,1.79,4.29,-0.88,-44.98,3.08,-10.00
37,3,279.68,467.89,343.78,522.86,0.2059,1.1,0.69,1.71,-11.16,1.13,27.22,-1.58,-10.00
37,3,-1.00,-1.00,-1.00,-1.00,0.1653,1.2,0.60,1.68,-11.52,1.40,15.05,0.08,-10.00
37,3,1415.93,509.84,1476.37,546.68,0.1613,1.1,0.69,1.67,19.03,2.35,38.49,2.77,-10.00
37,3,-1.00,-1.00,-1.00,-1.00,0.1129,1.1,0.60,1.57,15.55,1.87,-19.34,-1.83,-10.00
37,3,-1.00,-1.00,-1.00,-1.00,0.1088,1.2,0.60,1.72,7.05,0.50,-24.30,-0.13,-10.00
37,3,-1.00,-1.00,-1.00,-1.00,0.1051,1.3,0.59,1.68,17.09,1.89,-3.23,-3.12,-10.00
38,3,17.36,563.09,101.97,608.64,0.3726,0.87,0.46,1.36,-15.40,2.76,25.18,2.89,-10.00
38,3,-1.00,-1.00,-1.00,-1.00,0.2059,1.0,0.73,1.64,3.51,1.28,-28.43,-1.29,-10.00
38,3,-1.00,-1.00,-1.00,-1.00,0.1406,1.1,0.54,1.75,-10.95,1.24,-28.63,-3.11,-10.00
38,3,-1.00,-1.00,-1.00,-1.00,0.1345,1.4,0.67,1.78,28.88,1.26,-7.71,0.46,-10.00
38,3,-1.00,-1.00,-1.00,-1.00,0.1271,1.6,0.61,1.78,14.95,0.16,-10.55,-1.42,-10.00
38,3,296.17,482.13,323.64,522.05,0.1045,1.1,0.66,1.71,-15.39,1.54,37.33,1.23,-10.00
38,3,-1.00,-1.00,-1.00,-1.00,0.1022,1.2,0.58,1.47,1.80,0.93,-50.81,-1.57,-10.00
39,3,-1.00,-1.00,-1.00,-1.00,0.2816,1.2,0.47,1.67,6.20,1.41,-42.81,2.70,-10.00
39,3,-1.00,-1.00,-1.00,-1.00,0.2183,1.3,0.66,1.74,7.99,-3.81,-50.52,0.78,-10.00
39,3,581.39,519.40,626.35,549.53,0.1719,1.1,0.56,1.58,-8.44,3.00,47.47,0.11,-10.00
39,3,-1.00,-1.00,-1.00,-1.00,0.1242,1.1,0.53,1.78,-16.41,1.49,17.91,-1.51,-10.00
39,3,-1.00,-1.00,-1.00,-1.00,0.1179,1.2,0.59,1.81,38.76,1.05,-10.21,0.04,-10.00
39,3,1284.98,522.82,1411.75,615.96,0.1166,1.0,0.67,1.68,5.96,1.62,14.42,-1.62,-10.00
39,3,-1.00,-1.00,-1.00,-1.00,0.1126,1.2,0.55,1.69,-11.85,1.10,0.76,3.14,-10.00
39,3,-1.00,-1.00,-1.00,-1.00,0.1117,1.4,0.71,1.76,7.69,-3.73,-50.98,1.01,-10.00
39,3,4.73,479.62,131.09,563.72,0.1071,1.2,0.65,1.70,-11.61,1.42,19.18,-2.86,-10.00
40,3,-1.00,-1.00,-1.00,-1.00,0.1827,1.1,0.71,1.79,6.46,1.43,-21.19,1.56,-10.00
40,3,-1.00,-1.00,-1.00,-1.00,0.1757,1.1,0.54,1.63,18.99,2.34,9.50,-2.78,-10.00
40,3,-1.00,-1.00,-1.00,-1.00,0.1247,1.1,0.46,1.69,10.87,0.96,-20.46,1.56,-10.00
40,3,-1.00,-1.00,-1.00,-1.00,0.1188,1.1,0.60,1.54,36.32,0.71,-1.35,0.09,-10.00
40,3,-1.00,-1.00,-1.00,-1.00,0.1133,1.3,0.56,1.82,41.82,0.41,1.65,-1.54,-10.00
40,3,1441.56,545.09,1600.00,675.24,0.1077,0.97,0.49,1.49,5.64,1.59,10.23,-1.55,-10.00
40,3,-1.00,-1.00,-1.00,-1.00,0.1066,1.1,0.56,1.50,-11.63,1.77,14.77,0.07,-10.00
40,3,1465.50,454.45,1502.71,503.00,0.1051,1.7,0.68,1.83,24.68,1.21,47.05,-1.38,-10.00
