0,3,391.09,478.18,500.54,547.62,0.6019,0.76,0.37,1.16,-4.15,0.62,14.21,2.82,-10.00
0,3,370.32,475.57,487.58,549.96,0.1654,0.79,0.38,1.20,-4.22,0.63,13.84,2.88,-10.00
0,3,-1.00,-1.00,-1.00,-1.00,0.1221,1.1,0.50,1.71,-20.20,0.37,22.24,-0.33,-10.00
0,3,-1.00,-1.00,-1.00,-1.00,0.1067,1.4,0.55,1.71,-16.96,1.12,-7.69,1.83,-10.00
0,3,130.31,414.86,286.22,503.37,0.1042,1.1,0.61,1.80,-8.20,0.15,17.15,-0.89,-10.00
0,3,-1.00,-1.00,-1.00,-1.00,0.1024,1.0,0.52,1.45,11.47,1.45,1.64,1.70,-10.00
0,3,-1.00,-1.00,-1.00,-1.00,0.1024,1.8,0.75,1.58,-9.40,1.01,-22.21,1.99,-10.00
0,3,496.53,455.48,555.36,490.63,0.1007,1.1,0.71,1.75,-9.60,-0.04,41.92,0.12,-10.00
1,3,399.63,477.21,505.45,544.62,0.5108,0.74,0.38,1.12,-4.09,0.59,14.22,2.81,-10.00
1,3,376.66,478.38,481.08,539.04,0.2427,0.65,0.33,1.06,-4.22,0.51,13.83,2.91,-10.00
1,3,-1.00,-1.00,-1.00,-1.00,0.1809,1.1,0.54,1.59,-19.61,0.31,16.63,0.51,-10.00
1,3,-1.00,-1.00,-1.00,-1.00,0.1732,0.96,0.43,1.44,-20.10,0.25,22.00,2.88,-10.00
1,3,405.99,485.16,523.27,558.18,0.1218,0.82,0.47,1.25,-4.05,0.76,14.63,2.99,-10.00
1,3,-1.00,-1.00,-1.00,-1.00,0.1124,1.1,0.55,1.57,22.63,0.56,2.29,-2.07,-10.00
1,3,486.54,445.26,543.07,479.49,0.1054,1.1,0.51,1.78,-9.89,-0.41,41.54,-0.24,-10.00
1,3,-1.00,-1.00,-1.00,-1.00,0.1031,1.1,0.56,1.65,-11.56,0.65,15.37,3.02,-10.00
2,3,-1.00,-1.00,-1.00,-1.00,0.2155,1.2,0.58,1.64,-4.38,1.41,-51.14,-1.52,-10.00
2,3,-1.00,-1.00,-1.00,-1.00,0.1369,1.3,0.65,1.76,12.37,1.37,-40.70,0.54,-10.00
2,3,150.02,411.75,265.58,496.25,0.1339,1.1,0.53,1.65,-8.16,0.05,17.06,-1.40,-10.00
2,3,41.81,456.05,203.89,546.28,0.1169,1.1,0.56,1.66,-8.47,0.66,15.53,-0.35,-10.00
2,3,486.63,448.84,546.45,484.22,0.1115,1.1,0.53,1.85,-9.83,-0.26,41.53,-0.34,-10.00
2,3,544.28,471.79,698.19,575.73,0.1075,0.97,0.51,1.39,-1.89,0.80,12.25,2.79,-10.00
3,3,390.03,465.56,498.44,532.25,0.2636,0.73,0.37,1.15,-4.17,0.45,14.23,2.87,-10.00
3,3,-1.00,-1.00,-1.00,-1.00,0.2286,1.1,0.48,1.56,-20.15,0.44,22.01,2.92,-10.00
3,3,-1.00,-1.00,-1.00,-1.00,0.1472,1.1,0.56,1.61,-19.49,0.27,16.41,-2.61,-10.00
3,3,0.00,445.39,188.99,569.86,0.1406,1.1,0.55,1.58,-6.62,0.70,11.48,-0.22,-10.00
3,3,-1.00,-1.00,-1.00,-1.00,0.1158,1.1,0.53,1.60,-5.47,2.05,-26.20,0.32,-10.00
3,3,-1.00,-1.00,-1.00,-1.00,0.1100,1.1,0.48,1.69,12.23,1.66,7.38,1.65,-10.00
3,3,-1.00,-1.00,-1.00,-1.00,0.1054,1.2,0.50,1.76,-7.57,1.68,-34.27,1.52,-10.00
3,3,-1.00,-1.00,-1.00,-1.00,0.1049,1.1,0.58,1.59,7.75,1.27,-22.61,1.61,-10.00
4,3,392.33,480.62,495.13,545.78,0.3847,0.71,0.43,1.08,-4.17,0.60,14.20,2.87,-10.00
4,3,-1.00,-1.00,-1.00,-1.00,0.2293,1.4,0.51,1.81,32.68,1.88,21.94,-2.08,-10.00
4,3,-1.00,-1.00,-1.00,-1.00,0.2127,0.89,0.61,1.69,7.70,1.58,-3.85,2.14,-10.00
4,3,-1.00,-1.00,-1.00,-1.00,0.1771,1.1,0.55,1.62,-19.57,0.37,16.59,-2.54,-10.00
4,3,-1.00,-1.00,-1.00,-1.00,0.1471,1.1,0.57,1.65,7.75,1.23,-22.86,1.60,-10.00
4,3,-1.00,-1.00,-1.00,-1.00,0.1268,1.1,0.57,1.57,-5.45,2.11,-26.21,0.19,-10.00
4,3,503.03,450.99,549.67,479.27,0.1230,0.89,0.42,1.47,-9.52,-0.42,41.59,2.89,-10.00
4,3,496.23,454.76,544.20,481.90,0.1142,0.87,0.45,1.47,-9.78,-0.33,41.84,3.14,-10.00
4,3,1107.92,498.39,1139.85,535.09,0.1096,1.0,0.60,1.82,8.75,1.23,36.08,-1.49,-10.00
4,3,-1.00,-1.00,-1.00,-1.00,0.1069,1.6,0.69,1.48,-9.45,1.23,-22.47,1.88,-10.00
5,3,401.60,488.13,504.69,552.91,0.7157,0.71,0.39,1.09,-4.08,0.68,14.22,2.82,-10.00
5,3,408.44,494.35,525.23,565.09,0.2497,0.75,0.44,1.18,-3.82,0.79,13.85,2.74,-10.00
5,3,-1.00,-1.00,-1.00,-1.00,0.1770,1.0,0.45,1.54,-20.14,0.40,22.02,2.90,-10.00
5,3,433.34,467.73,562.93,545.80,0.1581,0.88,0.50,1.38,-3.66,0.62,14.64,3.06,-10.00
5,3,-1.00,-1.00,-1.00,-1.00,0.1400,1.9,0.78,2.13,27.86,1.42,21.37,-0.35,-10.00
5,3,-1.00,-1.00,-1.00,-1.00,0.1222,1.1,0.57,1.54,-16.59,0.34,18.29,2.76,-10.00
5,3,1366.58,578.39,1497.25,648.76,0.1210,0.99,0.63,1.73,9.22,2.31,18.98,2.95,-10.00
5,3,1414.06,608.66,1511.60,678.42,0.1152,0.9,0.56,1.57,9.85,2.75,19.34,1.47,-10.00
5,3,-1.00,-1.00,-1.00,-1.00,0.1038,1.1,0.52,1.50,-5.45,2.06,-26.17,-0.00,-10.00
6,3,401.12,473.01,505.16,539.35,0.6741,0.73,0.40,1.09,-4.08,0.53,14.21,2.80,-10.00
6,3,377.77,470.94,479.70,534.06,0.2206,0.67,0.34,1.04,-4.21,0.46,13.81,2.88,-10.00
6,3,-1.00,-1.00,-1.00,-1.00,0.1936,1.1,0.58,1.59,13.24,0.75,-22.94,-1.10,-10.00
6,3,147.38,403.55,276.35,488.99,0.1244,1.1,0.54,1.69,-8.15,-0.05,17.16,-1.24,-10.00
6,3,615.44,484.78,673.51,590.49,0.1227,0.99,0.53,1.59,-1.73,0.94,12.69,-1.72,-10.00
6,3,484.72,443.95,544.71,479.79,0.1134,1.1,0.56,1.89,-9.88,-0.40,41.53,-0.23,-10.00
6,3,410.04,483.52,522.62,553.10,0.1033,0.78,0.47,1.22,-4.02,0.70,14.62,2.90,-10.00
6,3,-1.00,-1.00,-1.00,-1.00,0.1010,1.6,0.69,1.41,-9.47,1.21,-22.45,1.81,-10.00
7,3,402.65,480.71,501.19,543.44,0.7090,0.69,0.38,1.04,-4.09,0.58,14.23,2.84,-10.00
7,3,408.81,485.44,521.28,558.49,0.1830,0.78,0.46,1.16,-3.84,0.72,13.84,2.83,-10.00
7,3,-1.00,-1.00,-1.00,-1.00,0.1639,0.99,0.43,1.50,-20.15,0.29,22.01,2.92,-10.00
7,3,434.23,463.13,561.44,543.04,0.1349,0.9,0.49,1.37,-3.67,0.59,14.66,3.02,-10.00
7,3,384.94,469.60,498.21,536.24,0.1346,0.84,0.43,1.33,-4.81,0.57,16.30,3.05,-10.00
7,3,-1.00,-1.00,-1.00,-1.00,0.1216,1.1,0.54,1.57,11.04,1.34,-18.34,-1.37,-10.00
7,3,-1.00,-1.00,-1.00,-1.00,0.1110,1.1,0.65,1.81,-11.77,0.65,-26.49,2.57,-10.00
7,3,397.39,492.98,513.21,563.99,0.1082,0.73,0.41,1.11,-3.82,0.76,13.44,3.12,-10.00
7,3,1107.40,496.75,1138.57,529.91,0.1054,0.92,0.54,1.69,8.74,1.08,36.15,-1.53,-10.00
8,3,400.52,468.86,501.29,533.76,0.5433,0.71,0.39,1.07,-4.10,0.47,14.22,2.84,-10.00
8,3,376.03,463.81,480.96,527.72,0.1746,0.68,0.36,1.07,-4.22,0.39,13.82,2.86,-10.00
8,3,492.12,460.13,540.46,487.73,0.1469,0.89,0.47,1.47,-9.91,-0.13,41.84,0.08,-10.00
8,3,486.67,444.15,543.50,477.63,0.1432,1.1,0.51,1.79,-9.86,-0.47,41.51,-0.20,-10.00
8,3,-1.00,-1.00,-1.00,-1.00,0.1370,1.0,0.46,1.52,-20.14,0.33,22.03,2.88,-10.00
8,3,-1.00,-1.00,-1.00,-1.00,0.1289,1.0,0.56,1.61,6.98,1.83,1.31,1.38,-10.00
8,3,-1.00,-1.00,-1.00,-1.00,0.1236,1.0,0.42,1.51,-23.33,-0.15,29.15,2.99,-10.00
8,3,-1.00,-1.00,-1.00,-1.00,0.1186,1.1,0.58,1.77,-23.29,0.07,28.82,2.97,-10.00
8,3,-1.00,-1.00,-1.00,-1.00,0.1164,1.1,0.51,1.60,7.72,1.26,-23.46,-1.87,-10.00
8,3,-1.00,-1.00,-1.00,-1.00,0.1153,1.0,0.48,1.53,-16.84,0.37,18.31,2.96,-10.00
8,3,406.27,476.38,518.61,544.63,0.1120,0.77,0.46,1.18,-4.07,0.61,14.63,3.04,-10.00
8,3,-1.00,-1.00,-1.00,-1.00,0.1055,1.1,0.67,1.66,-20.66,0.13,18.80,0.50,-10.00
9,3,398.31,475.79,503.83,541.39,0.7597,0.72,0.39,1.12,-4.10,0.56,14.22,2.82,-10.00
9,3,-1.00,-1.00,-1.00,-1.00,0.2125,1.2,0.52,1.64,-20.16,0.54,22.00,2.88,-10.00
9,3,-1.00,-1.00,-1.00,-1.00,0.1954,1.1,0.55,1.66,-19.43,0.37,16.41,0.53,-10.00
9,3,371.75,471.98,482.90,539.54,0.1842,0.72,0.38,1.14,-4.23,0.52,13.81,2.87,-10.00
9,3,406.37,483.34,520.19,554.50,0.1818,0.8,0.48,1.24,-4.08,0.72,14.64,2.85,-10.00
9,3,501.60,459.52,551.05,489.93,0.1385,0.97,0.52,1.55,-9.58,-0.06,41.86,2.99,-10.00
9,3,-1.00,-1.00,-1.00,-1.00,0.1224,1.5,0.65,1.58,0.44,3.37,-42.60,1.55,-10.00
9,3,-1.00,-1.00,-1.00,-1.00,0.1096,1.1,0.50,1.66,13.02,0.95,3.68,-1.28,-10.00
9,3,-1.00,-1.00,-1.00,-1.00,0.1064,1.2,0.58,1.65,13.22,0.66,-23.00,-1.11,-10.00
9,3,-1.00,-1.00,-1.00,-1.00,0.1034,1.2,0.49,1.55,9.82,1.57,0.94,1.36,-10.00
9,3,402.53,486.53,511.84,549.65,0.1030,0.79,0.46,1.29,-4.62,0.74,16.34,3.01,-10.00
9,3,-1.00,-1.00,-1.00,-1.00,0.1022,0.9,0.53,1.36,7.28,1.69,-32.64,-0.05,-10.00
10,3,401.98,476.71,503.53,539.62,0.6280,0.69,0.39,1.07,-4.08,0.54,14.23,2.81,-10.00
10,3,395.35,470.15,521.18,543.97,0.2483,0.93,0.51,1.48,-4.61,0.67,16.36,3.06,-10.00
10,3,-1.00,-1.00,-1.00,-1.00,0.1588,0.99,0.51,1.63,2.87,1.92,-19.81,-1.67,-10.00
10,3,375.20,475.73,478.51,537.06,0.1376,0.65,0.36,1.05,-4.24,0.49,13.82,2.89,-10.00
10,3,-1.00,-1.00,-1.00,-1.00,0.1286,1.2,0.55,1.64,-20.15,0.44,21.98,2.88,-10.00
10,3,408.75,484.37,518.65,551.41,0.1183,0.76,0.46,1.18,-4.06,0.68,14.64,2.94,-10.00
10,3,-1.00,-1.00,-1.00,-1.00,0.1139,0.99,0.53,1.52,-19.48,0.23,16.39,-2.86,-10.00
11,3,391.71,480.10,497.04,545.74,0.6046,0.72,0.44,1.11,-4.17,0.60,14.19,2.83,-10.00
11,3,393.37,465.86,523.74,544.46,0.1468,0.99,0.54,1.52,-4.61,0.67,16.37,-3.13,-10.00
11,3,371.37,477.58,474.47,539.91,0.1333,0.66,0.37,1.05,-4.28,0.52,13.82,2.87,-10.00
11,3,1094.39,497.39,1159.86,534.65,0.1318,1.0,0.53,1.74,8.79,1.21,35.84,0.10,-10.00
11,3,-1.00,-1.00,-1.00,-1.00,0.1142,1.2,0.53,1.65,-20.29,0.57,21.95,2.83,-10.00
12,3,376.65,472.96,483.54,538.44,0.3537,0.7,0.38,1.09,-4.20,0.51,13.83,2.88,-10.00
12,3,391.65,476.45,505.93,548.50,0.3444,0.79,0.50,1.20,-4.12,0.63,14.24,2.90,-10.00
12,3,-1.00,-1.00,-1.00,-1.00,0.2432,1.2,0.58,1.68,-20.07,0.82,21.54,-1.92,-10.00
12,3,-1.00,-1.00,-1.00,-1.00,0.1916,1.0,0.56,1.59,-4.36,1.61,-45.10,-1.62,-10.00
12,3,499.66,466.91,550.20,499.86,0.1631,1.1,0.56,1.53,-9.64,0.27,41.91,-2.91,-10.00
12,3,506.22,463.37,559.71,497.78,0.1417,1.1,0.53,1.61,-9.26,0.20,41.43,-3.08,-10.00
12,3,273.15,465.06,360.57,565.99,0.1401,0.94,0.66,1.56,-4.94,0.71,12.60,-1.86,-10.00
12,3,-1.00,-1.00,-1.00,-1.00,0.1262,1.1,0.56,1.46,10.93,1.31,-18.33,1.73,-10.00
12,3,-1.00,-1.00,-1.00,-1.00,0.1131,1.1,0.57,1.80,14.54,-1.05,-34.30,1.96,-10.00
12,3,-1.00,-1.00,-1.00,-1.00,0.1106,1.7,0.70,1.81,-13.68,1.97,0.98,2.79,-10.00
12,3,-1.00,-1.00,-1.00,-1.00,0.1052,0.93,0.43,1.27,-22.12,-0.16,-13.29,-2.88,-10.00
13,3,384.53,472.49,490.26,540.63,0.7111,0.72,0.38,1.08,-4.13,0.53,13.81,2.81,-10.00
13,3,361.75,466.97,475.67,537.57,0.4073,0.73,0.37,1.12,-4.20,0.48,13.41,2.89,-10.00
13,3,-1.00,-1.00,-1.00,-1.00,0.2813,1.1,0.48,1.45,-15.35,0.12,-15.33,2.90,-10.00
13,3,390.69,479.37,515.15,556.92,0.1640,0.85,0.49,1.29,-4.07,0.73,14.26,2.97,-10.00
13,3,347.34,470.34,465.48,544.54,0.1547,0.75,0.37,1.11,-4.21,0.54,13.06,2.97,-10.00
13,3,-1.00,-1.00,-1.00,-1.00,0.1394,1.2,0.57,1.72,-11.44,0.78,-26.58,-1.76,-10.00
13,3,-1.00,-1.00,-1.00,-1.00,0.1135,1.2,0.53,1.66,-25.79,0.41,7.51,2.94,-10.00
14,3,378.96,487.31,490.31,556.34,0.5536,0.73,0.44,1.14,-4.17,0.70,13.83,2.82,-10.00
14,3,360.17,482.68,464.84,546.03,0.5188,0.66,0.36,1.04,-4.27,0.57,13.42,2.86,-10.00
14,3,374.09,495.19,495.00,568.43,0.1171,0.74,0.42,1.14,-3.92,0.78,13.05,2.98,-10.00
14,3,559.68,465.82,715.49,567.72,0.1145,0.94,0.45,1.41,-1.72,0.72,12.20,2.78,-10.00
14,3,-1.00,-1.00,-1.00,-1.00,0.1123,1.1,0.60,1.77,-28.81,0.12,-18.56,2.45,-10.00
14,3,-1.00,-1.00,-1.00,-1.00,0.1059,0.69,0.89,1.07,-12.10,1.13,-4.62,3.01,-10.00
14,3,-1.00,-1.00,-1.00,-1.00,0.1047,1.1,0.46,1.69,-19.89,0.49,21.48,-2.76,-10.00
14,3,-1.00,-1.00,-1.00,-1.00,0.1023,1.1,0.42,1.49,-21.37,1.50,-10.12,0.51,-10.00
15,3,382.38,491.04,497.54,565.54,0.6950,0.79,0.39,1.18,-4.10,0.80,13.82,2.86,-10.00
15,3,365.99,483.46,484.25,557.50,0.3538,0.77,0.37,1.17,-4.13,0.69,13.43,2.90,-10.00
15,3,389.30,496.60,515.17,572.56,0.1841,0.83,0.46,1.28,-4.08,0.90,14.23,3.10,-10.00
15,3,-1.00,-1.00,-1.00,-1.00,0.1517,1.4,0.61,1.78,-4.23,1.58,-44.57,-0.39,-10.00
15,3,-1.00,-1.00,-1.00,-1.00,0.1493,1.1,0.55,1.65,-11.43,0.66,-26.57,1.82,-10.00
15,3,-1.00,-1.00,-1.00,-1.00,0.1198,1.0,0.46,1.48,-22.15,-0.11,-13.77,3.12,-10.00
15,3,-1.00,-1.00,-1.00,-1.00,0.1184,1.1,0.44,1.49,-21.23,1.44,-10.06,-2.69,-10.00
15,3,-1.00,-1.00,-1.00,-1.00,0.1175,1.0,0.50,1.51,5.63,1.45,-45.02,-1.73,-10.00
15,3,-1.00,-1.00,-1.00,-1.00,0.1149,1.1,0.62,1.73,13.28,0.99,2.65,-2.79,-10.00
15,3,-1.00,-1.00,-1.00,-1.00,0.1072,1.6,0.66,1.65,-1.29,1.46,-17.34,-0.02,-10.00
15,3,384.64,472.11,508.70,550.31,0.1010,0.96,0.46,1.44,-4.63,0.73,15.92,2.97,-10.00
16,3,379.56,483.66,494.16,556.48,0.6855,0.77,0.41,1.17,-4.13,0.70,13.82,2.87,-10.00
16,3,-1.00,-1.00,-1.00,-1.00,0.4337,1.1,0.62,1.71,-27.96,0.22,-18.10,2.63,-10.00
16,3,364.43,479.28,476.58,546.16,0.3451,0.69,0.36,1.11,-4.18,0.57,13.42,2.90,-10.00
16,3,381.59,472.65,515.58,561.93,0.2299,1.1,0.49,1.56,-4.61,0.88,15.96,3.00,-10.00
16,3,-1.00,-1.00,-1.00,-1.00,0.1707,1.2,0.57,1.61,-15.46,0.20,-15.66,-0.34,-10.00
16,3,-1.00,-1.00,-1.00,-1.00,0.1496,1.1,0.53,1.52,-28.49,-0.23,-10.56,2.71,-10.00
16,3,388.98,489.49,510.40,560.62,0.1433,0.78,0.46,1.23,-4.10,0.76,14.21,3.09,-10.00
16,3,-1.00,-1.00,-1.00,-1.00,0.1231,1.1,0.50,1.65,-11.47,0.74,-26.57,-1.56,-10.00
16,3,-1.00,-1.00,-1.00,-1.00,0.1148,1.1,0.57,1.57,-15.29,0.78,19.08,0.13,-10.00
16,3,-1.00,-1.00,-1.00,-1.00,0.1100,1.5,0.60,1.64,-4.23,1.64,-44.32,-0.03,-10.00
16,3,343.92,482.68,463.05,555.71,0.1087,0.73,0.38,1.12,-4.23,0.65,13.03,2.95,-10.00
16,3,-1.00,-1.00,-1.00,-1.00,0.1014,1.3,0.76,1.66,-17.77,1.31,-1.70,1.62,-10.00
17,3,379.68,475.00,499.53,553.05,0.6605,0.83,0.43,1.22,-4.11,0.66,13.82,2.78,-10.00
17,3,356.26,474.98,475.39,545.62,0.4517,0.73,0.37,1.18,-4.23,0.57,13.41,2.87,-10.00
17,3,385.98,467.86,515.10,551.49,0.1985,1.0,0.47,1.50,-4.59,0.75,15.94,2.99,-10.00
17,3,-1.00,-1.00,-1.00,-1.00,0.1814,0.77,0.43,1.27,-27.71,0.03,-17.99,-0.28,-10.00
17,3,1111.83,498.58,1148.71,534.50,0.1104,0.98,0.57,1.83,8.79,1.19,35.49,-1.57,-10.00
17,3,549.92,475.26,629.47,527.21,0.1080,1.1,0.43,1.62,-4.83,0.76,27.03,-0.32,-10.00
17,3,339.60,481.38,462.93,558.77,0.1014,0.78,0.39,1.16,-4.26,0.69,13.05,2.95,-10.00
17,3,390.66,482.64,515.74,559.24,0.1006,0.84,0.47,1.30,-4.06,0.75,14.23,2.96,-10.00
18,3,380.42,475.48,497.57,553.94,0.6902,0.83,0.41,1.20,-4.12,0.67,13.82,2.82,-10.00
18,3,360.18,470.17,476.43,541.73,0.4466,0.74,0.36,1.15,-4.21,0.53,13.43,2.91,-10.00
18,3,345.12,473.96,459.67,549.41,0.1507,0.76,0.36,1.08,-4.25,0.59,13.04,2.94,-10.00
18,3,-1.00,-1.00,-1.00,-1.00,0.1456,1.2,0.56,1.86,25.58,1.63,24.83,-1.10,-10.00
18,3,1113.07,498.05,1146.24,533.16,0.1409,0.96,0.56,1.73,8.78,1.15,35.54,-1.54,-10.00
18,3,-1.00,-1.00,-1.00,-1.00,0.1216,1.1,0.53,1.63,7.81,1.15,-24.19,1.28,-10.00
18,3,-1.00,-1.00,-1.00,-1.00,0.1214,1.8,0.61,1.60,-47.92,1.42,-10.48,1.50,-10.00
18,3,113.04,423.27,227.20,511.43,0.1202,1.1,0.58,1.68,-8.44,0.26,16.62,1.61,-10.00
19,3,381.60,473.92,496.33,549.96,0.6997,0.81,0.42,1.17,-4.11,0.63,13.81,2.80,-10.00
19,3,361.38,472.74,475.80,540.30,0.4285,0.7,0.37,1.13,-4.19,0.51,13.40,2.88,-10.00
19,3,346.25,478.88,460.18,549.67,0.1446,0.71,0.36,1.07,-4.24,0.59,13.03,2.93,-10.00
19,3,-1.00,-1.00,-1.00,-1.00,0.1187,1.2,0.62,1.61,-11.00,0.63,-18.19,-1.69,-10.00
19,3,390.96,471.35,513.40,545.01,0.1132,0.9,0.48,1.43,-4.57,0.67,15.95,2.97,-10.00
19,3,392.58,481.09,514.54,555.88,0.1025,0.82,0.48,1.25,-4.06,0.71,14.24,3.02,-10.00
20,3,380.95,477.17,496.97,552.63,0.5694,0.8,0.43,1.19,-4.11,0.66,13.82,2.83,-10.00
20,3,357.86,473.70,473.76,541.57,0.4077,0.7,0.35,1.15,-4.23,0.53,13.42,2.89,-10.00
20,3,340.26,476.37,456.82,546.81,0.2450,0.71,0.36,1.09,-4.28,0.56,13.02,2.97,-10.00
20,3,-1.00,-1.00,-1.00,-1.00,0.1787,0.8,1.09,1.06,-14.23,1.33,0.67,-2.25,-10.00
20,3,-1.00,-1.00,-1.00,-1.00,0.1223,1.8,0.66,1.68,-3.96,1.72,-44.65,-0.17,-10.00
20,3,-1.00,-1.00,-1.00,-1.00,0.1196,1.1,0.57,1.55,-10.97,0.59,-18.24,-1.65,-10.00
20,3,369.06,476.92,497.04,559.73,0.1174,1.0,0.45,1.47,-4.80,0.85,15.92,3.03,-10.00
21,3,379.23,476.12,497.72,551.32,0.5842,0.8,0.40,1.21,-4.12,0.64,13.80,2.79,-10.00
21,3,356.92,474.24,479.53,547.91,0.3623,0.76,0.37,1.21,-4.20,0.59,13.41,2.87,-10.00
21,3,-1.00,-1.00,-1.00,-1.00,0.1539,1.1,0.48,1.58,7.73,1.16,-23.93,1.36,-10.00
21,3,-1.00,-1.00,-1.00,-1.00,0.1044,1.2,0.55,1.67,11.35,1.20,8.56,-0.45,-10.00
22,3,376.59,483.10,494.82,559.75,0.3701,0.81,0.46,1.21,-4.14,0.74,13.83,2.88,-10.00
22,3,359.52,481.64,478.55,550.96,0.3287,0.72,0.35,1.16,-4.20,0.62,13.42,2.97,-10.00
22,3,-1.00,-1.00,-1.00,-1.00,0.2695,1.7,0.65,1.65,-3.79,1.81,-44.61,0.37,-10.00
22,3,385.18,479.36,513.84,562.67,0.1594,1.0,0.51,1.48,-4.61,0.89,15.97,3.04,-10.00
22,3,548.52,479.21,629.12,531.17,0.1192,1.1,0.46,1.63,-4.85,0.84,27.03,-0.35,-10.00
22,3,366.79,490.76,509.16,573.95,0.1171,0.83,0.47,1.32,-3.87,0.83,13.01,3.07,-10.00
22,3,-1.00,-1.00,-1.00,-1.00,0.1043,1.0,0.50,1.70,-11.45,0.67,-26.55,-1.55,-10.00
22,3,1113.52,501.26,1147.08,538.40,0.1037,1.0,0.57,1.64,8.80,1.30,35.52,-1.55,-10.00
22,3,-1.00,-1.00,-1.00,-1.00,0.1001,1.1,0.61,1.73,13.35,0.95,2.65,-2.92,-10.00
23,3,382.71,483.05,499.09,554.78,0.5669,0.76,0.40,1.19,-4.10,0.68,13.83,2.81,-10.00
23,3,361.57,481.67,476.60,548.47,0.1973,0.69,0.36,1.14,-4.20,0.60,13.43,2.87,-10.00
23,3,-1.00,-1.00,-1.00,-1.00,0.1151,1.0,0.47,1.64,-11.46,0.73,-26.57,1.56,-10.00
23,3,-1.00,-1.00,-1.00,-1.00,0.1136,0.96,0.89,1.28,-14.22,1.46,0.82,-2.17,-10.00
23,3,-1.00,-1.00,-1.00,-1.00,0.1115,1.1,0.47,1.44,-8.59,1.04,-3.04,-1.35,-10.00
23,3,1112.65,496.49,1146.56,536.94,0.1025,1.1,0.61,1.72,8.78,1.26,35.52,-1.52,-10.00
24,3,380.87,479.23,500.08,555.63,0.7197,0.81,0.43,1.21,-4.10,0.69,13.82,2.78,-10.00
24,3,357.58,474.17,475.03,544.16,0.4913,0.72,0.37,1.16,-4.23,0.55,13.41,2.83,-10.00
24,3,-1.00,-1.00,-1.00,-1.00,0.2287,1.1,0.60,1.54,-8.10,0.84,11.10,1.13,-10.00
24,3,390.09,470.71,509.17,545.66,0.1463,0.92,0.48,1.39,-4.60,0.67,15.95,2.96,-10.00
24,3,391.13,486.30,515.88,561.68,0.1263,0.83,0.48,1.30,-4.06,0.78,14.23,2.96,-10.00
24,3,337.08,478.53,457.22,553.46,0.1068,0.75,0.38,1.14,-4.30,0.63,13.04,2.90,-10.00
24,3,-1.00,-1.00,-1.00,-1.00,0.1018,1.8,0.77,2.42,48.37,0.51,46.46,-0.34,-10.00
25,3,383.79,476.87,501.04,552.50,0.6953,0.8,0.40,1.19,-4.08,0.66,13.82,2.78,-10.00
25,3,364.26,476.57,480.77,547.27,0.5499,0.73,0.35,1.16,-4.16,0.59,13.43,2.88,-10.00
25,3,343.66,479.19,465.03,556.65,0.1934,0.78,0.37,1.12,-4.23,0.66,13.04,3.07,-10.00
25,3,-1.00,-1.00,-1.00,-1.00,0.1253,1.0,0.50,1.57,7.76,1.17,-24.13,1.43,-10.00
25,3,-1.00,-1.00,-1.00,-1.00,0.1218,1.1,0.63,1.57,-8.18,0.89,11.14,1.30,-10.00
25,3,392.87,479.39,512.70,553.65,0.1144,0.91,0.47,1.38,-4.56,0.77,15.95,3.04,-10.00
25,3,1098.90,498.18,1164.23,534.76,0.1125,1.0,0.65,1.65,8.82,1.20,35.46,-0.07,-10.00
25,3,-1.00,-1.00,-1.00,-1.00,0.1060,1.0,0.49,1.69,-11.46,0.73,-26.58,-1.60,-10.00
26,3,382.35,474.74,493.05,545.89,0.5542,0.76,0.40,1.13,-4.13,0.59,13.82,2.84,-10.00
26,3,359.19,471.08,474.40,539.14,0.3718,0.7,0.36,1.14,-4.22,0.50,13.42,2.89,-10.00
26,3,341.42,475.71,459.52,547.13,0.2522,0.72,0.37,1.10,-4.27,0.57,13.04,2.97,-10.00
26,3,384.25,478.68,516.53,562.41,0.1616,1.0,0.56,1.50,-4.60,0.88,15.97,3.11,-10.00
26,3,0.00,452.65,21.07,535.31,0.1450,1.1,0.55,1.71,-11.76,0.58,17.14,0.12,-10.00
26,3,-1.00,-1.00,-1.00,-1.00,0.1281,1.0,0.49,1.72,-11.46,0.70,-26.57,-1.50,-10.00
26,3,-1.00,-1.00,-1.00,-1.00,0.1164,0.67,0.83,1.09,-12.03,1.03,-4.50,3.05,-10.00
26,3,545.75,480.28,628.11,534.63,0.1133,1.1,0.50,1.68,-4.89,0.91,27.01,-0.28,-10.00
26,3,-1.00,-1.00,-1.00,-1.00,0.1059,0.92,0.43,1.30,-22.21,-0.13,-13.78,3.07,-10.00
26,3,-1.00,-1.00,-1.00,-1.00,0.1045,1.1,0.65,1.71,13.27,0.93,2.64,-2.78,-10.00
26,3,-1.00,-1.00,-1.00,-1.00,0.1009,1.0,0.51,1.50,-8.62,1.27,-3.05,-1.30,-10.00
27,3,-1.00,-1.00,-1.00,-1.00,0.1926,2.2,0.85,2.28,46.67,0.67,45.68,-0.59,-10.00
27,3,360.47,479.77,475.74,547.84,0.1891,0.7,0.34,1.13,-4.21,0.59,13.43,2.95,-10.00
27,3,383.37,481.15,496.96,554.91,0.1879,0.79,0.40,1.16,-4.09,0.69,13.83,2.89,-10.00
27,3,376.11,492.66,508.14,572.22,0.1821,0.8,0.43,1.25,-3.84,0.82,13.06,2.98,-10.00
27,3,-1.00,-1.00,-1.00,-1.00,0.1714,1.5,0.65,1.13,-9.44,1.08,-23.01,-1.39,-10.00
27,3,-1.00,-1.00,-1.00,-1.00,0.1529,1.0,0.54,1.71,-11.45,0.65,-26.56,1.60,-10.00
27,3,-1.00,-1.00,-1.00,-1.00,0.1439,1.1,0.57,1.62,7.82,1.44,-5.05,-2.79,-10.00
27,3,-1.00,-1.00,-1.00,-1.00,0.1155,2.0,0.82,2.59,46.84,0.23,46.40,-0.44,-10.00
27,3,1113.41,499.33,1147.04,534.55,0.1057,0.96,0.53,1.67,8.79,1.19,35.49,-1.57,-10.00
27,3,-1.00,-1.00,-1.00,-1.00,0.1021,0.91,1.03,1.22,-14.21,1.42,0.80,-2.29,-10.00
27,3,-1.00,-1.00,-1.00,-1.00,0.1013,1.1,0.48,1.55,7.76,1.16,-23.75,1.20,-10.00
28,3,376.52,491.87,491.77,566.80,0.6361,0.79,0.45,1.18,-4.16,0.81,13.82,2.85,-10.00
28,3,360.91,492.90,473.92,562.93,0.4283,0.72,0.38,1.11,-4.21,0.75,13.41,2.89,-10.00
28,3,-1.00,-1.00,-1.00,-1.00,0.2487,1.1,0.59,1.58,-3.19,1.44,-44.65,-1.63,-10.00
28,3,-1.00,-1.00,-1.00,-1.00,0.2313,1.1,0.50,1.66,3.69,1.86,-36.10,-1.63,-10.00
28,3,-1.00,-1.00,-1.00,-1.00,0.2254,0.99,0.56,1.56,-16.20,1.16,7.91,3.00,-10.00
28,3,494.85,458.52,655.93,562.40,0.1645,0.95,0.44,1.45,-2.25,0.66,11.89,2.95,-10.00
28,3,346.04,497.11,467.39,573.66,0.1622,0.77,0.39,1.14,-4.20,0.84,13.04,2.95,-10.00
28,3,-1.00,-1.00,-1.00,-1.00,0.1464,1.2,0.57,1.65,-10.35,0.21,-39.32,1.87,-10.00
28,3,-1.00,-1.00,-1.00,-1.00,0.1263,1.1,0.59,1.56,10.88,1.29,-18.66,-1.52,-10.00
28,3,-1.00,-1.00,-1.00,-1.00,0.1189,1.1,0.52,1.69,11.51,0.81,16.89,-1.07,-10.00
28,3,-1.00,-1.00,-1.00,-1.00,0.1127,1.0,0.53,1.57,15.01,1.74,9.08,-1.73,-10.00
28,3,-1.00,-1.00,-1.00,-1.00,0.1091,1.1,0.51,1.64,12.63,0.83,-24.07,-1.24,-10.00
28,3,-1.00,-1.00,-1.00,-1.00,0.1066,1.1,0.58,1.66,7.73,1.07,-24.24,-1.52,-10.00
28,3,1098.77,494.24,1166.70,539.98,0.1001,1.3,0.64,1.72,8.85,1.35,35.43,-0.12,-10.00
29,3,367.27,478.64,482.16,549.10,0.6872,0.72,0.39,1.12,-4.13,0.60,13.38,2.73,-10.00
29,3,383.71,494.04,496.86,564.98,0.3078,0.75,0.45,1.16,-4.10,0.79,13.82,2.83,-10.00
29,3,-1.00,-1.00,-1.00,-1.00,0.2377,1.2,0.56,1.64,-15.32,0.41,-15.75,-0.42,-10.00
29,3,207.50,497.64,305.32,556.66,0.2246,1.2,0.66,1.67,-11.22,1.30,25.42,2.98,-10.00
29,3,-1.00,-1.00,-1.00,-1.00,0.2207,1.1,0.59,1.67,23.87,1.18,13.00,2.63,-10.00
29,3,-1.00,-1.00,-1.00,-1.00,0.1701,1.2,0.67,1.89,-16.19,0.30,14.83,0.92,-10.00
29,3,1513.83,444.74,1564.84,497.81,0.1494,1.2,0.62,1.82,17.50,0.14,30.68,1.83,-10.00
29,3,482.45,456.14,540.61,500.67,0.1230,1.4,0.51,1.76,-9.86,0.29,41.02,3.06,-10.00
29,3,-1.00,-1.00,-1.00,-1.00,0.1139,1.1,0.58,1.59,7.70,1.28,-20.64,1.56,-10.00
29,3,-1.00,-1.00,-1.00,-1.00,0.1083,1.0,0.51,1.64,11.48,0.73,16.61,-1.23,-10.00
29,3,331.26,479.92,452.40,555.29,0.1057,0.73,0.36,1.12,-4.22,0.63,12.64,2.89,-10.00
29,3,-1.00,-1.00,-1.00,-1.00,0.1056,1.1,0.54,1.72,-19.64,1.40,-4.88,2.71,-10.00
30,3,-1.00,-1.00,-1.00,-1.00,0.3030,1.1,0.47,1.58,7.62,1.14,-24.58,1.54,-10.00
30,3,-1.00,-1.00,-1.00,-1.00,0.2864,1.2,0.64,1.82,21.58,1.31,22.11,0.63,-10.00
30,3,-1.00,-1.00,-1.00,-1.00,0.2668,1.1,0.55,1.58,-24.57,0.63,28.02,2.79,-10.00
30,3,-1.00,-1.00,-1.00,-1.00,0.1585,1.2,0.59,1.64,-13.85,0.60,-21.78,-0.97,-10.00
30,3,-1.00,-1.00,-1.00,-1.00,0.1518,1.6,0.69,1.87,41.12,-0.35,4.00,1.62,-10.00
30,3,-1.00,-1.00,-1.00,-1.00,0.1199,1.0,0.51,1.68,3.67,1.85,-37.07,-1.59,-10.00
30,3,1520.44,438.03,1568.77,501.14,0.1166,1.5,0.61,1.72,17.56,0.22,30.56,-1.29,-10.00
30,3,-1.00,-1.00,-1.00,-1.00,0.1125,1.6,0.62,1.68,12.59,1.47,-41.95,-2.60,-10.00
30,3,-1.00,-1.00,-1.00,-1.00,0.1105,1.1,0.66,1.72,15.86,1.15,20.25,-1.51,-10.00
30,3,-1.00,-1.00,-1.00,-1.00,0.1049,1.2,0.52,1.48,-19.34,0.79,13.20,1.39,-10.00
30,3,-1.00,-1.00,-1.00,-1.00,0.1042,0.91,0.49,1.26,14.30,1.48,8.62,-3.14,-10.00
30,3,-1.00,-1.00,-1.00,-1.00,0.1025,0.86,0.48,1.09,-20.10,1.14,-5.27,2.81,-10.00
30,3,-1.00,-1.00,-1.00,-1.00,0.1015,1.1,0.62,1.35,-17.83,1.47,-2.94,1.91,-10.00
30,3,-1.00,-1.00,-1.00,-1.00,0.1002,1.3,0.60,1.28,-14.57,1.55,-8.66,1.98,-10.00
31,3,359.57,484.06,484.21,561.34,0.4757,0.79,0.47,1.23,-4.17,0.73,13.41,2.82,-10.00
31,3,339.31,479.55,461.46,553.22,0.4117,0.74,0.37,1.17,-4.26,0.63,13.01,2.85,-10.00
31,3,-1.00,-1.00,-1.00,-1.00,0.2384,1.1,0.48,1.65,13.04,0.68,2.57,-1.47,-10.00
31,3,-1.00,-1.00,-1.00,-1.00,0.2221,0.71,0.53,1.15,-20.15,1.19,-5.30,3.02,-10.00
31,3,-1.00,-1.00,-1.00,-1.00,0.1920,1.2,0.63,1.72,-19.21,0.76,-16.00,-2.83,-10.00
31,3,-1.00,-1.00,-1.00,-1.00,0.1896,1.1,0.60,1.69,15.95,1.06,19.70,1.17,-10.00
31,3,-1.00,-1.00,-1.00,-1.00,0.1706,0.92,0.57,1.42,-21.12,1.36,-1.72,-0.11,-10.00
31,3,-1.00,-1.00,-1.00,-1.00,0.1600,1.2,0.57,1.60,-13.91,0.37,-21.69,-0.13,-10.00
31,3,351.62,489.09,480.19,563.19,0.1566,0.72,0.44,1.19,-4.00,0.70,12.65,2.76,-10.00
31,3,638.37,417.68,671.82,496.34,0.1497,1.9,0.76,1.73,-4.10,0.11,32.15,-1.73,-10.00
31,3,-1.00,-1.00,-1.00,-1.00,0.1428,1.6,0.68,1.68,12.50,1.42,-42.18,-2.01,-10.00
31,3,-1.00,-1.00,-1.00,-1.00,0.1366,1.2,0.58,1.54,-9.39,1.04,3.47,-1.58,-10.00
31,3,-1.00,-1.00,-1.00,-1.00,0.1319,1.1,0.53,1.63,7.67,1.25,-24.68,-1.49,-10.00
31,3,187.49,492.36,293.94,551.94,0.1136,1.2,0.72,1.77,-11.41,1.18,25.15,-0.05,-10.00
31,3,-1.00,-1.00,-1.00,-1.00,0.1092,1.1,0.74,1.48,-18.02,0.83,-12.52,-2.48,-10.00
31,3,562.78,476.93,720.04,590.59,0.1004,1.0,0.48,1.37,-1.57,0.88,11.44,3.04,-10.00
31,3,-1.00,-1.00,-1.00,-1.00,0.1001,0.61,1.66,1.27,-14.18,1.25,-5.01,-3.08,-10.00
32,3,-1.00,-1.00,-1.00,-1.00,0.3807,1.1,0.51,1.70,13.03,0.81,2.56,-1.54,-10.00
32,3,363.03,489.76,485.92,564.69,0.3485,0.77,0.46,1.21,-4.14,0.76,13.41,2.83,-10.00
32,3,343.62,482.89,466.50,558.06,0.2944,0.75,0.39,1.17,-4.21,0.67,12.99,2.84,-10.00
32,3,-1.00,-1.00,-1.00,-1.00,0.1667,1.1,0.54,1.63,-22.87,0.72,6.76,-1.91,-10.00
32,3,-1.00,-1.00,-1.00,-1.00,0.1482,1.1,0.59,1.65,15.96,1.15,19.78,1.30,-10.00
32,3,617.60,477.13,748.48,567.07,0.1357,1.1,0.53,1.57,-1.70,0.95,16.22,-0.50,-10.00
32,3,-1.00,-1.00,-1.00,-1.00,0.1328,1.7,0.58,1.74,21.55,0.76,8.50,-1.82,-10.00
32,3,-1.00,-1.00,-1.00,-1.00,0.1299,0.84,0.50,1.22,-20.20,1.28,-5.29,3.00,-10.00
32,3,-1.00,-1.00,-1.00,-1.00,0.1281,1.1,0.53,1.81,2.92,1.48,-18.62,1.62,-10.00
32,3,-1.00,-1.00,-1.00,-1.00,0.1198,1.1,0.59,1.68,-17.28,0.74,17.27,1.47,-10.00
32,3,-1.00,-1.00,-1.00,-1.00,0.1177,1.2,0.62,1.77,21.58,1.33,21.82,-2.58,-10.00
32,3,509.57,478.04,663.54,577.56,0.1171,0.87,0.43,1.33,-2.08,0.76,11.45,2.89,-10.00
32,3,0.00,487.28,1.07,581.10,0.1027,1.0,0.53,1.53,-10.14,0.99,14.28,-0.04,-10.00
33,3,358.82,485.61,481.67,561.02,0.5616,0.78,0.46,1.16,-4.18,0.73,13.41,3.04,-10.00
33,3,343.62,486.43,461.57,558.22,0.3800,0.72,0.37,1.12,-4.23,0.68,13.00,2.90,-10.00
33,3,-1.00,-1.00,-1.00,-1.00,0.3385,1.1,0.49,1.71,13.04,0.56,2.57,-1.53,-10.00
33,3,526.20,465.36,694.53,568.95,0.2654,0.91,0.42,1.46,-1.85,0.69,11.43,2.96,-10.00
33,3,-1.00,-1.00,-1.00,-1.00,0.2289,0.94,0.48,1.29,-20.25,1.26,-5.34,2.97,-10.00
33,3,-1.00,-1.00,-1.00,-1.00,0.1974,1.7,0.57,1.77,21.49,0.71,8.91,-1.82,-10.00
33,3,531.87,472.04,622.00,528.91,0.1947,1.2,0.55,1.80,-4.97,0.77,26.28,-0.23,-10.00
33,3,-1.00,-1.00,-1.00,-1.00,0.1894,1.1,0.52,1.71,-29.20,0.29,15.66,-2.91,-10.00
33,3,-1.00,-1.00,-1.00,-1.00,0.1716,1.1,0.53,1.57,11.27,0.80,-13.70,-1.60,-10.00
33,3,-1.00,-1.00,-1.00,-1.00,0.1703,1.1,0.63,1.67,16.03,1.15,19.40,0.96,-10.00
33,3,482.07,456.42,538.86,491.10,0.1582,1.1,0.50,1.69,-9.82,-0.02,40.69,-3.04,-10.00
33,3,491.87,464.89,542.74,496.67,0.1334,1.0,0.58,1.49,-9.69,0.16,41.07,-2.94,-10.00
33,3,-1.00,-1.00,-1.00,-1.00,0.1327,1.2,0.51,1.58,-13.93,0.45,-21.70,-0.17,-10.00
33,3,328.06,486.88,449.50,563.10,0.1242,0.74,0.38,1.12,-4.26,0.71,12.66,2.89,-10.00
33,3,-1.00,-1.00,-1.00,-1.00,0.1167,1.1,0.64,1.65,-22.16,0.82,-14.68,-1.20,-10.00
33,3,243.87,502.07,339.84,563.15,0.1134,1.2,0.58,1.69,-10.53,1.43,25.48,-0.21,-10.00
33,3,-1.00,-1.00,-1.00,-1.00,0.1107,1.1,0.53,1.67,-13.50,0.48,-21.34,1.44,-10.00
33,3,-1.00,-1.00,-1.00,-1.00,0.1005,1.2,0.58,1.69,7.69,1.21,-24.69,1.71,-10.00
34,3,352.02,489.41,459.42,552.40,0.6971,0.63,0.37,1.03,-4.20,0.62,12.98,2.85,-10.00
34,3,363.28,494.59,481.31,564.26,0.3126,0.72,0.45,1.16,-4.15,0.76,13.40,2.86,-10.00
34,3,-1.00,-1.00,-1.00,-1.00,0.2943,1.1,0.47,1.60,13.05,0.60,2.22,-1.65,-10.00
34,3,-1.00,-1.00,-1.00,-1.00,0.2530,0.57,1.36,1.39,-5.64,1.34,-0.83,-2.79,-10.00
34,3,-1.00,-1.00,-1.00,-1.00,0.2483,1.1,0.59,1.54,-19.37,0.76,17.53,2.63,-10.00
34,3,-1.00,-1.00,-1.00,-1.00,0.2280,1.1,0.62,1.73,-24.30,0.80,27.93,3.03,-10.00
34,3,-1.00,-1.00,-1.00,-1.00,0.1968,1.1,0.55,1.73,20.96,0.85,3.03,2.98,-10.00
34,3,1105.52,487.76,1169.70,535.51,0.1864,1.3,0.73,1.63,8.88,1.20,35.03,-3.05,-10.00
34,3,-1.00,-1.00,-1.00,-1.00,0.1543,1.1,0.58,1.68,-22.40,1.38,-2.16,2.90,-10.00
34,3,466.19,505.52,540.91,561.22,0.1458,1.2,0.60,1.56,-6.85,1.52,27.77,-0.25,-10.00
34,3,-1.00,-1.00,-1.00,-1.00,0.1369,1.5,0.54,1.61,21.39,0.68,9.38,-1.80,-10.00
34,3,-1.00,-1.00,-1.00,-1.00,0.1366,1.2,0.54,1.69,-19.86,0.93,20.75,-2.73,-10.00
34,3,0.00,463.71,137.99,603.99,0.1278,1.0,0.62,1.60,-6.23,0.83,10.00,-1.34,-10.00
34,3,322.97,490.17,444.02,560.52,0.1268,0.68,0.37,1.12,-4.30,0.68,12.63,2.84,-10.00
34,3,-1.00,-1.00,-1.00,-1.00,0.1170,1.1,0.51,1.65,-13.71,0.86,15.84,-1.61,-10.00
34,3,-1.00,-1.00,-1.00,-1.00,0.1169,1.1,0.53,1.63,13.38,0.62,2.17,-2.93,-10.00
34,3,-1.00,-1.00,-1.00,-1.00,0.1145,1.4,0.53,1.62,-9.47,1.12,-23.63,-1.28,-10.00
34,3,-1.00,-1.00,-1.00,-1.00,0.1124,1.2,0.54,1.56,-13.89,0.50,-21.37,1.10,-10.00
34,3,-1.00,-1.00,-1.00,-1.00,0.1068,1.3,0.61,1.70,-17.87,1.02,-12.71,-2.00,-10.00
35,3,325.65,488.01,448.90,559.10,0.5653,0.69,0.38,1.13,-4.25,0.66,12.60,2.88,-10.00
35,3,-1.00,-1.00,-1.00,-1.00,0.3339,1.3,0.60,1.60,-20.34,1.15,20.68,-0.11,-10.00
35,3,344.70,493.07,470.81,567.80,0.3115,0.74,0.47,1.20,-4.19,0.77,12.98,2.78,-10.00
35,3,-1.00,-1.00,-1.00,-1.00,0.2114,1.8,0.77,1.84,37.58,1.04,23.39,2.98,-10.00
35,3,-1.00,-1.00,-1.00,-1.00,0.1974,1.1,0.59,1.68,-11.91,0.79,-27.94,2.16,-10.00
35,3,-1.00,-1.00,-1.00,-1.00,0.1929,1.1,0.57,1.59,-24.08,0.65,27.55,2.73,-10.00
35,3,-1.00,-1.00,-1.00,-1.00,0.1596,1.1,0.54,1.65,6.89,1.21,-28.74,1.43,-10.00
35,3,-1.00,-1.00,-1.00,-1.00,0.1563,1.1,0.58,1.66,-22.60,0.67,-14.95,2.91,-10.00
35,3,-1.00,-1.00,-1.00,-1.00,0.1477,1.1,0.65,1.73,-11.64,0.92,13.88,-3.00,-10.00
35,3,-1.00,-1.00,-1.00,-1.00,0.1421,1.8,0.77,1.97,20.94,0.86,9.39,-2.56,-10.00
35,3,1110.68,484.30,1174.98,532.10,0.1363,1.3,0.71,1.62,8.92,1.10,34.64,-3.03,-10.00
35,3,-1.00,-1.00,-1.00,-1.00,0.1286,1.2,0.59,1.44,13.07,0.65,1.87,-1.71,-10.00
35,3,451.03,463.81,579.07,547.61,0.1281,1.1,0.55,1.64,-4.04,0.75,17.08,2.96,-10.00
35,3,-1.00,-1.00,-1.00,-1.00,0.1148,1.1,0.56,1.57,-13.72,0.89,15.75,-1.66,-10.00
35,3,-1.00,-1.00,-1.00,-1.00,0.1027,1.0,0.70,1.42,-22.11,0.67,11.54,-3.04,-10.00
35,3,-1.00,-1.00,-1.00,-1.00,0.1018,1.7,0.67,1.80,8.81,1.07,-40.59,-2.64,-10.00
35,3,-1.00,-1.00,-1.00,-1.00,0.1014,1.0,0.54,1.61,-19.56,0.74,17.14,2.67,-10.00
36,3,290.54,507.57,422.62,586.13,0.4949,0.71,0.40,1.09,-4.27,0.87,11.80,3.01,-10.00
36,3,317.93,506.73,447.95,587.77,0.4070,0.76,0.40,1.11,-4.16,0.91,12.21,3.06,-10.00
36,3,269.28,514.15,408.61,596.03,0.2107,0.72,0.40,1.10,-4.29,0.93,11.43,3.04,-10.00
36,3,93.96,485.73,229.46,562.05,0.1771,1.1,0.59,1.63,-9.46,1.01,18.35,3.01,-10.00
36,3,-1.00,-1.00,-1.00,-1.00,0.1742,1.1,0.39,1.50,-1.89,2.13,-21.43,-1.64,-10.00
36,3,307.42,499.92,451.45,585.05,0.1619,0.93,0.46,1.45,-4.89,1.03,14.22,-0.01,-10.00
36,3,-1.00,-1.00,-1.00,-1.00,0.1525,1.1,0.54,1.68,-16.93,0.95,15.88,-2.94,-10.00
36,3,493.38,449.10,524.90,492.67,0.1388,1.6,0.64,1.90,-11.92,0.03,49.21,1.64,-10.00
36,3,-1.00,-1.00,-1.00,-1.00,0.1374,1.5,0.63,1.74,-13.49,0.75,-23.44,1.63,-10.00
36,3,-1.00,-1.00,-1.00,-1.00,0.1162,1.2,0.61,1.79,-26.57,1.22,5.50,-1.50,-10.00
36,3,-1.00,-1.00,-1.00,-1.00,0.1151,1.0,0.53,1.73,15.89,0.85,18.86,-1.76,-10.00
36,3,621.95,459.72,649.30,502.09,0.1109,1.2,0.55,1.66,-5.22,0.30,36.68,-1.57,-10.00
36,3,-1.00,-1.00,-1.00,-1.00,0.1095,1.8,0.79,1.73,20.56,0.59,9.35,0.58,-10.00
36,3,-1.00,-1.00,-1.00,-1.00,0.1057,1.2,0.62,1.64,-11.74,0.68,14.78,-1.71,-10.00
36,3,-1.00,-1.00,-1.00,-1.00,0.1054,0.96,0.46,1.30,-15.16,0.21,-17.32,3.03,-10.00
36,3,605.97,460.51,637.59,500.90,0.1003,1.1,0.57,1.71,-5.63,0.26,36.70,1.61,-10.00
37,3,220.35,524.08,366.97,605.92,0.4609,0.68,0.43,1.15,-4.53,0.97,11.02,2.79,-10.00
37,3,-1.00,-1.00,-1.00,-1.00,0.1769,1.1,0.51,1.40,-25.61,2.04,24.77,-0.27,-10.00
37,3,202.92,477.06,315.29,542.66,0.1425,0.89,0.47,1.33,-7.70,0.70,17.52,3.09,-10.00
37,3,-1.00,-1.00,-1.00,-1.00,0.1397,1.3,0.58,1.91,24.28,0.13,7.01,-1.69,-10.00
37,3,-1.00,-1.00,-1.00,-1.00,0.1288,1.1,0.55,1.55,-17.38,1.24,14.62,-3.02,-10.00
37,3,-1.00,-1.00,-1.00,-1.00,0.1220,1.1,0.56,1.84,17.62,0.17,-5.06,-2.72,-10.00
37,3,-1.00,-1.00,-1.00,-1.00,0.1166,1.1,0.48,1.58,12.71,0.35,0.65,-1.30,-10.00
37,3,177.22,519.01,328.74,601.92,0.1051,0.67,0.39,1.12,-4.70,0.90,10.61,2.81,-10.00
37,3,607.18,432.06,743.24,598.25,0.1035,1.9,0.77,1.41,-1.67,1.23,15.12,0.28,-10.00
37,3,367.67,500.12,469.57,562.78,0.1026,1.1,0.59,1.73,-7.36,1.31,23.51,-0.18,-10.00
38,3,10.48,552.37,192.13,660.12,0.2146,0.75,0.44,1.13,-5.30,1.21,9.45,2.73,-10.00
38,3,-1.00,-1.00,-1.00,-1.00,0.1793,1.1,0.49,1.50,-9.21,-0.24,-23.27,-2.84,-10.00
38,3,-1.00,-1.00,-1.00,-1.00,0.1248,1.2,0.52,1.51,-15.32,1.66,10.99,1.13,-10.00
38,3,-1.00,-1.00,-1.00,-1.00,0.1132,1.1,0.71,1.66,22.78,1.85,34.17,-1.35,-10.00
38,3,-1.00,-1.00,-1.00,-1.00,0.1082,1.1,0.54,1.59,-21.07,1.32,-8.90,3.10,-10.00
38,3,-1.00,-1.00,-1.00,-1.00,0.1029,1.3,0.60,1.66,-27.52,2.02,21.62,2.85,-10.00
39,3,-1.00,-1.00,-1.00,-1.00,0.1596,1.0,0.50,1.74,16.20,0.71,5.83,1.46,-10.00
39,3,324.81,567.43,418.21,690.12,0.1567,1.1,0.58,1.56,-4.62,1.96,13.24,-1.69,-10.00
39,3,-1.00,-1.00,-1.00,-1.00,0.1519,1.1,0.42,1.54,-21.89,3.52,14.26,2.70,-10.00
39,3,-1.00,-1.00,-1.00,-1.00,0.1501,1.0,0.49,1.71,12.25,0.56,0.35,-1.49,-10.00
39,3,-1.00,-1.00,-1.00,-1.00,0.1457,1.1,0.53,1.58,-7.04,-0.31,-19.78,1.37,-10.00
39,3,823.99,554.58,892.62,601.31,0.1340,1.1,0.50,1.65,1.04,2.66,31.04,0.08,-10.00
39,3,824.05,552.63,867.99,605.21,0.1299,1.2,0.60,1.85,0.72,2.75,31.39,-1.82,-10.00
39,3,-1.00,-1.00,-1.00,-1.00,0.1075,0.74,0.46,1.20,-6.50,1.28,7.05,2.65,-10.00
39,3,-1.00,-1.00,-1.00,-1.00,0.1064,1.5,0.67,1.48,-7.90,-0.46,-28.95,-1.64,-10.00
39,3,-1.00,-1.00,-1.00,-1.00,0.1007,1.2,0.56,1.59,-21.80,3.53,13.94,-1.64,-10.00
40,3,-1.00,-1.00,-1.00,-1.00,0.6284,1.1,0.70,1.72,-7.68,-0.24,-34.95,-2.71,-10.00
40,3,644.46,540.75,671.89,579.49,0.2452,1.0,0.51,1.55,-4.52,2.48,36.27,1.62,-10.00
40,3,-1.00,-1.00,-1.00,-1.00,0.1832,0.99,0.46,1.31,-19.48,1.01,23.86,2.52,-10.00
40,3,-1.00,-1.00,-1.00,-1.00,0.1308,1.1,0.54,1.70,-21.77,2.86,15.49,1.42,-10.00
40,3,-1.00,-1.00,-1.00,-1.00,0.1298,1.6,0.71,1.63,36.70,1.25,33.70,-0.07,-10.00
40,3,-1.00,-1.00,-1.00,-1.00,0.1273,1.1,0.52,1.58,-13.19,-0.11,-28.88,-0.02,-10.00
