0,3,1042.70,498.70,1094.31,550.66,0.1014,1.0,0.56,1.58,4.88,1.62,25.35,-1.68,-10.00
1,3,-1.00,-1.00,-1.00,-1.00,0.1726,1.1,0.50,1.51,-8.10,1.67,2.30,-1.67,-10.00
1,3,691.67,477.70,711.11,517.39,0.1621,1.5,0.61,1.31,-4.86,1.83,48.73,1.58,-10.00
1,3,699.94,482.20,717.51,527.62,0.1128,1.7,0.60,1.77,-4.53,2.20,48.12,1.44,-10.00
1,3,990.04,490.14,1038.78,543.53,0.1101,1.1,0.60,1.84,4.09,1.60,27.41,1.47,-10.00
1,3,-1.00,-1.00,-1.00,-1.00,0.1066,1.1,0.53,1.55,-8.20,1.69,3.37,-1.57,-10.00
2,3,834.07,425.74,864.01,484.61,0.3917,2.0,0.79,1.67,0.80,0.49,45.28,-1.72,-10.00
2,3,-1.00,-1.00,-1.00,-1.00,0.2411,1.2,0.53,1.54,-8.54,1.80,0.62,1.52,-10.00
2,3,969.74,494.40,1005.38,546.42,0.1361,1.0,0.51,1.67,3.30,1.57,25.81,1.58,-10.00
2,3,785.32,434.67,812.49,493.50,0.1283,2.0,0.71,1.97,-0.99,0.81,45.22,-1.46,-10.00
2,3,-1.00,-1.00,-1.00,-1.00,0.1140,1.2,0.53,1.48,-8.02,-0.40,-15.13,1.54,-10.00
2,3,-1.00,-1.00,-1.00,-1.00,0.1137,0.91,0.58,1.71,5.84,1.41,-0.93,1.01,-10.00
2,3,-1.00,-1.00,-1.00,-1.00,0.1024,1.1,0.61,1.67,-7.63,0.05,-33.46,2.10,-10.00
2,3,-1.00,-1.00,-1.00,-1.00,0.1007,1.0,0.58,1.65,6.65,1.48,-25.66,1.52,-10.00
3,3,1025.17,497.04,1112.70,571.19,0.3277,1.1,0.56,1.62,3.58,1.48,18.66,1.27,-10.00
3,3,-1.00,-1.00,-1.00,-1.00,0.1665,1.1,0.54,1.59,-8.58,1.68,-1.85,-1.68,-10.00
4,3,-1.00,-1.00,-1.00,-1.00,0.2950,1.0,0.43,1.42,-14.26,1.76,0.29,-1.62,-10.00
5,3,-1.00,-1.00,-1.00,-1.00,0.1557,1.1,0.55,1.56,-24.64,1.84,1.36,-0.63,-10.00
6,3,1143.37,504.34,1291.38,626.63,0.1349,1.2,0.51,1.57,3.98,1.55,12.89,-1.99,-10.00
6,3,-1.00,-1.00,-1.00,-1.00,0.1267,1.3,0.59,1.75,-12.66,0.44,-38.98,-1.62,-10.00
6,3,-1.00,-1.00,-1.00,-1.00,0.1208,1.1,0.56,1.66,-24.68,1.84,0.16,2.71,-10.00
8,3,-1.00,-1.00,-1.00,-1.00,0.1809,1.1,0.51,1.54,-24.84,1.56,-1.44,2.78,-10.00
8,3,-1.00,-1.00,-1.00,-1.00,0.1136,0.87,0.55,1.47,-9.95,1.91,8.29,-3.02,-10.00
8,3,-1.00,-1.00,-1.00,-1.00,0.1013,2.4,0.80,2.41,46.17,0.32,-3.85,0.05,-10.00
9,3,1247.24,500.95,1286.33,565.82,0.1055,1.2,0.50,1.66,8.43,1.82,24.03,1.80,-10.00
10,3,421.79,508.39,457.62,571.48,0.1676,1.2,0.61,1.70,-7.54,1.95,24.37,1.24,-10.00
12,3,-1.00,-1.00,-1.00,-1.00,0.1409,1.2,0.60,1.65,-17.49,-0.47,-25.14,-0.31,-10.00
12,3,-1.00,-1.00,-1.00,-1.00,0.1204,1.2,0.65,1.46,-15.73,1.81,7.24,-1.43,-10.00
13,3,-1.00,-1.00,-1.00,-1.00,0.1681,1.2,0.66,1.77,-8.42,1.38,-17.39,1.62,-10.00
13,3,-1.00,-1.00,-1.00,-1.00,0.1455,1.1,0.52,1.71,0.98,1.43,-34.73,-1.62,-10.00
13,3,850.06,516.02,885.25,567.16,0.1201,1.1,0.57,1.59,0.92,2.12,27.64,1.73,-10.00
14,3,890.61,468.33,946.35,503.78,0.1777,1.2,0.59,1.90,3.23,1.17,43.96,0.15,-10.00
14,3,-1.00,-1.00,-1.00,-1.00,0.1763,1.1,0.79,1.91,26.42,1.18,2.70,0.26,-10.00
14,3,1508.02,567.03,1600.00,767.72,0.1409,1.1,0.43,1.55,4.71,1.69,7.77,-1.33,-10.00
14,3,-1.00,-1.00,-1.00,-1.00,0.1266,1.1,0.49,1.61,-30.70,1.73,-3.88,0.56,-10.00
15,3,-1.00,-1.00,-1.00,-1.00,0.1319,1.1,0.71,1.81,26.42,1.14,2.67,0.32,-10.00
15,3,-1.00,-1.00,-1.00,-1.00,0.1181,1.2,0.53,1.72,-9.00,0.94,-40.64,-0.20,-10.00
16,3,-1.00,-1.00,-1.00,-1.00,0.1241,1.1,0.54,1.64,-30.69,1.68,-4.67,0.63,-10.00
16,3,-1.00,-1.00,-1.00,-1.00,0.1163,1.1,0.54,1.58,-19.43,1.05,-11.61,2.49,-10.00
16,3,893.86,476.87,950.40,510.40,0.1048,1.1,0.53,1.93,3.31,1.39,43.49,0.07,-10.00
17,3,959.78,474.85,1014.67,512.85,0.1608,1.3,0.62,1.81,5.52,1.45,43.03,0.21,-10.00
17,3,-1.00,-1.00,-1.00,-1.00,0.1214,1.2,0.59,1.61,-10.38,1.32,-18.92,-1.41,-10.00
17,3,-1.00,-1.00,-1.00,-1.00,0.1112,1.2,0.72,1.88,26.34,1.24,0.72,0.34,-10.00
19,3,-1.00,-1.00,-1.00,-1.00,0.1185,1.1,0.54,1.45,-25.90,1.03,-3.18,-2.98,-10.00
20,3,750.86,470.82,778.98,508.88,0.1099,1.2,0.66,1.80,-2.07,1.29,42.27,1.68,-10.00
21,3,-1.00,-1.00,-1.00,-1.00,0.3126,0.97,0.52,1.56,-9.36,1.43,-2.05,0.14,-10.00
21,3,-1.00,-1.00,-1.00,-1.00,0.1102,0.97,0.45,1.45,-27.63,0.73,0.93,-2.94,-10.00
21,3,-1.00,-1.00,-1.00,-1.00,0.1016,1.1,0.76,1.86,26.13,1.23,-5.66,0.10,-10.00
22,3,-1.00,-1.00,-1.00,-1.00,0.2585,1.0,0.56,1.64,-9.38,1.55,-4.20,-2.98,-10.00
22,3,-1.00,-1.00,-1.00,-1.00,0.1103,1.1,0.51,1.43,-14.97,1.28,-1.22,-3.06,-10.00
24,3,-1.00,-1.00,-1.00,-1.00,0.2211,1.0,0.42,1.54,15.77,-0.40,-9.90,-1.45,-10.00
24,3,1407.39,493.94,1484.58,569.71,0.1180,1.1,0.52,1.68,9.30,1.48,18.87,-1.42,-10.00
25,3,-1.00,-1.00,-1.00,-1.00,0.2821,1.1,0.50,1.82,16.03,-0.36,-11.87,-1.36,-10.00
25,3,-1.00,-1.00,-1.00,-1.00,0.1334,1.7,0.66,1.77,16.06,0.75,20.86,-0.08,-10.00
25,3,1446.58,516.14,1600.00,603.34,0.1202,1.1,0.67,1.64,9.20,1.74,16.57,0.18,-10.00
25,3,529.64,540.11,556.11,577.20,0.1018,1.4,0.71,1.75,-11.23,4.22,49.64,1.53,-10.00
26,3,-1.00,-1.00,-1.00,-1.00,0.2921,1.0,0.47,1.68,7.66,1.38,-3.65,-1.58,-10.00
26,3,-1.00,-1.00,-1.00,-1.00,0.1517,1.2,0.54,1.88,-16.47,1.12,-23.99,1.55,-10.00
26,3,1116.12,483.97,1154.93,528.57,0.1492,1.1,0.60,1.77,8.22,1.55,33.40,1.59,-10.00
26,3,850.03,491.71,919.73,539.01,0.1445,1.0,0.46,1.46,1.25,1.48,27.06,-0.05,-10.00
26,3,-1.00,-1.00,-1.00,-1.00,0.1335,1.0,0.34,1.27,-10.29,1.36,-16.02,-1.43,-10.00
26,3,-1.00,-1.00,-1.00,-1.00,0.1110,1.7,0.75,1.46,18.27,-0.77,-25.47,1.46,-10.00
28,3,-1.00,-1.00,-1.00,-1.00,0.2641,0.86,0.94,1.40,-8.21,1.54,-18.12,-3.11,-10.00
28,3,-1.00,-1.00,-1.00,-1.00,0.2633,1.1,0.52,1.53,10.63,0.95,-1.07,-1.60,-10.00
28,3,-1.00,-1.00,-1.00,-1.00,0.2217,1.1,0.66,1.78,22.66,0.86,-3.20,-1.08,-10.00
28,3,76.01,459.32,192.21,553.24,0.1664,1.1,0.53,1.67,-8.80,1.05,15.99,-1.57,-10.00
28,3,-1.00,-1.00,-1.00,-1.00,0.1633,1.1,0.67,1.78,12.32,-1.20,-36.63,2.44,-10.00
28,3,-1.00,-1.00,-1.00,-1.00,0.1285,1.0,0.44,1.74,17.31,0.51,-1.91,-1.56,-10.00
29,3,-1.00,-1.00,-1.00,-1.00,0.2490,1.1,0.62,1.67,22.23,1.06,-4.97,1.46,-10.00
29,3,-1.00,-1.00,-1.00,-1.00,0.1702,1.0,0.54,1.56,10.63,1.06,-2.40,-1.62,-10.00
29,3,-1.00,-1.00,-1.00,-1.00,0.1682,1.7,0.69,2.09,-1.66,-2.18,-51.03,1.41,-10.00
29,3,-1.00,-1.00,-1.00,-1.00,0.1130,1.2,0.43,1.41,7.87,1.49,10.10,1.72,-10.00
29,3,-1.00,-1.00,-1.00,-1.00,0.1069,1.2,0.61,1.73,10.30,0.94,9.68,-1.75,-10.00
30,3,-1.00,-1.00,-1.00,-1.00,0.2629,1.1,0.50,1.77,9.15,1.12,-3.46,-3.00,-10.00
30,3,-1.00,-1.00,-1.00,-1.00,0.2593,0.99,0.48,1.48,12.80,0.91,9.71,1.52,-10.00
31,3,138.33,456.17,209.31,545.00,0.1098,1.1,0.56,1.74,-8.80,1.01,16.94,1.25,-10.00
31,3,-1.00,-1.00,-1.00,-1.00,0.1010,1.1,0.45,1.78,11.42,0.39,1.77,1.55,-10.00
32,3,-1.00,-1.00,-1.00,-1.00,0.1853,1.1,0.59,1.73,16.00,1.10,8.51,1.89,-10.00
32,3,-1.00,-1.00,-1.00,-1.00,0.1355,1.2,0.57,1.65,10.30,1.31,7.05,-1.64,-10.00
32,3,718.52,478.97,782.33,529.78,0.1109,1.5,0.69,1.87,-2.29,1.80,37.87,-3.13,-10.00
32,3,-1.00,-1.00,-1.00,-1.00,0.1078,1.1,0.43,1.66,12.78,1.06,8.41,1.57,-10.00
33,3,-1.00,-1.00,-1.00,-1.00,0.3411,1.2,0.59,1.75,10.29,1.17,6.43,1.47,-10.00
33,3,-1.00,-1.00,-1.00,-1.00,0.1733,1.0,0.65,1.78,16.29,1.00,8.41,1.92,-10.00
33,3,-1.00,-1.00,-1.00,-1.00,0.1451,1.2,0.61,1.84,21.95,0.40,10.43,-1.52,-10.00
35,3,384.43,514.21,458.10,560.45,0.2289,1.1,0.63,1.60,-9.53,2.12,29.51,-0.24,-10.00
35,3,-1.00,-1.00,-1.00,-1.00,0.1772,1.0,0.53,1.78,16.26,1.08,7.95,1.90,-10.00
35,3,-1.00,-1.00,-1.00,-1.00,0.1473,1.0,0.43,1.72,21.91,0.28,8.74,1.51,-10.00
36,3,-1.00,-1.00,-1.00,-1.00,0.2008,1.1,0.52,1.79,16.22,0.98,7.96,1.87,-10.00
36,3,-1.00,-1.00,-1.00,-1.00,0.1400,1.5,0.70,1.37,-8.19,1.16,-48.27,1.34,-10.00
36,3,802.59,446.92,823.59,493.26,0.1167,1.7,0.58,1.75,-0.53,0.89,49.78,-1.44,-10.00
36,3,-1.00,-1.00,-1.00,-1.00,0.1122,1.1,0.51,1.59,11.35,1.44,6.11,2.81,-10.00
37,3,-1.00,-1.00,-1.00,-1.00,0.1424,1.1,0.48,1.63,21.93,0.30,8.93,1.42,-10.00
37,3,381.11,526.06,425.93,573.90,0.1291,1.1,0.56,1.67,-9.83,2.39,29.15,1.51,-10.00
37,3,802.09,450.91,826.37,495.11,0.1147,1.7,0.60,1.88,-0.48,0.96,49.83,-1.39,-10.00
37,3,-1.00,-1.00,-1.00,-1.00,0.1070,1.1,0.57,1.77,16.26,1.10,7.96,1.94,-10.00
37,3,48.50,472.96,168.56,570.48,0.1006,1.1,0.55,1.78,-8.83,1.22,15.48,1.50,-10.00
38,3,-1.00,-1.00,-1.00,-1.00,0.1851,1.1,0.46,1.74,21.88,0.32,8.87,-1.66,-10.00
38,3,-1.00,-1.00,-1.00,-1.00,0.1100,1.1,0.55,1.62,11.41,1.20,6.13,2.75,-10.00
39,3,-1.00,-1.00,-1.00,-1.00,0.1718,1.1,0.44,1.74,21.88,0.26,8.90,-1.68,-10.00
39,3,-1.00,-1.00,-1.00,-1.00,0.1501,1.0,0.46,1.73,-8.82,1.03,10.37,-1.59,-10.00
39,3,-1.00,-1.00,-1.00,-1.00,0.1178,1.5,0.66,1.57,-8.20,1.32,-48.14,1.23,-10.00
40,3,980.08,515.37,1015.38,551.94,0.1902,1.2,0.63,1.65,5.54,2.65,40.64,1.39,-10.00
40,3,-1.00,-1.00,-1.00,-1.00,0.1594,1.1,0.51,1.59,11.35,1.33,6.12,2.77,-10.00
40,3,-1.00,-1.00,-1.00,-1.00,0.1389,1.8,0.75,1.46,18.34,1.29,6.74,-0.37,-10.00
40,3,-1.00,-1.00,-1.00,-1.00,0.1209,1.0,0.47,1.75,21.88,0.21,8.69,1.45,-10.00
