0,7,-1.00,-1.00,-1.00,-1.00,0.8362,3.2,2.61,6.67,-28.52,1.75,-15.61,0.05,-10.00
0,7,-1.00,-1.00,-1.00,-1.00,0.8286,3.2,2.68,7.73,-12.85,1.14,-15.57,0.09,-10.00
0,7,-1.00,-1.00,-1.00,-1.00,0.7657,3.6,2.73,8.06,28.91,-0.14,-25.63,-0.18,-10.00
0,7,-1.00,-1.00,-1.00,-1.00,0.5643,3.8,3.04,10.95,-7.93,0.05,-36.20,0.27,-10.00
0,7,-1.00,-1.00,-1.00,-1.00,0.5325,2.7,2.59,6.88,16.68,1.29,-1.41,3.04,-10.00
0,7,-1.00,-1.00,-1.00,-1.00,0.4038,3.3,2.78,6.99,-17.55,2.14,-3.57,3.09,-10.00
0,7,-1.00,-1.00,-1.00,-1.00,0.2974,1.9,2.12,5.69,-5.89,1.16,-12.34,-0.55,-10.00
0,7,-1.00,-1.00,-1.00,-1.00,0.2513,1.9,2.11,6.05,5.29,0.75,-35.93,3.00,-10.00
0,7,-1.00,-1.00,-1.00,-1.00,0.2372,3.8,2.98,8.88,-16.25,-0.29,-41.95,1.71,-10.00
0,7,-1.00,-1.00,-1.00,-1.00,0.2341,3.7,3.01,9.14,25.08,-0.21,-32.84,1.44,-10.00
0,7,-1.00,-1.00,-1.00,-1.00,0.2255,3.6,2.83,5.93,-45.05,1.47,15.28,0.23,-10.00
0,7,309.69,459.50,470.76,595.30,0.2084,3.4,2.74,6.54,-11.78,3.28,34.47,1.47,-10.00
0,7,-1.00,-1.00,-1.00,-1.00,0.1932,2.7,2.41,5.81,36.52,0.17,-10.88,3.12,-10.00
0,7,-1.00,-1.00,-1.00,-1.00,0.1679,3.6,3.11,8.96,-31.54,3.38,37.68,-1.76,-10.00
0,7,-1.00,-1.00,-1.00,-1.00,0.1661,3.6,2.90,9.17,27.39,-0.06,-29.28,-0.13,-10.00
0,7,-1.00,-1.00,-1.00,-1.00,0.1576,3.5,2.86,7.78,-14.01,-0.62,-38.81,0.15,-10.00
0,7,-1.00,-1.00,-1.00,-1.00,0.1419,3.4,2.85,7.06,42.67,0.28,-5.86,1.33,-10.00
0,7,-1.00,-1.00,-1.00,-1.00,0.1364,2.1,2.16,5.51,-0.30,0.48,-38.27,-1.59,-10.00
0,7,-1.00,-1.00,-1.00,-1.00,0.1338,2.2,2.26,5.90,24.95,-0.59,-45.52,-0.50,-10.00
0,7,1145.98,371.81,1600.00,619.35,0.1322,2.5,2.51,6.59,7.13,1.71,16.31,1.24,-10.00
0,7,-1.00,-1.00,-1.00,-1.00,0.1322,1.9,2.11,5.59,7.69,0.53,-36.85,-1.72,-10.00
0,7,-1.00,-1.00,-1.00,-1.00,0.1225,2.4,2.48,5.98,29.08,1.26,6.26,-1.30,-10.00
0,7,-1.00,-1.00,-1.00,-1.00,0.1207,3.1,2.60,6.29,-33.93,3.46,32.96,-1.76,-10.00
0,7,-1.00,-1.00,-1.00,-1.00,0.1201,3.4,2.92,7.03,-47.57,2.76,-3.61,-0.37,-10.00
0,7,-1.00,-1.00,-1.00,-1.00,0.1189,4.2,3.19,9.40,18.94,1.01,9.21,1.33,-10.00
0,7,-1.00,-1.00,-1.00,-1.00,0.1182,1.9,2.12,5.18,-22.16,1.66,-19.18,-0.09,-10.00
0,7,-1.00,-1.00,-1.00,-1.00,0.1156,3.6,2.80,8.57,30.18,0.05,-28.60,-1.62,-10.00
0,7,-1.00,-1.00,-1.00,-1.00,0.1122,2.6,2.54,6.44,27.38,-0.03,-21.56,3.00,-10.00
0,7,-1.00,-1.00,-1.00,-1.00,0.1091,2.1,2.28,5.82,44.46,-0.37,-11.76,-3.13,-10.00
0,7,-1.00,-1.00,-1.00,-1.00,0.1080,2.3,2.33,6.79,-28.52,1.17,-18.94,-0.01,-10.00
1,7,-1.00,-1.00,-1.00,-1.00,0.8957,3.7,2.74,7.48,26.71,-0.08,-30.27,-0.09,-10.00
1,7,-1.00,-1.00,-1.00,-1.00,0.8761,3.9,2.99,8.18,-43.93,2.45,15.64,-0.23,-10.00
1,7,-1.00,-1.00,-1.00,-1.00,0.8238,3.5,2.74,7.94,-11.49,0.84,-17.65,0.18,-10.00
1,7,-1.00,-1.00,-1.00,-1.00,0.7846,4.0,2.84,7.91,-9.59,-0.16,-38.44,0.31,-10.00
1,7,-1.00,-1.00,-1.00,-1.00,0.7729,3.2,2.69,6.93,-28.44,1.36,-15.96,0.03,-10.00
1,7,-1.00,-1.00,-1.00,-1.00,0.6779,3.8,2.82,8.25,-18.69,1.92,-5.05,3.11,-10.00
1,7,-1.00,-1.00,-1.00,-1.00,0.5750,3.0,2.61,6.71,16.17,1.27,-5.35,3.10,-10.00
1,7,-1.00,-1.00,-1.00,-1.00,0.4006,3.5,2.82,8.21,24.63,-0.15,-33.86,-0.07,-10.00
1,7,-1.00,-1.00,-1.00,-1.00,0.2811,3.6,2.94,8.56,22.20,-0.54,-37.06,1.56,-10.00
1,7,-1.00,-1.00,-1.00,-1.00,0.2791,3.6,2.93,8.61,-19.26,-0.88,-42.50,1.78,-10.00
1,7,-1.00,-1.00,-1.00,-1.00,0.1674,2.0,2.20,5.87,29.68,1.11,-50.06,-1.83,-10.00
1,7,-1.00,-1.00,-1.00,-1.00,0.1600,2.0,2.16,5.68,4.05,0.04,-40.38,1.34,-10.00
1,7,-1.00,-1.00,-1.00,-1.00,0.1568,2.1,2.20,5.72,20.82,-1.06,-50.95,0.08,-10.00
1,7,-1.00,-1.00,-1.00,-1.00,0.1546,3.3,2.86,8.45,-33.39,1.92,-5.77,3.12,-10.00
1,7,-1.00,-1.00,-1.00,-1.00,0.1512,3.3,2.86,7.83,-46.23,2.51,17.92,-1.70,-10.00
1,7,-1.00,-1.00,-1.00,-1.00,0.1480,2.5,2.46,6.21,-42.63,2.72,37.62,-0.12,-10.00
1,7,-1.00,-1.00,-1.00,-1.00,0.1460,2.3,2.43,6.36,-30.97,3.53,31.83,1.50,-10.00
1,7,-1.00,-1.00,-1.00,-1.00,0.1439,2.1,2.20,5.79,36.39,-0.12,-16.23,-3.06,-10.00
1,7,0.00,453.86,20.29,599.29,0.1432,3.8,2.99,7.01,-27.07,3.49,34.98,-0.08,-10.00
1,7,-1.00,-1.00,-1.00,-1.00,0.1427,3.3,2.90,6.38,-44.29,2.52,43.82,-0.26,-10.00
1,7,-1.00,-1.00,-1.00,-1.00,0.1407,2.4,2.38,6.13,31.53,0.11,-18.73,1.47,-10.00
1,7,-1.00,-1.00,-1.00,-1.00,0.1398,3.4,2.74,7.19,25.59,0.42,-15.24,1.56,-10.00
1,7,1334.51,473.71,1600.00,562.45,0.1387,2.1,2.24,5.66,16.10,2.28,31.59,-0.09,-10.00
1,7,-1.00,-1.00,-1.00,-1.00,0.1379,2.7,2.46,6.12,42.82,-0.51,-11.83,2.96,-10.00
1,7,-1.00,-1.00,-1.00,-1.00,0.1361,2.0,2.27,5.79,31.30,0.83,-47.86,-0.26,-10.00
1,7,-1.00,-1.00,-1.00,-1.00,0.1327,2.9,2.61,6.16,-43.53,1.88,47.20,-0.25,-10.00
1,7,-1.00,-1.00,-1.00,-1.00,0.1286,2.2,2.35,6.21,29.03,1.26,2.29,-1.58,-10.00
1,7,-1.00,-1.00,-1.00,-1.00,0.1169,1.9,2.08,5.18,-10.83,0.25,-28.42,3.13,-10.00
1,7,1367.38,459.12,1600.00,566.22,0.1152,2.3,2.31,6.10,16.23,2.20,29.29,0.06,-10.00
1,7,-1.00,-1.00,-1.00,-1.00,0.1141,4.1,2.92,8.88,-16.31,0.13,-40.26,0.22,-10.00
1,7,-1.00,-1.00,-1.00,-1.00,0.1138,1.9,2.09,5.45,-10.90,0.74,-25.95,-0.10,-10.00
1,7,-1.00,-1.00,-1.00,-1.00,0.1079,2.2,2.25,5.94,-32.46,2.90,29.77,0.29,-10.00
1,7,-1.00,-1.00,-1.00,-1.00,0.1066,3.3,2.62,7.37,-43.49,2.66,18.96,-0.25,-10.00
1,7,0.00,465.21,26.34,606.59,0.1034,3.8,3.01,9.20,-28.68,3.90,38.28,-1.64,-10.00
1,7,-1.00,-1.00,-1.00,-1.00,0.1029,2.1,2.30,5.81,-37.77,0.61,-28.28,1.74,-10.00
1,7,1445.09,463.19,1600.00,517.98,0.1027,2.0,2.17,5.20,26.81,1.80,47.98,-0.12,-10.00
1,7,-1.00,-1.00,-1.00,-1.00,0.1016,3.6,2.65,7.23,23.10,1.07,3.59,1.60,-10.00
2,7,-1.00,-1.00,-1.00,-1.00,0.8786,3.9,2.98,7.77,-43.25,2.09,14.44,-0.19,-10.00
2,7,-1.00,-1.00,-1.00,-1.00,0.8636,3.4,2.75,8.33,-9.09,0.65,-20.72,0.18,-10.00
2,7,-1.00,-1.00,-1.00,-1.00,0.8323,3.5,2.75,7.53,25.38,-0.04,-34.17,-0.05,-10.00
2,7,-1.00,-1.00,-1.00,-1.00,0.7884,3.5,2.71,7.81,-18.79,1.68,-7.20,-3.12,-10.00
2,7,-1.00,-1.00,-1.00,-1.00,0.6270,2.9,2.53,6.82,-27.92,1.03,-17.99,0.06,-10.00
2,7,-1.00,-1.00,-1.00,-1.00,0.5727,3.6,3.08,10.36,-12.12,0.20,-40.47,0.36,-10.00
2,7,-1.00,-1.00,-1.00,-1.00,0.4991,2.6,2.52,6.57,16.09,1.14,-8.72,3.14,-10.00
2,7,-1.00,-1.00,-1.00,-1.00,0.3274,3.7,2.84,7.81,23.01,-0.11,-37.50,-0.06,-10.00
2,7,0.00,436.44,33.16,586.02,0.1967,3.7,3.07,6.91,-25.39,2.95,32.98,-0.06,-10.00
2,7,-1.00,-1.00,-1.00,-1.00,0.1908,2.1,2.20,5.58,35.95,-0.04,-20.57,0.03,-10.00
2,7,-1.00,-1.00,-1.00,-1.00,0.1789,3.1,2.66,6.28,-43.59,2.49,41.97,-0.24,-10.00
2,7,-1.00,-1.00,-1.00,-1.00,0.1770,3.6,2.82,8.26,20.91,0.11,-40.90,1.56,-10.00
2,7,-1.00,-1.00,-1.00,-1.00,0.1740,2.4,2.33,6.22,-41.17,2.67,36.50,-0.09,-10.00
2,7,-1.00,-1.00,-1.00,-1.00,0.1712,3.7,2.89,8.61,-12.24,-0.50,-43.42,0.20,-10.00
2,7,-1.00,-1.00,-1.00,-1.00,0.1503,2.5,2.43,5.92,-42.81,2.83,39.95,-0.31,-10.00
2,7,-1.00,-1.00,-1.00,-1.00,0.1481,2.6,2.44,6.45,24.58,0.19,-30.38,3.13,-10.00
2,7,-1.00,-1.00,-1.00,-1.00,0.1452,2.7,2.51,6.24,-43.01,1.80,-1.29,0.01,-10.00
2,7,-1.00,-1.00,-1.00,-1.00,0.1451,3.6,2.56,7.03,17.19,0.92,-37.55,3.12,-10.00
2,7,-1.00,-1.00,-1.00,-1.00,0.1389,3.8,3.01,9.38,-29.92,3.58,34.76,-1.54,-10.00
2,7,-1.00,-1.00,-1.00,-1.00,0.1305,1.9,2.15,5.40,-22.75,0.81,-27.53,-0.33,-10.00
2,7,1477.98,460.29,1600.00,561.80,0.1302,2.1,2.20,5.84,17.63,1.95,27.27,3.02,-10.00
2,7,-1.00,-1.00,-1.00,-1.00,0.1297,2.1,2.31,5.91,30.13,1.18,-9.29,-1.50,-10.00
2,7,-1.00,-1.00,-1.00,-1.00,0.1221,1.9,2.18,5.68,-9.99,1.08,-29.84,1.62,-10.00
2,7,-1.00,-1.00,-1.00,-1.00,0.1214,1.9,2.16,5.00,31.25,0.15,-20.48,-3.14,-10.00
2,7,-1.00,-1.00,-1.00,-1.00,0.1196,2.6,2.40,6.37,-10.13,-0.18,-45.51,-0.05,-10.00
2,7,-1.00,-1.00,-1.00,-1.00,0.1140,2.0,2.13,5.22,-32.75,1.67,-7.06,-3.05,-10.00
2,7,-1.00,-1.00,-1.00,-1.00,0.1068,2.1,2.25,5.73,46.98,2.16,44.91,3.00,-10.00
2,7,-1.00,-1.00,-1.00,-1.00,0.1068,3.7,3.03,7.16,-41.17,1.82,46.39,-0.38,-10.00
2,7,-1.00,-1.00,-1.00,-1.00,0.1067,3.2,2.60,6.93,35.56,0.44,-23.42,-1.55,-10.00
2,7,0.00,452.25,11.33,596.95,0.1031,3.7,2.93,8.49,-27.59,3.46,36.26,-1.65,-10.00
2,7,-1.00,-1.00,-1.00,-1.00,0.1030,2.5,2.57,6.49,31.07,0.19,-23.07,1.49,-10.00
2,7,-1.00,-1.00,-1.00,-1.00,0.1011,1.9,2.12,5.49,-11.30,0.64,-32.03,3.07,-10.00
2,7,-1.00,-1.00,-1.00,-1.00,0.1007,4.2,3.42,9.66,20.08,1.17,-1.26,1.49,-10.00
2,7,1419.81,437.99,1600.00,540.69,0.1000,2.3,2.32,5.98,17.55,1.64,29.63,-0.13,-10.00
3,7,-1.00,-1.00,-1.00,-1.00,0.8845,3.7,2.96,8.39,-18.88,1.69,-10.29,-3.08,-10.00
3,7,-1.00,-1.00,-1.00,-1.00,0.8061,3.1,2.58,7.01,-26.36,1.36,-21.11,0.11,-10.00
3,7,-1.00,-1.00,-1.00,-1.00,0.7800,3.6,2.95,8.16,-43.18,2.04,11.63,-0.20,-10.00
3,7,-1.00,-1.00,-1.00,-1.00,0.6207,3.5,2.64,6.96,24.82,0.11,-37.85,0.03,-10.00
3,7,-1.00,-1.00,-1.00,-1.00,0.5318,3.1,2.60,6.55,-10.76,-0.08,-44.18,0.31,-10.00
3,7,-1.00,-1.00,-1.00,-1.00,0.4949,3.7,2.87,8.32,-21.57,0.52,-47.53,1.78,-10.00
3,7,-1.00,-1.00,-1.00,-1.00,0.4750,3.2,2.73,8.45,-6.89,0.84,-24.25,0.15,-10.00
3,7,-1.00,-1.00,-1.00,-1.00,0.3120,4.2,3.19,9.14,-43.01,2.82,39.57,-0.29,-10.00
3,7,-1.00,-1.00,-1.00,-1.00,0.2977,2.7,2.51,6.34,-41.34,2.32,32.79,-0.22,-10.00
3,7,-1.00,-1.00,-1.00,-1.00,0.2757,2.2,2.35,6.04,15.63,1.05,-12.23,-3.08,-10.00
3,7,-1.00,-1.00,-1.00,-1.00,0.2371,3.9,3.04,9.28,23.69,0.57,-41.46,-0.02,-10.00
3,7,-1.00,-1.00,-1.00,-1.00,0.1866,2.2,2.22,5.87,-42.50,2.21,36.27,-0.23,-10.00
3,7,-1.00,-1.00,-1.00,-1.00,0.1837,2.1,2.36,6.03,-29.71,2.58,27.31,1.54,-10.00
3,7,-1.00,-1.00,-1.00,-1.00,0.1665,2.2,2.32,5.72,-23.31,1.28,-10.27,-0.01,-10.00
3,7,-1.00,-1.00,-1.00,-1.00,0.1655,2.5,2.36,6.22,23.90,0.34,-21.77,1.65,-10.00
3,7,-1.00,-1.00,-1.00,-1.00,0.1631,2.4,2.38,6.37,-10.79,0.10,-47.51,0.15,-10.00
3,7,-1.00,-1.00,-1.00,-1.00,0.1557,2.0,2.21,5.53,31.69,-0.09,-24.11,-3.13,-10.00
3,7,-1.00,-1.00,-1.00,-1.00,0.1334,3.8,3.00,7.39,-18.38,0.19,-45.84,0.26,-10.00
3,7,-1.00,-1.00,-1.00,-1.00,0.1333,3.7,2.94,8.11,20.25,0.10,-43.54,1.56,-10.00
3,7,-1.00,-1.00,-1.00,-1.00,0.1321,1.9,2.07,5.47,0.46,0.54,-45.34,-0.19,-10.00
3,7,-1.00,-1.00,-1.00,-1.00,0.1312,2.6,2.46,5.72,28.72,1.61,35.29,-1.56,-10.00
3,7,-1.00,-1.00,-1.00,-1.00,0.1280,3.7,2.92,8.31,-27.60,3.02,33.19,-1.65,-10.00
3,7,-1.00,-1.00,-1.00,-1.00,0.1260,3.9,2.98,9.34,-29.76,3.54,32.27,1.54,-10.00
3,7,-1.00,-1.00,-1.00,-1.00,0.1231,2.5,2.43,5.73,40.81,1.37,27.89,-1.85,-10.00
3,7,-1.00,-1.00,-1.00,-1.00,0.1189,2.8,2.60,6.48,-33.00,1.74,-10.18,-3.10,-10.00
3,7,-1.00,-1.00,-1.00,-1.00,0.1159,3.8,3.08,9.14,-45.22,2.30,-6.41,-3.13,-10.00
3,7,-1.00,-1.00,-1.00,-1.00,0.1143,2.1,2.15,5.46,-10.52,0.28,-49.18,3.01,-10.00
3,7,-1.00,-1.00,-1.00,-1.00,0.1130,1.9,2.21,5.56,-22.76,0.81,-30.29,-0.02,-10.00
3,7,-1.00,-1.00,-1.00,-1.00,0.1100,4.0,2.78,7.79,19.82,0.70,-37.55,3.14,-10.00
3,7,-1.00,-1.00,-1.00,-1.00,0.1088,3.6,2.60,6.86,17.35,0.85,-41.20,-3.14,-10.00
3,7,-1.00,-1.00,-1.00,-1.00,0.1078,2.9,2.47,7.10,-52.22,3.10,5.22,-0.50,-10.00
3,7,-1.00,-1.00,-1.00,-1.00,0.1035,4.0,3.00,9.54,-43.04,2.67,15.35,-0.22,-10.00
3,7,391.42,495.41,590.89,568.78,0.1030,2.2,2.31,5.80,-10.58,3.09,39.94,-0.08,-10.00
4,7,-1.00,-1.00,-1.00,-1.00,0.8434,4.0,3.02,7.60,-43.05,1.76,8.24,-0.21,-10.00
4,7,-1.00,-1.00,-1.00,-1.00,0.6998,3.5,2.83,8.20,-19.10,1.68,-13.59,-3.05,-10.00
4,7,-1.00,-1.00,-1.00,-1.00,0.5410,3.2,2.54,6.62,24.06,0.67,-41.34,-0.05,-10.00
4,7,-1.00,-1.00,-1.00,-1.00,0.5087,3.7,2.79,7.52,22.27,0.84,-44.78,-0.04,-10.00
4,7,-1.00,-1.00,-1.00,-1.00,0.4499,3.1,2.66,6.75,-24.61,1.54,-24.72,0.11,-10.00
4,7,-1.00,-1.00,-1.00,-1.00,0.2869,2.8,2.81,7.64,-33.97,1.88,-13.87,0.04,-10.00
4,7,-1.00,-1.00,-1.00,-1.00,0.2741,3.8,3.13,9.16,-43.93,1.29,36.09,-0.29,-10.00
4,7,-1.00,-1.00,-1.00,-1.00,0.2495,3.0,2.68,8.35,-3.35,1.09,-28.30,0.17,-10.00
4,7,-1.00,-1.00,-1.00,-1.00,0.2243,2.2,2.27,5.79,14.97,1.21,-15.52,2.99,-10.00
4,7,-1.00,-1.00,-1.00,-1.00,0.1986,2.1,2.23,5.60,10.22,1.03,-36.71,-3.06,-10.00
4,7,-1.00,-1.00,-1.00,-1.00,0.1946,1.9,2.02,5.27,-5.63,1.17,-22.28,-0.58,-10.00
4,7,-1.00,-1.00,-1.00,-1.00,0.1822,3.8,2.95,7.14,41.85,1.70,22.97,1.18,-10.00
4,7,-1.00,-1.00,-1.00,-1.00,0.1630,3.8,2.90,8.82,-14.08,0.23,-46.82,-2.77,-10.00
4,7,-1.00,-1.00,-1.00,-1.00,0.1625,1.9,2.18,5.62,-0.76,1.17,-48.94,-0.07,-10.00
4,7,-1.00,-1.00,-1.00,-1.00,0.1545,2.3,2.30,5.92,43.25,1.62,18.17,-0.05,-10.00
4,7,-1.00,-1.00,-1.00,-1.00,0.1530,1.9,2.12,5.49,-0.60,1.22,-38.97,0.02,-10.00
4,7,-1.00,-1.00,-1.00,-1.00,0.1470,3.6,2.63,6.42,-21.79,0.36,-48.34,-2.84,-10.00
4,7,-1.00,-1.00,-1.00,-1.00,0.1401,2.1,2.24,5.69,1.54,0.77,-50.21,-1.59,-10.00
4,7,-1.00,-1.00,-1.00,-1.00,0.1285,2.0,2.12,5.43,-13.32,1.04,-36.79,-1.58,-10.00
4,7,-1.00,-1.00,-1.00,-1.00,0.1212,2.3,2.30,5.74,-40.34,2.97,24.29,-0.25,-10.00
4,7,-1.00,-1.00,-1.00,-1.00,0.1141,2.5,2.40,5.77,-31.43,2.23,40.66,-0.25,-10.00
4,7,-1.00,-1.00,-1.00,-1.00,0.1124,3.2,2.61,6.46,28.32,1.11,38.78,-0.88,-10.00
4,7,-1.00,-1.00,-1.00,-1.00,0.1113,2.1,2.24,5.73,-23.82,0.72,-36.00,-3.04,-10.00
4,7,-1.00,-1.00,-1.00,-1.00,0.1072,3.5,2.83,7.44,43.12,1.83,45.46,1.51,-10.00
4,7,1405.88,401.47,1512.04,511.15,0.1063,3.8,2.88,8.26,25.09,1.54,49.49,-1.01,-10.00
4,7,-1.00,-1.00,-1.00,-1.00,0.1031,1.9,2.20,5.46,5.69,0.72,-37.92,-1.58,-10.00
5,7,-1.00,-1.00,-1.00,-1.00,0.8546,3.9,2.93,7.91,-43.38,1.46,3.52,-0.21,-10.00
5,7,-1.00,-1.00,-1.00,-1.00,0.7064,4.1,2.99,7.92,-42.31,1.50,25.23,-0.24,-10.00
5,7,-1.00,-1.00,-1.00,-1.00,0.6405,3.1,2.63,6.97,-21.07,1.54,-29.20,0.17,-10.00
5,7,-1.00,-1.00,-1.00,-1.00,0.4677,3.0,2.69,8.13,1.29,0.97,-32.57,0.10,-10.00
5,7,-1.00,-1.00,-1.00,-1.00,0.4587,3.6,2.89,7.71,-18.96,1.70,-17.95,-3.08,-10.00
5,7,-1.00,-1.00,-1.00,-1.00,0.4417,3.6,2.85,7.28,22.83,0.94,-48.09,-0.06,-10.00
5,7,-1.00,-1.00,-1.00,-1.00,0.2871,3.6,3.02,7.40,-33.34,2.10,38.07,-0.34,-10.00
5,7,-1.00,-1.00,-1.00,-1.00,0.2414,3.3,2.79,7.66,-43.94,1.35,31.55,-0.31,-10.00
5,7,-1.00,-1.00,-1.00,-1.00,0.2327,3.5,2.78,7.00,-26.70,1.98,25.32,-0.13,-10.00
5,7,-1.00,-1.00,-1.00,-1.00,0.2294,2.9,2.64,6.53,24.48,0.80,-44.58,-0.16,-10.00
5,7,-1.00,-1.00,-1.00,-1.00,0.1957,2.6,2.45,5.44,-32.38,1.68,35.53,-0.37,-10.00
5,7,-1.00,-1.00,-1.00,-1.00,0.1888,4.0,2.88,8.83,-12.14,0.96,-51.24,0.34,-10.00
5,7,-1.00,-1.00,-1.00,-1.00,0.1647,2.1,2.17,5.70,-10.44,0.91,-40.35,1.52,-10.00
5,7,436.80,432.43,534.97,548.21,0.1614,3.4,2.79,8.05,-11.10,2.53,41.06,1.32,-10.00
5,7,-1.00,-1.00,-1.00,-1.00,0.1594,2.3,2.31,5.93,20.25,0.69,-45.38,2.94,-10.00
5,7,-1.00,-1.00,-1.00,-1.00,0.1580,2.0,2.21,5.88,8.99,1.18,-41.94,-1.62,-10.00
5,7,-1.00,-1.00,-1.00,-1.00,0.1560,3.4,2.77,7.07,-46.30,1.10,5.67,-1.76,-10.00
5,7,-1.00,-1.00,-1.00,-1.00,0.1548,3.0,2.71,6.07,-50.74,2.21,-0.78,-1.83,-10.00
5,7,-1.00,-1.00,-1.00,-1.00,0.1444,4.3,2.92,8.75,-26.46,2.07,22.25,-0.08,-10.00
5,7,-1.00,-1.00,-1.00,-1.00,0.1389,3.3,2.67,7.10,39.31,2.00,35.75,3.03,-10.00
5,7,-1.00,-1.00,-1.00,-1.00,0.1344,1.9,2.21,5.62,-35.40,1.38,-17.90,3.13,-10.00
5,7,-1.00,-1.00,-1.00,-1.00,0.1319,3.0,2.76,5.83,49.97,2.72,43.57,2.82,-10.00
5,7,-1.00,-1.00,-1.00,-1.00,0.1305,2.6,2.40,6.13,-39.16,0.90,-19.52,1.47,-10.00
5,7,-1.00,-1.00,-1.00,-1.00,0.1299,3.5,2.87,7.09,41.83,1.40,47.39,2.79,-10.00
5,7,-1.00,-1.00,-1.00,-1.00,0.1238,3.4,2.76,7.44,41.93,1.90,12.76,-1.72,-10.00
5,7,-1.00,-1.00,-1.00,-1.00,0.1235,2.0,2.17,5.80,-13.09,1.20,-40.99,1.46,-10.00
5,7,-1.00,-1.00,-1.00,-1.00,0.1191,2.1,2.18,5.71,5.05,0.74,-40.34,-3.11,-10.00
5,7,-1.00,-1.00,-1.00,-1.00,0.1137,4.2,2.94,7.43,19.87,1.37,-12.10,1.44,-10.00
5,7,-1.00,-1.00,-1.00,-1.00,0.1094,2.3,2.31,5.44,23.32,1.66,-14.17,3.07,-10.00
5,7,-1.00,-1.00,-1.00,-1.00,0.1083,3.5,3.00,9.06,20.65,0.83,-51.54,1.63,-10.00
5,7,1021.61,449.71,1221.87,531.23,0.1075,2.5,2.34,5.73,9.39,1.93,40.14,-0.15,-10.00
5,7,-1.00,-1.00,-1.00,-1.00,0.1059,3.8,3.05,7.03,-30.34,2.39,39.09,1.27,-10.00
5,7,1423.60,407.23,1545.21,515.30,0.1042,3.4,2.85,7.45,23.77,1.57,45.08,-0.96,-10.00
5,7,65.58,478.18,295.20,558.79,0.1020,2.3,2.41,5.68,-19.54,2.65,38.13,-0.05,-10.00
5,7,-1.00,-1.00,-1.00,-1.00,0.1018,4.2,3.02,8.14,-42.64,1.81,7.38,-0.22,-10.00
5,7,1283.29,411.59,1404.01,498.25,0.1017,3.1,2.68,6.62,20.85,1.03,50.92,-1.47,-10.00
5,7,-1.00,-1.00,-1.00,-1.00,0.1001,2.0,2.11,5.02,-15.36,1.22,-40.34,1.49,-10.00
5,7,-1.00,-1.00,-1.00,-1.00,0.1000,3.2,2.65,6.31,-42.78,1.09,28.32,-0.32,-10.00
6,7,-1.00,-1.00,-1.00,-1.00,0.7987,3.5,2.76,7.58,-18.83,1.19,-22.02,-3.13,-10.00
6,7,-1.00,-1.00,-1.00,-1.00,0.7257,3.3,2.70,7.07,-18.17,1.43,-33.87,0.14,-10.00
6,7,-1.00,-1.00,-1.00,-1.00,0.6726,4.3,3.05,6.75,-43.15,0.77,-1.04,-0.21,-10.00
6,7,-1.00,-1.00,-1.00,-1.00,0.3299,1.9,2.04,5.26,-4.68,1.13,-29.89,-0.63,-10.00
6,7,-1.00,-1.00,-1.00,-1.00,0.3111,2.0,2.21,5.79,16.60,1.50,-23.13,3.12,-10.00
6,7,-1.00,-1.00,-1.00,-1.00,0.2472,2.0,2.27,5.56,-32.71,0.77,-22.28,3.11,-10.00
6,7,-1.00,-1.00,-1.00,-1.00,0.2171,3.1,2.75,8.52,5.56,0.97,-36.75,0.07,-10.00
6,7,-1.00,-1.00,-1.00,-1.00,0.2002,3.7,3.05,9.49,44.89,2.48,30.98,-1.94,-10.00
6,7,-1.00,-1.00,-1.00,-1.00,0.1866,3.6,3.04,7.35,-41.19,1.57,15.98,-0.19,-10.00
6,7,-1.00,-1.00,-1.00,-1.00,0.1823,2.1,2.23,5.90,-30.55,0.35,-24.15,1.46,-10.00
6,7,-1.00,-1.00,-1.00,-1.00,0.1805,3.8,3.05,7.23,-41.94,0.76,21.43,1.51,-10.00
6,7,-1.00,-1.00,-1.00,-1.00,0.1720,2.1,2.25,5.60,-10.00,0.77,-44.45,1.48,-10.00
6,7,-1.00,-1.00,-1.00,-1.00,0.1662,2.0,2.19,5.70,-12.58,1.06,-45.52,-1.55,-10.00
6,7,-1.00,-1.00,-1.00,-1.00,0.1502,2.3,2.52,6.16,-30.53,1.18,14.38,-1.66,-10.00
6,7,-1.00,-1.00,-1.00,-1.00,0.1450,2.1,2.18,5.75,1.33,1.10,-45.44,-1.51,-10.00
6,7,-1.00,-1.00,-1.00,-1.00,0.1360,3.7,2.80,8.06,39.00,1.84,-0.21,1.37,-10.00
6,7,1300.19,411.60,1414.15,513.77,0.1334,3.5,2.75,5.70,20.20,1.60,47.55,-0.96,-10.00
6,7,-1.00,-1.00,-1.00,-1.00,0.1332,2.5,2.30,5.54,11.12,0.84,-44.67,-2.81,-10.00
6,7,1459.08,383.45,1600.00,517.62,0.1261,3.9,3.12,10.74,24.20,1.55,42.65,-0.96,-10.00
6,7,763.35,350.50,993.21,541.39,0.1221,4.5,3.23,10.93,0.99,1.97,34.95,-1.83,-10.00
6,7,-1.00,-1.00,-1.00,-1.00,0.1211,3.3,2.68,6.75,45.96,2.40,3.32,-1.66,-10.00
6,7,-1.00,-1.00,-1.00,-1.00,0.1207,2.1,2.36,5.86,24.94,1.25,-24.94,3.11,-10.00
6,7,-1.00,-1.00,-1.00,-1.00,0.1162,4.3,3.24,10.27,19.99,1.59,-16.32,1.47,-10.00
6,7,-1.00,-1.00,-1.00,-1.00,0.1151,2.0,2.20,5.96,-1.51,0.89,-45.16,-1.65,-10.00
6,7,998.28,421.34,1233.00,532.63,0.1146,3.0,2.46,6.09,8.30,1.78,36.17,-0.24,-10.00
6,7,-1.00,-1.00,-1.00,-1.00,0.1069,3.7,2.91,7.73,-32.34,1.48,18.63,-0.23,-10.00
6,7,-1.00,-1.00,-1.00,-1.00,0.1057,2.4,2.34,5.84,-38.60,1.15,-21.79,1.43,-10.00
7,7,-1.00,-1.00,-1.00,-1.00,0.6639,4.2,2.98,8.54,-43.66,1.11,-5.32,-0.31,-10.00
7,7,-1.00,-1.00,-1.00,-1.00,0.4999,3.3,2.78,8.43,8.68,1.22,-41.46,0.05,-10.00
7,7,-1.00,-1.00,-1.00,-1.00,0.4504,3.7,2.98,8.35,-18.87,0.95,-26.42,3.12,-10.00
7,7,-1.00,-1.00,-1.00,-1.00,0.3677,2.1,2.19,5.72,-3.95,1.00,-46.98,0.24,-10.00
7,7,-1.00,-1.00,-1.00,-1.00,0.3549,2.2,2.26,5.77,32.69,1.19,-39.21,-0.11,-10.00
7,7,-1.00,-1.00,-1.00,-1.00,0.3515,2.9,2.49,6.62,-15.46,0.98,-38.28,0.12,-10.00
7,7,-1.00,-1.00,-1.00,-1.00,0.2871,2.0,2.28,5.79,23.32,1.17,-29.70,-0.09,-10.00
7,7,-1.00,-1.00,-1.00,-1.00,0.2684,4.3,3.11,8.88,-26.55,1.89,13.50,-0.10,-10.00
7,7,292.59,381.49,461.49,556.59,0.2410,3.9,2.96,7.63,-11.28,2.16,32.20,1.37,-10.00
7,7,-1.00,-1.00,-1.00,-1.00,0.2116,3.6,2.91,8.98,44.98,1.76,25.92,1.22,-10.00
7,7,-1.00,-1.00,-1.00,-1.00,0.2031,2.1,2.33,5.89,-30.91,0.08,-27.79,1.47,-10.00
7,7,-1.00,-1.00,-1.00,-1.00,0.1938,3.7,3.00,7.72,-50.71,2.16,-9.05,-1.70,-10.00
7,7,-1.00,-1.00,-1.00,-1.00,0.1837,2.6,2.35,5.87,3.98,1.32,-48.94,1.57,-10.00
7,7,1033.49,434.00,1312.53,548.52,0.1830,2.8,2.52,6.53,8.92,1.99,32.46,-0.26,-10.00
7,7,-1.00,-1.00,-1.00,-1.00,0.1826,2.3,2.26,5.67,15.60,1.49,-27.82,3.13,-10.00
7,7,-1.00,-1.00,-1.00,-1.00,0.1816,2.4,2.34,5.92,15.41,1.10,-46.72,-0.15,-10.00
7,7,-1.00,-1.00,-1.00,-1.00,0.1772,3.3,2.80,6.85,-43.17,1.02,16.49,-0.10,-10.00
7,7,-1.00,-1.00,-1.00,-1.00,0.1683,3.9,2.98,8.05,-44.00,1.58,22.68,-0.36,-10.00
7,7,806.68,273.69,1261.34,547.75,0.1617,3.8,3.01,11.65,2.95,1.41,23.36,1.23,-10.00
7,7,-1.00,-1.00,-1.00,-1.00,0.1421,2.2,2.49,5.82,-30.63,1.20,10.44,-1.67,-10.00
7,7,-1.00,-1.00,-1.00,-1.00,0.1402,3.3,2.86,7.59,41.46,1.87,4.14,1.46,-10.00
7,7,-1.00,-1.00,-1.00,-1.00,0.1390,3.7,2.99,7.56,-45.72,1.02,-2.92,-0.37,-10.00
7,7,1542.80,374.88,1600.00,519.92,0.1349,3.8,3.03,9.82,24.16,1.47,38.32,-0.97,-10.00
7,7,-1.00,-1.00,-1.00,-1.00,0.1285,2.7,2.50,6.03,-42.90,0.63,19.61,-0.18,-10.00
7,7,-1.00,-1.00,-1.00,-1.00,0.1192,3.0,2.71,6.11,-40.24,1.48,22.66,1.25,-10.00
7,7,-1.00,-1.00,-1.00,-1.00,0.1172,3.6,2.88,9.10,31.67,1.33,-10.48,1.20,-10.00
7,7,-1.00,-1.00,-1.00,-1.00,0.1141,2.1,2.15,5.81,0.97,0.69,-50.93,-1.58,-10.00
7,7,-1.00,-1.00,-1.00,-1.00,0.1122,2.2,2.23,5.88,45.72,1.66,-2.11,-1.67,-10.00
7,7,-1.00,-1.00,-1.00,-1.00,0.1108,2.3,2.33,5.80,-33.69,0.26,-26.34,-0.01,-10.00
7,7,-1.00,-1.00,-1.00,-1.00,0.1105,3.7,2.78,8.90,22.04,1.69,-12.45,1.37,-10.00
7,7,-1.00,-1.00,-1.00,-1.00,0.1025,3.8,3.11,9.08,-39.21,2.11,51.06,1.25,-10.00
7,7,-1.00,-1.00,-1.00,-1.00,0.1004,1.9,2.10,5.43,-4.65,1.04,-33.87,-0.73,-10.00
8,7,-1.00,-1.00,-1.00,-1.00,0.7674,4.2,2.95,8.78,-44.22,1.02,-8.29,-0.19,-10.00
8,7,-1.00,-1.00,-1.00,-1.00,0.6036,3.0,2.60,7.03,-13.82,0.76,-42.80,0.17,-10.00
8,7,-1.00,-1.00,-1.00,-1.00,0.3577,3.6,3.02,7.96,-19.23,1.11,-29.99,-3.12,-10.00
8,7,-1.00,-1.00,-1.00,-1.00,0.3456,2.0,2.15,5.79,-5.84,0.93,-37.77,-0.72,-10.00
8,7,-1.00,-1.00,-1.00,-1.00,0.2830,3.4,2.90,6.65,-41.24,1.44,13.51,-0.29,-10.00
8,7,683.63,419.46,782.13,510.09,0.2415,3.1,2.70,6.99,-3.79,1.48,49.01,-1.81,-10.00
8,7,-1.00,-1.00,-1.00,-1.00,0.2261,2.1,2.31,5.95,9.02,0.65,-47.43,1.54,-10.00
8,7,-1.00,-1.00,-1.00,-1.00,0.2208,4.1,3.07,8.81,-42.90,1.55,20.10,-0.23,-10.00
8,7,-1.00,-1.00,-1.00,-1.00,0.1863,3.5,2.89,7.29,-41.90,1.86,-11.63,-0.19,-10.00
8,7,-1.00,-1.00,-1.00,-1.00,0.1703,3.8,3.03,9.22,46.03,2.01,19.17,1.21,-10.00
8,7,-1.00,-1.00,-1.00,-1.00,0.1637,3.9,2.90,7.36,-20.86,0.99,-32.53,1.41,-10.00
8,7,-1.00,-1.00,-1.00,-1.00,0.1605,3.8,3.03,9.01,44.08,2.15,25.19,-1.80,-10.00
8,7,-1.00,-1.00,-1.00,-1.00,0.1505,2.9,2.49,6.37,-29.93,2.39,28.19,1.33,-10.00
8,7,-1.00,-1.00,-1.00,-1.00,0.1461,2.8,2.47,5.99,-14.50,1.32,-50.59,1.49,-10.00
8,7,-1.00,-1.00,-1.00,-1.00,0.1433,2.3,2.45,6.04,11.49,0.58,-46.30,0.02,-10.00
8,7,-1.00,-1.00,-1.00,-1.00,0.1422,3.6,2.89,8.18,38.31,1.12,-8.93,1.39,-10.00
8,7,-1.00,-1.00,-1.00,-1.00,0.1412,2.3,2.38,5.92,30.42,1.24,-45.02,-0.21,-10.00
8,7,-1.00,-1.00,-1.00,-1.00,0.1376,3.7,2.71,6.97,-43.43,1.69,-4.53,-0.16,-10.00
8,7,-1.00,-1.00,-1.00,-1.00,0.1363,3.8,2.95,7.58,44.02,2.17,47.37,1.24,-10.00
8,7,-1.00,-1.00,-1.00,-1.00,0.1277,2.7,2.67,6.50,-37.57,1.01,9.57,-0.15,-10.00
8,7,-1.00,-1.00,-1.00,-1.00,0.1276,3.7,2.81,8.10,30.86,1.40,-15.80,1.40,-10.00
8,7,-1.00,-1.00,-1.00,-1.00,0.1203,2.6,2.49,6.44,15.70,1.05,-32.49,3.13,-10.00
8,7,-1.00,-1.00,-1.00,-1.00,0.1196,2.6,2.28,5.68,45.74,1.79,-10.94,-1.65,-10.00
8,7,-1.00,-1.00,-1.00,-1.00,0.1194,2.3,2.34,5.76,47.77,1.90,-13.71,-1.48,-10.00
8,7,-1.00,-1.00,-1.00,-1.00,0.1176,3.1,2.78,6.70,-40.63,1.16,8.09,-0.16,-10.00
8,7,-1.00,-1.00,-1.00,-1.00,0.1158,3.5,2.69,7.54,-30.44,0.13,-28.91,1.48,-10.00
8,7,-1.00,-1.00,-1.00,-1.00,0.1148,2.3,2.25,5.70,25.34,0.93,-39.75,-0.18,-10.00
8,7,-1.00,-1.00,-1.00,-1.00,0.1097,3.8,2.94,8.64,27.63,1.56,-15.94,1.46,-10.00
8,7,-1.00,-1.00,-1.00,-1.00,0.1045,4.0,2.95,9.77,-25.26,1.70,10.13,-0.14,-10.00
8,7,-1.00,-1.00,-1.00,-1.00,0.1045,2.3,2.51,6.15,23.14,1.00,-34.87,3.09,-10.00
8,7,-1.00,-1.00,-1.00,-1.00,0.1008,2.4,2.49,6.71,7.46,0.45,-48.20,1.55,-10.00
9,7,-1.00,-1.00,-1.00,-1.00,0.8865,4.0,3.06,8.54,-41.96,1.54,17.62,-0.18,-10.00
9,7,-1.00,-1.00,-1.00,-1.00,0.7320,3.9,3.01,8.33,-44.28,0.88,-10.44,-0.10,-10.00
9,7,-1.00,-1.00,-1.00,-1.00,0.4574,2.4,2.32,5.72,13.07,0.90,-37.20,-3.06,-10.00
9,7,-1.00,-1.00,-1.00,-1.00,0.3199,3.0,2.53,6.97,-12.88,0.53,-47.12,0.17,-10.00
9,7,-1.00,-1.00,-1.00,-1.00,0.3185,1.9,2.12,5.47,-6.95,0.36,-41.49,-0.64,-10.00
9,7,-1.00,-1.00,-1.00,-1.00,0.2607,3.4,2.72,6.93,-33.73,0.98,-34.91,1.52,-10.00
9,7,-1.00,-1.00,-1.00,-1.00,0.2405,3.4,3.01,8.94,-21.57,1.22,-33.48,-3.08,-10.00
9,7,-1.00,-1.00,-1.00,-1.00,0.2315,2.3,2.42,5.96,41.19,0.85,-5.50,1.51,-10.00
9,7,723.03,403.24,838.75,518.35,0.2222,3.7,2.80,8.72,-1.87,1.70,46.21,-1.78,-10.00
9,7,-1.00,-1.00,-1.00,-1.00,0.2102,3.8,2.73,7.69,-29.85,1.66,7.80,-1.56,-10.00
9,7,-1.00,-1.00,-1.00,-1.00,0.2075,3.6,2.88,7.48,-26.55,2.04,9.17,-1.59,-10.00
9,7,-1.00,-1.00,-1.00,-1.00,0.1870,2.7,2.48,6.09,-42.14,1.02,10.44,-0.16,-10.00
9,7,-1.00,-1.00,-1.00,-1.00,0.1793,2.6,2.48,5.96,-42.22,1.17,13.97,-0.15,-10.00
9,7,-1.00,-1.00,-1.00,-1.00,0.1724,2.6,2.42,5.69,-30.80,1.97,21.32,-0.25,-10.00
9,7,-1.00,-1.00,-1.00,-1.00,0.1709,3.8,2.79,7.45,-22.82,1.09,-35.95,1.45,-10.00
9,7,-1.00,-1.00,-1.00,-1.00,0.1652,4.1,3.03,7.03,36.19,2.33,29.50,2.96,-10.00
9,7,-1.00,-1.00,-1.00,-1.00,0.1602,2.3,2.43,5.65,16.01,-3.09,-45.41,3.11,-10.00
9,7,-1.00,-1.00,-1.00,-1.00,0.1565,3.4,2.76,6.62,-31.92,2.25,31.82,0.02,-10.00
9,7,-1.00,-1.00,-1.00,-1.00,0.1516,3.4,2.50,6.27,26.62,1.49,-22.30,1.54,-10.00
9,7,-1.00,-1.00,-1.00,-1.00,0.1497,3.9,2.91,7.42,-46.77,1.52,9.69,-1.72,-10.00
9,7,-1.00,-1.00,-1.00,-1.00,0.1337,3.7,2.92,7.82,45.80,2.79,41.11,1.34,-10.00
9,7,-1.00,-1.00,-1.00,-1.00,0.1309,3.2,2.81,7.41,-40.39,1.27,6.77,-1.80,-10.00
9,7,-1.00,-1.00,-1.00,-1.00,0.1307,3.7,2.82,6.07,-34.75,2.04,38.87,-0.19,-10.00
9,7,-1.00,-1.00,-1.00,-1.00,0.1300,2.3,2.45,6.03,-29.83,1.47,3.39,-1.48,-10.00
9,7,-1.00,-1.00,-1.00,-1.00,0.1207,3.5,2.82,7.07,-42.15,1.90,20.61,-0.31,-10.00
9,7,-1.00,-1.00,-1.00,-1.00,0.1206,3.8,2.66,6.75,-36.11,-1.00,-49.96,-0.08,-10.00
9,7,-1.00,-1.00,-1.00,-1.00,0.1201,4.0,3.01,8.72,29.77,0.93,-16.35,-0.16,-10.00
9,7,-1.00,-1.00,-1.00,-1.00,0.1150,3.3,2.81,7.69,-42.92,1.41,-13.53,-0.11,-10.00
9,7,297.02,456.33,413.11,559.18,0.1105,3.7,2.80,7.66,-18.10,3.38,48.59,1.40,-10.00
9,7,-1.00,-1.00,-1.00,-1.00,0.1091,3.8,2.91,9.77,-32.80,1.77,5.32,0.10,-10.00
9,7,-1.00,-1.00,-1.00,-1.00,0.1082,3.3,2.84,6.76,-31.31,-3.09,-50.07,-1.69,-10.00
9,7,-1.00,-1.00,-1.00,-1.00,0.1080,4.0,2.84,7.61,-17.75,1.13,-46.40,-3.02,-10.00
10,7,-1.00,-1.00,-1.00,-1.00,0.7512,3.9,3.05,8.58,-45.00,1.36,-12.17,-0.03,-10.00
10,7,-1.00,-1.00,-1.00,-1.00,0.7413,4.1,3.09,10.77,-41.80,2.06,15.56,-0.15,-10.00
10,7,-1.00,-1.00,-1.00,-1.00,0.2883,3.6,2.69,7.29,31.21,0.46,-23.36,1.47,-10.00
10,7,-1.00,-1.00,-1.00,-1.00,0.2479,3.9,2.96,10.21,25.45,0.54,-26.12,1.49,-10.00
10,7,-1.00,-1.00,-1.00,-1.00,0.2476,3.9,3.05,8.17,-30.21,2.46,20.86,-0.12,-10.00
10,7,-1.00,-1.00,-1.00,-1.00,0.2050,4.1,3.08,7.78,-33.59,1.91,-31.60,0.07,-10.00
10,7,-1.00,-1.00,-1.00,-1.00,0.2030,3.7,2.83,8.27,28.35,0.56,-24.21,1.50,-10.00
10,7,-1.00,-1.00,-1.00,-1.00,0.2011,2.7,2.65,5.98,-41.82,1.46,12.09,-0.25,-10.00
10,7,-1.00,-1.00,-1.00,-1.00,0.1957,3.8,2.96,7.18,-43.93,1.59,-15.21,-0.08,-10.00
10,7,-1.00,-1.00,-1.00,-1.00,0.1868,3.0,2.63,7.55,18.59,0.46,-45.58,0.16,-10.00
10,7,-1.00,-1.00,-1.00,-1.00,0.1837,2.9,2.65,6.51,-36.86,1.21,-35.00,-2.94,-10.00
10,7,-1.00,-1.00,-1.00,-1.00,0.1741,3.6,2.91,7.52,-23.24,1.17,-36.67,-3.06,-10.00
10,7,-1.00,-1.00,-1.00,-1.00,0.1723,3.4,2.70,7.47,-12.53,1.11,-51.29,0.24,-10.00
10,7,-1.00,-1.00,-1.00,-1.00,0.1624,2.4,2.37,5.73,11.62,0.13,-42.29,-3.01,-10.00
10,7,-1.00,-1.00,-1.00,-1.00,0.1538,2.9,2.81,6.47,36.97,1.32,11.30,2.01,-10.00
10,7,-1.00,-1.00,-1.00,-1.00,0.1510,3.5,2.68,6.75,36.75,0.48,-21.11,1.41,-10.00
10,7,-1.00,-1.00,-1.00,-1.00,0.1361,2.3,2.41,5.68,11.53,-3.70,-50.57,-3.02,-10.00
10,7,-1.00,-1.00,-1.00,-1.00,0.1293,4.1,2.81,7.02,14.59,1.35,-6.67,-0.12,-10.00
10,7,-1.00,-1.00,-1.00,-1.00,0.1227,4.0,2.72,7.67,-29.71,1.94,5.17,-1.57,-10.00
10,7,-1.00,-1.00,-1.00,-1.00,0.1143,3.4,2.63,6.85,34.04,0.53,-22.14,1.51,-10.00
10,7,-1.00,-1.00,-1.00,-1.00,0.1134,2.7,2.59,6.97,-40.62,1.80,9.71,-0.08,-10.00
10,7,-1.00,-1.00,-1.00,-1.00,0.1106,2.5,2.39,5.60,-20.81,3.39,25.24,-0.14,-10.00
10,7,-1.00,-1.00,-1.00,-1.00,0.1092,3.5,2.81,7.03,40.64,1.24,-10.56,-1.64,-10.00
10,7,-1.00,-1.00,-1.00,-1.00,0.1075,4.4,2.89,7.06,16.09,0.21,-35.86,1.62,-10.00
10,7,-1.00,-1.00,-1.00,-1.00,0.1048,2.2,2.47,5.72,-29.98,1.74,0.88,1.60,-10.00
10,7,761.71,398.59,920.64,543.77,0.1045,4.3,3.28,12.86,0.12,2.53,43.60,-1.74,-10.00
10,7,-1.00,-1.00,-1.00,-1.00,0.1034,3.9,2.88,8.15,-41.81,2.43,18.58,-0.13,-10.00
10,7,-1.00,-1.00,-1.00,-1.00,0.1031,3.7,2.96,7.61,-33.41,3.08,45.66,1.24,-10.00
11,7,-1.00,-1.00,-1.00,-1.00,0.7436,4.0,3.09,7.44,-45.64,0.96,-13.72,-0.01,-10.00
11,7,-1.00,-1.00,-1.00,-1.00,0.6909,4.1,3.18,10.19,-40.35,2.04,13.81,-0.10,-10.00
11,7,-1.00,-1.00,-1.00,-1.00,0.4459,4.0,3.00,9.98,23.47,0.46,-31.66,1.57,-10.00
11,7,-1.00,-1.00,-1.00,-1.00,0.3631,3.7,3.10,9.07,-39.02,2.33,-37.03,0.23,-10.00
11,7,-1.00,-1.00,-1.00,-1.00,0.3279,3.0,2.76,6.70,-40.82,1.73,9.41,-0.08,-10.00
11,7,-1.00,-1.00,-1.00,-1.00,0.3211,2.3,2.31,5.62,8.28,0.37,-47.13,-2.97,-10.00
11,7,-1.00,-1.00,-1.00,-1.00,0.3103,3.0,2.71,6.88,-40.47,1.70,7.59,-0.05,-10.00
11,7,-1.00,-1.00,-1.00,-1.00,0.2489,3.7,3.06,8.02,-25.36,1.21,-39.42,-3.02,-10.00
11,7,-1.00,-1.00,-1.00,-1.00,0.1914,3.9,2.64,6.03,19.07,0.94,-32.27,1.52,-10.00
11,7,-1.00,-1.00,-1.00,-1.00,0.1832,3.7,2.74,6.57,39.28,0.62,-23.01,1.67,-10.00
11,7,-1.00,-1.00,-1.00,-1.00,0.1628,3.7,2.86,8.25,35.46,0.68,-30.13,1.55,-10.00
11,7,-1.00,-1.00,-1.00,-1.00,0.1531,4.0,2.73,6.62,13.72,1.31,-12.21,-0.06,-10.00
11,7,-1.00,-1.00,-1.00,-1.00,0.1506,3.7,2.92,8.98,26.75,0.96,-30.77,1.55,-10.00
11,7,-1.00,-1.00,-1.00,-1.00,0.1353,3.6,2.83,7.45,-37.77,2.02,5.34,1.46,-10.00
11,7,-1.00,-1.00,-1.00,-1.00,0.1343,4.1,2.80,8.35,17.80,0.54,-43.20,-0.09,-10.00
11,7,-1.00,-1.00,-1.00,-1.00,0.1287,4.0,2.91,7.55,-45.50,1.83,-2.09,-0.31,-10.00
11,7,-1.00,-1.00,-1.00,-1.00,0.1260,3.6,2.62,7.63,-29.20,2.14,3.07,1.57,-10.00
11,7,-1.00,-1.00,-1.00,-1.00,0.1226,3.6,2.75,8.00,32.45,0.51,-30.35,1.52,-10.00
11,7,0.00,440.94,14.55,533.95,0.1215,2.9,2.43,5.83,-30.22,2.13,42.29,1.43,-10.00
11,7,-1.00,-1.00,-1.00,-1.00,0.1198,4.2,2.98,7.29,13.38,0.57,-41.11,1.65,-10.00
11,7,-1.00,-1.00,-1.00,-1.00,0.1164,3.6,2.67,7.04,-38.22,1.48,-39.54,1.69,-10.00
11,7,-1.00,-1.00,-1.00,-1.00,0.1143,3.9,2.88,7.21,15.07,0.84,-50.72,-2.99,-10.00
11,7,-1.00,-1.00,-1.00,-1.00,0.1141,3.8,3.03,8.06,-34.10,1.84,0.56,3.12,-10.00
11,7,-1.00,-1.00,-1.00,-1.00,0.1139,3.8,2.96,8.06,-45.62,0.97,-16.97,1.53,-10.00
11,7,-1.00,-1.00,-1.00,-1.00,0.1086,4.0,3.15,10.68,-25.49,1.00,-43.77,1.86,-10.00
11,7,-1.00,-1.00,-1.00,-1.00,0.1069,2.7,2.64,6.88,34.85,0.67,-38.27,-3.13,-10.00
11,7,-1.00,-1.00,-1.00,-1.00,0.1049,3.9,3.00,8.86,20.14,1.03,-36.42,1.50,-10.00
11,7,-1.00,-1.00,-1.00,-1.00,0.1045,3.2,2.58,6.62,-29.07,2.43,15.83,-0.13,-10.00
11,7,-1.00,-1.00,-1.00,-1.00,0.1033,3.6,2.79,7.69,40.43,0.92,-36.13,-1.36,-10.00
11,7,-1.00,-1.00,-1.00,-1.00,0.1029,3.7,2.79,7.08,44.41,0.85,-30.64,-0.11,-10.00
11,7,-1.00,-1.00,-1.00,-1.00,0.1025,3.6,2.76,7.89,14.91,1.37,3.56,-0.10,-10.00
11,7,-1.00,-1.00,-1.00,-1.00,0.1006,4.1,2.95,10.13,17.19,0.88,-31.95,1.60,-10.00
12,7,-1.00,-1.00,-1.00,-1.00,0.7585,4.0,3.17,6.98,-46.32,0.79,-15.46,0.07,-10.00
12,7,-1.00,-1.00,-1.00,-1.00,0.7321,3.2,2.86,6.72,-39.99,1.36,5.05,-0.06,-10.00
12,7,-1.00,-1.00,-1.00,-1.00,0.6972,3.9,2.90,9.61,-39.55,1.55,11.92,-0.01,-10.00
12,7,-1.00,-1.00,-1.00,-1.00,0.5743,3.7,3.16,8.71,-28.02,0.84,-42.20,-2.89,-10.00
12,7,-1.00,-1.00,-1.00,-1.00,0.2919,4.1,2.90,10.26,21.34,0.54,-37.84,1.61,-10.00
12,7,-1.00,-1.00,-1.00,-1.00,0.1790,2.1,2.14,5.29,-39.79,1.05,8.33,-0.02,-10.00
12,7,1104.19,406.50,1417.52,541.87,0.1723,3.9,3.03,8.49,13.18,2.17,38.57,-0.01,-10.00
12,7,-1.00,-1.00,-1.00,-1.00,0.1593,3.7,2.87,8.36,33.59,0.33,-36.25,1.60,-10.00
12,7,-1.00,-1.00,-1.00,-1.00,0.1401,3.9,3.07,8.70,-46.49,0.67,-19.01,1.59,-10.00
12,7,-1.00,-1.00,-1.00,-1.00,0.1282,2.3,2.50,6.41,-29.82,1.55,-4.42,1.84,-10.00
12,7,-1.00,-1.00,-1.00,-1.00,0.1223,4.0,2.96,8.51,28.18,1.18,-38.70,1.63,-10.00
12,7,-1.00,-1.00,-1.00,-1.00,0.1217,3.6,2.61,6.92,15.02,0.92,-39.91,1.60,-10.00
12,7,-1.00,-1.00,-1.00,-1.00,0.1200,2.6,2.43,6.19,42.63,0.66,-42.62,0.01,-10.00
12,7,-1.00,-1.00,-1.00,-1.00,0.1189,2.5,2.49,6.25,-13.17,1.07,-50.19,-1.40,-10.00
12,7,-1.00,-1.00,-1.00,-1.00,0.1153,3.6,2.92,7.11,38.70,0.40,-27.37,-1.82,-10.00
12,7,-1.00,-1.00,-1.00,-1.00,0.1119,3.0,2.62,6.58,35.06,0.58,-44.20,-0.00,-10.00
12,7,1398.28,321.20,1600.00,543.05,0.1050,3.6,2.70,7.17,14.19,1.23,21.80,-0.04,-10.00
12,7,-1.00,-1.00,-1.00,-1.00,0.1032,4.0,3.19,10.73,-27.62,1.68,-4.78,1.76,-10.00
12,7,-1.00,-1.00,-1.00,-1.00,0.1008,2.6,2.33,5.69,16.62,0.99,-15.22,0.05,-10.00
13,7,-1.00,-1.00,-1.00,-1.00,0.7397,2.9,2.83,6.60,-39.54,1.50,2.25,-0.02,-10.00
13,7,-1.00,-1.00,-1.00,-1.00,0.7171,4.0,2.99,7.93,-47.58,0.87,-18.01,0.06,-10.00
13,7,-1.00,-1.00,-1.00,-1.00,0.6407,4.1,3.20,11.29,-39.55,1.97,8.93,0.01,-10.00
13,7,-1.00,-1.00,-1.00,-1.00,0.4486,2.7,2.40,6.08,-39.67,1.45,5.58,0.06,-10.00
13,7,-1.00,-1.00,-1.00,-1.00,0.3669,3.8,3.01,8.04,-30.51,0.53,-45.42,-2.84,-10.00
13,7,-1.00,-1.00,-1.00,-1.00,0.2564,3.9,2.87,8.23,-28.28,1.91,-4.64,-3.00,-10.00
13,7,-1.00,-1.00,-1.00,-1.00,0.2279,4.1,2.89,6.70,-5.16,0.85,-50.26,-2.86,-10.00
13,7,-1.00,-1.00,-1.00,-1.00,0.2199,3.2,2.58,7.15,-29.95,1.91,-7.34,1.79,-10.00
13,7,-1.00,-1.00,-1.00,-1.00,0.2173,3.7,2.75,6.98,12.83,0.97,-43.90,1.70,-10.00
13,7,-1.00,-1.00,-1.00,-1.00,0.1954,4.2,2.88,7.99,40.17,1.88,26.13,-1.60,-10.00
13,7,-1.00,-1.00,-1.00,-1.00,0.1727,3.3,2.84,6.85,-39.71,1.47,0.10,-0.05,-10.00
13,7,-1.00,-1.00,-1.00,-1.00,0.1675,4.4,2.93,8.03,19.16,0.62,-45.25,1.64,-10.00
13,7,933.62,418.89,1044.86,523.26,0.1513,3.8,2.77,7.33,6.40,2.09,50.53,-1.68,-10.00
13,7,-1.00,-1.00,-1.00,-1.00,0.1371,3.5,2.84,6.85,-35.98,1.70,-3.08,0.03,-10.00
13,7,-1.00,-1.00,-1.00,-1.00,0.1330,4.1,2.95,7.57,-28.85,1.87,-2.24,-0.01,-10.00
13,7,-1.00,-1.00,-1.00,-1.00,0.1279,3.9,3.06,8.58,40.08,1.44,20.23,1.52,-10.00
13,7,-1.00,-1.00,-1.00,-1.00,0.1256,2.3,2.28,5.54,19.03,0.84,-51.57,-3.05,-10.00
13,7,-1.00,-1.00,-1.00,-1.00,0.1171,4.2,3.18,11.78,-32.33,1.78,11.90,-3.12,-10.00
13,7,-1.00,-1.00,-1.00,-1.00,0.1167,3.1,2.65,6.18,46.97,2.02,36.49,-2.94,-10.00
13,7,-1.00,-1.00,-1.00,-1.00,0.1154,3.5,2.62,6.57,16.24,1.16,-31.99,3.10,-10.00
13,7,-1.00,-1.00,-1.00,-1.00,0.1104,2.2,2.23,5.51,1.89,0.83,-37.27,-3.08,-10.00
13,7,-1.00,-1.00,-1.00,-1.00,0.1017,4.2,2.82,8.15,24.27,0.80,-51.47,0.00,-10.00
14,7,-1.00,-1.00,-1.00,-1.00,0.7165,3.0,2.77,6.65,-39.50,1.67,-1.50,-0.06,-10.00
14,7,-1.00,-1.00,-1.00,-1.00,0.6844,3.8,2.88,7.00,-48.01,1.23,-21.33,0.04,-10.00
14,7,-1.00,-1.00,-1.00,-1.00,0.6645,3.9,3.08,9.85,-38.92,1.84,5.45,0.06,-10.00
14,7,-1.00,-1.00,-1.00,-1.00,0.2504,2.5,2.49,5.95,-39.52,1.59,2.11,0.08,-10.00
14,7,-1.00,-1.00,-1.00,-1.00,0.1997,3.9,2.90,7.50,40.68,1.18,11.91,-1.62,-10.00
14,7,-1.00,-1.00,-1.00,-1.00,0.1845,3.7,2.74,6.48,12.18,1.11,-47.19,1.67,-10.00
14,7,-1.00,-1.00,-1.00,-1.00,0.1720,4.0,3.07,8.17,-32.09,1.36,-49.36,-2.86,-10.00
14,7,-1.00,-1.00,-1.00,-1.00,0.1573,3.5,2.68,7.56,-30.36,2.03,-11.74,1.70,-10.00
14,7,-1.00,-1.00,-1.00,-1.00,0.1463,2.1,2.23,5.70,-46.18,1.50,-45.02,0.19,-10.00
14,7,-1.00,-1.00,-1.00,-1.00,0.1403,3.8,2.79,6.95,-18.81,1.33,-41.41,1.81,-10.00
14,7,-1.00,-1.00,-1.00,-1.00,0.1396,3.7,2.88,8.04,-38.57,2.02,-5.36,-0.10,-10.00
14,7,0.00,422.54,29.02,585.79,0.1326,3.7,3.06,8.84,-25.16,2.84,32.70,1.56,-10.00
14,7,-1.00,-1.00,-1.00,-1.00,0.1215,3.6,2.88,8.08,-31.21,2.20,-8.38,-3.07,-10.00
14,7,-1.00,-1.00,-1.00,-1.00,0.1201,4.0,2.81,6.29,11.55,1.67,-6.47,1.60,-10.00
14,7,-1.00,-1.00,-1.00,-1.00,0.1198,3.7,2.85,6.21,44.75,2.17,24.56,1.70,-10.00
14,7,-1.00,-1.00,-1.00,-1.00,0.1164,3.6,2.96,7.05,46.22,1.78,29.15,1.89,-10.00
14,7,-1.00,-1.00,-1.00,-1.00,0.1097,3.6,2.81,7.92,-42.56,1.22,-42.59,0.22,-10.00
14,7,1414.95,118.50,1600.00,614.43,0.1092,4.3,3.34,12.39,12.66,1.55,16.94,-1.58,-10.00
14,7,-1.00,-1.00,-1.00,-1.00,0.1091,4.1,3.02,8.24,-47.88,1.64,-24.71,0.00,-10.00
14,7,-1.00,-1.00,-1.00,-1.00,0.1064,4.3,3.17,9.26,14.31,0.84,-44.00,0.19,-10.00
14,7,-1.00,-1.00,-1.00,-1.00,0.1036,3.5,2.84,7.23,-15.87,1.39,-34.27,1.91,-10.00
15,7,-1.00,-1.00,-1.00,-1.00,0.6390,2.8,2.62,6.65,-39.82,1.27,-5.15,0.08,-10.00
15,7,-1.00,-1.00,-1.00,-1.00,0.4815,4.0,2.91,8.03,-37.98,1.55,1.03,0.03,-10.00
15,7,-1.00,-1.00,-1.00,-1.00,0.4745,2.9,2.54,6.21,-48.05,1.10,-24.98,0.17,-10.00
15,7,-1.00,-1.00,-1.00,-1.00,0.1857,2.2,2.29,5.73,-39.33,1.46,-1.90,0.09,-10.00
15,7,-1.00,-1.00,-1.00,-1.00,0.1768,4.0,2.89,7.06,34.92,0.36,-49.73,-3.04,-10.00
15,7,-1.00,-1.00,-1.00,-1.00,0.1588,3.2,2.77,6.91,-16.06,1.51,-36.27,1.70,-10.00
15,7,-1.00,-1.00,-1.00,-1.00,0.1575,3.0,2.69,6.67,-39.70,1.18,-7.96,0.04,-10.00
15,7,-1.00,-1.00,-1.00,-1.00,0.1546,2.7,2.48,5.62,-45.54,1.19,-48.94,-2.87,-10.00
15,7,-1.00,-1.00,-1.00,-1.00,0.1236,3.7,2.86,7.77,2.44,1.01,-49.15,2.57,-10.00
15,7,-1.00,-1.00,-1.00,-1.00,0.1216,3.6,2.74,7.50,32.00,0.90,-35.19,3.00,-10.00
15,7,-1.00,-1.00,-1.00,-1.00,0.1167,2.9,2.48,6.20,46.75,1.76,18.54,0.09,-10.00
15,7,1377.74,332.77,1600.00,551.87,0.1135,4.0,2.80,8.95,15.90,1.54,24.54,3.07,-10.00
15,7,-1.00,-1.00,-1.00,-1.00,0.1104,4.1,3.02,9.99,7.56,0.53,-52.07,1.73,-10.00
15,7,1088.86,436.01,1209.27,542.03,0.1080,3.7,2.81,7.29,12.23,2.75,48.20,-1.55,-10.00
15,7,-1.00,-1.00,-1.00,-1.00,0.1080,3.8,3.05,9.11,-33.05,2.01,-23.90,1.72,-10.00
15,7,-1.00,-1.00,-1.00,-1.00,0.1066,3.0,2.78,6.01,46.21,1.80,22.75,-1.30,-10.00
15,7,-1.00,-1.00,-1.00,-1.00,0.1053,3.6,2.63,6.70,32.30,0.38,-51.94,-1.50,-10.00
15,7,-1.00,-1.00,-1.00,-1.00,0.1042,2.7,2.57,6.18,-38.63,0.50,-11.29,0.02,-10.00
16,7,-1.00,-1.00,-1.00,-1.00,0.7392,4.0,2.83,8.93,-39.44,1.69,-2.97,0.16,-10.00
16,7,-1.00,-1.00,-1.00,-1.00,0.5757,3.0,2.77,6.70,-40.01,0.94,-9.68,0.02,-10.00
16,7,-1.00,-1.00,-1.00,-1.00,0.2146,3.2,2.82,6.63,-40.29,0.79,-12.10,0.08,-10.00
16,7,-1.00,-1.00,-1.00,-1.00,0.1792,3.7,3.19,9.36,-33.81,1.66,-17.12,0.11,-10.00
16,7,-1.00,-1.00,-1.00,-1.00,0.1640,2.4,2.40,6.03,-39.41,1.68,-6.43,0.04,-10.00
16,7,-1.00,-1.00,-1.00,-1.00,0.1215,2.5,2.41,5.90,-27.26,1.49,-3.18,0.06,-10.00
16,7,-1.00,-1.00,-1.00,-1.00,0.1213,4.1,3.41,11.41,13.28,1.37,7.51,-1.53,-10.00
16,7,-1.00,-1.00,-1.00,-1.00,0.1185,3.6,2.99,6.81,-49.91,-0.48,-29.60,-0.16,-10.00
16,7,1135.04,380.22,1542.97,541.75,0.1167,4.0,2.93,9.40,13.21,1.84,32.99,0.03,-10.00
16,7,52.63,418.59,229.54,533.97,0.1049,3.8,2.79,6.66,-24.31,2.26,44.87,1.54,-10.00
16,7,-1.00,-1.00,-1.00,-1.00,0.1029,3.9,2.91,7.26,9.38,1.50,-26.24,0.00,-10.00
16,7,1420.32,174.04,1600.00,574.97,0.1016,4.2,3.01,9.51,12.37,1.35,17.94,-1.58,-10.00
17,7,-1.00,-1.00,-1.00,-1.00,0.5948,3.8,2.97,6.82,-49.70,0.83,-33.55,0.26,-10.00
17,7,-1.00,-1.00,-1.00,-1.00,0.2806,2.9,2.68,6.57,-39.99,0.85,-14.31,0.11,-10.00
17,7,-1.00,-1.00,-1.00,-1.00,0.2641,4.0,3.10,7.63,-38.18,1.62,-8.23,0.10,-10.00
17,7,213.37,443.89,417.83,539.36,0.1914,3.4,2.63,6.65,-19.26,2.59,47.45,0.08,-10.00
17,7,-1.00,-1.00,-1.00,-1.00,0.1796,3.7,2.82,9.16,27.71,0.57,-43.49,-0.42,-10.00
17,7,0.00,418.97,150.77,538.96,0.1585,3.1,2.84,6.63,-22.88,1.97,36.04,1.65,-10.00
17,7,-1.00,-1.00,-1.00,-1.00,0.1495,2.7,2.52,6.34,-40.82,0.46,-15.87,0.07,-10.00
17,7,-1.00,-1.00,-1.00,-1.00,0.1417,3.7,2.69,6.92,-29.70,2.07,-22.63,-2.94,-10.00
17,7,-1.00,-1.00,-1.00,-1.00,0.1299,2.1,2.29,6.01,-27.53,1.27,-8.34,-3.11,-10.00
17,7,-1.00,-1.00,-1.00,-1.00,0.1281,3.3,2.73,7.27,-36.71,1.31,-21.57,0.09,-10.00
17,7,-1.00,-1.00,-1.00,-1.00,0.1062,4.0,2.80,8.07,12.42,1.32,13.02,-1.57,-10.00
17,7,1313.23,362.56,1562.66,546.27,0.1042,3.5,2.51,6.32,12.93,1.62,27.17,1.63,-10.00
17,7,-1.00,-1.00,-1.00,-1.00,0.1017,4.0,3.01,7.40,-48.98,1.55,-30.63,0.25,-10.00
17,7,-1.00,-1.00,-1.00,-1.00,0.1017,4.2,2.78,6.39,9.38,1.51,-32.36,0.07,-10.00
18,7,-1.00,-1.00,-1.00,-1.00,0.7631,3.8,2.92,7.28,-49.39,1.15,-38.97,0.17,-10.00
18,7,-1.00,-1.00,-1.00,-1.00,0.3034,2.4,2.43,6.11,-40.70,0.21,-18.74,0.07,-10.00
18,7,-1.00,-1.00,-1.00,-1.00,0.2749,3.9,3.02,7.49,-29.42,2.07,-27.77,-2.90,-10.00
18,7,-1.00,-1.00,-1.00,-1.00,0.2129,3.3,2.75,6.85,-39.59,0.53,-21.98,0.04,-10.00
18,7,-1.00,-1.00,-1.00,-1.00,0.1932,2.3,2.36,5.86,-39.94,0.67,-16.03,0.06,-10.00
18,7,-1.00,-1.00,-1.00,-1.00,0.1696,3.8,3.04,8.57,-37.52,1.24,-26.59,0.12,-10.00
18,7,-1.00,-1.00,-1.00,-1.00,0.1652,3.6,2.79,7.32,-27.73,1.48,-13.44,0.06,-10.00
18,7,-1.00,-1.00,-1.00,-1.00,0.1403,2.0,2.18,5.29,-13.27,1.61,-40.03,-3.12,-10.00
18,7,-1.00,-1.00,-1.00,-1.00,0.1253,3.1,2.68,6.42,-38.08,0.12,-18.45,1.53,-10.00
18,7,1107.41,356.54,1316.26,531.98,0.1192,4.0,2.82,7.71,9.68,1.57,32.54,-1.59,-10.00
18,7,-1.00,-1.00,-1.00,-1.00,0.1142,3.0,2.48,6.50,36.06,1.65,-31.64,-0.20,-10.00
18,7,-1.00,-1.00,-1.00,-1.00,0.1112,4.0,2.80,7.24,9.51,1.75,-37.16,0.04,-10.00
18,7,-1.00,-1.00,-1.00,-1.00,0.1109,3.3,2.85,6.83,-39.81,0.60,-24.00,0.08,-10.00
18,7,-1.00,-1.00,-1.00,-1.00,0.1085,2.1,2.21,5.30,-13.23,1.31,-37.62,-3.12,-10.00
18,7,-1.00,-1.00,-1.00,-1.00,0.1014,4.0,3.04,9.81,-51.74,1.34,-41.13,-0.01,-10.00
19,7,-1.00,-1.00,-1.00,-1.00,0.7769,3.9,3.06,6.73,-48.92,0.65,-44.49,0.13,-10.00
19,7,-1.00,-1.00,-1.00,-1.00,0.3441,3.9,2.88,6.97,-29.02,1.78,-33.12,-2.96,-10.00
19,7,-1.00,-1.00,-1.00,-1.00,0.2228,3.7,2.97,7.16,-40.46,0.23,-25.43,1.63,-10.00
19,7,-1.00,-1.00,-1.00,-1.00,0.1747,3.8,3.08,8.70,-38.89,-0.28,-29.09,1.46,-10.00
19,7,-1.00,-1.00,-1.00,-1.00,0.1602,3.9,2.82,8.18,13.57,1.12,14.03,-1.57,-10.00
19,7,1282.25,350.92,1540.84,542.45,0.1307,3.8,2.62,6.63,12.85,1.61,28.28,-1.57,-10.00
19,7,614.71,419.64,700.34,530.85,0.1149,3.7,2.67,6.11,-6.25,2.18,45.58,-1.77,-10.00
20,7,-1.00,-1.00,-1.00,-1.00,0.4045,4.3,3.13,7.20,-48.40,0.22,-50.19,0.20,-10.00
20,7,-1.00,-1.00,-1.00,-1.00,0.2388,4.5,2.65,6.45,4.12,0.68,-47.62,-1.53,-10.00
20,7,-1.00,-1.00,-1.00,-1.00,0.1950,4.0,3.07,10.37,-28.72,1.40,-42.78,1.90,-10.00
20,7,-1.00,-1.00,-1.00,-1.00,0.1911,3.5,2.77,6.46,-30.29,1.56,-38.92,1.77,-10.00
20,7,-1.00,-1.00,-1.00,-1.00,0.1790,4.5,3.01,10.08,9.80,0.87,-47.05,0.04,-10.00
20,7,-1.00,-1.00,-1.00,-1.00,0.1547,4.1,2.80,7.12,9.23,1.22,-51.30,0.07,-10.00
20,7,-1.00,-1.00,-1.00,-1.00,0.1433,4.2,2.88,7.08,-9.78,1.25,-44.12,1.65,-10.00
20,7,-1.00,-1.00,-1.00,-1.00,0.1426,3.8,3.12,8.13,27.97,1.93,23.18,0.06,-10.00
20,7,1330.98,374.42,1600.00,555.95,0.1408,3.5,2.66,6.80,14.32,1.71,25.69,3.08,-10.00
20,7,-1.00,-1.00,-1.00,-1.00,0.1398,3.6,2.71,6.79,15.20,1.09,-24.07,0.04,-10.00
20,7,-1.00,-1.00,-1.00,-1.00,0.1334,4.2,2.89,7.68,9.92,0.79,-49.05,0.10,-10.00
20,7,-1.00,-1.00,-1.00,-1.00,0.1276,3.8,2.97,6.72,23.36,1.89,27.27,-0.01,-10.00
20,7,-1.00,-1.00,-1.00,-1.00,0.1209,2.4,2.40,5.68,-26.76,0.64,-24.21,0.00,-10.00
20,7,-1.00,-1.00,-1.00,-1.00,0.1200,3.8,2.85,7.31,-46.94,0.87,-47.81,0.20,-10.00
20,7,-1.00,-1.00,-1.00,-1.00,0.1182,4.2,2.80,7.88,9.45,0.82,-44.61,0.05,-10.00
20,7,572.67,427.47,677.71,574.49,0.1005,3.8,2.71,6.47,-5.75,2.90,36.09,-1.72,-10.00
21,7,-1.00,-1.00,-1.00,-1.00,0.2938,3.7,2.87,8.80,25.00,1.36,18.18,-1.51,-10.00
21,7,-1.00,-1.00,-1.00,-1.00,0.2480,4.1,2.80,6.69,10.65,0.84,-48.77,0.03,-10.00
21,7,-1.00,-1.00,-1.00,-1.00,0.2341,3.9,3.03,8.83,-27.52,1.13,-47.01,1.88,-10.00
21,7,362.86,413.27,552.30,587.21,0.1454,3.7,2.83,7.13,-8.73,2.71,30.60,-1.62,-10.00
21,7,-1.00,-1.00,-1.00,-1.00,0.1221,4.0,2.72,6.89,10.59,0.92,-44.20,0.10,-10.00
21,7,-1.00,-1.00,-1.00,-1.00,0.1026,4.3,2.91,8.51,10.59,0.92,-51.24,0.00,-10.00
22,7,991.07,409.71,1098.93,526.17,0.8147,4.1,2.57,6.35,8.19,2.10,47.78,1.51,-10.00
22,7,1156.64,416.84,1291.69,524.29,0.2336,3.8,2.86,7.69,15.51,2.09,49.53,1.58,-10.00
22,7,-1.00,-1.00,-1.00,-1.00,0.1765,3.5,2.92,6.64,-24.57,1.20,-50.02,0.24,-10.00
22,7,-1.00,-1.00,-1.00,-1.00,0.1760,3.4,2.94,7.20,-30.61,1.16,-48.88,-2.92,-10.00
22,7,1196.48,428.92,1393.62,522.12,0.1727,3.3,2.74,6.24,17.35,1.90,46.71,-3.13,-10.00
22,7,-1.00,-1.00,-1.00,-1.00,0.1655,3.7,2.92,8.25,24.61,1.46,11.36,-1.54,-10.00
22,7,-1.00,-1.00,-1.00,-1.00,0.1394,3.9,2.66,6.23,10.85,1.18,-49.96,0.02,-10.00
22,7,1555.94,264.79,1600.00,567.25,0.1381,3.5,2.71,7.98,14.02,1.16,15.85,-0.05,-10.00
22,7,0.00,356.45,189.43,530.67,0.1291,4.3,4.01,20.02,-28.06,1.94,41.77,1.54,-10.00
22,7,-1.00,-1.00,-1.00,-1.00,0.1169,3.9,2.99,8.70,21.34,1.70,10.47,-3.09,-10.00
22,7,-1.00,-1.00,-1.00,-1.00,0.1158,4.2,2.79,8.55,13.23,0.64,-12.42,1.60,-10.00
22,7,-1.00,-1.00,-1.00,-1.00,0.1092,4.3,2.76,6.16,10.92,0.93,-43.97,-0.02,-10.00
22,7,1026.71,422.68,1262.00,537.07,0.1033,4.1,2.96,7.89,11.69,2.46,46.64,3.11,-10.00
23,7,1521.47,384.50,1600.00,515.29,0.7999,4.0,2.71,6.57,27.23,1.49,43.20,1.57,-10.00
23,7,1011.11,398.10,1141.62,527.19,0.7803,4.0,2.62,6.62,8.30,1.90,42.51,1.50,-10.00
23,7,1208.24,391.25,1352.81,515.45,0.3920,3.8,2.64,7.37,15.65,1.51,43.80,1.63,-10.00
23,7,1006.04,400.26,1121.84,520.55,0.1897,4.1,2.69,6.03,8.66,1.82,46.45,-1.64,-10.00
23,7,1193.64,401.07,1327.67,519.54,0.1800,4.1,2.84,7.30,16.45,1.83,48.08,-1.52,-10.00
23,7,1449.97,400.45,1600.00,512.14,0.1645,3.9,2.72,7.02,27.46,1.56,49.02,-1.53,-10.00
23,7,-1.00,-1.00,-1.00,-1.00,0.1421,4.3,4.14,19.94,-24.48,2.72,5.77,-1.54,-10.00
23,7,-1.00,-1.00,-1.00,-1.00,0.1247,3.4,2.55,6.80,29.75,1.08,41.21,-3.13,-10.00
23,7,876.86,405.86,978.32,513.85,0.1240,3.8,2.80,8.65,3.92,1.68,50.73,1.50,-10.00
23,7,1044.98,400.98,1316.59,530.20,0.1127,4.1,2.96,8.03,11.55,1.94,41.42,3.11,-10.00
23,7,-1.00,-1.00,-1.00,-1.00,0.1088,2.1,2.24,5.03,-9.35,0.82,-47.64,-0.04,-10.00
23,7,-1.00,-1.00,-1.00,-1.00,0.1049,3.9,2.78,7.56,4.54,0.64,-52.83,1.60,-10.00
23,7,-1.00,-1.00,-1.00,-1.00,0.1028,2.0,2.14,5.09,-9.40,1.03,-50.50,-3.11,-10.00
24,7,-1.00,-1.00,-1.00,-1.00,0.7337,4.3,2.68,6.02,28.12,1.62,36.93,1.58,-10.00
24,7,1063.22,367.13,1228.94,525.24,0.6935,4.2,2.76,9.22,9.48,1.63,38.41,1.59,-10.00
24,7,1271.05,358.27,1457.71,515.25,0.6445,4.2,2.76,9.29,16.74,1.34,39.83,1.68,-10.00
24,7,-1.00,-1.00,-1.00,-1.00,0.3765,4.0,3.03,9.21,46.26,0.41,34.93,1.62,-10.00
24,7,-1.00,-1.00,-1.00,-1.00,0.2060,2.1,2.25,5.66,33.32,1.07,22.35,3.12,-10.00
24,7,1033.47,399.32,1155.58,525.95,0.1808,4.1,2.64,7.60,9.44,1.96,45.02,-1.58,-10.00
24,7,1322.75,391.39,1600.00,524.56,0.1288,3.6,2.83,8.49,19.35,1.54,36.58,0.02,-10.00
24,7,-1.00,-1.00,-1.00,-1.00,0.1230,3.7,3.04,9.53,-21.75,2.61,15.93,0.10,-10.00
24,7,1348.03,409.51,1496.39,512.72,0.1191,3.4,2.47,6.54,22.09,1.52,46.88,-1.54,-10.00
24,7,-1.00,-1.00,-1.00,-1.00,0.1035,3.9,2.84,7.03,38.85,2.12,48.44,1.77,-10.00
24,7,-1.00,-1.00,-1.00,-1.00,0.1033,3.4,2.60,7.00,31.11,1.31,36.83,1.59,-10.00
25,7,1144.97,357.24,1347.86,540.49,0.7988,4.2,2.70,7.23,10.48,1.79,32.17,1.57,-10.00
25,7,-1.00,-1.00,-1.00,-1.00,0.7362,4.2,2.84,6.49,29.23,1.43,31.48,1.58,-10.00
25,7,1388.91,340.67,1600.00,527.00,0.7325,4.2,2.77,8.66,17.86,1.47,33.37,1.70,-10.00
25,7,-1.00,-1.00,-1.00,-1.00,0.4224,3.7,3.02,8.98,46.69,0.11,21.90,1.60,-10.00
25,7,203.00,432.42,423.90,540.56,0.2578,3.9,3.00,7.11,-19.29,2.63,47.35,-3.03,-10.00
25,7,-1.00,-1.00,-1.00,-1.00,0.2498,3.8,2.90,9.35,24.94,1.06,-0.87,-1.52,-10.00
25,7,-1.00,-1.00,-1.00,-1.00,0.2075,3.7,2.94,8.01,44.76,0.80,35.08,-3.02,-10.00
25,7,-1.00,-1.00,-1.00,-1.00,0.1722,3.9,2.96,7.77,24.45,0.48,-6.72,1.64,-10.00
25,7,0.00,398.41,307.09,607.89,0.1560,2.9,2.56,6.43,-10.87,2.07,20.64,1.46,-10.00
25,7,1396.25,395.65,1600.00,514.26,0.1493,3.6,2.65,7.39,22.80,1.37,40.53,-3.05,-10.00
25,7,-1.00,-1.00,-1.00,-1.00,0.1387,4.3,2.92,9.07,10.95,0.62,-33.78,1.63,-10.00
25,7,-1.00,-1.00,-1.00,-1.00,0.1244,2.0,2.13,5.39,34.08,1.04,16.05,-3.14,-10.00
25,7,-1.00,-1.00,-1.00,-1.00,0.1120,2.2,2.22,5.76,36.80,1.25,23.46,-3.07,-10.00
25,7,1410.70,367.22,1600.00,512.59,0.1115,4.2,3.16,11.08,24.22,1.37,44.01,-1.46,-10.00
25,7,-1.00,-1.00,-1.00,-1.00,0.1045,3.5,2.83,7.00,27.45,0.56,-4.05,0.10,-10.00
25,7,-1.00,-1.00,-1.00,-1.00,0.1002,4.4,2.81,8.01,4.90,0.87,-37.44,1.62,-10.00
26,7,1583.54,333.33,1600.00,540.48,0.8056,3.9,2.69,6.05,18.94,1.48,26.63,1.73,-10.00
26,7,1262.83,327.15,1535.13,552.53,0.8006,4.2,2.75,7.12,11.85,1.71,26.81,1.62,-10.00
26,7,-1.00,-1.00,-1.00,-1.00,0.7114,4.0,2.63,6.40,30.49,1.24,25.12,1.66,-10.00
26,7,-1.00,-1.00,-1.00,-1.00,0.5960,4.1,3.01,8.29,46.73,0.06,8.94,1.70,-10.00
26,7,296.88,482.46,442.76,544.50,0.5859,2.0,2.31,5.90,-15.80,2.58,43.79,-1.44,-10.00
26,7,-1.00,-1.00,-1.00,-1.00,0.2716,1.9,2.12,5.36,34.75,0.89,9.32,-3.07,-10.00
26,7,-1.00,-1.00,-1.00,-1.00,0.2507,4.2,2.92,8.04,8.61,-0.05,-41.11,1.71,-10.00
26,7,0.00,368.04,197.97,688.55,0.1747,4.2,4.24,20.29,-21.05,3.45,26.86,-1.53,-10.00
26,7,-1.00,-1.00,-1.00,-1.00,0.1683,2.1,2.19,5.55,35.75,0.71,11.77,-3.00,-10.00
26,7,-1.00,-1.00,-1.00,-1.00,0.1655,4.4,3.01,7.56,9.63,-0.04,-36.25,1.74,-10.00
26,7,-1.00,-1.00,-1.00,-1.00,0.1487,3.9,2.71,5.94,-12.11,1.53,-45.00,1.70,-10.00
26,7,-1.00,-1.00,-1.00,-1.00,0.1418,2.0,2.27,5.64,37.35,0.95,17.03,-3.07,-10.00
26,7,1530.71,368.95,1600.00,524.94,0.1378,4.0,2.74,8.07,24.29,1.45,34.41,-3.02,-10.00
26,7,-1.00,-1.00,-1.00,-1.00,0.1348,4.2,3.44,14.99,47.96,0.06,16.42,1.74,-10.00
26,7,-1.00,-1.00,-1.00,-1.00,0.1330,3.5,2.65,6.87,14.02,1.10,-12.38,0.10,-10.00
26,7,-1.00,-1.00,-1.00,-1.00,0.1247,4.6,3.42,14.68,31.74,1.68,34.89,-1.42,-10.00
26,7,-1.00,-1.00,-1.00,-1.00,0.1206,3.4,2.68,5.83,32.97,-0.18,-20.03,-3.06,-10.00
26,7,-1.00,-1.00,-1.00,-1.00,0.1197,3.4,2.80,7.13,38.77,1.56,33.09,-2.97,-10.00
26,7,-1.00,-1.00,-1.00,-1.00,0.1159,4.0,2.93,7.39,23.81,0.16,-15.08,1.72,-10.00
26,7,-1.00,-1.00,-1.00,-1.00,0.1149,4.2,2.86,7.02,2.94,0.45,-42.22,1.69,-10.00
26,7,1571.87,395.64,1600.00,521.79,0.1114,3.6,2.75,7.17,27.35,1.53,38.37,-3.05,-10.00
26,7,1165.80,426.26,1420.15,532.75,0.1029,3.4,2.77,7.55,15.65,2.09,42.54,0.10,-10.00
27,7,-1.00,-1.00,-1.00,-1.00,0.8160,4.2,2.60,6.07,31.71,1.37,18.44,1.72,-10.00
27,7,1449.62,276.74,1600.00,565.76,0.7248,4.0,2.63,6.10,12.81,1.49,20.58,1.70,-10.00
27,7,-1.00,-1.00,-1.00,-1.00,0.6458,4.3,2.94,7.05,45.75,-0.02,-3.37,1.80,-10.00
27,7,-1.00,-1.00,-1.00,-1.00,0.5411,3.9,2.64,5.85,20.04,1.55,20.63,-1.37,-10.00
27,7,301.17,461.02,468.70,549.83,0.4129,2.6,2.49,6.27,-13.81,2.49,39.76,-1.45,-10.00
27,7,-1.00,-1.00,-1.00,-1.00,0.2968,2.0,2.16,5.53,35.35,0.45,2.53,-3.01,-10.00
27,7,-1.00,-1.00,-1.00,-1.00,0.2563,4.0,3.10,7.15,-30.83,0.28,-47.32,-1.46,-10.00
27,7,1262.24,437.87,1506.52,545.47,0.1769,3.0,2.58,5.97,16.32,2.19,36.98,-3.11,-10.00
27,7,803.60,439.12,989.44,539.00,0.1641,3.7,2.88,6.93,2.78,2.65,48.75,-2.99,-10.00
27,7,-1.00,-1.00,-1.00,-1.00,0.1600,4.0,3.07,7.50,32.87,0.06,-46.33,-1.70,-10.00
27,7,-1.00,-1.00,-1.00,-1.00,0.1593,4.1,2.81,7.61,6.46,0.45,-46.68,1.70,-10.00
27,7,1332.52,327.73,1582.55,540.39,0.1512,4.2,2.75,7.56,13.99,1.58,28.59,-1.42,-10.00
27,7,-1.00,-1.00,-1.00,-1.00,0.1480,3.8,2.97,7.60,46.45,1.15,21.39,-3.05,-10.00
27,7,-1.00,-1.00,-1.00,-1.00,0.1462,3.8,2.91,8.46,-11.82,2.15,-33.08,-1.38,-10.00
27,7,-1.00,-1.00,-1.00,-1.00,0.1418,3.6,2.74,6.30,32.30,0.30,-18.01,2.52,-10.00
27,7,-1.00,-1.00,-1.00,-1.00,0.1216,2.0,2.14,5.41,36.39,0.63,4.83,-2.96,-10.00
27,7,-1.00,-1.00,-1.00,-1.00,0.1212,3.4,2.74,7.27,28.01,1.49,28.30,-2.97,-10.00
27,7,1179.15,317.09,1600.00,563.86,0.1184,4.1,2.84,6.95,10.24,1.66,22.89,0.17,-10.00
27,7,-1.00,-1.00,-1.00,-1.00,0.1053,3.0,2.48,6.23,30.13,1.42,33.66,-2.96,-10.00
27,7,999.30,449.97,1215.02,553.56,0.1038,3.0,2.51,6.28,8.60,2.56,39.05,0.12,-10.00
27,7,170.33,448.21,412.03,547.35,0.1034,2.9,2.57,6.36,-16.35,2.34,38.48,0.12,-10.00
27,7,-1.00,-1.00,-1.00,-1.00,0.1032,3.8,2.92,8.48,23.39,0.41,-17.37,1.82,-10.00
27,7,241.42,434.27,414.53,541.31,0.1019,3.6,2.69,7.07,-18.03,2.59,45.90,1.71,-10.00
28,7,-1.00,-1.00,-1.00,-1.00,0.9291,3.7,2.63,5.92,14.03,1.28,14.68,1.74,-10.00
28,7,-1.00,-1.00,-1.00,-1.00,0.8376,4.0,2.76,6.32,21.25,1.29,14.01,1.84,-10.00
28,7,-1.00,-1.00,-1.00,-1.00,0.6073,4.3,2.59,5.73,32.48,1.19,11.24,1.79,-10.00
28,7,290.90,420.69,506.73,560.33,0.3562,3.5,2.77,6.67,-11.72,2.46,35.10,-1.39,-10.00
28,7,-1.00,-1.00,-1.00,-1.00,0.3488,4.3,3.11,9.22,44.05,-0.27,-14.97,1.86,-10.00
28,7,-1.00,-1.00,-1.00,-1.00,0.3168,3.7,2.80,6.87,46.75,1.37,15.39,1.77,-10.00
28,7,1310.81,421.94,1600.00,549.54,0.2227,3.4,2.63,6.97,17.82,2.25,35.99,-2.88,-10.00
28,7,1459.70,312.22,1600.00,535.30,0.1438,4.0,2.89,9.51,16.78,1.41,27.33,-1.36,-10.00
28,7,-1.00,-1.00,-1.00,-1.00,0.1409,3.6,2.80,7.90,21.84,0.36,-23.92,1.87,-10.00
28,7,237.61,449.24,470.05,561.91,0.1387,3.5,2.80,6.64,-15.49,2.98,41.26,0.19,-10.00
28,7,-1.00,-1.00,-1.00,-1.00,0.1357,2.0,2.13,5.51,34.73,0.63,-4.80,-2.90,-10.00
28,7,-1.00,-1.00,-1.00,-1.00,0.1286,2.6,2.38,5.89,37.39,0.57,-2.51,-2.96,-10.00
28,7,-1.00,-1.00,-1.00,-1.00,0.1248,4.5,3.20,9.86,34.18,1.54,15.69,1.83,-10.00
28,7,-1.00,-1.00,-1.00,-1.00,0.1124,3.8,2.78,7.35,27.91,-0.06,-41.11,2.68,-10.00
28,7,-1.00,-1.00,-1.00,-1.00,0.1114,2.9,2.54,5.82,48.44,0.54,12.65,-2.95,-10.00
28,7,-1.00,-1.00,-1.00,-1.00,0.1073,2.0,2.08,5.08,28.89,0.62,-34.39,0.98,-10.00
28,7,-1.00,-1.00,-1.00,-1.00,0.1043,4.0,3.03,10.15,26.95,0.48,-27.10,-0.44,-10.00
29,7,-1.00,-1.00,-1.00,-1.00,0.7968,4.0,2.87,6.27,21.88,1.23,7.84,1.92,-10.00
29,7,-1.00,-1.00,-1.00,-1.00,0.7362,4.2,2.82,6.44,33.09,1.24,4.68,1.87,-10.00
29,7,-1.00,-1.00,-1.00,-1.00,0.7192,4.2,2.72,5.96,14.77,1.30,8.80,1.81,-10.00
29,7,324.46,461.41,554.33,557.97,0.4920,2.1,2.38,6.24,-9.37,2.12,31.11,-1.28,-10.00
29,7,-1.00,-1.00,-1.00,-1.00,0.4431,4.1,3.06,9.34,41.86,-0.41,-25.62,1.92,-10.00
29,7,1399.57,355.23,1600.00,560.35,0.2179,4.3,2.84,6.21,15.67,2.05,29.39,-1.32,-10.00
29,7,-1.00,-1.00,-1.00,-1.00,0.2141,4.0,2.82,8.95,6.72,0.81,-30.76,1.84,-10.00
29,7,971.55,452.29,1163.39,533.59,0.2027,2.3,2.28,5.49,7.30,1.89,37.84,0.27,-10.00
29,7,340.38,449.34,527.37,539.21,0.1582,3.1,2.67,6.05,-14.40,2.51,46.08,0.27,-10.00
29,7,338.51,434.72,591.24,551.21,0.1499,4.3,3.12,9.40,-14.34,3.18,49.79,0.28,-10.00
29,7,852.06,465.59,1033.72,532.09,0.1349,1.9,2.06,5.33,3.61,1.89,38.64,-2.92,-10.00
29,7,-1.00,-1.00,-1.00,-1.00,0.1349,4.2,2.92,8.19,16.32,1.41,13.11,1.80,-10.00
29,7,-1.00,-1.00,-1.00,-1.00,0.1345,4.1,2.92,8.55,2.90,0.85,-48.76,-1.35,-10.00
29,7,-1.00,-1.00,-1.00,-1.00,0.1221,3.8,2.89,9.63,-3.53,0.67,-51.20,1.90,-10.00
29,7,-1.00,-1.00,-1.00,-1.00,0.1197,2.8,2.57,6.67,-32.03,1.92,-35.29,-1.26,-10.00
29,7,196.43,451.57,428.92,551.39,0.1173,2.8,2.51,6.03,-15.26,2.39,37.35,0.23,-10.00
29,7,-1.00,-1.00,-1.00,-1.00,0.1155,3.5,2.72,6.74,-36.34,1.15,-52.05,1.80,-10.00
29,7,-1.00,-1.00,-1.00,-1.00,0.1125,3.3,2.54,6.53,31.01,1.18,12.79,-2.80,-10.00
29,7,-1.00,-1.00,-1.00,-1.00,0.1120,4.1,2.92,7.15,19.30,0.55,-35.23,1.86,-10.00
29,7,-1.00,-1.00,-1.00,-1.00,0.1093,3.4,2.60,6.69,32.61,0.62,-37.28,1.84,-10.00
29,7,600.73,445.64,785.85,534.80,0.1055,3.3,2.77,6.78,-5.30,2.55,49.92,0.32,-10.00
29,7,-1.00,-1.00,-1.00,-1.00,0.1044,2.0,2.08,5.22,34.26,0.31,-11.70,-2.91,-10.00
29,7,-1.00,-1.00,-1.00,-1.00,0.1027,2.0,2.18,5.33,36.05,0.07,-9.76,-2.80,-10.00
29,7,-1.00,-1.00,-1.00,-1.00,0.1010,4.1,3.05,7.73,26.69,0.20,-47.01,-0.38,-10.00
29,7,-1.00,-1.00,-1.00,-1.00,0.1001,4.2,2.93,8.99,28.43,2.09,12.45,-1.08,-10.00
30,7,-1.00,-1.00,-1.00,-1.00,0.7308,4.0,2.66,6.01,14.87,1.15,2.91,1.87,-10.00
30,7,-1.00,-1.00,-1.00,-1.00,0.6606,4.2,2.88,6.61,22.12,1.27,1.94,1.94,-10.00
30,7,309.33,448.79,579.76,565.69,0.6024,2.2,2.26,6.05,-7.80,1.95,26.46,-1.22,-10.00
30,7,-1.00,-1.00,-1.00,-1.00,0.5707,4.1,2.72,5.96,33.09,1.12,-2.35,1.88,-10.00
30,7,-1.00,-1.00,-1.00,-1.00,0.4066,4.2,2.93,6.55,37.66,-0.74,-38.66,1.96,-10.00
30,7,-1.00,-1.00,-1.00,-1.00,0.1982,3.7,2.46,5.50,18.36,1.22,3.24,1.88,-10.00
30,7,-1.00,-1.00,-1.00,-1.00,0.1929,4.2,2.74,5.66,17.15,2.08,23.33,-1.27,-10.00
30,7,174.29,448.07,426.30,560.13,0.1743,2.7,2.53,5.81,-13.76,2.33,32.85,0.31,-10.00
30,7,-1.00,-1.00,-1.00,-1.00,0.1622,2.2,2.21,5.21,-18.08,0.71,-43.11,-2.91,-10.00
30,7,-1.00,-1.00,-1.00,-1.00,0.1588,2.4,2.22,5.62,23.74,1.83,17.21,1.91,-10.00
30,7,-1.00,-1.00,-1.00,-1.00,0.1473,4.1,2.92,6.26,17.58,0.13,-40.74,1.83,-10.00
30,7,993.92,441.16,1224.34,544.53,0.1471,2.5,2.25,5.67,7.44,1.93,32.97,-2.82,-10.00
30,7,-1.00,-1.00,-1.00,-1.00,0.1402,4.1,2.74,7.82,4.23,0.99,-37.09,1.90,-10.00
30,7,-1.00,-1.00,-1.00,-1.00,0.1392,3.7,2.81,7.05,27.22,0.27,-38.80,2.66,-10.00
30,7,-1.00,-1.00,-1.00,-1.00,0.1250,3.5,2.57,5.45,35.87,0.92,-2.46,1.89,-10.00
30,7,-1.00,-1.00,-1.00,-1.00,0.1249,2.2,2.24,5.66,33.68,0.46,-22.02,-2.88,-10.00
30,7,-1.00,-1.00,-1.00,-1.00,0.1236,3.1,2.59,7.25,27.92,2.00,17.15,1.81,-10.00
30,7,-1.00,-1.00,-1.00,-1.00,0.1211,2.0,2.05,5.43,33.46,0.51,-18.83,-2.83,-10.00
30,7,-1.00,-1.00,-1.00,-1.00,0.1203,4.2,2.73,6.33,-0.15,0.49,-41.76,1.91,-10.00
30,7,-1.00,-1.00,-1.00,-1.00,0.1101,4.6,3.57,13.28,18.15,1.59,12.81,1.91,-10.00
30,7,-1.00,-1.00,-1.00,-1.00,0.1025,3.9,2.92,8.74,-16.08,1.58,-38.56,1.79,-10.00
30,7,-1.00,-1.00,-1.00,-1.00,0.1007,3.5,2.75,6.99,31.83,0.32,-46.50,0.25,-10.00
31,7,-1.00,-1.00,-1.00,-1.00,0.7351,4.1,2.69,5.84,14.77,1.23,-3.14,1.89,-10.00
31,7,251.35,431.98,591.62,577.27,0.7345,2.2,2.24,6.00,-6.72,1.76,21.78,-1.17,-10.00
31,7,-1.00,-1.00,-1.00,-1.00,0.4944,4.1,2.66,5.75,32.51,1.05,-8.97,1.89,-10.00
31,7,-1.00,-1.00,-1.00,-1.00,0.3320,3.9,2.86,6.57,21.98,1.13,-4.45,2.03,-10.00
31,7,121.73,410.46,429.39,564.38,0.2588,3.3,2.61,6.25,-12.65,2.14,28.88,0.29,-10.00
31,7,-1.00,-1.00,-1.00,-1.00,0.2435,3.9,2.59,7.00,20.54,1.90,13.65,1.94,-10.00
31,7,882.01,432.12,985.30,521.25,0.2070,3.1,2.52,6.28,4.28,1.95,48.94,1.90,-10.00
31,7,-1.00,-1.00,-1.00,-1.00,0.1949,4.4,2.89,6.35,17.99,2.18,18.63,-1.25,-10.00
31,7,-1.00,-1.00,-1.00,-1.00,0.1781,3.9,2.93,7.98,35.27,-0.18,-46.28,2.07,-10.00
31,7,1185.08,430.10,1447.90,527.46,0.1669,2.1,2.15,5.74,11.90,1.37,30.66,0.40,-10.00
31,7,-1.00,-1.00,-1.00,-1.00,0.1622,3.7,2.78,7.55,24.34,2.11,11.77,-1.18,-10.00
31,7,1199.36,436.65,1317.16,547.53,0.1566,2.3,2.28,5.78,10.06,1.76,28.95,-1.20,-10.00
31,7,315.51,458.10,553.37,557.47,0.1562,2.8,2.56,6.55,-11.85,2.61,37.95,0.30,-10.00
31,7,-1.00,-1.00,-1.00,-1.00,0.1497,2.3,2.28,5.56,-19.29,0.82,-44.34,-2.86,-10.00
31,7,1252.81,431.37,1463.79,513.40,0.1457,2.2,2.27,5.65,15.91,1.25,37.85,-2.79,-10.00
31,7,-1.00,-1.00,-1.00,-1.00,0.1442,3.5,2.81,8.63,16.45,0.49,-42.72,2.01,-10.00
31,7,-1.00,-1.00,-1.00,-1.00,0.1436,3.1,2.56,6.86,28.71,1.92,5.17,0.29,-10.00
31,7,-1.00,-1.00,-1.00,-1.00,0.1382,3.6,2.44,5.15,18.42,1.17,-3.28,1.88,-10.00
31,7,-1.00,-1.00,-1.00,-1.00,0.1334,1.9,2.02,5.32,32.67,0.49,-25.13,-2.84,-10.00
31,7,-1.00,-1.00,-1.00,-1.00,0.1307,3.7,2.70,6.47,1.84,1.22,-44.62,1.92,-10.00
31,7,-1.00,-1.00,-1.00,-1.00,0.1243,2.2,2.18,5.58,30.98,0.67,-30.89,-2.77,-10.00
31,7,-1.00,-1.00,-1.00,-1.00,0.1197,3.5,2.80,8.12,-13.79,1.92,-31.54,1.90,-10.00
31,7,-1.00,-1.00,-1.00,-1.00,0.1184,4.0,2.64,6.62,5.01,1.45,-33.33,0.33,-10.00
31,7,-1.00,-1.00,-1.00,-1.00,0.1172,2.2,2.13,5.45,34.20,0.48,-22.58,-2.83,-10.00
31,7,-1.00,-1.00,-1.00,-1.00,0.1156,3.7,2.70,7.20,20.25,0.96,-2.31,1.88,-10.00
31,7,-1.00,-1.00,-1.00,-1.00,0.1129,4.0,3.05,8.73,24.09,0.42,-2.65,-2.87,-10.00
31,7,-1.00,-1.00,-1.00,-1.00,0.1118,3.4,2.67,7.40,27.41,2.46,9.82,-1.35,-10.00
31,7,-1.00,-1.00,-1.00,-1.00,0.1022,3.6,2.71,7.02,42.52,0.36,-26.34,0.28,-10.00
31,7,1232.42,428.73,1322.12,514.35,0.1008,2.4,2.23,6.06,14.27,1.35,39.99,1.85,-10.00
31,7,-1.00,-1.00,-1.00,-1.00,0.1002,2.8,2.48,5.74,-18.65,0.84,-42.04,0.25,-10.00
32,7,65.84,408.19,542.15,606.40,0.7298,2.2,2.26,6.01,-6.62,1.66,16.94,-1.15,-10.00
32,7,-1.00,-1.00,-1.00,-1.00,0.6038,4.0,2.67,5.92,14.67,1.18,-7.79,1.87,-10.00
32,7,-1.00,-1.00,-1.00,-1.00,0.2575,4.1,2.83,6.34,21.54,2.29,10.03,-1.12,-10.00
32,7,-1.00,-1.00,-1.00,-1.00,0.2560,4.4,2.93,7.45,21.40,1.75,-9.29,0.39,-10.00
32,7,-1.00,-1.00,-1.00,-1.00,0.2479,4.0,3.17,7.28,-30.64,1.94,22.73,1.81,-10.00
32,7,-1.00,-1.00,-1.00,-1.00,0.2221,2.6,2.43,5.75,31.78,0.63,-29.97,0.32,-10.00
32,7,-1.00,-1.00,-1.00,-1.00,0.1962,4.2,2.73,6.59,4.84,1.38,-38.22,0.34,-10.00
32,7,-1.00,-1.00,-1.00,-1.00,0.1891,3.6,2.56,5.40,17.42,0.94,-8.95,1.89,-10.00
32,7,-1.00,-1.00,-1.00,-1.00,0.1712,3.7,2.82,10.02,15.44,0.35,-48.85,2.01,-10.00
32,7,-1.00,-1.00,-1.00,-1.00,0.1539,4.2,3.04,7.50,23.05,1.78,-5.20,0.39,-10.00
32,7,-1.00,-1.00,-1.00,-1.00,0.1531,4.1,3.21,12.17,36.08,-0.44,-48.13,2.11,-10.00
32,7,-1.00,-1.00,-1.00,-1.00,0.1486,4.3,2.78,5.38,17.96,2.03,11.89,-1.26,-10.00
32,7,-1.00,-1.00,-1.00,-1.00,0.1416,2.5,2.31,5.44,36.35,0.78,-23.76,-2.83,-10.00
32,7,912.30,443.67,1020.23,521.89,0.1406,2.5,2.25,6.03,5.00,1.78,43.96,1.94,-10.00
32,7,-1.00,-1.00,-1.00,-1.00,0.1398,2.5,2.39,5.78,31.33,0.79,-33.79,-2.79,-10.00
32,7,-1.00,-1.00,-1.00,-1.00,0.1275,3.6,2.71,8.32,24.65,1.99,6.72,-1.23,-10.00
32,7,-1.00,-1.00,-1.00,-1.00,0.1255,4.0,3.05,7.77,33.89,0.82,-11.31,2.00,-10.00
32,7,-1.00,-1.00,-1.00,-1.00,0.1218,3.7,2.96,7.03,23.83,1.11,-8.51,0.44,-10.00
32,7,-1.00,-1.00,-1.00,-1.00,0.1159,4.1,2.82,7.57,1.71,1.07,-48.08,1.94,-10.00
32,7,449.44,406.43,717.53,535.31,0.1155,3.9,2.94,8.06,-7.86,2.08,40.73,-2.88,-10.00
32,7,1276.98,379.79,1600.00,549.95,0.1097,2.9,2.40,6.06,11.84,1.48,23.76,0.31,-10.00
32,7,327.18,424.05,590.62,556.93,0.1064,3.2,2.63,6.18,-9.57,2.24,32.75,0.31,-10.00
32,7,-1.00,-1.00,-1.00,-1.00,0.1041,4.0,2.81,7.41,21.30,1.23,-11.36,0.30,-10.00
32,7,-1.00,-1.00,-1.00,-1.00,0.1035,3.8,2.82,7.08,-37.94,1.07,-42.68,1.89,-10.00
32,7,1364.59,365.90,1600.00,524.01,0.1018,3.6,2.72,7.00,17.47,1.30,31.32,0.28,-10.00
33,7,0.00,370.67,364.44,660.97,0.7246,2.0,2.20,5.81,-7.35,1.50,11.90,-1.19,-10.00
33,7,-1.00,-1.00,-1.00,-1.00,0.5737,4.1,2.79,6.00,15.13,1.38,-11.61,1.85,-10.00
33,7,0.00,354.95,168.20,640.10,0.4832,3.7,2.79,6.18,-13.38,2.35,18.50,0.27,-10.00
33,7,-1.00,-1.00,-1.00,-1.00,0.3899,2.2,2.35,6.07,34.02,1.26,-37.02,-2.88,-10.00
33,7,-1.00,-1.00,-1.00,-1.00,0.3401,4.0,2.84,7.05,23.42,1.60,-10.40,1.94,-10.00
33,7,91.92,424.26,403.09,547.72,0.3371,2.5,2.43,6.19,-12.81,1.69,27.79,-2.84,-10.00
33,7,-1.00,-1.00,-1.00,-1.00,0.2803,3.7,2.95,7.73,18.34,1.25,-51.19,2.00,-10.00
33,7,-1.00,-1.00,-1.00,-1.00,0.2470,3.9,2.87,7.47,20.74,2.56,6.61,-1.27,-10.00
33,7,-1.00,-1.00,-1.00,-1.00,0.2042,3.2,2.36,6.44,23.60,2.51,1.95,1.88,-10.00
33,7,1173.74,436.89,1399.22,525.49,0.1916,2.0,2.14,4.93,11.05,1.31,30.44,-2.84,-10.00
33,7,-1.00,-1.00,-1.00,-1.00,0.1597,3.9,3.01,8.23,-27.36,-1.14,-39.32,0.27,-10.00
33,7,-1.00,-1.00,-1.00,-1.00,0.1566,2.3,2.34,5.86,33.05,1.08,-33.02,-3.02,-10.00
33,7,-1.00,-1.00,-1.00,-1.00,0.1465,4.1,2.76,7.04,21.63,1.66,-13.77,0.27,-10.00
33,7,-1.00,-1.00,-1.00,-1.00,0.1400,4.0,2.89,7.34,20.64,1.20,-47.65,0.34,-10.00
33,7,-1.00,-1.00,-1.00,-1.00,0.1352,4.0,2.82,8.16,38.02,0.59,-52.96,2.02,-10.00
33,7,-1.00,-1.00,-1.00,-1.00,0.1196,3.6,2.60,5.42,16.96,1.53,-13.97,-2.90,-10.00
33,7,1359.32,373.65,1485.15,517.86,0.1192,4.1,2.91,8.58,19.33,1.50,41.15,1.93,-10.00
33,7,1299.64,352.03,1600.00,547.34,0.1178,3.1,2.36,5.84,11.46,1.31,21.81,0.31,-10.00
33,7,-1.00,-1.00,-1.00,-1.00,0.1127,4.1,2.77,7.27,27.52,1.16,-52.75,-1.04,-10.00
33,7,-1.00,-1.00,-1.00,-1.00,0.1104,4.3,2.87,6.45,16.84,2.54,7.90,-1.31,-10.00
33,7,-1.00,-1.00,-1.00,-1.00,0.1088,4.2,2.94,9.59,19.34,1.99,0.93,1.90,-10.00
34,7,-1.00,-1.00,-1.00,-1.00,0.7970,2.0,2.09,5.53,-8.29,1.68,6.66,-1.29,-10.00
34,7,-1.00,-1.00,-1.00,-1.00,0.6269,4.2,2.99,8.88,16.30,0.88,-14.05,1.80,-10.00
34,7,0.00,452.08,153.92,582.98,0.5709,2.1,2.32,5.97,-15.26,1.93,21.99,-2.93,-10.00
34,7,-1.00,-1.00,-1.00,-1.00,0.3328,3.8,3.11,8.78,-37.08,1.47,-8.76,1.59,-10.00
34,7,-1.00,-1.00,-1.00,-1.00,0.2920,2.2,2.25,5.56,-14.85,1.87,12.76,0.18,-10.00
34,7,-1.00,-1.00,-1.00,-1.00,0.1819,3.9,2.90,8.75,6.12,0.63,-52.39,1.77,-10.00
34,7,-1.00,-1.00,-1.00,-1.00,0.1692,4.0,2.92,8.95,20.35,1.94,4.79,-1.39,-10.00
34,7,-1.00,-1.00,-1.00,-1.00,0.1555,3.8,2.82,7.29,23.94,1.14,-16.38,0.37,-10.00
34,7,-1.00,-1.00,-1.00,-1.00,0.1355,3.7,2.76,6.63,19.26,0.86,-15.72,1.77,-10.00
34,7,-1.00,-1.00,-1.00,-1.00,0.1296,4.2,2.82,6.03,16.56,1.81,4.58,-1.37,-10.00
34,7,-1.00,-1.00,-1.00,-1.00,0.1289,2.3,2.27,5.56,-28.60,1.54,25.83,0.25,-10.00
34,7,-1.00,-1.00,-1.00,-1.00,0.1192,3.8,2.81,8.47,23.50,1.88,-0.89,-1.34,-10.00
34,7,749.23,458.89,873.14,546.21,0.1142,2.2,2.12,5.47,-0.31,2.09,34.94,1.82,-10.00
34,7,-1.00,-1.00,-1.00,-1.00,0.1002,3.8,2.77,6.99,-34.97,1.24,-8.40,-1.49,-10.00
35,7,-1.00,-1.00,-1.00,-1.00,0.8058,2.1,2.16,5.77,-8.69,1.64,1.45,-1.36,-10.00
35,7,-1.00,-1.00,-1.00,-1.00,0.5215,4.1,2.85,8.63,17.13,1.17,-17.47,1.76,-10.00
35,7,-1.00,-1.00,-1.00,-1.00,0.4638,2.2,2.25,5.80,-16.48,2.00,16.25,-2.94,-10.00
35,7,-1.00,-1.00,-1.00,-1.00,0.4271,2.1,2.17,5.48,-14.69,1.67,6.92,-2.97,-10.00
35,7,1276.93,212.54,1600.00,679.80,0.1738,3.5,2.68,6.12,7.54,1.69,11.40,0.23,-10.00
35,7,1104.75,412.08,1291.43,514.46,0.1534,3.6,2.73,6.41,13.80,1.61,47.04,0.20,-10.00
35,7,-1.00,-1.00,-1.00,-1.00,0.1451,3.4,2.63,5.66,18.83,0.67,-20.79,0.20,-10.00
35,7,645.93,407.85,727.34,506.91,0.1381,3.3,2.87,7.58,-5.41,1.32,48.28,-1.69,-10.00
35,7,-1.00,-1.00,-1.00,-1.00,0.1299,2.3,2.23,5.66,-28.77,2.48,18.80,-2.98,-10.00
35,7,-1.00,-1.00,-1.00,-1.00,0.1283,3.5,2.74,6.59,-4.07,1.74,-42.25,1.67,-10.00
35,7,628.00,423.80,787.18,543.21,0.1158,2.6,2.30,5.90,-2.70,1.74,30.17,1.75,-10.00
35,7,-1.00,-1.00,-1.00,-1.00,0.1145,3.2,2.49,6.17,23.34,1.07,-52.48,1.73,-10.00
35,7,989.20,446.03,1175.90,520.56,0.1090,2.1,2.24,5.37,7.73,1.49,38.14,-2.96,-10.00
35,7,-1.00,-1.00,-1.00,-1.00,0.1088,3.2,2.71,6.51,-24.72,2.55,18.41,0.20,-10.00
35,7,1061.77,419.56,1267.61,533.62,0.1027,3.8,2.82,6.72,11.79,2.21,44.20,0.21,-10.00
35,7,-1.00,-1.00,-1.00,-1.00,0.1009,4.3,2.83,7.92,27.65,0.90,-51.60,0.13,-10.00
36,7,-1.00,-1.00,-1.00,-1.00,0.7673,2.0,2.20,5.97,-8.84,1.69,-3.34,-1.45,-10.00
36,7,-1.00,-1.00,-1.00,-1.00,0.6487,2.1,2.20,5.43,-15.26,1.80,1.58,-3.08,-10.00
36,7,-1.00,-1.00,-1.00,-1.00,0.6067,4.0,2.91,8.45,18.42,0.98,-20.46,1.68,-10.00
36,7,-1.00,-1.00,-1.00,-1.00,0.5732,2.0,2.23,5.70,-24.15,1.99,2.02,0.03,-10.00
36,7,-1.00,-1.00,-1.00,-1.00,0.5237,2.2,2.25,5.71,-17.79,2.01,10.84,-3.02,-10.00
36,7,-1.00,-1.00,-1.00,-1.00,0.1759,3.3,2.82,6.09,-41.88,2.59,4.62,0.09,-10.00
36,7,-1.00,-1.00,-1.00,-1.00,0.1662,3.5,2.65,6.76,-33.74,2.93,4.18,1.76,-10.00
36,7,1007.54,423.50,1088.75,521.83,0.1381,3.2,2.54,6.49,7.90,1.82,45.28,-1.44,-10.00
36,7,-1.00,-1.00,-1.00,-1.00,0.1346,3.8,2.77,7.92,20.13,1.33,-3.44,1.72,-10.00
36,7,-1.00,-1.00,-1.00,-1.00,0.1322,4.1,3.02,8.83,19.67,0.96,-15.67,-1.45,-10.00
36,7,-1.00,-1.00,-1.00,-1.00,0.1162,3.2,2.96,7.77,-14.04,1.75,-18.60,1.60,-10.00
36,7,1465.63,209.14,1600.00,584.49,0.1144,3.4,2.71,6.84,10.82,1.11,13.01,0.10,-10.00
36,7,-1.00,-1.00,-1.00,-1.00,0.1106,3.1,2.76,6.50,-36.79,3.02,12.62,-0.03,-10.00
36,7,-1.00,-1.00,-1.00,-1.00,0.1057,2.1,2.37,5.61,-33.72,2.28,1.54,-3.00,-10.00
36,7,1355.86,144.92,1600.00,885.72,0.1049,2.6,2.29,5.44,5.73,1.56,5.96,0.13,-10.00
36,7,-1.00,-1.00,-1.00,-1.00,0.1029,3.7,3.23,9.69,-42.58,2.00,15.86,0.13,-10.00
37,7,-1.00,-1.00,-1.00,-1.00,0.8156,2.2,2.28,6.07,-8.65,1.42,-7.55,-1.49,-10.00
37,7,-1.00,-1.00,-1.00,-1.00,0.7234,2.1,2.18,5.45,-15.41,1.85,-2.81,-3.13,-10.00
37,7,-1.00,-1.00,-1.00,-1.00,0.7008,3.7,2.86,9.93,19.78,0.93,-22.24,1.62,-10.00
37,7,-1.00,-1.00,-1.00,-1.00,0.6471,2.0,2.16,5.46,-18.45,1.72,6.10,-3.13,-10.00
37,7,-1.00,-1.00,-1.00,-1.00,0.2860,2.0,2.13,5.24,-23.99,1.82,-2.44,0.03,-10.00
37,7,-1.00,-1.00,-1.00,-1.00,0.2124,3.6,2.98,7.29,-41.77,2.37,-1.73,0.01,-10.00
37,7,-1.00,-1.00,-1.00,-1.00,0.2062,4.1,3.12,8.86,-42.90,2.92,7.76,0.21,-10.00
37,7,-1.00,-1.00,-1.00,-1.00,0.2020,3.8,3.06,8.71,-21.80,-0.18,-48.91,1.60,-10.00
37,7,-1.00,-1.00,-1.00,-1.00,0.1923,2.4,2.31,5.84,-34.13,2.21,-1.07,0.01,-10.00
37,7,965.04,434.05,1060.18,537.03,0.1443,3.0,2.40,5.53,5.75,2.10,39.44,-1.52,-10.00
37,7,-1.00,-1.00,-1.00,-1.00,0.1437,3.5,2.70,7.37,9.93,1.18,7.80,0.08,-10.00
37,7,-1.00,-1.00,-1.00,-1.00,0.1415,3.9,3.06,6.67,-46.02,0.97,-5.16,0.04,-10.00
37,7,-1.00,-1.00,-1.00,-1.00,0.1203,3.2,2.83,7.55,-20.06,2.10,-3.04,0.03,-10.00
37,7,-1.00,-1.00,-1.00,-1.00,0.1039,4.2,3.09,7.50,-48.20,2.78,6.82,-0.04,-10.00
38,7,-1.00,-1.00,-1.00,-1.00,0.8233,2.2,2.35,6.28,-8.57,1.43,-10.93,-1.54,-10.00
38,7,-1.00,-1.00,-1.00,-1.00,0.6854,2.0,2.16,5.33,-18.49,1.81,2.40,3.12,-10.00
38,7,-1.00,-1.00,-1.00,-1.00,0.5231,2.0,2.19,5.53,-23.99,1.88,-6.60,-0.04,-10.00
38,7,-1.00,-1.00,-1.00,-1.00,0.4950,2.1,2.21,5.52,-15.30,1.59,-6.30,-3.10,-10.00
38,7,-1.00,-1.00,-1.00,-1.00,0.4014,2.7,2.31,5.46,-42.00,2.12,-5.74,-0.06,-10.00
38,7,-1.00,-1.00,-1.00,-1.00,0.3902,2.3,2.41,5.79,-33.95,2.17,-5.46,0.07,-10.00
38,7,-1.00,-1.00,-1.00,-1.00,0.2083,2.9,2.50,7.90,20.15,0.95,-25.25,1.57,-10.00
38,7,-1.00,-1.00,-1.00,-1.00,0.1754,4.1,3.07,7.17,-48.56,3.12,2.27,-0.05,-10.00
38,7,-1.00,-1.00,-1.00,-1.00,0.1554,2.5,2.35,5.42,-18.40,-0.43,-49.87,0.00,-10.00
38,7,-1.00,-1.00,-1.00,-1.00,0.1315,3.7,2.93,6.89,20.53,1.20,8.20,1.57,-10.00
38,7,-1.00,-1.00,-1.00,-1.00,0.1162,3.9,3.02,8.32,-43.77,2.07,5.58,0.04,-10.00
38,7,-1.00,-1.00,-1.00,-1.00,0.1032,2.2,2.32,5.59,-12.17,1.19,-37.62,0.18,-10.00
38,7,144.37,462.20,438.78,605.00,0.1003,1.8,1.99,5.17,-7.54,1.83,18.38,1.59,-10.00
