0,7,0.00,114.93,579.95,715.48,0.8793,3.4,2.79,8.21,-4.21,1.33,11.26,1.55,-10.00
0,7,-1.00,-1.00,-1.00,-1.00,0.6398,3.0,2.51,5.71,-7.13,1.79,-39.45,-1.72,-10.00
0,7,1497.32,444.31,1600.00,555.82,0.1415,2.4,2.35,5.79,19.21,1.46,29.79,2.79,-10.00
0,7,-1.00,-1.00,-1.00,-1.00,0.1106,2.2,2.24,5.44,40.01,1.49,-33.74,0.03,-10.00
1,7,0.00,6.19,553.55,866.70,0.9641,3.2,2.76,7.66,-4.08,1.47,8.64,1.60,-10.00
1,7,-1.00,-1.00,-1.00,-1.00,0.7651,2.9,2.17,5.10,-7.20,1.62,-40.98,-1.71,-10.00
1,7,1530.49,488.78,1600.00,586.49,0.6782,1.9,2.04,5.08,17.93,1.93,27.03,2.73,-10.00
1,7,-1.00,-1.00,-1.00,-1.00,0.2210,2.4,2.38,6.00,29.34,2.54,36.15,-3.13,-10.00
1,7,-1.00,-1.00,-1.00,-1.00,0.1510,3.7,2.96,8.90,50.56,1.40,-20.89,-1.26,-10.00
1,7,-1.00,-1.00,-1.00,-1.00,0.1154,2.6,2.50,6.80,-25.64,-1.21,-37.70,0.00,-10.00
2,7,0.00,0.00,467.47,900.00,0.9762,3.2,2.75,7.29,-4.15,1.39,6.23,1.58,-10.00
2,7,-1.00,-1.00,-1.00,-1.00,0.5635,2.7,2.04,4.95,-7.41,1.74,-43.06,-1.70,-10.00
2,7,1532.00,461.34,1600.00,579.20,0.3740,2.0,2.12,5.33,16.07,1.54,23.73,2.64,-10.00
2,7,-1.00,-1.00,-1.00,-1.00,0.2027,2.2,2.21,5.87,38.68,0.87,-39.19,-2.98,-10.00
2,7,-1.00,-1.00,-1.00,-1.00,0.1429,2.4,2.23,5.27,-1.92,1.87,-46.91,-1.58,-10.00
2,7,-1.00,-1.00,-1.00,-1.00,0.1077,2.2,2.17,5.35,49.96,2.59,33.67,3.13,-10.00
3,7,0.00,0.00,359.82,900.00,0.9752,3.3,2.75,7.43,-4.22,1.53,4.35,1.55,-10.00
3,7,-1.00,-1.00,-1.00,-1.00,0.8234,2.7,2.08,5.08,-7.51,1.92,-45.34,-1.66,-10.00
3,7,-1.00,-1.00,-1.00,-1.00,0.3783,1.8,1.98,5.07,15.70,1.66,21.01,2.61,-10.00
3,7,1391.84,456.59,1600.00,543.42,0.3294,2.1,2.06,5.40,17.58,1.26,31.69,-3.13,-10.00
3,7,-1.00,-1.00,-1.00,-1.00,0.2531,3.0,2.74,7.06,-10.59,2.39,-44.03,-3.13,-10.00
3,7,-1.00,-1.00,-1.00,-1.00,0.1716,1.9,2.00,4.99,44.78,2.61,31.66,-3.10,-10.00
3,7,-1.00,-1.00,-1.00,-1.00,0.1480,2.0,2.08,5.30,9.98,2.08,-38.71,2.89,-10.00
3,7,-1.00,-1.00,-1.00,-1.00,0.1312,4.0,3.10,9.49,-12.71,0.52,-51.49,1.63,-10.00
4,7,0.00,149.32,270.34,800.47,0.9570,3.3,2.78,7.57,-4.16,1.48,2.64,1.56,-10.00
4,7,-1.00,-1.00,-1.00,-1.00,0.8137,2.8,2.12,5.02,-7.72,2.01,-46.93,-1.65,-10.00
4,7,-1.00,-1.00,-1.00,-1.00,0.7522,2.0,2.12,5.61,14.71,1.71,18.34,2.48,-10.00
4,7,1207.27,446.14,1461.80,537.06,0.6330,2.0,2.11,5.14,12.13,1.04,29.91,-3.12,-10.00
4,7,-1.00,-1.00,-1.00,-1.00,0.1676,1.8,2.01,5.21,25.39,1.66,22.62,2.99,-10.00
4,7,-1.00,-1.00,-1.00,-1.00,0.1498,3.7,2.96,8.62,24.27,2.01,-12.86,-1.10,-10.00
4,7,-1.00,-1.00,-1.00,-1.00,0.1341,2.3,2.39,5.52,37.88,1.50,-42.36,3.13,-10.00
4,7,-1.00,-1.00,-1.00,-1.00,0.1203,2.1,2.21,5.72,-9.33,1.96,-37.09,-1.64,-10.00
4,7,-1.00,-1.00,-1.00,-1.00,0.1202,3.8,2.97,8.54,-12.46,0.42,-52.44,1.54,-10.00
4,7,-1.00,-1.00,-1.00,-1.00,0.1173,3.0,2.89,7.16,43.50,0.82,-15.30,2.00,-10.00
4,7,-1.00,-1.00,-1.00,-1.00,0.1103,3.0,2.75,7.22,-10.65,2.49,-45.46,0.11,-10.00
5,7,0.00,0.00,83.27,900.00,0.9643,3.5,2.80,8.24,-4.13,1.42,0.48,1.58,-10.00
5,7,-1.00,-1.00,-1.00,-1.00,0.7130,3.2,2.64,7.67,-7.85,2.46,-50.40,-1.64,-10.00
5,7,-1.00,-1.00,-1.00,-1.00,0.6430,2.0,2.09,5.37,13.46,1.65,14.98,2.42,-10.00
5,7,977.71,442.09,1235.05,539.25,0.5615,2.0,2.14,5.27,6.33,1.02,28.14,-3.10,-10.00
5,7,-1.00,-1.00,-1.00,-1.00,0.2258,2.0,2.09,5.43,24.96,1.92,20.42,3.04,-10.00
5,7,-1.00,-1.00,-1.00,-1.00,0.1872,3.8,3.08,8.50,43.27,1.29,-18.17,2.06,-10.00
5,7,-1.00,-1.00,-1.00,-1.00,0.1787,2.0,2.23,5.71,8.09,2.34,-44.22,-1.63,-10.00
5,7,-1.00,-1.00,-1.00,-1.00,0.1730,2.2,2.20,5.34,-3.58,2.19,-45.21,-1.56,-10.00
5,7,-1.00,-1.00,-1.00,-1.00,0.1634,2.4,2.24,5.60,-10.26,2.25,-47.77,3.06,-10.00
5,7,-1.00,-1.00,-1.00,-1.00,0.1590,2.3,2.27,5.47,32.73,2.21,33.77,-3.14,-10.00
5,7,-1.00,-1.00,-1.00,-1.00,0.1453,2.0,2.06,5.44,36.69,2.56,27.53,-3.13,-10.00
5,7,-1.00,-1.00,-1.00,-1.00,0.1361,2.0,2.18,5.41,-9.51,2.23,-38.61,-1.75,-10.00
5,7,-1.00,-1.00,-1.00,-1.00,0.1131,3.8,3.18,8.73,24.27,1.79,-15.00,-1.13,-10.00
5,7,-1.00,-1.00,-1.00,-1.00,0.1119,2.0,2.16,5.60,-1.08,1.72,-29.74,-1.57,-10.00
5,7,-1.00,-1.00,-1.00,-1.00,0.1117,2.3,2.35,5.87,38.37,0.72,43.81,-2.82,-10.00
5,7,944.66,422.85,1362.05,529.72,0.1058,3.3,3.03,12.84,10.68,1.18,41.40,0.09,-10.00
6,7,-1.00,-1.00,-1.00,-1.00,0.9339,3.2,2.81,8.46,-4.13,1.41,-1.26,1.57,-10.00
6,7,793.71,453.11,1037.94,550.67,0.6940,1.9,1.94,4.91,2.05,1.19,26.53,-3.09,-10.00
6,7,-1.00,-1.00,-1.00,-1.00,0.6680,2.5,2.04,5.28,-8.15,1.72,-51.10,-1.72,-10.00
6,7,-1.00,-1.00,-1.00,-1.00,0.5081,2.0,2.12,5.67,12.42,1.63,11.84,2.39,-10.00
6,7,-1.00,-1.00,-1.00,-1.00,0.1750,2.0,2.09,5.13,24.23,1.87,29.28,0.01,-10.00
6,7,-1.00,-1.00,-1.00,-1.00,0.1739,2.1,2.22,5.03,38.94,0.73,41.85,-2.81,-10.00
6,7,-1.00,-1.00,-1.00,-1.00,0.1193,2.2,2.22,5.20,47.05,2.14,38.00,-0.06,-10.00
6,7,-1.00,-1.00,-1.00,-1.00,0.1108,2.7,2.53,6.64,-11.05,2.09,-49.34,-3.07,-10.00
6,7,-1.00,-1.00,-1.00,-1.00,0.1102,2.1,2.21,5.52,-2.04,1.86,-44.47,-1.52,-10.00
7,7,-1.00,-1.00,-1.00,-1.00,0.8865,3.2,2.82,8.44,-4.11,1.48,-3.16,1.57,-10.00
7,7,587.14,437.71,874.04,542.99,0.7645,2.0,2.13,5.42,-1.60,0.97,25.01,-3.11,-10.00
7,7,-1.00,-1.00,-1.00,-1.00,0.7138,2.0,1.93,5.17,11.50,1.64,8.78,2.26,-10.00
7,7,-1.00,-1.00,-1.00,-1.00,0.2623,2.6,2.18,5.67,4.47,2.61,-51.98,1.56,-10.00
7,7,-1.00,-1.00,-1.00,-1.00,0.1830,2.6,2.28,5.47,-3.15,1.62,-44.35,-1.55,-10.00
7,7,-1.00,-1.00,-1.00,-1.00,0.1742,2.0,2.27,5.64,7.25,2.05,-39.30,1.55,-10.00
7,7,-1.00,-1.00,-1.00,-1.00,0.1439,2.2,2.32,5.69,45.51,2.59,18.06,3.09,-10.00
7,7,-1.00,-1.00,-1.00,-1.00,0.1271,2.2,2.14,5.72,24.65,2.14,27.31,0.01,-10.00
7,7,-1.00,-1.00,-1.00,-1.00,0.1197,3.3,2.78,7.69,50.18,0.88,-14.04,2.51,-10.00
7,7,-1.00,-1.00,-1.00,-1.00,0.1113,3.2,2.70,7.05,43.59,0.94,-21.04,-1.12,-10.00
8,7,-1.00,-1.00,-1.00,-1.00,0.9693,3.4,2.83,8.17,-4.03,1.47,-4.82,1.64,-10.00
8,7,-1.00,-1.00,-1.00,-1.00,0.6470,2.0,1.99,5.44,10.53,1.78,5.78,2.16,-10.00
8,7,482.78,441.74,770.91,551.84,0.4758,1.9,1.99,4.98,-3.39,1.07,23.41,-3.12,-10.00
8,7,-1.00,-1.00,-1.00,-1.00,0.1591,2.0,2.07,5.22,18.83,1.88,22.62,-3.13,-10.00
8,7,-1.00,-1.00,-1.00,-1.00,0.1471,2.1,2.08,5.30,24.08,2.21,25.61,0.02,-10.00
8,7,264.74,417.73,612.66,541.87,0.1420,2.2,2.26,5.85,-6.95,0.90,23.84,3.14,-10.00
8,7,-1.00,-1.00,-1.00,-1.00,0.1350,2.1,2.25,5.76,42.05,2.73,16.36,3.12,-10.00
8,7,-1.00,-1.00,-1.00,-1.00,0.1305,2.4,2.35,5.98,-14.68,1.76,-28.18,-1.51,-10.00
8,7,-1.00,-1.00,-1.00,-1.00,0.1124,2.4,2.21,5.52,-2.29,1.44,-45.31,-1.52,-10.00
8,7,-1.00,-1.00,-1.00,-1.00,0.1101,3.8,2.96,8.17,43.27,1.13,-23.39,-1.18,-10.00
9,7,-1.00,-1.00,-1.00,-1.00,0.9735,3.3,2.86,8.25,-4.07,1.49,-6.07,1.59,-10.00
9,7,-1.00,-1.00,-1.00,-1.00,0.5296,1.9,1.96,5.24,9.83,1.73,3.00,2.11,-10.00
9,7,328.71,416.36,654.91,546.54,0.4366,2.1,2.05,5.16,-5.54,0.92,22.16,-3.14,-10.00
9,7,-1.00,-1.00,-1.00,-1.00,0.1821,2.1,2.06,5.00,24.04,2.00,24.40,0.04,-10.00
9,7,-1.00,-1.00,-1.00,-1.00,0.1241,2.8,2.38,5.98,-3.05,2.24,-43.98,-1.53,-10.00
10,7,-1.00,-1.00,-1.00,-1.00,0.9783,3.2,2.83,8.26,-4.07,1.63,-7.39,1.60,-10.00
10,7,-1.00,-1.00,-1.00,-1.00,0.5741,1.9,1.99,5.35,9.04,1.80,0.23,1.98,-10.00
10,7,-1.00,-1.00,-1.00,-1.00,0.1716,1.9,2.00,5.06,34.80,2.51,16.37,-0.15,-10.00
10,7,-1.00,-1.00,-1.00,-1.00,0.1449,2.2,2.16,5.55,23.58,2.22,24.37,-1.47,-10.00
10,7,-1.00,-1.00,-1.00,-1.00,0.1131,2.4,2.24,6.52,-3.92,1.88,-22.10,-1.55,-10.00
10,7,0.00,390.98,87.47,498.86,0.1033,3.3,2.80,8.99,-29.04,0.19,41.25,0.02,-10.00
11,7,-1.00,-1.00,-1.00,-1.00,0.9684,3.3,2.85,8.41,-4.16,1.61,-8.45,1.58,-10.00
11,7,-1.00,-1.00,-1.00,-1.00,0.8590,2.0,2.12,5.96,8.56,1.75,-2.02,1.91,-10.00
11,7,-1.00,-1.00,-1.00,-1.00,0.3229,2.2,2.21,5.54,45.20,2.35,31.70,-0.08,-10.00
11,7,-1.00,-1.00,-1.00,-1.00,0.2407,2.0,2.05,5.06,-15.45,0.82,18.84,3.10,-10.00
11,7,292.00,431.73,574.71,547.00,0.1816,2.3,2.12,5.35,-8.05,1.14,27.01,0.02,-10.00
11,7,453.59,476.51,790.41,605.55,0.1561,1.9,1.91,4.87,-2.88,1.67,19.58,-3.11,-10.00
11,7,-1.00,-1.00,-1.00,-1.00,0.1478,1.9,1.94,5.23,-41.95,0.85,-2.52,-3.06,-10.00
11,7,-1.00,-1.00,-1.00,-1.00,0.1263,2.2,2.12,5.28,-0.80,1.54,-41.66,-1.50,-10.00
11,7,-1.00,-1.00,-1.00,-1.00,0.1100,2.0,2.09,5.85,-44.01,-0.01,38.88,0.02,-10.00
11,7,-1.00,-1.00,-1.00,-1.00,0.1041,2.1,2.07,5.16,23.98,2.08,22.48,-0.06,-10.00
11,7,-1.00,-1.00,-1.00,-1.00,0.1005,3.1,2.76,7.89,-10.32,1.79,-33.22,-1.61,-10.00
12,7,-1.00,-1.00,-1.00,-1.00,0.9805,3.3,2.80,8.25,-4.05,1.41,-9.86,1.55,-10.00
12,7,-1.00,-1.00,-1.00,-1.00,0.7990,2.0,1.98,5.25,7.89,1.71,-5.31,1.82,-10.00
12,7,-1.00,-1.00,-1.00,-1.00,0.6741,1.8,1.90,4.79,-17.59,0.70,17.32,3.04,-10.00
12,7,-1.00,-1.00,-1.00,-1.00,0.2881,2.2,2.25,5.47,45.06,2.50,30.97,-0.06,-10.00
12,7,-1.00,-1.00,-1.00,-1.00,0.2043,1.9,2.02,4.95,-42.08,1.29,-4.29,-3.14,-10.00
12,7,-1.00,-1.00,-1.00,-1.00,0.1641,2.9,2.40,6.80,5.33,2.86,-51.95,1.55,-10.00
12,7,-1.00,-1.00,-1.00,-1.00,0.1426,2.9,2.40,6.26,-8.71,1.91,-50.06,-1.60,-10.00
12,7,259.08,461.94,651.68,605.09,0.1366,1.9,2.01,5.07,-5.04,1.55,18.27,3.13,-10.00
12,7,34.27,363.16,343.51,490.32,0.1227,3.1,2.52,6.86,-16.44,-0.08,33.55,-0.05,-10.00
12,7,-1.00,-1.00,-1.00,-1.00,0.1157,2.5,2.33,5.96,-1.84,2.08,-42.58,-1.64,-10.00
12,7,-1.00,-1.00,-1.00,-1.00,0.1096,2.0,2.10,5.45,-29.30,1.28,31.93,-3.12,-10.00
12,7,584.43,462.74,857.59,569.28,0.1018,2.1,2.04,5.36,-1.87,1.53,25.96,0.00,-10.00
13,7,-1.00,-1.00,-1.00,-1.00,0.9838,3.3,2.85,8.25,-4.00,1.62,-11.25,1.55,-10.00
13,7,-1.00,-1.00,-1.00,-1.00,0.8211,2.0,2.07,5.23,-21.08,0.63,15.70,3.03,-10.00
13,7,-1.00,-1.00,-1.00,-1.00,0.7386,2.0,1.89,4.98,7.40,1.77,-9.16,1.74,-10.00
13,7,-1.00,-1.00,-1.00,-1.00,0.3471,1.8,2.02,5.03,44.76,2.50,30.06,-0.09,-10.00
13,7,-1.00,-1.00,-1.00,-1.00,0.2440,2.2,2.17,5.48,-7.96,1.82,-50.99,-1.73,-10.00
13,7,-1.00,-1.00,-1.00,-1.00,0.1023,1.9,1.99,5.28,21.87,1.91,23.42,3.05,-10.00
14,7,-1.00,-1.00,-1.00,-1.00,0.9823,3.2,2.85,8.19,-3.94,1.60,-11.64,1.54,-10.00
14,7,-1.00,-1.00,-1.00,-1.00,0.8993,2.1,1.96,5.25,7.39,1.80,-11.63,1.67,-10.00
14,7,-1.00,-1.00,-1.00,-1.00,0.8245,1.9,2.02,5.21,-24.19,1.02,14.56,2.97,-10.00
14,7,-1.00,-1.00,-1.00,-1.00,0.3760,2.0,2.19,5.12,44.25,2.66,29.77,-0.13,-10.00
14,7,-1.00,-1.00,-1.00,-1.00,0.3236,2.6,2.55,6.62,49.60,2.90,11.65,3.06,-10.00
15,7,-1.00,-1.00,-1.00,-1.00,0.9835,3.3,2.86,8.32,-3.87,1.57,-12.13,1.52,-10.00
15,7,-1.00,-1.00,-1.00,-1.00,0.9085,2.2,2.00,5.29,7.25,1.78,-14.59,1.63,-10.00
15,7,-1.00,-1.00,-1.00,-1.00,0.7781,2.0,2.04,5.39,-28.17,1.07,13.70,3.04,-10.00
15,7,-1.00,-1.00,-1.00,-1.00,0.6384,2.9,2.60,6.62,45.56,3.11,11.19,3.06,-10.00
15,7,-1.00,-1.00,-1.00,-1.00,0.1795,2.9,2.35,6.62,-3.55,1.64,-51.79,-1.66,-10.00
15,7,-1.00,-1.00,-1.00,-1.00,0.1093,2.1,2.23,5.99,-0.92,1.68,-40.04,-1.63,-10.00
16,7,-1.00,-1.00,-1.00,-1.00,0.9769,3.3,2.87,8.29,-3.86,1.51,-12.18,1.54,-10.00
16,7,-1.00,-1.00,-1.00,-1.00,0.8628,2.0,1.93,5.17,7.19,1.75,-17.37,1.60,-10.00
16,7,-1.00,-1.00,-1.00,-1.00,0.7824,3.0,2.65,6.68,41.44,2.68,10.89,-3.14,-10.00
16,7,-1.00,-1.00,-1.00,-1.00,0.6480,1.8,1.91,4.86,-31.60,0.84,13.26,3.03,-10.00
16,7,-1.00,-1.00,-1.00,-1.00,0.5387,1.8,2.03,4.97,44.20,2.39,29.58,-0.13,-10.00
16,7,-1.00,-1.00,-1.00,-1.00,0.4749,3.2,2.47,6.64,-3.97,1.88,-51.51,-1.67,-10.00
16,7,-1.00,-1.00,-1.00,-1.00,0.1259,2.1,2.19,5.80,-0.22,1.65,-38.27,-1.47,-10.00
16,7,-1.00,-1.00,-1.00,-1.00,0.1096,2.2,2.14,5.72,5.66,2.46,-52.26,1.55,-10.00
17,7,-1.00,-1.00,-1.00,-1.00,0.9806,3.2,2.85,8.12,-3.88,1.49,-11.98,1.51,-10.00
17,7,-1.00,-1.00,-1.00,-1.00,0.8618,2.1,1.90,4.94,7.01,1.63,-20.77,1.59,-10.00
17,7,-1.00,-1.00,-1.00,-1.00,0.8425,2.9,2.47,6.60,-4.44,1.62,-49.85,-1.75,-10.00
17,7,-1.00,-1.00,-1.00,-1.00,0.8425,2.7,2.53,6.71,37.59,2.52,10.71,3.02,-10.00
17,7,-1.00,-1.00,-1.00,-1.00,0.6875,2.1,2.12,5.52,-35.85,1.08,12.96,3.10,-10.00
17,7,-1.00,-1.00,-1.00,-1.00,0.2786,1.9,2.14,4.93,44.02,2.52,29.70,-0.16,-10.00
17,7,-1.00,-1.00,-1.00,-1.00,0.1609,2.0,2.09,4.84,-39.08,0.50,12.48,3.06,-10.00
17,7,-1.00,-1.00,-1.00,-1.00,0.1017,1.9,2.10,5.35,13.38,2.09,-28.52,-2.20,-10.00
18,7,-1.00,-1.00,-1.00,-1.00,0.9765,3.2,2.87,8.38,-3.88,1.45,-12.14,1.52,-10.00
18,7,-1.00,-1.00,-1.00,-1.00,0.9115,2.9,2.46,6.83,-4.74,1.46,-47.78,-1.74,-10.00
18,7,-1.00,-1.00,-1.00,-1.00,0.8960,2.2,1.98,5.04,6.94,1.69,-24.50,1.58,-10.00
18,7,-1.00,-1.00,-1.00,-1.00,0.8633,2.8,2.59,6.75,33.50,2.40,10.37,3.09,-10.00
18,7,-1.00,-1.00,-1.00,-1.00,0.8007,1.9,2.08,5.26,-39.83,0.69,12.64,3.01,-10.00
18,7,-1.00,-1.00,-1.00,-1.00,0.3279,1.9,2.11,5.24,-43.33,0.52,12.32,3.08,-10.00
18,7,-1.00,-1.00,-1.00,-1.00,0.2148,1.9,1.99,4.88,44.38,2.29,29.62,-0.14,-10.00
18,7,-1.00,-1.00,-1.00,-1.00,0.1482,2.2,2.30,5.92,7.94,2.06,-39.91,-3.05,-10.00
18,7,951.09,473.59,1078.07,549.01,0.1023,2.5,2.25,5.71,6.82,1.93,44.36,1.31,-10.00
18,7,-1.00,-1.00,-1.00,-1.00,0.1010,2.1,2.18,5.48,42.98,2.38,18.10,-3.13,-10.00
19,7,-1.00,-1.00,-1.00,-1.00,0.9826,3.2,2.87,8.37,-3.83,1.50,-12.18,1.52,-10.00
19,7,-1.00,-1.00,-1.00,-1.00,0.8829,2.8,2.48,6.73,-5.01,1.26,-46.05,-1.72,-10.00
19,7,-1.00,-1.00,-1.00,-1.00,0.8612,2.1,1.89,4.87,6.77,1.54,-28.24,1.59,-10.00
19,7,-1.00,-1.00,-1.00,-1.00,0.8492,2.5,2.38,6.30,30.01,2.02,10.01,3.10,-10.00
19,7,-1.00,-1.00,-1.00,-1.00,0.6760,2.0,2.04,5.26,-44.31,0.85,12.28,3.10,-10.00
19,7,-1.00,-1.00,-1.00,-1.00,0.4571,1.9,2.16,4.89,43.92,2.43,29.59,-0.15,-10.00
19,7,-1.00,-1.00,-1.00,-1.00,0.2589,2.1,2.22,5.80,-48.28,0.40,12.02,3.02,-10.00
19,7,-1.00,-1.00,-1.00,-1.00,0.1419,2.0,2.15,5.37,38.34,2.57,18.37,3.12,-10.00
19,7,211.72,405.10,437.49,487.86,0.1056,2.9,2.47,7.46,-18.33,-0.19,47.52,-0.03,-10.00
19,7,-1.00,-1.00,-1.00,-1.00,0.1014,1.8,2.05,5.33,-24.95,1.39,14.73,3.03,-10.00
20,7,-1.00,-1.00,-1.00,-1.00,0.9824,3.3,2.87,8.39,-3.83,1.51,-12.17,1.52,-10.00
20,7,-1.00,-1.00,-1.00,-1.00,0.9044,2.8,2.37,6.31,-5.36,1.03,-43.73,-1.71,-10.00
20,7,-1.00,-1.00,-1.00,-1.00,0.8621,2.3,2.00,5.04,6.54,1.62,-31.70,1.60,-10.00
20,7,-1.00,-1.00,-1.00,-1.00,0.8350,2.8,2.47,6.24,27.04,2.30,9.73,3.07,-10.00
20,7,-1.00,-1.00,-1.00,-1.00,0.6234,1.9,2.03,5.14,-48.23,0.86,11.86,3.08,-10.00
20,7,-1.00,-1.00,-1.00,-1.00,0.5131,2.0,2.08,5.00,43.94,2.39,29.55,-0.16,-10.00
20,7,-1.00,-1.00,-1.00,-1.00,0.3910,1.9,2.07,5.27,-30.36,1.04,13.05,3.04,-10.00
20,7,-1.00,-1.00,-1.00,-1.00,0.1729,1.9,2.09,5.35,33.10,2.32,18.06,-3.11,-10.00
20,7,-1.00,-1.00,-1.00,-1.00,0.1146,1.9,2.12,5.55,-33.87,0.83,12.45,3.01,-10.00
20,7,1548.22,434.54,1600.00,580.22,0.1041,2.5,2.31,5.75,16.77,1.53,22.93,3.09,-10.00
20,7,-1.00,-1.00,-1.00,-1.00,0.1029,2.3,2.30,5.86,19.75,2.02,-27.73,-1.49,-10.00
20,7,-1.00,-1.00,-1.00,-1.00,0.1008,2.0,2.22,5.83,0.54,1.51,-34.32,-1.60,-10.00
21,7,-1.00,-1.00,-1.00,-1.00,0.9815,3.3,2.86,8.34,-3.83,1.51,-12.15,1.51,-10.00
21,7,-1.00,-1.00,-1.00,-1.00,0.9177,2.8,2.38,6.03,-5.54,1.13,-42.06,-1.69,-10.00
21,7,-1.00,-1.00,-1.00,-1.00,0.8895,2.1,1.85,4.87,6.28,1.62,-35.55,1.59,-10.00
21,7,-1.00,-1.00,-1.00,-1.00,0.8892,2.8,2.54,6.75,24.76,2.37,9.39,3.04,-10.00
21,7,-1.00,-1.00,-1.00,-1.00,0.6298,1.8,2.08,4.80,43.72,2.62,29.60,-0.11,-10.00
21,7,-1.00,-1.00,-1.00,-1.00,0.2178,2.1,2.09,5.37,-49.12,0.78,11.96,3.07,-10.00
21,7,-1.00,-1.00,-1.00,-1.00,0.1565,2.1,2.17,5.15,-39.90,1.22,16.65,-0.09,-10.00
21,7,-1.00,-1.00,-1.00,-1.00,0.1474,2.0,2.02,5.27,28.43,2.27,18.15,-3.12,-10.00
22,7,-1.00,-1.00,-1.00,-1.00,0.9767,3.2,2.88,8.44,-3.86,1.44,-12.19,1.52,-10.00
22,7,-1.00,-1.00,-1.00,-1.00,0.8624,2.8,2.24,6.06,-5.61,1.03,-40.34,-1.66,-10.00
22,7,-1.00,-1.00,-1.00,-1.00,0.8581,2.7,2.49,6.80,22.33,2.14,8.89,2.94,-10.00
22,7,-1.00,-1.00,-1.00,-1.00,0.7008,2.1,1.90,4.85,6.13,1.57,-39.28,1.57,-10.00
22,7,-1.00,-1.00,-1.00,-1.00,0.3228,1.9,2.05,5.14,44.27,2.57,29.96,-0.19,-10.00
22,7,-1.00,-1.00,-1.00,-1.00,0.1129,2.0,2.02,5.38,41.22,2.66,11.22,3.08,-10.00
22,7,-1.00,-1.00,-1.00,-1.00,0.1051,2.0,2.14,5.55,-41.89,0.67,12.02,3.14,-10.00
23,7,-1.00,-1.00,-1.00,-1.00,0.9713,3.2,2.88,8.48,-3.82,1.43,-12.16,1.51,-10.00
23,7,-1.00,-1.00,-1.00,-1.00,0.8704,2.7,2.45,6.73,20.23,2.09,8.11,2.82,-10.00
23,7,-1.00,-1.00,-1.00,-1.00,0.8484,2.8,2.35,6.27,-5.85,1.35,-39.16,-1.65,-10.00
23,7,-1.00,-1.00,-1.00,-1.00,0.5925,2.1,1.87,4.81,6.12,1.54,-43.18,1.56,-10.00
23,7,-1.00,-1.00,-1.00,-1.00,0.5644,1.8,2.02,4.83,43.71,2.60,29.58,-0.10,-10.00
23,7,-1.00,-1.00,-1.00,-1.00,0.2872,2.0,2.07,5.27,-20.03,1.11,15.20,3.13,-10.00
23,7,-1.00,-1.00,-1.00,-1.00,0.1159,2.9,2.56,7.54,-45.11,-0.87,-14.40,-0.09,-10.00
23,7,-1.00,-1.00,-1.00,-1.00,0.1091,2.0,2.10,5.29,-38.48,0.99,14.67,-3.14,-10.00
24,7,-1.00,-1.00,-1.00,-1.00,0.9823,3.2,2.87,8.29,-3.84,1.53,-12.23,1.53,-10.00
24,7,-1.00,-1.00,-1.00,-1.00,0.8363,2.8,2.55,7.42,18.62,1.92,7.48,2.70,-10.00
24,7,-1.00,-1.00,-1.00,-1.00,0.8044,2.8,2.20,5.91,-6.00,1.18,-37.51,-1.69,-10.00
24,7,-1.00,-1.00,-1.00,-1.00,0.5762,1.8,2.00,4.66,43.70,2.48,29.61,-0.10,-10.00
24,7,-1.00,-1.00,-1.00,-1.00,0.3874,2.1,1.97,4.97,6.00,1.83,-47.33,1.58,-10.00
24,7,-1.00,-1.00,-1.00,-1.00,0.1248,2.1,2.17,5.45,-46.82,1.45,14.68,3.09,-10.00
24,7,-1.00,-1.00,-1.00,-1.00,0.1208,3.0,2.70,7.11,-45.88,1.55,11.90,3.13,-10.00
24,7,-1.00,-1.00,-1.00,-1.00,0.1093,2.1,2.17,5.49,17.49,2.03,18.38,-3.06,-10.00
24,7,207.95,405.47,433.96,488.63,0.1011,2.9,2.46,7.50,-18.43,-0.17,47.54,-0.14,-10.00
25,7,-1.00,-1.00,-1.00,-1.00,0.9796,3.2,2.88,8.39,-3.84,1.49,-12.15,1.52,-10.00
25,7,-1.00,-1.00,-1.00,-1.00,0.8295,2.7,2.40,6.59,16.29,1.86,6.02,2.56,-10.00
25,7,-1.00,-1.00,-1.00,-1.00,0.6275,2.8,2.33,6.03,-6.16,1.33,-36.23,-1.65,-10.00
25,7,-1.00,-1.00,-1.00,-1.00,0.4441,1.9,2.01,4.94,44.66,2.20,29.69,-0.17,-10.00
25,7,1518.50,467.05,1600.00,614.02,0.2706,2.0,2.06,5.24,13.74,1.69,19.00,-2.90,-10.00
25,7,-1.00,-1.00,-1.00,-1.00,0.2287,2.8,2.19,6.17,6.13,2.25,-51.53,1.55,-10.00
25,7,-1.00,-1.00,-1.00,-1.00,0.1924,2.3,2.23,6.11,11.33,1.80,-46.12,-0.06,-10.00
25,7,199.36,402.74,437.53,488.67,0.1176,3.0,2.51,7.89,-18.54,-0.16,47.53,-0.06,-10.00
25,7,-1.00,-1.00,-1.00,-1.00,0.1175,3.3,2.50,7.01,14.29,2.45,-47.33,0.07,-10.00
26,7,-1.00,-1.00,-1.00,-1.00,0.9842,3.3,2.87,8.37,-3.82,1.47,-12.18,1.52,-10.00
26,7,-1.00,-1.00,-1.00,-1.00,0.8490,2.8,2.50,7.03,14.91,2.08,4.74,2.49,-10.00
26,7,-1.00,-1.00,-1.00,-1.00,0.7210,1.9,2.11,4.92,43.67,2.65,29.54,-0.16,-10.00
26,7,-1.00,-1.00,-1.00,-1.00,0.5698,2.7,2.21,5.65,-6.35,1.45,-35.54,-1.68,-10.00
26,7,-1.00,-1.00,-1.00,-1.00,0.1691,2.2,2.24,5.90,49.93,3.18,10.92,2.97,-10.00
26,7,1281.14,467.00,1600.00,612.40,0.1295,2.1,2.07,5.27,10.13,1.74,19.84,-2.83,-10.00
26,7,-1.00,-1.00,-1.00,-1.00,0.1054,1.8,1.95,4.83,-34.81,1.04,14.48,3.13,-10.00
26,7,-1.00,-1.00,-1.00,-1.00,0.1045,3.0,2.39,6.71,6.43,2.64,-51.92,1.45,-10.00
26,7,-1.00,-1.00,-1.00,-1.00,0.1027,2.0,2.10,5.49,10.99,2.00,-20.98,-1.73,-10.00
27,7,-1.00,-1.00,-1.00,-1.00,0.9797,3.3,2.88,8.43,-3.83,1.49,-12.15,1.52,-10.00
27,7,-1.00,-1.00,-1.00,-1.00,0.6633,2.7,2.47,6.80,13.19,2.01,3.23,2.41,-10.00
27,7,-1.00,-1.00,-1.00,-1.00,0.4038,2.0,2.14,5.00,44.28,2.60,29.70,-0.14,-10.00
27,7,-1.00,-1.00,-1.00,-1.00,0.1985,3.1,2.45,7.33,-3.44,2.52,-50.65,-1.67,-10.00
27,7,1114.00,462.17,1454.24,593.55,0.1791,2.0,2.03,5.06,7.72,1.55,21.01,-2.65,-10.00
27,7,-1.00,-1.00,-1.00,-1.00,0.1007,1.8,1.98,5.14,-43.14,0.65,14.04,3.13,-10.00
28,7,-1.00,-1.00,-1.00,-1.00,0.9848,3.3,2.87,8.31,-3.84,1.48,-12.22,1.53,-10.00
28,7,-1.00,-1.00,-1.00,-1.00,0.7795,2.8,2.50,7.17,12.15,2.07,1.82,2.28,-10.00
28,7,957.94,447.06,1272.37,576.10,0.2347,2.1,2.02,5.06,5.23,1.38,22.53,-2.49,-10.00
28,7,-1.00,-1.00,-1.00,-1.00,0.1203,2.0,2.15,5.49,-3.74,1.71,-46.11,-1.58,-10.00
28,7,866.75,489.23,969.58,563.54,0.1081,2.1,2.22,5.77,3.07,2.13,39.48,1.48,-10.00
29,7,-1.00,-1.00,-1.00,-1.00,0.9699,3.2,2.88,8.37,-3.85,1.45,-12.17,1.52,-10.00
29,7,-1.00,-1.00,-1.00,-1.00,0.8496,2.7,2.45,6.82,10.83,1.81,0.01,2.19,-10.00
29,7,-1.00,-1.00,-1.00,-1.00,0.1823,2.8,2.35,6.02,-4.39,2.04,-44.63,-1.64,-10.00
29,7,-1.00,-1.00,-1.00,-1.00,0.1275,1.9,2.11,5.17,24.47,2.13,16.54,-3.14,-10.00
29,7,214.91,406.61,432.66,489.41,0.1037,2.9,2.45,7.17,-18.37,-0.13,47.52,-0.03,-10.00
30,7,-1.00,-1.00,-1.00,-1.00,0.9817,3.2,2.87,8.34,-3.83,1.49,-12.22,1.52,-10.00
30,7,-1.00,-1.00,-1.00,-1.00,0.9529,2.8,2.52,6.78,9.93,1.92,-1.77,2.09,-10.00
30,7,-1.00,-1.00,-1.00,-1.00,0.1934,3.1,2.62,7.04,40.44,2.83,25.73,0.02,-10.00
30,7,795.69,456.79,1024.30,557.92,0.1199,1.9,1.89,5.25,1.79,1.28,26.24,-2.16,-10.00
30,7,-1.00,-1.00,-1.00,-1.00,0.1072,1.9,1.86,4.63,6.80,1.93,-47.51,1.48,-10.00
31,7,-1.00,-1.00,-1.00,-1.00,0.9757,3.2,2.88,8.33,-3.85,1.44,-12.15,1.52,-10.00
31,7,-1.00,-1.00,-1.00,-1.00,0.9057,2.8,2.54,7.01,9.02,1.85,-3.93,1.97,-10.00
31,7,-1.00,-1.00,-1.00,-1.00,0.2235,1.9,1.92,4.58,6.07,1.94,-32.47,1.53,-10.00
31,7,-1.00,-1.00,-1.00,-1.00,0.1407,2.1,2.27,6.01,33.07,2.65,9.99,3.06,-10.00
31,7,751.62,444.47,942.91,550.68,0.1259,2.2,2.05,5.31,0.56,1.26,28.63,-2.04,-10.00
31,7,-1.00,-1.00,-1.00,-1.00,0.1249,2.1,2.05,5.26,42.99,2.21,25.40,-0.01,-10.00
31,7,-1.00,-1.00,-1.00,-1.00,0.1151,2.0,2.16,5.51,45.59,2.54,18.42,3.11,-10.00
31,7,-1.00,-1.00,-1.00,-1.00,0.1106,2.1,2.20,5.84,-4.99,1.71,-40.47,-1.53,-10.00
31,7,701.05,465.80,776.68,537.17,0.1030,2.1,1.99,5.09,-2.48,1.37,39.44,-1.70,-10.00
32,7,-1.00,-1.00,-1.00,-1.00,0.9825,3.2,2.87,8.29,-3.82,1.50,-12.21,1.51,-10.00
32,7,-1.00,-1.00,-1.00,-1.00,0.8735,2.8,2.56,7.31,8.23,1.82,-6.42,1.89,-10.00
32,7,-1.00,-1.00,-1.00,-1.00,0.1901,3.6,2.88,9.09,41.29,2.99,25.99,0.01,-10.00
32,7,-1.00,-1.00,-1.00,-1.00,0.1811,2.0,2.12,5.45,41.83,2.43,18.74,3.14,-10.00
32,7,-1.00,-1.00,-1.00,-1.00,0.1049,2.1,2.09,5.49,-4.74,1.45,-39.26,-1.59,-10.00
33,7,-1.00,-1.00,-1.00,-1.00,0.9815,3.2,2.89,8.43,-3.82,1.48,-12.17,1.51,-10.00
33,7,-1.00,-1.00,-1.00,-1.00,0.9443,2.8,2.53,6.88,7.67,1.79,-8.97,1.77,-10.00
33,7,150.76,438.65,616.58,610.40,0.1389,2.0,2.02,5.24,-5.32,1.43,16.16,3.12,-10.00
33,7,694.16,462.76,748.39,526.21,0.1197,2.3,1.97,4.86,-3.65,1.32,49.39,-1.62,-10.00
33,7,-1.00,-1.00,-1.00,-1.00,0.1106,2.0,2.08,5.41,26.40,2.30,9.31,2.94,-10.00
34,7,-1.00,-1.00,-1.00,-1.00,0.9775,3.2,2.87,8.37,-3.84,1.50,-12.14,1.52,-10.00
34,7,-1.00,-1.00,-1.00,-1.00,0.9511,2.9,2.47,6.80,7.26,1.82,-11.52,1.72,-10.00
34,7,-1.00,-1.00,-1.00,-1.00,0.2902,1.8,1.96,4.76,43.86,2.29,29.53,-0.16,-10.00
34,7,-1.00,-1.00,-1.00,-1.00,0.1835,2.8,2.39,5.87,43.53,2.47,25.96,-0.06,-10.00
34,7,695.41,495.44,754.59,559.64,0.1549,2.4,2.12,5.64,-3.59,2.62,50.73,-1.60,-10.00
34,7,-1.00,-1.00,-1.00,-1.00,0.1521,2.0,2.13,5.38,31.79,2.44,18.66,3.13,-10.00
35,7,-1.00,-1.00,-1.00,-1.00,0.9820,3.2,2.88,8.36,-3.83,1.45,-12.20,1.52,-10.00
35,7,-1.00,-1.00,-1.00,-1.00,0.9242,2.8,2.47,6.78,7.00,1.76,-14.62,1.68,-10.00
35,7,-1.00,-1.00,-1.00,-1.00,0.1558,2.0,1.95,4.97,-20.27,0.92,15.27,3.12,-10.00
35,7,-1.00,-1.00,-1.00,-1.00,0.1401,2.1,2.23,5.94,27.45,2.27,18.69,3.08,-10.00
35,7,-1.00,-1.00,-1.00,-1.00,0.1092,3.4,2.74,8.03,46.71,2.95,26.56,-0.09,-10.00
36,7,-1.00,-1.00,-1.00,-1.00,0.9839,3.2,2.87,8.26,-3.82,1.48,-12.22,1.52,-10.00
36,7,-1.00,-1.00,-1.00,-1.00,0.9474,2.9,2.52,6.95,6.77,1.67,-17.73,1.64,-10.00
36,7,-1.00,-1.00,-1.00,-1.00,0.5181,1.9,2.00,4.81,43.96,2.48,29.50,-0.16,-10.00
36,7,-1.00,-1.00,-1.00,-1.00,0.1473,2.8,2.43,6.59,-43.60,-0.07,30.43,0.01,-10.00
36,7,-1.00,-1.00,-1.00,-1.00,0.1404,1.8,2.14,5.45,23.00,2.18,18.55,3.09,-10.00
36,7,-1.00,-1.00,-1.00,-1.00,0.1338,2.1,2.01,5.32,6.82,2.03,-52.11,1.52,-10.00
36,7,686.75,481.50,748.59,551.28,0.1079,2.4,2.10,5.32,-3.59,2.14,47.02,-1.62,-10.00
36,7,-1.00,-1.00,-1.00,-1.00,0.1052,2.0,2.06,5.39,10.89,1.81,-46.16,-0.02,-10.00
37,7,-1.00,-1.00,-1.00,-1.00,0.9758,3.2,2.88,8.44,-3.84,1.46,-12.16,1.52,-10.00
37,7,-1.00,-1.00,-1.00,-1.00,0.9416,3.0,2.55,7.03,6.63,1.78,-20.95,1.61,-10.00
37,7,-1.00,-1.00,-1.00,-1.00,0.4541,2.0,2.12,4.85,44.08,2.39,29.56,-0.15,-10.00
37,7,-1.00,-1.00,-1.00,-1.00,0.1951,2.4,2.50,6.32,7.97,2.16,-39.87,-2.96,-10.00
37,7,677.46,501.76,736.37,569.40,0.1624,2.5,2.14,5.68,-4.27,2.92,49.50,-1.66,-10.00
37,7,-1.00,-1.00,-1.00,-1.00,0.1046,2.0,2.08,5.50,10.66,2.09,-46.11,-0.03,-10.00
38,7,-1.00,-1.00,-1.00,-1.00,0.9787,3.2,2.88,8.49,-3.81,1.47,-12.21,1.51,-10.00
38,7,-1.00,-1.00,-1.00,-1.00,0.9381,3.1,2.56,7.11,6.55,1.92,-23.45,1.58,-10.00
38,7,-1.00,-1.00,-1.00,-1.00,0.4654,1.8,2.01,4.81,44.43,2.23,29.60,-0.14,-10.00
38,7,-1.00,-1.00,-1.00,-1.00,0.2325,3.3,2.69,8.00,6.45,2.25,-28.54,1.57,-10.00
38,7,1123.81,475.42,1309.23,548.17,0.1290,2.0,2.03,4.79,11.73,1.60,37.26,0.66,-10.00
