0,7,-1.00,-1.00,-1.00,-1.00,0.1385,1.9,2.15,5.39,-24.55,2.01,12.70,-2.08,-10.00
0,7,-1.00,-1.00,-1.00,-1.00,0.1281,2.0,2.20,5.62,-36.75,2.72,6.86,-1.89,-10.00
0,7,-1.00,-1.00,-1.00,-1.00,0.1173,2.3,2.30,5.82,-34.68,2.79,30.21,1.05,-10.00
0,7,-1.00,-1.00,-1.00,-1.00,0.1170,2.2,2.28,6.00,-42.87,2.72,4.49,1.01,-10.00
0,7,110.97,420.42,234.81,557.95,0.1141,3.5,2.71,6.87,-18.82,2.46,35.87,-2.11,-10.00
0,7,1095.40,472.75,1272.08,532.49,0.1122,2.0,2.23,5.58,12.66,2.20,44.63,-0.12,-10.00
0,7,-1.00,-1.00,-1.00,-1.00,0.1096,2.1,2.25,5.77,-42.35,1.97,23.62,-0.48,-10.00
0,7,-1.00,-1.00,-1.00,-1.00,0.1019,2.0,2.15,5.48,10.05,1.06,-13.42,-1.92,-10.00
0,7,-1.00,-1.00,-1.00,-1.00,0.1006,2.1,2.11,5.34,-36.22,2.76,28.12,-2.04,-10.00
1,7,-1.00,-1.00,-1.00,-1.00,0.1899,2.0,2.13,5.88,10.26,1.23,-7.46,2.74,-10.00
1,7,-1.00,-1.00,-1.00,-1.00,0.1509,2.0,2.17,5.64,-33.18,2.20,9.85,-2.15,-10.00
1,7,-1.00,-1.00,-1.00,-1.00,0.1339,2.1,2.33,5.90,-42.49,2.66,4.23,1.02,-10.00
1,7,-1.00,-1.00,-1.00,-1.00,0.1302,2.3,2.24,5.51,-16.66,0.52,-12.12,2.57,-10.00
1,7,-1.00,-1.00,-1.00,-1.00,0.1243,1.9,2.19,5.59,-46.46,2.42,1.11,-2.10,-10.00
1,7,-1.00,-1.00,-1.00,-1.00,0.1155,1.9,2.22,5.47,20.06,0.53,-8.05,1.85,-10.00
1,7,745.07,467.71,900.92,542.86,0.1146,2.1,2.31,5.24,-0.21,2.21,38.32,-2.14,-10.00
1,7,-1.00,-1.00,-1.00,-1.00,0.1101,1.9,2.29,5.25,17.92,-0.01,-17.04,1.45,-10.00
1,7,1257.48,445.45,1502.17,532.60,0.1064,2.0,2.20,5.67,14.32,1.61,32.89,1.08,-10.00
1,7,-1.00,-1.00,-1.00,-1.00,0.1044,2.0,2.31,5.60,18.63,0.22,-14.13,1.69,-10.00
1,7,1462.42,460.60,1600.00,540.26,0.1024,2.0,2.14,5.46,19.74,1.86,33.68,2.59,-10.00
1,7,-1.00,-1.00,-1.00,-1.00,0.1008,2.0,2.22,5.59,-44.47,2.68,2.67,0.99,-10.00
2,7,-1.00,-1.00,-1.00,-1.00,0.2208,2.1,2.12,5.72,10.45,1.06,-8.40,2.75,-10.00
2,7,-1.00,-1.00,-1.00,-1.00,0.2112,2.0,2.35,5.59,20.03,0.89,-4.48,1.57,-10.00
2,7,-1.00,-1.00,-1.00,-1.00,0.1840,2.0,2.22,5.65,-31.99,2.30,9.54,1.26,-10.00
2,7,144.00,418.92,283.44,563.43,0.1736,3.6,2.85,8.36,-17.33,2.59,35.93,-1.94,-10.00
2,7,-1.00,-1.00,-1.00,-1.00,0.1670,2.3,2.40,6.25,-42.49,2.85,5.00,1.05,-10.00
2,7,-1.00,-1.00,-1.00,-1.00,0.1491,1.9,2.15,5.66,-36.90,2.38,6.96,1.10,-10.00
2,7,-1.00,-1.00,-1.00,-1.00,0.1385,1.9,2.24,5.57,20.08,0.14,-10.15,1.62,-10.00
2,7,762.52,486.21,957.74,559.73,0.1200,2.0,2.16,5.18,0.98,2.52,35.92,2.66,-10.00
2,7,635.63,426.99,841.35,516.37,0.1108,3.3,2.86,7.76,-3.47,1.82,50.16,-0.55,-10.00
2,7,-1.00,-1.00,-1.00,-1.00,0.1097,1.9,2.20,5.73,-46.40,2.54,1.94,-2.01,-10.00
2,7,-1.00,-1.00,-1.00,-1.00,0.1045,2.0,2.25,5.95,-28.48,2.20,-8.80,-1.99,-10.00
2,7,-1.00,-1.00,-1.00,-1.00,0.1044,2.1,2.32,6.01,9.69,1.28,-17.47,1.32,-10.00
2,7,-1.00,-1.00,-1.00,-1.00,0.1025,2.0,2.28,5.58,17.90,0.12,-15.77,1.49,-10.00
3,7,-1.00,-1.00,-1.00,-1.00,0.3815,2.0,2.21,5.71,9.94,0.83,-9.40,2.79,-10.00
3,7,647.18,479.75,829.08,544.17,0.2377,2.0,2.15,5.53,-2.88,2.40,41.00,-0.43,-10.00
3,7,-1.00,-1.00,-1.00,-1.00,0.1654,1.9,2.20,5.74,-32.00,2.57,10.34,1.21,-10.00
3,7,0.00,511.01,34.42,612.06,0.1537,2.0,2.13,5.68,-19.33,2.96,27.66,1.18,-10.00
3,7,184.68,406.66,337.38,573.40,0.1508,4.1,3.16,11.35,-16.14,2.85,36.56,-1.92,-10.00
3,7,412.56,420.70,662.34,523.78,0.1308,3.5,2.85,8.50,-10.58,1.95,46.20,2.65,-10.00
3,7,822.68,483.20,988.79,562.42,0.1291,2.1,2.28,5.92,2.19,2.67,36.97,-2.01,-10.00
3,7,-1.00,-1.00,-1.00,-1.00,0.1276,2.2,2.32,5.83,41.72,0.66,20.57,-0.45,-10.00
3,7,-1.00,-1.00,-1.00,-1.00,0.1250,2.2,2.22,5.63,-32.05,3.45,28.21,-0.40,-10.00
3,7,-1.00,-1.00,-1.00,-1.00,0.1195,1.9,2.19,5.72,-36.97,2.84,7.63,1.00,-10.00
3,7,704.55,416.30,821.27,517.70,0.1184,3.7,2.89,7.97,-2.77,1.87,51.30,-1.87,-10.00
3,7,-1.00,-1.00,-1.00,-1.00,0.1130,2.0,2.26,5.47,19.96,0.89,-5.06,1.57,-10.00
3,7,-1.00,-1.00,-1.00,-1.00,0.1126,2.0,2.20,5.60,-44.17,3.02,4.09,1.12,-10.00
3,7,-1.00,-1.00,-1.00,-1.00,0.1102,1.8,2.12,5.28,-39.86,2.28,-14.13,-1.90,-10.00
3,7,-1.00,-1.00,-1.00,-1.00,0.1099,2.0,2.33,5.49,19.24,0.45,-9.75,1.49,-10.00
3,7,-1.00,-1.00,-1.00,-1.00,0.1084,2.0,2.28,5.53,33.41,1.20,17.04,2.69,-10.00
3,7,-1.00,-1.00,-1.00,-1.00,0.1065,2.2,2.30,6.06,-42.19,3.08,5.66,1.07,-10.00
3,7,-1.00,-1.00,-1.00,-1.00,0.1022,2.0,2.13,5.73,-29.42,2.10,-11.11,2.57,-10.00
3,7,-1.00,-1.00,-1.00,-1.00,0.1010,1.9,2.14,5.58,-46.36,2.88,2.80,-1.93,-10.00
4,7,-1.00,-1.00,-1.00,-1.00,0.5750,2.0,2.20,5.59,9.76,0.85,-10.39,-0.32,-10.00
4,7,-1.00,-1.00,-1.00,-1.00,0.2217,1.9,2.17,5.60,-36.42,2.73,8.32,1.08,-10.00
4,7,-1.00,-1.00,-1.00,-1.00,0.2159,1.8,2.10,5.36,-39.83,2.09,-13.25,-1.70,-10.00
4,7,1176.08,420.09,1342.44,518.22,0.1635,3.5,2.67,7.18,17.22,1.87,50.48,1.30,-10.00
4,7,247.54,412.77,377.61,571.48,0.1551,3.9,2.97,9.68,-14.55,2.78,36.00,-1.92,-10.00
4,7,1476.78,436.64,1600.00,535.18,0.1520,2.0,2.11,5.58,18.12,1.47,28.71,1.16,-10.00
4,7,-1.00,-1.00,-1.00,-1.00,0.1511,2.0,2.34,5.76,18.49,0.39,-12.20,1.63,-10.00
4,7,-1.00,-1.00,-1.00,-1.00,0.1507,2.0,2.31,5.54,19.63,0.86,-6.79,1.51,-10.00
4,7,690.30,427.01,872.54,512.76,0.1455,3.1,2.60,6.50,-1.73,1.62,48.27,-0.45,-10.00
4,7,-1.00,-1.00,-1.00,-1.00,0.1437,1.9,1.99,5.20,-28.05,2.23,32.13,-1.97,-10.00
4,7,698.80,482.12,878.35,549.68,0.1433,2.1,2.16,5.33,-1.22,2.52,40.26,2.75,-10.00
4,7,-1.00,-1.00,-1.00,-1.00,0.1426,2.1,2.25,5.82,-42.03,2.92,6.88,1.12,-10.00
4,7,-1.00,-1.00,-1.00,-1.00,0.1395,2.0,2.24,6.34,30.60,-0.47,-13.83,-1.35,-10.00
4,7,533.48,407.72,650.66,522.96,0.1305,3.8,3.00,10.04,-9.29,1.97,48.57,-1.90,-10.00
4,7,-1.00,-1.00,-1.00,-1.00,0.1304,2.3,2.50,6.87,-30.04,3.22,29.23,-0.32,-10.00
4,7,-1.00,-1.00,-1.00,-1.00,0.1128,1.9,2.10,5.30,-47.82,2.67,1.17,-2.82,-10.00
4,7,-1.00,-1.00,-1.00,-1.00,0.1113,2.1,2.23,5.39,20.89,0.64,-0.67,1.77,-10.00
4,7,0.00,512.69,68.59,610.24,0.1084,1.9,2.21,5.81,-18.15,2.94,27.83,1.03,-10.00
4,7,-1.00,-1.00,-1.00,-1.00,0.1082,2.0,2.23,5.70,27.91,-0.81,-13.43,1.73,-10.00
4,7,-1.00,-1.00,-1.00,-1.00,0.1042,1.9,2.16,5.55,-25.98,2.86,12.65,1.22,-10.00
4,7,-1.00,-1.00,-1.00,-1.00,0.1033,2.0,2.13,5.44,-32.57,3.57,23.16,-1.96,-10.00
5,7,1236.95,423.41,1427.75,519.20,0.2778,3.2,2.70,7.83,19.18,1.82,48.18,1.34,-10.00
5,7,-1.00,-1.00,-1.00,-1.00,0.2592,2.1,2.20,5.52,-30.73,2.83,29.10,2.79,-10.00
5,7,944.91,472.13,1099.66,550.55,0.2257,2.0,2.24,5.66,5.39,2.25,35.51,-1.82,-10.00
5,7,298.85,406.13,427.84,564.37,0.1747,3.9,3.00,9.22,-12.99,2.59,35.82,-1.88,-10.00
5,7,0.00,503.24,146.31,603.66,0.1592,2.0,2.14,5.73,-16.95,2.79,27.69,1.29,-10.00
5,7,-1.00,-1.00,-1.00,-1.00,0.1576,2.6,2.33,5.91,22.23,0.52,1.82,-1.45,-10.00
5,7,-1.00,-1.00,-1.00,-1.00,0.1524,2.1,2.15,5.78,9.82,1.23,-11.65,2.81,-10.00
5,7,742.13,472.31,935.15,541.90,0.1506,2.1,2.17,5.69,0.37,2.25,39.67,2.82,-10.00
5,7,-1.00,-1.00,-1.00,-1.00,0.1470,1.9,2.13,5.40,-31.00,1.68,-10.75,2.82,-10.00
5,7,-1.00,-1.00,-1.00,-1.00,0.1383,1.9,2.11,5.51,-45.82,2.53,5.22,-1.98,-10.00
5,7,-1.00,-1.00,-1.00,-1.00,0.1372,3.2,2.70,7.17,41.25,1.24,17.13,-1.91,-10.00
5,7,-1.00,-1.00,-1.00,-1.00,0.1304,1.9,2.22,5.77,27.35,1.54,30.38,1.46,-10.00
5,7,1297.95,426.01,1510.53,518.30,0.1300,3.3,2.74,7.24,21.97,1.80,47.71,-0.29,-10.00
5,7,-1.00,-1.00,-1.00,-1.00,0.1230,3.0,2.57,7.09,-23.10,1.58,-15.70,1.32,-10.00
5,7,1202.60,446.05,1340.83,507.73,0.1228,2.0,2.12,5.61,16.20,1.31,46.00,1.36,-10.00
5,7,-1.00,-1.00,-1.00,-1.00,0.1210,2.0,2.21,5.82,30.13,-0.75,-15.72,-1.26,-10.00
5,7,-1.00,-1.00,-1.00,-1.00,0.1173,1.9,2.25,5.56,18.37,0.53,-15.43,1.53,-10.00
5,7,-1.00,-1.00,-1.00,-1.00,0.1168,2.1,2.25,5.90,-41.36,2.81,7.68,1.22,-10.00
5,7,-1.00,-1.00,-1.00,-1.00,0.1156,2.0,2.15,5.86,-36.19,2.65,9.12,1.15,-10.00
5,7,-1.00,-1.00,-1.00,-1.00,0.1114,2.2,2.49,6.19,35.02,1.34,31.47,2.80,-10.00
5,7,-1.00,-1.00,-1.00,-1.00,0.1079,1.9,2.17,5.78,-30.42,2.12,10.88,1.17,-10.00
5,7,748.92,427.92,928.72,507.40,0.1078,2.8,2.56,6.30,0.46,1.38,47.53,-0.40,-10.00
5,7,-1.00,-1.00,-1.00,-1.00,0.1069,2.0,2.34,5.52,19.12,0.79,-9.20,1.63,-10.00
5,7,-1.00,-1.00,-1.00,-1.00,0.1041,1.9,2.17,5.48,-38.29,1.87,-12.02,-1.80,-10.00
5,7,1056.34,469.13,1226.27,530.70,0.1030,2.0,2.18,5.45,10.81,2.06,43.00,2.71,-10.00
6,7,-1.00,-1.00,-1.00,-1.00,0.4669,2.0,2.15,5.55,8.95,0.74,-12.90,2.83,-10.00
6,7,-1.00,-1.00,-1.00,-1.00,0.3054,2.5,2.47,6.28,-23.83,1.67,-15.20,1.35,-10.00
6,7,1398.23,408.70,1600.00,502.22,0.2033,3.2,2.82,6.99,24.78,1.11,45.34,-0.18,-10.00
6,7,590.39,406.45,856.99,518.25,0.1868,3.7,2.90,9.07,-3.67,1.70,45.02,2.77,-10.00
6,7,-1.00,-1.00,-1.00,-1.00,0.1758,1.9,2.13,5.41,21.01,1.49,25.87,-1.88,-10.00
6,7,-1.00,-1.00,-1.00,-1.00,0.1596,1.9,2.17,5.74,-35.23,2.30,10.31,1.18,-10.00
6,7,376.76,402.34,512.88,560.20,0.1455,3.9,3.00,9.50,-10.58,2.47,35.63,-1.79,-10.00
6,7,-1.00,-1.00,-1.00,-1.00,0.1441,1.9,2.10,5.39,-30.09,3.22,24.99,-1.78,-10.00
6,7,1020.94,473.79,1193.25,555.33,0.1400,2.0,2.16,5.64,7.51,2.29,34.31,-1.84,-10.00
6,7,940.93,469.50,1104.85,549.70,0.1393,1.9,2.09,5.50,5.08,2.10,33.39,-1.87,-10.00
6,7,133.20,469.88,253.70,550.47,0.1363,2.1,2.18,5.61,-17.53,2.22,34.98,-1.89,-10.00
6,7,766.94,412.27,1007.99,513.20,0.1301,3.5,2.94,8.42,2.25,1.57,46.57,2.82,-10.00
6,7,1351.80,422.79,1534.37,508.09,0.1251,2.7,2.62,6.09,21.96,1.29,45.04,1.37,-10.00
6,7,-1.00,-1.00,-1.00,-1.00,0.1238,1.9,2.08,5.43,-24.57,2.21,32.56,1.26,-10.00
6,7,-1.00,-1.00,-1.00,-1.00,0.1198,2.0,2.16,5.34,-32.00,2.29,10.75,-1.77,-10.00
6,7,-1.00,-1.00,-1.00,-1.00,0.1188,2.0,2.20,5.78,23.32,-1.05,-16.72,-1.13,-10.00
6,7,-1.00,-1.00,-1.00,-1.00,0.1187,1.9,2.19,5.62,-29.50,2.22,11.95,1.35,-10.00
6,7,-1.00,-1.00,-1.00,-1.00,0.1177,2.6,2.38,6.34,22.25,0.46,-0.27,1.73,-10.00
6,7,-1.00,-1.00,-1.00,-1.00,0.1155,2.0,2.22,5.49,-27.87,3.36,25.83,-1.77,-10.00
6,7,816.60,469.02,1003.10,537.14,0.1142,2.0,2.09,5.34,2.56,2.05,38.79,-0.30,-10.00
6,7,-1.00,-1.00,-1.00,-1.00,0.1122,2.5,2.62,7.61,-33.27,2.65,29.08,2.81,-10.00
6,7,-1.00,-1.00,-1.00,-1.00,0.1097,1.9,2.23,5.64,29.39,1.39,27.80,1.50,-10.00
6,7,-1.00,-1.00,-1.00,-1.00,0.1093,2.1,2.31,6.02,-40.89,2.95,9.84,1.35,-10.00
6,7,1067.22,466.08,1248.82,528.24,0.1073,1.9,2.05,5.38,10.87,1.89,41.33,3.06,-10.00
6,7,50.01,492.53,221.30,591.76,0.1048,2.0,2.11,5.64,-15.22,2.59,27.97,1.29,-10.00
6,7,-1.00,-1.00,-1.00,-1.00,0.1031,2.0,2.21,5.60,23.40,1.20,26.51,1.17,-10.00
6,7,-1.00,-1.00,-1.00,-1.00,0.1027,1.9,2.18,5.28,26.64,-1.15,-16.95,1.79,-10.00
7,7,-1.00,-1.00,-1.00,-1.00,0.2465,2.0,2.10,5.51,-44.67,1.70,-10.50,3.06,-10.00
7,7,1532.29,411.60,1600.00,514.77,0.2435,3.3,2.88,7.72,28.42,1.46,42.36,-0.16,-10.00
7,7,-1.00,-1.00,-1.00,-1.00,0.2312,2.0,2.16,5.93,8.32,1.00,-14.63,2.93,-10.00
7,7,1281.91,428.13,1539.17,532.01,0.2180,3.1,2.73,7.13,18.60,1.95,40.06,2.95,-10.00
7,7,-1.00,-1.00,-1.00,-1.00,0.1792,2.0,2.29,5.87,-34.35,2.64,12.83,1.35,-10.00
7,7,-1.00,-1.00,-1.00,-1.00,0.1699,2.0,2.10,5.44,34.00,1.19,24.37,-1.99,-10.00
7,7,-1.00,-1.00,-1.00,-1.00,0.1606,2.0,2.22,5.63,-28.15,3.06,26.67,-1.78,-10.00
7,7,710.95,477.04,909.26,551.80,0.1474,2.1,2.17,5.47,-0.53,2.33,36.33,-0.16,-10.00
7,7,487.08,416.79,614.56,556.49,0.1471,3.4,2.80,8.25,-7.51,2.35,35.13,-1.70,-10.00
7,7,712.68,409.22,937.87,514.96,0.1454,3.5,2.84,7.40,-0.10,1.54,43.99,2.89,-10.00
7,7,-1.00,-1.00,-1.00,-1.00,0.1443,1.9,2.05,5.22,-42.06,1.21,-31.26,1.34,-10.00
7,7,-1.00,-1.00,-1.00,-1.00,0.1441,2.0,2.24,5.56,-39.71,2.93,12.10,-1.76,-10.00
7,7,-1.00,-1.00,-1.00,-1.00,0.1339,2.0,2.31,5.44,17.93,0.53,-13.79,1.82,-10.00
7,7,-1.00,-1.00,-1.00,-1.00,0.1229,1.9,2.12,5.43,-42.04,3.05,10.76,1.36,-10.00
7,7,-1.00,-1.00,-1.00,-1.00,0.1212,2.0,2.24,5.82,36.48,1.31,25.02,1.31,-10.00
7,7,168.47,492.23,347.07,587.68,0.1201,1.9,2.14,5.76,-12.67,2.54,28.37,1.43,-10.00
7,7,578.39,457.83,745.54,519.45,0.1198,1.9,2.08,5.35,-5.47,1.60,41.43,2.96,-10.00
7,7,937.92,478.25,1131.37,545.84,0.1196,1.9,2.08,5.28,6.17,2.23,37.42,-0.17,-10.00
7,7,947.13,409.95,1282.81,529.26,0.1173,4.1,3.02,11.79,10.58,2.13,46.22,2.94,-10.00
7,7,-1.00,-1.00,-1.00,-1.00,0.1097,2.5,2.56,6.27,46.32,-0.10,8.11,2.64,-10.00
7,7,1170.36,477.51,1422.13,567.36,0.1086,2.2,2.29,5.52,11.81,2.40,31.69,2.95,-10.00
7,7,-1.00,-1.00,-1.00,-1.00,0.1085,1.9,2.12,5.62,-25.02,3.13,26.88,-1.77,-10.00
7,7,1191.00,461.96,1393.48,528.67,0.1067,2.0,2.15,5.56,14.67,1.83,39.70,3.11,-10.00
7,7,-1.00,-1.00,-1.00,-1.00,0.1019,1.9,2.25,5.55,16.03,0.15,-17.90,1.82,-10.00
8,7,-1.00,-1.00,-1.00,-1.00,0.2660,1.9,2.21,5.57,36.72,1.30,19.47,-1.67,-10.00
8,7,1348.87,478.19,1571.21,579.08,0.2641,2.1,2.20,5.39,14.67,2.47,29.48,-1.63,-10.00
8,7,1125.27,469.94,1341.83,546.50,0.2617,2.1,2.08,5.38,11.41,2.13,35.35,-0.10,-10.00
8,7,-1.00,-1.00,-1.00,-1.00,0.1815,2.0,2.20,5.91,6.46,1.06,-16.36,3.09,-10.00
8,7,-1.00,-1.00,-1.00,-1.00,0.1755,1.9,2.08,5.63,-27.36,2.29,34.97,-1.58,-10.00
8,7,-1.00,-1.00,-1.00,-1.00,0.1682,2.0,2.24,5.60,50.49,1.84,18.53,-3.14,-10.00
8,7,-1.00,-1.00,-1.00,-1.00,0.1601,2.0,2.30,5.83,28.78,1.62,19.98,1.63,-10.00
8,7,-1.00,-1.00,-1.00,-1.00,0.1585,2.0,2.13,5.57,-37.36,2.63,14.36,1.54,-10.00
8,7,-1.00,-1.00,-1.00,-1.00,0.1557,1.9,2.09,5.51,25.72,1.46,18.80,1.50,-10.00
8,7,-1.00,-1.00,-1.00,-1.00,0.1454,1.9,2.23,5.68,31.26,1.35,19.15,1.54,-10.00
8,7,-1.00,-1.00,-1.00,-1.00,0.1358,2.1,2.27,5.70,23.63,-1.12,-18.41,-1.80,-10.00
8,7,-1.00,-1.00,-1.00,-1.00,0.1335,1.9,2.17,5.47,-29.11,2.37,15.87,1.60,-10.00
8,7,950.05,473.90,1164.93,548.16,0.1260,2.0,2.13,5.57,6.36,2.15,35.02,3.13,-10.00
8,7,-1.00,-1.00,-1.00,-1.00,0.1254,2.0,2.14,5.79,-24.37,2.69,28.82,-1.67,-10.00
8,7,-1.00,-1.00,-1.00,-1.00,0.1194,1.9,2.17,5.39,36.19,0.97,-0.10,0.02,-10.00
8,7,1497.63,479.92,1600.00,559.47,0.1185,2.2,2.17,5.39,22.51,2.52,35.92,3.05,-10.00
8,7,-1.00,-1.00,-1.00,-1.00,0.1072,1.9,2.11,5.52,-2.06,1.52,-8.73,-1.14,-10.00
8,7,-1.00,-1.00,-1.00,-1.00,0.1028,1.9,2.13,5.51,24.35,-1.62,-26.88,1.99,-10.00
8,7,-1.00,-1.00,-1.00,-1.00,0.1027,2.0,2.25,5.73,-40.68,2.50,15.52,-1.76,-10.00
9,7,-1.00,-1.00,-1.00,-1.00,0.4466,3.5,2.98,7.32,37.69,1.25,29.87,-3.03,-10.00
9,7,-1.00,-1.00,-1.00,-1.00,0.2332,2.1,2.16,5.48,19.75,2.46,25.15,-1.40,-10.00
9,7,-1.00,-1.00,-1.00,-1.00,0.2158,2.0,2.09,5.35,-43.10,2.38,0.04,1.56,-10.00
9,7,-1.00,-1.00,-1.00,-1.00,0.2053,3.6,3.22,9.46,-42.42,2.97,38.84,0.13,-10.00
9,7,-1.00,-1.00,-1.00,-1.00,0.1854,1.9,2.20,5.67,-28.78,2.71,19.58,1.68,-10.00
9,7,-1.00,-1.00,-1.00,-1.00,0.1745,2.0,2.13,5.45,-45.00,2.26,0.36,1.57,-10.00
9,7,34.03,516.26,258.69,604.64,0.1722,2.0,2.07,5.39,-16.46,3.15,30.74,-1.45,-10.00
9,7,1586.10,491.12,1600.00,628.79,0.1598,2.3,2.33,5.89,17.34,2.83,24.08,1.68,-10.00
9,7,-1.00,-1.00,-1.00,-1.00,0.1463,1.9,2.08,5.40,-39.41,2.49,20.65,-1.43,-10.00
9,7,0.00,523.88,56.63,612.22,0.1442,2.0,2.18,5.49,-21.93,3.37,30.29,-2.99,-10.00
9,7,-1.00,-1.00,-1.00,-1.00,0.1338,2.0,2.20,5.71,-37.10,2.46,20.58,1.66,-10.00
9,7,-1.00,-1.00,-1.00,-1.00,0.1334,1.9,2.06,5.31,23.00,-1.53,-25.06,0.71,-10.00
9,7,-1.00,-1.00,-1.00,-1.00,0.1321,2.0,2.19,5.68,-34.33,2.67,20.67,1.73,-10.00
9,7,-1.00,-1.00,-1.00,-1.00,0.1229,2.0,2.28,5.71,39.48,1.35,11.82,-1.58,-10.00
9,7,1390.16,472.91,1600.00,557.87,0.1154,2.0,2.10,5.45,17.47,2.18,31.66,0.09,-10.00
9,7,-1.00,-1.00,-1.00,-1.00,0.1142,2.5,2.37,5.99,-38.98,1.00,-52.19,2.29,-10.00
9,7,-1.00,-1.00,-1.00,-1.00,0.1138,2.0,2.23,5.47,28.61,2.17,24.80,-0.07,-10.00
9,7,-1.00,-1.00,-1.00,-1.00,0.1114,2.0,2.13,5.34,29.34,2.35,30.25,-3.06,-10.00
9,7,-1.00,-1.00,-1.00,-1.00,0.1104,2.0,2.17,5.85,-34.03,2.47,37.75,-2.93,-10.00
9,7,0.00,509.52,171.53,596.36,0.1086,2.0,2.08,5.48,-19.03,3.02,31.27,-1.48,-10.00
9,7,-1.00,-1.00,-1.00,-1.00,0.1055,1.9,2.14,5.43,32.81,1.99,25.58,1.66,-10.00
9,7,-1.00,-1.00,-1.00,-1.00,0.1050,2.0,2.23,5.90,37.91,1.37,11.76,1.92,-10.00
9,7,566.69,498.77,727.01,593.38,0.1049,1.9,2.17,5.86,-3.91,2.67,28.46,1.69,-10.00
9,7,-1.00,-1.00,-1.00,-1.00,0.1037,2.4,2.22,5.56,-36.74,1.20,-52.08,-1.02,-10.00
9,7,-1.00,-1.00,-1.00,-1.00,0.1028,1.9,2.16,5.48,34.38,1.22,12.78,-1.37,-10.00
9,7,1005.10,420.22,1098.63,518.09,0.1027,2.8,2.41,6.23,7.17,1.50,40.55,-1.48,-10.00
9,7,-1.00,-1.00,-1.00,-1.00,0.1016,2.0,2.16,5.69,-2.84,1.59,-8.58,-1.02,-10.00
9,7,-1.00,-1.00,-1.00,-1.00,0.1010,1.9,2.21,5.60,42.21,1.25,9.77,1.75,-10.00
10,7,-1.00,-1.00,-1.00,-1.00,0.4574,3.3,2.72,6.85,-48.90,0.27,-41.65,-0.60,-10.00
10,7,-1.00,-1.00,-1.00,-1.00,0.2451,1.9,2.11,5.43,-19.95,2.07,23.82,1.92,-10.00
10,7,-1.00,-1.00,-1.00,-1.00,0.2194,1.9,2.13,5.53,36.50,1.18,1.63,-1.14,-10.00
10,7,-1.00,-1.00,-1.00,-1.00,0.1805,1.9,2.11,5.56,-1.06,0.99,-20.37,-2.76,-10.00
10,7,-1.00,-1.00,-1.00,-1.00,0.1708,2.0,2.11,5.65,-27.99,2.23,26.54,1.90,-10.00
10,7,313.56,501.24,531.23,580.67,0.1629,1.9,2.08,5.03,-10.19,2.75,31.62,-2.77,-10.00
10,7,-1.00,-1.00,-1.00,-1.00,0.1591,3.2,2.80,8.04,-50.45,2.89,32.82,0.35,-10.00
10,7,-1.00,-1.00,-1.00,-1.00,0.1361,2.1,2.20,5.86,-43.59,2.34,31.95,-1.21,-10.00
10,7,-1.00,-1.00,-1.00,-1.00,0.1353,2.0,2.23,5.29,38.30,1.23,19.46,-2.76,-10.00
10,7,-1.00,-1.00,-1.00,-1.00,0.1217,1.9,2.21,5.65,41.40,1.33,-0.27,-1.32,-10.00
10,7,-1.00,-1.00,-1.00,-1.00,0.1201,2.0,2.23,5.60,14.21,-1.60,-39.08,2.55,-10.00
10,7,-1.00,-1.00,-1.00,-1.00,0.1170,2.0,2.12,5.40,24.41,2.45,24.71,-2.83,-10.00
10,7,-1.00,-1.00,-1.00,-1.00,0.1144,2.1,2.14,5.30,23.12,2.19,18.80,-1.19,-10.00
10,7,-1.00,-1.00,-1.00,-1.00,0.1082,1.9,2.12,5.70,44.01,1.01,-1.59,2.04,-10.00
11,7,-1.00,-1.00,-1.00,-1.00,0.2782,2.0,2.21,5.85,29.57,1.60,9.87,-1.00,-10.00
11,7,-1.00,-1.00,-1.00,-1.00,0.2384,2.0,2.33,5.77,27.44,1.97,10.96,2.16,-10.00
11,7,-1.00,-1.00,-1.00,-1.00,0.2229,2.7,2.45,5.87,-40.15,2.67,42.85,0.68,-10.00
11,7,-1.00,-1.00,-1.00,-1.00,0.2118,2.1,2.24,5.93,37.05,1.76,6.18,2.30,-10.00
11,7,-1.00,-1.00,-1.00,-1.00,0.1815,2.0,2.10,5.13,30.79,1.75,15.93,-2.44,-10.00
11,7,-1.00,-1.00,-1.00,-1.00,0.1801,1.9,2.06,5.44,35.99,0.79,-8.85,2.35,-10.00
11,7,-1.00,-1.00,-1.00,-1.00,0.1352,2.1,2.27,5.98,40.75,0.64,-11.70,2.26,-10.00
11,7,-1.00,-1.00,-1.00,-1.00,0.1328,1.9,2.01,5.43,38.10,0.72,-10.87,-0.75,-10.00
11,7,-1.00,-1.00,-1.00,-1.00,0.1256,3.8,2.96,10.17,28.59,1.34,26.06,0.49,-10.00
11,7,657.77,475.27,838.63,543.96,0.1240,2.0,2.09,5.26,-2.46,2.29,39.15,-2.73,-10.00
11,7,-1.00,-1.00,-1.00,-1.00,0.1150,2.0,2.25,5.62,43.73,0.50,7.40,2.12,-10.00
12,7,-1.00,-1.00,-1.00,-1.00,0.2303,2.1,2.13,5.65,34.70,1.28,5.77,-2.27,-10.00
12,7,-1.00,-1.00,-1.00,-1.00,0.1831,2.1,2.14,5.71,31.28,1.34,1.40,2.33,-10.00
12,7,239.98,492.61,473.96,577.89,0.1586,2.1,2.18,5.38,-12.35,2.76,33.13,-0.64,-10.00
12,7,-1.00,-1.00,-1.00,-1.00,0.1530,1.8,2.01,5.16,36.47,0.45,-22.89,2.31,-10.00
12,7,-1.00,-1.00,-1.00,-1.00,0.1225,2.0,2.20,5.76,38.55,0.43,-25.35,2.52,-10.00
12,7,-1.00,-1.00,-1.00,-1.00,0.1222,2.5,2.36,6.31,28.13,0.35,-39.19,2.41,-10.00
12,7,-1.00,-1.00,-1.00,-1.00,0.1204,2.3,2.36,6.15,33.20,1.23,-0.72,-2.28,-10.00
12,7,38.98,490.24,114.99,544.50,0.1176,2.0,2.13,5.65,-29.68,2.95,49.75,1.11,-10.00
12,7,-1.00,-1.00,-1.00,-1.00,0.1084,2.1,2.27,5.78,46.14,0.48,-46.45,-2.24,-10.00
12,7,-1.00,-1.00,-1.00,-1.00,0.1079,2.1,2.28,5.74,50.40,0.42,-21.45,-2.19,-10.00
12,7,-1.00,-1.00,-1.00,-1.00,0.1062,2.0,2.19,5.50,40.23,0.11,2.29,-2.60,-10.00
13,7,-1.00,-1.00,-1.00,-1.00,0.3082,2.2,2.33,6.02,35.76,1.25,-4.84,-2.06,-10.00
13,7,-1.00,-1.00,-1.00,-1.00,0.1494,2.0,2.16,5.71,-15.48,-0.47,-44.05,-3.06,-10.00
13,7,1413.88,498.98,1600.00,606.55,0.1452,1.9,2.17,5.44,14.40,2.55,24.70,2.67,-10.00
13,7,1369.26,453.43,1590.19,535.69,0.1283,2.0,2.15,5.46,17.17,1.70,32.93,-0.42,-10.00
13,7,-1.00,-1.00,-1.00,-1.00,0.1235,2.1,2.22,5.38,39.18,0.52,-47.41,-0.34,-10.00
13,7,-1.00,-1.00,-1.00,-1.00,0.1186,2.0,2.15,5.22,39.13,0.58,-49.48,-0.40,-10.00
13,7,1238.09,512.31,1479.21,600.17,0.1145,1.9,2.06,5.06,12.29,2.90,28.95,2.78,-10.00
13,7,390.06,486.64,529.84,537.16,0.1063,1.9,2.02,5.21,-14.61,2.65,49.94,2.79,-10.00
13,7,-1.00,-1.00,-1.00,-1.00,0.1060,1.9,2.11,5.64,-16.66,-1.00,-40.72,0.01,-10.00
13,7,-1.00,-1.00,-1.00,-1.00,0.1034,1.9,1.97,4.87,31.43,0.67,-35.63,-0.38,-10.00
13,7,-1.00,-1.00,-1.00,-1.00,0.1030,2.0,2.20,5.51,35.15,0.57,-40.09,-0.32,-10.00
14,7,1369.55,398.95,1600.00,512.93,0.3248,3.4,2.65,8.33,23.12,1.40,43.62,1.22,-10.00
14,7,-1.00,-1.00,-1.00,-1.00,0.2611,2.3,2.31,5.95,28.84,1.29,-15.36,-0.27,-10.00
14,7,743.66,475.69,949.21,547.20,0.1570,1.8,2.10,5.17,0.52,2.07,34.06,-0.32,-10.00
14,7,-1.00,-1.00,-1.00,-1.00,0.1559,1.9,2.16,5.39,20.97,0.96,-29.17,-0.21,-10.00
14,7,-1.00,-1.00,-1.00,-1.00,0.1458,1.9,2.14,5.10,-21.51,-0.33,-42.78,0.27,-10.00
14,7,-1.00,-1.00,-1.00,-1.00,0.1384,1.9,2.04,5.11,18.10,2.47,22.02,-0.30,-10.00
14,7,-1.00,-1.00,-1.00,-1.00,0.1280,1.9,2.14,5.73,17.38,0.78,-30.35,-0.34,-10.00
14,7,-1.00,-1.00,-1.00,-1.00,0.1251,2.0,2.17,5.39,21.18,0.99,-26.15,-0.17,-10.00
14,7,1258.37,482.53,1492.46,559.86,0.1153,1.9,2.10,5.29,14.31,2.30,32.79,2.96,-10.00
14,7,-1.00,-1.00,-1.00,-1.00,0.1099,1.9,2.11,5.37,-24.38,-1.01,-38.70,0.21,-10.00
14,7,769.33,483.53,995.29,563.21,0.1080,1.9,2.05,5.27,1.37,2.29,31.47,2.86,-10.00
14,7,1568.80,482.01,1600.00,594.21,0.1042,2.0,2.18,5.49,17.66,2.34,24.77,2.76,-10.00
14,7,852.67,488.19,1120.78,582.46,0.1031,1.8,2.07,5.09,3.28,2.26,26.01,2.89,-10.00
14,7,-1.00,-1.00,-1.00,-1.00,0.1000,1.9,2.05,5.54,5.59,1.20,-44.26,1.30,-10.00
15,7,-1.00,-1.00,-1.00,-1.00,0.2841,2.0,2.18,5.42,16.58,0.99,-40.10,3.06,-10.00
15,7,842.37,473.46,912.01,531.44,0.2502,2.1,2.23,5.81,1.91,2.39,49.23,-1.62,-10.00
15,7,-1.00,-1.00,-1.00,-1.00,0.1764,2.0,2.28,5.58,21.97,2.47,16.37,3.05,-10.00
15,7,-1.00,-1.00,-1.00,-1.00,0.1512,1.9,2.10,5.11,20.24,2.88,18.70,3.00,-10.00
15,7,864.75,473.59,1022.49,529.04,0.1377,1.9,2.12,5.17,4.12,2.07,44.54,-0.20,-10.00
15,7,-1.00,-1.00,-1.00,-1.00,0.1312,1.9,2.15,5.27,25.33,1.38,-19.80,3.03,-10.00
15,7,853.09,468.14,1001.16,523.07,0.1217,2.0,2.09,5.24,3.77,1.98,47.50,-0.14,-10.00
15,7,-1.00,-1.00,-1.00,-1.00,0.1208,1.9,2.20,5.61,-21.35,1.20,-17.31,1.57,-10.00
15,7,-1.00,-1.00,-1.00,-1.00,0.1192,2.6,2.26,5.52,-9.84,0.75,-32.62,-2.81,-10.00
15,7,-1.00,-1.00,-1.00,-1.00,0.1161,2.0,2.21,5.60,-40.69,1.49,-13.95,1.48,-10.00
15,7,939.93,469.32,1156.76,543.63,0.1122,1.9,2.13,5.31,5.92,1.95,33.73,-0.21,-10.00
15,7,-1.00,-1.00,-1.00,-1.00,0.1061,2.2,2.41,6.30,26.31,1.24,-22.56,-0.09,-10.00
15,7,854.27,460.90,1002.07,514.08,0.1043,2.0,2.14,5.53,3.99,1.71,49.81,-0.11,-10.00
15,7,-1.00,-1.00,-1.00,-1.00,0.1041,2.0,2.19,5.51,16.61,1.66,-24.82,3.07,-10.00
16,7,-1.00,-1.00,-1.00,-1.00,0.3847,2.1,2.23,5.63,24.09,1.63,-26.73,-0.07,-10.00
16,7,-1.00,-1.00,-1.00,-1.00,0.2473,2.0,2.31,5.67,-22.03,1.05,-19.29,1.50,-10.00
16,7,934.33,463.51,1079.74,517.85,0.2239,1.9,1.99,4.97,6.71,1.76,46.80,-0.18,-10.00
16,7,-1.00,-1.00,-1.00,-1.00,0.1985,3.4,2.81,7.80,31.52,0.41,-44.87,1.51,-10.00
16,7,958.49,470.30,1119.16,528.79,0.1942,2.0,2.07,5.22,7.49,2.06,44.51,-0.13,-10.00
16,7,-1.00,-1.00,-1.00,-1.00,0.1561,2.4,2.46,6.41,30.18,1.43,-25.45,-1.66,-10.00
16,7,-1.00,-1.00,-1.00,-1.00,0.1547,1.9,2.14,5.63,13.16,1.20,-40.54,-0.13,-10.00
16,7,-1.00,-1.00,-1.00,-1.00,0.1484,2.0,2.25,5.69,13.18,1.69,-29.90,-1.64,-10.00
16,7,-1.00,-1.00,-1.00,-1.00,0.1444,3.2,2.80,7.10,39.48,0.42,-23.38,3.07,-10.00
16,7,-1.00,-1.00,-1.00,-1.00,0.1439,2.0,2.12,5.41,-47.21,1.79,-8.18,-0.30,-10.00
16,7,-1.00,-1.00,-1.00,-1.00,0.1435,1.9,2.18,5.43,-30.42,1.10,-14.79,-1.64,-10.00
16,7,-1.00,-1.00,-1.00,-1.00,0.1337,1.9,2.08,5.12,22.03,2.38,12.03,3.09,-10.00
16,7,-1.00,-1.00,-1.00,-1.00,0.1315,2.0,2.23,5.85,9.46,1.38,-34.43,-1.62,-10.00
16,7,-1.00,-1.00,-1.00,-1.00,0.1218,2.3,2.38,6.04,40.95,0.84,-18.09,-1.55,-10.00
16,7,1083.26,461.47,1327.47,544.14,0.1072,1.9,2.12,5.33,9.29,1.80,30.99,-0.09,-10.00
16,7,-1.00,-1.00,-1.00,-1.00,0.1000,2.2,2.17,5.45,-11.14,0.82,-34.69,0.41,-10.00
17,7,-1.00,-1.00,-1.00,-1.00,0.5205,2.0,2.28,5.74,-22.83,1.19,-20.47,-1.63,-10.00
17,7,984.06,476.99,1077.54,542.01,0.4741,2.1,2.20,5.74,6.95,2.47,43.29,1.56,-10.00
17,7,-1.00,-1.00,-1.00,-1.00,0.1587,2.0,2.17,5.73,-30.75,1.20,-16.56,-1.67,-10.00
17,7,-1.00,-1.00,-1.00,-1.00,0.1558,1.8,1.99,5.00,23.24,2.26,6.36,3.12,-10.00
17,7,1479.92,442.82,1579.74,500.94,0.1370,1.9,2.23,5.29,27.02,1.11,48.34,1.87,-10.00
17,7,995.13,470.30,1160.01,529.22,0.1352,2.0,2.09,5.31,8.83,2.07,44.36,-0.09,-10.00
17,7,-1.00,-1.00,-1.00,-1.00,0.1329,2.0,2.06,5.23,7.45,1.01,-51.47,-0.02,-10.00
17,7,-1.00,-1.00,-1.00,-1.00,0.1317,2.0,2.10,5.40,22.25,1.60,-30.15,-0.04,-10.00
17,7,1018.92,474.23,1209.60,538.41,0.1275,1.9,2.13,5.29,8.81,2.09,38.65,3.02,-10.00
17,7,1127.24,474.23,1399.95,563.86,0.1192,1.9,2.07,5.25,9.55,2.03,27.69,-0.04,-10.00
17,7,-1.00,-1.00,-1.00,-1.00,0.1135,1.9,2.16,5.50,12.20,0.96,-46.47,-0.00,-10.00
17,7,0.00,435.56,112.35,517.64,0.1112,2.0,2.10,5.30,-21.63,1.19,32.15,-0.18,-10.00
17,7,-1.00,-1.00,-1.00,-1.00,0.1104,1.9,2.18,5.38,-25.07,1.03,-22.37,3.11,-10.00
17,7,-1.00,-1.00,-1.00,-1.00,0.1072,1.9,2.06,4.91,23.09,2.23,11.49,3.07,-10.00
17,7,-1.00,-1.00,-1.00,-1.00,0.1036,3.7,2.71,7.90,-51.25,2.14,6.81,0.50,-10.00
18,7,-1.00,-1.00,-1.00,-1.00,0.3095,2.0,2.19,5.40,22.38,1.41,-33.34,-0.04,-10.00
18,7,1001.64,461.45,1179.85,524.43,0.2226,1.9,2.07,5.35,8.57,1.75,41.01,-0.01,-10.00
18,7,-1.00,-1.00,-1.00,-1.00,0.1888,3.3,2.95,7.67,28.95,0.67,-51.41,-1.67,-10.00
18,7,-1.00,-1.00,-1.00,-1.00,0.1542,2.0,2.20,5.82,17.26,1.40,-18.29,-0.03,-10.00
18,7,-1.00,-1.00,-1.00,-1.00,0.1499,3.8,2.82,6.81,-49.90,1.10,3.02,0.90,-10.00
18,7,-1.00,-1.00,-1.00,-1.00,0.1449,2.0,2.19,5.54,-31.21,0.99,-18.70,-1.64,-10.00
18,7,-1.00,-1.00,-1.00,-1.00,0.1316,3.8,2.75,7.08,27.52,0.89,32.33,-1.59,-10.00
18,7,1482.28,465.63,1600.00,663.80,0.1314,1.9,2.08,5.42,10.42,1.97,13.69,3.09,-10.00
18,7,-1.00,-1.00,-1.00,-1.00,0.1313,2.0,2.10,5.54,22.09,1.68,-30.81,-0.02,-10.00
18,7,997.77,456.06,1169.80,517.49,0.1237,2.0,2.16,5.55,9.00,1.63,44.17,-0.04,-10.00
18,7,1049.34,460.64,1238.55,524.39,0.1188,1.9,2.05,5.23,9.71,1.64,38.59,-0.09,-10.00
18,7,-1.00,-1.00,-1.00,-1.00,0.1162,1.9,2.09,5.07,23.10,2.18,8.37,3.05,-10.00
18,7,-1.00,-1.00,-1.00,-1.00,0.1149,2.0,2.24,5.80,-4.04,1.45,-12.28,-0.87,-10.00
18,7,-1.00,-1.00,-1.00,-1.00,0.1111,2.0,2.13,5.08,23.01,2.11,11.27,3.07,-10.00
18,7,-1.00,-1.00,-1.00,-1.00,0.1049,2.0,2.20,5.32,11.09,1.22,-44.00,-0.12,-10.00
18,7,-1.00,-1.00,-1.00,-1.00,0.1044,1.8,2.01,5.11,23.26,2.19,5.65,3.09,-10.00
18,7,-1.00,-1.00,-1.00,-1.00,0.1030,2.2,2.26,6.04,6.99,1.24,-41.47,1.45,-10.00
19,7,1046.60,465.65,1239.53,534.50,0.2382,2.0,2.17,5.33,9.58,1.94,38.29,0.02,-10.00
19,7,-1.00,-1.00,-1.00,-1.00,0.2154,2.0,2.11,5.47,21.53,1.76,-36.44,0.03,-10.00
19,7,-1.00,-1.00,-1.00,-1.00,0.1974,2.0,2.15,5.55,-13.72,0.90,-34.51,-2.96,-10.00
19,7,-1.00,-1.00,-1.00,-1.00,0.1882,3.5,2.87,7.57,35.58,0.60,-35.14,1.58,-10.00
19,7,-1.00,-1.00,-1.00,-1.00,0.1808,2.8,2.44,5.54,-13.65,0.72,-42.41,0.47,-10.00
19,7,-1.00,-1.00,-1.00,-1.00,0.1637,2.1,2.33,5.62,-23.25,0.77,-25.94,1.67,-10.00
19,7,-1.00,-1.00,-1.00,-1.00,0.1294,2.1,2.18,5.71,-47.37,1.49,-12.22,-0.04,-10.00
19,7,1040.93,463.20,1218.47,527.16,0.1227,2.0,2.11,5.27,9.83,1.84,40.97,0.01,-10.00
19,7,-1.00,-1.00,-1.00,-1.00,0.1211,2.0,2.20,5.71,-31.37,1.00,-21.37,-1.56,-10.00
19,7,-1.00,-1.00,-1.00,-1.00,0.1100,2.3,2.35,5.95,22.76,1.95,-33.76,-0.02,-10.00
20,7,-1.00,-1.00,-1.00,-1.00,0.4678,4.2,3.05,7.26,-49.17,1.21,-6.03,1.44,-10.00
20,7,-1.00,-1.00,-1.00,-1.00,0.2812,2.0,2.24,5.58,-14.46,1.49,11.58,-1.51,-10.00
20,7,1058.96,461.60,1283.22,536.95,0.2762,2.0,2.17,5.62,9.51,1.84,34.97,-0.00,-10.00
20,7,-1.00,-1.00,-1.00,-1.00,0.1896,2.1,2.10,5.33,21.24,1.66,-39.63,0.02,-10.00
20,7,990.58,419.20,1099.11,521.88,0.1792,3.8,2.90,7.86,8.75,2.06,51.24,-1.59,-10.00
20,7,-1.00,-1.00,-1.00,-1.00,0.1366,3.7,2.82,7.10,25.51,1.60,-32.70,0.00,-10.00
20,7,-1.00,-1.00,-1.00,-1.00,0.1226,2.0,2.18,5.44,-31.58,1.20,-24.26,-1.59,-10.00
20,7,-1.00,-1.00,-1.00,-1.00,0.1199,2.0,2.15,5.49,-14.55,0.84,-37.61,-3.12,-10.00
20,7,1124.26,449.12,1378.93,532.66,0.1186,1.9,2.09,5.29,10.00,1.46,29.77,-0.03,-10.00
20,7,-1.00,-1.00,-1.00,-1.00,0.1154,2.0,2.30,5.90,-24.03,0.86,-28.95,1.51,-10.00
20,7,-1.00,-1.00,-1.00,-1.00,0.1094,3.2,2.75,6.56,-43.83,1.19,-22.77,2.07,-10.00
20,7,1296.92,483.22,1600.00,616.87,0.1083,1.8,1.99,5.13,9.98,2.09,18.71,3.05,-10.00
20,7,-1.00,-1.00,-1.00,-1.00,0.1029,2.0,2.16,5.46,-14.66,0.99,-34.88,-2.99,-10.00
20,7,182.38,444.03,385.06,511.81,0.1019,2.1,2.28,5.74,-18.00,1.35,41.78,3.09,-10.00
20,7,-1.00,-1.00,-1.00,-1.00,0.1010,1.9,2.11,5.37,-24.92,0.85,-31.51,-3.14,-10.00
21,7,-1.00,-1.00,-1.00,-1.00,0.4577,4.1,3.01,7.68,-50.51,0.43,-11.71,1.74,-10.00
21,7,1108.47,456.71,1359.15,541.99,0.3006,2.0,2.26,5.55,10.17,1.79,31.66,0.01,-10.00
21,7,-1.00,-1.00,-1.00,-1.00,0.2184,3.1,2.61,7.53,34.99,0.12,-42.19,-1.63,-10.00
21,7,-1.00,-1.00,-1.00,-1.00,0.1501,2.1,2.09,5.36,21.09,1.73,-43.01,0.01,-10.00
21,7,-1.00,-1.00,-1.00,-1.00,0.1452,2.0,2.25,5.88,-29.39,1.01,-26.38,-2.59,-10.00
21,7,1158.75,455.68,1451.27,552.29,0.1412,1.9,2.04,5.21,9.76,1.66,25.88,-0.01,-10.00
21,7,-1.00,-1.00,-1.00,-1.00,0.1409,2.0,2.31,5.92,27.81,1.58,-44.04,-1.57,-10.00
21,7,-1.00,-1.00,-1.00,-1.00,0.1352,2.0,2.11,5.53,-31.65,0.96,-27.46,-1.54,-10.00
21,7,1387.75,491.60,1600.00,560.78,0.1303,2.2,2.35,5.87,22.45,3.02,42.33,-0.02,-10.00
21,7,-1.00,-1.00,-1.00,-1.00,0.1246,3.4,2.89,7.28,27.07,1.15,-25.98,-3.07,-10.00
21,7,1007.18,423.70,1212.38,515.37,0.1200,3.2,2.79,6.94,10.45,1.64,46.76,-0.02,-10.00
21,7,-1.00,-1.00,-1.00,-1.00,0.1147,2.2,2.28,5.76,-46.20,1.25,-17.45,-0.44,-10.00
21,7,-1.00,-1.00,-1.00,-1.00,0.1080,2.5,2.40,5.71,-44.57,0.89,-24.06,0.30,-10.00
22,7,1145.52,453.55,1426.99,548.94,0.4283,2.0,2.16,5.42,10.10,1.72,27.89,0.02,-10.00
22,7,1015.02,410.98,1150.43,522.54,0.2241,3.6,2.81,8.27,9.12,1.85,45.71,-1.62,-10.00
22,7,1442.19,410.20,1600.00,513.88,0.2031,3.3,2.69,7.32,25.48,1.51,45.62,-1.53,-10.00
22,7,1387.15,473.46,1579.31,573.65,0.1576,2.9,2.63,6.23,20.69,3.20,39.94,1.54,-10.00
22,7,-1.00,-1.00,-1.00,-1.00,0.1567,2.1,2.41,5.93,27.46,1.12,-47.88,-1.60,-10.00
22,7,-1.00,-1.00,-1.00,-1.00,0.1406,2.2,2.15,5.61,20.72,1.64,-46.85,0.03,-10.00
22,7,-1.00,-1.00,-1.00,-1.00,0.1366,1.8,2.10,5.20,-15.42,0.95,-44.32,-3.12,-10.00
22,7,-1.00,-1.00,-1.00,-1.00,0.1243,1.9,2.13,5.54,-32.08,0.93,-31.07,-1.52,-10.00
22,7,-1.00,-1.00,-1.00,-1.00,0.1189,2.0,2.16,5.48,20.45,1.54,-44.20,-0.04,-10.00
22,7,-1.00,-1.00,-1.00,-1.00,0.1186,1.9,2.07,5.14,22.59,1.98,-7.96,-3.10,-10.00
22,7,1544.62,475.77,1600.00,555.64,0.1171,2.0,2.16,5.63,22.49,2.23,33.22,3.10,-10.00
22,7,-1.00,-1.00,-1.00,-1.00,0.1160,2.1,2.25,5.85,27.74,1.92,39.69,1.60,-10.00
22,7,-1.00,-1.00,-1.00,-1.00,0.1137,2.1,2.10,5.51,-14.29,0.60,-49.20,-0.01,-10.00
22,7,1123.47,412.18,1240.91,508.21,0.1105,3.0,2.54,6.85,12.63,1.28,45.08,1.62,-10.00
22,7,-1.00,-1.00,-1.00,-1.00,0.1102,3.7,3.00,9.40,-50.87,0.17,-15.33,1.84,-10.00
22,7,-1.00,-1.00,-1.00,-1.00,0.1042,2.2,2.24,5.60,23.12,2.18,18.76,3.09,-10.00
22,7,-1.00,-1.00,-1.00,-1.00,0.1009,2.0,2.18,5.50,21.34,1.38,-22.94,-3.14,-10.00
22,7,1466.57,469.83,1600.00,562.77,0.1002,2.5,2.36,6.13,22.07,2.61,36.01,3.07,-10.00
23,7,1557.54,471.43,1600.00,560.94,0.2948,2.0,2.15,5.49,20.92,2.22,31.37,-1.53,-10.00
23,7,-1.00,-1.00,-1.00,-1.00,0.2553,2.0,2.21,5.93,19.35,2.07,19.19,1.60,-10.00
23,7,1188.56,439.34,1520.20,550.74,0.2471,2.0,2.17,5.43,10.04,1.52,24.21,0.02,-10.00
23,7,1063.46,393.91,1190.30,523.07,0.2295,3.7,2.94,8.49,9.80,1.71,41.81,-1.47,-10.00
23,7,1506.55,405.54,1600.00,523.51,0.1718,3.4,2.68,7.08,25.52,1.70,41.02,-1.55,-10.00
23,7,-1.00,-1.00,-1.00,-1.00,0.1660,1.8,2.11,4.93,-15.22,0.78,-48.01,-3.11,-10.00
23,7,-1.00,-1.00,-1.00,-1.00,0.1612,2.0,2.25,5.68,22.74,2.19,29.39,0.06,-10.00
23,7,-1.00,-1.00,-1.00,-1.00,0.1477,2.0,2.14,5.48,-25.54,0.88,-42.44,-3.12,-10.00
23,7,-1.00,-1.00,-1.00,-1.00,0.1436,2.0,2.12,5.34,20.43,1.46,-50.78,0.03,-10.00
23,7,-1.00,-1.00,-1.00,-1.00,0.1401,2.0,2.13,5.50,-30.13,0.69,-33.56,0.41,-10.00
23,7,1503.08,478.25,1600.00,553.81,0.1385,2.0,2.21,5.55,22.15,2.28,34.73,3.11,-10.00
23,7,529.69,452.33,622.98,510.76,0.1365,1.9,2.15,5.77,-9.34,1.47,47.29,-1.53,-10.00
23,7,-1.00,-1.00,-1.00,-1.00,0.1212,2.1,2.18,5.72,-13.17,0.95,-48.63,1.84,-10.00
23,7,-1.00,-1.00,-1.00,-1.00,0.1048,2.1,2.20,5.63,12.64,1.34,-52.30,-1.51,-10.00
23,7,-1.00,-1.00,-1.00,-1.00,0.1019,2.0,2.16,5.45,26.93,0.58,-44.10,0.04,-10.00
23,7,-1.00,-1.00,-1.00,-1.00,0.1018,1.8,2.02,5.08,23.21,1.97,-6.15,-3.13,-10.00
24,7,1247.40,434.00,1600.00,568.77,0.2609,2.0,2.13,5.43,9.87,1.54,20.17,-3.13,-10.00
24,7,-1.00,-1.00,-1.00,-1.00,0.2440,3.8,3.07,9.51,28.41,1.48,35.94,0.01,-10.00
24,7,-1.00,-1.00,-1.00,-1.00,0.1900,1.8,2.08,5.27,22.28,2.13,20.13,-3.11,-10.00
24,7,-1.00,-1.00,-1.00,-1.00,0.1855,1.9,2.12,5.26,22.32,2.53,25.56,0.02,-10.00
24,7,-1.00,-1.00,-1.00,-1.00,0.1608,3.3,2.80,9.30,27.61,1.75,7.97,-1.49,-10.00
24,7,1464.80,412.98,1600.00,516.53,0.1467,3.6,2.91,8.54,28.47,1.65,46.01,-0.05,-10.00
24,7,-1.00,-1.00,-1.00,-1.00,0.1455,1.9,2.07,5.34,22.62,2.33,23.06,-3.13,-10.00
24,7,1202.17,429.61,1559.57,547.81,0.1252,2.0,2.17,5.51,9.90,1.39,22.85,0.12,-10.00
24,7,-1.00,-1.00,-1.00,-1.00,0.1135,2.1,2.21,5.63,-30.23,0.85,-37.58,-2.84,-10.00
24,7,-1.00,-1.00,-1.00,-1.00,0.1008,2.0,2.10,5.55,-32.15,0.82,-39.14,-1.55,-10.00
25,7,-1.00,-1.00,-1.00,-1.00,0.2411,1.9,2.11,5.33,22.14,2.30,15.95,-3.11,-10.00
25,7,-1.00,-1.00,-1.00,-1.00,0.1849,3.5,2.86,6.69,45.33,0.67,31.42,-0.05,-10.00
25,7,1596.49,338.78,1600.00,515.40,0.1494,4.1,3.08,9.31,25.72,1.16,34.74,-1.54,-10.00
25,7,-1.00,-1.00,-1.00,-1.00,0.1473,1.9,2.06,5.32,15.49,0.77,-39.18,-0.05,-10.00
25,7,1524.51,402.46,1600.00,515.50,0.1417,3.5,2.89,7.96,28.22,1.46,41.97,-0.02,-10.00
25,7,-1.00,-1.00,-1.00,-1.00,0.1217,1.9,2.14,5.35,22.74,2.48,18.68,3.13,-10.00
25,7,1347.86,435.93,1600.00,600.59,0.1161,2.0,2.02,5.23,9.81,1.61,16.22,3.11,-10.00
25,7,-1.00,-1.00,-1.00,-1.00,0.1121,1.8,2.01,4.96,22.86,2.05,-11.29,-3.12,-10.00
25,7,-1.00,-1.00,-1.00,-1.00,0.1064,4.0,3.81,16.41,-31.47,1.28,9.70,-1.57,-10.00
25,7,-1.00,-1.00,-1.00,-1.00,0.1047,2.1,2.20,5.32,-49.55,1.04,-10.54,2.73,-10.00
26,7,-1.00,-1.00,-1.00,-1.00,0.2435,1.9,2.16,5.34,21.97,2.27,12.43,-3.07,-10.00
26,7,-1.00,-1.00,-1.00,-1.00,0.2214,3.3,2.82,7.43,45.18,0.51,27.78,-3.08,-10.00
26,7,-1.00,-1.00,-1.00,-1.00,0.1684,2.0,2.11,5.54,22.51,1.87,-23.21,0.02,-10.00
26,7,-1.00,-1.00,-1.00,-1.00,0.1386,1.8,2.06,4.90,22.20,1.87,-14.84,-3.10,-10.00
26,7,-1.00,-1.00,-1.00,-1.00,0.1339,1.8,2.12,5.48,-44.24,1.35,-8.65,-0.91,-10.00
26,7,-1.00,-1.00,-1.00,-1.00,0.1328,2.3,2.36,6.37,-28.76,0.75,-45.14,0.62,-10.00
26,7,1584.32,410.18,1600.00,524.02,0.1325,3.3,2.68,7.90,28.54,1.71,41.05,-1.54,-10.00
26,7,1571.50,402.61,1600.00,521.91,0.1170,3.4,2.87,8.27,27.87,1.54,38.42,-0.03,-10.00
27,7,-1.00,-1.00,-1.00,-1.00,0.3124,3.7,2.99,8.29,40.38,-0.02,33.88,-3.08,-10.00
27,7,-1.00,-1.00,-1.00,-1.00,0.1677,4.3,3.16,13.09,29.72,1.97,34.39,3.02,-10.00
27,7,1351.58,464.83,1512.76,555.51,0.1505,2.8,2.63,6.97,20.47,2.86,42.84,-1.47,-10.00
27,7,1433.66,474.55,1600.00,551.31,0.1331,2.3,2.36,6.29,22.68,2.64,41.30,1.60,-10.00
27,7,-1.00,-1.00,-1.00,-1.00,0.1300,1.9,2.12,5.46,9.98,1.26,-21.79,3.12,-10.00
27,7,-1.00,-1.00,-1.00,-1.00,0.1299,2.1,2.18,5.38,9.97,1.92,8.46,0.01,-10.00
27,7,-1.00,-1.00,-1.00,-1.00,0.1244,1.9,2.22,5.48,22.58,2.55,8.27,3.14,-10.00
27,7,-1.00,-1.00,-1.00,-1.00,0.1145,2.0,2.22,5.20,39.48,0.86,-25.77,-2.03,-10.00
27,7,-1.00,-1.00,-1.00,-1.00,0.1135,3.6,2.88,8.09,25.99,0.96,26.35,-1.49,-10.00
27,7,-1.00,-1.00,-1.00,-1.00,0.1059,4.2,4.14,18.70,-31.76,1.42,3.39,-1.58,-10.00
28,7,-1.00,-1.00,-1.00,-1.00,0.3396,1.9,2.13,5.50,21.95,2.13,3.63,-3.08,-10.00
28,7,-1.00,-1.00,-1.00,-1.00,0.2112,3.2,2.80,7.54,43.14,1.99,20.90,-1.60,-10.00
28,7,1447.53,464.68,1600.00,561.14,0.1506,2.6,2.35,5.99,21.49,2.57,36.04,0.03,-10.00
28,7,-1.00,-1.00,-1.00,-1.00,0.1069,2.6,2.44,5.82,35.76,-0.02,-48.75,0.06,-10.00
28,7,961.93,482.26,1114.02,537.54,0.1003,1.9,2.05,5.38,7.70,2.46,46.13,-3.03,-10.00
29,7,-1.00,-1.00,-1.00,-1.00,0.1748,1.9,2.09,5.33,9.57,1.17,-30.83,0.05,-10.00
29,7,-1.00,-1.00,-1.00,-1.00,0.1394,2.3,2.19,5.71,23.75,2.96,31.34,-0.02,-10.00
29,7,-1.00,-1.00,-1.00,-1.00,0.1280,3.1,2.86,6.34,43.84,0.96,14.18,3.14,-10.00
29,7,-1.00,-1.00,-1.00,-1.00,0.1194,2.1,2.12,5.53,21.54,1.91,-25.53,-0.02,-10.00
29,7,-1.00,-1.00,-1.00,-1.00,0.1174,1.9,2.07,5.18,22.08,1.93,-0.90,-3.09,-10.00
29,7,-1.00,-1.00,-1.00,-1.00,0.1095,1.7,2.00,4.89,22.76,2.00,-12.12,-3.13,-10.00
29,7,-1.00,-1.00,-1.00,-1.00,0.1043,1.8,2.05,5.21,22.31,1.50,-20.17,3.13,-10.00
29,7,-1.00,-1.00,-1.00,-1.00,0.1020,2.0,2.25,5.54,19.80,1.79,-9.64,-3.09,-10.00
29,7,-1.00,-1.00,-1.00,-1.00,0.1019,2.1,2.33,5.38,26.27,2.64,19.68,-1.52,-10.00
30,7,-1.00,-1.00,-1.00,-1.00,0.2052,2.1,2.11,5.79,7.38,1.66,-48.37,-1.73,-10.00
30,7,1086.71,467.67,1288.41,533.72,0.2036,1.9,2.12,5.41,10.82,1.89,37.75,-0.16,-10.00
30,7,-1.00,-1.00,-1.00,-1.00,0.1962,1.9,2.15,5.41,22.16,2.33,5.25,3.12,-10.00
30,7,-1.00,-1.00,-1.00,-1.00,0.1503,2.5,2.44,6.42,42.53,0.96,8.34,1.63,-10.00
30,7,-1.00,-1.00,-1.00,-1.00,0.1196,2.1,2.38,5.88,22.40,1.91,-30.25,3.14,-10.00
30,7,-1.00,-1.00,-1.00,-1.00,0.1097,1.9,2.07,5.28,21.72,2.05,-5.29,-3.14,-10.00
30,7,1060.18,476.75,1226.47,533.10,0.1086,1.9,2.16,5.45,11.38,2.25,45.32,-3.12,-10.00
30,7,-1.00,-1.00,-1.00,-1.00,0.1061,2.1,2.26,5.75,45.18,0.71,8.20,-1.56,-10.00
30,7,-1.00,-1.00,-1.00,-1.00,0.1020,1.8,2.06,5.06,21.69,1.78,-24.76,-3.13,-10.00
31,7,-1.00,-1.00,-1.00,-1.00,0.2821,1.9,2.05,5.33,21.88,1.88,-9.76,-3.14,-10.00
31,7,1022.26,473.47,1168.01,527.97,0.1956,2.0,2.20,5.20,10.53,2.25,49.42,3.11,-10.00
31,7,1100.85,455.54,1335.87,535.03,0.1720,2.0,2.09,5.42,10.14,1.67,32.66,-0.11,-10.00
31,7,-1.00,-1.00,-1.00,-1.00,0.1604,2.0,2.20,5.61,-12.38,1.25,-37.22,-0.03,-10.00
31,7,-1.00,-1.00,-1.00,-1.00,0.1351,2.7,2.45,5.84,21.53,2.77,22.39,0.01,-10.00
31,7,-1.00,-1.00,-1.00,-1.00,0.1265,2.0,2.07,5.27,9.75,1.64,-9.43,0.04,-10.00
31,7,-1.00,-1.00,-1.00,-1.00,0.1256,2.0,2.24,5.85,22.23,2.57,31.49,1.74,-10.00
31,7,-1.00,-1.00,-1.00,-1.00,0.1201,1.9,2.02,5.25,8.14,0.96,-45.35,0.00,-10.00
31,7,1416.99,491.28,1589.99,545.37,0.1167,1.9,2.02,5.12,24.58,2.72,45.64,-3.11,-10.00
31,7,207.56,455.17,422.86,524.11,0.1122,1.9,2.13,5.55,-15.17,1.58,37.36,-3.08,-10.00
31,7,-1.00,-1.00,-1.00,-1.00,0.1089,2.1,2.19,5.64,24.11,2.25,26.78,-3.14,-10.00
31,7,147.88,451.27,376.33,528.28,0.1088,2.0,2.11,5.34,-15.48,1.57,34.54,-3.09,-10.00
31,7,308.72,466.72,501.25,530.15,0.1013,1.9,2.12,5.50,-13.55,1.91,40.53,3.14,-10.00
32,7,1144.06,457.48,1423.02,548.59,0.3315,1.9,2.12,5.49,10.08,1.73,28.08,0.12,-10.00
32,7,1045.45,462.16,1215.40,521.30,0.2996,2.0,2.13,5.50,10.74,1.79,44.62,0.01,-10.00
32,7,-1.00,-1.00,-1.00,-1.00,0.2637,2.4,2.34,6.15,22.27,2.35,17.84,0.01,-10.00
32,7,106.25,445.86,352.95,522.61,0.1667,1.9,2.14,5.46,-15.63,1.35,33.02,-3.12,-10.00
32,7,193.17,452.50,406.41,521.39,0.1588,1.9,2.05,5.27,-15.11,1.45,36.16,3.14,-10.00
32,7,20.90,458.29,294.39,542.67,0.1541,1.9,2.14,5.40,-15.95,1.72,30.09,0.02,-10.00
32,7,-1.00,-1.00,-1.00,-1.00,0.1482,1.9,2.14,5.47,23.46,2.44,25.13,3.13,-10.00
32,7,-1.00,-1.00,-1.00,-1.00,0.1344,1.9,2.26,5.83,30.69,1.39,-2.91,-1.54,-10.00
32,7,1470.20,483.23,1600.00,542.13,0.1331,1.9,2.03,5.08,24.41,2.36,41.49,-3.12,-10.00
32,7,-1.00,-1.00,-1.00,-1.00,0.1315,1.8,2.02,4.98,21.69,1.90,-14.18,3.13,-10.00
32,7,1431.02,483.85,1600.00,538.60,0.1313,1.8,2.02,5.02,24.23,2.38,43.92,-3.07,-10.00
32,7,1556.71,476.52,1600.00,547.07,0.1199,1.9,2.13,5.45,24.32,2.18,35.97,3.11,-10.00
32,7,1401.01,489.42,1570.54,540.77,0.1052,1.8,2.10,5.15,24.56,2.62,46.83,-3.11,-10.00
33,7,-1.00,-1.00,-1.00,-1.00,0.2901,1.9,2.15,5.48,21.76,1.86,-18.35,-3.12,-10.00
33,7,-1.00,-1.00,-1.00,-1.00,0.2266,2.7,2.46,6.57,21.77,2.40,13.75,0.05,-10.00
33,7,8.94,446.02,285.50,533.33,0.1955,1.9,2.11,5.20,-15.51,1.43,28.81,-3.12,-10.00
33,7,-1.00,-1.00,-1.00,-1.00,0.1881,2.1,2.28,5.83,43.00,0.71,20.66,-3.12,-10.00
33,7,105.27,446.90,353.61,525.54,0.1560,1.9,2.09,5.26,-15.04,1.38,31.81,3.11,-10.00
33,7,-1.00,-1.00,-1.00,-1.00,0.1512,2.2,2.23,5.63,9.50,1.62,-18.18,0.04,-10.00
33,7,-1.00,-1.00,-1.00,-1.00,0.1482,3.5,2.83,8.01,33.60,-2.77,-42.37,-1.55,-10.00
33,7,-1.00,-1.00,-1.00,-1.00,0.1455,2.0,2.22,5.94,7.92,1.44,-33.78,-1.57,-10.00
33,7,-1.00,-1.00,-1.00,-1.00,0.1324,1.9,2.05,5.15,22.37,1.94,-15.60,-3.12,-10.00
33,7,189.49,446.97,419.20,522.33,0.1280,2.0,2.17,5.49,-14.48,1.42,34.96,-3.09,-10.00
33,7,1064.63,451.12,1244.98,515.54,0.1230,1.9,2.05,5.26,10.50,1.43,40.39,0.03,-10.00
33,7,-1.00,-1.00,-1.00,-1.00,0.1186,1.9,2.07,5.06,9.33,1.16,-39.98,0.00,-10.00
33,7,-1.00,-1.00,-1.00,-1.00,0.1156,1.8,2.08,5.37,9.71,1.27,-37.43,0.03,-10.00
33,7,-1.00,-1.00,-1.00,-1.00,0.1093,1.9,2.08,5.25,23.47,2.47,23.55,-3.06,-10.00
33,7,1445.86,481.99,1600.00,539.34,0.1068,1.9,2.14,5.10,24.22,2.34,42.71,-3.12,-10.00
33,7,301.46,458.42,473.46,517.31,0.1020,1.9,2.09,5.27,-15.21,1.61,43.64,3.06,-10.00
34,7,1095.39,445.11,1308.96,520.92,0.4163,2.1,2.16,5.48,10.76,1.43,36.22,-0.00,-10.00
34,7,-1.00,-1.00,-1.00,-1.00,0.2775,1.9,2.12,5.48,21.79,1.84,-22.52,3.12,-10.00
34,7,-1.00,-1.00,-1.00,-1.00,0.2296,2.1,2.25,5.61,9.57,1.64,-22.25,-3.12,-10.00
34,7,1036.01,450.69,1197.85,508.28,0.1764,2.0,2.07,5.57,10.69,1.37,46.50,0.08,-10.00
34,7,0.00,430.08,285.49,524.81,0.1761,2.0,2.15,5.53,-15.26,1.18,27.83,3.10,-10.00
34,7,-1.00,-1.00,-1.00,-1.00,0.1691,3.6,2.90,8.50,42.65,0.28,-9.79,1.63,-10.00
34,7,0.00,429.68,197.51,532.93,0.1428,1.9,2.16,5.41,-15.66,1.21,24.67,3.12,-10.00
34,7,-1.00,-1.00,-1.00,-1.00,0.1295,2.6,2.22,5.88,21.64,2.40,9.42,0.02,-10.00
34,7,-1.00,-1.00,-1.00,-1.00,0.1287,1.9,2.17,5.48,22.07,2.03,-16.96,-0.00,-10.00
34,7,-1.00,-1.00,-1.00,-1.00,0.1208,2.0,2.12,5.29,7.89,1.58,-44.06,-0.04,-10.00
34,7,1243.92,465.10,1600.00,582.42,0.1149,1.9,2.18,5.67,10.67,1.94,22.35,3.11,-10.00
34,7,0.00,433.91,89.09,550.37,0.1139,1.9,2.08,5.07,-15.90,1.36,21.66,-3.11,-10.00
34,7,-1.00,-1.00,-1.00,-1.00,0.1079,1.9,2.12,5.28,22.17,1.99,-19.70,3.14,-10.00
34,7,-1.00,-1.00,-1.00,-1.00,0.1063,1.9,2.21,5.49,7.29,0.97,-51.58,-1.58,-10.00
34,7,-1.00,-1.00,-1.00,-1.00,0.1039,1.8,2.07,5.32,23.81,2.13,22.42,-3.11,-10.00
34,7,312.39,453.85,490.98,515.04,0.1033,2.0,2.16,5.59,-15.02,1.56,44.51,-3.14,-10.00
35,7,1109.48,451.52,1350.00,533.95,0.4969,2.0,2.12,5.42,10.20,1.61,32.02,0.01,-10.00
35,7,-1.00,-1.00,-1.00,-1.00,0.3224,1.9,2.05,5.24,23.33,2.41,15.60,0.02,-10.00
35,7,0.00,421.79,186.99,532.85,0.2429,2.0,2.16,5.67,-15.51,1.16,23.69,3.12,-10.00
35,7,-1.00,-1.00,-1.00,-1.00,0.2070,2.1,2.21,5.60,9.51,1.66,-26.41,0.05,-10.00
35,7,-1.00,-1.00,-1.00,-1.00,0.1889,2.4,2.26,5.91,21.50,1.98,5.37,-0.01,-10.00
35,7,-1.00,-1.00,-1.00,-1.00,0.1621,2.0,2.17,5.47,21.38,2.06,-26.79,0.07,-10.00
35,7,1032.24,435.88,1129.22,503.59,0.1474,2.1,2.15,5.69,8.99,1.11,44.86,-1.60,-10.00
35,7,169.81,449.44,388.91,521.38,0.1354,1.9,2.08,5.25,-15.36,1.41,35.37,-3.13,-10.00
35,7,1047.50,444.94,1227.31,507.73,0.1353,2.0,2.14,5.53,10.51,1.24,42.66,-0.02,-10.00
35,7,-1.00,-1.00,-1.00,-1.00,0.1313,3.7,2.96,8.84,34.79,0.99,-11.53,1.60,-10.00
35,7,-1.00,-1.00,-1.00,-1.00,0.1281,3.2,2.89,7.84,30.78,1.62,41.16,0.07,-10.00
35,7,283.81,455.15,470.14,519.79,0.1117,2.1,2.21,5.50,-15.16,1.65,42.47,-3.12,-10.00
35,7,-1.00,-1.00,-1.00,-1.00,0.1095,1.9,2.08,5.33,-27.47,1.86,26.22,3.12,-10.00
35,7,0.00,431.29,73.93,553.54,0.1082,1.9,2.09,5.37,-15.78,1.34,20.73,-3.12,-10.00
35,7,0.00,433.91,263.68,528.51,0.1062,1.9,2.13,5.37,-15.34,1.23,27.07,-0.09,-10.00
35,7,-1.00,-1.00,-1.00,-1.00,0.1040,1.9,2.18,5.71,-17.43,1.42,17.68,-3.03,-10.00
35,7,-1.00,-1.00,-1.00,-1.00,0.1038,1.9,2.10,5.17,23.28,2.51,26.37,-3.11,-10.00
35,7,-1.00,-1.00,-1.00,-1.00,0.1027,1.8,2.08,5.19,23.52,2.33,23.82,0.00,-10.00
35,7,-1.00,-1.00,-1.00,-1.00,0.1025,1.9,1.99,5.19,23.20,2.44,12.65,-3.13,-10.00
36,7,1161.27,455.63,1460.97,553.65,0.6770,2.1,2.25,5.78,10.71,1.83,28.05,-0.01,-10.00
36,7,-1.00,-1.00,-1.00,-1.00,0.2258,2.1,2.23,5.64,9.59,1.50,-30.52,0.02,-10.00
36,7,-1.00,-1.00,-1.00,-1.00,0.1853,3.2,2.71,6.84,30.53,1.46,37.04,-0.01,-10.00
36,7,71.82,453.51,327.57,534.49,0.1844,1.9,2.10,5.30,-15.53,1.58,31.25,-3.14,-10.00
36,7,-1.00,-1.00,-1.00,-1.00,0.1712,2.0,2.15,5.49,22.62,1.18,-44.55,0.01,-10.00
36,7,0.00,417.60,65.42,551.59,0.1676,2.0,2.14,5.57,-15.43,1.24,19.67,3.10,-10.00
36,7,240.00,450.71,439.12,518.20,0.1620,2.0,2.10,5.40,-15.17,1.47,39.23,0.02,-10.00
36,7,321.97,455.31,488.51,510.76,0.1504,2.0,2.15,5.72,-16.24,1.53,48.54,3.11,-10.00
36,7,-1.00,-1.00,-1.00,-1.00,0.1443,1.9,2.22,5.46,23.40,2.53,19.52,-3.11,-10.00
36,7,1040.76,458.83,1202.79,514.57,0.1307,2.0,2.13,5.59,11.11,1.64,47.46,-0.00,-10.00
36,7,0.00,447.79,263.38,538.39,0.1218,1.9,2.12,5.41,-15.95,1.52,28.38,-3.11,-10.00
36,7,-1.00,-1.00,-1.00,-1.00,0.1214,2.1,2.21,5.70,21.53,1.48,-47.43,-3.13,-10.00
36,7,-1.00,-1.00,-1.00,-1.00,0.1180,1.9,2.08,5.21,-12.31,0.68,-51.22,-0.01,-10.00
36,7,-1.00,-1.00,-1.00,-1.00,0.1169,2.4,2.24,5.72,21.50,2.19,1.34,-0.02,-10.00
36,7,1096.22,456.38,1315.31,531.69,0.1159,1.9,2.09,5.40,10.33,1.66,34.24,-0.27,-10.00
36,7,0.00,437.34,168.15,547.96,0.1108,1.9,2.06,5.40,-15.43,1.41,23.16,-3.13,-10.00
37,7,1213.38,448.97,1569.81,560.54,0.8196,2.0,2.23,5.72,10.60,1.68,23.86,-0.00,-10.00
37,7,-1.00,-1.00,-1.00,-1.00,0.2984,2.0,2.25,5.68,-20.74,1.34,5.95,-1.63,-10.00
37,7,0.00,450.67,263.14,543.22,0.2689,1.9,2.11,5.32,-15.35,1.56,27.12,-0.02,-10.00
37,7,-1.00,-1.00,-1.00,-1.00,0.2227,1.9,2.14,5.45,-15.54,1.35,15.33,3.06,-10.00
37,7,-1.00,-1.00,-1.00,-1.00,0.2207,2.4,2.32,5.73,21.67,2.06,-2.74,0.04,-10.00
37,7,-1.00,-1.00,-1.00,-1.00,0.1715,2.0,2.23,5.95,21.74,1.72,-24.40,-0.05,-10.00
37,7,1089.57,462.20,1302.43,536.72,0.1600,1.9,2.10,5.18,10.08,1.81,34.48,-0.03,-10.00
37,7,1523.41,484.96,1600.00,550.99,0.1553,1.9,2.04,5.11,24.05,2.39,37.56,-3.13,-10.00
37,7,143.93,466.95,383.41,547.04,0.1485,2.0,2.16,5.45,-15.03,2.04,33.66,-3.10,-10.00
37,7,1466.83,483.27,1600.00,543.75,0.1449,1.9,2.11,5.15,23.76,2.35,40.35,3.14,-10.00
37,7,-1.00,-1.00,-1.00,-1.00,0.1446,2.1,2.20,5.50,-10.66,1.33,-51.44,1.61,-10.00
37,7,0.00,441.29,11.46,572.39,0.1319,1.8,2.03,5.31,-15.77,1.52,19.17,0.05,-10.00
37,7,0.00,446.38,34.70,521.36,0.1298,2.2,2.20,5.66,-27.94,1.54,38.60,0.02,-10.00
37,7,62.58,449.63,319.10,531.41,0.1242,1.9,2.10,5.32,-15.77,1.50,31.28,-3.11,-10.00
37,7,-1.00,-1.00,-1.00,-1.00,0.1226,2.0,2.11,5.41,8.47,0.91,-51.43,3.14,-10.00
37,7,-1.00,-1.00,-1.00,-1.00,0.1162,2.1,2.22,5.82,9.29,1.48,-34.60,0.06,-10.00
37,7,1025.55,453.67,1171.07,508.66,0.1138,2.1,2.10,5.24,10.75,1.49,49.82,-0.07,-10.00
37,7,-1.00,-1.00,-1.00,-1.00,0.1088,1.8,2.10,5.34,19.60,1.45,-29.34,-0.02,-10.00
37,7,-1.00,-1.00,-1.00,-1.00,0.1035,1.9,2.05,5.26,1.07,0.90,-45.81,3.11,-10.00
38,7,1275.14,449.12,1600.00,588.48,0.8143,2.0,2.20,5.72,10.39,1.80,19.83,-0.01,-10.00
38,7,0.00,386.25,99.46,524.90,0.5019,3.7,4.25,19.43,-34.09,1.85,44.96,1.59,-10.00
38,7,-1.00,-1.00,-1.00,-1.00,0.4403,1.9,2.12,5.55,-20.62,1.25,2.08,1.51,-10.00
38,7,250.84,448.30,452.19,519.17,0.3294,2.2,2.23,5.65,-15.19,1.54,40.36,3.05,-10.00
38,7,688.33,451.22,768.08,518.37,0.2411,2.1,2.14,5.46,-3.38,1.65,44.08,1.61,-10.00
38,7,42.71,453.40,328.22,544.34,0.2028,2.0,2.16,5.71,-15.23,1.75,30.00,0.02,-10.00
38,7,1115.95,463.02,1356.56,542.38,0.1832,1.8,2.06,5.14,9.90,1.74,30.57,-0.03,-10.00
38,7,-1.00,-1.00,-1.00,-1.00,0.1743,2.1,2.15,5.75,9.53,1.09,-38.69,-3.11,-10.00
38,7,-1.00,-1.00,-1.00,-1.00,0.1612,3.0,2.62,6.96,-33.03,0.54,5.56,1.66,-10.00
38,7,-1.00,-1.00,-1.00,-1.00,0.1591,1.9,2.04,5.35,-15.62,1.13,8.14,-3.12,-10.00
38,7,1093.53,465.06,1299.24,532.60,0.1374,1.8,2.07,5.26,10.58,1.78,36.12,-0.03,-10.00
38,7,-1.00,-1.00,-1.00,-1.00,0.1370,1.8,2.09,5.14,-28.75,1.13,29.14,3.09,-10.00
38,7,-1.00,-1.00,-1.00,-1.00,0.1269,3.8,2.99,9.20,35.26,0.83,10.76,1.58,-10.00
38,7,-1.00,-1.00,-1.00,-1.00,0.1237,2.0,2.12,5.34,-29.19,1.17,31.85,3.13,-10.00
38,7,-1.00,-1.00,-1.00,-1.00,0.1158,1.8,2.08,5.22,-15.73,0.99,17.62,-3.07,-10.00
38,7,-1.00,-1.00,-1.00,-1.00,0.1144,1.9,2.07,5.25,24.20,2.70,33.58,3.13,-10.00
38,7,-1.00,-1.00,-1.00,-1.00,0.1132,1.9,2.15,5.35,-15.76,1.10,11.24,3.08,-10.00
38,7,-1.00,-1.00,-1.00,-1.00,0.1129,2.0,2.12,5.30,-27.45,1.41,26.54,-0.02,-10.00
38,7,1484.70,466.23,1600.00,517.33,0.1122,1.9,2.12,5.22,29.12,1.83,49.43,-0.10,-10.00
39,7,1376.82,433.79,1600.00,618.57,0.7872,2.1,2.23,5.73,10.27,1.76,15.65,0.01,-10.00
39,7,-1.00,-1.00,-1.00,-1.00,0.7230,1.9,2.20,5.55,-20.72,1.18,-1.97,-1.60,-10.00
39,7,0.00,450.54,248.38,551.04,0.2858,1.9,2.09,5.32,-14.98,1.62,25.63,-3.10,-10.00
39,7,-1.00,-1.00,-1.00,-1.00,0.2569,2.0,2.08,5.15,-28.12,1.25,22.59,-3.10,-10.00
39,7,169.83,443.00,395.94,519.00,0.2265,2.1,2.17,5.54,-15.51,1.37,36.03,3.04,-10.00
39,7,1161.22,461.17,1451.83,552.67,0.1882,1.8,2.05,5.39,10.16,1.74,26.86,0.02,-10.00
39,7,-1.00,-1.00,-1.00,-1.00,0.1794,1.8,2.10,5.22,22.40,2.27,4.76,-3.13,-10.00
39,7,644.02,437.77,747.36,527.99,0.1568,2.3,2.32,6.00,-3.65,1.64,36.12,1.58,-10.00
39,7,-1.00,-1.00,-1.00,-1.00,0.1396,2.1,2.22,5.59,22.12,1.54,-32.52,-0.02,-10.00
39,7,-1.00,-1.00,-1.00,-1.00,0.1372,1.9,2.04,5.06,-28.14,1.31,25.13,-3.13,-10.00
39,7,-1.00,-1.00,-1.00,-1.00,0.1326,2.2,2.30,5.73,9.55,0.94,-42.93,0.05,-10.00
39,7,-1.00,-1.00,-1.00,-1.00,0.1285,2.3,2.37,6.21,36.27,0.30,-31.88,0.07,-10.00
39,7,-1.00,-1.00,-1.00,-1.00,0.1258,2.0,2.10,5.14,22.73,2.57,15.57,-3.14,-10.00
39,7,0.00,444.09,290.82,532.95,0.1184,1.9,2.10,5.39,-15.15,1.38,28.06,-3.12,-10.00
39,7,-1.00,-1.00,-1.00,-1.00,0.1174,1.9,2.12,5.25,-15.82,1.11,3.96,3.13,-10.00
39,7,1116.09,468.72,1354.46,546.91,0.1151,1.9,2.06,5.38,10.37,1.94,32.08,3.11,-10.00
39,7,-1.00,-1.00,-1.00,-1.00,0.1115,2.3,2.31,5.87,-32.96,1.38,8.36,-1.57,-10.00
39,7,-1.00,-1.00,-1.00,-1.00,0.1079,1.9,2.12,5.27,-15.68,1.20,6.99,3.05,-10.00
39,7,-1.00,-1.00,-1.00,-1.00,0.1058,2.0,2.24,5.60,-23.31,0.90,-1.57,-1.56,-10.00
39,7,-1.00,-1.00,-1.00,-1.00,0.1056,2.0,2.16,5.50,9.28,0.87,-48.70,0.01,-10.00
39,7,-1.00,-1.00,-1.00,-1.00,0.1005,2.0,2.19,5.61,22.31,1.22,-48.80,3.14,-10.00
40,7,1518.79,431.68,1600.00,667.41,0.7316,2.0,2.15,5.53,10.15,1.79,12.21,0.01,-10.00
40,7,0.00,428.94,147.35,548.21,0.4348,2.0,2.18,5.57,-15.50,1.36,22.35,-3.13,-10.00
40,7,84.73,443.28,357.43,535.65,0.3623,2.3,2.33,5.92,-15.63,1.68,32.65,3.08,-10.00
40,7,-1.00,-1.00,-1.00,-1.00,0.3198,1.9,2.08,5.38,-15.87,0.99,0.65,-3.12,-10.00
40,7,-1.00,-1.00,-1.00,-1.00,0.3158,2.1,2.11,5.44,-20.87,1.19,-5.19,-1.61,-10.00
40,7,0.00,337.65,0.75,536.97,0.3124,4.2,4.34,21.82,-34.64,1.98,37.65,1.62,-10.00
40,7,0.00,440.65,27.78,573.38,0.2574,1.9,2.06,5.36,-15.68,1.54,19.32,-0.00,-10.00
40,7,-1.00,-1.00,-1.00,-1.00,0.2272,2.1,2.24,5.64,-28.37,1.48,19.41,-3.03,-10.00
40,7,-1.00,-1.00,-1.00,-1.00,0.1985,2.0,2.13,5.24,21.81,0.88,-49.31,-0.02,-10.00
40,7,-1.00,-1.00,-1.00,-1.00,0.1974,2.1,2.18,5.61,9.24,0.84,-46.27,-3.12,-10.00
40,7,-1.00,-1.00,-1.00,-1.00,0.1453,2.0,2.13,5.48,-28.20,1.42,12.50,0.15,-10.00
40,7,-1.00,-1.00,-1.00,-1.00,0.1370,2.2,2.20,5.80,21.02,1.97,-35.91,-0.13,-10.00
40,7,602.13,443.45,735.18,544.71,0.1324,2.1,2.16,5.63,-3.53,1.71,29.17,1.61,-10.00
40,7,1199.76,455.04,1546.74,566.87,0.1324,1.9,2.13,5.44,9.98,1.74,23.21,-0.01,-10.00
40,7,189.80,450.12,399.00,518.95,0.1276,1.9,2.13,5.45,-16.12,1.45,38.15,-3.10,-10.00
40,7,-1.00,-1.00,-1.00,-1.00,0.1209,2.1,2.24,5.83,-28.02,1.52,9.50,-0.10,-10.00
40,7,131.54,446.42,359.36,518.79,0.1206,1.9,2.17,5.37,-16.24,1.34,35.28,3.07,-10.00
40,7,-1.00,-1.00,-1.00,-1.00,0.1139,1.8,2.05,5.01,23.17,2.63,9.49,-3.11,-10.00
40,7,-1.00,-1.00,-1.00,-1.00,0.1119,2.1,2.33,5.90,27.64,1.49,-10.94,-1.56,-10.00
40,7,0.00,431.79,233.01,533.68,0.1094,1.9,2.16,5.52,-15.27,1.26,25.30,-3.12,-10.00
40,7,1339.20,464.05,1600.00,619.52,0.1080,2.0,2.26,5.73,10.75,2.05,18.07,3.13,-10.00
40,7,941.61,435.36,1049.26,544.40,0.1062,3.1,2.36,5.73,5.11,2.28,38.86,-1.60,-10.00
40,7,-1.00,-1.00,-1.00,-1.00,0.1058,2.0,2.15,5.44,8.73,1.13,-49.09,-0.00,-10.00
40,7,-1.00,-1.00,-1.00,-1.00,0.1035,1.9,2.20,5.65,-15.88,1.44,15.69,-3.14,-10.00
