0,7,-1.00,-1.00,-1.00,-1.00,0.1607,2.8,2.60,5.55,38.78,1.00,3.61,1.63,-10.00
0,7,-1.00,-1.00,-1.00,-1.00,0.1520,2.0,2.14,5.40,15.16,1.27,-2.69,-0.14,-10.00
0,7,-1.00,-1.00,-1.00,-1.00,0.1491,3.4,3.06,9.34,27.35,1.01,11.89,3.10,-10.00
0,7,-1.00,-1.00,-1.00,-1.00,0.1384,3.3,2.56,7.04,-9.85,1.75,-39.02,-0.88,-10.00
0,7,-1.00,-1.00,-1.00,-1.00,0.1234,4.2,2.98,9.58,-28.36,-0.83,-28.99,2.24,-10.00
0,7,-1.00,-1.00,-1.00,-1.00,0.1194,3.4,2.83,7.53,26.98,3.79,-45.52,1.98,-10.00
0,7,463.21,398.61,584.29,494.96,0.1143,2.5,2.27,5.44,-8.51,0.05,36.45,1.13,-10.00
0,7,-1.00,-1.00,-1.00,-1.00,0.1106,2.0,2.02,5.25,9.35,0.81,9.44,0.12,-10.00
0,7,-1.00,-1.00,-1.00,-1.00,0.1061,2.0,2.22,5.66,38.97,2.60,-10.32,3.11,-10.00
1,7,-1.00,-1.00,-1.00,-1.00,0.3942,3.2,2.81,7.56,15.44,0.89,5.88,0.07,-10.00
1,7,-1.00,-1.00,-1.00,-1.00,0.2784,3.4,2.65,7.20,38.70,1.46,1.95,1.66,-10.00
1,7,-1.00,-1.00,-1.00,-1.00,0.1493,1.9,2.10,5.23,-9.50,1.78,-3.62,0.15,-10.00
1,7,-1.00,-1.00,-1.00,-1.00,0.1247,4.2,3.10,10.43,-29.04,-0.58,-30.44,2.21,-10.00
2,7,0.00,390.94,264.58,495.95,0.2997,2.6,2.43,7.20,-18.40,0.07,32.75,0.05,-10.00
2,7,141.06,369.49,351.98,469.40,0.2653,3.2,2.63,7.69,-20.57,-0.88,45.63,0.47,-10.00
2,7,-1.00,-1.00,-1.00,-1.00,0.2571,3.3,2.97,7.81,15.23,0.97,3.07,0.24,-10.00
2,7,-1.00,-1.00,-1.00,-1.00,0.2395,3.3,2.74,7.99,-12.82,2.04,-43.32,-0.94,-10.00
2,7,755.21,436.55,940.74,507.30,0.1667,2.0,2.10,5.32,0.94,0.44,37.44,0.03,-10.00
2,7,-1.00,-1.00,-1.00,-1.00,0.1471,1.9,2.12,5.27,-7.51,2.00,-28.06,-0.85,-10.00
2,7,1009.77,334.72,1212.59,493.72,0.1268,2.2,2.16,5.43,4.71,-0.02,21.16,-1.56,-10.00
2,7,-1.00,-1.00,-1.00,-1.00,0.1139,3.2,3.08,7.73,49.70,4.55,-47.76,1.76,-10.00
2,7,-1.00,-1.00,-1.00,-1.00,0.1102,2.3,2.28,5.71,-32.01,-0.86,35.20,0.14,-10.00
2,7,172.13,415.85,391.80,491.90,0.1063,2.0,2.02,5.32,-14.79,-0.02,35.17,-3.00,-10.00
3,7,-1.00,-1.00,-1.00,-1.00,0.2618,3.2,2.78,7.24,15.12,0.75,1.34,0.17,-10.00
3,7,-1.00,-1.00,-1.00,-1.00,0.1748,2.1,2.09,5.41,-30.44,-0.97,34.25,0.21,-10.00
3,7,0.00,368.55,314.01,503.26,0.1345,3.0,2.91,13.47,-19.49,0.24,31.57,0.19,-10.00
3,7,899.68,344.91,1326.44,532.79,0.1004,2.5,2.19,5.65,4.11,0.56,18.25,0.13,-10.00
4,7,-1.00,-1.00,-1.00,-1.00,0.2323,2.8,2.50,6.53,38.26,0.89,-7.53,1.73,-10.00
4,7,-1.00,-1.00,-1.00,-1.00,0.2198,2.0,2.14,5.57,40.07,0.47,-5.17,0.06,-10.00
4,7,-1.00,-1.00,-1.00,-1.00,0.2072,3.3,3.00,8.15,15.30,0.98,-0.19,0.12,-10.00
4,7,0.00,384.34,260.33,524.04,0.1632,3.1,2.85,10.20,-18.92,0.73,30.36,0.13,-10.00
4,7,-1.00,-1.00,-1.00,-1.00,0.1274,1.9,2.11,5.68,-9.52,1.80,-30.24,-0.11,-10.00
4,7,791.47,416.63,977.29,512.32,0.1259,2.2,2.17,5.36,1.58,0.51,31.86,-2.07,-10.00
4,7,-1.00,-1.00,-1.00,-1.00,0.1187,2.1,2.27,5.60,42.53,2.51,-17.93,0.23,-10.00
5,7,-1.00,-1.00,-1.00,-1.00,0.3044,3.1,2.58,6.98,38.50,1.01,-8.54,1.61,-10.00
5,7,83.92,373.04,329.28,474.16,0.2624,3.2,2.59,7.35,-20.69,-0.64,43.12,0.18,-10.00
5,7,380.28,429.55,554.40,506.75,0.1980,1.9,1.96,4.96,-9.50,0.40,34.30,-2.47,-10.00
5,7,-1.00,-1.00,-1.00,-1.00,0.1954,3.4,2.86,8.36,15.79,1.30,-1.39,0.17,-10.00
6,7,-1.00,-1.00,-1.00,-1.00,0.2327,2.5,2.30,5.54,-12.80,-0.46,-43.47,-0.88,-10.00
6,7,-1.00,-1.00,-1.00,-1.00,0.2322,2.0,2.27,5.45,20.51,2.32,-18.83,-1.46,-10.00
6,7,323.55,428.52,507.26,502.81,0.2210,1.9,1.96,5.03,-11.01,0.30,34.67,-2.59,-10.00
6,7,-1.00,-1.00,-1.00,-1.00,0.2053,3.6,2.79,7.96,38.91,1.25,-6.09,-1.40,-10.00
6,7,-1.00,-1.00,-1.00,-1.00,0.1699,3.3,2.86,7.84,15.23,1.09,-2.19,0.18,-10.00
6,7,-1.00,-1.00,-1.00,-1.00,0.1609,2.1,2.15,5.34,-8.54,0.55,0.69,-2.40,-10.00
6,7,1154.11,374.72,1421.81,552.94,0.1344,1.9,2.16,5.14,5.80,0.71,16.33,-1.43,-10.00
6,7,-1.00,-1.00,-1.00,-1.00,0.1130,2.0,2.12,5.53,-10.25,1.38,-31.03,0.19,-10.00
6,7,1040.23,415.18,1118.77,492.54,0.1023,2.1,2.08,5.43,8.00,-0.02,38.91,1.72,-10.00
6,7,-1.00,-1.00,-1.00,-1.00,0.1019,1.9,2.14,5.20,40.27,2.43,-20.50,-1.33,-10.00
7,7,-1.00,-1.00,-1.00,-1.00,0.2074,3.3,2.67,7.25,38.26,0.94,-11.68,1.63,-10.00
7,7,-1.00,-1.00,-1.00,-1.00,0.1723,2.8,2.52,7.09,-44.17,-0.06,29.46,0.42,-10.00
7,7,-1.00,-1.00,-1.00,-1.00,0.1697,3.3,2.88,7.77,14.94,1.12,-2.73,0.19,-10.00
7,7,-1.00,-1.00,-1.00,-1.00,0.1549,2.3,2.56,5.88,20.16,2.07,-21.03,1.74,-10.00
7,7,-1.00,-1.00,-1.00,-1.00,0.1484,2.4,2.52,6.31,22.84,2.21,-20.24,0.14,-10.00
7,7,-1.00,-1.00,-1.00,-1.00,0.1460,2.2,2.13,5.40,-11.45,-0.36,-41.78,-1.00,-10.00
7,7,0.00,407.60,62.01,496.30,0.1383,2.0,2.20,5.83,-21.39,0.09,30.23,-2.94,-10.00
7,7,82.20,376.43,363.28,480.52,0.1315,3.2,2.61,8.76,-19.88,-0.41,42.50,0.23,-10.00
7,7,-1.00,-1.00,-1.00,-1.00,0.1081,3.6,2.95,7.90,39.23,1.17,-7.03,-1.48,-10.00
8,7,-1.00,-1.00,-1.00,-1.00,0.2518,2.0,2.25,5.42,20.15,2.25,-20.24,-1.44,-10.00
8,7,0.00,406.77,64.64,491.70,0.2328,1.9,2.16,5.54,-21.13,-0.02,30.23,-2.90,-10.00
8,7,289.56,397.23,473.18,485.62,0.1786,2.6,2.60,6.27,-14.62,-0.28,43.13,1.89,-10.00
8,7,92.59,370.08,358.41,477.21,0.1610,3.3,2.65,8.61,-19.95,-0.54,42.76,0.32,-10.00
8,7,184.89,424.73,385.46,496.36,0.1324,1.9,2.12,5.00,-15.09,0.11,36.05,-2.87,-10.00
8,7,-1.00,-1.00,-1.00,-1.00,0.1232,2.1,2.28,5.11,38.28,0.32,-10.07,1.62,-10.00
8,7,-1.00,-1.00,-1.00,-1.00,0.1071,3.3,2.79,8.39,-44.17,0.13,29.61,0.38,-10.00
8,7,-1.00,-1.00,-1.00,-1.00,0.1061,3.2,2.71,7.16,14.69,1.05,-2.82,0.16,-10.00
9,7,-1.00,-1.00,-1.00,-1.00,0.1372,1.8,2.06,5.08,47.33,2.93,-28.87,0.17,-10.00
9,7,-1.00,-1.00,-1.00,-1.00,0.1369,2.1,2.32,6.08,40.15,2.59,-22.72,-1.43,-10.00
9,7,-1.00,-1.00,-1.00,-1.00,0.1255,2.3,2.44,5.79,38.19,0.84,-9.43,1.57,-10.00
9,7,120.18,419.85,354.87,512.87,0.1188,2.0,2.15,5.66,-13.60,0.50,30.29,1.77,-10.00
9,7,-1.00,-1.00,-1.00,-1.00,0.1173,3.0,2.75,10.43,-24.96,-0.04,30.82,0.35,-10.00
9,7,-1.00,-1.00,-1.00,-1.00,0.1138,3.2,2.63,6.38,14.59,0.96,-2.74,0.20,-10.00
9,7,-1.00,-1.00,-1.00,-1.00,0.1110,3.2,2.73,8.72,-43.87,-0.07,29.59,0.38,-10.00
10,7,120.19,423.25,353.74,516.40,0.4310,2.0,2.18,5.48,-13.58,0.58,30.18,-1.35,-10.00
10,7,-1.00,-1.00,-1.00,-1.00,0.1478,2.2,2.42,5.27,38.31,0.47,-10.15,1.64,-10.00
10,7,659.37,391.07,809.90,526.76,0.1271,2.8,2.64,6.73,-2.12,0.80,30.15,-1.77,-10.00
10,7,-1.00,-1.00,-1.00,-1.00,0.1154,1.9,2.10,5.20,40.15,2.43,-21.07,1.79,-10.00
10,7,1048.62,314.48,1594.66,573.31,0.1052,2.7,2.24,5.52,5.50,0.85,14.65,0.18,-10.00
10,7,821.37,451.14,1029.25,539.02,0.1019,2.1,2.12,5.00,2.69,1.17,32.16,3.09,-10.00
10,7,0.00,427.27,77.78,506.70,0.1013,1.8,2.02,4.69,-20.19,0.34,29.97,-2.84,-10.00
11,7,135.55,426.43,366.41,518.55,0.1722,2.0,2.12,5.70,-13.26,0.63,30.23,-1.38,-10.00
11,7,-1.00,-1.00,-1.00,-1.00,0.1566,2.1,2.31,5.37,38.30,0.40,-10.15,1.64,-10.00
11,7,220.68,392.85,386.96,470.85,0.1521,2.2,2.06,5.26,-16.96,-0.79,42.26,-1.20,-10.00
11,7,0.00,413.88,85.00,481.52,0.1407,2.0,2.09,5.14,-26.00,-0.35,39.70,-2.98,-10.00
11,7,-1.00,-1.00,-1.00,-1.00,0.1275,2.9,2.54,6.01,-28.26,-0.42,33.73,1.78,-10.00
11,7,-1.00,-1.00,-1.00,-1.00,0.1245,2.1,2.27,5.58,40.08,2.33,-22.54,-1.43,-10.00
11,7,-1.00,-1.00,-1.00,-1.00,0.1123,3.5,2.85,6.87,51.29,0.52,-39.94,-0.50,-10.00
11,7,0.00,393.67,84.72,490.86,0.1090,2.1,2.14,5.39,-21.04,-0.07,31.31,1.74,-10.00
11,7,808.25,467.61,1024.41,550.26,0.1055,2.0,2.08,5.29,2.48,1.44,32.13,0.02,-10.00
11,7,-1.00,-1.00,-1.00,-1.00,0.1035,3.7,2.89,12.31,-42.56,-0.92,36.96,0.14,-10.00
12,7,128.87,431.58,358.26,518.32,0.2702,1.8,2.03,5.45,-13.29,0.62,29.88,1.79,-10.00
12,7,0.00,395.35,3.31,487.97,0.2082,2.0,2.11,5.42,-22.49,-0.11,30.54,0.39,-10.00
12,7,0.00,407.46,11.44,471.81,0.1968,1.9,2.05,5.19,-28.63,-0.66,40.19,-2.95,-10.00
12,7,-1.00,-1.00,-1.00,-1.00,0.1911,2.1,2.03,4.91,-27.57,-0.37,33.15,1.78,-10.00
12,7,665.23,380.26,807.03,525.99,0.1855,3.0,2.52,6.10,-2.04,0.77,29.75,-1.77,-10.00
12,7,-1.00,-1.00,-1.00,-1.00,0.1665,2.0,2.23,5.68,39.83,2.37,-23.70,-1.38,-10.00
12,7,825.12,463.82,1037.70,544.72,0.1520,1.9,2.07,5.16,2.89,1.29,31.95,0.10,-10.00
12,7,1072.40,451.66,1160.49,523.91,0.1418,2.0,2.07,5.36,8.71,0.93,37.14,1.72,-10.00
12,7,245.18,410.48,418.27,497.48,0.1160,2.6,2.21,5.63,-16.09,0.16,42.47,-1.21,-10.00
12,7,-1.00,-1.00,-1.00,-1.00,0.1094,2.6,2.36,5.77,-30.06,-0.44,33.26,1.77,-10.00
13,7,259.74,413.19,422.05,486.81,0.2322,2.2,2.08,5.47,-15.74,-0.22,42.31,1.89,-10.00
13,7,-1.00,-1.00,-1.00,-1.00,0.1057,1.9,2.19,5.28,39.77,2.28,-23.80,-1.32,-10.00
13,7,-1.00,-1.00,-1.00,-1.00,0.1020,3.7,2.86,7.91,50.40,1.45,-41.24,-1.31,-10.00
14,7,307.21,411.19,469.65,489.89,0.1332,2.3,2.14,5.32,-13.99,-0.11,41.81,1.94,-10.00
14,7,-1.00,-1.00,-1.00,-1.00,0.1197,2.5,2.34,6.38,-5.51,0.36,-29.94,-1.43,-10.00
14,7,-1.00,-1.00,-1.00,-1.00,0.1184,1.9,2.15,5.26,24.55,-0.36,-32.64,-1.47,-10.00
14,7,-1.00,-1.00,-1.00,-1.00,0.1084,3.9,3.00,9.93,-52.16,2.46,14.72,2.81,-10.00
15,7,-1.00,-1.00,-1.00,-1.00,0.3178,2.0,2.18,5.22,16.88,1.60,-26.02,-1.28,-10.00
15,7,1209.87,435.81,1296.33,522.39,0.2523,2.1,1.98,5.30,11.46,0.79,33.25,-1.24,-10.00
15,7,-1.00,-1.00,-1.00,-1.00,0.2438,2.8,2.76,6.24,-49.88,2.39,18.18,1.71,-10.00
15,7,431.37,425.99,596.04,496.79,0.2317,2.1,2.20,5.49,-9.90,0.13,41.96,-1.08,-10.00
15,7,1303.56,457.72,1415.97,544.25,0.1890,2.0,2.03,5.20,13.89,1.29,32.66,1.85,-10.00
15,7,292.19,405.49,551.14,504.06,0.1183,3.0,2.62,8.86,-13.14,0.39,41.90,0.48,-10.00
15,7,0.00,379.32,128.22,481.27,0.1077,3.6,2.84,8.28,-31.16,-0.47,49.92,0.47,-10.00
15,7,-1.00,-1.00,-1.00,-1.00,0.1031,2.2,2.26,6.14,-7.59,-0.04,-28.71,-1.33,-10.00
16,7,-1.00,-1.00,-1.00,-1.00,0.3494,3.3,2.90,6.91,-45.73,2.20,25.96,1.90,-10.00
16,7,-1.00,-1.00,-1.00,-1.00,0.2216,2.7,2.64,5.74,32.91,1.13,-25.97,1.98,-10.00
16,7,654.11,430.57,803.94,497.42,0.1840,2.0,2.02,5.30,-2.76,0.15,41.40,2.17,-10.00
16,7,-1.00,-1.00,-1.00,-1.00,0.1369,1.9,1.96,4.95,-34.45,1.68,18.03,-2.58,-10.00
16,7,-1.00,-1.00,-1.00,-1.00,0.1161,2.3,2.28,6.20,2.55,-1.38,-42.01,1.41,-10.00
16,7,-1.00,-1.00,-1.00,-1.00,0.1097,2.1,2.23,5.78,-10.69,-0.04,-26.25,-1.13,-10.00
16,7,552.36,427.38,734.26,505.91,0.1087,2.4,2.26,6.03,-5.75,0.46,41.66,0.63,-10.00
17,7,-1.00,-1.00,-1.00,-1.00,0.4745,3.2,2.69,5.81,27.24,1.10,-33.39,2.21,-10.00
17,7,-1.00,-1.00,-1.00,-1.00,0.1763,1.8,1.89,5.20,3.77,0.51,-22.89,2.20,-10.00
17,7,-1.00,-1.00,-1.00,-1.00,0.1682,2.6,2.32,5.90,-39.62,1.92,32.05,-0.94,-10.00
17,7,1389.43,409.93,1600.00,575.49,0.1550,2.6,2.25,6.06,12.21,1.35,22.72,-1.36,-10.00
17,7,-1.00,-1.00,-1.00,-1.00,0.1469,1.9,2.07,5.36,-27.81,0.89,-39.95,-0.52,-10.00
17,7,825.64,441.18,895.34,502.57,0.1231,1.9,2.05,5.55,1.59,0.34,43.44,1.67,-10.00
17,7,821.19,444.13,988.91,506.25,0.1142,1.9,2.02,5.20,2.93,0.46,41.49,-0.49,-10.00
18,7,1251.01,434.68,1450.46,512.47,0.1641,2.0,2.18,5.42,15.08,0.57,35.70,2.68,-10.00
18,7,-1.00,-1.00,-1.00,-1.00,0.1605,2.3,2.18,5.52,19.07,1.03,-40.21,-0.68,-10.00
18,7,-1.00,-1.00,-1.00,-1.00,0.1276,1.9,2.10,5.20,-32.45,1.08,-33.23,-0.34,-10.00
18,7,-1.00,-1.00,-1.00,-1.00,0.1261,2.0,1.97,4.84,-1.51,0.73,-24.95,2.42,-10.00
18,7,732.75,439.67,906.83,509.69,0.1096,1.8,1.98,4.82,0.16,0.50,35.94,2.42,-10.00
19,7,-1.00,-1.00,-1.00,-1.00,0.4835,2.6,2.27,5.76,8.62,0.89,-45.48,-0.49,-10.00
19,7,267.21,469.61,358.73,528.57,0.1851,2.1,2.10,5.38,-18.95,1.37,47.93,-1.74,-10.00
19,7,-1.00,-1.00,-1.00,-1.00,0.1798,2.0,2.00,4.91,-7.77,0.64,-25.80,2.68,-10.00
19,7,641.22,444.59,762.45,534.51,0.1320,2.3,2.26,5.58,-3.25,1.13,34.77,-1.85,-10.00
19,7,-1.00,-1.00,-1.00,-1.00,0.1097,2.0,2.11,5.22,-10.00,1.19,-36.25,-0.64,-10.00
20,7,-1.00,-1.00,-1.00,-1.00,0.4300,2.0,2.10,5.34,-1.05,0.17,-48.48,2.87,-10.00
20,7,1561.54,437.20,1600.00,500.74,0.1729,1.9,2.03,5.01,27.02,0.27,40.69,3.09,-10.00
20,7,1500.11,438.46,1600.00,500.85,0.1385,2.0,2.14,5.33,26.61,0.29,43.38,3.03,-10.00
20,7,-1.00,-1.00,-1.00,-1.00,0.1315,2.0,2.04,5.07,29.06,1.65,21.57,3.00,-10.00
20,7,165.76,423.84,256.22,489.82,0.1102,2.4,2.27,5.89,-24.28,-0.13,51.03,1.30,-10.00
21,7,-1.00,-1.00,-1.00,-1.00,0.3761,2.2,2.09,5.28,-5.34,0.50,-50.15,2.97,-10.00
21,7,514.80,466.07,668.02,529.43,0.1221,2.0,2.00,4.85,-7.62,1.26,42.86,2.82,-10.00
21,7,-1.00,-1.00,-1.00,-1.00,0.1131,1.9,2.11,5.01,31.04,2.04,16.57,0.03,-10.00
21,7,-1.00,-1.00,-1.00,-1.00,0.1020,2.0,2.10,5.26,31.60,0.66,35.67,3.09,-10.00
22,7,553.07,467.76,709.95,535.17,0.2927,2.1,2.04,4.86,-5.96,1.38,40.73,2.95,-10.00
22,7,925.96,495.17,997.86,561.48,0.2312,2.0,2.00,5.19,4.89,2.21,41.90,1.76,-10.00
23,7,-1.00,-1.00,-1.00,-1.00,0.2156,2.0,2.16,5.32,20.04,0.73,26.81,-0.11,-10.00
23,7,938.36,502.40,1011.94,578.14,0.1531,2.0,1.98,5.10,4.68,2.40,37.08,1.71,-10.00
23,7,-1.00,-1.00,-1.00,-1.00,0.1169,2.0,2.04,5.44,17.75,2.33,-47.76,-0.10,-10.00
23,7,422.75,402.45,668.49,506.76,0.1063,3.6,3.04,8.55,-9.91,0.52,46.74,2.92,-10.00
23,7,-1.00,-1.00,-1.00,-1.00,0.1008,2.1,2.20,5.29,31.31,0.36,34.78,-0.17,-10.00
24,7,616.20,431.72,673.12,493.32,0.2806,2.2,2.06,5.47,-6.70,0.02,49.45,-1.71,-10.00
24,7,-1.00,-1.00,-1.00,-1.00,0.2216,2.0,2.17,5.01,32.02,3.15,-35.84,0.03,-10.00
24,7,-1.00,-1.00,-1.00,-1.00,0.1817,2.8,2.42,6.38,-8.06,1.13,-31.63,-3.09,-10.00
24,7,-1.00,-1.00,-1.00,-1.00,0.1768,1.9,2.16,5.38,32.76,0.38,26.84,0.05,-10.00
24,7,-1.00,-1.00,-1.00,-1.00,0.1457,1.9,2.06,5.24,31.65,3.46,-28.63,-3.13,-10.00
24,7,-1.00,-1.00,-1.00,-1.00,0.1076,3.5,2.79,8.47,-6.31,1.37,-34.82,1.59,-10.00
24,7,-1.00,-1.00,-1.00,-1.00,0.1026,2.5,2.26,6.01,8.77,1.92,-22.89,1.53,-10.00
25,7,-1.00,-1.00,-1.00,-1.00,0.3370,2.0,2.10,5.25,33.12,-0.36,38.26,3.09,-10.00
25,7,605.55,433.33,665.40,500.33,0.2821,2.2,2.01,5.04,-6.52,0.28,45.87,-1.70,-10.00
25,7,-1.00,-1.00,-1.00,-1.00,0.1830,1.9,2.02,5.06,31.30,2.71,-21.08,3.08,-10.00
25,7,-1.00,-1.00,-1.00,-1.00,0.1475,3.2,2.66,8.06,8.50,2.29,-26.22,1.58,-10.00
25,7,-1.00,-1.00,-1.00,-1.00,0.1385,1.9,2.04,5.05,32.00,3.31,-38.59,3.14,-10.00
25,7,-1.00,-1.00,-1.00,-1.00,0.1314,2.2,2.18,5.54,-6.89,0.97,-34.53,-3.14,-10.00
25,7,-1.00,-1.00,-1.00,-1.00,0.1218,2.1,2.45,6.28,31.79,3.60,-41.53,-1.59,-10.00
25,7,-1.00,-1.00,-1.00,-1.00,0.1154,2.6,2.59,6.36,32.55,0.86,24.23,-3.04,-10.00
25,7,-1.00,-1.00,-1.00,-1.00,0.1102,1.9,2.07,5.45,18.71,3.33,-24.93,0.01,-10.00
25,7,496.68,465.53,687.23,547.55,0.1021,2.0,1.95,4.66,-5.74,1.41,32.53,2.95,-10.00
25,7,-1.00,-1.00,-1.00,-1.00,0.1008,2.2,2.35,5.60,31.99,0.73,22.10,0.03,-10.00
26,7,-1.00,-1.00,-1.00,-1.00,0.2102,2.0,2.18,5.13,32.01,3.54,-41.84,0.02,-10.00
26,7,-1.00,-1.00,-1.00,-1.00,0.1672,1.9,1.98,5.00,32.46,0.17,32.53,-3.11,-10.00
26,7,-1.00,-1.00,-1.00,-1.00,0.1434,1.8,2.01,5.09,33.13,-0.37,35.13,-3.10,-10.00
26,7,-1.00,-1.00,-1.00,-1.00,0.1336,2.2,2.52,6.25,31.71,3.68,-44.42,-1.62,-10.00
26,7,-1.00,-1.00,-1.00,-1.00,0.1246,2.1,2.23,5.69,-4.86,2.18,-48.95,1.49,-10.00
26,7,563.93,381.98,666.90,499.91,0.1225,3.6,3.00,9.03,-7.19,0.23,44.32,-1.79,-10.00
26,7,0.00,447.32,290.02,542.81,0.1121,2.0,2.04,5.46,-14.93,1.11,28.32,3.05,-10.00
26,7,-1.00,-1.00,-1.00,-1.00,0.1085,2.0,2.11,5.09,31.32,3.59,-34.41,3.14,-10.00
27,7,-1.00,-1.00,-1.00,-1.00,0.2190,3.0,2.38,7.01,8.57,2.22,-30.76,-1.56,-10.00
27,7,-1.00,-1.00,-1.00,-1.00,0.1952,2.3,2.40,5.61,32.07,3.97,-45.25,0.03,-10.00
27,7,-1.00,-1.00,-1.00,-1.00,0.1470,1.9,1.96,5.18,-23.40,0.56,-41.90,-0.01,-10.00
27,7,-1.00,-1.00,-1.00,-1.00,0.1285,2.0,2.09,5.16,19.30,3.76,-31.03,0.03,-10.00
27,7,-1.00,-1.00,-1.00,-1.00,0.1139,2.5,2.37,5.77,-2.41,2.52,-52.23,-0.89,-10.00
27,7,-1.00,-1.00,-1.00,-1.00,0.1138,2.0,2.19,5.22,30.95,3.60,-37.65,-0.06,-10.00
27,7,0.00,440.20,227.79,553.64,0.1126,2.1,2.05,4.95,-14.64,1.20,25.16,2.98,-10.00
27,7,1209.56,433.30,1600.00,584.35,0.1025,2.0,2.12,4.78,8.23,1.22,17.84,-3.07,-10.00
28,7,-1.00,-1.00,-1.00,-1.00,0.2294,2.1,2.18,5.25,32.13,4.32,-47.87,-0.04,-10.00
28,7,-1.00,-1.00,-1.00,-1.00,0.2022,2.0,2.12,5.49,31.12,1.18,0.78,3.07,-10.00
28,7,-1.00,-1.00,-1.00,-1.00,0.1554,1.9,2.03,5.23,31.59,3.26,-30.19,3.11,-10.00
28,7,-1.00,-1.00,-1.00,-1.00,0.1120,2.0,2.14,5.76,45.92,-0.22,-4.39,0.00,-10.00
28,7,77.86,358.79,529.04,535.68,0.1042,3.9,2.82,9.77,-12.05,1.03,30.81,2.94,-10.00
28,7,-1.00,-1.00,-1.00,-1.00,0.1026,2.1,2.09,5.35,-14.20,-0.28,-47.97,1.58,-10.00
29,7,-1.00,-1.00,-1.00,-1.00,0.1905,1.9,2.07,4.99,31.75,3.45,-33.15,3.10,-10.00
29,7,523.76,415.72,685.00,547.02,0.1439,2.2,2.09,5.39,-3.84,0.98,23.98,-1.56,-10.00
29,7,-1.00,-1.00,-1.00,-1.00,0.1197,2.0,2.18,5.36,31.64,0.24,19.40,-0.12,-10.00
29,7,-1.00,-1.00,-1.00,-1.00,0.1127,1.9,2.06,5.48,-9.24,3.04,-45.66,1.59,-10.00
29,7,-1.00,-1.00,-1.00,-1.00,0.1101,2.0,2.04,5.01,31.42,0.87,11.83,-0.00,-10.00
29,7,1261.88,434.47,1600.00,673.20,0.1068,1.9,2.01,5.13,6.18,1.48,12.64,1.65,-10.00
29,7,1066.44,464.04,1163.64,532.36,0.1007,2.1,2.20,5.57,9.90,1.32,42.43,1.62,-10.00
30,7,-1.00,-1.00,-1.00,-1.00,0.4198,2.0,2.18,5.47,32.82,3.00,-36.33,3.06,-10.00
30,7,-1.00,-1.00,-1.00,-1.00,0.2621,2.1,2.13,5.32,33.39,3.78,-46.77,-3.12,-10.00
30,7,-1.00,-1.00,-1.00,-1.00,0.1718,2.0,2.15,5.48,32.81,0.87,-11.02,-3.10,-10.00
30,7,-1.00,-1.00,-1.00,-1.00,0.1627,2.1,2.37,5.51,31.34,4.04,-48.41,-1.56,-10.00
30,7,-1.00,-1.00,-1.00,-1.00,0.1594,2.0,2.15,5.39,31.12,0.21,13.80,-0.09,-10.00
30,7,467.27,427.58,623.00,491.45,0.1306,2.2,2.27,5.47,-10.13,-0.05,47.23,2.84,-10.00
31,7,-1.00,-1.00,-1.00,-1.00,0.4873,2.0,2.21,5.26,17.16,0.86,7.77,-1.45,-10.00
31,7,-1.00,-1.00,-1.00,-1.00,0.3914,2.1,2.17,5.62,31.28,0.72,0.57,3.07,-10.00
31,7,-1.00,-1.00,-1.00,-1.00,0.2654,2.0,2.15,5.21,32.71,3.25,-39.58,3.01,-10.00
31,7,-1.00,-1.00,-1.00,-1.00,0.2342,3.8,2.92,9.53,1.24,3.04,-46.62,0.73,-10.00
31,7,-1.00,-1.00,-1.00,-1.00,0.1986,2.1,2.25,5.70,29.99,0.26,12.41,-1.35,-10.00
31,7,378.70,378.61,591.57,477.79,0.1588,3.0,2.74,6.84,-11.38,-0.56,43.47,2.81,-10.00
31,7,-1.00,-1.00,-1.00,-1.00,0.1200,2.0,2.08,5.43,23.88,2.73,-36.17,2.49,-10.00
31,7,-1.00,-1.00,-1.00,-1.00,0.1198,2.0,2.12,5.47,-4.40,2.73,-51.42,-3.12,-10.00
31,7,-1.00,-1.00,-1.00,-1.00,0.1053,2.0,2.14,5.14,34.78,4.07,-49.63,0.02,-10.00
32,7,-1.00,-1.00,-1.00,-1.00,0.2510,2.8,2.35,6.44,10.77,2.60,-49.54,1.46,-10.00
32,7,-1.00,-1.00,-1.00,-1.00,0.1500,2.0,2.19,5.57,31.23,0.05,1.78,3.05,-10.00
32,7,287.61,377.92,563.35,491.08,0.1436,3.2,2.99,7.89,-12.09,-0.09,39.55,-0.31,-10.00
32,7,-1.00,-1.00,-1.00,-1.00,0.1304,3.2,2.54,7.45,2.42,2.82,-51.58,0.94,-10.00
32,7,-1.00,-1.00,-1.00,-1.00,0.1294,2.1,2.14,5.49,28.23,2.70,-41.43,-0.03,-10.00
32,7,-1.00,-1.00,-1.00,-1.00,0.1091,3.0,2.40,5.66,11.32,1.74,-31.73,1.53,-10.00
32,7,-1.00,-1.00,-1.00,-1.00,0.1055,2.1,2.19,5.62,32.60,1.80,-38.22,-3.05,-10.00
32,7,-1.00,-1.00,-1.00,-1.00,0.1012,1.9,2.10,5.01,18.51,0.97,-5.15,3.10,-10.00
32,7,-1.00,-1.00,-1.00,-1.00,0.1005,1.9,2.13,5.29,30.90,-0.19,6.78,3.12,-10.00
33,7,-1.00,-1.00,-1.00,-1.00,0.3394,1.9,2.17,5.48,31.10,0.42,-7.03,-3.11,-10.00
33,7,-1.00,-1.00,-1.00,-1.00,0.1779,2.7,2.51,6.99,10.79,2.40,-52.57,-1.60,-10.00
34,7,1169.91,429.05,1365.02,529.42,0.1875,2.9,2.50,5.34,13.93,1.13,39.13,-2.64,-10.00
34,7,-1.00,-1.00,-1.00,-1.00,0.1559,2.3,2.35,5.61,14.13,3.31,-52.31,2.27,-10.00
34,7,-1.00,-1.00,-1.00,-1.00,0.1046,3.8,3.23,11.08,-47.23,-0.44,1.67,0.42,-10.00
34,7,-1.00,-1.00,-1.00,-1.00,0.1013,2.0,2.09,5.27,18.95,0.61,-9.46,3.09,-10.00
35,7,-1.00,-1.00,-1.00,-1.00,0.3356,2.1,2.19,5.40,-38.98,0.06,-8.51,0.35,-10.00
35,7,-1.00,-1.00,-1.00,-1.00,0.1458,2.4,2.17,5.39,-16.20,1.27,-5.71,2.84,-10.00
35,7,-1.00,-1.00,-1.00,-1.00,0.1078,2.8,2.37,5.35,13.67,1.93,-42.00,-0.05,-10.00
36,7,-1.00,-1.00,-1.00,-1.00,0.1062,2.7,2.31,5.64,14.43,1.75,-45.47,-0.04,-10.00
38,7,-1.00,-1.00,-1.00,-1.00,0.1026,2.1,2.13,5.59,-31.51,1.68,-24.04,-2.77,-10.00
39,7,481.17,458.68,732.31,552.64,0.1532,2.0,2.09,5.24,-4.59,1.31,27.93,2.97,-10.00
40,7,-1.00,-1.00,-1.00,-1.00,0.1336,3.8,3.02,10.43,-19.25,-0.68,-34.47,0.34,-10.00
40,7,-1.00,-1.00,-1.00,-1.00,0.1227,3.5,2.73,6.47,-17.00,0.47,-28.03,1.15,-10.00
