0,7,-1.00,-1.00,-1.00,-1.00,0.5960,3.8,2.92,6.92,-31.82,1.43,-42.74,3.11,-10.00
0,7,979.73,397.47,1158.83,534.87,0.1955,2.4,2.39,5.93,4.70,1.29,25.39,-1.58,-10.00
0,7,-1.00,-1.00,-1.00,-1.00,0.1932,2.0,2.11,5.74,-42.46,3.28,25.30,-1.37,-10.00
0,7,-1.00,-1.00,-1.00,-1.00,0.1691,1.9,2.22,5.61,-29.85,2.23,-3.54,-1.61,-10.00
0,7,1437.56,410.50,1600.00,522.86,0.1642,1.9,2.06,5.30,14.19,0.91,22.56,0.01,-10.00
0,7,-1.00,-1.00,-1.00,-1.00,0.1374,3.0,2.58,6.16,-34.85,2.64,44.69,3.06,-10.00
0,7,0.00,339.49,362.28,754.99,0.1290,2.2,2.28,6.02,-5.88,1.65,9.61,1.59,-10.00
0,7,-1.00,-1.00,-1.00,-1.00,0.1225,1.9,2.26,5.44,-29.51,2.08,-8.82,-1.55,-10.00
0,7,-1.00,-1.00,-1.00,-1.00,0.1179,2.0,2.37,5.86,-40.33,2.90,-16.45,-1.62,-10.00
0,7,-1.00,-1.00,-1.00,-1.00,0.1140,2.3,2.35,5.76,-28.93,3.81,29.12,-0.07,-10.00
0,7,-1.00,-1.00,-1.00,-1.00,0.1067,2.0,2.21,5.33,-30.31,4.44,35.55,-3.12,-10.00
0,7,-1.00,-1.00,-1.00,-1.00,0.1038,3.0,2.68,6.60,21.67,1.30,27.96,-0.09,-10.00
0,7,-1.00,-1.00,-1.00,-1.00,0.1035,1.9,2.10,5.17,-31.43,2.15,-12.35,-0.11,-10.00
1,7,-1.00,-1.00,-1.00,-1.00,0.3612,3.3,2.69,6.41,-31.03,1.23,-45.21,3.10,-10.00
1,7,-1.00,-1.00,-1.00,-1.00,0.3333,1.9,2.09,5.75,5.60,1.47,-6.68,-1.49,-10.00
1,7,-1.00,-1.00,-1.00,-1.00,0.2501,2.0,2.13,5.04,-37.70,3.52,25.87,-0.05,-10.00
1,7,849.93,464.81,1006.53,519.70,0.2200,2.0,2.18,5.61,3.82,1.86,47.75,-0.12,-10.00
1,7,-1.00,-1.00,-1.00,-1.00,0.1600,1.9,2.17,5.62,15.65,0.92,-12.06,-1.51,-10.00
1,7,-1.00,-1.00,-1.00,-1.00,0.1502,2.2,2.35,6.10,-0.31,1.15,-45.89,-0.00,-10.00
1,7,-1.00,-1.00,-1.00,-1.00,0.1494,2.1,2.17,5.89,16.99,0.71,-25.60,1.48,-10.00
1,7,1052.32,456.83,1211.79,511.68,0.1338,1.8,2.07,5.12,10.85,1.45,44.75,3.09,-10.00
1,7,-1.00,-1.00,-1.00,-1.00,0.1277,2.9,2.68,6.83,-35.48,2.67,42.31,-0.13,-10.00
1,7,-1.00,-1.00,-1.00,-1.00,0.1269,1.9,2.19,5.32,-29.40,2.18,-11.10,-1.58,-10.00
1,7,-1.00,-1.00,-1.00,-1.00,0.1238,2.0,2.20,5.62,-4.24,1.25,-50.26,-3.14,-10.00
1,7,713.87,460.21,773.71,513.98,0.1192,1.9,2.06,5.38,-3.25,1.70,50.19,-1.58,-10.00
1,7,-1.00,-1.00,-1.00,-1.00,0.1150,1.9,2.17,5.17,-29.48,3.28,26.59,-0.04,-10.00
1,7,-1.00,-1.00,-1.00,-1.00,0.1119,1.9,2.26,5.86,-29.29,1.60,-14.04,-0.03,-10.00
1,7,-1.00,-1.00,-1.00,-1.00,0.1050,2.1,2.10,5.58,-40.02,3.03,-18.94,-1.63,-10.00
1,7,-1.00,-1.00,-1.00,-1.00,0.1026,1.9,2.14,5.75,3.46,1.17,-29.96,-1.52,-10.00
2,7,-1.00,-1.00,-1.00,-1.00,0.3185,3.1,2.73,6.30,-30.80,1.45,-47.57,3.09,-10.00
2,7,-1.00,-1.00,-1.00,-1.00,0.2260,2.0,2.09,5.48,-4.62,1.19,-48.20,3.08,-10.00
2,7,-1.00,-1.00,-1.00,-1.00,0.2176,1.9,2.17,5.60,15.57,1.14,-14.29,-1.62,-10.00
2,7,-1.00,-1.00,-1.00,-1.00,0.2142,1.8,2.18,5.14,-29.47,2.21,-11.14,0.01,-10.00
2,7,828.03,454.52,991.09,512.36,0.1625,2.0,2.18,5.50,2.96,1.50,45.37,-0.18,-10.00
2,7,114.52,461.43,261.33,531.64,0.1589,2.0,2.17,5.32,-19.50,1.87,38.57,-1.66,-10.00
2,7,-1.00,-1.00,-1.00,-1.00,0.1309,2.5,2.51,6.36,-40.16,2.98,-22.70,-1.66,-10.00
2,7,-1.00,-1.00,-1.00,-1.00,0.1283,1.9,2.22,5.52,-29.00,2.18,-13.54,-1.59,-10.00
2,7,-1.00,-1.00,-1.00,-1.00,0.1137,2.1,2.26,5.96,15.78,0.47,18.24,3.11,-10.00
2,7,-1.00,-1.00,-1.00,-1.00,0.1114,1.9,2.28,6.24,-28.86,1.80,-16.42,-0.11,-10.00
2,7,-1.00,-1.00,-1.00,-1.00,0.1033,1.9,2.16,5.41,-32.92,2.51,18.44,1.56,-10.00
3,7,-1.00,-1.00,-1.00,-1.00,0.2533,3.1,2.60,6.25,-30.22,1.99,-50.40,3.09,-10.00
3,7,-1.00,-1.00,-1.00,-1.00,0.2229,3.7,2.86,8.31,-34.40,2.63,37.46,3.05,-10.00
3,7,787.40,448.36,976.33,512.91,0.2176,2.1,2.41,6.07,1.83,1.43,42.85,2.98,-10.00
3,7,-1.00,-1.00,-1.00,-1.00,0.2172,1.8,2.21,5.48,-47.62,3.64,12.68,-3.05,-10.00
3,7,-1.00,-1.00,-1.00,-1.00,0.2084,1.9,2.26,5.75,-29.92,2.21,-11.94,-1.59,-10.00
3,7,-1.00,-1.00,-1.00,-1.00,0.1476,1.9,2.12,5.36,-6.77,0.94,-51.14,3.13,-10.00
4,7,452.53,460.07,615.76,518.96,0.1618,2.0,2.17,5.44,-10.46,1.73,45.17,3.08,-10.00
4,7,-1.00,-1.00,-1.00,-1.00,0.1567,3.5,3.03,9.51,-35.09,2.84,34.58,-0.08,-10.00
4,7,-1.00,-1.00,-1.00,-1.00,0.1463,1.9,2.27,5.84,-42.86,2.97,2.30,-1.59,-10.00
4,7,805.77,448.02,1005.29,518.04,0.1337,2.1,2.38,5.93,2.47,1.50,40.05,2.95,-10.00
4,7,-1.00,-1.00,-1.00,-1.00,0.1237,2.1,2.11,5.42,6.43,1.34,-48.91,-1.61,-10.00
5,7,-1.00,-1.00,-1.00,-1.00,0.2615,3.5,2.88,8.03,-34.76,2.43,32.06,3.06,-10.00
5,7,-1.00,-1.00,-1.00,-1.00,0.2415,1.9,2.27,5.90,-19.16,1.73,22.79,1.52,-10.00
5,7,-1.00,-1.00,-1.00,-1.00,0.1700,1.9,2.10,5.40,-15.88,1.57,17.57,-0.03,-10.00
5,7,606.06,463.01,783.50,525.09,0.1283,2.0,2.27,5.93,-4.46,1.86,43.16,3.11,-10.00
5,7,-1.00,-1.00,-1.00,-1.00,0.1075,3.4,2.98,7.33,-37.61,2.21,-9.51,-1.60,-10.00
5,7,1041.72,417.81,1115.73,506.61,0.1030,3.1,2.60,7.14,9.93,1.36,49.89,-1.40,-10.00
6,7,-1.00,-1.00,-1.00,-1.00,0.1815,2.0,2.18,5.57,-19.07,1.88,19.84,-1.67,-10.00
6,7,-1.00,-1.00,-1.00,-1.00,0.1467,3.5,2.99,9.48,-36.06,2.48,29.81,3.06,-10.00
6,7,-1.00,-1.00,-1.00,-1.00,0.1317,2.3,2.27,6.34,-15.42,1.32,-51.07,-0.08,-10.00
6,7,1094.45,405.32,1366.47,510.70,0.1295,2.6,2.43,6.32,10.54,1.03,32.97,-0.14,-10.00
6,7,-1.00,-1.00,-1.00,-1.00,0.1074,1.9,2.14,5.37,-19.53,1.69,-45.13,-1.56,-10.00
6,7,-1.00,-1.00,-1.00,-1.00,0.1028,1.9,2.19,5.81,-39.45,2.40,-37.42,-1.59,-10.00
7,7,-1.00,-1.00,-1.00,-1.00,0.1423,2.0,2.17,5.66,24.86,0.91,-6.47,1.53,-10.00
7,7,-1.00,-1.00,-1.00,-1.00,0.1423,2.0,2.19,5.71,3.33,1.03,-43.24,-1.62,-10.00
7,7,1053.75,399.58,1147.05,514.72,0.1379,3.3,2.64,6.53,8.99,1.38,40.67,-1.32,-10.00
7,7,-1.00,-1.00,-1.00,-1.00,0.1279,2.1,2.13,5.61,13.45,0.77,-26.39,3.08,-10.00
7,7,-1.00,-1.00,-1.00,-1.00,0.1246,3.4,2.96,9.78,-35.08,2.14,27.44,-0.09,-10.00
7,7,-1.00,-1.00,-1.00,-1.00,0.1235,2.0,2.24,6.36,8.27,1.39,-8.13,-1.50,-10.00
7,7,-1.00,-1.00,-1.00,-1.00,0.1205,1.9,2.12,5.63,-43.70,2.82,3.94,-1.63,-10.00
7,7,-1.00,-1.00,-1.00,-1.00,0.1120,2.0,2.17,5.79,2.85,1.48,-26.61,-1.56,-10.00
7,7,401.41,449.78,611.46,516.84,0.1038,1.9,2.12,5.86,-9.61,1.38,38.02,3.09,-10.00
7,7,-1.00,-1.00,-1.00,-1.00,0.1031,3.7,2.77,7.94,8.33,0.97,-36.19,0.03,-10.00
8,7,-1.00,-1.00,-1.00,-1.00,0.2892,2.0,2.18,5.66,24.74,0.75,-10.19,1.53,-10.00
8,7,833.88,449.00,1073.72,532.77,0.1823,2.0,2.15,5.48,3.08,1.52,30.92,2.95,-10.00
8,7,-1.00,-1.00,-1.00,-1.00,0.1543,3.2,3.03,8.18,-34.14,2.31,25.13,-0.09,-10.00
8,7,-1.00,-1.00,-1.00,-1.00,0.1539,2.0,2.17,5.66,13.15,0.30,-28.29,3.01,-10.00
8,7,-1.00,-1.00,-1.00,-1.00,0.1279,2.1,2.23,5.53,14.85,0.53,3.56,3.06,-10.00
8,7,348.23,450.82,566.50,524.82,0.1213,2.0,2.17,5.61,-10.47,1.53,35.87,3.11,-10.00
8,7,-1.00,-1.00,-1.00,-1.00,0.1154,1.9,2.09,5.79,3.04,1.46,-28.84,-1.61,-10.00
8,7,-1.00,-1.00,-1.00,-1.00,0.1100,2.9,2.45,6.16,3.80,0.12,-37.56,1.54,-10.00
8,7,-1.00,-1.00,-1.00,-1.00,0.1019,2.0,2.19,5.35,-24.01,2.23,10.04,3.12,-10.00
8,7,-1.00,-1.00,-1.00,-1.00,0.1016,3.6,2.96,8.43,-40.18,2.38,-17.39,3.12,-10.00
9,7,370.92,457.87,600.55,533.53,0.5045,1.9,2.18,5.62,-8.98,1.67,33.49,-0.09,-10.00
9,7,-1.00,-1.00,-1.00,-1.00,0.2953,2.0,2.27,5.66,-12.12,1.36,-34.77,-1.62,-10.00
9,7,-1.00,-1.00,-1.00,-1.00,0.2161,3.5,2.98,7.95,-33.26,2.76,23.10,-0.01,-10.00
9,7,819.66,441.20,1074.15,532.31,0.1342,2.0,2.11,5.46,2.68,1.40,28.71,-0.11,-10.00
9,7,-1.00,-1.00,-1.00,-1.00,0.1323,2.0,2.36,5.82,-30.48,1.88,-27.34,1.61,-10.00
9,7,-1.00,-1.00,-1.00,-1.00,0.1293,1.9,2.10,5.62,3.45,1.19,-30.89,-1.67,-10.00
9,7,-1.00,-1.00,-1.00,-1.00,0.1262,2.2,2.27,5.78,24.10,0.07,-24.05,-0.13,-10.00
9,7,-1.00,-1.00,-1.00,-1.00,0.1248,2.0,2.18,5.71,-42.06,3.19,-16.34,-1.62,-10.00
9,7,-1.00,-1.00,-1.00,-1.00,0.1107,1.8,2.05,5.50,3.11,1.23,-24.40,-1.62,-10.00
9,7,-1.00,-1.00,-1.00,-1.00,0.1103,3.2,2.82,8.49,-36.90,1.49,-21.36,1.52,-10.00
10,7,-1.00,-1.00,-1.00,-1.00,0.2573,3.9,3.03,11.74,-37.09,2.49,20.14,-0.18,-10.00
10,7,-1.00,-1.00,-1.00,-1.00,0.2485,2.6,2.49,5.95,25.54,0.39,23.27,-3.12,-10.00
10,7,-1.00,-1.00,-1.00,-1.00,0.1482,1.9,2.12,5.44,23.68,0.08,-25.82,-0.26,-10.00
10,7,-1.00,-1.00,-1.00,-1.00,0.1403,2.1,2.31,5.97,-42.24,3.16,-18.81,-1.64,-10.00
10,7,-1.00,-1.00,-1.00,-1.00,0.1306,2.0,2.17,5.21,-42.31,2.61,3.24,-1.64,-10.00
10,7,452.65,444.27,737.75,534.01,0.1295,2.2,2.46,6.91,-5.75,1.60,32.00,-0.08,-10.00
10,7,-1.00,-1.00,-1.00,-1.00,0.1257,1.9,2.09,4.88,-34.16,2.12,3.74,-3.12,-10.00
10,7,784.80,441.01,1063.48,536.98,0.1226,1.9,2.18,5.53,2.03,1.41,26.83,-0.21,-10.00
10,7,-1.00,-1.00,-1.00,-1.00,0.1135,2.2,2.29,6.14,-40.54,2.32,20.44,-1.63,-10.00
10,7,-1.00,-1.00,-1.00,-1.00,0.1094,2.7,2.49,6.49,24.09,0.90,2.41,-1.74,-10.00
10,7,-1.00,-1.00,-1.00,-1.00,0.1021,2.1,2.15,5.34,-41.12,2.91,-27.44,1.59,-10.00
10,7,-1.00,-1.00,-1.00,-1.00,0.1009,2.1,2.18,5.61,21.79,-0.44,-21.45,-0.10,-10.00
10,7,1016.95,464.54,1099.38,523.85,0.1001,2.0,2.15,5.43,8.36,1.92,45.71,-1.53,-10.00
11,7,-1.00,-1.00,-1.00,-1.00,0.3139,3.3,2.55,6.31,24.60,0.74,22.76,2.99,-10.00
11,7,-1.00,-1.00,-1.00,-1.00,0.2014,3.6,3.12,9.44,-35.18,2.81,17.39,-0.11,-10.00
11,7,-1.00,-1.00,-1.00,-1.00,0.1543,2.0,2.14,5.31,-41.71,2.68,-21.82,-1.70,-10.00
11,7,-1.00,-1.00,-1.00,-1.00,0.1532,3.3,2.81,8.33,28.29,0.85,26.50,-0.12,-10.00
11,7,-1.00,-1.00,-1.00,-1.00,0.1376,3.2,2.76,7.15,-20.61,0.53,-39.13,-0.09,-10.00
11,7,-1.00,-1.00,-1.00,-1.00,0.1325,2.1,2.20,5.71,23.86,0.50,26.49,3.00,-10.00
11,7,370.75,455.67,633.92,545.51,0.1113,2.0,2.14,5.74,-7.47,1.74,29.44,-0.12,-10.00
12,7,-1.00,-1.00,-1.00,-1.00,0.2036,3.6,2.84,8.05,-36.97,1.16,-29.67,2.95,-10.00
12,7,-1.00,-1.00,-1.00,-1.00,0.1922,1.9,2.10,5.84,6.12,0.80,-29.26,-1.76,-10.00
12,7,-1.00,-1.00,-1.00,-1.00,0.1802,3.5,3.09,8.74,-17.95,0.28,-42.51,2.95,-10.00
12,7,-1.00,-1.00,-1.00,-1.00,0.1777,3.6,2.89,8.29,40.06,0.87,30.74,1.35,-10.00
12,7,-1.00,-1.00,-1.00,-1.00,0.1747,3.2,2.87,7.63,-36.44,2.66,13.01,-0.15,-10.00
12,7,-1.00,-1.00,-1.00,-1.00,0.1651,2.3,2.37,5.92,22.41,0.57,22.17,2.93,-10.00
12,7,-1.00,-1.00,-1.00,-1.00,0.1461,1.9,2.04,5.36,4.99,1.02,-22.30,-1.67,-10.00
12,7,-1.00,-1.00,-1.00,-1.00,0.1331,2.0,2.22,5.47,-25.90,1.71,-19.81,-1.70,-10.00
12,7,-1.00,-1.00,-1.00,-1.00,0.1303,2.1,2.21,5.71,13.92,0.63,-1.82,0.02,-10.00
12,7,-1.00,-1.00,-1.00,-1.00,0.1256,1.9,2.20,5.99,8.39,1.28,-6.24,1.46,-10.00
12,7,-1.00,-1.00,-1.00,-1.00,0.1196,2.1,2.19,5.65,22.11,0.42,25.28,2.97,-10.00
12,7,-1.00,-1.00,-1.00,-1.00,0.1180,3.5,3.18,7.87,-39.33,4.77,45.89,1.66,-10.00
12,7,310.03,445.93,622.49,542.92,0.1082,2.0,2.31,6.31,-7.74,1.57,27.46,-0.22,-10.00
12,7,-1.00,-1.00,-1.00,-1.00,0.1016,2.0,2.19,5.43,-32.31,1.63,-37.15,-0.18,-10.00
12,7,-1.00,-1.00,-1.00,-1.00,0.1001,1.9,2.08,5.68,-39.90,2.29,-27.08,-1.68,-10.00
13,7,-1.00,-1.00,-1.00,-1.00,0.2239,2.4,2.39,5.81,20.02,0.99,22.19,2.86,-10.00
13,7,-1.00,-1.00,-1.00,-1.00,0.1754,3.3,2.79,7.88,-37.22,2.61,7.60,-0.28,-10.00
13,7,-1.00,-1.00,-1.00,-1.00,0.1463,1.8,2.04,5.00,-23.91,1.91,-5.91,-0.23,-10.00
13,7,-1.00,-1.00,-1.00,-1.00,0.1402,1.9,2.22,5.37,-22.27,1.31,-43.89,1.39,-10.00
13,7,-1.00,-1.00,-1.00,-1.00,0.1310,1.9,2.13,5.46,19.50,1.05,25.29,2.97,-10.00
13,7,-1.00,-1.00,-1.00,-1.00,0.1309,2.0,2.12,5.97,25.00,0.40,-3.53,1.32,-10.00
13,7,0.00,463.49,332.87,567.63,0.1258,1.9,2.13,5.40,-12.49,1.81,24.07,2.85,-10.00
13,7,-1.00,-1.00,-1.00,-1.00,0.1109,4.0,3.23,10.26,-13.74,0.26,-45.66,-0.31,-10.00
14,7,-1.00,-1.00,-1.00,-1.00,0.3480,2.3,2.51,6.04,34.87,1.16,29.69,2.83,-10.00
14,7,-1.00,-1.00,-1.00,-1.00,0.2214,3.6,3.00,8.68,-49.41,3.87,31.26,0.18,-10.00
14,7,-1.00,-1.00,-1.00,-1.00,0.2080,2.1,2.28,5.64,17.63,1.24,22.20,2.71,-10.00
14,7,-1.00,-1.00,-1.00,-1.00,0.1655,2.0,2.22,5.64,26.77,1.44,21.29,2.79,-10.00
14,7,-1.00,-1.00,-1.00,-1.00,0.1605,1.9,2.06,5.24,-29.05,0.85,-47.53,2.95,-10.00
14,7,-1.00,-1.00,-1.00,-1.00,0.1578,3.7,2.86,7.04,-29.60,1.04,-40.17,2.73,-10.00
14,7,-1.00,-1.00,-1.00,-1.00,0.1578,3.3,2.96,9.09,-37.81,2.46,1.69,-0.40,-10.00
14,7,-1.00,-1.00,-1.00,-1.00,0.1510,1.8,2.04,5.32,0.84,0.55,-29.13,1.29,-10.00
14,7,-1.00,-1.00,-1.00,-1.00,0.1495,1.8,2.20,5.30,-33.78,1.64,-15.49,-0.26,-10.00
14,7,-1.00,-1.00,-1.00,-1.00,0.1399,3.7,3.06,10.75,-11.02,-0.24,-49.81,2.78,-10.00
14,7,0.00,456.86,230.62,573.62,0.1262,1.8,2.05,5.23,-13.33,1.72,21.67,2.81,-10.00
14,7,-1.00,-1.00,-1.00,-1.00,0.1186,2.0,2.18,5.69,13.39,0.44,-36.71,-1.82,-10.00
14,7,-1.00,-1.00,-1.00,-1.00,0.1175,2.4,2.43,5.30,47.20,1.39,34.10,0.03,-10.00
14,7,-1.00,-1.00,-1.00,-1.00,0.1108,2.4,2.25,5.45,21.69,-1.66,-37.47,2.91,-10.00
14,7,-1.00,-1.00,-1.00,-1.00,0.1088,1.9,2.08,5.59,9.54,0.85,-25.09,-1.91,-10.00
14,7,-1.00,-1.00,-1.00,-1.00,0.1066,2.0,2.28,5.82,-40.76,1.83,-17.41,-1.84,-10.00
15,7,-1.00,-1.00,-1.00,-1.00,0.4051,3.3,2.74,7.61,-37.86,2.16,-4.48,-0.52,-10.00
15,7,1532.40,401.07,1600.00,562.07,0.3308,2.6,2.62,6.69,16.04,1.61,22.93,2.55,-10.00
15,7,-1.00,-1.00,-1.00,-1.00,0.2547,3.3,2.87,7.20,31.26,0.94,32.07,2.60,-10.00
15,7,-1.00,-1.00,-1.00,-1.00,0.2493,2.1,2.17,5.71,12.18,0.85,-26.12,-1.87,-10.00
15,7,-1.00,-1.00,-1.00,-1.00,0.2056,3.6,2.90,7.45,-2.37,0.04,-50.73,-0.53,-10.00
15,7,-1.00,-1.00,-1.00,-1.00,0.1749,2.6,2.32,6.20,12.43,0.81,3.67,-0.52,-10.00
15,7,-1.00,-1.00,-1.00,-1.00,0.1740,1.9,2.09,5.39,21.66,1.48,21.27,2.63,-10.00
15,7,-1.00,-1.00,-1.00,-1.00,0.1277,1.9,2.08,5.23,38.08,0.88,24.36,2.58,-10.00
15,7,0.00,441.65,469.61,613.06,0.1207,1.9,2.00,5.18,-7.41,1.68,15.96,-0.50,-10.00
15,7,-1.00,-1.00,-1.00,-1.00,0.1171,1.9,2.13,4.96,-34.80,1.70,-21.98,2.74,-10.00
15,7,-1.00,-1.00,-1.00,-1.00,0.1056,1.9,2.06,5.30,25.24,0.64,-1.36,-2.08,-10.00
15,7,-1.00,-1.00,-1.00,-1.00,0.1047,3.5,2.65,5.76,-24.58,0.76,-44.66,2.59,-10.00
16,7,-1.00,-1.00,-1.00,-1.00,0.2546,3.6,2.89,8.70,-37.34,1.92,-12.44,-0.65,-10.00
16,7,-1.00,-1.00,-1.00,-1.00,0.2297,1.9,2.28,5.81,16.44,1.38,21.18,2.50,-10.00
16,7,-1.00,-1.00,-1.00,-1.00,0.2289,2.0,2.22,5.72,15.93,0.72,-26.88,-2.07,-10.00
16,7,1339.87,361.86,1600.00,531.95,0.1374,2.7,2.47,6.37,12.14,1.11,22.89,2.42,-10.00
16,7,-1.00,-1.00,-1.00,-1.00,0.1270,3.1,2.67,6.49,28.37,-0.69,-43.22,-2.27,-10.00
16,7,-1.00,-1.00,-1.00,-1.00,0.1185,1.9,2.11,5.51,24.75,0.16,4.27,1.67,-10.00
16,7,1137.45,421.07,1337.95,535.68,0.1126,2.1,2.11,5.51,8.52,1.32,25.60,2.23,-10.00
16,7,0.00,429.84,30.12,546.76,0.1083,3.7,2.91,9.96,-30.78,2.69,44.33,0.86,-10.00
16,7,0.00,412.82,317.42,541.37,0.1058,4.1,3.24,11.96,-24.93,2.50,44.89,2.40,-10.00
16,7,189.13,453.33,428.76,534.73,0.1033,1.9,2.12,5.39,-13.31,1.65,32.38,2.55,-10.00
16,7,-1.00,-1.00,-1.00,-1.00,0.1020,3.6,2.66,6.74,-17.65,1.26,-50.27,2.48,-10.00
17,7,1090.86,386.10,1353.85,533.71,0.2368,2.3,2.33,5.68,7.24,1.12,22.50,2.30,-10.00
17,7,-1.00,-1.00,-1.00,-1.00,0.1724,3.3,2.89,8.43,-34.66,1.62,-20.18,-0.92,-10.00
17,7,-1.00,-1.00,-1.00,-1.00,0.1706,3.6,2.88,6.97,-44.46,1.93,-41.66,-2.34,-10.00
17,7,-1.00,-1.00,-1.00,-1.00,0.1590,2.0,2.13,5.59,25.22,0.40,-27.27,-2.27,-10.00
17,7,-1.00,-1.00,-1.00,-1.00,0.1411,2.1,2.31,5.71,28.55,0.98,31.72,-1.09,-10.00
17,7,-1.00,-1.00,-1.00,-1.00,0.1378,2.0,2.11,5.29,24.61,0.60,-28.64,-2.54,-10.00
17,7,-1.00,-1.00,-1.00,-1.00,0.1359,2.2,2.36,5.66,39.74,0.56,17.01,2.21,-10.00
17,7,-1.00,-1.00,-1.00,-1.00,0.1202,1.8,2.02,5.20,11.06,1.42,-15.38,-2.25,-10.00
17,7,-1.00,-1.00,-1.00,-1.00,0.1192,1.9,2.06,5.52,18.36,0.82,-24.37,-1.11,-10.00
17,7,-1.00,-1.00,-1.00,-1.00,0.1150,2.0,2.11,5.46,27.79,0.78,-38.60,0.60,-10.00
17,7,902.99,417.65,1107.25,531.02,0.1068,1.9,2.02,5.34,3.64,1.18,24.56,2.11,-10.00
17,7,-1.00,-1.00,-1.00,-1.00,0.1063,2.3,2.24,6.01,20.84,0.22,-47.52,-2.05,-10.00
17,7,946.02,379.78,1228.41,524.31,0.1060,2.4,2.27,6.54,5.20,1.02,24.14,2.31,-10.00
17,7,-1.00,-1.00,-1.00,-1.00,0.1018,2.2,2.36,5.82,22.95,0.77,2.21,-1.19,-10.00
18,7,1133.58,389.94,1272.83,525.60,0.6374,3.6,2.75,8.87,11.73,1.66,38.42,2.01,-10.00
18,7,-1.00,-1.00,-1.00,-1.00,0.2115,2.1,2.07,5.42,14.55,0.13,-26.04,0.61,-10.00
18,7,-1.00,-1.00,-1.00,-1.00,0.1851,1.9,2.06,5.15,13.78,1.02,-14.76,-2.56,-10.00
18,7,-1.00,-1.00,-1.00,-1.00,0.1411,3.4,2.83,8.24,-30.17,1.91,-29.93,-1.06,-10.00
18,7,-1.00,-1.00,-1.00,-1.00,0.1332,4.0,3.21,10.10,-39.46,3.48,24.33,0.36,-10.00
18,7,-1.00,-1.00,-1.00,-1.00,0.1314,2.0,2.16,5.75,23.19,0.01,-34.59,-1.18,-10.00
18,7,-1.00,-1.00,-1.00,-1.00,0.1274,2.1,2.19,5.70,50.06,-0.97,-38.71,-2.58,-10.00
18,7,999.77,449.22,1300.95,624.03,0.1147,1.9,2.09,5.44,4.39,1.79,16.23,2.15,-10.00
18,7,-1.00,-1.00,-1.00,-1.00,0.1138,3.9,3.25,8.66,24.68,-0.28,-52.04,-1.02,-10.00
18,7,-1.00,-1.00,-1.00,-1.00,0.1071,1.9,2.05,5.09,-23.36,1.57,1.28,-2.57,-10.00
18,7,1547.82,433.48,1600.00,534.11,0.1056,2.5,2.45,5.92,21.38,1.75,34.45,-1.07,-10.00
18,7,432.01,436.42,771.85,559.35,0.1051,1.9,2.17,5.46,-3.90,1.53,21.88,-2.82,-10.00
18,7,-1.00,-1.00,-1.00,-1.00,0.1034,1.9,2.17,5.55,20.92,1.20,6.39,-1.26,-10.00
18,7,-1.00,-1.00,-1.00,-1.00,0.1015,1.9,2.28,5.60,-26.45,1.35,-47.19,2.16,-10.00
19,7,900.11,388.47,1051.80,530.61,0.8021,3.7,2.90,9.05,4.73,1.79,37.74,1.87,-10.00
19,7,-1.00,-1.00,-1.00,-1.00,0.4095,3.5,2.93,8.80,-24.87,1.62,-36.74,1.95,-10.00
19,7,-1.00,-1.00,-1.00,-1.00,0.2618,2.1,2.24,5.94,24.42,0.68,10.52,1.93,-10.00
19,7,-1.00,-1.00,-1.00,-1.00,0.2465,2.0,2.14,5.48,14.32,1.35,13.31,0.44,-10.00
19,7,-1.00,-1.00,-1.00,-1.00,0.2071,3.8,3.10,10.18,-43.88,3.42,15.41,0.23,-10.00
19,7,-1.00,-1.00,-1.00,-1.00,0.1980,2.1,2.14,5.51,18.54,0.24,-25.04,0.42,-10.00
19,7,-1.00,-1.00,-1.00,-1.00,0.1890,2.0,2.23,5.78,27.36,0.20,-19.19,-2.72,-10.00
19,7,-1.00,-1.00,-1.00,-1.00,0.1475,1.8,2.02,5.20,-23.26,1.63,-42.62,-2.82,-10.00
19,7,-1.00,-1.00,-1.00,-1.00,0.1475,2.0,2.25,6.13,-23.22,1.90,-6.80,1.88,-10.00
19,7,529.07,364.95,872.21,591.23,0.1471,2.9,2.79,7.41,-1.60,1.78,20.11,1.87,-10.00
19,7,-1.00,-1.00,-1.00,-1.00,0.1250,1.9,2.12,5.07,-41.66,2.28,-38.59,0.66,-10.00
19,7,-1.00,-1.00,-1.00,-1.00,0.1168,1.9,2.08,5.67,-36.33,2.34,-44.86,1.97,-10.00
19,7,-1.00,-1.00,-1.00,-1.00,0.1132,1.9,2.12,5.26,-37.51,2.77,-42.36,-2.68,-10.00
20,7,704.70,371.00,853.38,527.20,0.6488,3.9,2.74,8.86,-1.14,1.61,36.42,1.71,-10.00
20,7,-1.00,-1.00,-1.00,-1.00,0.3623,3.2,2.77,8.12,-19.10,1.44,-41.05,1.74,-10.00
20,7,-1.00,-1.00,-1.00,-1.00,0.3024,1.9,2.02,5.26,10.78,0.66,-20.61,0.27,-10.00
20,7,-1.00,-1.00,-1.00,-1.00,0.3002,2.2,2.23,6.10,22.48,0.65,11.92,1.72,-10.00
20,7,-1.00,-1.00,-1.00,-1.00,0.2287,2.8,2.37,5.72,21.87,0.36,-24.01,0.34,-10.00
20,7,-1.00,-1.00,-1.00,-1.00,0.1688,2.1,2.27,5.75,23.16,0.21,6.35,0.25,-10.00
20,7,-1.00,-1.00,-1.00,-1.00,0.1601,2.0,2.19,5.65,-22.14,1.92,3.96,-1.40,-10.00
20,7,-1.00,-1.00,-1.00,-1.00,0.1585,2.0,2.21,5.58,17.90,0.66,-13.41,-2.69,-10.00
20,7,-1.00,-1.00,-1.00,-1.00,0.1540,1.8,2.07,5.10,-21.18,1.51,-50.52,-2.98,-10.00
20,7,-1.00,-1.00,-1.00,-1.00,0.1334,3.3,2.98,12.03,18.65,0.96,5.97,0.21,-10.00
20,7,-1.00,-1.00,-1.00,-1.00,0.1211,2.7,2.74,6.68,-46.80,2.38,6.58,-2.99,-10.00
20,7,-1.00,-1.00,-1.00,-1.00,0.1171,2.0,2.33,5.73,31.01,0.13,-3.47,1.83,-10.00
20,7,-1.00,-1.00,-1.00,-1.00,0.1134,2.0,2.19,5.69,24.31,0.21,9.78,-2.93,-10.00
20,7,-1.00,-1.00,-1.00,-1.00,0.1028,1.9,2.09,5.30,3.48,1.37,-9.14,-2.43,-10.00
21,7,589.46,375.92,755.24,536.88,0.8114,3.8,2.82,9.37,-3.95,1.82,34.51,1.64,-10.00
21,7,-1.00,-1.00,-1.00,-1.00,0.2977,1.9,2.17,5.67,-11.56,1.15,-44.23,1.65,-10.00
21,7,0.00,407.14,221.18,624.37,0.2929,2.1,2.22,5.70,-10.01,1.67,15.22,1.64,-10.00
21,7,-1.00,-1.00,-1.00,-1.00,0.2729,3.3,2.79,8.51,-15.79,1.55,-44.36,1.62,-10.00
21,7,-1.00,-1.00,-1.00,-1.00,0.1835,3.8,2.88,8.64,-49.28,2.49,-40.89,0.35,-10.00
21,7,-1.00,-1.00,-1.00,-1.00,0.1581,2.5,2.35,6.06,23.89,0.54,-23.90,0.25,-10.00
21,7,-1.00,-1.00,-1.00,-1.00,0.1455,2.0,2.26,5.93,21.52,0.76,11.83,-1.44,-10.00
21,7,-1.00,-1.00,-1.00,-1.00,0.1379,1.9,2.18,6.07,-10.68,1.27,-40.35,1.70,-10.00
21,7,-1.00,-1.00,-1.00,-1.00,0.1368,2.1,2.05,5.59,8.11,1.06,-5.87,0.22,-10.00
21,7,-1.00,-1.00,-1.00,-1.00,0.1202,2.3,2.38,6.33,30.65,0.22,-4.62,-1.39,-10.00
21,7,-1.00,-1.00,-1.00,-1.00,0.1033,3.1,2.67,8.53,-51.86,2.69,-36.96,0.37,-10.00
22,7,506.60,415.54,689.63,556.01,0.8639,3.1,2.81,8.83,-5.54,2.13,32.15,1.60,-10.00
22,7,-1.00,-1.00,-1.00,-1.00,0.4025,3.1,2.61,6.10,-13.88,1.17,-46.08,-1.54,-10.00
22,7,0.00,372.79,79.03,652.92,0.2944,2.2,2.22,5.74,-10.52,1.58,12.68,1.62,-10.00
22,7,-1.00,-1.00,-1.00,-1.00,0.2895,2.0,2.24,5.96,-10.16,1.00,-47.02,1.62,-10.00
22,7,-1.00,-1.00,-1.00,-1.00,0.1915,2.8,2.51,6.39,10.57,1.54,10.50,0.08,-10.00
22,7,-1.00,-1.00,-1.00,-1.00,0.1863,1.9,2.20,5.55,-21.24,1.96,-34.59,1.60,-10.00
22,7,-1.00,-1.00,-1.00,-1.00,0.1700,2.0,2.31,5.93,23.45,0.52,6.68,-1.72,-10.00
22,7,-1.00,-1.00,-1.00,-1.00,0.1613,2.3,2.32,6.06,24.78,0.20,-24.98,0.24,-10.00
22,7,-1.00,-1.00,-1.00,-1.00,0.1398,3.6,2.86,8.25,-50.82,2.50,-44.19,0.29,-10.00
22,7,-1.00,-1.00,-1.00,-1.00,0.1224,2.0,2.30,5.75,12.96,0.82,-2.20,-1.50,-10.00
22,7,-1.00,-1.00,-1.00,-1.00,0.1176,3.2,2.74,7.05,30.55,0.15,-6.16,-1.54,-10.00
22,7,-1.00,-1.00,-1.00,-1.00,0.1127,2.1,2.31,5.73,23.32,0.57,9.10,-0.13,-10.00
22,7,-1.00,-1.00,-1.00,-1.00,0.1068,2.2,2.32,5.65,50.62,-1.01,-33.45,-0.01,-10.00
22,7,-1.00,-1.00,-1.00,-1.00,0.1047,2.0,2.11,5.43,-21.44,1.74,-19.68,-3.08,-10.00
23,7,432.02,401.10,634.20,555.76,0.8957,3.1,2.82,8.51,-6.57,1.95,29.54,1.56,-10.00
23,7,-1.00,-1.00,-1.00,-1.00,0.3726,2.2,2.26,5.85,20.37,0.81,9.10,1.62,-10.00
23,7,-1.00,-1.00,-1.00,-1.00,0.2185,2.7,2.44,6.23,10.18,1.25,8.86,-3.10,-10.00
23,7,619.21,412.26,781.24,534.16,0.2050,3.6,3.08,7.93,-4.02,2.13,42.03,-1.35,-10.00
23,7,-1.00,-1.00,-1.00,-1.00,0.2002,3.2,2.79,8.94,-13.07,1.33,-50.12,-1.55,-10.00
23,7,-1.00,-1.00,-1.00,-1.00,0.1756,2.4,2.38,6.01,25.23,0.21,-26.79,0.16,-10.00
23,7,-1.00,-1.00,-1.00,-1.00,0.1707,2.2,2.31,5.85,-40.01,1.36,-51.12,-2.72,-10.00
23,7,-1.00,-1.00,-1.00,-1.00,0.1367,2.0,2.27,5.87,12.89,0.52,-2.53,-1.58,-10.00
23,7,-1.00,-1.00,-1.00,-1.00,0.1337,1.8,2.05,4.98,-21.91,1.18,-28.73,0.03,-10.00
23,7,-1.00,-1.00,-1.00,-1.00,0.1203,1.9,2.10,5.45,-21.67,1.39,-32.01,-3.11,-10.00
23,7,-1.00,-1.00,-1.00,-1.00,0.1169,1.8,2.06,5.13,-21.87,1.37,-25.54,3.11,-10.00
23,7,-1.00,-1.00,-1.00,-1.00,0.1134,2.2,2.29,5.98,-8.91,0.74,-37.99,1.64,-10.00
23,7,-1.00,-1.00,-1.00,-1.00,0.1063,2.3,2.23,5.69,7.43,0.57,-42.76,-0.05,-10.00
23,7,-1.00,-1.00,-1.00,-1.00,0.1034,1.9,2.14,5.30,-21.27,1.63,-22.97,-3.09,-10.00
23,7,-1.00,-1.00,-1.00,-1.00,0.1020,2.2,2.26,5.50,-49.21,2.38,-45.04,-2.71,-10.00
24,7,341.37,378.58,594.45,567.59,0.8903,3.3,2.90,8.37,-7.09,1.93,26.28,1.57,-10.00
24,7,-1.00,-1.00,-1.00,-1.00,0.4933,3.1,2.51,6.42,10.08,1.39,5.74,0.04,-10.00
24,7,-1.00,-1.00,-1.00,-1.00,0.4242,2.1,2.24,6.08,20.35,0.88,6.54,1.62,-10.00
24,7,-1.00,-1.00,-1.00,-1.00,0.1693,2.1,2.22,5.69,-48.53,1.50,-48.95,0.28,-10.00
24,7,-1.00,-1.00,-1.00,-1.00,0.1636,3.4,2.77,6.43,-12.36,1.47,-52.18,1.59,-10.00
24,7,-1.00,-1.00,-1.00,-1.00,0.1532,2.0,2.33,5.72,-19.48,1.57,-17.89,1.48,-10.00
24,7,1249.55,353.93,1600.00,555.20,0.1378,3.6,2.91,9.23,13.45,1.61,24.58,0.01,-10.00
24,7,-1.00,-1.00,-1.00,-1.00,0.1316,3.8,3.02,9.47,19.81,1.00,16.51,0.03,-10.00
24,7,-1.00,-1.00,-1.00,-1.00,0.1127,2.0,2.23,5.87,-7.15,1.04,-48.72,-1.58,-10.00
24,7,-1.00,-1.00,-1.00,-1.00,0.1102,2.1,2.23,5.72,18.15,0.32,-29.87,1.55,-10.00
24,7,-1.00,-1.00,-1.00,-1.00,0.1088,1.8,2.07,5.23,-16.74,1.12,-25.86,0.09,-10.00
24,7,-1.00,-1.00,-1.00,-1.00,0.1022,1.9,2.12,5.24,-20.37,1.49,-25.20,-0.01,-10.00
25,7,283.89,373.94,567.76,570.38,0.9423,3.1,2.91,8.10,-7.16,1.79,23.85,1.55,-10.00
25,7,-1.00,-1.00,-1.00,-1.00,0.2718,2.5,2.37,5.87,9.66,1.22,3.40,0.03,-10.00
25,7,-1.00,-1.00,-1.00,-1.00,0.1786,3.6,2.97,9.01,30.37,0.15,-3.20,1.62,-10.00
25,7,-1.00,-1.00,-1.00,-1.00,0.1398,2.4,2.42,6.23,4.56,0.86,-40.25,-0.17,-10.00
25,7,-1.00,-1.00,-1.00,-1.00,0.1271,3.6,2.92,8.24,30.60,0.77,2.44,-1.60,-10.00
25,7,-1.00,-1.00,-1.00,-1.00,0.1143,2.0,2.14,5.39,14.41,0.45,-30.09,-3.03,-10.00
25,7,-1.00,-1.00,-1.00,-1.00,0.1141,2.2,2.27,5.87,26.20,-0.12,-22.88,-3.10,-10.00
25,7,-1.00,-1.00,-1.00,-1.00,0.1125,1.9,2.07,5.26,-15.26,1.43,-17.19,3.12,-10.00
25,7,-1.00,-1.00,-1.00,-1.00,0.1117,1.9,2.08,5.42,15.94,0.35,-33.55,-0.06,-10.00
25,7,-1.00,-1.00,-1.00,-1.00,0.1109,3.0,2.41,6.09,0.64,1.50,-41.57,3.09,-10.00
25,7,-1.00,-1.00,-1.00,-1.00,0.1038,1.8,2.11,5.41,-21.14,1.31,-35.13,-0.05,-10.00
26,7,187.31,371.13,531.98,582.75,0.9137,2.8,2.85,8.33,-7.28,1.74,21.10,1.55,-10.00
26,7,-1.00,-1.00,-1.00,-1.00,0.1560,2.2,2.18,5.47,-7.49,1.45,1.62,1.54,-10.00
26,7,-1.00,-1.00,-1.00,-1.00,0.1556,2.6,2.34,5.61,9.82,1.24,0.46,0.01,-10.00
26,7,-1.00,-1.00,-1.00,-1.00,0.1510,2.2,2.31,6.39,4.68,0.83,-48.78,1.49,-10.00
26,7,-1.00,-1.00,-1.00,-1.00,0.1201,1.9,2.16,5.52,14.92,0.29,-33.08,-3.03,-10.00
26,7,609.56,410.62,729.27,537.02,0.1156,3.4,2.74,8.16,-4.64,2.04,38.50,-1.58,-10.00
26,7,-1.00,-1.00,-1.00,-1.00,0.1112,2.1,2.19,5.37,-9.34,1.12,-44.60,-3.13,-10.00
26,7,-1.00,-1.00,-1.00,-1.00,0.1107,2.2,2.13,5.57,8.64,0.62,-18.15,0.04,-10.00
26,7,-1.00,-1.00,-1.00,-1.00,0.1082,3.7,3.04,10.71,25.17,0.33,3.93,-1.52,-10.00
27,7,44.26,358.68,494.81,607.71,0.7973,2.8,2.83,8.62,-7.45,1.78,18.53,1.57,-10.00
27,7,-1.00,-1.00,-1.00,-1.00,0.3792,3.1,2.62,7.05,10.16,1.38,-2.25,0.01,-10.00
27,7,-1.00,-1.00,-1.00,-1.00,0.1898,2.0,2.15,5.12,-8.26,0.83,-47.35,3.00,-10.00
27,7,-1.00,-1.00,-1.00,-1.00,0.1803,2.4,2.21,5.36,-7.48,1.40,-1.31,1.53,-10.00
27,7,1084.75,442.95,1169.44,525.25,0.1712,3.0,2.68,7.63,12.00,2.18,50.61,-1.41,-10.00
27,7,-1.00,-1.00,-1.00,-1.00,0.1238,2.0,2.23,5.66,12.87,0.42,-17.22,0.23,-10.00
27,7,-1.00,-1.00,-1.00,-1.00,0.1183,1.9,2.12,5.28,-15.48,1.36,-25.62,3.06,-10.00
27,7,-1.00,-1.00,-1.00,-1.00,0.1097,1.9,2.14,5.85,-5.82,1.04,-32.95,-1.62,-10.00
27,7,-1.00,-1.00,-1.00,-1.00,0.1082,1.9,2.10,5.56,8.29,0.80,-45.26,0.03,-10.00
27,7,595.28,434.93,725.92,549.21,0.1038,2.8,2.56,7.50,-4.42,2.15,34.80,1.58,-10.00
28,7,0.00,307.67,434.70,624.64,0.9340,2.8,2.89,8.37,-7.62,1.59,15.33,1.59,-10.00
28,7,-1.00,-1.00,-1.00,-1.00,0.2380,2.3,2.37,5.81,-7.31,1.05,-50.49,-1.61,-10.00
28,7,-1.00,-1.00,-1.00,-1.00,0.2291,2.2,2.24,5.54,0.39,0.71,-50.25,-0.00,-10.00
28,7,-1.00,-1.00,-1.00,-1.00,0.2098,2.5,2.32,5.92,9.60,0.96,-48.08,3.10,-10.00
28,7,-1.00,-1.00,-1.00,-1.00,0.2022,3.0,2.55,6.52,9.87,1.37,-5.18,0.04,-10.00
28,7,-1.00,-1.00,-1.00,-1.00,0.1990,2.8,2.29,5.92,9.30,0.80,-23.72,-3.12,-10.00
28,7,-1.00,-1.00,-1.00,-1.00,0.1633,3.5,2.90,9.73,15.38,1.95,-5.36,3.12,-10.00
28,7,-1.00,-1.00,-1.00,-1.00,0.1619,2.0,2.20,5.56,-4.24,1.10,-46.07,-1.63,-10.00
28,7,-1.00,-1.00,-1.00,-1.00,0.1532,2.3,2.22,5.66,11.50,0.75,-13.18,0.00,-10.00
28,7,-1.00,-1.00,-1.00,-1.00,0.1368,3.8,2.94,8.47,22.00,0.27,-8.77,1.58,-10.00
28,7,-1.00,-1.00,-1.00,-1.00,0.1296,1.9,2.14,5.56,0.38,1.39,-15.83,-1.62,-10.00
28,7,541.57,402.39,706.55,555.94,0.1091,3.3,2.73,8.21,-4.82,2.09,31.45,1.58,-10.00
29,7,0.00,228.69,338.59,674.05,0.8513,2.9,2.84,8.24,-7.76,1.52,12.19,1.56,-10.00
29,7,-1.00,-1.00,-1.00,-1.00,0.2061,1.9,2.15,5.43,0.28,1.55,-15.64,-1.59,-10.00
29,7,-1.00,-1.00,-1.00,-1.00,0.1686,2.4,2.26,5.52,9.58,1.29,-7.98,0.03,-10.00
29,7,-1.00,-1.00,-1.00,-1.00,0.1448,3.4,2.67,7.45,9.87,0.91,-26.65,0.04,-10.00
29,7,968.66,412.26,1236.20,515.01,0.1367,3.7,2.79,9.52,10.40,1.65,47.86,-0.03,-10.00
29,7,60.15,375.03,627.04,590.29,0.1236,3.6,2.98,9.35,-8.64,2.13,23.14,0.07,-10.00
29,7,-1.00,-1.00,-1.00,-1.00,0.1026,3.6,2.78,8.75,11.41,0.89,-17.37,-0.03,-10.00
29,7,-1.00,-1.00,-1.00,-1.00,0.1024,2.0,2.14,5.47,9.10,1.11,-51.50,0.03,-10.00
30,7,0.00,131.36,249.81,760.31,0.9311,2.8,2.90,8.25,-7.88,1.52,9.81,1.57,-10.00
30,7,-1.00,-1.00,-1.00,-1.00,0.3804,1.9,2.23,5.68,-3.16,1.66,-27.74,-1.66,-10.00
30,7,-1.00,-1.00,-1.00,-1.00,0.2957,2.0,2.16,5.62,-14.62,1.86,-28.37,1.55,-10.00
30,7,-1.00,-1.00,-1.00,-1.00,0.2067,2.0,2.24,5.55,-12.68,1.92,-38.42,-1.63,-10.00
30,7,925.39,402.09,1186.30,514.15,0.1831,3.5,2.84,8.45,7.76,1.44,42.94,-2.97,-10.00
30,7,1153.23,427.22,1382.30,508.21,0.1696,2.1,2.27,5.65,12.20,1.01,35.04,0.13,-10.00
30,7,1274.21,331.78,1600.00,541.70,0.1136,3.3,2.70,7.69,11.98,1.18,21.38,-0.11,-10.00
30,7,953.77,407.13,1209.89,518.73,0.1122,3.7,2.82,8.73,9.10,1.69,45.32,-2.98,-10.00
31,7,0.00,0.00,180.65,900.00,0.9251,2.8,2.85,8.45,-7.81,1.55,7.99,1.59,-10.00
31,7,-1.00,-1.00,-1.00,-1.00,0.3599,1.9,2.21,5.63,-3.23,1.77,-29.85,1.47,-10.00
31,7,-1.00,-1.00,-1.00,-1.00,0.1661,2.0,2.18,5.42,-12.64,1.73,-29.06,-3.14,-10.00
31,7,-1.00,-1.00,-1.00,-1.00,0.1241,3.1,2.73,7.51,16.87,1.88,20.41,-1.65,-10.00
31,7,0.00,366.71,572.35,623.47,0.1087,3.5,2.89,9.70,-9.06,2.21,19.17,0.05,-10.00
32,7,0.00,0.00,116.70,900.00,0.9227,2.8,2.85,8.91,-7.86,1.55,6.68,1.60,-10.00
32,7,-1.00,-1.00,-1.00,-1.00,0.4191,1.9,2.20,5.79,-3.54,1.71,-31.50,-1.58,-10.00
32,7,-1.00,-1.00,-1.00,-1.00,0.1771,2.8,2.42,5.99,9.64,1.45,-14.08,0.02,-10.00
32,7,1480.60,417.59,1600.00,506.58,0.1387,1.8,2.10,5.06,18.01,0.78,28.53,-3.00,-10.00
32,7,1426.09,423.76,1600.00,502.03,0.1251,2.4,2.37,5.92,23.50,1.00,41.65,3.14,-10.00
32,7,1394.92,377.95,1600.00,516.84,0.1244,3.3,2.66,7.57,18.87,1.13,31.81,-0.01,-10.00
32,7,975.71,391.36,1262.32,514.58,0.1064,3.5,2.85,8.32,8.97,1.31,39.03,-2.93,-10.00
32,7,35.31,401.97,443.32,555.41,0.1049,2.4,2.23,5.79,-9.70,1.40,21.13,3.13,-10.00
33,7,-1.00,-1.00,-1.00,-1.00,0.9325,3.0,2.84,8.67,-7.86,1.67,5.00,1.59,-10.00
33,7,-1.00,-1.00,-1.00,-1.00,0.4258,1.9,2.10,5.62,-3.42,1.67,-33.20,1.53,-10.00
33,7,0.00,421.26,441.70,566.98,0.2726,2.0,2.16,5.69,-9.06,1.43,19.12,0.01,-10.00
33,7,1452.62,431.83,1600.00,502.47,0.2382,2.1,2.25,5.73,23.49,0.97,40.04,-3.06,-10.00
33,7,0.00,335.97,498.16,637.93,0.2237,3.4,2.81,9.71,-9.41,1.99,15.93,0.04,-10.00
33,7,-1.00,-1.00,-1.00,-1.00,0.1983,3.1,2.49,6.24,9.61,1.51,-15.71,0.02,-10.00
33,7,-1.00,-1.00,-1.00,-1.00,0.1953,3.3,2.75,8.07,15.85,1.74,-15.94,-0.04,-10.00
33,7,1006.53,378.32,1133.80,517.35,0.1503,3.8,3.06,9.95,8.12,1.45,40.66,-1.28,-10.00
33,7,1499.46,412.46,1600.00,507.12,0.1482,1.9,2.14,5.37,17.86,0.76,27.23,3.03,-10.00
33,7,836.92,390.35,1138.54,523.70,0.1279,3.7,2.91,8.84,4.95,1.59,38.58,-2.94,-10.00
33,7,-1.00,-1.00,-1.00,-1.00,0.1126,3.2,2.77,7.46,7.57,0.49,-27.83,-1.71,-10.00
33,7,0.00,420.89,142.69,565.48,0.1092,2.0,2.26,5.68,-13.96,1.42,19.24,0.03,-10.00
34,7,-1.00,-1.00,-1.00,-1.00,0.9499,3.0,2.84,8.96,-7.86,1.59,3.68,1.60,-10.00
34,7,-1.00,-1.00,-1.00,-1.00,0.4178,3.2,2.78,7.24,15.46,1.84,-17.16,0.01,-10.00
34,7,-1.00,-1.00,-1.00,-1.00,0.2508,2.0,2.13,5.44,-3.76,1.59,-34.18,-1.57,-10.00
34,7,1026.42,391.06,1137.05,524.96,0.2176,3.6,2.88,8.62,8.17,1.67,39.30,-1.32,-10.00
34,7,-1.00,-1.00,-1.00,-1.00,0.1830,3.5,2.70,8.07,-10.73,1.80,-14.51,-0.00,-10.00
34,7,-1.00,-1.00,-1.00,-1.00,0.1674,1.9,2.13,5.37,-7.88,2.48,-45.41,1.61,-10.00
34,7,1013.37,397.56,1309.96,521.90,0.1465,3.5,2.83,8.51,10.20,1.54,38.86,0.20,-10.00
34,7,1462.42,426.40,1600.00,506.07,0.1430,2.2,2.37,5.68,22.98,1.04,38.48,-2.91,-10.00
34,7,1022.38,385.15,1308.67,517.72,0.1256,3.5,2.69,7.57,9.50,1.30,35.88,0.18,-10.00
34,7,-1.00,-1.00,-1.00,-1.00,0.1142,2.0,2.28,5.29,-11.09,2.50,-44.95,1.60,-10.00
34,7,-1.00,-1.00,-1.00,-1.00,0.1005,3.0,2.52,6.16,9.48,1.48,-16.98,0.04,-10.00
35,7,-1.00,-1.00,-1.00,-1.00,0.9236,2.9,2.92,8.75,-7.95,1.60,2.79,1.58,-10.00
35,7,-1.00,-1.00,-1.00,-1.00,0.2615,3.2,2.60,6.99,9.60,1.53,-17.96,-3.10,-10.00
35,7,-1.00,-1.00,-1.00,-1.00,0.2273,1.9,2.11,5.26,-5.35,1.53,-33.37,0.08,-10.00
35,7,-1.00,-1.00,-1.00,-1.00,0.1963,2.0,2.19,5.61,-3.46,1.49,-34.89,-1.50,-10.00
35,7,-1.00,-1.00,-1.00,-1.00,0.1920,2.9,2.59,6.69,15.10,1.31,-18.10,0.03,-10.00
35,7,0.00,317.90,599.10,702.83,0.1679,3.7,3.07,12.91,-9.28,2.33,14.00,0.01,-10.00
35,7,1034.48,386.63,1292.77,519.55,0.1415,3.4,2.57,6.71,9.29,1.34,35.22,0.17,-10.00
35,7,1218.53,426.55,1508.15,523.70,0.1415,1.9,2.17,5.41,11.60,1.14,27.49,-3.00,-10.00
35,7,1012.43,397.16,1305.26,521.67,0.1344,3.4,2.81,8.20,9.92,1.50,37.97,0.25,-10.00
35,7,1448.95,431.57,1600.00,508.05,0.1338,2.0,2.27,5.63,22.07,1.08,37.93,-2.72,-10.00
35,7,-1.00,-1.00,-1.00,-1.00,0.1037,2.3,2.28,5.85,-7.74,1.64,-16.94,1.55,-10.00
35,7,975.90,437.30,1224.76,527.18,0.1001,2.0,2.10,5.59,6.40,1.33,29.94,0.11,-10.00
36,7,-1.00,-1.00,-1.00,-1.00,0.9262,2.9,2.87,8.85,-7.87,1.60,1.94,1.58,-10.00
36,7,1032.64,381.41,1332.59,519.23,0.1551,3.4,2.74,7.54,9.54,1.28,34.30,0.20,-10.00
36,7,1036.19,376.03,1152.77,517.69,0.1199,3.5,2.92,9.41,8.12,1.34,37.36,-1.33,-10.00
36,7,-1.00,-1.00,-1.00,-1.00,0.1148,2.5,2.30,5.73,9.11,1.18,-18.88,3.14,-10.00
36,7,573.29,390.88,687.54,509.09,0.1144,3.7,3.00,8.28,-7.00,1.32,45.93,1.56,-10.00
36,7,1476.52,421.19,1600.00,493.71,0.1020,1.8,2.11,5.35,22.28,0.61,36.92,-2.74,-10.00
37,7,-1.00,-1.00,-1.00,-1.00,0.9445,2.9,2.84,8.59,-7.85,1.69,1.06,1.60,-10.00
37,7,-1.00,-1.00,-1.00,-1.00,0.3108,1.9,2.13,5.59,-3.98,1.32,-36.88,1.42,-10.00
37,7,0.00,451.30,197.90,594.57,0.1641,1.9,2.07,5.50,-12.34,1.74,18.14,0.10,-10.00
37,7,0.00,433.13,27.27,628.73,0.1627,2.2,2.23,5.66,-13.28,1.84,15.28,0.05,-10.00
37,7,-1.00,-1.00,-1.00,-1.00,0.1446,3.5,2.85,8.40,16.10,0.57,-2.72,-1.47,-10.00
37,7,-1.00,-1.00,-1.00,-1.00,0.1434,1.9,2.13,5.34,18.34,0.98,23.18,3.06,-10.00
37,7,-1.00,-1.00,-1.00,-1.00,0.1093,2.0,2.20,5.58,30.34,0.82,30.79,2.96,-10.00
38,7,-1.00,-1.00,-1.00,-1.00,0.9345,2.9,2.91,9.08,-7.90,1.64,0.46,1.61,-10.00
38,7,-1.00,-1.00,-1.00,-1.00,0.2026,2.4,2.25,5.65,-11.57,1.51,-19.09,-1.58,-10.00
38,7,-1.00,-1.00,-1.00,-1.00,0.1407,2.0,2.18,5.59,30.46,0.82,29.62,2.95,-10.00
38,7,1461.41,435.26,1600.00,515.07,0.1367,2.0,2.14,5.42,21.07,1.22,35.51,-2.67,-10.00
38,7,-1.00,-1.00,-1.00,-1.00,0.1360,3.6,2.73,8.41,9.74,0.40,-24.31,-0.01,-10.00
38,7,-1.00,-1.00,-1.00,-1.00,0.1266,2.4,2.57,6.30,35.34,1.23,35.21,3.07,-10.00
38,7,489.15,438.37,630.46,540.43,0.1213,2.3,2.30,5.59,-6.37,1.71,30.67,-1.58,-10.00
38,7,0.00,448.23,178.94,594.68,0.1072,1.9,2.11,5.38,-12.30,1.68,17.56,0.06,-10.00
38,7,927.48,435.67,1009.08,515.64,0.1012,2.8,2.44,6.19,5.51,1.74,49.65,-1.58,-10.00
