0,7,-1.00,-1.00,-1.00,-1.00,0.8574,1.9,2.14,5.89,7.96,1.40,2.48,-1.54,-10.00
0,7,-1.00,-1.00,-1.00,-1.00,0.4594,3.4,2.83,8.44,-8.99,1.58,-25.36,1.62,-10.00
0,7,-1.00,-1.00,-1.00,-1.00,0.3647,2.0,2.24,6.41,-0.43,1.23,-26.67,-1.59,-10.00
0,7,-1.00,-1.00,-1.00,-1.00,0.3454,3.2,2.76,7.96,28.62,-0.00,-9.90,1.58,-10.00
0,7,609.50,448.95,726.65,537.98,0.2804,1.9,2.05,5.37,-3.64,1.60,29.76,-1.56,-10.00
0,7,817.46,457.88,875.79,513.56,0.2299,1.9,2.08,5.57,0.73,1.60,47.81,-1.57,-10.00
0,7,-1.00,-1.00,-1.00,-1.00,0.2299,4.2,3.03,11.03,-36.19,2.02,-37.06,1.60,-10.00
0,7,-1.00,-1.00,-1.00,-1.00,0.2039,2.0,2.12,5.18,17.73,0.72,-45.08,-2.86,-10.00
0,7,717.46,457.06,783.45,516.83,0.1909,2.0,2.11,5.42,-2.76,1.69,46.60,1.57,-10.00
0,7,747.85,463.67,932.54,529.12,0.1495,1.9,2.11,5.52,0.45,1.79,38.60,-3.09,-10.00
0,7,-1.00,-1.00,-1.00,-1.00,0.1454,3.7,2.98,8.73,38.64,0.06,-31.13,-1.56,-10.00
0,7,418.23,435.19,512.74,498.54,0.1414,1.9,2.05,5.20,-12.51,0.91,43.74,-1.63,-10.00
0,7,-1.00,-1.00,-1.00,-1.00,0.1251,2.0,2.09,5.40,22.10,0.60,-38.38,3.00,-10.00
0,7,267.45,455.87,436.91,549.91,0.1240,1.9,2.15,5.87,-10.39,1.75,27.99,1.46,-10.00
0,7,-1.00,-1.00,-1.00,-1.00,0.1226,2.0,2.20,5.84,-37.73,2.54,35.56,0.03,-10.00
0,7,1155.26,435.88,1343.13,534.29,0.1212,1.8,1.93,5.34,8.66,1.33,26.26,-1.60,-10.00
0,7,-1.00,-1.00,-1.00,-1.00,0.1205,2.0,2.23,5.89,3.01,1.30,-34.07,-1.57,-10.00
0,7,85.82,460.41,368.63,584.74,0.1187,1.8,2.06,5.37,-9.97,1.86,21.47,1.61,-10.00
0,7,-1.00,-1.00,-1.00,-1.00,0.1181,2.0,2.23,5.44,-28.04,1.79,-44.92,-1.49,-10.00
0,7,-1.00,-1.00,-1.00,-1.00,0.1120,4.3,3.21,11.71,30.40,0.85,-26.41,0.01,-10.00
0,7,-1.00,-1.00,-1.00,-1.00,0.1021,2.0,2.11,5.13,39.82,0.64,-47.52,-0.02,-10.00
1,7,-1.00,-1.00,-1.00,-1.00,0.8423,2.0,2.13,5.85,7.89,1.34,-2.08,-1.52,-10.00
1,7,-1.00,-1.00,-1.00,-1.00,0.3489,3.3,2.59,7.39,-9.45,1.52,-35.66,1.63,-10.00
1,7,679.38,458.35,776.80,539.12,0.2698,2.2,2.29,5.99,-2.87,2.08,37.98,1.60,-10.00
1,7,-1.00,-1.00,-1.00,-1.00,0.2683,2.0,2.18,5.23,17.50,0.55,-49.65,-2.95,-10.00
1,7,-1.00,-1.00,-1.00,-1.00,0.2027,2.0,2.18,5.71,7.65,1.34,-20.64,-1.54,-10.00
1,7,25.40,464.30,217.82,532.21,0.1746,2.0,2.12,5.41,-22.16,1.93,39.42,0.31,-10.00
1,7,-1.00,-1.00,-1.00,-1.00,0.1532,2.2,2.22,5.93,-50.81,2.83,31.58,0.07,-10.00
1,7,0.00,480.34,111.13,555.90,0.1268,1.9,2.08,5.56,-22.61,2.27,33.63,3.13,-10.00
1,7,-1.00,-1.00,-1.00,-1.00,0.1224,2.2,2.13,5.39,21.92,0.21,-51.50,-3.12,-10.00
1,7,0.00,479.17,29.26,563.25,0.1189,2.0,2.16,5.70,-23.51,2.29,31.40,-3.09,-10.00
1,7,-1.00,-1.00,-1.00,-1.00,0.1146,1.9,2.15,5.63,22.40,0.29,-46.35,3.13,-10.00
1,7,-1.00,-1.00,-1.00,-1.00,0.1109,1.9,2.18,5.95,2.63,1.30,-33.27,-1.58,-10.00
1,7,-1.00,-1.00,-1.00,-1.00,0.1053,2.1,2.28,5.71,-31.02,2.46,32.49,1.58,-10.00
2,7,-1.00,-1.00,-1.00,-1.00,0.9244,1.9,2.12,5.79,7.79,1.33,-6.53,-1.56,-10.00
2,7,-1.00,-1.00,-1.00,-1.00,0.4430,3.8,2.85,8.73,-9.91,1.49,-44.99,1.61,-10.00
2,7,615.06,414.92,690.79,518.82,0.1883,3.8,2.81,7.85,-6.96,1.91,50.94,1.46,-10.00
2,7,-1.00,-1.00,-1.00,-1.00,0.1716,2.8,2.52,6.66,-51.07,3.45,27.47,0.06,-10.00
2,7,-1.00,-1.00,-1.00,-1.00,0.1440,2.0,2.13,5.36,23.01,0.30,-47.01,2.96,-10.00
2,7,-1.00,-1.00,-1.00,-1.00,0.1416,2.0,2.13,5.16,-29.75,2.36,26.65,0.00,-10.00
2,7,-1.00,-1.00,-1.00,-1.00,0.1410,2.0,2.18,5.49,-44.07,2.66,27.13,-3.07,-10.00
2,7,0.00,471.86,159.84,548.84,0.1384,2.0,2.20,5.54,-21.45,2.15,34.68,0.38,-10.00
2,7,-1.00,-1.00,-1.00,-1.00,0.1302,2.1,2.09,5.20,-37.42,2.43,26.68,0.04,-10.00
2,7,-1.00,-1.00,-1.00,-1.00,0.1254,2.0,2.12,5.58,-23.53,1.86,28.15,1.56,-10.00
3,7,-1.00,-1.00,-1.00,-1.00,0.9168,1.9,2.09,5.82,7.76,1.16,-11.41,-1.54,-10.00
3,7,-1.00,-1.00,-1.00,-1.00,0.1938,2.3,2.25,5.75,-51.01,2.91,22.38,0.03,-10.00
3,7,-1.00,-1.00,-1.00,-1.00,0.1544,2.1,2.29,6.41,-6.72,0.55,-47.24,1.66,-10.00
3,7,-1.00,-1.00,-1.00,-1.00,0.1398,2.0,2.22,5.56,-17.98,1.33,-46.38,0.07,-10.00
3,7,-1.00,-1.00,-1.00,-1.00,0.1348,2.3,2.34,5.83,21.73,0.06,-52.20,-1.55,-10.00
3,7,1135.37,456.44,1349.16,526.59,0.1254,1.9,2.09,5.45,11.92,1.60,36.22,0.03,-10.00
3,7,-1.00,-1.00,-1.00,-1.00,0.1051,1.9,2.01,4.91,-37.61,2.21,21.55,-3.13,-10.00
3,7,-1.00,-1.00,-1.00,-1.00,0.1050,3.8,2.92,8.39,-9.74,1.50,-52.57,1.60,-10.00
3,7,-1.00,-1.00,-1.00,-1.00,0.1044,1.9,2.05,5.11,-25.57,1.99,27.80,-3.04,-10.00
3,7,-1.00,-1.00,-1.00,-1.00,0.1029,2.0,2.18,5.50,-23.91,2.34,22.02,3.14,-10.00
4,7,-1.00,-1.00,-1.00,-1.00,0.8931,2.0,2.19,6.03,7.68,1.29,-16.20,-1.56,-10.00
4,7,-1.00,-1.00,-1.00,-1.00,0.2583,2.0,2.21,6.22,7.55,1.33,-30.00,-1.61,-10.00
4,7,-1.00,-1.00,-1.00,-1.00,0.2059,1.9,1.95,5.12,7.79,1.23,-10.04,-1.51,-10.00
4,7,-1.00,-1.00,-1.00,-1.00,0.1642,1.9,2.31,5.59,-19.98,1.35,-43.05,1.60,-10.00
4,7,-1.00,-1.00,-1.00,-1.00,0.1513,2.6,2.63,6.30,34.33,0.26,14.74,3.13,-10.00
4,7,-1.00,-1.00,-1.00,-1.00,0.1511,2.6,2.51,5.74,-32.72,2.29,33.37,1.12,-10.00
4,7,-1.00,-1.00,-1.00,-1.00,0.1311,2.0,2.14,5.45,-38.07,2.15,17.07,-3.14,-10.00
4,7,-1.00,-1.00,-1.00,-1.00,0.1301,2.0,2.12,5.47,-21.25,1.96,24.82,0.34,-10.00
4,7,-1.00,-1.00,-1.00,-1.00,0.1272,1.9,2.15,5.36,-44.68,2.43,21.39,1.62,-10.00
4,7,0.00,438.27,22.85,645.93,0.1201,2.0,2.17,5.85,-12.65,1.85,15.07,1.57,-10.00
4,7,801.42,456.10,856.60,515.21,0.1139,2.1,2.03,5.18,0.10,1.71,49.01,-1.56,-10.00
4,7,-1.00,-1.00,-1.00,-1.00,0.1109,1.9,2.05,5.14,-17.55,1.27,-51.52,3.07,-10.00
4,7,-1.00,-1.00,-1.00,-1.00,0.1036,1.9,2.26,5.42,29.82,0.15,0.32,-1.64,-10.00
5,7,-1.00,-1.00,-1.00,-1.00,0.8209,1.9,2.13,5.79,7.58,1.04,-20.75,-1.57,-10.00
5,7,-1.00,-1.00,-1.00,-1.00,0.4052,1.9,2.12,5.44,-38.04,2.55,12.30,0.02,-10.00
5,7,644.42,459.21,755.08,542.55,0.2294,2.1,2.17,5.86,-3.33,1.96,34.14,1.61,-10.00
5,7,-1.00,-1.00,-1.00,-1.00,0.1592,1.9,2.09,5.85,7.50,1.02,-34.12,-1.61,-10.00
5,7,-1.00,-1.00,-1.00,-1.00,0.1558,2.0,2.14,5.69,-0.40,1.18,-26.58,-1.58,-10.00
5,7,-1.00,-1.00,-1.00,-1.00,0.1501,3.3,2.76,7.19,27.11,-0.61,-49.62,0.09,-10.00
5,7,-1.00,-1.00,-1.00,-1.00,0.1367,2.1,2.23,5.45,-49.87,3.25,13.99,-1.63,-10.00
5,7,-1.00,-1.00,-1.00,-1.00,0.1348,1.9,2.13,5.68,-24.41,1.90,15.76,-3.13,-10.00
5,7,-1.00,-1.00,-1.00,-1.00,0.1294,3.1,2.59,6.68,-33.44,2.60,29.19,0.64,-10.00
5,7,-1.00,-1.00,-1.00,-1.00,0.1196,1.9,2.15,5.54,-25.74,2.06,21.36,-1.54,-10.00
5,7,-1.00,-1.00,-1.00,-1.00,0.1192,3.5,2.82,7.92,27.78,-0.31,-40.59,-1.50,-10.00
5,7,623.92,461.45,685.74,521.47,0.1023,2.0,2.16,5.86,-6.49,1.89,47.23,1.43,-10.00
6,7,-1.00,-1.00,-1.00,-1.00,0.8020,2.0,2.17,6.01,7.49,1.06,-25.33,-1.57,-10.00
6,7,-1.00,-1.00,-1.00,-1.00,0.5478,2.0,2.11,5.36,-38.26,2.27,7.92,0.01,-10.00
6,7,-1.00,-1.00,-1.00,-1.00,0.3541,1.8,2.08,5.51,7.15,1.11,-38.40,-1.54,-10.00
6,7,-1.00,-1.00,-1.00,-1.00,0.2136,2.0,2.34,6.00,-26.31,1.86,13.31,-1.59,-10.00
6,7,-1.00,-1.00,-1.00,-1.00,0.1675,2.0,2.21,5.66,-31.51,1.96,10.17,-1.62,-10.00
6,7,-1.00,-1.00,-1.00,-1.00,0.1585,2.3,2.40,5.89,-50.44,3.24,10.58,1.44,-10.00
6,7,-1.00,-1.00,-1.00,-1.00,0.1544,1.9,2.18,5.58,-26.36,1.88,17.27,-1.55,-10.00
6,7,-1.00,-1.00,-1.00,-1.00,0.1162,1.9,2.16,5.44,-33.12,1.90,11.13,-1.57,-10.00
6,7,-1.00,-1.00,-1.00,-1.00,0.1090,1.9,2.18,5.50,-32.77,1.77,15.23,-1.54,-10.00
7,7,-1.00,-1.00,-1.00,-1.00,0.7376,2.0,2.29,5.79,-25.82,1.88,8.69,1.61,-10.00
7,7,-1.00,-1.00,-1.00,-1.00,0.7033,2.0,2.14,5.76,7.37,1.09,-29.51,-1.56,-10.00
7,7,-1.00,-1.00,-1.00,-1.00,0.1965,2.0,2.20,5.56,-36.63,1.96,5.64,-1.56,-10.00
7,7,381.95,427.38,668.77,612.72,0.1554,1.9,2.08,5.66,-3.48,1.62,15.81,1.60,-10.00
7,7,-1.00,-1.00,-1.00,-1.00,0.1452,1.9,2.22,5.56,-28.87,2.00,5.89,-1.59,-10.00
7,7,-1.00,-1.00,-1.00,-1.00,0.1423,2.0,2.11,5.77,7.13,0.73,-43.06,-1.57,-10.00
7,7,-1.00,-1.00,-1.00,-1.00,0.1323,1.9,2.02,5.16,-37.51,2.17,3.54,-3.13,-10.00
7,7,-1.00,-1.00,-1.00,-1.00,0.1270,2.1,2.18,5.42,-33.59,1.92,20.15,2.83,-10.00
7,7,602.14,458.50,700.68,548.28,0.1239,2.0,2.22,5.98,-4.29,1.93,31.46,1.47,-10.00
7,7,-1.00,-1.00,-1.00,-1.00,0.1193,2.2,2.34,5.69,-50.06,3.03,5.53,1.51,-10.00
7,7,0.00,440.77,18.07,570.83,0.1178,2.3,2.37,6.15,-19.79,1.93,25.13,1.75,-10.00
7,7,-1.00,-1.00,-1.00,-1.00,0.1127,1.8,2.08,5.19,-42.25,2.58,-2.97,-3.14,-10.00
7,7,-1.00,-1.00,-1.00,-1.00,0.1123,2.0,2.19,5.74,-26.22,1.92,12.13,-1.58,-10.00
7,7,0.00,475.27,35.24,563.16,0.1103,1.8,2.07,5.36,-21.06,2.04,28.05,-3.11,-10.00
7,7,-1.00,-1.00,-1.00,-1.00,0.1102,2.1,2.22,5.72,29.83,0.29,23.54,-3.06,-10.00
7,7,-1.00,-1.00,-1.00,-1.00,0.1049,1.9,2.17,5.81,-31.44,1.98,4.96,-1.68,-10.00
7,7,-1.00,-1.00,-1.00,-1.00,0.1001,1.9,2.03,5.23,-21.28,1.62,11.55,0.39,-10.00
8,7,-1.00,-1.00,-1.00,-1.00,0.7285,2.1,2.23,6.09,7.37,1.20,-34.01,-1.53,-10.00
8,7,-1.00,-1.00,-1.00,-1.00,0.6086,2.1,2.37,6.13,-26.39,1.76,4.54,1.54,-10.00
8,7,-1.00,-1.00,-1.00,-1.00,0.2906,2.0,2.24,5.73,-26.07,1.76,8.57,-1.48,-10.00
8,7,-1.00,-1.00,-1.00,-1.00,0.2425,2.0,2.24,5.66,-30.18,1.91,0.66,-1.71,-10.00
8,7,-1.00,-1.00,-1.00,-1.00,0.1708,2.0,2.12,5.46,-19.18,1.83,22.90,3.13,-10.00
8,7,249.22,324.08,578.73,563.48,0.1455,3.8,2.80,9.87,-7.54,1.74,24.87,1.62,-10.00
8,7,-1.00,-1.00,-1.00,-1.00,0.1441,1.9,2.17,5.75,-28.85,1.71,3.61,-1.63,-10.00
8,7,-1.00,-1.00,-1.00,-1.00,0.1382,2.0,2.30,5.79,-22.09,1.75,19.39,0.08,-10.00
8,7,-1.00,-1.00,-1.00,-1.00,0.1368,1.9,2.15,5.28,-31.17,2.16,-1.67,3.04,-10.00
8,7,-1.00,-1.00,-1.00,-1.00,0.1195,1.9,2.05,5.29,-21.26,1.87,10.07,0.35,-10.00
8,7,-1.00,-1.00,-1.00,-1.00,0.1185,3.3,2.82,7.22,27.19,-0.54,-44.30,0.00,-10.00
8,7,-1.00,-1.00,-1.00,-1.00,0.1098,1.9,2.12,5.28,-24.64,1.81,-0.31,0.01,-10.00
8,7,0.00,511.78,118.48,567.17,0.1087,1.9,2.13,5.29,-28.90,3.46,45.30,3.04,-10.00
8,7,-1.00,-1.00,-1.00,-1.00,0.1077,2.1,2.21,5.88,7.50,0.38,-46.85,-1.84,-10.00
9,7,-1.00,-1.00,-1.00,-1.00,0.7952,2.0,2.31,6.08,-26.33,1.80,0.39,1.50,-10.00
9,7,-1.00,-1.00,-1.00,-1.00,0.5421,2.1,2.29,6.15,7.24,0.84,-37.92,-1.56,-10.00
9,7,-1.00,-1.00,-1.00,-1.00,0.3670,1.9,2.08,5.57,7.43,0.77,-31.76,-1.54,-10.00
9,7,0.00,191.70,507.53,635.49,0.2335,4.3,3.04,12.24,-7.64,1.90,18.15,1.56,-10.00
9,7,-1.00,-1.00,-1.00,-1.00,0.1639,1.9,2.17,5.50,-16.84,1.48,-44.40,-0.10,-10.00
9,7,976.05,460.28,1040.98,517.10,0.1571,1.9,2.01,5.31,6.81,1.73,47.40,1.64,-10.00
9,7,-1.00,-1.00,-1.00,-1.00,0.1438,2.5,2.38,6.89,-5.30,0.88,-50.62,1.57,-10.00
9,7,-1.00,-1.00,-1.00,-1.00,0.1351,1.9,2.25,5.77,-28.89,1.73,-0.19,-1.62,-10.00
9,7,-1.00,-1.00,-1.00,-1.00,0.1322,1.9,2.10,5.35,-32.63,2.49,12.92,-1.97,-10.00
9,7,-1.00,-1.00,-1.00,-1.00,0.1321,1.9,2.17,5.51,6.56,0.71,-50.94,-1.57,-10.00
9,7,-1.00,-1.00,-1.00,-1.00,0.1155,2.0,2.26,5.58,-19.95,1.42,-35.30,1.60,-10.00
9,7,-1.00,-1.00,-1.00,-1.00,0.1128,2.0,2.36,5.75,-20.29,1.51,-45.96,1.62,-10.00
9,7,-1.00,-1.00,-1.00,-1.00,0.1056,1.9,2.25,5.66,-31.69,1.95,0.02,1.50,-10.00
10,7,-1.00,-1.00,-1.00,-1.00,0.5421,2.0,2.27,5.81,-26.27,1.68,-3.59,1.49,-10.00
10,7,-1.00,-1.00,-1.00,-1.00,0.3751,2.0,2.18,5.62,-4.52,1.08,-38.27,1.60,-10.00
10,7,-1.00,-1.00,-1.00,-1.00,0.2657,1.9,2.02,5.46,7.19,0.74,-36.20,-1.55,-10.00
10,7,-1.00,-1.00,-1.00,-1.00,0.2404,2.2,2.33,5.93,6.60,1.03,-41.79,-1.42,-10.00
10,7,982.66,462.31,1072.26,522.20,0.1742,1.8,2.02,5.31,6.82,1.75,43.10,-1.61,-10.00
10,7,-1.00,-1.00,-1.00,-1.00,0.1627,2.0,2.26,5.87,-19.84,1.65,-30.86,1.59,-10.00
10,7,-1.00,-1.00,-1.00,-1.00,0.1544,1.9,2.07,5.18,-38.44,1.63,-7.90,3.08,-10.00
10,7,-1.00,-1.00,-1.00,-1.00,0.1492,1.9,2.32,5.61,-29.26,1.77,-4.23,-1.62,-10.00
10,7,0.00,0.00,430.10,744.76,0.1240,4.3,3.04,12.47,-7.40,1.69,12.57,1.56,-10.00
10,7,-1.00,-1.00,-1.00,-1.00,0.1197,1.9,2.30,5.66,-34.35,2.01,7.13,1.55,-10.00
10,7,-1.00,-1.00,-1.00,-1.00,0.1143,1.8,2.05,5.39,7.34,0.82,-29.96,-1.59,-10.00
11,7,-1.00,-1.00,-1.00,-1.00,0.2822,2.0,2.28,5.73,-30.06,2.25,14.90,-1.66,-10.00
11,7,-1.00,-1.00,-1.00,-1.00,0.2478,1.9,2.10,5.62,7.04,0.77,-34.20,-1.57,-10.00
11,7,-1.00,-1.00,-1.00,-1.00,0.1817,2.0,2.26,5.72,-30.03,2.18,10.84,1.82,-10.00
11,7,-1.00,-1.00,-1.00,-1.00,0.1809,1.9,2.04,5.37,7.20,0.87,-27.72,-1.56,-10.00
11,7,-1.00,-1.00,-1.00,-1.00,0.1567,1.9,2.15,5.80,-11.89,1.59,-32.83,1.69,-10.00
11,7,-1.00,-1.00,-1.00,-1.00,0.1509,1.9,1.99,5.27,6.61,0.60,-40.28,-1.48,-10.00
11,7,-1.00,-1.00,-1.00,-1.00,0.1399,2.0,2.19,5.93,23.88,1.55,12.39,-0.10,-10.00
11,7,-1.00,-1.00,-1.00,-1.00,0.1352,1.9,2.09,5.20,-31.08,2.28,17.67,-3.07,-10.00
11,7,-1.00,-1.00,-1.00,-1.00,0.1281,2.1,2.19,5.66,-5.39,1.27,-46.07,1.61,-10.00
11,7,-1.00,-1.00,-1.00,-1.00,0.1187,1.9,2.18,5.50,-29.68,2.40,20.91,-1.51,-10.00
11,7,-1.00,-1.00,-1.00,-1.00,0.1174,1.9,2.14,5.45,-21.86,2.07,7.60,0.24,-10.00
11,7,-1.00,-1.00,-1.00,-1.00,0.1093,1.9,2.09,5.53,-33.24,2.72,37.14,-1.15,-10.00
11,7,-1.00,-1.00,-1.00,-1.00,0.1037,2.0,2.21,5.54,47.88,-4.04,-43.78,-3.06,-10.00
11,7,-1.00,-1.00,-1.00,-1.00,0.1006,2.0,2.32,5.89,-34.74,2.38,12.95,1.53,-10.00
12,7,-1.00,-1.00,-1.00,-1.00,0.3334,2.0,2.31,5.92,-26.64,1.71,-11.28,1.52,-10.00
12,7,973.55,411.45,1089.49,515.37,0.2906,3.7,2.75,7.46,7.96,1.72,49.73,-1.65,-10.00
12,7,-1.00,-1.00,-1.00,-1.00,0.2457,2.0,2.27,5.85,-30.70,2.09,12.00,1.70,-10.00
12,7,-1.00,-1.00,-1.00,-1.00,0.2208,2.0,2.13,5.61,6.66,0.83,-32.33,-1.50,-10.00
12,7,1056.22,455.61,1168.40,534.43,0.2113,2.0,2.12,5.76,7.77,1.76,34.64,1.64,-10.00
12,7,-1.00,-1.00,-1.00,-1.00,0.1982,1.9,2.11,5.54,-5.85,1.36,-29.53,1.65,-10.00
12,7,-1.00,-1.00,-1.00,-1.00,0.1933,1.9,2.07,5.51,6.62,0.73,-38.39,-1.53,-10.00
12,7,-1.00,-1.00,-1.00,-1.00,0.1747,1.9,2.26,5.80,-24.61,1.49,-17.09,1.88,-10.00
12,7,-1.00,-1.00,-1.00,-1.00,0.1475,1.9,2.24,5.40,-29.40,1.63,-13.65,1.67,-10.00
12,7,-1.00,-1.00,-1.00,-1.00,0.1463,1.9,2.10,5.27,-21.67,1.77,-5.52,-2.69,-10.00
12,7,-1.00,-1.00,-1.00,-1.00,0.1460,1.9,2.27,5.61,-33.11,2.18,11.95,1.36,-10.00
12,7,-1.00,-1.00,-1.00,-1.00,0.1458,1.9,2.21,5.52,-29.05,2.54,17.34,-1.52,-10.00
12,7,-1.00,-1.00,-1.00,-1.00,0.1419,1.9,2.09,5.36,-12.69,1.60,-29.69,3.11,-10.00
12,7,-1.00,-1.00,-1.00,-1.00,0.1409,1.9,1.96,5.28,7.16,0.93,-26.42,-1.53,-10.00
12,7,-1.00,-1.00,-1.00,-1.00,0.1331,1.8,2.04,5.32,-32.62,2.49,33.51,-1.13,-10.00
12,7,-1.00,-1.00,-1.00,-1.00,0.1230,2.3,2.23,5.96,-5.95,1.61,-52.40,1.64,-10.00
12,7,-1.00,-1.00,-1.00,-1.00,0.1177,2.0,2.30,5.70,-26.98,1.58,-6.90,-1.60,-10.00
12,7,-1.00,-1.00,-1.00,-1.00,0.1177,1.9,2.23,5.43,-31.97,2.39,17.25,-1.50,-10.00
12,7,-1.00,-1.00,-1.00,-1.00,0.1099,1.9,2.20,5.43,-35.83,1.76,5.42,-1.60,-10.00
12,7,-1.00,-1.00,-1.00,-1.00,0.1058,1.9,2.10,5.52,-22.03,1.94,3.80,0.26,-10.00
12,7,-1.00,-1.00,-1.00,-1.00,0.1058,1.9,2.18,5.36,-13.96,1.50,-35.62,-3.10,-10.00
13,7,-1.00,-1.00,-1.00,-1.00,0.4497,1.9,2.30,5.91,-26.75,1.63,-16.05,1.61,-10.00
13,7,-1.00,-1.00,-1.00,-1.00,0.2236,1.9,2.12,5.13,-25.09,1.79,-20.42,3.10,-10.00
13,7,-1.00,-1.00,-1.00,-1.00,0.2234,2.0,2.18,5.67,-30.97,2.31,7.30,1.86,-10.00
13,7,833.59,464.97,893.03,521.14,0.2171,2.0,2.20,5.84,1.55,2.01,50.56,-1.51,-10.00
13,7,-1.00,-1.00,-1.00,-1.00,0.1703,2.1,2.22,6.14,-6.60,1.04,-39.39,1.63,-10.00
13,7,-1.00,-1.00,-1.00,-1.00,0.1604,2.0,2.31,6.20,-20.24,1.36,-28.73,1.55,-10.00
13,7,-1.00,-1.00,-1.00,-1.00,0.1547,2.0,2.17,5.67,6.29,0.85,-43.03,-1.62,-10.00
13,7,1018.31,421.31,1124.05,520.98,0.1505,3.2,2.56,6.33,8.59,1.76,44.72,-1.56,-10.00
13,7,-1.00,-1.00,-1.00,-1.00,0.1356,2.0,2.05,5.12,-36.38,2.41,29.20,-1.16,-10.00
13,7,119.74,477.16,349.88,553.77,0.1328,2.0,2.06,5.21,-15.90,2.23,33.90,3.11,-10.00
13,7,-1.00,-1.00,-1.00,-1.00,0.1237,1.9,2.14,5.41,-34.66,2.07,-2.97,-3.10,-10.00
13,7,-1.00,-1.00,-1.00,-1.00,0.1122,2.0,2.24,5.82,-33.39,1.95,-0.69,-1.67,-10.00
13,7,-1.00,-1.00,-1.00,-1.00,0.1076,2.1,2.14,5.45,-38.70,2.32,30.08,-1.01,-10.00
13,7,-1.00,-1.00,-1.00,-1.00,0.1076,1.9,2.09,5.54,6.41,1.03,-36.75,-1.49,-10.00
13,7,-1.00,-1.00,-1.00,-1.00,0.1069,2.0,2.22,5.59,-33.19,2.20,7.63,1.68,-10.00
13,7,-1.00,-1.00,-1.00,-1.00,0.1007,2.4,2.43,5.83,-50.59,3.27,31.49,0.05,-10.00
13,7,-1.00,-1.00,-1.00,-1.00,0.1000,2.2,2.24,5.89,0.94,1.08,-50.38,-1.43,-10.00
14,7,-1.00,-1.00,-1.00,-1.00,0.2530,1.9,2.26,5.69,-20.51,1.43,-32.86,1.58,-10.00
14,7,0.00,480.50,242.42,557.64,0.2269,1.9,2.20,5.52,-18.96,2.31,33.61,-3.11,-10.00
14,7,-1.00,-1.00,-1.00,-1.00,0.2253,1.9,2.07,5.39,6.72,0.73,-29.50,-1.47,-10.00
14,7,-1.00,-1.00,-1.00,-1.00,0.2023,2.0,2.16,5.39,-22.18,1.81,-17.51,0.36,-10.00
14,7,-1.00,-1.00,-1.00,-1.00,0.1991,2.0,2.29,5.76,-24.86,1.59,-26.06,1.66,-10.00
14,7,0.00,478.27,195.81,560.49,0.1890,2.0,2.19,5.42,-19.23,2.25,31.76,-3.05,-10.00
14,7,-1.00,-1.00,-1.00,-1.00,0.1727,1.9,2.19,5.69,-35.48,2.06,-7.19,1.56,-10.00
14,7,-1.00,-1.00,-1.00,-1.00,0.1726,2.6,2.70,7.04,38.84,1.13,47.11,0.26,-10.00
14,7,-1.00,-1.00,-1.00,-1.00,0.1710,1.8,2.10,5.08,-40.52,2.56,-3.45,-2.89,-10.00
14,7,206.43,485.22,400.05,547.25,0.1428,1.9,2.20,5.49,-17.28,2.53,41.54,-3.09,-10.00
14,7,-1.00,-1.00,-1.00,-1.00,0.1383,2.0,2.23,5.71,-27.56,1.64,-19.59,1.74,-10.00
14,7,-1.00,-1.00,-1.00,-1.00,0.1383,1.9,1.96,5.17,-42.50,3.05,24.49,-1.10,-10.00
14,7,-1.00,-1.00,-1.00,-1.00,0.1341,2.0,2.16,5.47,-31.04,2.19,2.80,-1.22,-10.00
14,7,-1.00,-1.00,-1.00,-1.00,0.1248,1.9,2.17,5.12,-26.82,1.62,-24.39,-3.02,-10.00
14,7,-1.00,-1.00,-1.00,-1.00,0.1237,1.9,2.18,5.37,-40.57,2.40,-6.12,-1.43,-10.00
14,7,-1.00,-1.00,-1.00,-1.00,0.1183,2.2,2.34,5.65,47.86,0.49,27.76,-3.11,-10.00
14,7,-1.00,-1.00,-1.00,-1.00,0.1176,2.1,2.30,5.93,29.44,-0.87,-26.63,-1.71,-10.00
14,7,-1.00,-1.00,-1.00,-1.00,0.1142,1.9,2.13,5.36,-36.96,2.25,-5.11,3.14,-10.00
14,7,1126.53,440.30,1303.22,544.77,0.1110,1.9,2.00,5.31,7.61,1.48,25.19,-1.54,-10.00
14,7,-1.00,-1.00,-1.00,-1.00,0.1092,1.9,2.06,5.36,-21.99,1.83,-14.76,0.29,-10.00
14,7,-1.00,-1.00,-1.00,-1.00,0.1080,1.9,2.06,5.10,-32.81,2.34,36.58,0.93,-10.00
14,7,-1.00,-1.00,-1.00,-1.00,0.1078,2.1,2.16,5.40,-48.86,3.67,25.15,-1.47,-10.00
15,7,10.67,464.83,253.26,568.86,0.5824,2.3,2.32,5.81,-16.72,2.34,30.66,1.65,-10.00
15,7,1056.90,423.77,1203.34,538.90,0.4815,2.9,2.48,6.00,8.25,1.90,34.79,-1.58,-10.00
15,7,-1.00,-1.00,-1.00,-1.00,0.4541,2.0,2.18,5.70,-22.40,1.81,-22.43,-2.84,-10.00
15,7,0.00,473.60,135.70,564.02,0.2768,1.9,2.19,5.47,-19.20,2.11,28.77,-3.09,-10.00
15,7,-1.00,-1.00,-1.00,-1.00,0.2178,2.0,2.12,5.53,-36.13,2.74,20.31,-1.12,-10.00
15,7,-1.00,-1.00,-1.00,-1.00,0.1879,3.8,3.11,9.41,-8.59,1.13,-39.76,1.65,-10.00
15,7,-1.00,-1.00,-1.00,-1.00,0.1788,1.9,2.30,5.64,-24.71,1.46,-30.87,1.70,-10.00
15,7,-1.00,-1.00,-1.00,-1.00,0.1728,1.9,2.23,5.65,-44.94,2.89,19.99,-1.49,-10.00
15,7,-1.00,-1.00,-1.00,-1.00,0.1678,1.9,2.20,5.57,-34.05,1.99,-1.77,1.72,-10.00
15,7,-1.00,-1.00,-1.00,-1.00,0.1653,2.2,2.47,6.53,-20.68,1.47,-37.63,1.61,-10.00
15,7,134.80,468.27,335.06,537.31,0.1588,1.9,2.10,5.04,-17.36,1.96,36.85,-2.94,-10.00
15,7,-1.00,-1.00,-1.00,-1.00,0.1555,2.0,2.21,5.78,-30.99,2.15,-2.30,-1.22,-10.00
15,7,-1.00,-1.00,-1.00,-1.00,0.1494,1.9,2.15,5.73,-22.94,1.52,-30.66,1.71,-10.00
15,7,-1.00,-1.00,-1.00,-1.00,0.1465,1.9,2.05,5.50,-4.96,1.09,-43.29,1.59,-10.00
15,7,-1.00,-1.00,-1.00,-1.00,0.1455,1.9,2.13,5.43,-32.43,2.67,20.40,1.86,-10.00
15,7,1402.89,453.12,1599.81,515.69,0.1379,2.1,2.28,5.90,24.64,1.62,46.01,0.21,-10.00
15,7,-1.00,-1.00,-1.00,-1.00,0.1369,1.9,2.15,5.49,-42.61,2.64,20.49,-1.37,-10.00
15,7,-1.00,-1.00,-1.00,-1.00,0.1336,2.0,2.20,5.58,-21.78,1.92,-10.29,0.32,-10.00
15,7,-1.00,-1.00,-1.00,-1.00,0.1335,1.9,2.16,5.43,-25.09,2.97,23.82,-1.45,-10.00
15,7,-1.00,-1.00,-1.00,-1.00,0.1304,1.9,2.06,5.29,-22.12,1.71,-13.68,0.39,-10.00
15,7,-1.00,-1.00,-1.00,-1.00,0.1250,2.0,2.26,5.61,-42.76,1.93,-9.31,0.02,-10.00
15,7,-1.00,-1.00,-1.00,-1.00,0.1245,1.9,2.13,5.51,-39.11,2.52,20.84,-1.29,-10.00
15,7,-1.00,-1.00,-1.00,-1.00,0.1183,1.9,2.20,5.61,-37.99,2.26,4.10,-1.53,-10.00
15,7,-1.00,-1.00,-1.00,-1.00,0.1182,1.9,2.16,5.43,-37.52,2.00,-10.52,-3.08,-10.00
15,7,-1.00,-1.00,-1.00,-1.00,0.1176,1.9,2.25,5.54,-38.87,2.41,-0.75,1.68,-10.00
15,7,-1.00,-1.00,-1.00,-1.00,0.1111,1.9,2.17,5.53,-46.57,2.83,19.98,-1.44,-10.00
15,7,-1.00,-1.00,-1.00,-1.00,0.1073,2.0,2.19,5.58,7.02,0.79,-34.34,-1.50,-10.00
15,7,-1.00,-1.00,-1.00,-1.00,0.1040,1.9,2.19,5.45,-28.15,2.74,23.65,-1.53,-10.00
16,7,-1.00,-1.00,-1.00,-1.00,0.3260,1.9,2.17,5.47,-22.68,1.75,-27.10,-2.82,-10.00
16,7,-1.00,-1.00,-1.00,-1.00,0.2430,3.8,2.88,10.21,-8.71,0.96,-45.90,1.62,-10.00
16,7,-1.00,-1.00,-1.00,-1.00,0.2264,1.8,2.10,5.21,-19.01,2.18,23.69,-3.12,-10.00
16,7,-1.00,-1.00,-1.00,-1.00,0.2208,1.9,2.15,5.46,-19.32,2.50,21.52,-3.09,-10.00
16,7,100.84,454.20,315.14,521.70,0.1892,2.2,2.41,6.33,-21.62,1.77,43.98,0.05,-10.00
16,7,0.00,480.52,253.81,562.78,0.1861,2.0,2.13,5.44,-17.65,2.30,31.63,-3.04,-10.00
16,7,852.55,497.90,913.45,557.35,0.1831,2.2,2.28,6.32,2.30,3.46,50.53,-1.52,-10.00
16,7,1438.71,443.15,1600.00,510.42,0.1584,2.0,2.19,5.76,23.53,1.27,41.10,-2.94,-10.00
16,7,-1.00,-1.00,-1.00,-1.00,0.1461,2.0,2.18,5.66,-31.06,2.18,-6.79,-1.18,-10.00
16,7,1100.73,401.96,1266.27,543.49,0.1400,3.0,2.43,6.41,8.37,1.74,30.17,-1.51,-10.00
16,7,-1.00,-1.00,-1.00,-1.00,0.1376,2.0,2.09,5.29,-41.54,1.52,-34.29,-3.02,-10.00
16,7,-1.00,-1.00,-1.00,-1.00,0.1339,2.0,2.19,5.73,-27.99,2.73,14.94,1.59,-10.00
16,7,-1.00,-1.00,-1.00,-1.00,0.1252,3.6,2.76,7.61,-7.21,1.23,-51.20,1.62,-10.00
16,7,439.55,486.98,543.21,547.36,0.1240,2.1,2.22,5.93,-12.20,2.81,46.06,1.57,-10.00
16,7,-1.00,-1.00,-1.00,-1.00,0.1235,1.9,2.18,5.67,-35.78,2.28,-6.63,1.62,-10.00
16,7,-1.00,-1.00,-1.00,-1.00,0.1223,1.9,2.14,5.48,-44.98,2.45,-6.58,1.56,-10.00
16,7,-1.00,-1.00,-1.00,-1.00,0.1105,1.8,2.13,5.24,-26.57,1.48,-34.01,-2.96,-10.00
16,7,-1.00,-1.00,-1.00,-1.00,0.1084,2.0,2.20,5.72,29.79,0.09,-6.43,0.06,-10.00
16,7,0.00,489.83,152.18,601.65,0.1065,2.0,2.11,5.84,-16.82,2.54,25.65,1.75,-10.00
16,7,-1.00,-1.00,-1.00,-1.00,0.1047,2.1,2.26,5.67,6.27,0.92,-39.43,-1.42,-10.00
16,7,-1.00,-1.00,-1.00,-1.00,0.1035,1.9,2.15,5.65,-13.59,1.25,-42.15,0.02,-10.00
16,7,-1.00,-1.00,-1.00,-1.00,0.1025,2.1,2.21,5.22,48.53,0.11,34.38,0.21,-10.00
16,7,48.01,447.79,240.85,512.40,0.1024,2.0,2.10,5.28,-22.44,1.35,41.34,-3.05,-10.00
16,7,0.00,506.77,35.43,600.90,0.1023,1.9,2.13,5.09,-19.91,2.70,26.47,-3.07,-10.00
16,7,-1.00,-1.00,-1.00,-1.00,0.1022,2.0,2.10,5.48,-38.90,3.33,15.90,-1.10,-10.00
16,7,-1.00,-1.00,-1.00,-1.00,0.1001,1.9,2.15,5.57,-34.11,2.11,-6.83,1.75,-10.00
17,7,1113.96,362.94,1370.00,549.64,0.7592,3.3,2.65,7.43,8.15,1.59,25.74,-1.58,-10.00
17,7,-1.00,-1.00,-1.00,-1.00,0.2814,2.0,2.24,5.81,-22.42,2.57,-20.09,0.23,-10.00
17,7,0.00,422.46,202.73,593.48,0.2774,3.0,2.75,7.81,-16.85,2.42,26.43,1.68,-10.00
17,7,1403.33,359.42,1600.00,501.69,0.2685,4.3,3.17,9.82,25.29,0.96,42.52,-2.91,-10.00
17,7,-1.00,-1.00,-1.00,-1.00,0.2663,1.9,2.17,5.51,-19.21,2.09,18.96,-3.09,-10.00
17,7,-1.00,-1.00,-1.00,-1.00,0.2184,1.9,2.22,5.75,-32.86,2.89,10.55,1.88,-10.00
17,7,-1.00,-1.00,-1.00,-1.00,0.1737,1.8,2.03,4.84,-43.39,2.27,-19.42,-3.01,-10.00
17,7,-1.00,-1.00,-1.00,-1.00,0.1636,2.1,2.26,5.80,-39.36,2.92,10.28,2.02,-10.00
17,7,-1.00,-1.00,-1.00,-1.00,0.1628,1.9,2.16,5.64,-28.28,2.53,9.94,1.54,-10.00
17,7,852.82,487.87,911.98,542.88,0.1566,2.1,2.17,5.74,2.31,2.92,50.52,-1.49,-10.00
17,7,-1.00,-1.00,-1.00,-1.00,0.1496,2.0,2.17,5.43,-34.14,2.93,24.99,-3.12,-10.00
17,7,-1.00,-1.00,-1.00,-1.00,0.1437,2.0,2.23,5.42,-24.12,3.03,-47.36,-0.02,-10.00
17,7,-1.00,-1.00,-1.00,-1.00,0.1432,2.0,2.09,5.48,-22.46,2.23,-32.45,0.25,-10.00
17,7,-1.00,-1.00,-1.00,-1.00,0.1402,2.0,2.24,5.44,-42.80,2.16,-21.71,1.68,-10.00
17,7,-1.00,-1.00,-1.00,-1.00,0.1398,4.0,2.95,9.71,-8.18,1.44,-53.06,1.58,-10.00
17,7,-1.00,-1.00,-1.00,-1.00,0.1384,2.0,2.17,5.43,-36.46,2.94,10.51,2.00,-10.00
17,7,-1.00,-1.00,-1.00,-1.00,0.1362,2.0,2.31,5.79,-31.75,2.45,-11.56,1.71,-10.00
17,7,-1.00,-1.00,-1.00,-1.00,0.1323,1.9,2.19,5.33,-19.69,2.06,16.60,0.08,-10.00
17,7,-1.00,-1.00,-1.00,-1.00,0.1224,2.2,2.29,5.84,-50.78,3.18,-8.15,0.13,-10.00
17,7,-1.00,-1.00,-1.00,-1.00,0.1219,2.6,2.49,6.43,-17.19,2.00,20.68,-1.51,-10.00
17,7,-1.00,-1.00,-1.00,-1.00,0.1199,2.0,2.19,5.80,-0.53,1.63,-26.90,-1.54,-10.00
17,7,-1.00,-1.00,-1.00,-1.00,0.1184,2.1,2.28,5.91,32.55,0.39,33.56,0.16,-10.00
17,7,-1.00,-1.00,-1.00,-1.00,0.1159,1.9,2.08,5.24,-21.85,2.32,-29.56,0.34,-10.00
17,7,-1.00,-1.00,-1.00,-1.00,0.1155,2.5,2.54,6.13,43.53,-0.80,1.78,2.94,-10.00
17,7,-1.00,-1.00,-1.00,-1.00,0.1149,1.9,2.15,5.09,-37.07,2.33,-23.69,1.12,-10.00
17,7,-1.00,-1.00,-1.00,-1.00,0.1147,1.9,2.14,5.32,-24.49,2.35,-39.30,-3.09,-10.00
17,7,-1.00,-1.00,-1.00,-1.00,0.1143,2.0,2.11,5.48,-50.55,3.27,8.66,-3.05,-10.00
17,7,-1.00,-1.00,-1.00,-1.00,0.1133,1.9,2.20,5.60,-34.01,2.56,-11.61,1.67,-10.00
17,7,-1.00,-1.00,-1.00,-1.00,0.1125,1.9,2.10,5.50,-43.53,3.06,9.80,-1.65,-10.00
17,7,0.00,458.76,8.07,569.49,0.1104,2.0,2.13,5.47,-18.97,1.83,23.73,3.13,-10.00
17,7,-1.00,-1.00,-1.00,-1.00,0.1064,2.0,2.20,5.61,-37.43,2.41,-20.28,-0.08,-10.00
17,7,-1.00,-1.00,-1.00,-1.00,0.1044,2.1,2.22,5.47,38.82,-0.49,-17.47,-3.12,-10.00
17,7,-1.00,-1.00,-1.00,-1.00,0.1037,2.9,2.63,7.17,36.21,0.23,47.64,-3.06,-10.00
18,7,1181.14,334.99,1513.99,567.13,0.7388,3.2,2.59,7.12,8.14,1.51,20.74,-1.55,-10.00
18,7,-1.00,-1.00,-1.00,-1.00,0.3402,1.9,2.18,5.54,-28.48,2.19,4.90,1.58,-10.00
18,7,0.00,450.82,95.13,549.74,0.3009,2.0,2.19,5.70,-19.26,1.69,27.10,0.09,-10.00
18,7,-1.00,-1.00,-1.00,-1.00,0.2954,1.9,2.13,5.37,-22.63,2.04,-24.99,-2.93,-10.00
18,7,-1.00,-1.00,-1.00,-1.00,0.2447,1.9,2.15,5.43,-35.22,2.62,15.81,-1.54,-10.00
18,7,-1.00,-1.00,-1.00,-1.00,0.2431,1.9,2.13,5.64,-19.57,1.90,13.73,-3.10,-10.00
18,7,-1.00,-1.00,-1.00,-1.00,0.1935,2.0,2.22,5.63,-36.83,2.39,4.90,-1.47,-10.00
18,7,-1.00,-1.00,-1.00,-1.00,0.1821,2.0,2.24,5.67,-39.83,2.52,4.76,-1.49,-10.00
18,7,-1.00,-1.00,-1.00,-1.00,0.1764,1.9,2.16,5.42,-19.25,1.86,19.18,-3.13,-10.00
18,7,-1.00,-1.00,-1.00,-1.00,0.1608,1.8,2.22,5.62,-31.30,2.28,-15.96,1.67,-10.00
18,7,-1.00,-1.00,-1.00,-1.00,0.1584,2.0,2.24,5.61,-34.11,2.34,4.23,1.68,-10.00
18,7,-1.00,-1.00,-1.00,-1.00,0.1559,1.9,2.08,5.42,-22.10,1.73,-21.50,-3.12,-10.00
18,7,846.37,476.15,900.69,528.51,0.1556,1.9,2.05,5.14,1.88,2.33,50.44,-1.54,-10.00
18,7,1501.44,357.98,1600.00,496.06,0.1525,3.7,2.84,8.03,25.18,0.67,37.68,-2.90,-10.00
18,7,-1.00,-1.00,-1.00,-1.00,0.1470,1.9,2.11,5.35,-22.24,1.85,-37.52,-2.89,-10.00
18,7,-1.00,-1.00,-1.00,-1.00,0.1440,2.0,2.12,5.53,48.03,-0.28,24.92,0.11,-10.00
18,7,-1.00,-1.00,-1.00,-1.00,0.1408,1.9,2.20,5.42,-20.18,2.02,11.32,-0.04,-10.00
18,7,-1.00,-1.00,-1.00,-1.00,0.1331,2.0,2.19,5.57,-44.26,2.03,-16.83,-3.05,-10.00
18,7,-1.00,-1.00,-1.00,-1.00,0.1331,1.8,2.02,5.03,-43.60,2.30,-14.42,-3.11,-10.00
18,7,-1.00,-1.00,-1.00,-1.00,0.1309,1.9,2.13,5.46,-42.62,2.48,5.03,-1.54,-10.00
18,7,-1.00,-1.00,-1.00,-1.00,0.1193,2.0,2.11,5.52,35.25,0.75,-16.24,0.03,-10.00
18,7,-1.00,-1.00,-1.00,-1.00,0.1183,1.9,2.16,5.49,6.57,1.14,-49.20,-1.52,-10.00
18,7,-1.00,-1.00,-1.00,-1.00,0.1181,1.9,2.13,5.14,-18.66,1.70,22.00,-3.11,-10.00
18,7,0.00,464.31,130.90,555.71,0.1174,2.0,2.21,5.81,-19.78,1.96,29.31,0.06,-10.00
18,7,-1.00,-1.00,-1.00,-1.00,0.1120,2.0,2.24,5.57,-32.91,2.07,16.93,-1.58,-10.00
18,7,-1.00,-1.00,-1.00,-1.00,0.1084,1.9,2.09,5.38,-31.97,1.72,29.43,-1.00,-10.00
18,7,-1.00,-1.00,-1.00,-1.00,0.1078,2.2,2.35,6.25,46.92,-0.07,27.58,1.68,-10.00
18,7,-1.00,-1.00,-1.00,-1.00,0.1073,1.9,2.15,5.21,-22.05,1.99,-28.80,-2.88,-10.00
18,7,0.00,436.42,26.25,546.83,0.1070,2.0,2.11,5.39,-18.57,1.42,23.74,3.12,-10.00
18,7,-1.00,-1.00,-1.00,-1.00,0.1049,2.0,2.25,5.57,49.62,-0.02,39.40,-3.10,-10.00
18,7,1358.09,449.57,1474.98,511.02,0.1025,2.1,2.24,5.72,22.33,1.49,47.72,-1.46,-10.00
18,7,-1.00,-1.00,-1.00,-1.00,0.1019,2.0,2.14,5.62,48.09,-0.03,15.45,0.02,-10.00
18,7,-1.00,-1.00,-1.00,-1.00,0.1008,1.9,2.08,5.38,-36.21,2.42,-16.52,1.60,-10.00
19,7,1255.43,260.27,1600.00,591.34,0.6825,3.2,2.65,7.32,7.94,1.37,15.93,-1.53,-10.00
19,7,-1.00,-1.00,-1.00,-1.00,0.4995,2.0,2.18,5.54,-19.41,2.01,8.81,-3.10,-10.00
19,7,-1.00,-1.00,-1.00,-1.00,0.4585,2.0,2.27,5.82,-19.81,1.66,21.95,0.09,-10.00
19,7,-1.00,-1.00,-1.00,-1.00,0.2543,2.0,2.19,5.65,-22.62,1.79,-30.03,-2.95,-10.00
19,7,-1.00,-1.00,-1.00,-1.00,0.2055,1.9,2.16,5.60,-40.03,2.34,-0.08,-1.52,-10.00
19,7,844.66,479.63,900.91,534.36,0.1754,2.1,2.12,5.41,1.87,2.58,50.52,-1.53,-10.00
19,7,-1.00,-1.00,-1.00,-1.00,0.1720,1.9,2.17,5.52,-31.16,2.37,-21.67,2.00,-10.00
19,7,-1.00,-1.00,-1.00,-1.00,0.1713,2.1,2.27,5.76,39.79,0.41,22.71,0.20,-10.00
19,7,-1.00,-1.00,-1.00,-1.00,0.1559,2.0,2.28,5.60,-37.30,2.49,-0.09,-1.53,-10.00
19,7,1584.35,343.86,1600.00,501.06,0.1548,3.7,2.87,8.85,25.49,0.71,33.03,-2.93,-10.00
19,7,-1.00,-1.00,-1.00,-1.00,0.1529,1.9,2.14,5.34,-22.10,1.72,-42.34,-2.87,-10.00
19,7,-1.00,-1.00,-1.00,-1.00,0.1426,2.0,2.17,5.54,-21.80,2.02,-26.65,0.03,-10.00
19,7,-1.00,-1.00,-1.00,-1.00,0.1365,1.9,2.22,5.75,-34.13,2.28,1.70,1.59,-10.00
19,7,-1.00,-1.00,-1.00,-1.00,0.1259,1.9,1.99,5.03,-12.72,1.39,-51.33,-3.11,-10.00
19,7,-1.00,-1.00,-1.00,-1.00,0.1222,1.9,2.14,5.25,-22.05,1.86,-39.40,0.33,-10.00
19,7,-1.00,-1.00,-1.00,-1.00,0.1204,2.0,2.28,5.80,-28.75,2.25,-0.21,1.56,-10.00
19,7,-1.00,-1.00,-1.00,-1.00,0.1189,1.9,2.14,5.48,-36.52,1.82,-34.36,0.97,-10.00
19,7,-1.00,-1.00,-1.00,-1.00,0.1173,2.1,2.26,5.98,-0.28,1.65,-27.56,-1.55,-10.00
19,7,-1.00,-1.00,-1.00,-1.00,0.1164,2.1,2.36,6.21,2.68,1.26,-47.09,-1.47,-10.00
19,7,-1.00,-1.00,-1.00,-1.00,0.1154,2.0,2.15,5.51,47.62,-0.14,20.23,-3.02,-10.00
19,7,-1.00,-1.00,-1.00,-1.00,0.1126,2.0,2.26,5.70,-34.25,1.90,-21.36,1.74,-10.00
19,7,1148.39,413.47,1288.74,511.28,0.1110,3.4,2.89,7.46,15.47,1.56,50.11,1.52,-10.00
19,7,-1.00,-1.00,-1.00,-1.00,0.1100,1.9,2.14,5.41,-22.87,1.68,-32.74,-2.99,-10.00
19,7,-1.00,-1.00,-1.00,-1.00,0.1090,2.0,2.22,5.59,-37.33,2.24,-30.05,0.20,-10.00
19,7,-1.00,-1.00,-1.00,-1.00,0.1048,2.0,2.15,5.61,-28.73,1.36,28.04,-0.01,-10.00
20,7,-1.00,-1.00,-1.00,-1.00,0.6983,2.0,2.13,5.43,-19.46,2.17,4.17,-3.10,-10.00
20,7,-1.00,-1.00,-1.00,-1.00,0.5772,1.9,2.12,5.52,-19.85,1.97,16.99,-0.06,-10.00
20,7,1372.25,176.83,1600.00,665.38,0.5679,3.0,2.61,6.81,7.67,1.39,11.23,-1.55,-10.00
20,7,-1.00,-1.00,-1.00,-1.00,0.3348,2.1,2.21,5.83,-24.01,1.52,21.65,0.04,-10.00
20,7,-1.00,-1.00,-1.00,-1.00,0.2980,2.0,2.21,5.70,-22.79,1.48,-38.40,-3.03,-10.00
20,7,-1.00,-1.00,-1.00,-1.00,0.2520,2.0,2.17,5.54,-28.63,2.21,-4.75,1.58,-10.00
20,7,-1.00,-1.00,-1.00,-1.00,0.2269,2.0,2.32,5.73,-36.58,2.33,-4.47,1.61,-10.00
20,7,-1.00,-1.00,-1.00,-1.00,0.2257,1.9,2.13,5.56,-22.53,1.42,-41.39,-3.04,-10.00
20,7,-1.00,-1.00,-1.00,-1.00,0.1973,2.1,2.32,5.98,23.73,0.98,22.03,0.15,-10.00
20,7,-1.00,-1.00,-1.00,-1.00,0.1963,1.9,2.16,5.43,-21.83,1.92,-35.06,-2.92,-10.00
20,7,-1.00,-1.00,-1.00,-1.00,0.1797,2.0,2.16,5.37,-22.02,1.41,-47.09,-2.92,-10.00
20,7,-1.00,-1.00,-1.00,-1.00,0.1784,1.9,2.19,5.39,-22.03,1.63,-44.32,-2.93,-10.00
20,7,-1.00,-1.00,-1.00,-1.00,0.1677,2.0,2.20,5.39,-44.59,1.65,-34.55,-0.01,-10.00
20,7,-1.00,-1.00,-1.00,-1.00,0.1625,1.9,2.12,5.72,-32.46,2.52,19.38,2.10,-10.00
20,7,-1.00,-1.00,-1.00,-1.00,0.1396,3.2,2.70,6.75,26.14,0.61,28.16,-2.91,-10.00
20,7,-1.00,-1.00,-1.00,-1.00,0.1345,1.9,2.11,5.53,-42.96,2.59,-25.67,1.75,-10.00
20,7,835.33,499.55,891.88,552.63,0.1343,2.0,2.14,5.49,1.52,3.29,50.52,-1.53,-10.00
20,7,1247.14,417.15,1458.78,492.57,0.1280,2.5,2.43,6.48,18.75,0.73,44.91,0.02,-10.00
20,7,-1.00,-1.00,-1.00,-1.00,0.1269,1.9,2.11,5.46,-29.83,2.26,-26.13,-2.85,-10.00
20,7,-1.00,-1.00,-1.00,-1.00,0.1262,2.7,2.46,6.05,-12.95,1.36,-50.62,0.01,-10.00
20,7,-1.00,-1.00,-1.00,-1.00,0.1235,2.0,2.16,5.48,47.54,-0.25,15.98,-2.98,-10.00
20,7,-1.00,-1.00,-1.00,-1.00,0.1171,1.9,2.14,5.38,-38.48,2.17,-2.70,-3.06,-10.00
20,7,-1.00,-1.00,-1.00,-1.00,0.1118,2.0,2.19,5.47,47.53,-0.30,30.65,-3.14,-10.00
20,7,-1.00,-1.00,-1.00,-1.00,0.1115,2.0,2.15,5.59,9.05,0.69,-49.56,-0.08,-10.00
20,7,-1.00,-1.00,-1.00,-1.00,0.1073,2.0,2.24,5.79,-36.33,2.19,-26.59,-1.57,-10.00
21,7,-1.00,-1.00,-1.00,-1.00,0.6797,3.0,2.51,6.61,7.49,1.38,6.35,-1.55,-10.00
21,7,-1.00,-1.00,-1.00,-1.00,0.6355,2.0,2.18,5.67,-20.13,2.08,12.62,0.06,-10.00
21,7,-1.00,-1.00,-1.00,-1.00,0.6191,1.9,2.13,5.24,-19.38,1.90,-0.59,-3.08,-10.00
21,7,-1.00,-1.00,-1.00,-1.00,0.3960,1.9,2.33,6.22,-28.68,2.05,-10.66,1.57,-10.00
21,7,-1.00,-1.00,-1.00,-1.00,0.2464,1.9,2.15,5.55,-21.03,1.37,-36.67,-3.11,-10.00
21,7,-1.00,-1.00,-1.00,-1.00,0.2235,1.9,2.19,5.42,-22.27,1.37,-39.60,-2.92,-10.00
21,7,-1.00,-1.00,-1.00,-1.00,0.2021,1.9,2.00,5.16,6.95,1.29,-8.28,-1.54,-10.00
21,7,-1.00,-1.00,-1.00,-1.00,0.1741,2.0,2.14,5.31,-42.69,1.68,-39.17,0.02,-10.00
21,7,-1.00,-1.00,-1.00,-1.00,0.1685,1.9,2.11,5.40,-22.65,1.49,-42.82,-2.93,-10.00
21,7,831.28,472.46,892.36,529.33,0.1616,2.1,2.21,5.81,1.50,2.38,50.83,-1.50,-10.00
21,7,-1.00,-1.00,-1.00,-1.00,0.1571,2.0,2.18,5.48,-37.31,2.01,-7.51,0.19,-10.00
21,7,-1.00,-1.00,-1.00,-1.00,0.1464,2.1,2.28,5.92,-22.46,1.28,-46.18,0.09,-10.00
21,7,-1.00,-1.00,-1.00,-1.00,0.1394,1.9,2.16,5.54,-31.07,2.21,-11.45,1.52,-10.00
21,7,1270.84,429.21,1440.46,493.35,0.1392,2.3,2.37,5.65,20.88,0.86,49.65,0.02,-10.00
21,7,-1.00,-1.00,-1.00,-1.00,0.1297,2.0,2.28,5.76,-36.66,2.08,-9.84,1.76,-10.00
21,7,-1.00,-1.00,-1.00,-1.00,0.1295,2.2,2.37,6.56,-43.04,1.48,-41.72,1.59,-10.00
21,7,-1.00,-1.00,-1.00,-1.00,0.1268,1.9,2.17,5.36,-21.91,1.40,-48.76,-2.92,-10.00
21,7,-1.00,-1.00,-1.00,-1.00,0.1092,1.9,2.28,6.18,-28.72,1.92,-14.68,1.68,-10.00
21,7,-1.00,-1.00,-1.00,-1.00,0.1046,2.0,2.19,5.50,-47.02,1.77,-29.82,0.00,-10.00
21,7,-1.00,-1.00,-1.00,-1.00,0.1038,1.9,2.11,5.49,-32.31,1.92,15.31,2.16,-10.00
22,7,-1.00,-1.00,-1.00,-1.00,0.7087,3.0,2.53,6.61,7.28,1.52,1.85,-1.59,-10.00
22,7,-1.00,-1.00,-1.00,-1.00,0.6186,2.0,2.19,5.64,-20.25,1.94,7.69,0.05,-10.00
22,7,-1.00,-1.00,-1.00,-1.00,0.5878,3.6,2.66,6.88,22.39,1.45,19.95,-2.97,-10.00
22,7,-1.00,-1.00,-1.00,-1.00,0.5644,1.9,2.17,5.42,-19.71,1.75,-5.37,-3.11,-10.00
22,7,533.27,425.79,646.51,530.91,0.5292,3.8,2.77,8.60,-9.24,2.39,49.93,1.58,-10.00
22,7,-1.00,-1.00,-1.00,-1.00,0.2100,2.0,2.18,5.48,-22.41,1.65,-44.50,-3.00,-10.00
22,7,-1.00,-1.00,-1.00,-1.00,0.2029,2.0,2.15,5.53,-21.77,1.40,-41.22,3.03,-10.00
22,7,-1.00,-1.00,-1.00,-1.00,0.1970,1.9,2.19,5.46,-42.28,1.16,-44.06,0.01,-10.00
22,7,-1.00,-1.00,-1.00,-1.00,0.1930,1.9,2.18,5.40,-32.58,1.85,-35.15,1.71,-10.00
22,7,828.51,470.94,892.70,530.89,0.1789,2.2,2.28,6.20,1.46,2.44,50.84,-1.49,-10.00
22,7,-1.00,-1.00,-1.00,-1.00,0.1780,2.0,2.28,5.80,-22.48,1.48,-47.85,0.10,-10.00
22,7,1350.42,378.38,1569.98,509.76,0.1496,3.4,2.76,8.17,19.03,1.11,38.37,-1.53,-10.00
22,7,0.00,475.82,94.75,566.56,0.1392,1.9,2.11,5.18,-19.76,2.16,28.52,-2.97,-10.00
22,7,-1.00,-1.00,-1.00,-1.00,0.1344,1.9,2.02,5.18,-22.33,1.12,-51.25,-3.13,-10.00
22,7,-1.00,-1.00,-1.00,-1.00,0.1289,2.3,2.31,5.99,9.46,0.43,-51.87,-1.54,-10.00
22,7,-1.00,-1.00,-1.00,-1.00,0.1276,1.8,2.02,5.11,-43.71,1.84,-33.90,-3.13,-10.00
22,7,-1.00,-1.00,-1.00,-1.00,0.1114,2.0,2.15,5.47,-48.29,1.30,-43.69,0.06,-10.00
22,7,-1.00,-1.00,-1.00,-1.00,0.1092,2.1,2.27,5.65,21.44,1.25,14.90,0.02,-10.00
22,7,-1.00,-1.00,-1.00,-1.00,0.1058,2.1,2.28,5.60,-47.63,1.79,-30.13,0.45,-10.00
22,7,-1.00,-1.00,-1.00,-1.00,0.1031,1.9,2.11,5.30,-24.27,1.67,-40.40,-3.13,-10.00
22,7,-1.00,-1.00,-1.00,-1.00,0.1003,1.9,2.09,5.43,6.88,1.38,-12.96,-1.57,-10.00
23,7,-1.00,-1.00,-1.00,-1.00,0.8430,3.8,2.96,10.03,23.85,1.20,14.82,-2.90,-10.00
23,7,493.73,412.37,622.16,522.23,0.7783,3.5,2.62,7.48,-9.45,1.81,44.95,1.63,-10.00
23,7,-1.00,-1.00,-1.00,-1.00,0.6551,2.0,2.22,5.60,-19.81,1.81,-10.27,-3.08,-10.00
23,7,-1.00,-1.00,-1.00,-1.00,0.6542,2.0,2.21,5.78,-20.38,1.88,2.72,-0.00,-10.00
23,7,-1.00,-1.00,-1.00,-1.00,0.5801,3.1,2.55,6.63,7.29,1.27,-3.21,-1.53,-10.00
23,7,-1.00,-1.00,-1.00,-1.00,0.1586,2.1,2.26,5.72,-41.39,1.99,-49.27,0.02,-10.00
23,7,-1.00,-1.00,-1.00,-1.00,0.1482,1.9,2.22,5.66,-31.41,2.12,-40.65,1.53,-10.00
23,7,818.51,485.46,875.75,541.16,0.1394,2.1,2.17,5.61,0.79,2.86,50.68,-1.57,-10.00
23,7,-1.00,-1.00,-1.00,-1.00,0.1293,2.0,2.29,5.55,-38.07,2.47,-3.03,1.54,-10.00
23,7,-1.00,-1.00,-1.00,-1.00,0.1277,1.9,2.20,5.49,-22.15,1.53,-45.84,3.00,-10.00
23,7,-1.00,-1.00,-1.00,-1.00,0.1144,1.9,2.23,5.59,-34.75,2.06,-10.20,2.85,-10.00
23,7,-1.00,-1.00,-1.00,-1.00,0.1103,2.2,2.38,6.29,3.35,1.07,-43.33,-1.56,-10.00
23,7,-1.00,-1.00,-1.00,-1.00,0.1091,1.8,2.14,5.39,-20.37,1.82,-12.67,0.04,-10.00
23,7,-1.00,-1.00,-1.00,-1.00,0.1086,1.9,2.26,5.94,-34.49,2.28,-41.11,-1.55,-10.00
23,7,-1.00,-1.00,-1.00,-1.00,0.1052,2.0,2.14,5.63,26.82,0.22,21.67,-3.11,-10.00
23,7,1017.69,460.27,1193.92,521.18,0.1049,1.9,2.06,5.32,9.22,1.67,41.68,3.09,-10.00
23,7,-1.00,-1.00,-1.00,-1.00,0.1040,1.9,2.14,5.50,-34.49,2.12,-3.24,0.96,-10.00
23,7,-1.00,-1.00,-1.00,-1.00,0.1039,1.9,2.19,5.66,-30.46,1.46,-16.52,1.61,-10.00
23,7,-1.00,-1.00,-1.00,-1.00,0.1035,1.9,2.23,5.53,-34.76,2.04,-7.93,3.12,-10.00
24,7,-1.00,-1.00,-1.00,-1.00,0.9043,3.8,2.96,10.42,24.06,1.19,9.85,-2.95,-10.00
24,7,-1.00,-1.00,-1.00,-1.00,0.7954,3.2,2.55,6.76,7.18,1.26,-8.04,-1.52,-10.00
24,7,448.46,420.52,602.41,538.76,0.7350,3.4,2.61,7.49,-9.40,2.18,40.05,1.65,-10.00
24,7,-1.00,-1.00,-1.00,-1.00,0.5535,2.0,2.15,5.40,-20.06,1.44,-15.22,-3.11,-10.00
24,7,-1.00,-1.00,-1.00,-1.00,0.3506,2.0,2.16,5.66,-20.25,2.00,-2.28,-0.02,-10.00
24,7,-1.00,-1.00,-1.00,-1.00,0.1872,2.0,2.22,5.69,6.77,1.02,-23.13,-1.52,-10.00
24,7,1047.14,450.30,1153.36,523.76,0.1724,2.0,2.15,5.36,8.19,1.59,38.02,-1.54,-10.00
24,7,-1.00,-1.00,-1.00,-1.00,0.1503,2.1,2.31,5.94,-22.43,1.44,-50.79,-1.13,-10.00
24,7,-1.00,-1.00,-1.00,-1.00,0.1492,2.4,2.53,6.15,50.97,0.38,16.29,1.48,-10.00
24,7,-1.00,-1.00,-1.00,-1.00,0.1397,2.0,2.16,5.63,-37.79,1.46,40.33,3.11,-10.00
24,7,-1.00,-1.00,-1.00,-1.00,0.1367,1.9,2.21,5.70,-34.71,2.13,-8.11,0.97,-10.00
24,7,-1.00,-1.00,-1.00,-1.00,0.1234,2.0,2.18,5.77,-30.39,1.95,-44.49,-3.03,-10.00
24,7,-1.00,-1.00,-1.00,-1.00,0.1146,2.2,2.35,5.51,51.35,-0.76,-22.25,-2.98,-10.00
24,7,816.84,469.60,875.79,524.74,0.1130,2.0,2.22,5.91,0.73,2.17,50.68,-1.58,-10.00
24,7,-1.00,-1.00,-1.00,-1.00,0.1127,2.3,2.35,5.54,-22.17,1.18,-23.56,3.11,-10.00
24,7,-1.00,-1.00,-1.00,-1.00,0.1126,1.9,2.14,5.49,-26.10,1.51,-49.05,-3.07,-10.00
24,7,-1.00,-1.00,-1.00,-1.00,0.1105,1.9,2.02,5.09,-36.88,1.62,-24.31,1.83,-10.00
24,7,1025.98,455.43,1107.91,517.10,0.1101,2.0,2.13,5.67,8.68,1.66,45.76,-1.52,-10.00
24,7,300.61,426.34,460.59,525.93,0.1067,3.4,2.79,8.40,-16.97,2.11,48.43,1.62,-10.00
24,7,-1.00,-1.00,-1.00,-1.00,0.1045,2.0,2.28,5.82,-33.63,2.07,0.34,1.72,-10.00
24,7,-1.00,-1.00,-1.00,-1.00,0.1026,2.2,2.29,5.50,10.63,1.26,-8.24,-1.61,-10.00
24,7,-1.00,-1.00,-1.00,-1.00,0.1001,1.9,2.19,5.50,-39.17,1.46,-24.78,1.65,-10.00
25,7,-1.00,-1.00,-1.00,-1.00,0.9350,4.0,2.94,10.17,23.74,1.19,4.90,-2.93,-10.00
25,7,-1.00,-1.00,-1.00,-1.00,0.8667,3.0,2.59,6.64,7.10,1.21,-13.17,-1.52,-10.00
25,7,-1.00,-1.00,-1.00,-1.00,0.5681,2.0,2.18,5.54,-19.91,1.68,-20.22,-3.11,-10.00
25,7,379.47,425.70,566.06,550.11,0.5225,3.1,2.66,6.94,-9.50,2.16,34.55,1.66,-10.00
25,7,-1.00,-1.00,-1.00,-1.00,0.3784,2.1,2.18,5.62,-22.28,1.23,-28.60,3.13,-10.00
25,7,-1.00,-1.00,-1.00,-1.00,0.3103,1.9,2.10,5.56,-20.37,1.90,-7.22,-0.04,-10.00
25,7,-1.00,-1.00,-1.00,-1.00,0.2076,1.8,2.12,5.35,-20.68,1.63,-22.72,-3.11,-10.00
25,7,1164.69,440.06,1308.25,527.17,0.1925,2.0,2.06,5.39,10.44,1.44,32.39,1.60,-10.00
25,7,826.33,484.93,891.47,538.41,0.1290,2.0,2.12,5.43,1.37,2.76,50.79,-1.45,-10.00
25,7,-1.00,-1.00,-1.00,-1.00,0.1289,2.7,2.53,6.14,-41.03,2.26,23.42,-2.97,-10.00
25,7,1069.97,438.13,1194.75,523.13,0.1280,2.0,2.15,5.58,7.94,1.36,33.14,-1.52,-10.00
25,7,-1.00,-1.00,-1.00,-1.00,0.1233,2.0,2.20,5.40,50.57,-0.29,-8.20,0.16,-10.00
25,7,1053.86,451.63,1145.77,519.45,0.1188,2.0,2.17,5.67,8.86,1.57,41.12,-1.49,-10.00
25,7,1025.47,446.28,1108.95,508.99,0.1064,2.0,2.27,5.71,8.77,1.36,46.18,-1.51,-10.00
25,7,-1.00,-1.00,-1.00,-1.00,0.1045,1.9,2.17,5.56,-34.59,2.26,-13.17,1.16,-10.00
25,7,-1.00,-1.00,-1.00,-1.00,0.1035,2.2,2.41,6.30,2.76,1.00,-41.88,-1.57,-10.00
25,7,-1.00,-1.00,-1.00,-1.00,0.1027,2.0,2.23,5.52,-33.26,2.05,-2.80,1.47,-10.00
25,7,-1.00,-1.00,-1.00,-1.00,0.1012,2.0,2.11,5.60,27.07,0.94,11.60,0.09,-10.00
26,7,-1.00,-1.00,-1.00,-1.00,0.9121,3.9,2.93,10.03,23.49,0.97,-0.30,-2.92,-10.00
26,7,-1.00,-1.00,-1.00,-1.00,0.6629,3.1,2.66,7.42,6.93,1.29,-18.56,-1.53,-10.00
26,7,-1.00,-1.00,-1.00,-1.00,0.6505,2.0,2.20,5.69,-20.58,1.81,-12.37,-0.02,-10.00
26,7,292.25,408.18,517.51,557.50,0.5331,3.1,2.58,6.88,-9.70,2.01,29.72,1.64,-10.00
26,7,-1.00,-1.00,-1.00,-1.00,0.4873,2.0,2.12,5.62,6.59,1.14,-33.11,-1.50,-10.00
26,7,-1.00,-1.00,-1.00,-1.00,0.4516,2.0,2.14,5.36,-20.00,1.49,-25.25,-3.09,-10.00
26,7,-1.00,-1.00,-1.00,-1.00,0.2765,1.9,2.06,5.15,-22.16,1.32,-33.64,3.14,-10.00
26,7,-1.00,-1.00,-1.00,-1.00,0.2327,2.1,2.30,6.01,-26.42,1.81,5.96,-3.08,-10.00
26,7,1105.93,434.31,1253.79,530.83,0.2323,1.9,2.07,5.18,7.81,1.35,28.27,-1.52,-10.00
26,7,-1.00,-1.00,-1.00,-1.00,0.1981,1.9,2.09,5.48,-20.68,1.25,-30.40,3.14,-10.00
26,7,-1.00,-1.00,-1.00,-1.00,0.1904,1.8,2.13,5.23,-20.67,1.43,-27.64,-3.08,-10.00
26,7,-1.00,-1.00,-1.00,-1.00,0.1441,3.0,3.03,7.88,-50.40,4.20,18.27,1.79,-10.00
26,7,1142.80,436.53,1451.07,541.94,0.1425,2.1,2.22,5.66,9.82,1.50,26.58,-3.09,-10.00
26,7,-1.00,-1.00,-1.00,-1.00,0.1305,1.9,2.18,5.63,-17.06,2.21,-42.05,0.03,-10.00
26,7,-1.00,-1.00,-1.00,-1.00,0.1195,2.0,2.15,5.44,-27.47,1.47,7.50,-2.96,-10.00
26,7,-1.00,-1.00,-1.00,-1.00,0.1180,2.0,2.18,5.32,21.21,0.60,-39.60,3.13,-10.00
26,7,-1.00,-1.00,-1.00,-1.00,0.1115,2.3,2.45,6.89,-27.05,2.11,2.06,-1.73,-10.00
26,7,-1.00,-1.00,-1.00,-1.00,0.1113,2.2,2.19,5.68,-38.40,1.80,31.63,-0.86,-10.00
26,7,826.33,472.91,889.70,527.77,0.1090,2.0,2.11,5.66,1.33,2.30,50.50,-1.47,-10.00
26,7,-1.00,-1.00,-1.00,-1.00,0.1086,1.9,2.22,5.86,-26.89,1.54,-4.05,1.54,-10.00
26,7,-1.00,-1.00,-1.00,-1.00,0.1082,2.0,2.09,5.44,8.34,-0.81,-47.50,-3.07,-10.00
26,7,-1.00,-1.00,-1.00,-1.00,0.1077,2.0,2.17,5.57,-17.73,0.98,-33.66,3.08,-10.00
26,7,-1.00,-1.00,-1.00,-1.00,0.1061,2.0,2.25,6.09,41.61,0.57,-3.35,1.89,-10.00
26,7,-1.00,-1.00,-1.00,-1.00,0.1026,2.0,2.12,5.47,7.87,0.04,-44.38,0.13,-10.00
26,7,1058.74,458.05,1151.25,525.95,0.1022,1.9,2.08,5.46,8.78,1.75,40.00,-1.50,-10.00
27,7,-1.00,-1.00,-1.00,-1.00,0.8117,4.0,2.99,10.78,23.47,1.11,-5.51,-2.92,-10.00
27,7,-1.00,-1.00,-1.00,-1.00,0.7065,2.0,2.14,5.38,-20.06,1.45,-30.52,-3.11,-10.00
27,7,152.43,384.36,466.38,576.97,0.6124,3.2,2.62,7.12,-9.69,1.97,24.53,1.67,-10.00
27,7,-1.00,-1.00,-1.00,-1.00,0.5059,3.1,2.60,7.01,6.82,1.14,-23.64,-1.53,-10.00
27,7,-1.00,-1.00,-1.00,-1.00,0.3612,2.0,2.29,5.76,6.73,1.14,-38.00,-1.50,-10.00
27,7,1155.32,427.55,1362.39,550.41,0.2296,2.0,2.11,5.50,7.73,1.45,23.10,1.62,-10.00
27,7,-1.00,-1.00,-1.00,-1.00,0.2273,1.8,2.10,5.28,-21.09,1.45,-35.59,-3.12,-10.00
27,7,-1.00,-1.00,-1.00,-1.00,0.2208,1.9,2.05,4.89,-22.08,1.51,-38.88,-3.11,-10.00
27,7,-1.00,-1.00,-1.00,-1.00,0.1732,2.0,2.13,5.35,-20.57,1.56,-32.90,-3.11,-10.00
27,7,1021.91,441.45,1190.49,499.00,0.1595,2.0,2.15,5.65,10.25,1.02,46.19,-0.07,-10.00
27,7,-1.00,-1.00,-1.00,-1.00,0.1398,1.9,2.16,5.52,-26.61,1.89,-8.99,1.29,-10.00
27,7,-1.00,-1.00,-1.00,-1.00,0.1391,1.9,2.08,5.32,-20.17,1.79,-17.60,-0.11,-10.00
27,7,1054.55,444.65,1139.48,513.28,0.1307,2.0,2.16,5.77,8.91,1.38,41.76,-1.46,-10.00
27,7,-1.00,-1.00,-1.00,-1.00,0.1243,2.2,2.34,6.23,2.50,1.06,-41.13,-1.57,-10.00
27,7,827.22,477.88,890.45,529.58,0.1232,1.9,2.02,5.26,1.36,2.38,50.52,-1.45,-10.00
27,7,-1.00,-1.00,-1.00,-1.00,0.1207,2.1,2.25,5.67,46.09,0.29,-2.12,-1.46,-10.00
27,7,-1.00,-1.00,-1.00,-1.00,0.1038,2.4,2.32,5.49,-40.51,2.44,16.56,0.18,-10.00
27,7,-1.00,-1.00,-1.00,-1.00,0.1019,1.9,2.22,5.59,43.26,0.44,-0.66,1.78,-10.00
28,7,-1.00,-1.00,-1.00,-1.00,0.8459,3.9,2.99,10.76,23.28,0.76,-10.39,-2.95,-10.00
28,7,-1.00,-1.00,-1.00,-1.00,0.7938,3.1,2.69,6.91,6.85,1.00,-28.60,-1.51,-10.00
28,7,0.00,350.60,368.87,601.57,0.5325,3.2,2.62,6.88,-9.87,1.86,19.47,1.63,-10.00
28,7,-1.00,-1.00,-1.00,-1.00,0.2687,1.8,2.10,5.26,-20.30,1.55,-33.03,-3.07,-10.00
28,7,-1.00,-1.00,-1.00,-1.00,0.2342,1.8,2.10,5.02,-20.97,1.59,-35.28,-3.11,-10.00
28,7,-1.00,-1.00,-1.00,-1.00,0.2023,2.0,2.11,5.27,-22.72,0.87,-43.96,3.14,-10.00
28,7,-1.00,-1.00,-1.00,-1.00,0.1699,2.0,2.04,5.30,-20.95,1.37,-38.35,-3.08,-10.00
28,7,-1.00,-1.00,-1.00,-1.00,0.1640,2.0,2.10,5.46,21.99,0.42,-51.58,-1.64,-10.00
28,7,433.50,479.83,560.22,542.70,0.1629,1.8,2.14,5.83,-10.15,2.25,39.11,1.62,-10.00
28,7,-1.00,-1.00,-1.00,-1.00,0.1378,1.9,2.11,5.44,-21.07,1.27,-40.59,-3.12,-10.00
28,7,-1.00,-1.00,-1.00,-1.00,0.1370,2.5,2.48,6.01,-50.59,3.77,7.76,-1.39,-10.00
28,7,-1.00,-1.00,-1.00,-1.00,0.1348,2.0,2.27,5.81,-36.07,2.44,-25.87,1.06,-10.00
28,7,-1.00,-1.00,-1.00,-1.00,0.1295,3.5,3.04,8.32,35.91,0.07,-2.05,0.16,-10.00
28,7,1249.93,409.55,1534.89,569.96,0.1293,1.9,2.02,5.12,7.72,1.34,17.76,-1.49,-10.00
28,7,-1.00,-1.00,-1.00,-1.00,0.1288,1.8,2.10,5.47,-20.51,1.95,-22.32,-0.02,-10.00
28,7,-1.00,-1.00,-1.00,-1.00,0.1286,1.8,2.09,5.50,-19.93,1.75,-24.74,-0.03,-10.00
28,7,-1.00,-1.00,-1.00,-1.00,0.1250,1.9,2.00,5.33,6.79,1.00,-42.83,-1.63,-10.00
28,7,1037.98,448.38,1129.10,513.80,0.1207,2.0,2.15,5.51,8.69,1.43,42.87,-1.53,-10.00
28,7,-1.00,-1.00,-1.00,-1.00,0.1177,2.6,2.48,6.21,35.54,0.14,7.97,0.03,-10.00
28,7,828.31,477.54,890.52,532.63,0.1175,2.1,2.10,5.54,1.39,2.51,50.58,-1.47,-10.00
28,7,-1.00,-1.00,-1.00,-1.00,0.1148,2.2,2.26,5.71,26.57,0.73,-4.78,0.22,-10.00
28,7,-1.00,-1.00,-1.00,-1.00,0.1139,2.9,2.80,7.19,41.69,0.00,-3.44,0.17,-10.00
28,7,-1.00,-1.00,-1.00,-1.00,0.1085,2.5,2.65,6.49,48.92,-0.19,-6.90,-1.55,-10.00
28,7,-1.00,-1.00,-1.00,-1.00,0.1038,2.0,2.23,5.96,-0.62,1.03,-30.07,-1.54,-10.00
29,7,-1.00,-1.00,-1.00,-1.00,0.9266,4.0,2.98,10.63,23.28,0.41,-15.49,-2.94,-10.00
29,7,0.00,339.78,240.22,693.34,0.8744,3.1,2.67,6.83,-9.83,2.12,14.37,1.63,-10.00
29,7,-1.00,-1.00,-1.00,-1.00,0.8242,3.3,2.63,6.98,6.64,0.68,-33.62,-1.51,-10.00
29,7,1370.15,373.83,1600.00,614.36,0.4086,2.0,2.00,5.06,7.62,1.32,12.92,-1.52,-10.00
29,7,-1.00,-1.00,-1.00,-1.00,0.3490,2.6,2.44,6.43,-24.31,2.58,14.66,1.60,-10.00
29,7,-1.00,-1.00,-1.00,-1.00,0.2629,1.9,2.05,5.08,-22.30,0.64,-48.86,-3.14,-10.00
29,7,456.16,479.83,571.35,543.51,0.2335,1.9,2.07,5.60,-9.91,2.34,40.20,1.61,-10.00
29,7,-1.00,-1.00,-1.00,-1.00,0.2192,2.0,2.12,5.44,-20.56,1.39,-35.33,-3.11,-10.00
29,7,-1.00,-1.00,-1.00,-1.00,0.1831,1.9,2.23,5.52,-20.95,1.28,-40.28,-3.12,-10.00
29,7,1066.55,458.09,1165.66,528.99,0.1746,1.9,2.07,5.51,8.66,1.76,37.95,-1.50,-10.00
29,7,-1.00,-1.00,-1.00,-1.00,0.1700,1.8,2.13,5.02,-20.80,0.99,-37.71,-3.09,-10.00
29,7,-1.00,-1.00,-1.00,-1.00,0.1632,1.9,2.13,5.30,-19.92,1.05,-32.45,-3.03,-10.00
29,7,-1.00,-1.00,-1.00,-1.00,0.1425,2.7,2.45,6.48,-31.94,2.02,7.98,1.41,-10.00
29,7,1095.70,441.31,1211.69,525.46,0.1406,1.9,1.99,5.29,8.27,1.39,32.17,-1.48,-10.00
29,7,-1.00,-1.00,-1.00,-1.00,0.1403,2.4,2.51,6.89,-18.77,1.19,-43.11,-1.57,-10.00
29,7,1035.69,444.53,1120.24,510.50,0.1248,2.0,2.17,5.77,8.64,1.34,43.58,-1.49,-10.00
29,7,-1.00,-1.00,-1.00,-1.00,0.1225,1.8,2.02,5.09,-20.43,0.78,-43.27,-3.11,-10.00
29,7,640.92,459.99,726.89,517.18,0.1031,1.9,2.15,5.77,-5.38,1.75,48.09,1.66,-10.00
29,7,-1.00,-1.00,-1.00,-1.00,0.1030,2.2,2.41,6.65,-18.65,1.44,-37.49,1.60,-10.00
30,7,-1.00,-1.00,-1.00,-1.00,0.9307,3.9,2.96,11.00,23.28,0.34,-20.54,-2.94,-10.00
30,7,-1.00,-1.00,-1.00,-1.00,0.6056,3.1,2.63,6.84,-9.92,2.03,9.37,1.61,-10.00
30,7,-1.00,-1.00,-1.00,-1.00,0.3890,3.3,2.73,7.93,6.68,0.72,-38.89,-1.55,-10.00
30,7,-1.00,-1.00,-1.00,-1.00,0.3595,2.2,2.33,6.09,-24.47,1.95,9.54,1.66,-10.00
30,7,540.48,436.49,657.03,535.22,0.2880,3.0,2.61,7.11,-7.39,2.14,41.58,1.56,-10.00
30,7,-1.00,-1.00,-1.00,-1.00,0.2515,2.1,2.33,6.13,-18.58,1.46,-42.85,-1.54,-10.00
30,7,1089.38,453.95,1219.06,535.43,0.1853,1.9,2.09,5.58,8.52,1.71,33.15,-1.54,-10.00
30,7,-1.00,-1.00,-1.00,-1.00,0.1702,1.9,2.13,5.28,-20.60,1.05,-43.17,-3.11,-10.00
30,7,-1.00,-1.00,-1.00,-1.00,0.1599,1.9,2.06,5.53,-19.60,1.22,-37.61,-3.11,-10.00
30,7,-1.00,-1.00,-1.00,-1.00,0.1514,1.9,2.17,5.72,-20.98,1.50,-32.70,-3.11,-10.00
30,7,-1.00,-1.00,-1.00,-1.00,0.1467,2.0,2.15,5.50,42.05,-0.44,-25.43,-3.01,-10.00
30,7,1046.09,454.27,1150.39,527.97,0.1461,2.0,2.19,5.60,8.28,1.76,38.73,-1.53,-10.00
30,7,-1.00,-1.00,-1.00,-1.00,0.1419,2.0,2.20,5.65,-42.29,3.38,28.20,-1.59,-10.00
30,7,-1.00,-1.00,-1.00,-1.00,0.1368,1.9,2.30,5.65,-23.72,1.93,-32.53,1.62,-10.00
30,7,-1.00,-1.00,-1.00,-1.00,0.1367,1.9,2.09,5.22,-20.34,1.17,-40.49,0.04,-10.00
30,7,826.41,473.82,882.26,530.43,0.1213,2.1,2.10,5.26,1.06,2.41,50.59,-1.57,-10.00
30,7,453.24,477.76,568.38,541.99,0.1133,1.9,2.12,5.58,-10.05,2.30,40.38,1.61,-10.00
30,7,-1.00,-1.00,-1.00,-1.00,0.1051,1.9,2.08,5.46,-40.46,1.63,-14.36,1.64,-10.00
30,7,-1.00,-1.00,-1.00,-1.00,0.1042,2.1,2.44,6.39,18.68,0.48,-33.96,-2.95,-10.00
31,7,-1.00,-1.00,-1.00,-1.00,0.9364,4.0,3.00,10.86,22.94,0.33,-25.38,-2.96,-10.00
31,7,-1.00,-1.00,-1.00,-1.00,0.8582,3.1,2.62,6.72,-10.06,1.97,4.32,1.60,-10.00
31,7,-1.00,-1.00,-1.00,-1.00,0.5122,2.6,2.49,6.45,-24.42,2.24,4.59,1.63,-10.00
31,7,499.35,458.16,637.07,543.96,0.3898,2.3,2.33,6.31,-7.45,2.16,36.96,-1.50,-10.00
31,7,-1.00,-1.00,-1.00,-1.00,0.3362,3.1,2.67,7.19,6.52,0.62,-43.83,-1.52,-10.00
31,7,-1.00,-1.00,-1.00,-1.00,0.1991,2.1,2.22,5.57,-20.21,1.11,-48.47,-3.06,-10.00
31,7,1092.37,434.32,1234.03,523.88,0.1312,2.0,2.14,5.60,8.32,1.31,31.56,-1.55,-10.00
31,7,-1.00,-1.00,-1.00,-1.00,0.1262,1.9,2.13,5.35,-20.65,1.46,-45.15,-3.08,-10.00
31,7,-1.00,-1.00,-1.00,-1.00,0.1258,1.8,2.06,5.01,-20.39,1.15,-42.36,-3.06,-10.00
32,7,-1.00,-1.00,-1.00,-1.00,0.8318,3.9,3.06,11.00,23.22,0.08,-30.32,-2.92,-10.00
32,7,-1.00,-1.00,-1.00,-1.00,0.5328,2.9,2.57,6.70,-10.05,1.75,-0.51,1.60,-10.00
32,7,-1.00,-1.00,-1.00,-1.00,0.4574,3.4,2.75,9.67,6.43,1.16,-49.58,-1.53,-10.00
32,7,431.51,422.78,618.72,560.79,0.4473,3.1,2.63,6.98,-7.48,2.25,32.15,1.65,-10.00
32,7,1108.85,444.38,1267.98,535.74,0.4459,1.9,2.07,5.57,8.25,1.51,29.18,-1.57,-10.00
32,7,-1.00,-1.00,-1.00,-1.00,0.2950,3.1,2.62,7.24,-24.47,2.24,0.34,1.71,-10.00
32,7,-1.00,-1.00,-1.00,-1.00,0.1616,2.0,2.17,5.58,-20.72,1.52,-50.39,-3.12,-10.00
32,7,-1.00,-1.00,-1.00,-1.00,0.1583,2.0,2.29,6.01,19.83,0.54,-44.05,0.19,-10.00
32,7,304.52,467.78,471.41,559.32,0.1359,2.0,2.18,5.78,-10.47,2.11,30.47,1.54,-10.00
32,7,-1.00,-1.00,-1.00,-1.00,0.1356,2.0,2.15,5.78,-22.32,2.60,25.52,1.70,-10.00
32,7,-1.00,-1.00,-1.00,-1.00,0.1159,3.3,2.95,8.35,33.65,-0.37,-20.58,1.59,-10.00
32,7,-1.00,-1.00,-1.00,-1.00,0.1013,2.3,2.43,6.16,29.81,-1.10,-16.67,3.14,-10.00
33,7,340.08,419.21,586.60,578.68,0.8311,3.0,2.71,7.48,-7.63,2.26,27.55,1.65,-10.00
33,7,-1.00,-1.00,-1.00,-1.00,0.5839,4.0,3.00,10.80,22.90,0.21,-35.01,-2.90,-10.00
33,7,-1.00,-1.00,-1.00,-1.00,0.5595,2.8,2.59,6.69,-10.18,1.79,-5.20,1.60,-10.00
33,7,1148.08,437.98,1350.31,549.81,0.5182,1.9,2.08,5.63,8.13,1.54,24.78,-1.56,-10.00
33,7,-1.00,-1.00,-1.00,-1.00,0.1869,2.8,2.73,7.78,6.16,0.82,-52.40,-1.48,-10.00
33,7,216.40,476.95,420.27,579.61,0.1668,1.9,2.02,5.24,-10.29,2.17,25.90,1.58,-10.00
33,7,-1.00,-1.00,-1.00,-1.00,0.1586,2.5,2.31,5.75,-42.64,1.97,34.95,-1.86,-10.00
33,7,-1.00,-1.00,-1.00,-1.00,0.1395,2.0,2.27,5.54,-40.82,3.36,19.78,-1.48,-10.00
33,7,-1.00,-1.00,-1.00,-1.00,0.1330,2.5,2.53,5.99,-38.09,2.17,-26.21,0.15,-10.00
33,7,287.19,455.33,405.65,514.45,0.1141,2.1,2.16,5.71,-19.28,1.73,50.65,-1.48,-10.00
33,7,-1.00,-1.00,-1.00,-1.00,0.1140,1.8,2.18,5.62,-13.80,1.78,-41.55,1.66,-10.00
33,7,-1.00,-1.00,-1.00,-1.00,0.1052,2.3,2.42,6.33,2.50,1.10,-39.05,-1.55,-10.00
33,7,-1.00,-1.00,-1.00,-1.00,0.1001,2.0,2.21,5.58,26.07,0.01,-2.11,-1.48,-10.00
34,7,230.75,403.04,535.81,600.74,0.8412,3.0,2.71,7.15,-7.70,2.21,22.99,1.62,-10.00
34,7,-1.00,-1.00,-1.00,-1.00,0.5123,3.0,2.60,6.69,-10.43,1.71,-9.69,1.67,-10.00
34,7,-1.00,-1.00,-1.00,-1.00,0.3605,3.6,2.97,8.56,22.46,0.26,-39.22,-2.92,-10.00
34,7,-1.00,-1.00,-1.00,-1.00,0.3218,1.9,2.12,5.68,-22.55,2.62,16.23,1.62,-10.00
34,7,-1.00,-1.00,-1.00,-1.00,0.2076,2.4,2.35,5.82,18.49,0.49,-18.40,-1.63,-10.00
34,7,-1.00,-1.00,-1.00,-1.00,0.1988,2.2,2.35,5.94,-25.80,1.43,-33.58,0.15,-10.00
34,7,-1.00,-1.00,-1.00,-1.00,0.1943,2.0,2.29,5.72,-24.65,3.15,22.63,-1.62,-10.00
34,7,1231.00,418.85,1497.73,560.67,0.1933,1.9,2.11,5.63,8.19,1.37,19.81,-1.50,-10.00
34,7,-1.00,-1.00,-1.00,-1.00,0.1604,1.9,2.01,5.32,7.13,1.24,-11.31,-1.49,-10.00
34,7,-1.00,-1.00,-1.00,-1.00,0.1455,2.0,2.24,5.46,-22.93,2.52,10.13,-1.56,-10.00
34,7,-1.00,-1.00,-1.00,-1.00,0.1220,1.9,2.21,5.47,-13.88,1.59,-45.95,1.64,-10.00
34,7,-1.00,-1.00,-1.00,-1.00,0.1208,1.9,2.13,5.51,24.11,0.05,-7.59,1.59,-10.00
34,7,-1.00,-1.00,-1.00,-1.00,0.1177,1.9,2.20,5.98,-40.83,3.33,14.17,-1.49,-10.00
34,7,-1.00,-1.00,-1.00,-1.00,0.1173,2.1,2.27,5.74,-24.70,1.63,-10.30,1.64,-10.00
34,7,-1.00,-1.00,-1.00,-1.00,0.1156,2.1,2.23,5.74,-44.24,1.04,33.92,-2.96,-10.00
34,7,-1.00,-1.00,-1.00,-1.00,0.1121,3.0,2.70,8.40,2.12,0.76,-43.70,1.58,-10.00
34,7,1269.68,404.02,1495.23,482.80,0.1107,2.6,2.57,7.11,20.46,0.38,46.41,-3.10,-10.00
34,7,55.37,463.74,355.66,601.12,0.1076,2.0,2.26,6.03,-10.42,2.11,21.76,1.56,-10.00
35,7,36.12,382.71,473.61,641.49,0.8879,3.0,2.74,8.04,-7.92,2.24,18.90,1.59,-10.00
35,7,-1.00,-1.00,-1.00,-1.00,0.6083,2.9,2.58,6.66,-10.49,1.76,-14.19,1.66,-10.00
35,7,-1.00,-1.00,-1.00,-1.00,0.5562,1.9,2.14,5.61,7.00,1.11,-15.92,-1.47,-10.00
35,7,1305.65,392.94,1600.00,590.80,0.4826,2.0,2.15,5.75,8.04,1.39,15.72,-1.50,-10.00
35,7,-1.00,-1.00,-1.00,-1.00,0.3236,3.7,3.00,8.45,22.57,-0.05,-43.94,-2.89,-10.00
35,7,-1.00,-1.00,-1.00,-1.00,0.2963,2.0,2.26,5.93,-33.64,2.99,-0.63,-1.56,-10.00
35,7,-1.00,-1.00,-1.00,-1.00,0.2554,2.0,2.15,5.55,-22.78,2.70,5.64,1.60,-10.00
35,7,1000.22,459.53,1080.77,517.68,0.1612,2.1,2.15,5.41,8.43,1.84,49.90,-1.59,-10.00
35,7,1423.30,409.53,1600.00,483.48,0.1598,2.4,2.36,6.43,25.41,0.41,45.32,-3.12,-10.00
35,7,0.00,510.44,209.81,670.83,0.1503,1.8,2.01,5.39,-10.72,2.46,17.27,1.51,-10.00
35,7,-1.00,-1.00,-1.00,-1.00,0.1446,1.9,2.19,5.48,-22.66,2.84,11.66,1.66,-10.00
35,7,-1.00,-1.00,-1.00,-1.00,0.1374,3.3,2.83,7.63,-24.90,2.41,-41.03,-1.50,-10.00
35,7,-1.00,-1.00,-1.00,-1.00,0.1244,2.0,2.23,5.48,-26.55,1.77,18.57,0.00,-10.00
35,7,-1.00,-1.00,-1.00,-1.00,0.1075,2.1,2.15,5.66,-43.61,2.97,3.42,-3.06,-10.00
35,7,-1.00,-1.00,-1.00,-1.00,0.1023,2.1,2.32,5.97,-24.48,1.70,20.04,1.61,-10.00
36,7,0.00,279.87,396.80,671.23,0.7857,3.2,2.76,8.36,-7.92,1.86,14.46,1.61,-10.00
36,7,-1.00,-1.00,-1.00,-1.00,0.6065,2.9,2.58,6.60,-10.46,2.05,-18.47,1.64,-10.00
36,7,1427.80,332.05,1600.00,624.74,0.5161,2.0,2.16,5.84,7.92,1.21,11.55,-1.51,-10.00
36,7,-1.00,-1.00,-1.00,-1.00,0.3554,2.0,2.11,5.60,6.99,1.58,-20.09,-1.55,-10.00
36,7,1020.99,437.61,1117.21,510.81,0.3306,2.2,2.28,5.70,8.36,1.35,43.77,-1.56,-10.00
36,7,828.10,449.10,890.78,513.53,0.1946,2.3,2.30,6.01,1.40,1.69,50.76,-1.51,-10.00
36,7,1017.12,412.42,1117.92,510.64,0.1864,3.2,2.69,8.63,9.05,1.45,47.98,1.64,-10.00
36,7,-1.00,-1.00,-1.00,-1.00,0.1793,2.1,2.34,5.68,21.21,-0.62,-47.46,1.79,-10.00
36,7,503.42,453.61,612.72,514.06,0.1729,1.9,2.21,5.85,-9.77,1.56,46.14,1.68,-10.00
36,7,-1.00,-1.00,-1.00,-1.00,0.1273,1.9,2.18,5.71,13.73,0.27,-37.70,-0.88,-10.00
36,7,-1.00,-1.00,-1.00,-1.00,0.1164,1.9,2.16,5.69,-23.13,2.29,2.26,-1.58,-10.00
37,7,0.00,224.93,269.52,860.64,0.7895,3.2,2.83,8.31,-8.07,2.16,10.42,1.61,-10.00
37,7,-1.00,-1.00,-1.00,-1.00,0.5385,2.0,2.13,5.81,7.86,1.34,7.41,-1.52,-10.00
37,7,1030.57,456.91,1122.51,520.06,0.3646,1.9,2.00,5.49,8.33,1.64,42.28,-1.56,-10.00
37,7,-1.00,-1.00,-1.00,-1.00,0.2649,1.9,2.09,5.47,7.00,1.18,-24.24,-1.52,-10.00
37,7,-1.00,-1.00,-1.00,-1.00,0.2549,2.8,2.59,6.59,-10.48,1.90,-22.67,1.64,-10.00
37,7,-1.00,-1.00,-1.00,-1.00,0.1585,3.0,2.64,6.98,18.09,-0.01,-37.24,-3.10,-10.00
37,7,811.30,464.77,872.70,524.00,0.1504,2.2,2.31,6.16,0.65,2.14,50.64,-1.55,-10.00
37,7,1366.37,398.08,1600.00,496.80,0.1432,2.9,2.45,6.55,21.12,0.79,40.07,0.03,-10.00
37,7,-1.00,-1.00,-1.00,-1.00,0.1306,3.3,2.71,7.83,28.31,0.21,-0.57,1.63,-10.00
37,7,-1.00,-1.00,-1.00,-1.00,0.1196,2.3,2.21,5.58,-41.62,1.06,5.53,-3.09,-10.00
37,7,-1.00,-1.00,-1.00,-1.00,0.1104,2.1,2.28,6.41,10.25,0.59,-41.29,1.40,-10.00
37,7,-1.00,-1.00,-1.00,-1.00,0.1080,1.9,2.22,5.62,-26.53,2.31,9.27,-1.66,-10.00
37,7,-1.00,-1.00,-1.00,-1.00,0.1080,3.5,2.80,8.27,24.81,0.94,-3.00,-1.46,-10.00
37,7,-1.00,-1.00,-1.00,-1.00,0.1069,1.9,2.27,5.47,-23.03,2.36,-3.09,1.62,-10.00
38,7,0.00,0.00,65.42,900.00,0.8821,3.1,2.79,8.39,-8.09,2.13,6.57,1.61,-10.00
38,7,-1.00,-1.00,-1.00,-1.00,0.6299,2.0,2.13,5.85,7.77,1.31,3.36,-1.51,-10.00
38,7,1042.61,454.97,1146.28,525.16,0.5397,1.9,2.10,5.26,8.01,1.63,37.97,-1.55,-10.00
38,7,-1.00,-1.00,-1.00,-1.00,0.4672,2.8,2.59,6.58,-10.62,1.40,-26.64,1.64,-10.00
38,7,-1.00,-1.00,-1.00,-1.00,0.2436,2.0,2.21,5.71,19.38,0.89,18.59,0.00,-10.00
38,7,-1.00,-1.00,-1.00,-1.00,0.1846,1.9,2.28,5.69,-22.95,2.42,-7.39,-1.60,-10.00
38,7,1013.18,459.78,1110.25,523.83,0.1736,2.1,2.21,5.69,8.26,1.87,44.61,-1.60,-10.00
38,7,1387.53,424.90,1600.00,491.39,0.1584,2.2,2.35,6.31,23.98,0.70,45.25,-3.10,-10.00
38,7,-1.00,-1.00,-1.00,-1.00,0.1162,1.9,2.11,5.72,7.18,0.68,-28.36,-1.56,-10.00
38,7,-1.00,-1.00,-1.00,-1.00,0.1038,2.3,2.30,5.92,17.64,0.58,15.81,-1.51,-10.00
38,7,-1.00,-1.00,-1.00,-1.00,0.1033,1.9,2.24,5.40,-33.94,3.19,-1.58,-1.58,-10.00
38,7,-1.00,-1.00,-1.00,-1.00,0.1032,2.0,2.28,5.50,-41.78,2.47,-23.74,1.59,-10.00
39,7,-1.00,-1.00,-1.00,-1.00,0.9132,3.0,2.76,8.08,-8.27,1.90,2.14,1.59,-10.00
39,7,-1.00,-1.00,-1.00,-1.00,0.7245,1.9,2.14,5.48,19.25,0.82,14.03,0.08,-10.00
39,7,-1.00,-1.00,-1.00,-1.00,0.6710,2.1,2.17,5.99,7.68,1.32,-0.78,-1.52,-10.00
39,7,1069.98,432.33,1191.34,526.88,0.6110,2.3,2.27,6.02,8.16,1.52,34.23,-1.49,-10.00
39,7,-1.00,-1.00,-1.00,-1.00,0.3126,2.8,2.55,6.58,-10.53,1.93,-30.78,1.61,-10.00
39,7,-1.00,-1.00,-1.00,-1.00,0.1682,3.3,2.80,8.20,-24.14,2.71,-31.55,1.63,-10.00
39,7,-1.00,-1.00,-1.00,-1.00,0.1473,3.1,2.89,10.32,-28.19,2.25,-2.28,0.02,-10.00
39,7,-1.00,-1.00,-1.00,-1.00,0.1340,2.0,2.26,5.84,-0.43,1.27,-28.82,-1.54,-10.00
39,7,1030.28,454.94,1135.99,520.22,0.1116,1.9,2.07,5.50,8.13,1.56,40.28,-1.60,-10.00
39,7,-1.00,-1.00,-1.00,-1.00,0.1088,2.4,2.56,6.42,-25.57,2.33,-2.29,1.59,-10.00
39,7,-1.00,-1.00,-1.00,-1.00,0.1086,1.9,2.10,5.21,-18.07,2.40,17.11,3.11,-10.00
39,7,-1.00,-1.00,-1.00,-1.00,0.1065,2.0,2.19,5.70,3.13,1.00,-35.28,-1.52,-10.00
39,7,-1.00,-1.00,-1.00,-1.00,0.1053,3.6,3.71,10.61,-50.47,2.81,-0.69,1.60,-10.00
39,7,1216.17,447.11,1485.59,533.32,0.1026,1.9,2.02,5.48,12.31,1.47,29.69,3.14,-10.00
