0,7,-1.00,-1.00,-1.00,-1.00,0.1918,2.0,1.96,5.14,-0.27,1.32,-18.96,-1.57,-10.00
0,7,-1.00,-1.00,-1.00,-1.00,0.1053,2.6,2.56,5.77,50.69,1.63,21.62,-1.17,-10.00
1,7,-1.00,-1.00,-1.00,-1.00,0.1391,2.1,2.15,5.78,-26.90,0.70,-0.76,1.62,-10.00
2,7,98.92,390.25,295.16,499.25,0.1464,3.4,2.79,7.65,-21.24,0.21,44.05,1.61,-10.00
2,7,-1.00,-1.00,-1.00,-1.00,0.1192,2.1,1.94,5.02,-0.33,1.57,-20.39,-1.56,-10.00
3,7,-1.00,-1.00,-1.00,-1.00,0.1406,2.0,1.90,4.88,-0.36,1.61,-21.09,-1.55,-10.00
3,7,-1.00,-1.00,-1.00,-1.00,0.1125,2.1,2.15,5.28,20.37,2.93,-50.26,-1.40,-10.00
4,7,-1.00,-1.00,-1.00,-1.00,0.1714,2.2,2.20,5.82,-12.26,2.12,-46.89,-0.27,-10.00
4,7,-1.00,-1.00,-1.00,-1.00,0.1185,2.4,2.26,5.66,-31.49,1.68,-52.25,2.18,-10.00
4,7,1588.75,462.12,1600.00,552.11,0.1124,2.3,2.35,6.09,24.61,1.58,34.95,1.45,-10.00
4,7,-1.00,-1.00,-1.00,-1.00,0.1057,1.9,1.97,4.77,-7.87,1.84,-31.84,-3.10,-10.00
5,7,-1.00,-1.00,-1.00,-1.00,0.1154,1.9,2.00,5.11,3.35,2.02,-47.32,2.08,-10.00
6,7,-1.00,-1.00,-1.00,-1.00,0.3031,2.0,2.07,5.52,-8.09,1.79,-42.87,3.12,-10.00
6,7,-1.00,-1.00,-1.00,-1.00,0.1197,2.0,2.26,5.84,-23.22,1.14,0.39,1.67,-10.00
6,7,-1.00,-1.00,-1.00,-1.00,0.1129,2.0,2.08,5.33,-6.07,1.76,-44.01,-1.55,-10.00
6,7,897.60,470.12,963.29,532.73,0.1100,1.8,1.89,4.89,3.53,1.26,39.87,-1.51,-10.00
7,7,-1.00,-1.00,-1.00,-1.00,0.2507,2.0,2.20,5.67,39.15,2.16,-3.60,2.92,-10.00
7,7,893.05,459.46,962.06,521.94,0.1260,1.9,1.94,5.24,3.65,1.00,42.33,-1.55,-10.00
7,7,-1.00,-1.00,-1.00,-1.00,0.1111,2.2,2.20,5.66,-23.43,1.10,-6.68,1.72,-10.00
7,7,-1.00,-1.00,-1.00,-1.00,0.1069,2.0,2.04,5.11,-7.72,1.94,-48.29,0.03,-10.00
8,7,887.72,451.45,940.11,508.46,0.1121,2.1,1.91,5.12,3.76,0.64,49.18,-1.51,-10.00
8,7,268.34,399.92,493.28,493.50,0.1029,3.1,2.62,6.98,-15.16,0.03,44.31,0.14,-10.00
9,7,-1.00,-1.00,-1.00,-1.00,0.1065,2.1,2.14,5.39,20.86,1.88,-35.53,1.63,-10.00
10,7,-1.00,-1.00,-1.00,-1.00,0.1789,2.0,1.89,4.81,0.11,1.64,-22.57,-1.55,-10.00
10,7,-1.00,-1.00,-1.00,-1.00,0.1108,1.9,2.09,5.43,23.04,2.06,-19.08,2.69,-10.00
11,7,-1.00,-1.00,-1.00,-1.00,0.3267,2.0,2.11,5.40,21.16,2.70,-26.28,2.49,-10.00
11,7,-1.00,-1.00,-1.00,-1.00,0.1231,2.4,2.21,5.38,37.00,3.38,46.95,2.31,-10.00
12,7,-1.00,-1.00,-1.00,-1.00,0.1277,2.1,2.15,5.32,-23.31,-0.33,-23.23,-2.83,-10.00
13,7,-1.00,-1.00,-1.00,-1.00,0.2196,2.0,2.05,5.01,20.93,2.62,-37.89,2.49,-10.00
13,7,-1.00,-1.00,-1.00,-1.00,0.1128,3.2,2.66,8.12,-42.51,-2.77,-38.05,-0.68,-10.00
14,7,-1.00,-1.00,-1.00,-1.00,0.2366,3.0,2.57,6.51,26.30,2.85,-48.72,1.01,-10.00
14,7,-1.00,-1.00,-1.00,-1.00,0.1719,1.9,1.85,5.10,11.34,2.27,-36.10,1.57,-10.00
14,7,-1.00,-1.00,-1.00,-1.00,0.1209,1.9,1.86,4.83,-0.01,1.51,-22.51,-1.59,-10.00
15,7,-1.00,-1.00,-1.00,-1.00,0.2925,2.1,2.23,5.76,32.85,3.16,24.05,-2.53,-10.00
15,7,-1.00,-1.00,-1.00,-1.00,0.1196,3.1,2.68,7.17,34.69,2.56,40.02,0.43,-10.00
15,7,-1.00,-1.00,-1.00,-1.00,0.1112,2.1,2.22,5.96,32.11,3.21,26.66,2.18,-10.00
16,7,-1.00,-1.00,-1.00,-1.00,0.2712,2.0,2.02,5.29,32.25,3.32,20.06,2.14,-10.00
16,7,-1.00,-1.00,-1.00,-1.00,0.1008,3.2,2.51,6.36,-12.76,1.75,-44.39,1.57,-10.00
17,7,-1.00,-1.00,-1.00,-1.00,0.2073,1.9,2.07,5.92,-5.83,1.91,-31.05,-1.53,-10.00
17,7,-1.00,-1.00,-1.00,-1.00,0.1299,2.0,2.15,5.46,30.61,0.05,-28.13,-1.01,-10.00
17,7,-1.00,-1.00,-1.00,-1.00,0.1115,1.9,2.02,5.16,36.21,3.41,11.13,2.17,-10.00
18,7,-1.00,-1.00,-1.00,-1.00,0.2402,2.0,2.09,5.46,31.95,3.11,6.40,-0.99,-10.00
18,7,-1.00,-1.00,-1.00,-1.00,0.1218,1.9,1.92,5.28,9.36,1.82,-49.75,1.58,-10.00
19,7,-1.00,-1.00,-1.00,-1.00,0.1924,1.9,2.01,5.16,28.35,2.54,3.42,-0.89,-10.00
19,7,-1.00,-1.00,-1.00,-1.00,0.1228,2.2,2.33,5.12,37.17,3.16,34.29,0.22,-10.00
19,7,-1.00,-1.00,-1.00,-1.00,0.1187,2.0,2.27,5.51,33.46,3.20,14.04,0.40,-10.00
19,7,-1.00,-1.00,-1.00,-1.00,0.1168,2.1,2.12,5.43,-15.80,-0.11,-22.11,-2.99,-10.00
20,7,-1.00,-1.00,-1.00,-1.00,0.1565,2.0,2.28,5.39,36.72,3.70,-10.00,0.24,-10.00
20,7,-1.00,-1.00,-1.00,-1.00,0.1088,3.6,2.95,7.73,49.01,1.59,24.00,-2.47,-10.00
20,7,-1.00,-1.00,-1.00,-1.00,0.1029,2.0,2.12,5.41,-15.13,-0.25,-30.34,1.77,-10.00
21,7,-1.00,-1.00,-1.00,-1.00,0.1611,2.0,2.21,5.36,32.42,2.83,-14.28,-2.46,-10.00
21,7,-1.00,-1.00,-1.00,-1.00,0.1183,2.0,2.15,5.36,36.46,3.25,-16.79,-2.76,-10.00
22,7,-1.00,-1.00,-1.00,-1.00,0.2489,1.8,2.04,5.23,28.20,2.57,-15.20,2.28,-10.00
22,7,1377.24,472.20,1600.00,578.57,0.2182,1.9,1.93,5.40,13.36,1.60,25.42,1.60,-10.00
22,7,-1.00,-1.00,-1.00,-1.00,0.1808,2.1,2.23,5.55,-16.59,-0.96,-40.53,-2.94,-10.00
22,7,-1.00,-1.00,-1.00,-1.00,0.1258,2.0,1.81,4.48,-0.69,1.31,-25.70,-1.55,-10.00
22,7,-1.00,-1.00,-1.00,-1.00,0.1069,2.1,2.23,5.61,44.54,3.07,-30.44,0.12,-10.00
23,7,-1.00,-1.00,-1.00,-1.00,0.6039,2.0,1.86,5.05,13.02,1.87,10.09,1.58,-10.00
23,7,-1.00,-1.00,-1.00,-1.00,0.1853,2.0,1.79,4.51,-0.63,1.52,-26.56,-1.55,-10.00
23,7,-1.00,-1.00,-1.00,-1.00,0.1121,1.9,2.14,5.35,43.08,3.58,-7.69,-3.09,-10.00
23,7,169.65,337.89,475.67,473.26,0.1068,3.6,2.68,7.61,-13.85,-0.58,35.91,0.05,-10.00
24,7,-1.00,-1.00,-1.00,-1.00,0.9168,2.3,1.98,5.28,12.97,1.99,-4.28,1.56,-10.00
24,7,621.99,439.67,732.50,500.99,0.1978,2.1,2.17,5.36,-5.19,0.32,48.17,-1.26,-10.00
24,7,-1.00,-1.00,-1.00,-1.00,0.1711,2.1,2.17,5.45,31.37,2.98,-16.97,1.97,-10.00
25,7,-1.00,-1.00,-1.00,-1.00,0.6827,2.1,1.93,5.19,12.79,2.29,-18.63,1.58,-10.00
25,7,-1.00,-1.00,-1.00,-1.00,0.1685,2.0,1.89,5.00,-0.43,1.79,-27.97,-1.55,-10.00
26,7,-1.00,-1.00,-1.00,-1.00,0.4933,2.1,1.93,5.24,12.83,2.26,-32.63,1.58,-10.00
26,7,1127.58,466.51,1220.22,526.21,0.2132,2.0,1.86,5.23,12.92,1.23,46.10,1.56,-10.00
27,7,1024.23,414.38,1090.12,503.10,0.7094,3.1,2.33,6.54,9.27,0.41,49.02,1.74,-10.00
27,7,-1.00,-1.00,-1.00,-1.00,0.1884,2.0,1.90,5.15,12.74,2.32,-46.86,1.56,-10.00
27,7,-1.00,-1.00,-1.00,-1.00,0.1797,2.0,1.88,4.91,-0.58,1.95,-27.91,-1.55,-10.00
27,7,-1.00,-1.00,-1.00,-1.00,0.1514,3.5,2.97,10.58,-21.25,-2.01,-49.51,-1.50,-10.00
27,7,-1.00,-1.00,-1.00,-1.00,0.1252,2.0,2.15,5.23,31.72,3.59,-33.48,-1.67,-10.00
28,7,1046.84,426.37,1120.45,516.54,0.9532,2.9,2.34,6.52,9.33,0.87,44.48,1.76,-10.00
28,7,388.29,411.48,583.56,482.82,0.1486,2.1,2.08,5.44,-10.15,-0.31,39.17,0.08,-10.00
28,7,-1.00,-1.00,-1.00,-1.00,0.1091,2.1,2.25,5.43,22.55,2.60,-22.27,-1.56,-10.00
29,7,1055.14,424.75,1148.57,527.49,0.9491,3.1,2.45,7.04,9.17,1.13,41.25,1.72,-10.00
29,7,-1.00,-1.00,-1.00,-1.00,0.1567,2.1,2.32,5.13,31.80,4.23,-38.90,1.60,-10.00
29,7,275.83,404.43,448.38,474.47,0.1101,2.1,2.16,5.08,-14.98,-0.63,42.07,2.96,-10.00
30,7,1055.75,424.74,1153.66,519.89,0.8415,2.6,2.21,6.24,8.45,0.83,37.64,1.69,-10.00
30,7,279.02,401.61,524.70,486.41,0.2482,2.0,2.03,5.64,-10.43,-0.18,32.28,-0.11,-10.00
30,7,92.83,393.90,332.38,480.77,0.1315,2.4,2.55,6.10,-18.10,-0.39,38.36,2.92,-10.00
30,7,-1.00,-1.00,-1.00,-1.00,0.1251,2.3,2.46,5.73,44.85,2.33,-9.24,0.49,-10.00
30,7,-1.00,-1.00,-1.00,-1.00,0.1213,2.1,2.21,5.58,31.73,3.03,-44.74,-1.40,-10.00
30,7,-1.00,-1.00,-1.00,-1.00,0.1052,1.8,2.17,5.20,34.69,2.49,-36.15,-1.58,-10.00
30,7,-1.00,-1.00,-1.00,-1.00,0.1047,2.4,2.24,6.51,32.76,3.18,26.98,-0.97,-10.00
31,7,1068.84,425.02,1175.40,537.15,0.9485,2.8,2.20,6.08,8.27,1.19,34.80,1.70,-10.00
31,7,-1.00,-1.00,-1.00,-1.00,0.3255,2.1,2.14,5.55,36.52,2.05,-26.44,-2.58,-10.00
31,7,238.02,400.88,506.67,495.50,0.2541,2.1,2.10,5.57,-10.33,0.06,29.81,-0.03,-10.00
31,7,-1.00,-1.00,-1.00,-1.00,0.2268,4.0,3.04,9.18,37.22,-0.39,-41.74,2.09,-10.00
31,7,-1.00,-1.00,-1.00,-1.00,0.1718,2.1,2.19,5.47,32.45,2.55,-46.54,-1.71,-10.00
31,7,261.22,373.10,488.84,478.96,0.1211,3.1,2.59,6.61,-14.51,-0.51,41.85,2.53,-10.00
31,7,-1.00,-1.00,-1.00,-1.00,0.1110,2.2,2.26,5.51,41.97,3.80,-38.13,3.07,-10.00
32,7,1079.60,428.86,1203.82,550.96,0.9505,2.8,2.26,6.33,8.24,1.44,32.70,1.69,-10.00
32,7,201.39,405.24,475.23,500.44,0.1621,1.9,1.99,5.15,-10.20,0.16,27.36,-0.05,-10.00
32,7,-1.00,-1.00,-1.00,-1.00,0.1458,2.0,2.16,5.75,9.73,2.33,-39.58,1.58,-10.00
32,7,239.78,356.75,523.19,481.74,0.1047,3.4,2.66,8.08,-13.72,-0.42,40.40,-0.64,-10.00
33,7,1096.19,412.20,1215.92,549.36,0.9428,2.9,2.24,6.28,8.01,1.30,30.44,1.75,-10.00
33,7,117.77,407.58,421.34,508.55,0.1930,1.9,1.98,5.18,-10.80,0.32,25.33,-0.04,-10.00
33,7,1011.29,466.63,1095.04,523.32,0.1168,2.0,1.97,5.35,8.74,1.16,47.19,1.54,-10.00
33,7,-1.00,-1.00,-1.00,-1.00,0.1054,2.3,2.31,5.92,22.10,1.99,-21.45,-1.65,-10.00
34,7,1108.05,413.09,1218.44,536.06,0.7572,2.4,2.08,5.35,7.54,0.93,27.97,1.79,-10.00
34,7,75.08,410.04,425.89,524.40,0.2506,2.0,2.11,5.63,-10.50,0.59,23.86,-0.02,-10.00
34,7,-1.00,-1.00,-1.00,-1.00,0.1959,2.6,2.41,6.20,32.55,3.47,39.23,0.52,-10.00
34,7,-1.00,-1.00,-1.00,-1.00,0.1304,2.4,2.21,5.31,45.15,2.06,-17.06,0.53,-10.00
34,7,1025.89,461.38,1109.58,522.39,0.1024,1.9,1.94,5.24,8.45,1.03,42.99,1.60,-10.00
35,7,1093.44,402.97,1229.40,554.95,0.8190,2.8,2.35,6.35,7.42,1.23,26.72,1.90,-10.00
35,7,1160.35,428.64,1273.94,524.65,0.3060,2.7,2.08,5.47,12.20,0.99,38.93,1.64,-10.00
35,7,-1.00,-1.00,-1.00,-1.00,0.1259,3.2,2.65,5.84,44.74,2.26,-18.38,0.62,-10.00
35,7,-1.00,-1.00,-1.00,-1.00,0.1063,2.0,2.15,5.42,42.07,3.62,31.76,-0.10,-10.00
36,7,1176.78,427.55,1346.97,547.30,0.9371,2.9,2.33,5.95,11.87,1.43,34.30,1.53,-10.00
36,7,1076.07,409.15,1240.86,552.99,0.8443,2.5,2.06,5.30,6.74,1.10,24.46,2.03,-10.00
36,7,120.62,415.06,477.24,529.71,0.2372,1.9,2.06,5.36,-8.82,0.64,22.05,-0.10,-10.00
36,7,-1.00,-1.00,-1.00,-1.00,0.2173,2.0,2.33,5.79,35.57,4.14,4.51,0.63,-10.00
37,7,1235.67,406.22,1479.95,566.49,0.9290,3.2,2.51,6.97,12.15,1.58,29.19,1.55,-10.00
37,7,1029.35,399.75,1235.45,562.39,0.7247,2.6,2.18,5.71,5.92,1.18,23.06,2.09,-10.00
37,7,191.36,423.16,543.79,543.28,0.5161,1.9,2.12,5.38,-7.55,0.86,21.87,-0.12,-10.00
38,7,1335.45,403.27,1600.00,597.81,0.8868,3.1,2.45,6.72,12.35,1.77,23.88,1.59,-10.00
38,7,947.10,376.55,1227.08,564.58,0.7811,2.8,2.24,5.80,4.80,1.14,21.67,2.26,-10.00
38,7,314.14,410.37,659.28,536.24,0.1632,2.0,2.22,5.58,-5.65,0.76,22.28,-0.19,-10.00
38,7,-1.00,-1.00,-1.00,-1.00,0.1366,2.0,2.30,5.67,35.47,3.96,4.48,0.64,-10.00
38,7,-1.00,-1.00,-1.00,-1.00,0.1177,3.5,2.55,6.84,-21.35,-1.68,-32.81,-0.11,-10.00
39,7,1465.86,377.47,1600.00,641.99,0.9560,3.1,2.44,6.72,12.48,1.85,18.51,1.56,-10.00
39,7,804.26,372.52,1168.19,568.41,0.7395,2.7,2.33,6.02,2.87,1.12,20.25,2.44,-10.00
39,7,-1.00,-1.00,-1.00,-1.00,0.1717,2.0,2.37,5.79,35.29,4.09,4.35,0.57,-10.00
39,7,-1.00,-1.00,-1.00,-1.00,0.1471,2.1,2.24,5.55,34.98,2.78,-31.09,0.41,-10.00
39,7,-1.00,-1.00,-1.00,-1.00,0.1307,3.3,2.58,7.27,-22.20,-1.50,-32.77,-0.10,-10.00
39,7,-1.00,-1.00,-1.00,-1.00,0.1236,2.3,2.45,5.89,20.13,2.19,25.46,-0.01,-10.00
39,7,-1.00,-1.00,-1.00,-1.00,0.1180,2.1,2.28,5.58,29.64,2.94,-17.87,-1.62,-10.00
39,7,-1.00,-1.00,-1.00,-1.00,0.1110,3.2,2.74,8.06,-29.67,-0.27,28.36,-0.07,-10.00
