0,7,-1.00,-1.00,-1.00,-1.00,0.4742,2.1,2.22,5.93,1.41,1.77,-43.15,0.36,-10.00
0,7,-1.00,-1.00,-1.00,-1.00,0.2579,2.9,3.25,7.86,-47.66,1.51,0.23,1.33,-10.00
0,7,-1.00,-1.00,-1.00,-1.00,0.2114,1.9,2.22,5.55,-11.58,1.66,5.10,-1.60,-10.00
0,7,-1.00,-1.00,-1.00,-1.00,0.1746,2.0,2.13,5.58,-30.59,1.84,1.48,1.42,-10.00
0,7,-1.00,-1.00,-1.00,-1.00,0.1545,1.9,2.13,5.25,-21.41,1.58,4.72,-1.66,-10.00
0,7,-1.00,-1.00,-1.00,-1.00,0.1415,2.3,2.25,5.66,-12.71,0.80,-52.34,-1.43,-10.00
0,7,-1.00,-1.00,-1.00,-1.00,0.1394,2.0,2.27,5.62,26.55,1.55,-12.78,1.73,-10.00
0,7,-1.00,-1.00,-1.00,-1.00,0.1359,1.9,2.13,5.34,8.08,1.56,-17.29,0.23,-10.00
0,7,-1.00,-1.00,-1.00,-1.00,0.1294,2.0,2.11,5.40,-21.14,1.81,-8.55,1.39,-10.00
0,7,-1.00,-1.00,-1.00,-1.00,0.1172,2.2,2.27,6.11,11.89,1.42,-21.68,0.17,-10.00
1,7,-1.00,-1.00,-1.00,-1.00,0.2936,2.0,2.15,5.36,-0.01,1.76,-43.93,0.33,-10.00
1,7,-1.00,-1.00,-1.00,-1.00,0.2178,1.9,2.04,5.29,-11.94,1.50,5.35,-1.69,-10.00
1,7,-1.00,-1.00,-1.00,-1.00,0.1958,1.9,2.15,5.37,-21.28,1.59,3.96,-1.63,-10.00
1,7,-1.00,-1.00,-1.00,-1.00,0.1779,2.0,2.12,5.39,-32.13,2.13,1.11,3.06,-10.00
1,7,-1.00,-1.00,-1.00,-1.00,0.1627,2.3,2.18,5.66,-13.62,1.99,-51.82,-1.51,-10.00
1,7,-1.00,-1.00,-1.00,-1.00,0.1337,1.9,2.18,5.47,-23.38,1.74,3.92,-1.55,-10.00
1,7,-1.00,-1.00,-1.00,-1.00,0.1294,3.5,3.07,8.22,-47.78,2.04,0.20,1.46,-10.00
1,7,-1.00,-1.00,-1.00,-1.00,0.1282,1.9,2.12,5.24,27.34,1.75,-12.26,-2.91,-10.00
1,7,-1.00,-1.00,-1.00,-1.00,0.1126,1.9,2.12,5.19,-35.48,2.19,2.03,-1.60,-10.00
1,7,-1.00,-1.00,-1.00,-1.00,0.1111,2.2,2.35,5.82,48.30,0.04,-15.98,0.28,-10.00
1,7,-1.00,-1.00,-1.00,-1.00,0.1017,1.9,2.00,5.14,13.62,1.55,-18.47,0.27,-10.00
2,7,-1.00,-1.00,-1.00,-1.00,0.3481,2.0,2.13,5.31,-0.47,1.68,-44.79,0.32,-10.00
2,7,-1.00,-1.00,-1.00,-1.00,0.2978,2.0,2.17,5.44,-11.81,1.63,4.36,-1.61,-10.00
2,7,-1.00,-1.00,-1.00,-1.00,0.2200,2.0,2.19,5.79,8.42,1.77,-32.32,1.71,-10.00
2,7,-1.00,-1.00,-1.00,-1.00,0.2122,2.0,2.25,5.72,-35.66,2.18,1.73,-1.62,-10.00
2,7,-1.00,-1.00,-1.00,-1.00,0.1744,2.1,2.29,5.64,48.52,-0.16,-17.67,0.23,-10.00
2,7,-1.00,-1.00,-1.00,-1.00,0.1634,3.6,2.95,9.34,-42.05,2.11,-6.82,-0.03,-10.00
2,7,-1.00,-1.00,-1.00,-1.00,0.1482,2.5,2.28,6.28,-14.36,2.05,-51.60,-1.70,-10.00
2,7,-1.00,-1.00,-1.00,-1.00,0.1149,1.9,2.23,5.63,20.98,1.76,-12.69,1.75,-10.00
2,7,-1.00,-1.00,-1.00,-1.00,0.1079,2.3,2.23,5.42,25.31,-0.55,-46.21,-2.83,-10.00
2,7,-1.00,-1.00,-1.00,-1.00,0.1023,3.6,3.17,8.76,-47.69,1.84,-0.72,1.44,-10.00
3,7,-1.00,-1.00,-1.00,-1.00,0.4424,2.0,2.19,5.50,-0.45,1.93,-45.60,0.35,-10.00
3,7,-1.00,-1.00,-1.00,-1.00,0.2021,3.5,3.01,8.89,-41.22,2.09,-7.38,-0.04,-10.00
3,7,-1.00,-1.00,-1.00,-1.00,0.1352,2.2,2.30,5.76,49.11,-0.37,-19.18,-2.91,-10.00
3,7,-1.00,-1.00,-1.00,-1.00,0.1092,3.6,2.96,7.67,-47.77,2.12,0.75,-1.67,-10.00
3,7,-1.00,-1.00,-1.00,-1.00,0.1016,2.0,2.04,5.09,9.47,1.84,-33.89,0.10,-10.00
4,7,-1.00,-1.00,-1.00,-1.00,0.5080,2.1,2.23,5.60,-0.86,1.93,-46.20,0.33,-10.00
4,7,-1.00,-1.00,-1.00,-1.00,0.2720,3.3,2.95,8.37,-41.77,1.75,-7.69,-0.01,-10.00
4,7,-1.00,-1.00,-1.00,-1.00,0.2188,3.7,3.11,8.41,-48.01,2.35,0.88,-1.63,-10.00
4,7,-1.00,-1.00,-1.00,-1.00,0.2085,1.9,1.96,4.87,-11.71,1.57,2.78,-1.68,-10.00
4,7,-1.00,-1.00,-1.00,-1.00,0.1591,2.9,2.48,6.23,20.73,-1.49,-43.84,1.90,-10.00
4,7,-1.00,-1.00,-1.00,-1.00,0.1358,2.0,2.22,5.72,48.11,-0.32,-19.59,0.22,-10.00
5,7,-1.00,-1.00,-1.00,-1.00,0.3421,2.0,2.16,5.14,-1.15,1.96,-46.43,0.31,-10.00
5,7,-1.00,-1.00,-1.00,-1.00,0.2701,3.3,3.02,8.26,-42.00,1.97,-8.07,-0.03,-10.00
5,7,-1.00,-1.00,-1.00,-1.00,0.2086,2.1,2.17,5.66,-23.66,1.62,2.21,-1.64,-10.00
5,7,-1.00,-1.00,-1.00,-1.00,0.2008,3.6,2.88,6.88,-15.99,2.27,-52.10,-1.91,-10.00
5,7,-1.00,-1.00,-1.00,-1.00,0.1521,1.9,2.17,5.78,-31.77,2.03,-1.97,-1.24,-10.00
5,7,-1.00,-1.00,-1.00,-1.00,0.1424,2.0,2.02,5.07,-11.82,1.60,2.88,-1.66,-10.00
5,7,-1.00,-1.00,-1.00,-1.00,0.1359,3.4,2.88,7.44,-47.83,1.85,0.73,-1.68,-10.00
5,7,-1.00,-1.00,-1.00,-1.00,0.1174,1.9,2.14,5.58,-16.20,1.79,2.46,1.62,-10.00
5,7,-1.00,-1.00,-1.00,-1.00,0.1168,1.9,2.16,5.45,29.91,1.54,-6.43,-3.08,-10.00
5,7,-1.00,-1.00,-1.00,-1.00,0.1096,1.9,2.03,5.51,13.41,1.59,-21.15,0.32,-10.00
5,7,-1.00,-1.00,-1.00,-1.00,0.1062,2.0,2.19,5.82,7.35,2.05,-36.80,-1.42,-10.00
5,7,-1.00,-1.00,-1.00,-1.00,0.1008,1.9,2.04,5.54,9.44,1.85,-36.53,0.16,-10.00
6,7,-1.00,-1.00,-1.00,-1.00,0.2553,3.4,2.53,6.40,-15.97,1.94,-51.62,-1.40,-10.00
6,7,-1.00,-1.00,-1.00,-1.00,0.1699,3.3,2.78,6.87,-47.55,1.78,0.09,-1.65,-10.00
6,7,-1.00,-1.00,-1.00,-1.00,0.1502,3.4,2.95,8.40,-42.08,1.89,-8.12,-0.08,-10.00
6,7,-1.00,-1.00,-1.00,-1.00,0.1261,2.0,2.30,6.24,-0.61,1.94,-46.59,0.33,-10.00
6,7,-1.00,-1.00,-1.00,-1.00,0.1174,1.9,2.12,5.47,-32.46,1.97,-0.86,0.02,-10.00
6,7,-1.00,-1.00,-1.00,-1.00,0.1158,1.9,2.06,5.32,13.20,1.57,-21.46,0.31,-10.00
6,7,-1.00,-1.00,-1.00,-1.00,0.1148,2.1,2.23,5.45,48.28,-0.34,-20.52,0.25,-10.00
6,7,-1.00,-1.00,-1.00,-1.00,0.1105,1.9,2.16,5.48,-37.73,1.87,-0.25,-1.49,-10.00
6,7,-1.00,-1.00,-1.00,-1.00,0.1039,1.9,2.08,5.03,-22.55,1.62,0.46,3.06,-10.00
6,7,-1.00,-1.00,-1.00,-1.00,0.1035,1.9,2.19,5.46,-35.28,2.04,0.49,-1.53,-10.00
6,7,-1.00,-1.00,-1.00,-1.00,0.1024,2.1,2.23,5.46,28.53,1.47,-16.86,1.69,-10.00
7,7,-1.00,-1.00,-1.00,-1.00,0.3233,3.5,2.95,8.30,-41.97,1.65,-8.13,-0.06,-10.00
7,7,-1.00,-1.00,-1.00,-1.00,0.3142,3.3,2.80,6.73,-47.64,1.57,0.20,-1.64,-10.00
7,7,-1.00,-1.00,-1.00,-1.00,0.2898,2.0,2.17,5.54,-0.59,1.71,-46.65,0.37,-10.00
7,7,-1.00,-1.00,-1.00,-1.00,0.1741,1.9,2.11,5.24,-11.68,1.62,3.27,-1.55,-10.00
7,7,-1.00,-1.00,-1.00,-1.00,0.1307,2.0,2.18,5.43,-22.44,1.58,0.77,-0.05,-10.00
7,7,-1.00,-1.00,-1.00,-1.00,0.1075,2.0,2.05,5.33,10.94,1.45,-25.68,0.19,-10.00
7,7,-1.00,-1.00,-1.00,-1.00,0.1066,1.9,2.23,5.48,-37.68,1.87,0.19,-1.48,-10.00
7,7,-1.00,-1.00,-1.00,-1.00,0.1004,2.1,2.31,5.72,48.73,-0.35,-20.42,0.24,-10.00
7,7,-1.00,-1.00,-1.00,-1.00,0.1001,3.2,2.59,6.75,-16.04,1.62,-52.15,-1.84,-10.00
8,7,-1.00,-1.00,-1.00,-1.00,0.2941,2.0,2.04,5.21,-0.49,1.54,-46.62,0.35,-10.00
8,7,-1.00,-1.00,-1.00,-1.00,0.2913,3.4,3.07,8.91,-42.25,1.63,-8.14,-0.05,-10.00
8,7,-1.00,-1.00,-1.00,-1.00,0.2089,3.4,2.99,7.29,-47.78,1.76,-0.28,-1.65,-10.00
8,7,-1.00,-1.00,-1.00,-1.00,0.1678,3.2,2.69,5.84,-16.80,1.94,-50.86,-2.09,-10.00
8,7,-1.00,-1.00,-1.00,-1.00,0.1476,2.1,2.20,5.55,9.65,1.66,-36.17,0.29,-10.00
8,7,-1.00,-1.00,-1.00,-1.00,0.1201,2.0,2.15,5.27,-22.24,1.55,0.73,3.07,-10.00
8,7,-1.00,-1.00,-1.00,-1.00,0.1187,1.9,2.06,5.22,-11.76,1.64,2.70,-1.65,-10.00
8,7,-1.00,-1.00,-1.00,-1.00,0.1180,3.3,2.72,7.41,20.65,-1.48,-44.65,1.87,-10.00
8,7,-1.00,-1.00,-1.00,-1.00,0.1169,1.9,2.14,5.39,-37.71,2.11,-1.41,-1.57,-10.00
8,7,-1.00,-1.00,-1.00,-1.00,0.1162,2.0,2.16,5.62,-32.42,1.89,-0.59,-3.08,-10.00
8,7,-1.00,-1.00,-1.00,-1.00,0.1030,2.0,2.12,5.26,7.45,1.74,-21.38,0.27,-10.00
9,7,-1.00,-1.00,-1.00,-1.00,0.3923,2.3,2.27,5.22,-1.06,1.38,-46.59,0.37,-10.00
9,7,-1.00,-1.00,-1.00,-1.00,0.2169,2.0,2.27,5.98,-32.94,2.16,-2.37,-1.57,-10.00
9,7,-1.00,-1.00,-1.00,-1.00,0.1644,1.9,2.13,5.43,22.20,1.51,-28.88,-2.92,-10.00
9,7,-1.00,-1.00,-1.00,-1.00,0.1556,1.9,2.10,5.31,44.77,1.80,0.12,-3.06,-10.00
9,7,-1.00,-1.00,-1.00,-1.00,0.1432,1.9,2.11,5.23,3.59,1.65,-35.46,-2.94,-10.00
9,7,-1.00,-1.00,-1.00,-1.00,0.1402,2.3,2.54,6.00,47.62,0.01,-20.05,0.27,-10.00
9,7,-1.00,-1.00,-1.00,-1.00,0.1296,2.1,2.03,5.36,11.29,1.51,-25.78,0.20,-10.00
9,7,-1.00,-1.00,-1.00,-1.00,0.1226,3.7,3.04,9.18,-42.22,1.55,-8.29,-0.02,-10.00
9,7,-1.00,-1.00,-1.00,-1.00,0.1200,3.6,3.43,9.97,-47.78,1.85,-2.71,-1.65,-10.00
9,7,-1.00,-1.00,-1.00,-1.00,0.1189,1.9,2.12,5.45,-20.93,1.78,0.25,-1.62,-10.00
9,7,-1.00,-1.00,-1.00,-1.00,0.1082,3.8,3.10,13.23,-24.52,-0.15,-15.38,-0.10,-10.00
9,7,-1.00,-1.00,-1.00,-1.00,0.1075,1.9,2.18,5.46,-11.54,1.69,2.07,-1.67,-10.00
10,7,-1.00,-1.00,-1.00,-1.00,0.4850,3.1,2.60,6.14,0.19,1.75,-47.26,0.28,-10.00
10,7,-1.00,-1.00,-1.00,-1.00,0.1448,1.9,2.01,5.22,5.43,1.45,-31.08,-3.02,-10.00
10,7,-1.00,-1.00,-1.00,-1.00,0.1254,2.0,2.12,5.17,21.95,1.63,-29.17,-2.76,-10.00
10,7,-1.00,-1.00,-1.00,-1.00,0.1186,3.7,3.22,9.90,-47.79,2.05,-1.78,-1.67,-10.00
10,7,-1.00,-1.00,-1.00,-1.00,0.1109,3.8,3.08,9.72,-42.42,1.43,-9.13,-0.03,-10.00
10,7,-1.00,-1.00,-1.00,-1.00,0.1021,1.9,2.14,5.42,-14.03,1.62,2.41,-1.51,-10.00
10,7,-1.00,-1.00,-1.00,-1.00,0.1012,3.8,3.00,8.13,20.03,-1.80,-49.57,1.83,-10.00
11,7,-1.00,-1.00,-1.00,-1.00,0.1711,3.8,3.25,9.87,-47.83,2.09,-4.88,-1.72,-10.00
11,7,-1.00,-1.00,-1.00,-1.00,0.1684,1.9,2.20,5.52,43.16,1.22,3.36,-1.52,-10.00
11,7,-1.00,-1.00,-1.00,-1.00,0.1253,2.1,2.10,5.11,-38.95,1.53,-12.14,-1.62,-10.00
11,7,-1.00,-1.00,-1.00,-1.00,0.1244,3.1,2.53,6.56,6.09,1.80,-49.43,-2.92,-10.00
11,7,-1.00,-1.00,-1.00,-1.00,0.1222,2.0,2.23,5.73,-14.41,1.49,0.19,-1.63,-10.00
11,7,-1.00,-1.00,-1.00,-1.00,0.1129,2.0,2.12,5.44,5.00,1.70,-37.73,-1.75,-10.00
11,7,-1.00,-1.00,-1.00,-1.00,0.1122,2.3,2.32,5.54,1.95,2.06,-48.60,0.19,-10.00
11,7,-1.00,-1.00,-1.00,-1.00,0.1097,1.9,2.23,5.56,-30.67,1.75,-2.84,-1.60,-10.00
11,7,-1.00,-1.00,-1.00,-1.00,0.1032,2.1,2.18,5.49,13.69,1.72,-26.75,0.04,-10.00
12,7,-1.00,-1.00,-1.00,-1.00,0.3302,3.4,2.97,8.21,-46.67,1.58,-11.86,-1.82,-10.00
12,7,-1.00,-1.00,-1.00,-1.00,0.2193,2.5,2.42,5.84,7.34,1.56,-49.41,0.13,-10.00
12,7,-1.00,-1.00,-1.00,-1.00,0.1728,2.0,2.25,5.49,29.68,1.48,-13.89,-3.07,-10.00
12,7,-1.00,-1.00,-1.00,-1.00,0.1357,2.0,2.19,5.69,-32.21,1.63,4.00,2.90,-10.00
12,7,-1.00,-1.00,-1.00,-1.00,0.1003,3.6,2.86,7.83,-50.97,-0.05,-4.83,-0.51,-10.00
13,7,-1.00,-1.00,-1.00,-1.00,0.6076,3.6,2.78,6.56,-47.71,0.75,-11.91,-0.48,-10.00
13,7,-1.00,-1.00,-1.00,-1.00,0.2004,2.9,2.30,6.02,13.67,1.75,-49.47,-0.01,-10.00
13,7,-1.00,-1.00,-1.00,-1.00,0.1996,2.0,2.22,5.39,31.27,1.65,-11.12,3.02,-10.00
13,7,-1.00,-1.00,-1.00,-1.00,0.1226,3.3,2.89,8.02,-44.79,1.42,-19.70,1.14,-10.00
13,7,-1.00,-1.00,-1.00,-1.00,0.1127,1.9,2.11,5.37,46.10,1.11,11.48,-1.90,-10.00
14,7,-1.00,-1.00,-1.00,-1.00,0.4482,3.9,2.94,7.05,-43.10,0.28,-20.27,-0.61,-10.00
14,7,-1.00,-1.00,-1.00,-1.00,0.1121,3.2,2.87,7.91,-40.83,0.66,-29.16,0.98,-10.00
14,7,-1.00,-1.00,-1.00,-1.00,0.1083,2.1,2.19,5.69,40.83,2.33,14.14,-0.49,-10.00
14,7,-1.00,-1.00,-1.00,-1.00,0.1029,2.3,2.28,5.70,23.83,1.34,-41.82,-0.18,-10.00
15,7,-1.00,-1.00,-1.00,-1.00,0.4926,2.1,2.08,5.28,29.45,2.18,-45.62,-0.31,-10.00
15,7,-1.00,-1.00,-1.00,-1.00,0.4398,4.0,2.87,9.44,-5.09,-1.25,-31.67,-0.69,-10.00
15,7,-1.00,-1.00,-1.00,-1.00,0.4100,3.8,2.92,5.94,-37.08,0.26,-28.23,-0.74,-10.00
15,7,-1.00,-1.00,-1.00,-1.00,0.1603,2.1,2.17,5.44,-9.14,1.57,-12.76,-2.21,-10.00
15,7,-1.00,-1.00,-1.00,-1.00,0.1147,2.0,2.17,5.57,28.14,2.06,8.17,2.73,-10.00
15,7,-1.00,-1.00,-1.00,-1.00,0.1041,2.0,2.15,5.26,38.44,1.77,24.55,-2.28,-10.00
15,7,-1.00,-1.00,-1.00,-1.00,0.1016,2.0,2.07,5.21,26.30,2.02,-21.80,2.80,-10.00
16,7,-1.00,-1.00,-1.00,-1.00,0.6272,4.0,2.93,5.59,-30.19,0.83,-35.28,-0.87,-10.00
16,7,-1.00,-1.00,-1.00,-1.00,0.3728,3.1,2.54,6.33,-26.98,1.07,-46.14,0.58,-10.00
16,7,-1.00,-1.00,-1.00,-1.00,0.2257,2.1,2.17,5.51,32.39,1.53,-30.31,2.69,-10.00
16,7,-1.00,-1.00,-1.00,-1.00,0.2132,2.0,2.14,5.34,24.08,1.30,-18.45,-0.60,-10.00
16,7,-1.00,-1.00,-1.00,-1.00,0.2107,2.0,2.19,5.39,37.72,1.18,-41.08,-0.51,-10.00
16,7,-1.00,-1.00,-1.00,-1.00,0.1240,2.9,2.56,6.81,2.03,-1.09,-33.16,-0.87,-10.00
16,7,-1.00,-1.00,-1.00,-1.00,0.1211,1.9,2.06,5.23,-12.27,1.31,-24.12,-2.53,-10.00
17,7,-1.00,-1.00,-1.00,-1.00,0.7476,4.2,3.07,6.17,-21.53,1.13,-40.70,-1.17,-10.00
17,7,-1.00,-1.00,-1.00,-1.00,0.2748,2.2,2.28,5.97,42.74,0.88,-46.58,-2.71,-10.00
17,7,-1.00,-1.00,-1.00,-1.00,0.2324,2.0,2.10,5.33,45.03,0.67,-34.79,-0.69,-10.00
17,7,-1.00,-1.00,-1.00,-1.00,0.1760,2.0,2.10,5.33,37.46,0.82,-25.38,2.53,-10.00
17,7,-1.00,-1.00,-1.00,-1.00,0.1742,2.0,2.08,5.19,-3.05,1.37,-19.55,-2.72,-10.00
17,7,-1.00,-1.00,-1.00,-1.00,0.1443,2.0,2.13,5.31,26.72,1.18,32.81,-2.40,-10.00
17,7,-1.00,-1.00,-1.00,-1.00,0.1435,1.9,1.99,5.28,40.93,1.31,-5.97,2.33,-10.00
17,7,-1.00,-1.00,-1.00,-1.00,0.1358,2.0,2.17,5.60,-7.14,1.34,-28.48,-2.69,-10.00
17,7,-1.00,-1.00,-1.00,-1.00,0.1335,2.1,2.21,5.79,-14.67,1.49,-42.65,-1.13,-10.00
17,7,-1.00,-1.00,-1.00,-1.00,0.1293,2.0,2.11,5.36,5.88,1.17,-18.66,-1.05,-10.00
17,7,-1.00,-1.00,-1.00,-1.00,0.1281,1.8,1.94,5.07,42.47,0.97,-7.85,2.22,-10.00
18,7,-1.00,-1.00,-1.00,-1.00,0.8956,3.8,2.90,6.10,-13.24,1.63,-43.32,-1.30,-10.00
18,7,-1.00,-1.00,-1.00,-1.00,0.2116,2.0,2.21,5.58,29.47,1.03,-12.01,2.30,-10.00
18,7,1024.32,442.02,1221.15,523.88,0.1710,2.4,2.20,5.60,9.19,0.95,38.18,0.23,-10.00
18,7,-1.00,-1.00,-1.00,-1.00,0.1597,2.0,2.15,5.47,9.03,1.25,-19.67,-1.22,-10.00
18,7,-1.00,-1.00,-1.00,-1.00,0.1583,2.0,2.15,5.43,37.46,1.35,-19.48,-2.68,-10.00
18,7,-1.00,-1.00,-1.00,-1.00,0.1470,2.2,2.23,5.24,29.52,0.90,-14.56,-2.48,-10.00
18,7,-1.00,-1.00,-1.00,-1.00,0.1466,2.1,2.19,5.60,-7.15,1.67,-46.54,-1.31,-10.00
18,7,-1.00,-1.00,-1.00,-1.00,0.1381,1.9,2.11,5.41,-2.00,1.46,-31.09,-2.88,-10.00
18,7,-1.00,-1.00,-1.00,-1.00,0.1370,2.1,2.26,5.72,49.68,0.82,-28.81,2.29,-10.00
18,7,-1.00,-1.00,-1.00,-1.00,0.1172,2.1,2.22,5.56,42.02,1.10,-2.81,-2.74,-10.00
18,7,-1.00,-1.00,-1.00,-1.00,0.1171,2.3,2.24,5.46,0.84,0.51,-52.33,-1.44,-10.00
18,7,-1.00,-1.00,-1.00,-1.00,0.1111,2.0,2.03,5.17,33.89,0.59,10.13,0.62,-10.00
18,7,-1.00,-1.00,-1.00,-1.00,0.1045,1.9,2.07,5.30,0.13,1.44,-21.80,-2.88,-10.00
19,7,-1.00,-1.00,-1.00,-1.00,0.7384,4.4,3.06,6.46,-7.04,1.76,-45.26,-1.43,-10.00
19,7,-1.00,-1.00,-1.00,-1.00,0.1712,2.0,2.22,5.18,11.29,1.10,-20.51,-1.39,-10.00
19,7,-1.00,-1.00,-1.00,-1.00,0.1567,2.1,2.09,5.50,-9.83,1.83,-40.09,1.76,-10.00
19,7,-1.00,-1.00,-1.00,-1.00,0.1485,3.9,3.12,8.92,37.26,0.04,13.75,-2.62,-10.00
19,7,-1.00,-1.00,-1.00,-1.00,0.1363,1.8,2.11,5.48,17.17,1.21,-13.90,-2.88,-10.00
19,7,-1.00,-1.00,-1.00,-1.00,0.1309,4.1,3.35,9.81,42.62,0.09,10.96,-2.58,-10.00
19,7,1396.27,411.76,1600.00,512.58,0.1127,2.8,2.47,5.93,20.56,0.61,37.74,0.42,-10.00
19,7,-1.00,-1.00,-1.00,-1.00,0.1059,1.9,2.09,5.33,2.25,1.48,-33.14,-3.06,-10.00
20,7,-1.00,-1.00,-1.00,-1.00,0.7606,4.2,2.94,6.29,-1.86,1.25,-45.34,-1.55,-10.00
20,7,-1.00,-1.00,-1.00,-1.00,0.2784,1.8,2.06,5.38,16.86,1.31,-13.98,-3.05,-10.00
20,7,-1.00,-1.00,-1.00,-1.00,0.1480,2.0,2.18,5.41,49.52,0.83,1.27,-3.10,-10.00
20,7,-1.00,-1.00,-1.00,-1.00,0.1447,2.0,2.06,5.47,-5.44,1.58,-42.93,1.59,-10.00
20,7,-1.00,-1.00,-1.00,-1.00,0.1279,2.0,2.19,5.57,32.21,0.53,-24.69,-3.02,-10.00
20,7,1138.42,411.28,1364.60,507.93,0.1244,3.2,2.62,7.03,14.87,0.54,43.74,-2.99,-10.00
20,7,-1.00,-1.00,-1.00,-1.00,0.1220,2.0,2.08,5.05,36.16,0.89,-5.06,1.95,-10.00
20,7,-1.00,-1.00,-1.00,-1.00,0.1052,1.9,2.07,5.37,5.74,1.45,-34.87,-3.10,-10.00
20,7,647.20,387.63,786.04,514.28,0.1011,3.0,2.59,6.65,-2.46,0.59,33.54,-1.48,-10.00
21,7,-1.00,-1.00,-1.00,-1.00,0.8871,4.0,2.97,5.91,0.83,0.82,-45.26,-1.61,-10.00
21,7,-1.00,-1.00,-1.00,-1.00,0.2804,2.0,2.15,5.34,37.77,0.70,-6.26,-2.92,-10.00
21,7,-1.00,-1.00,-1.00,-1.00,0.1213,1.9,2.00,4.86,19.63,1.40,-6.60,-1.51,-10.00
21,7,-1.00,-1.00,-1.00,-1.00,0.1055,1.9,2.04,5.25,7.35,1.08,-27.14,3.12,-10.00
22,7,-1.00,-1.00,-1.00,-1.00,0.8709,3.9,2.87,5.98,2.53,1.60,-45.39,-1.68,-10.00
22,7,1039.99,408.20,1239.24,505.39,0.3223,3.5,2.45,6.86,12.15,0.49,47.80,-0.13,-10.00
22,7,-1.00,-1.00,-1.00,-1.00,0.1845,1.9,2.06,5.18,8.52,1.78,-28.95,3.14,-10.00
22,7,-1.00,-1.00,-1.00,-1.00,0.1500,2.1,2.17,5.47,9.64,1.88,-38.93,-3.04,-10.00
22,7,976.55,459.04,1150.62,522.58,0.1495,2.0,2.10,5.25,7.90,0.98,40.86,-3.10,-10.00
22,7,-1.00,-1.00,-1.00,-1.00,0.1384,2.0,2.20,5.42,9.35,2.39,-49.51,-1.50,-10.00
22,7,-1.00,-1.00,-1.00,-1.00,0.1335,2.0,2.18,5.30,31.93,0.90,-10.32,-1.37,-10.00
22,7,-1.00,-1.00,-1.00,-1.00,0.1322,2.0,2.22,5.73,22.41,1.60,-6.91,-3.05,-10.00
22,7,-1.00,-1.00,-1.00,-1.00,0.1131,1.9,2.00,5.42,-0.91,2.22,-47.76,-1.67,-10.00
22,7,-1.00,-1.00,-1.00,-1.00,0.1064,2.1,2.18,5.76,38.29,1.17,-7.04,0.15,-10.00
23,7,-1.00,-1.00,-1.00,-1.00,0.8767,4.0,2.88,5.73,3.21,1.30,-45.71,-1.75,-10.00
23,7,-1.00,-1.00,-1.00,-1.00,0.1667,2.7,2.46,6.13,26.67,-0.75,-35.59,-0.01,-10.00
23,7,-1.00,-1.00,-1.00,-1.00,0.1584,2.0,2.09,5.27,9.17,1.51,-31.24,3.07,-10.00
23,7,-1.00,-1.00,-1.00,-1.00,0.1438,1.9,2.05,5.30,32.16,0.95,-11.60,-1.37,-10.00
23,7,-1.00,-1.00,-1.00,-1.00,0.1412,2.0,2.15,5.46,49.18,0.91,0.12,-2.97,-10.00
24,7,-1.00,-1.00,-1.00,-1.00,0.6915,4.1,2.95,6.24,3.25,0.64,-46.31,-1.75,-10.00
24,7,-1.00,-1.00,-1.00,-1.00,0.1687,2.0,2.02,5.17,9.25,1.12,-33.50,-0.08,-10.00
24,7,-1.00,-1.00,-1.00,-1.00,0.1420,1.9,2.12,5.33,48.71,0.73,-1.25,-3.14,-10.00
24,7,-1.00,-1.00,-1.00,-1.00,0.1392,2.0,2.11,5.42,28.69,1.34,5.06,1.89,-10.00
24,7,-1.00,-1.00,-1.00,-1.00,0.1312,1.9,2.04,5.11,32.25,0.73,-13.51,-1.40,-10.00
24,7,-1.00,-1.00,-1.00,-1.00,0.1108,2.1,2.02,5.34,0.07,1.94,-52.08,-1.64,-10.00
25,7,-1.00,-1.00,-1.00,-1.00,0.6646,3.9,2.86,5.83,2.95,0.53,-47.33,-1.76,-10.00
25,7,-1.00,-1.00,-1.00,-1.00,0.1336,1.9,2.13,5.30,19.97,1.39,-15.57,-1.58,-10.00
25,7,-1.00,-1.00,-1.00,-1.00,0.1289,2.0,2.19,5.48,32.40,0.74,-16.10,1.73,-10.00
25,7,-1.00,-1.00,-1.00,-1.00,0.1274,2.1,2.19,5.32,31.89,0.68,-10.73,1.76,-10.00
25,7,-1.00,-1.00,-1.00,-1.00,0.1145,2.1,2.22,5.24,46.21,0.11,-20.34,1.86,-10.00
26,7,-1.00,-1.00,-1.00,-1.00,0.6178,4.0,3.11,10.07,2.58,0.75,-49.99,-1.75,-10.00
26,7,-1.00,-1.00,-1.00,-1.00,0.1250,2.0,2.16,5.35,31.88,0.74,-21.51,1.77,-10.00
26,7,1043.67,392.65,1284.83,509.95,0.1089,3.2,2.54,6.36,10.17,0.52,37.26,-0.17,-10.00
27,7,-1.00,-1.00,-1.00,-1.00,0.6853,3.5,2.63,7.39,1.32,1.04,-50.52,-1.74,-10.00
27,7,1029.83,477.15,1310.44,572.36,0.1489,1.9,2.08,5.34,7.42,1.66,26.86,3.05,-10.00
27,7,-1.00,-1.00,-1.00,-1.00,0.1308,2.2,2.15,5.35,7.48,1.41,-43.32,-3.13,-10.00
27,7,-1.00,-1.00,-1.00,-1.00,0.1103,1.9,2.00,5.18,8.86,1.55,-40.64,3.10,-10.00
27,7,-1.00,-1.00,-1.00,-1.00,0.1102,2.0,2.19,5.41,31.35,0.83,-25.35,1.71,-10.00
28,7,-1.00,-1.00,-1.00,-1.00,0.1577,1.9,2.09,5.05,18.51,1.37,-26.71,-1.38,-10.00
28,7,-1.00,-1.00,-1.00,-1.00,0.1514,2.8,2.48,6.13,6.00,1.53,-47.62,-1.55,-10.00
28,7,-1.00,-1.00,-1.00,-1.00,0.1353,3.6,2.70,8.35,-0.64,1.82,-52.09,-1.58,-10.00
28,7,-1.00,-1.00,-1.00,-1.00,0.1350,2.0,2.25,5.13,35.55,0.73,-24.47,-1.33,-10.00
28,7,-1.00,-1.00,-1.00,-1.00,0.1216,2.1,2.29,5.49,37.45,1.01,-22.77,0.19,-10.00
28,7,-1.00,-1.00,-1.00,-1.00,0.1092,2.0,2.15,5.36,38.40,0.68,-14.38,1.89,-10.00
28,7,-1.00,-1.00,-1.00,-1.00,0.1071,2.0,2.14,5.49,30.93,0.35,-28.56,1.88,-10.00
29,7,-1.00,-1.00,-1.00,-1.00,0.3854,2.2,2.25,5.81,5.40,1.53,-51.38,-1.58,-10.00
29,7,-1.00,-1.00,-1.00,-1.00,0.2711,3.0,2.54,6.60,33.92,0.14,49.40,-1.21,-10.00
29,7,-1.00,-1.00,-1.00,-1.00,0.2420,2.0,2.10,4.99,6.16,1.40,-49.09,-3.06,-10.00
29,7,-1.00,-1.00,-1.00,-1.00,0.1391,2.0,2.18,5.65,25.23,1.05,-13.00,1.93,-10.00
29,7,-1.00,-1.00,-1.00,-1.00,0.1196,2.0,2.14,5.59,15.99,0.92,-44.64,0.11,-10.00
29,7,-1.00,-1.00,-1.00,-1.00,0.1086,2.1,2.26,5.72,38.16,0.67,-28.09,0.28,-10.00
30,7,1192.72,394.14,1416.96,494.44,0.1391,3.6,3.06,7.74,18.52,0.08,48.34,-2.78,-10.00
30,7,-1.00,-1.00,-1.00,-1.00,0.1211,3.5,2.66,7.04,35.01,0.01,42.48,0.36,-10.00
31,7,-1.00,-1.00,-1.00,-1.00,0.1800,3.6,2.83,8.51,34.34,0.29,41.47,-1.21,-10.00
31,7,-1.00,-1.00,-1.00,-1.00,0.1187,2.0,2.16,5.95,19.60,1.88,-19.62,-1.26,-10.00
31,7,-1.00,-1.00,-1.00,-1.00,0.1122,1.9,2.10,5.25,16.62,1.46,-19.79,-1.28,-10.00
31,7,-1.00,-1.00,-1.00,-1.00,0.1062,2.3,2.41,5.95,24.48,1.08,-20.30,0.34,-10.00
32,7,-1.00,-1.00,-1.00,-1.00,0.1885,3.4,2.59,5.91,34.33,1.22,35.80,-1.18,-10.00
32,7,-1.00,-1.00,-1.00,-1.00,0.1509,1.9,1.97,5.05,20.58,1.11,19.17,-1.14,-10.00
32,7,-1.00,-1.00,-1.00,-1.00,0.1093,1.9,2.07,5.23,15.25,2.03,-43.39,-1.46,-10.00
32,7,-1.00,-1.00,-1.00,-1.00,0.1032,3.6,2.80,7.91,34.09,0.43,17.32,0.30,-10.00
35,7,-1.00,-1.00,-1.00,-1.00,0.1499,1.9,2.12,5.41,11.81,2.24,-35.02,1.89,-10.00
35,7,1331.74,372.60,1451.50,498.76,0.1078,3.9,2.89,10.03,20.39,0.19,45.43,-1.25,-10.00
38,7,-1.00,-1.00,-1.00,-1.00,0.1015,3.1,2.54,6.49,33.59,0.54,13.88,-1.19,-10.00
39,7,-1.00,-1.00,-1.00,-1.00,0.3776,3.3,2.72,6.75,32.05,0.97,-15.72,0.22,-10.00
40,7,-1.00,-1.00,-1.00,-1.00,0.2474,3.2,2.68,5.96,31.80,0.89,-18.66,0.22,-10.00
40,7,-1.00,-1.00,-1.00,-1.00,0.1426,3.7,2.77,7.84,25.79,0.87,-11.16,-1.27,-10.00
