0,7,0.00,393.03,411.58,583.55,0.8966,3.9,2.90,9.96,-14.72,2.45,28.02,0.09,-10.00
0,7,-1.00,-1.00,-1.00,-1.00,0.8142,2.1,2.23,5.90,7.64,1.22,-11.95,-0.01,-10.00
0,7,-1.00,-1.00,-1.00,-1.00,0.4657,4.0,3.04,11.69,-28.90,2.59,28.27,-0.22,-10.00
0,7,0.00,416.03,355.42,610.47,0.3271,3.6,2.90,8.31,-14.26,2.72,25.36,0.01,-10.00
0,7,-1.00,-1.00,-1.00,-1.00,0.2329,2.0,2.23,5.83,13.60,1.09,8.13,-1.94,-10.00
0,7,0.00,445.54,78.84,594.99,0.1852,3.9,3.26,14.58,-29.59,3.42,35.68,0.01,-10.00
0,7,-1.00,-1.00,-1.00,-1.00,0.1362,3.8,3.16,10.19,30.41,3.20,32.06,3.10,-10.00
0,7,-1.00,-1.00,-1.00,-1.00,0.1358,2.1,2.12,5.39,-15.91,1.52,2.89,3.03,-10.00
0,7,-1.00,-1.00,-1.00,-1.00,0.1337,1.9,2.11,5.45,-0.42,1.35,-13.53,-1.55,-10.00
0,7,341.72,475.15,506.47,532.82,0.1267,2.1,2.17,5.55,-15.10,2.34,47.29,3.07,-10.00
0,7,864.15,476.96,1055.29,542.75,0.1118,1.9,2.14,5.60,4.04,2.22,38.72,3.10,-10.00
0,7,-1.00,-1.00,-1.00,-1.00,0.1090,1.9,2.22,6.07,-21.14,2.11,20.68,1.20,-10.00
0,7,-1.00,-1.00,-1.00,-1.00,0.1055,2.5,2.37,6.45,15.00,0.68,10.47,2.96,-10.00
0,7,906.65,471.80,1108.88,544.49,0.1054,2.0,2.19,5.61,5.15,2.13,36.30,0.08,-10.00
0,7,-1.00,-1.00,-1.00,-1.00,0.1042,1.9,2.08,5.40,8.34,1.47,-1.06,-3.10,-10.00
0,7,970.86,468.95,1139.11,526.45,0.1025,2.0,2.16,5.59,8.22,2.01,45.41,3.06,-10.00
0,7,-1.00,-1.00,-1.00,-1.00,0.1010,1.9,2.06,5.55,8.31,1.06,-17.25,-0.02,-10.00
1,7,0.00,398.44,295.77,611.44,0.8873,3.9,2.87,10.23,-16.28,2.68,24.88,0.01,-10.00
1,7,-1.00,-1.00,-1.00,-1.00,0.8053,2.1,2.25,5.87,8.05,1.08,-13.97,-0.02,-10.00
1,7,-1.00,-1.00,-1.00,-1.00,0.7462,3.9,3.18,11.11,-29.65,2.85,24.63,-0.26,-10.00
1,7,-1.00,-1.00,-1.00,-1.00,0.2117,4.0,3.17,11.33,-29.88,3.98,32.00,-0.09,-10.00
1,7,-1.00,-1.00,-1.00,-1.00,0.1922,2.0,2.25,6.24,1.92,0.86,-28.19,-1.53,-10.00
1,7,574.93,499.63,649.22,554.69,0.1675,1.9,1.95,5.21,-7.68,3.02,45.28,1.54,-10.00
1,7,-1.00,-1.00,-1.00,-1.00,0.1618,2.0,2.12,5.44,8.70,0.93,-19.56,3.08,-10.00
1,7,-1.00,-1.00,-1.00,-1.00,0.1397,2.6,2.51,5.95,-16.90,0.93,-11.52,-0.07,-10.00
1,7,332.90,487.86,425.69,550.58,0.1360,2.1,2.20,5.64,-15.80,2.83,44.55,-1.75,-10.00
1,7,-1.00,-1.00,-1.00,-1.00,0.1301,2.2,2.24,5.77,-36.18,1.64,39.60,-0.20,-10.00
1,7,-1.00,-1.00,-1.00,-1.00,0.1293,2.0,2.18,5.50,-20.35,1.92,2.79,-0.12,-10.00
1,7,-1.00,-1.00,-1.00,-1.00,0.1277,2.0,2.22,5.69,29.43,0.50,8.20,-1.62,-10.00
1,7,-1.00,-1.00,-1.00,-1.00,0.1276,1.9,2.10,5.53,9.21,0.53,-30.27,3.12,-10.00
1,7,0.00,462.35,259.63,594.46,0.1264,2.8,2.48,7.40,-17.00,2.69,28.07,3.10,-10.00
1,7,1313.91,513.51,1594.31,599.92,0.1242,1.9,2.18,5.62,14.92,3.02,30.00,-0.07,-10.00
1,7,-1.00,-1.00,-1.00,-1.00,0.1196,1.8,2.14,5.29,16.24,1.42,4.79,1.56,-10.00
1,7,231.67,482.65,407.03,541.23,0.1161,2.0,2.11,5.33,-17.75,2.48,44.08,3.02,-10.00
1,7,850.11,489.03,1007.49,554.39,0.1130,2.5,2.36,5.85,4.00,3.30,49.71,-0.11,-10.00
1,7,0.00,400.06,223.12,625.78,0.1067,3.7,2.83,7.49,-15.17,2.60,22.19,-0.08,-10.00
1,7,0.00,468.21,186.27,546.97,0.1017,2.0,2.26,6.05,-20.07,2.09,34.52,1.47,-10.00
1,7,100.02,405.73,323.54,543.25,0.1011,3.4,2.79,7.94,-16.81,2.02,35.02,-1.64,-10.00
2,7,0.00,326.03,129.38,586.29,0.9086,4.0,2.93,10.69,-18.04,1.87,21.28,0.00,-10.00
2,7,-1.00,-1.00,-1.00,-1.00,0.7796,3.8,3.05,10.75,-31.56,1.99,19.88,-0.30,-10.00
2,7,-1.00,-1.00,-1.00,-1.00,0.7375,2.1,2.24,5.97,9.03,1.48,-15.81,-0.09,-10.00
2,7,-1.00,-1.00,-1.00,-1.00,0.1796,1.9,2.17,5.23,25.33,1.39,-32.53,2.94,-10.00
2,7,-1.00,-1.00,-1.00,-1.00,0.1722,1.9,2.20,5.65,15.57,1.37,3.84,-1.66,-10.00
2,7,-1.00,-1.00,-1.00,-1.00,0.1554,2.1,2.16,6.07,4.38,1.59,-28.05,-1.55,-10.00
2,7,-1.00,-1.00,-1.00,-1.00,0.1503,3.4,2.79,8.17,-31.24,2.06,23.41,-0.27,-10.00
2,7,430.53,463.00,530.91,529.52,0.1495,1.9,2.12,5.69,-10.96,1.87,40.12,1.48,-10.00
2,7,-1.00,-1.00,-1.00,-1.00,0.1398,1.9,2.15,5.59,10.42,1.41,-21.54,0.02,-10.00
2,7,1326.49,445.39,1500.64,517.97,0.1373,2.1,2.17,6.00,18.84,1.50,40.64,1.44,-10.00
2,7,-1.00,-1.00,-1.00,-1.00,0.1354,2.0,2.15,5.50,11.02,1.45,-32.18,-3.14,-10.00
2,7,877.06,455.87,1021.71,509.69,0.1213,1.9,2.09,5.29,4.59,1.46,47.49,0.02,-10.00
2,7,-1.00,-1.00,-1.00,-1.00,0.1159,2.0,2.18,5.19,-21.79,0.54,-48.27,3.00,-10.00
2,7,928.69,460.52,1162.67,543.42,0.1148,1.9,2.19,5.40,5.49,1.81,31.43,-0.38,-10.00
2,7,-1.00,-1.00,-1.00,-1.00,0.1113,3.6,2.83,8.54,18.35,1.11,6.06,-1.71,-10.00
2,7,-1.00,-1.00,-1.00,-1.00,0.1089,3.4,2.70,7.71,22.74,1.32,6.81,-1.66,-10.00
2,7,800.97,455.24,884.01,521.01,0.1029,2.0,2.25,6.04,0.64,1.70,43.09,1.68,-10.00
2,7,0.00,340.82,42.47,619.08,0.1029,3.7,3.10,9.80,-17.64,2.04,18.57,-0.08,-10.00
2,7,-1.00,-1.00,-1.00,-1.00,0.1002,1.9,2.08,5.61,34.38,0.14,-39.79,-1.83,-10.00
3,7,-1.00,-1.00,-1.00,-1.00,0.8866,3.8,2.96,10.45,-20.80,1.59,16.60,-0.13,-10.00
3,7,-1.00,-1.00,-1.00,-1.00,0.7785,2.1,2.18,5.67,10.81,1.68,-16.82,-0.21,-10.00
3,7,-1.00,-1.00,-1.00,-1.00,0.6818,4.0,3.03,11.12,-33.76,1.40,13.56,-0.42,-10.00
3,7,753.44,452.57,1005.42,545.26,0.1945,2.0,2.22,5.60,1.29,1.74,29.50,2.61,-10.00
3,7,195.71,436.87,313.84,521.67,0.1606,2.0,2.05,5.65,-14.96,1.32,33.09,1.28,-10.00
3,7,699.07,442.27,798.80,505.90,0.1335,2.0,2.27,5.94,-2.99,1.25,46.64,1.25,-10.00
3,7,618.06,453.08,780.04,510.33,0.1320,1.9,2.13,5.47,-4.61,1.41,45.55,0.18,-10.00
3,7,-1.00,-1.00,-1.00,-1.00,0.1311,3.5,2.91,7.94,-34.61,2.06,21.01,-0.29,-10.00
3,7,-1.00,-1.00,-1.00,-1.00,0.1272,2.0,2.20,5.77,45.14,2.61,29.34,2.86,-10.00
3,7,1233.96,388.09,1483.04,513.92,0.1266,3.5,2.92,7.91,16.92,1.34,40.66,-1.87,-10.00
3,7,1192.58,441.55,1413.97,532.98,0.1219,2.2,2.30,5.91,12.62,1.67,33.75,-1.89,-10.00
3,7,1010.33,454.92,1268.29,543.24,0.1185,2.1,2.25,5.83,7.71,1.78,31.01,2.85,-10.00
3,7,-1.00,-1.00,-1.00,-1.00,0.1177,2.0,2.14,6.04,5.86,1.76,-26.57,-1.79,-10.00
3,7,-1.00,-1.00,-1.00,-1.00,0.1168,1.9,2.10,5.01,-18.66,1.17,-10.70,2.82,-10.00
3,7,-1.00,-1.00,-1.00,-1.00,0.1127,1.9,2.14,5.20,27.77,1.95,-31.79,2.81,-10.00
3,7,-1.00,-1.00,-1.00,-1.00,0.1056,2.0,2.16,5.41,43.90,2.05,35.79,2.78,-10.00
3,7,-1.00,-1.00,-1.00,-1.00,0.1048,1.9,2.14,5.57,-28.89,1.62,7.31,0.95,-10.00
3,7,1231.03,439.73,1443.72,518.72,0.1045,2.1,2.12,5.36,14.35,1.34,35.25,-0.30,-10.00
3,7,-1.00,-1.00,-1.00,-1.00,0.1042,1.8,2.09,5.34,15.09,1.79,-32.49,2.93,-10.00
4,7,-1.00,-1.00,-1.00,-1.00,0.8737,4.0,2.98,10.42,-23.18,1.18,10.94,-0.25,-10.00
4,7,-1.00,-1.00,-1.00,-1.00,0.8200,2.0,2.17,5.69,13.25,1.77,-17.20,-0.35,-10.00
4,7,-1.00,-1.00,-1.00,-1.00,0.6529,4.0,2.93,10.74,-35.60,0.81,5.89,-0.60,-10.00
4,7,-1.00,-1.00,-1.00,-1.00,0.1755,2.0,2.24,5.63,20.55,1.88,-32.10,2.81,-10.00
4,7,494.91,452.91,761.22,553.53,0.1604,2.0,2.14,5.30,-4.18,1.75,26.97,2.45,-10.00
4,7,-1.00,-1.00,-1.00,-1.00,0.1518,2.0,2.10,5.26,14.57,1.74,3.09,-1.90,-10.00
4,7,317.46,450.21,521.25,519.26,0.1499,2.0,2.22,5.72,-12.25,1.47,38.12,-0.23,-10.00
4,7,-1.00,-1.00,-1.00,-1.00,0.1470,2.0,2.14,5.38,21.62,1.51,-1.60,2.74,-10.00
4,7,-1.00,-1.00,-1.00,-1.00,0.1439,2.8,2.59,6.66,25.57,0.65,9.96,-1.85,-10.00
4,7,-1.00,-1.00,-1.00,-1.00,0.1419,1.9,2.10,5.27,-10.42,1.19,-21.97,2.90,-10.00
4,7,763.85,433.25,889.34,523.74,0.1275,3.1,2.74,6.77,-0.14,1.99,47.59,1.25,-10.00
4,7,481.99,444.06,672.35,513.95,0.1275,2.2,2.31,5.91,-8.44,1.46,42.63,2.57,-10.00
4,7,812.51,464.81,1061.89,555.19,0.1260,2.0,2.18,5.57,2.66,2.01,30.21,2.77,-10.00
4,7,-1.00,-1.00,-1.00,-1.00,0.1248,2.0,2.20,5.72,-29.70,1.39,0.63,0.95,-10.00
4,7,370.58,444.71,548.31,507.02,0.1232,2.0,2.08,5.58,-12.20,1.21,42.02,2.91,-10.00
4,7,988.33,428.86,1197.00,523.19,0.1220,2.2,2.24,5.74,6.82,1.35,32.94,-2.04,-10.00
4,7,-1.00,-1.00,-1.00,-1.00,0.1194,2.1,2.21,5.78,-19.30,1.33,-11.54,-0.36,-10.00
4,7,-1.00,-1.00,-1.00,-1.00,0.1192,2.0,2.17,5.86,-19.08,1.22,25.25,1.12,-10.00
4,7,203.33,457.57,363.43,513.67,0.1182,2.0,2.07,5.34,-20.63,1.61,47.65,-2.94,-10.00
4,7,-1.00,-1.00,-1.00,-1.00,0.1136,1.9,2.11,5.26,18.73,2.31,-29.51,2.76,-10.00
4,7,892.92,413.65,1043.56,510.47,0.1134,3.5,2.67,6.97,5.59,1.56,50.82,-2.03,-10.00
4,7,-1.00,-1.00,-1.00,-1.00,0.1104,2.2,2.27,5.96,-11.24,1.04,-17.42,2.60,-10.00
4,7,243.22,453.86,427.89,517.23,0.1013,2.0,2.07,5.55,-16.23,1.54,41.76,2.85,-10.00
5,7,-1.00,-1.00,-1.00,-1.00,0.8234,3.9,2.84,9.49,-24.61,1.42,4.13,-0.48,-10.00
5,7,-1.00,-1.00,-1.00,-1.00,0.7449,2.0,2.14,5.59,15.93,1.77,-16.81,-0.56,-10.00
5,7,-1.00,-1.00,-1.00,-1.00,0.4736,3.9,2.99,10.73,-36.33,0.87,-3.41,-0.82,-10.00
5,7,-1.00,-1.00,-1.00,-1.00,0.2478,2.6,2.45,6.06,-21.46,1.61,16.15,0.92,-10.00
5,7,-1.00,-1.00,-1.00,-1.00,0.1958,2.0,2.16,5.66,25.05,2.22,-32.56,-2.24,-10.00
5,7,-1.00,-1.00,-1.00,-1.00,0.1573,1.9,2.14,5.51,21.34,1.38,-0.33,2.51,-10.00
5,7,-1.00,-1.00,-1.00,-1.00,0.1474,1.9,2.19,5.39,25.42,2.22,-29.82,2.63,-10.00
5,7,-1.00,-1.00,-1.00,-1.00,0.1411,2.0,2.22,6.02,-39.30,1.22,-19.87,-0.87,-10.00
5,7,0.00,441.72,166.32,528.01,0.1376,1.9,2.13,5.54,-18.87,1.34,29.48,2.87,-10.00
5,7,50.82,428.33,185.04,522.22,0.1283,2.0,2.29,6.12,-17.71,1.27,31.63,1.16,-10.00
5,7,-1.00,-1.00,-1.00,-1.00,0.1268,2.2,2.29,6.02,30.21,1.73,42.70,2.74,-10.00
5,7,-1.00,-1.00,-1.00,-1.00,0.1183,1.9,2.10,5.31,22.41,1.21,-2.30,2.55,-10.00
5,7,38.58,442.97,257.34,516.61,0.1045,2.0,2.11,5.45,-19.80,1.35,36.88,2.74,-10.00
5,7,-1.00,-1.00,-1.00,-1.00,0.1034,3.5,2.86,7.76,29.96,2.43,39.99,0.89,-10.00
5,7,-1.00,-1.00,-1.00,-1.00,0.1016,2.3,2.29,5.92,-18.43,1.15,-23.77,2.56,-10.00
5,7,-1.00,-1.00,-1.00,-1.00,0.1008,2.1,2.19,5.55,-29.56,1.63,-7.59,0.55,-10.00
6,7,-1.00,-1.00,-1.00,-1.00,0.6717,3.9,2.98,10.39,-34.63,0.92,-12.36,-0.99,-10.00
6,7,-1.00,-1.00,-1.00,-1.00,0.6606,4.1,3.03,10.24,-25.07,1.37,-3.20,-0.68,-10.00
6,7,-1.00,-1.00,-1.00,-1.00,0.5739,2.0,2.17,5.68,18.80,1.80,-15.60,-0.76,-10.00
6,7,-1.00,-1.00,-1.00,-1.00,0.2280,2.0,2.16,5.50,13.59,1.50,-9.16,2.41,-10.00
6,7,-1.00,-1.00,-1.00,-1.00,0.1970,1.9,2.15,5.70,-13.09,1.54,-22.60,-0.82,-10.00
6,7,-1.00,-1.00,-1.00,-1.00,0.1739,2.9,2.66,7.85,-11.36,1.46,-27.40,-0.95,-10.00
6,7,-1.00,-1.00,-1.00,-1.00,0.1713,3.7,2.85,7.06,13.35,1.64,10.10,2.38,-10.00
6,7,-1.00,-1.00,-1.00,-1.00,0.1586,2.1,2.23,5.77,21.48,1.39,0.04,-2.53,-10.00
6,7,-1.00,-1.00,-1.00,-1.00,0.1468,2.0,2.17,5.63,-25.13,0.93,-13.55,0.22,-10.00
6,7,-1.00,-1.00,-1.00,-1.00,0.1468,2.0,2.20,5.64,-27.46,1.33,-15.79,0.42,-10.00
6,7,-1.00,-1.00,-1.00,-1.00,0.1374,2.8,2.64,6.55,-49.40,1.40,21.80,0.73,-10.00
6,7,-1.00,-1.00,-1.00,-1.00,0.1340,2.0,2.07,5.63,-18.72,1.54,-11.68,2.70,-10.00
6,7,1497.48,465.07,1596.27,528.26,0.1261,1.9,2.13,5.48,23.85,1.91,41.39,-0.93,-10.00
6,7,412.88,403.40,738.75,563.22,0.1241,3.1,2.79,7.75,-5.70,2.00,27.59,0.70,-10.00
6,7,-1.00,-1.00,-1.00,-1.00,0.1165,2.9,2.52,6.09,20.58,1.19,14.92,-2.46,-10.00
6,7,-1.00,-1.00,-1.00,-1.00,0.1158,3.3,2.64,7.31,-37.15,1.30,31.59,-0.25,-10.00
6,7,-1.00,-1.00,-1.00,-1.00,0.1143,1.9,2.10,5.29,-35.29,1.18,-28.23,0.37,-10.00
6,7,-1.00,-1.00,-1.00,-1.00,0.1121,2.4,2.21,5.57,-38.60,0.32,12.20,-2.40,-10.00
6,7,-1.00,-1.00,-1.00,-1.00,0.1075,2.3,2.23,5.80,-27.12,1.33,30.98,0.35,-10.00
6,7,-1.00,-1.00,-1.00,-1.00,0.1072,3.8,3.26,8.76,-41.87,0.69,-10.14,2.17,-10.00
6,7,-1.00,-1.00,-1.00,-1.00,0.1036,2.0,2.22,5.98,-29.04,1.20,-14.08,-1.13,-10.00
7,7,-1.00,-1.00,-1.00,-1.00,0.8241,3.8,2.85,10.08,-23.84,0.88,-10.69,-0.88,-10.00
7,7,-1.00,-1.00,-1.00,-1.00,0.7213,3.8,2.93,11.08,-31.65,0.50,-22.37,-1.20,-10.00
7,7,-1.00,-1.00,-1.00,-1.00,0.4797,2.1,2.20,5.84,21.61,2.00,-13.93,-0.91,-10.00
7,7,-1.00,-1.00,-1.00,-1.00,0.3169,2.1,2.21,5.57,-5.88,1.26,-27.08,-2.55,-10.00
7,7,-1.00,-1.00,-1.00,-1.00,0.2376,2.1,2.22,5.51,-28.99,0.90,-37.11,-2.88,-10.00
7,7,-1.00,-1.00,-1.00,-1.00,0.2309,2.8,2.54,6.60,-39.23,0.30,-22.49,-1.28,-10.00
7,7,-1.00,-1.00,-1.00,-1.00,0.1669,2.0,2.15,5.72,15.89,1.76,-10.35,-2.88,-10.00
7,7,-1.00,-1.00,-1.00,-1.00,0.1565,3.7,2.84,8.71,-35.26,0.39,-22.40,-1.19,-10.00
7,7,-1.00,-1.00,-1.00,-1.00,0.1514,1.9,2.07,5.35,-42.13,0.88,20.84,-0.34,-10.00
7,7,-1.00,-1.00,-1.00,-1.00,0.1424,1.9,2.09,5.29,-21.60,1.08,-20.73,0.18,-10.00
7,7,0.00,374.77,410.05,570.63,0.1407,3.2,2.85,10.61,-12.79,1.89,24.56,0.59,-10.00
7,7,-1.00,-1.00,-1.00,-1.00,0.1220,2.1,2.16,5.82,-15.43,1.50,-17.94,2.56,-10.00
7,7,1041.71,456.63,1204.02,515.62,0.1212,2.0,2.16,5.55,10.64,1.60,45.42,-2.98,-10.00
7,7,-1.00,-1.00,-1.00,-1.00,0.1140,3.5,2.80,7.10,-51.01,0.63,8.47,-0.57,-10.00
7,7,-1.00,-1.00,-1.00,-1.00,0.1129,2.0,2.19,5.58,34.22,1.78,-1.92,-1.54,-10.00
7,7,-1.00,-1.00,-1.00,-1.00,0.1092,3.6,2.89,8.23,-37.62,0.74,-23.40,-1.22,-10.00
7,7,-1.00,-1.00,-1.00,-1.00,0.1065,2.0,2.13,5.61,-22.69,1.16,-23.11,-2.76,-10.00
7,7,-1.00,-1.00,-1.00,-1.00,0.1065,2.0,2.21,5.50,-25.25,0.77,22.26,0.97,-10.00
7,7,1025.10,456.64,1174.76,509.99,0.1063,1.9,2.11,5.21,10.48,1.50,48.26,-0.07,-10.00
7,7,-1.00,-1.00,-1.00,-1.00,0.1054,2.1,2.27,5.68,49.85,1.33,-28.89,2.63,-10.00
7,7,453.25,411.01,743.13,562.16,0.1053,3.3,2.75,8.57,-5.42,2.25,31.84,-1.13,-10.00
7,7,-1.00,-1.00,-1.00,-1.00,0.1029,2.0,2.16,5.76,-27.51,0.95,-39.37,-1.32,-10.00
7,7,-1.00,-1.00,-1.00,-1.00,0.1019,2.0,2.17,5.35,28.59,1.60,37.14,0.44,-10.00
7,7,-1.00,-1.00,-1.00,-1.00,0.1014,2.3,2.17,5.55,-29.75,1.28,32.28,0.60,-10.00
8,7,-1.00,-1.00,-1.00,-1.00,0.8903,3.9,2.84,10.51,-21.26,1.05,-17.89,-1.08,-10.00
8,7,-1.00,-1.00,-1.00,-1.00,0.6855,3.8,2.85,9.39,-26.53,1.04,-29.52,-1.38,-10.00
8,7,-1.00,-1.00,-1.00,-1.00,0.2995,2.0,2.22,5.86,-2.61,1.32,-31.32,-1.24,-10.00
8,7,-1.00,-1.00,-1.00,-1.00,0.2980,1.9,2.15,5.63,-16.55,1.51,-28.74,2.02,-10.00
8,7,-1.00,-1.00,-1.00,-1.00,0.1933,2.0,2.20,5.41,-21.21,1.46,-44.73,0.03,-10.00
8,7,0.00,345.55,106.39,525.40,0.1779,3.3,2.46,6.92,-18.40,1.08,25.61,0.35,-10.00
8,7,605.57,473.83,894.52,576.20,0.1767,2.1,2.20,5.83,-1.64,2.26,27.12,-2.84,-10.00
8,7,-1.00,-1.00,-1.00,-1.00,0.1639,2.0,2.20,5.21,20.96,1.77,3.12,1.99,-10.00
8,7,-1.00,-1.00,-1.00,-1.00,0.1624,3.0,2.52,5.86,-39.16,0.64,-9.95,0.17,-10.00
8,7,836.77,461.98,1014.49,527.36,0.1552,2.0,2.21,5.61,3.33,1.88,41.81,-2.91,-10.00
8,7,-1.00,-1.00,-1.00,-1.00,0.1523,2.8,2.41,5.76,26.74,0.29,10.23,0.20,-10.00
8,7,-1.00,-1.00,-1.00,-1.00,0.1510,1.9,2.13,5.51,-17.65,1.72,7.43,-1.29,-10.00
8,7,-1.00,-1.00,-1.00,-1.00,0.1479,2.0,2.21,5.84,23.23,1.84,-12.51,1.82,-10.00
8,7,-1.00,-1.00,-1.00,-1.00,0.1471,2.2,2.26,5.88,-35.17,0.96,13.11,-0.17,-10.00
8,7,-1.00,-1.00,-1.00,-1.00,0.1425,2.0,2.27,6.08,14.45,1.45,-7.30,-0.90,-10.00
8,7,-1.00,-1.00,-1.00,-1.00,0.1321,2.2,2.30,5.77,47.98,2.80,-6.28,0.23,-10.00
8,7,-1.00,-1.00,-1.00,-1.00,0.1183,2.9,2.62,8.33,-22.24,1.50,-29.27,1.91,-10.00
8,7,-1.00,-1.00,-1.00,-1.00,0.1166,2.0,2.25,5.71,-15.25,1.34,-9.96,0.31,-10.00
8,7,-1.00,-1.00,-1.00,-1.00,0.1144,2.0,2.11,5.22,4.10,0.99,-29.43,-2.80,-10.00
9,7,-1.00,-1.00,-1.00,-1.00,0.6546,4.1,3.04,10.83,-18.52,1.22,-23.33,-1.20,-10.00
9,7,-1.00,-1.00,-1.00,-1.00,0.4256,4.0,3.06,12.31,-22.11,0.83,-37.60,-1.51,-10.00
9,7,-1.00,-1.00,-1.00,-1.00,0.3650,2.0,2.17,5.68,3.40,1.17,-32.95,-2.87,-10.00
9,7,-1.00,-1.00,-1.00,-1.00,0.3159,1.9,2.18,5.53,-13.39,1.06,-32.51,-0.46,-10.00
9,7,-1.00,-1.00,-1.00,-1.00,0.2804,1.9,2.08,5.15,-19.20,1.87,0.33,-3.11,-10.00
9,7,643.75,471.73,829.35,535.55,0.2637,1.9,2.07,5.46,-2.77,2.02,39.18,-2.99,-10.00
9,7,-1.00,-1.00,-1.00,-1.00,0.1818,2.0,2.18,5.80,20.52,1.48,4.60,1.74,-10.00
9,7,-1.00,-1.00,-1.00,-1.00,0.1796,1.9,2.09,5.05,-17.70,1.08,-49.74,-2.83,-10.00
9,7,-1.00,-1.00,-1.00,-1.00,0.1785,1.9,2.07,5.57,17.62,1.40,4.52,1.75,-10.00
9,7,-1.00,-1.00,-1.00,-1.00,0.1612,2.2,2.23,5.34,-38.18,0.50,-18.34,-3.11,-10.00
9,7,-1.00,-1.00,-1.00,-1.00,0.1451,1.9,2.11,5.56,13.67,1.19,-11.58,0.22,-10.00
9,7,-1.00,-1.00,-1.00,-1.00,0.1133,2.2,2.42,5.95,47.16,2.05,-1.28,1.75,-10.00
9,7,-1.00,-1.00,-1.00,-1.00,0.1128,2.1,2.28,5.84,-33.22,0.69,0.20,0.15,-10.00
9,7,-1.00,-1.00,-1.00,-1.00,0.1127,2.0,2.14,5.32,-37.13,1.12,4.96,0.00,-10.00
9,7,-1.00,-1.00,-1.00,-1.00,0.1085,2.1,2.15,5.68,1.73,1.15,-34.60,-1.37,-10.00
9,7,-1.00,-1.00,-1.00,-1.00,0.1039,2.1,2.15,5.22,-45.50,1.74,15.55,-2.96,-10.00
10,7,-1.00,-1.00,-1.00,-1.00,0.8659,4.2,2.98,11.08,-18.76,1.46,-41.25,-1.61,-10.00
10,7,-1.00,-1.00,-1.00,-1.00,0.7999,3.9,2.93,10.55,-16.22,1.25,-27.55,-1.30,-10.00
10,7,494.55,458.02,708.52,530.15,0.2483,1.9,2.15,5.71,-6.44,1.71,36.21,-3.04,-10.00
10,7,-1.00,-1.00,-1.00,-1.00,0.2100,3.3,2.78,6.41,-35.29,0.93,-24.36,-0.03,-10.00
10,7,-1.00,-1.00,-1.00,-1.00,0.1740,1.9,2.25,5.81,18.16,1.29,-10.35,1.64,-10.00
10,7,-1.00,-1.00,-1.00,-1.00,0.1638,2.0,2.12,5.32,-19.31,1.86,-4.85,3.03,-10.00
10,7,-1.00,-1.00,-1.00,-1.00,0.1463,3.6,2.81,8.72,-22.38,1.15,13.33,0.11,-10.00
10,7,-1.00,-1.00,-1.00,-1.00,0.1407,2.0,2.21,6.03,4.65,1.36,-37.13,1.69,-10.00
10,7,-1.00,-1.00,-1.00,-1.00,0.1372,2.1,2.21,5.44,-31.66,0.72,1.08,0.49,-10.00
10,7,1056.81,453.70,1145.18,519.74,0.1241,2.3,2.30,6.01,10.39,1.85,47.93,1.62,-10.00
10,7,282.40,460.48,647.98,582.19,0.1200,2.2,2.33,6.37,-6.83,2.10,24.22,-3.11,-10.00
10,7,-1.00,-1.00,-1.00,-1.00,0.1027,2.0,2.28,5.92,16.18,1.37,-10.61,1.45,-10.00
10,7,-1.00,-1.00,-1.00,-1.00,0.1017,2.1,2.26,5.65,40.04,1.11,-14.66,-1.46,-10.00
11,7,-1.00,-1.00,-1.00,-1.00,0.8520,4.1,2.99,10.57,-16.05,0.76,-44.55,-1.63,-10.00
11,7,-1.00,-1.00,-1.00,-1.00,0.7838,3.9,2.96,10.78,-14.11,0.87,-30.74,-1.30,-10.00
11,7,-1.00,-1.00,-1.00,-1.00,0.2093,2.0,2.15,5.44,38.04,1.72,-13.56,-1.58,-10.00
11,7,-1.00,-1.00,-1.00,-1.00,0.1741,2.2,2.24,5.71,8.68,0.64,-38.25,-3.02,-10.00
11,7,-1.00,-1.00,-1.00,-1.00,0.1729,3.0,2.69,7.06,-34.42,0.54,-30.10,-0.07,-10.00
11,7,-1.00,-1.00,-1.00,-1.00,0.1679,2.0,2.18,5.58,18.93,1.00,-12.70,-1.52,-10.00
11,7,-1.00,-1.00,-1.00,-1.00,0.1673,2.3,2.54,6.93,16.24,1.03,-19.56,-3.05,-10.00
11,7,-1.00,-1.00,-1.00,-1.00,0.1664,2.1,2.33,5.65,26.97,1.24,-13.21,-1.55,-10.00
11,7,-1.00,-1.00,-1.00,-1.00,0.1507,3.5,2.65,6.40,-31.04,1.06,-29.27,-1.52,-10.00
11,7,-1.00,-1.00,-1.00,-1.00,0.1405,1.9,2.11,5.27,-7.81,0.72,-39.91,-0.45,-10.00
11,7,-1.00,-1.00,-1.00,-1.00,0.1374,2.0,2.17,5.57,19.70,1.73,1.33,1.69,-10.00
11,7,-1.00,-1.00,-1.00,-1.00,0.1367,2.0,2.21,5.61,40.88,1.82,-13.73,-1.54,-10.00
11,7,-1.00,-1.00,-1.00,-1.00,0.1290,2.4,2.42,6.31,-31.61,-1.49,-51.32,-1.64,-10.00
11,7,-1.00,-1.00,-1.00,-1.00,0.1189,1.9,2.18,5.51,-20.68,0.78,-14.11,-1.52,-10.00
11,7,363.65,478.46,615.44,563.76,0.1178,2.1,2.33,5.84,-8.58,2.37,32.32,-3.11,-10.00
11,7,1151.55,365.11,1353.77,550.40,0.1127,3.7,2.83,8.27,9.69,1.84,29.53,-1.44,-10.00
11,7,-1.00,-1.00,-1.00,-1.00,0.1121,3.4,2.91,7.69,-22.84,0.69,-39.72,1.72,-10.00
11,7,-1.00,-1.00,-1.00,-1.00,0.1077,1.9,2.16,5.62,37.76,1.90,-9.65,1.50,-10.00
11,7,-1.00,-1.00,-1.00,-1.00,0.1074,2.2,2.31,5.91,21.28,0.97,-11.27,0.06,-10.00
11,7,549.45,472.59,708.37,526.76,0.1063,2.0,2.20,5.78,-7.59,2.16,48.52,0.02,-10.00
11,7,-1.00,-1.00,-1.00,-1.00,0.1002,1.9,2.18,5.70,23.77,1.02,-34.57,3.14,-10.00
12,7,-1.00,-1.00,-1.00,-1.00,0.8050,3.7,2.97,9.13,-15.54,1.03,-46.50,-1.67,-10.00
12,7,-1.00,-1.00,-1.00,-1.00,0.6620,4.0,3.05,11.04,-13.32,1.29,-33.30,-1.23,-10.00
12,7,1415.82,0.00,1600.00,668.12,0.2603,3.5,2.66,7.61,7.76,1.18,10.04,-1.53,-10.00
12,7,-1.00,-1.00,-1.00,-1.00,0.2556,2.0,2.35,5.58,27.23,1.32,-15.76,-1.58,-10.00
12,7,-1.00,-1.00,-1.00,-1.00,0.1748,3.6,2.83,8.17,12.28,0.85,9.00,-1.46,-10.00
12,7,-1.00,-1.00,-1.00,-1.00,0.1462,2.0,2.28,5.59,38.12,1.71,-16.48,-1.52,-10.00
12,7,-1.00,-1.00,-1.00,-1.00,0.1373,2.1,2.36,5.80,40.72,1.87,-16.59,-1.48,-10.00
12,7,-1.00,-1.00,-1.00,-1.00,0.1324,2.1,2.32,6.01,-36.25,0.93,-14.65,-1.58,-10.00
12,7,-1.00,-1.00,-1.00,-1.00,0.1239,3.3,2.73,7.98,-22.34,1.72,-45.01,1.64,-10.00
12,7,-1.00,-1.00,-1.00,-1.00,0.1224,1.9,2.09,5.38,16.10,1.07,-15.02,1.48,-10.00
12,7,-1.00,-1.00,-1.00,-1.00,0.1193,2.2,2.46,5.94,37.23,0.81,-6.20,2.91,-10.00
12,7,-1.00,-1.00,-1.00,-1.00,0.1160,2.0,2.24,5.63,-19.69,1.21,-13.10,-0.34,-10.00
12,7,-1.00,-1.00,-1.00,-1.00,0.1148,3.5,2.70,8.25,8.52,1.51,-2.56,-0.01,-10.00
12,7,-1.00,-1.00,-1.00,-1.00,0.1133,2.0,2.19,5.45,2.74,1.30,-26.75,0.03,-10.00
12,7,-1.00,-1.00,-1.00,-1.00,0.1090,1.9,2.14,5.60,19.14,1.04,-15.29,1.51,-10.00
12,7,14.36,457.00,252.64,530.69,0.1084,1.9,2.10,5.49,-19.38,1.67,35.21,3.14,-10.00
12,7,-1.00,-1.00,-1.00,-1.00,0.1004,1.9,2.04,5.10,-31.41,0.83,-7.91,0.45,-10.00
13,7,-1.00,-1.00,-1.00,-1.00,0.6111,3.9,3.07,8.12,-15.29,1.02,-49.50,-1.70,-10.00
13,7,-1.00,-1.00,-1.00,-1.00,0.5895,3.8,2.92,10.37,-12.49,1.34,-35.17,-1.15,-10.00
13,7,-1.00,-1.00,-1.00,-1.00,0.2256,1.9,2.24,5.85,-6.62,1.34,-47.87,1.88,-10.00
13,7,-1.00,-1.00,-1.00,-1.00,0.1977,2.0,2.24,5.79,9.55,1.11,-25.08,-3.07,-10.00
13,7,-1.00,-1.00,-1.00,-1.00,0.1792,1.9,2.22,5.55,19.13,1.11,-18.29,1.64,-10.00
13,7,-1.00,-1.00,-1.00,-1.00,0.1782,2.1,2.41,6.56,-35.98,0.83,-19.09,-1.58,-10.00
13,7,1.24,440.51,271.90,526.21,0.1773,2.0,2.13,5.62,-17.31,1.38,31.65,3.14,-10.00
13,7,-1.00,-1.00,-1.00,-1.00,0.1656,2.0,2.25,6.20,-9.40,1.31,-48.38,1.55,-10.00
13,7,-1.00,-1.00,-1.00,-1.00,0.1489,1.9,2.09,5.64,8.77,1.27,-30.69,0.07,-10.00
13,7,1538.60,0.00,1600.00,900.00,0.1437,3.6,2.82,9.45,8.30,1.45,7.91,-1.48,-10.00
13,7,1010.68,333.65,1219.38,529.55,0.1412,4.1,3.06,11.93,7.06,1.51,32.87,-1.53,-10.00
13,7,-1.00,-1.00,-1.00,-1.00,0.1286,2.0,2.10,5.24,-19.29,1.38,-16.17,2.71,-10.00
13,7,81.26,437.25,325.30,514.65,0.1272,2.0,2.14,5.59,-17.02,1.18,34.44,3.11,-10.00
13,7,-1.00,-1.00,-1.00,-1.00,0.1204,2.0,2.09,5.38,7.78,1.04,-0.37,1.59,-10.00
13,7,-1.00,-1.00,-1.00,-1.00,0.1202,2.7,2.91,7.83,-45.51,0.89,-1.54,-1.47,-10.00
13,7,412.98,440.99,633.64,522.23,0.1186,2.6,2.39,6.79,-9.96,1.69,41.66,-0.05,-10.00
13,7,172.02,451.49,493.57,557.86,0.1038,2.0,2.29,5.66,-9.96,1.75,25.60,-3.07,-10.00
14,7,-1.00,-1.00,-1.00,-1.00,0.6526,3.9,2.91,9.55,-11.45,1.20,-37.49,-1.02,-10.00
14,7,1272.40,77.18,1600.00,649.18,0.2431,4.2,3.37,13.43,8.73,1.68,16.05,1.74,-10.00
14,7,-1.00,-1.00,-1.00,-1.00,0.1683,3.6,3.22,8.53,-45.49,1.41,-4.36,-1.52,-10.00
14,7,-1.00,-1.00,-1.00,-1.00,0.1604,2.0,2.21,5.62,-20.92,1.71,24.58,-3.12,-10.00
14,7,-1.00,-1.00,-1.00,-1.00,0.1600,2.0,2.10,5.31,-31.69,1.14,-15.94,0.41,-10.00
14,7,29.00,474.98,428.52,603.71,0.1284,2.0,2.23,5.68,-9.94,2.18,21.19,-3.12,-10.00
14,7,-1.00,-1.00,-1.00,-1.00,0.1240,2.0,2.20,5.65,8.07,0.55,-34.36,-3.10,-10.00
14,7,-1.00,-1.00,-1.00,-1.00,0.1186,2.0,2.21,5.79,6.07,0.90,-29.07,-3.10,-10.00
14,7,1431.99,225.55,1600.00,592.62,0.1096,3.4,2.58,6.63,10.30,1.19,13.04,0.02,-10.00
14,7,-1.00,-1.00,-1.00,-1.00,0.1092,2.0,2.14,5.06,-12.24,0.85,-48.43,-3.10,-10.00
14,7,-1.00,-1.00,-1.00,-1.00,0.1062,2.2,2.41,5.82,-47.71,1.16,-51.60,1.43,-10.00
14,7,-1.00,-1.00,-1.00,-1.00,0.1036,1.9,2.08,5.23,-35.87,0.64,-23.44,-1.59,-10.00
14,7,-1.00,-1.00,-1.00,-1.00,0.1033,3.4,2.74,6.62,-26.21,0.75,-3.41,0.15,-10.00
14,7,-1.00,-1.00,-1.00,-1.00,0.1009,2.0,2.09,5.27,-7.90,0.77,-50.19,-3.03,-10.00
14,7,1558.50,188.05,1600.00,614.83,0.1006,3.1,2.49,6.66,10.38,1.13,10.66,0.04,-10.00
15,7,-1.00,-1.00,-1.00,-1.00,0.5128,4.0,2.99,10.06,-10.24,1.01,-40.45,-0.89,-10.00
15,7,-1.00,-1.00,-1.00,-1.00,0.2299,2.5,2.43,6.01,-18.28,1.16,-24.34,2.95,-10.00
15,7,1363.04,0.00,1600.00,737.90,0.2187,4.1,3.23,11.85,8.63,1.58,11.95,-1.44,-10.00
15,7,-1.00,-1.00,-1.00,-1.00,0.2186,2.0,2.10,5.60,7.82,0.94,-10.11,1.46,-10.00
15,7,-1.00,-1.00,-1.00,-1.00,0.1899,2.2,2.20,5.85,-19.48,1.51,18.69,3.13,-10.00
15,7,-1.00,-1.00,-1.00,-1.00,0.1337,2.1,2.27,5.31,-19.66,1.62,20.91,-3.12,-10.00
15,7,-1.00,-1.00,-1.00,-1.00,0.1253,1.9,2.13,5.35,-20.40,1.42,23.59,3.14,-10.00
15,7,-1.00,-1.00,-1.00,-1.00,0.1104,2.0,2.13,5.31,-31.74,0.34,-25.78,0.29,-10.00
15,7,-1.00,-1.00,-1.00,-1.00,0.1101,2.0,2.13,5.35,-31.81,0.28,-19.70,0.29,-10.00
15,7,-1.00,-1.00,-1.00,-1.00,0.1094,2.0,2.07,4.98,-11.00,0.73,-49.38,3.12,-10.00
15,7,-1.00,-1.00,-1.00,-1.00,0.1069,2.4,2.35,6.26,-36.11,0.28,-27.23,1.58,-10.00
15,7,-1.00,-1.00,-1.00,-1.00,0.1019,2.6,2.33,6.08,8.14,1.15,-13.99,1.55,-10.00
16,7,-1.00,-1.00,-1.00,-1.00,0.4358,3.9,2.88,9.42,-9.14,0.68,-43.22,-0.77,-10.00
16,7,-1.00,-1.00,-1.00,-1.00,0.2840,3.6,3.01,7.11,-48.40,-0.00,-48.71,-0.09,-10.00
16,7,1559.55,0.00,1600.00,900.00,0.2494,3.8,3.12,10.08,8.62,1.36,7.47,-1.49,-10.00
16,7,-1.00,-1.00,-1.00,-1.00,0.2294,1.9,2.06,5.07,-20.07,1.69,17.15,3.12,-10.00
16,7,-1.00,-1.00,-1.00,-1.00,0.2078,2.1,2.26,5.45,-32.13,-0.07,-23.47,0.39,-10.00
16,7,-1.00,-1.00,-1.00,-1.00,0.1792,2.1,2.22,5.54,3.52,0.68,-36.53,0.12,-10.00
16,7,-1.00,-1.00,-1.00,-1.00,0.1682,1.9,2.12,5.26,-20.21,1.69,19.67,3.14,-10.00
16,7,-1.00,-1.00,-1.00,-1.00,0.1540,2.0,2.23,5.94,-31.01,-0.32,-31.84,-1.40,-10.00
16,7,983.76,459.21,1071.76,528.40,0.1292,2.0,2.05,5.10,6.16,1.79,38.95,-1.54,-10.00
16,7,-1.00,-1.00,-1.00,-1.00,0.1095,3.9,3.07,7.67,-35.21,2.19,36.01,-0.21,-10.00
16,7,-1.00,-1.00,-1.00,-1.00,0.1061,2.2,2.24,5.49,-31.90,-0.35,-29.35,0.24,-10.00
17,7,-1.00,-1.00,-1.00,-1.00,0.5952,4.2,3.04,10.69,-7.55,0.75,-46.56,-0.58,-10.00
17,7,-1.00,-1.00,-1.00,-1.00,0.4197,2.3,2.53,6.16,-29.23,1.34,16.38,-1.55,-10.00
17,7,-1.00,-1.00,-1.00,-1.00,0.3207,2.0,2.18,5.60,-21.25,1.67,15.53,0.02,-10.00
17,7,-1.00,-1.00,-1.00,-1.00,0.2492,1.9,2.08,4.98,-20.17,1.66,12.73,-3.08,-10.00
17,7,-1.00,-1.00,-1.00,-1.00,0.2312,3.7,2.95,8.52,8.38,1.51,2.16,-1.49,-10.00
17,7,1002.12,444.01,1113.36,529.25,0.1438,2.1,2.08,5.49,6.24,1.60,34.48,-1.56,-10.00
17,7,579.69,471.63,662.25,532.79,0.1158,2.2,2.28,6.08,-8.11,2.48,50.05,1.57,-10.00
17,7,485.55,480.38,638.20,534.79,0.1121,2.0,2.18,5.38,-10.08,2.46,48.03,-3.14,-10.00
17,7,-1.00,-1.00,-1.00,-1.00,0.1011,2.4,2.42,5.96,-31.80,1.21,16.36,1.67,-10.00
18,7,-1.00,-1.00,-1.00,-1.00,0.6613,3.5,2.81,7.93,-5.28,0.38,-50.16,-0.36,-10.00
18,7,-1.00,-1.00,-1.00,-1.00,0.4359,2.9,2.61,6.93,-31.30,0.93,10.71,0.04,-10.00
18,7,-1.00,-1.00,-1.00,-1.00,0.1795,1.9,2.15,5.28,-20.21,0.73,-37.10,-0.31,-10.00
18,7,501.28,456.31,665.52,514.41,0.1623,2.0,2.21,5.65,-8.94,1.60,46.44,-3.14,-10.00
18,7,-1.00,-1.00,-1.00,-1.00,0.1467,3.9,3.04,8.79,-30.99,1.48,14.09,-0.02,-10.00
18,7,1518.03,205.29,1600.00,665.02,0.1340,3.1,2.53,7.04,9.81,1.41,9.94,0.09,-10.00
18,7,-1.00,-1.00,-1.00,-1.00,0.1095,2.6,2.62,5.96,-44.60,1.23,22.50,-1.58,-10.00
18,7,480.73,458.24,656.85,523.19,0.1076,2.1,2.27,5.65,-8.79,1.79,43.15,-0.05,-10.00
18,7,600.94,455.51,750.63,512.53,0.1048,2.0,2.14,5.33,-5.48,1.52,46.12,3.09,-10.00
18,7,975.97,454.68,1135.38,515.22,0.1029,2.1,2.15,5.50,8.39,1.63,46.29,-3.11,-10.00
19,7,-1.00,-1.00,-1.00,-1.00,0.5458,3.0,2.62,6.89,-31.27,0.95,7.06,0.00,-10.00
19,7,-1.00,-1.00,-1.00,-1.00,0.1575,2.2,2.21,5.38,-19.56,0.82,-40.42,-0.37,-10.00
19,7,-1.00,-1.00,-1.00,-1.00,0.1455,1.9,2.15,5.40,-20.21,1.24,4.87,-3.05,-10.00
19,7,481.15,453.33,658.55,521.10,0.1327,2.2,2.23,5.50,-8.71,1.70,42.78,0.13,-10.00
19,7,434.16,467.27,623.16,531.27,0.1317,1.9,2.12,5.49,-9.50,1.93,40.12,-2.97,-10.00
19,7,555.54,446.87,675.19,516.25,0.1217,2.2,2.34,6.44,-7.48,1.60,45.24,1.73,-10.00
19,7,-1.00,-1.00,-1.00,-1.00,0.1178,3.4,2.92,7.47,-31.29,1.21,10.30,-0.12,-10.00
19,7,-1.00,-1.00,-1.00,-1.00,0.1065,3.9,3.20,8.02,-46.39,0.87,13.13,1.61,-10.00
19,7,-1.00,-1.00,-1.00,-1.00,0.1042,2.4,2.44,6.03,-14.16,0.94,-40.22,1.91,-10.00
20,7,-1.00,-1.00,-1.00,-1.00,0.5019,2.0,2.21,5.73,-26.24,0.42,-10.06,-3.14,-10.00
20,7,1011.10,428.99,1194.36,513.17,0.3196,2.5,2.27,5.13,8.61,1.32,39.40,3.04,-10.00
20,7,1074.68,411.23,1262.79,547.57,0.2343,2.2,2.14,5.15,6.05,1.39,22.88,1.61,-10.00
20,7,952.97,453.06,1109.78,515.33,0.2232,2.2,2.19,5.54,7.72,1.68,47.67,3.12,-10.00
20,7,-1.00,-1.00,-1.00,-1.00,0.2031,4.0,3.15,8.46,-50.21,0.88,-11.22,0.02,-10.00
20,7,939.89,457.27,1020.55,528.31,0.1953,2.6,2.38,5.86,6.00,2.28,49.75,-1.58,-10.00
20,7,1171.43,351.08,1600.00,540.06,0.1685,3.5,2.89,8.17,11.40,1.36,25.02,0.03,-10.00
20,7,389.77,461.00,596.19,532.19,0.1633,1.9,2.10,5.37,-9.51,1.76,36.04,0.00,-10.00
20,7,417.17,459.51,621.14,529.06,0.1624,2.0,2.24,5.83,-9.43,1.80,38.86,-0.06,-10.00
20,7,997.46,436.87,1217.33,516.85,0.1514,2.6,2.45,6.84,9.45,1.54,42.60,-0.04,-10.00
20,7,1048.73,410.22,1384.11,556.45,0.1427,3.2,2.65,6.83,8.84,1.94,28.96,3.09,-10.00
20,7,965.14,462.00,1121.76,520.58,0.1295,2.0,2.08,5.22,7.72,1.78,44.97,3.13,-10.00
20,7,-1.00,-1.00,-1.00,-1.00,0.1275,2.1,2.21,5.62,8.43,1.48,-0.89,1.63,-10.00
20,7,-1.00,-1.00,-1.00,-1.00,0.1199,3.7,2.77,7.88,12.49,0.99,-1.74,1.62,-10.00
20,7,-1.00,-1.00,-1.00,-1.00,0.1109,3.3,3.13,8.90,-30.52,1.58,3.45,-3.05,-10.00
20,7,-1.00,-1.00,-1.00,-1.00,0.1102,3.1,2.65,7.89,-8.07,1.56,-51.40,-3.12,-10.00
21,7,-1.00,-1.00,-1.00,-1.00,0.6458,2.1,2.21,5.53,-26.26,0.51,-13.59,3.14,-10.00
21,7,1013.75,441.56,1221.19,516.89,0.2621,2.0,2.16,5.33,8.26,1.30,35.88,3.04,-10.00
21,7,1100.22,388.29,1348.58,562.51,0.2174,2.3,2.21,5.18,5.86,1.36,19.28,1.59,-10.00
21,7,958.64,449.63,1105.81,510.77,0.2158,2.0,2.03,4.78,7.20,1.40,44.23,3.10,-10.00
21,7,368.83,453.06,593.25,527.45,0.1604,2.0,2.15,5.73,-9.72,1.59,35.50,0.10,-10.00
21,7,323.12,455.14,552.73,535.78,0.1540,2.0,2.10,5.30,-10.02,1.69,32.61,-3.12,-10.00
21,7,-1.00,-1.00,-1.00,-1.00,0.1493,3.8,3.09,7.91,-48.78,0.76,-15.29,0.08,-10.00
21,7,-1.00,-1.00,-1.00,-1.00,0.1479,3.6,2.80,7.08,-34.68,-0.13,-20.97,-1.52,-10.00
21,7,-1.00,-1.00,-1.00,-1.00,0.1443,4.5,3.09,7.74,10.04,1.44,-30.69,-0.15,-10.00
21,7,1235.82,303.72,1572.94,560.97,0.1432,3.5,2.60,6.86,8.90,1.40,20.35,1.64,-10.00
21,7,-1.00,-1.00,-1.00,-1.00,0.1357,3.9,2.91,7.51,-10.40,1.24,-41.47,1.49,-10.00
21,7,-1.00,-1.00,-1.00,-1.00,0.1330,4.2,3.15,13.20,5.50,1.25,-28.40,1.58,-10.00
21,7,-1.00,-1.00,-1.00,-1.00,0.1230,4.0,3.33,8.64,-47.81,-0.46,-27.52,1.60,-10.00
21,7,372.98,420.39,506.67,517.71,0.1160,3.4,2.88,7.25,-14.99,1.80,49.19,1.59,-10.00
21,7,1176.65,373.36,1357.83,513.61,0.1055,3.7,2.78,8.25,13.33,1.25,38.77,1.59,-10.00
21,7,947.60,443.45,1123.73,514.13,0.1027,2.5,2.36,6.27,7.83,1.62,47.47,0.02,-10.00
22,7,-1.00,-1.00,-1.00,-1.00,0.7459,2.0,2.17,5.52,-26.36,0.27,-17.30,-3.13,-10.00
22,7,1144.19,385.13,1468.05,601.22,0.3689,2.3,2.11,4.91,5.71,1.52,15.77,-1.58,-10.00
22,7,-1.00,-1.00,-1.00,-1.00,0.2214,4.1,3.01,7.86,10.56,1.02,-9.74,0.11,-10.00
22,7,471.14,471.66,639.67,534.15,0.1881,2.2,2.22,5.61,-9.78,2.30,45.52,0.02,-10.00
22,7,-1.00,-1.00,-1.00,-1.00,0.1326,3.8,3.11,7.17,-41.33,-1.10,-33.69,-0.03,-10.00
22,7,318.13,405.44,482.20,530.59,0.1215,4.0,2.95,8.04,-15.08,2.14,45.09,1.60,-10.00
22,7,1219.54,350.20,1461.54,517.89,0.1149,3.7,2.84,8.91,13.32,1.20,33.55,1.59,-10.00
22,7,-1.00,-1.00,-1.00,-1.00,0.1107,4.0,2.88,11.12,5.47,1.06,-30.16,1.58,-10.00
22,7,953.68,462.78,1124.86,534.00,0.1102,2.2,2.11,5.14,6.82,2.05,40.61,3.13,-10.00
22,7,1316.41,234.73,1600.00,606.44,0.1080,3.6,2.82,7.41,8.87,1.51,15.87,1.65,-10.00
22,7,-1.00,-1.00,-1.00,-1.00,0.1035,4.3,2.91,9.92,5.42,0.90,-40.52,1.55,-10.00
23,7,-1.00,-1.00,-1.00,-1.00,0.7008,2.1,2.20,5.62,-26.35,0.71,-20.19,3.13,-10.00
23,7,1205.06,332.83,1600.00,623.55,0.3663,2.4,2.14,5.06,5.62,1.38,12.78,-1.53,-10.00
23,7,1045.71,429.71,1310.43,529.82,0.2575,2.2,2.22,5.55,8.21,1.38,29.62,3.05,-10.00
23,7,970.34,450.42,1159.51,521.84,0.2211,2.0,2.10,5.26,7.11,1.53,37.82,3.13,-10.00
23,7,-1.00,-1.00,-1.00,-1.00,0.2075,3.4,2.94,7.64,-41.20,0.40,-30.78,0.02,-10.00
23,7,449.80,463.83,632.61,524.80,0.1624,2.0,2.16,5.75,-9.65,1.83,42.75,3.13,-10.00
23,7,-1.00,-1.00,-1.00,-1.00,0.1407,2.2,2.44,6.50,-29.72,1.40,-26.38,1.61,-10.00
23,7,-1.00,-1.00,-1.00,-1.00,0.1308,4.2,3.25,9.29,-43.69,0.56,-26.46,-0.02,-10.00
23,7,-1.00,-1.00,-1.00,-1.00,0.1305,3.7,3.18,7.51,-47.39,-1.10,-26.48,-1.50,-10.00
23,7,958.81,452.59,1068.71,528.81,0.1300,2.2,2.22,6.19,5.86,1.85,40.13,-1.63,-10.00
23,7,-1.00,-1.00,-1.00,-1.00,0.1194,4.1,3.26,8.48,-42.49,-1.00,-36.69,-0.02,-10.00
23,7,307.62,388.74,472.92,507.27,0.1171,3.6,3.04,7.78,-14.99,1.19,43.78,1.57,-10.00
23,7,-1.00,-1.00,-1.00,-1.00,0.1166,4.0,2.90,11.01,5.44,1.26,-33.60,1.59,-10.00
23,7,-1.00,-1.00,-1.00,-1.00,0.1100,3.4,2.80,6.87,-25.68,0.72,-24.12,0.04,-10.00
23,7,1103.03,395.97,1216.10,508.53,0.1083,3.9,2.88,8.53,13.18,1.43,50.36,-1.48,-10.00
23,7,536.13,448.61,628.03,516.11,0.1002,2.1,2.26,6.27,-8.69,1.59,45.12,1.54,-10.00
24,7,1072.28,433.50,1361.49,541.23,0.4910,2.1,2.14,5.23,7.94,1.44,25.85,3.07,-10.00
24,7,-1.00,-1.00,-1.00,-1.00,0.4497,2.1,2.24,5.25,-26.09,0.71,-23.94,3.10,-10.00
24,7,955.05,445.12,1172.53,531.49,0.1738,2.2,2.29,5.44,6.36,1.64,34.14,3.14,-10.00
24,7,-1.00,-1.00,-1.00,-1.00,0.1485,4.1,2.80,8.16,8.66,1.09,-23.08,1.37,-10.00
24,7,-1.00,-1.00,-1.00,-1.00,0.1478,2.2,2.35,5.77,-18.10,1.60,-47.74,0.38,-10.00
24,7,-1.00,-1.00,-1.00,-1.00,0.1379,2.3,2.27,5.67,-8.33,1.11,-47.89,0.02,-10.00
24,7,516.16,460.42,600.37,528.79,0.1375,2.0,2.20,5.76,-8.69,1.89,41.04,-1.69,-10.00
24,7,1214.61,338.27,1600.00,545.51,0.1306,3.4,2.54,6.38,10.37,1.27,21.75,-0.04,-10.00
24,7,1280.61,288.19,1600.00,739.20,0.1222,2.5,2.21,5.08,5.53,1.62,9.54,-1.58,-10.00
24,7,-1.00,-1.00,-1.00,-1.00,0.1105,1.8,2.07,5.40,-9.65,1.40,-31.73,-3.13,-10.00
24,7,-1.00,-1.00,-1.00,-1.00,0.1021,4.5,3.09,11.09,5.44,1.05,-38.48,1.54,-10.00
25,7,549.65,452.34,723.69,527.72,0.1964,2.8,2.55,6.52,-7.45,2.25,49.76,3.14,-10.00
25,7,1139.60,380.45,1301.41,509.75,0.1833,3.8,2.79,8.62,13.44,1.27,43.65,-1.58,-10.00
25,7,1404.34,33.15,1600.00,900.00,0.1577,2.6,2.38,6.34,5.78,1.45,6.95,1.62,-10.00
25,7,1132.91,431.18,1483.35,558.61,0.1566,2.1,2.24,5.36,8.47,1.54,22.45,-0.00,-10.00
25,7,972.93,457.51,1196.17,551.61,0.1526,2.2,2.17,4.92,6.23,1.96,30.68,3.09,-10.00
25,7,199.19,383.49,409.91,524.66,0.1417,3.6,2.81,8.11,-15.11,1.56,37.09,1.57,-10.00
25,7,474.74,457.77,589.40,533.00,0.1330,2.0,2.13,5.49,-8.56,1.84,36.96,1.56,-10.00
25,7,348.80,469.36,478.72,542.27,0.1291,2.0,2.18,5.73,-11.97,2.10,36.79,1.52,-10.00
25,7,477.45,462.85,626.42,520.75,0.1230,2.1,2.26,5.42,-10.61,1.94,48.79,3.05,-10.00
25,7,-1.00,-1.00,-1.00,-1.00,0.1153,3.9,2.84,7.33,10.01,0.75,-37.14,0.01,-10.00
25,7,-1.00,-1.00,-1.00,-1.00,0.1035,3.8,2.82,7.22,11.28,1.49,-34.80,-0.02,-10.00
26,7,-1.00,-1.00,-1.00,-1.00,0.2133,3.4,2.68,7.62,15.58,0.94,14.12,-0.01,-10.00
26,7,-1.00,-1.00,-1.00,-1.00,0.1759,1.8,2.08,5.58,-9.93,1.13,-44.08,0.04,-10.00
26,7,0.00,445.15,330.15,595.28,0.1614,2.0,2.12,5.55,-10.36,1.72,18.04,-0.05,-10.00
26,7,-1.00,-1.00,-1.00,-1.00,0.1507,1.9,2.11,5.59,-10.18,1.05,-41.27,0.01,-10.00
26,7,-1.00,-1.00,-1.00,-1.00,0.1445,2.6,2.31,6.15,5.70,1.48,3.53,1.62,-10.00
26,7,-1.00,-1.00,-1.00,-1.00,0.1398,1.9,2.07,5.54,-9.82,1.07,-46.47,-3.06,-10.00
26,7,1079.77,413.10,1188.45,496.31,0.1331,2.9,2.44,6.16,12.31,0.95,50.70,-1.64,-10.00
26,7,1161.79,373.20,1313.00,507.48,0.1312,3.8,2.66,6.82,13.13,1.12,40.68,-1.56,-10.00
26,7,1117.63,415.70,1540.24,582.01,0.1245,2.3,2.16,5.37,7.32,1.60,18.64,3.06,-10.00
26,7,330.35,458.27,579.28,539.27,0.1207,2.0,2.19,5.78,-9.44,1.76,32.24,3.08,-10.00
26,7,1020.84,446.53,1298.65,548.12,0.1182,2.1,2.17,5.35,7.08,1.65,27.06,3.10,-10.00
26,7,-1.00,-1.00,-1.00,-1.00,0.1176,4.0,2.81,7.04,10.02,-0.30,-41.47,0.05,-10.00
26,7,497.24,449.45,655.64,511.24,0.1151,2.2,2.27,5.72,-9.60,1.55,48.50,-0.04,-10.00
26,7,470.96,457.32,628.81,513.42,0.1122,1.9,2.13,5.34,-9.98,1.54,45.53,-0.07,-10.00
26,7,1013.42,451.30,1242.23,533.32,0.1119,1.9,2.01,4.97,7.16,1.50,30.17,3.11,-10.00
26,7,-1.00,-1.00,-1.00,-1.00,0.1098,3.1,2.77,6.47,-25.37,0.57,-33.63,-1.25,-10.00
26,7,-1.00,-1.00,-1.00,-1.00,0.1062,3.4,2.55,6.81,12.50,1.47,0.09,-0.09,-10.00
26,7,-1.00,-1.00,-1.00,-1.00,0.1025,1.8,2.03,5.32,-10.09,1.24,-39.19,-0.01,-10.00
27,7,453.73,461.45,620.71,519.52,0.1763,2.0,2.16,5.54,-10.22,1.73,44.65,-0.08,-10.00
27,7,1119.16,432.14,1221.23,508.31,0.1742,2.5,2.19,5.92,12.85,1.37,47.31,-1.57,-10.00
27,7,-1.00,-1.00,-1.00,-1.00,0.1738,4.4,2.97,7.49,10.60,0.16,-43.81,-0.06,-10.00
27,7,-1.00,-1.00,-1.00,-1.00,0.1721,1.8,2.08,5.60,-10.21,1.08,-44.84,0.02,-10.00
27,7,1009.85,451.63,1234.93,526.74,0.1456,1.9,2.09,5.35,7.69,1.46,32.93,3.09,-10.00
27,7,-1.00,-1.00,-1.00,-1.00,0.1406,4.0,2.84,7.03,10.82,1.13,-36.37,-0.06,-10.00
27,7,1149.93,436.05,1329.36,508.99,0.1316,2.5,2.30,5.69,14.87,1.36,45.37,0.03,-10.00
27,7,-1.00,-1.00,-1.00,-1.00,0.1272,1.9,2.07,5.57,-10.25,0.85,-48.12,0.00,-10.00
27,7,-1.00,-1.00,-1.00,-1.00,0.1259,2.2,2.19,5.79,-9.95,0.77,-50.36,-0.04,-10.00
27,7,-1.00,-1.00,-1.00,-1.00,0.1231,4.1,2.72,7.58,5.26,0.42,-50.00,1.60,-10.00
27,7,0.00,420.37,226.30,610.54,0.1219,2.0,2.14,5.60,-10.36,1.57,14.70,-3.09,-10.00
27,7,-1.00,-1.00,-1.00,-1.00,0.1179,2.7,2.39,6.11,5.68,1.52,-0.51,1.57,-10.00
27,7,-1.00,-1.00,-1.00,-1.00,0.1178,1.9,2.06,5.41,-10.39,1.04,-42.44,0.01,-10.00
27,7,-1.00,-1.00,-1.00,-1.00,0.1144,2.5,2.43,6.24,-10.13,0.92,-38.18,3.11,-10.00
27,7,-1.00,-1.00,-1.00,-1.00,0.1084,3.5,2.73,7.32,9.20,-0.11,-18.20,0.03,-10.00
27,7,1112.87,377.64,1436.59,548.07,0.1076,4.1,2.85,7.09,11.16,1.94,31.79,0.03,-10.00
27,7,-1.00,-1.00,-1.00,-1.00,0.1032,3.3,2.61,6.49,14.62,0.66,10.22,0.03,-10.00
27,7,-1.00,-1.00,-1.00,-1.00,0.1010,2.8,2.45,6.51,10.51,1.35,1.16,-1.60,-10.00
27,7,-1.00,-1.00,-1.00,-1.00,0.1002,3.9,2.88,8.38,11.62,-2.74,-50.15,-1.57,-10.00
28,7,-1.00,-1.00,-1.00,-1.00,0.2904,1.9,2.13,5.72,-10.26,1.32,-48.49,3.11,-10.00
28,7,-1.00,-1.00,-1.00,-1.00,0.2730,1.9,2.10,5.63,-10.19,1.12,-46.13,0.01,-10.00
28,7,-1.00,-1.00,-1.00,-1.00,0.1905,1.9,2.07,5.63,-10.36,0.83,-44.03,-0.06,-10.00
28,7,1159.16,418.08,1395.26,513.83,0.1790,3.0,2.63,6.98,15.17,1.43,42.52,-0.01,-10.00
28,7,-1.00,-1.00,-1.00,-1.00,0.1717,1.7,2.11,5.44,-10.10,1.40,-50.58,-3.09,-10.00
28,7,0.00,383.42,38.17,635.60,0.1626,2.0,2.11,5.52,-10.45,1.37,11.17,-3.10,-10.00
28,7,470.89,466.67,643.61,529.17,0.1576,2.1,2.20,5.55,-9.39,2.05,44.02,0.04,-10.00
28,7,414.62,463.36,604.22,526.17,0.1573,1.9,2.19,5.69,-10.34,1.81,41.21,-0.02,-10.00
28,7,-1.00,-1.00,-1.00,-1.00,0.1526,3.4,2.75,7.77,15.78,0.44,6.98,-0.02,-10.00
28,7,-1.00,-1.00,-1.00,-1.00,0.1466,2.0,2.19,5.35,-24.81,0.71,-48.93,-0.15,-10.00
28,7,-1.00,-1.00,-1.00,-1.00,0.1337,3.3,2.70,7.10,12.69,-3.95,-46.89,0.01,-10.00
28,7,-1.00,-1.00,-1.00,-1.00,0.1239,2.0,2.17,5.42,-6.46,1.19,-48.59,0.00,-10.00
28,7,-1.00,-1.00,-1.00,-1.00,0.1119,1.9,2.10,5.63,-10.60,0.74,-41.94,3.04,-10.00
28,7,1124.52,407.94,1332.18,493.98,0.1086,3.1,2.62,7.21,15.63,0.86,49.09,-0.01,-10.00
28,7,-1.00,-1.00,-1.00,-1.00,0.1030,4.2,2.89,7.24,9.59,1.29,-40.52,-0.06,-10.00
28,7,-1.00,-1.00,-1.00,-1.00,0.1027,2.0,2.17,5.81,-15.38,1.05,-28.42,0.00,-10.00
28,7,1088.93,409.10,1214.55,505.34,0.1009,3.4,2.64,7.02,12.85,1.31,50.18,-1.65,-10.00
29,7,-1.00,-1.00,-1.00,-1.00,0.2416,1.9,2.08,5.61,-10.64,1.47,-48.95,0.02,-10.00
29,7,-1.00,-1.00,-1.00,-1.00,0.2011,2.8,2.40,6.31,5.56,1.41,-7.40,1.61,-10.00
29,7,1080.89,385.81,1347.04,524.49,0.1949,4.1,2.93,7.28,11.91,1.65,39.04,-0.00,-10.00
29,7,1156.00,406.57,1379.11,502.16,0.1451,3.3,2.70,7.10,15.96,1.11,45.67,-0.05,-10.00
29,7,-1.00,-1.00,-1.00,-1.00,0.1385,3.9,2.97,7.37,14.94,0.72,6.83,-0.04,-10.00
29,7,402.53,453.35,601.67,520.58,0.1375,1.9,2.14,5.52,-9.78,1.50,38.14,-0.03,-10.00
29,7,-1.00,-1.00,-1.00,-1.00,0.1331,3.8,2.86,6.88,8.05,-0.20,-25.01,0.01,-10.00
29,7,1102.05,396.35,1238.27,505.07,0.1202,3.7,2.86,8.18,13.17,1.25,48.84,-1.59,-10.00
29,7,-1.00,-1.00,-1.00,-1.00,0.1134,3.9,2.95,8.91,13.04,1.09,-3.81,0.14,-10.00
29,7,-1.00,-1.00,-1.00,-1.00,0.1132,1.9,2.17,5.71,-0.31,1.45,-17.96,-1.57,-10.00
29,7,-1.00,-1.00,-1.00,-1.00,0.1101,1.8,2.14,5.53,-10.93,1.23,-50.59,-3.09,-10.00
29,7,432.00,458.48,618.57,520.83,0.1025,1.9,2.10,5.50,-9.64,1.60,40.43,0.01,-10.00
30,7,1174.14,424.49,1403.19,523.77,0.3082,3.1,2.55,6.54,15.15,1.73,41.40,-0.02,-10.00
30,7,402.82,441.48,612.29,513.55,0.2352,2.0,2.12,5.60,-9.31,1.24,36.90,0.02,-10.00
30,7,307.84,445.86,548.91,526.38,0.1961,1.9,2.10,5.37,-9.88,1.38,31.42,3.13,-10.00
30,7,-1.00,-1.00,-1.00,-1.00,0.1611,3.7,2.97,8.64,19.42,0.36,1.33,0.03,-10.00
30,7,-1.00,-1.00,-1.00,-1.00,0.1597,2.4,2.33,5.78,5.45,1.30,-11.17,1.60,-10.00
30,7,-1.00,-1.00,-1.00,-1.00,0.1439,1.9,2.13,5.45,-10.87,1.04,-50.68,-3.09,-10.00
30,7,1146.72,432.97,1377.16,524.43,0.1401,3.0,2.63,7.15,15.24,1.87,44.25,0.03,-10.00
30,7,1143.88,426.95,1335.82,512.00,0.1393,3.1,2.53,6.42,15.68,1.55,47.84,0.00,-10.00
30,7,1215.36,393.04,1526.21,519.64,0.1340,3.3,2.72,7.49,15.18,1.35,35.35,-0.00,-10.00
30,7,928.66,448.58,1096.09,521.51,0.1314,2.7,2.48,6.30,7.28,2.00,49.74,-3.11,-10.00
30,7,1188.12,418.82,1441.32,521.20,0.1303,3.0,2.51,6.74,14.91,1.53,38.61,0.00,-10.00
30,7,-1.00,-1.00,-1.00,-1.00,0.1294,3.7,2.89,7.56,8.94,0.70,-29.10,0.04,-10.00
30,7,-1.00,-1.00,-1.00,-1.00,0.1114,3.7,2.73,7.00,13.71,0.53,-2.37,0.06,-10.00
31,7,1233.67,414.58,1600.00,566.62,0.1483,2.2,2.19,5.53,9.43,1.44,19.32,3.10,-10.00
31,7,352.09,456.74,578.41,532.89,0.1481,1.9,2.11,5.51,-9.75,1.68,34.05,0.12,-10.00
31,7,996.26,455.68,1162.34,523.14,0.1337,2.3,2.28,5.59,9.18,1.91,45.90,-3.13,-10.00
31,7,349.47,398.64,498.97,514.55,0.1264,3.9,2.93,7.55,-15.10,1.61,47.73,1.62,-10.00
31,7,-1.00,-1.00,-1.00,-1.00,0.1220,1.9,2.09,5.64,-11.18,1.42,-42.09,0.02,-10.00
31,7,936.81,455.88,1011.12,515.83,0.1183,2.0,2.19,5.91,5.52,1.68,47.72,-1.56,-10.00
31,7,-1.00,-1.00,-1.00,-1.00,0.1150,4.1,2.87,8.77,4.80,1.03,-49.31,1.63,-10.00
31,7,300.25,452.87,554.92,536.64,0.1119,2.0,2.15,5.61,-9.77,1.62,31.02,-0.00,-10.00
31,7,-1.00,-1.00,-1.00,-1.00,0.1003,3.5,2.72,8.04,9.47,1.17,-6.28,1.58,-10.00
32,7,-1.00,-1.00,-1.00,-1.00,0.2405,1.9,2.08,5.53,-11.22,1.23,-42.91,0.04,-10.00
32,7,-1.00,-1.00,-1.00,-1.00,0.2158,2.0,2.05,5.27,7.53,1.22,-1.80,3.09,-10.00
32,7,-1.00,-1.00,-1.00,-1.00,0.2045,1.9,2.15,5.59,-11.50,1.25,-44.96,0.11,-10.00
32,7,307.59,450.30,562.44,534.83,0.1980,1.9,2.14,5.58,-9.55,1.57,30.88,0.05,-10.00
32,7,1058.21,413.19,1264.35,523.41,0.1797,4.0,2.83,7.15,12.76,2.01,48.29,0.05,-10.00
32,7,1138.59,416.08,1455.80,533.52,0.1555,3.7,2.94,9.47,15.64,2.09,42.12,-0.02,-10.00
32,7,1408.96,363.58,1600.00,538.67,0.1356,3.3,2.73,6.99,16.17,1.38,25.77,0.02,-10.00
32,7,326.13,401.30,492.50,510.22,0.1315,3.5,3.16,7.66,-15.17,1.39,46.30,1.63,-10.00
32,7,-1.00,-1.00,-1.00,-1.00,0.1110,2.3,2.25,6.09,5.14,0.85,-17.25,-1.50,-10.00
33,7,945.14,440.03,1122.51,505.15,0.7589,2.3,2.42,6.29,7.74,1.27,47.36,-3.13,-10.00
33,7,283.06,394.62,466.88,514.08,0.2326,3.5,3.27,8.11,-15.19,1.42,42.98,1.58,-10.00
33,7,-1.00,-1.00,-1.00,-1.00,0.1516,3.7,3.05,8.45,11.58,-2.69,-41.63,1.57,-10.00
33,7,957.52,446.28,1134.60,506.59,0.1405,2.0,2.20,5.91,7.76,1.25,44.76,-3.14,-10.00
33,7,-1.00,-1.00,-1.00,-1.00,0.1212,2.0,2.15,5.77,-10.87,1.44,-46.89,-0.01,-10.00
33,7,69.28,444.63,434.17,564.44,0.1131,1.9,2.12,5.35,-9.85,1.60,21.83,3.13,-10.00
33,7,254.78,456.42,534.31,546.75,0.1090,1.8,2.06,5.39,-9.35,1.65,27.41,0.07,-10.00
33,7,-1.00,-1.00,-1.00,-1.00,0.1076,2.0,2.16,5.71,-11.30,1.26,-48.40,-0.02,-10.00
34,7,948.16,435.65,1128.59,503.49,0.4073,2.2,2.38,5.95,7.43,1.13,44.49,3.13,-10.00
34,7,-1.00,-1.00,-1.00,-1.00,0.2489,4.1,2.91,8.31,-16.80,-1.23,-50.10,-1.57,-10.00
34,7,201.78,377.27,407.50,520.22,0.2435,3.8,2.85,7.44,-15.51,1.45,37.97,1.61,-10.00
34,7,-1.00,-1.00,-1.00,-1.00,0.2179,1.9,2.16,5.65,-11.01,1.50,-49.41,-3.04,-10.00
34,7,-1.00,-1.00,-1.00,-1.00,0.1683,1.9,2.15,5.57,-11.34,1.22,-39.64,0.05,-10.00
34,7,-1.00,-1.00,-1.00,-1.00,0.1623,3.4,2.77,7.37,16.39,-0.34,-18.70,0.01,-10.00
34,7,-1.00,-1.00,-1.00,-1.00,0.1356,3.7,2.79,8.95,11.09,0.62,-18.98,-0.03,-10.00
34,7,929.40,436.56,1089.64,501.70,0.1226,2.3,2.30,5.77,6.90,1.15,47.79,-3.12,-10.00
34,7,-1.00,-1.00,-1.00,-1.00,0.1182,2.0,2.24,6.20,-10.72,1.11,-46.80,0.02,-10.00
34,7,-1.00,-1.00,-1.00,-1.00,0.1124,3.4,2.72,7.35,7.37,0.63,-50.86,0.00,-10.00
35,7,936.95,434.27,1134.34,506.26,0.7467,2.2,2.44,6.13,6.88,1.15,41.81,3.13,-10.00
35,7,1110.17,404.22,1372.49,517.87,0.1749,3.6,2.81,7.98,14.00,1.57,42.84,0.07,-10.00
35,7,-1.00,-1.00,-1.00,-1.00,0.1694,2.4,2.45,6.15,19.26,-0.44,-13.47,-3.02,-10.00
35,7,-1.00,-1.00,-1.00,-1.00,0.1629,3.4,2.55,6.91,11.16,0.47,-21.81,-0.04,-10.00
35,7,903.40,459.01,1070.26,516.85,0.1399,2.0,2.21,5.59,5.70,1.64,45.07,3.06,-10.00
35,7,-1.00,-1.00,-1.00,-1.00,0.1235,2.2,2.22,5.86,-10.25,1.33,-44.35,-0.04,-10.00
35,7,1135.08,421.18,1347.89,515.50,0.1073,3.2,2.61,6.80,14.85,1.59,45.26,0.08,-10.00
35,7,-1.00,-1.00,-1.00,-1.00,0.1045,3.5,2.81,8.03,9.33,1.07,-17.55,1.54,-10.00
35,7,-1.00,-1.00,-1.00,-1.00,0.1020,3.9,3.00,10.14,5.81,0.94,-40.36,1.59,-10.00
35,7,1156.25,399.44,1474.93,523.61,0.1014,3.6,2.76,8.81,15.15,1.63,39.36,0.05,-10.00
36,7,930.90,430.27,1143.37,504.72,0.6596,2.2,2.39,6.14,6.49,1.03,39.15,3.09,-10.00
36,7,-1.00,-1.00,-1.00,-1.00,0.1419,1.9,2.12,5.46,-10.64,1.41,-45.19,0.03,-10.00
36,7,-1.00,-1.00,-1.00,-1.00,0.1354,3.2,2.61,7.30,9.46,1.16,-21.23,1.51,-10.00
36,7,906.23,452.68,1081.48,514.06,0.1344,2.0,2.19,5.54,5.62,1.46,42.60,3.06,-10.00
36,7,1140.72,387.93,1466.23,520.97,0.1280,3.7,2.86,8.41,13.88,1.45,36.99,-3.13,-10.00
36,7,-1.00,-1.00,-1.00,-1.00,0.1252,3.8,2.78,6.22,9.43,0.68,-26.25,-1.52,-10.00
36,7,-1.00,-1.00,-1.00,-1.00,0.1232,3.5,2.64,6.93,14.47,0.74,-0.38,-0.04,-10.00
36,7,-1.00,-1.00,-1.00,-1.00,0.1124,4.1,3.11,11.11,6.24,0.78,-43.12,1.60,-10.00
36,7,316.86,427.15,525.10,520.23,0.1080,3.5,2.96,7.35,-15.83,1.93,49.42,-0.12,-10.00
36,7,-1.00,-1.00,-1.00,-1.00,0.1075,4.5,2.98,7.57,10.39,-0.77,-47.05,0.06,-10.00
37,7,936.80,443.64,1163.24,521.58,0.6910,2.1,2.34,6.06,6.39,1.46,36.39,3.09,-10.00
37,7,938.97,454.39,1132.12,521.76,0.2506,2.0,2.20,5.69,6.55,1.60,39.74,3.11,-10.00
37,7,-1.00,-1.00,-1.00,-1.00,0.1840,2.1,2.25,5.77,-10.35,1.01,-48.08,0.05,-10.00
37,7,-1.00,-1.00,-1.00,-1.00,0.1527,3.3,2.62,8.10,9.50,0.78,-22.76,1.56,-10.00
37,7,-1.00,-1.00,-1.00,-1.00,0.1409,3.3,2.55,6.72,19.11,-0.47,-21.59,1.53,-10.00
37,7,-1.00,-1.00,-1.00,-1.00,0.1357,3.3,2.66,7.11,10.54,0.66,-27.32,-0.06,-10.00
37,7,-1.00,-1.00,-1.00,-1.00,0.1241,4.2,2.99,7.81,5.77,-0.48,-49.46,1.55,-10.00
37,7,-1.00,-1.00,-1.00,-1.00,0.1227,2.1,2.27,5.37,8.12,1.07,-16.28,-0.01,-10.00
37,7,-1.00,-1.00,-1.00,-1.00,0.1213,4.1,2.89,8.06,9.93,1.15,-48.29,-0.03,-10.00
37,7,485.49,470.76,645.96,529.37,0.1137,2.2,2.30,5.90,-10.17,2.30,49.24,-0.06,-10.00
37,7,1068.84,440.32,1347.37,534.40,0.1054,2.0,2.16,5.61,8.54,1.43,28.46,3.13,-10.00
37,7,-1.00,-1.00,-1.00,-1.00,0.1005,4.1,2.90,8.29,9.58,0.41,-50.80,0.05,-10.00
38,7,939.27,434.20,1168.02,516.78,0.7757,2.1,2.27,5.72,6.02,1.22,33.79,3.14,-10.00
38,7,511.26,453.69,672.69,510.55,0.2344,2.0,2.23,5.66,-8.78,1.48,47.25,0.00,-10.00
38,7,-1.00,-1.00,-1.00,-1.00,0.1849,4.1,3.15,12.29,5.70,0.66,-48.66,1.60,-10.00
38,7,-1.00,-1.00,-1.00,-1.00,0.1719,2.7,2.41,6.75,9.23,0.33,-25.83,1.54,-10.00
38,7,-1.00,-1.00,-1.00,-1.00,0.1689,2.8,2.31,6.06,6.76,0.12,-33.89,-3.11,-10.00
38,7,-1.00,-1.00,-1.00,-1.00,0.1526,2.2,2.31,5.77,8.15,0.87,-18.73,3.11,-10.00
38,7,515.13,452.25,605.20,512.27,0.1518,2.1,2.19,5.94,-10.43,1.60,49.57,1.59,-10.00
38,7,-1.00,-1.00,-1.00,-1.00,0.1508,1.9,2.19,5.56,-10.41,1.30,-50.63,0.03,-10.00
38,7,-1.00,-1.00,-1.00,-1.00,0.1248,3.6,2.79,8.33,9.01,0.52,-32.32,-1.62,-10.00
38,7,-1.00,-1.00,-1.00,-1.00,0.1237,2.8,2.31,5.65,7.00,0.60,-30.91,3.10,-10.00
38,7,-1.00,-1.00,-1.00,-1.00,0.1107,3.4,2.64,7.69,19.08,0.10,-23.82,1.52,-10.00
38,7,1108.51,394.22,1235.35,504.99,0.1102,3.6,2.85,8.43,13.05,1.22,48.13,-1.52,-10.00
38,7,914.13,448.16,1122.49,517.27,0.1085,1.9,2.13,5.81,5.56,1.35,36.94,-3.12,-10.00
39,7,963.01,443.93,1223.53,534.66,0.7547,2.1,2.35,5.99,6.56,1.59,31.42,3.14,-10.00
39,7,-1.00,-1.00,-1.00,-1.00,0.3731,2.0,2.09,5.24,7.63,0.69,-21.08,3.12,-10.00
39,7,-1.00,-1.00,-1.00,-1.00,0.1666,3.0,2.47,6.72,9.34,0.48,-39.04,-0.04,-10.00
39,7,-1.00,-1.00,-1.00,-1.00,0.1352,3.4,2.78,7.21,-33.90,2.53,33.85,1.63,-10.00
39,7,-1.00,-1.00,-1.00,-1.00,0.1300,2.1,2.11,4.80,8.34,0.28,-25.96,3.11,-10.00
39,7,-1.00,-1.00,-1.00,-1.00,0.1298,2.3,2.36,5.85,-35.93,2.18,32.25,0.04,-10.00
39,7,-1.00,-1.00,-1.00,-1.00,0.1239,2.6,2.47,6.83,5.55,0.42,-36.48,-1.55,-10.00
39,7,-1.00,-1.00,-1.00,-1.00,0.1207,3.2,2.67,7.16,8.85,-0.12,-43.35,-0.01,-10.00
39,7,472.85,462.27,638.23,519.62,0.1176,1.9,2.15,5.44,-9.64,1.74,44.90,-3.13,-10.00
39,7,489.09,463.52,648.87,518.83,0.1072,2.0,2.20,5.68,-9.63,1.80,47.24,-0.09,-10.00
39,7,-1.00,-1.00,-1.00,-1.00,0.1059,3.1,2.66,6.94,7.45,-0.18,-46.31,-0.09,-10.00
