0,7,-1.00,-1.00,-1.00,-1.00,0.8814,2.0,2.11,5.42,-11.49,1.65,11.83,3.07,-10.00
0,7,-1.00,-1.00,-1.00,-1.00,0.1875,2.0,2.12,5.62,-9.31,1.27,-28.61,-0.04,-10.00
0,7,-1.00,-1.00,-1.00,-1.00,0.1660,1.9,2.13,5.57,27.79,1.25,-10.45,1.72,-10.00
0,7,-1.00,-1.00,-1.00,-1.00,0.1579,3.9,2.89,9.80,-23.26,1.55,0.94,3.07,-10.00
0,7,-1.00,-1.00,-1.00,-1.00,0.1442,1.9,2.15,5.76,13.51,1.65,16.87,-1.36,-10.00
0,7,0.00,403.91,196.06,546.56,0.1400,3.6,3.03,8.76,-21.69,2.15,35.89,-1.60,-10.00
0,7,419.85,493.60,597.51,555.13,0.1339,2.0,2.21,5.69,-10.95,2.92,43.55,3.06,-10.00
0,7,-1.00,-1.00,-1.00,-1.00,0.1257,2.1,2.15,5.52,33.95,-3.76,-50.12,-0.07,-10.00
0,7,-1.00,-1.00,-1.00,-1.00,0.1162,3.7,2.88,9.46,37.00,-2.61,-43.59,1.51,-10.00
0,7,-1.00,-1.00,-1.00,-1.00,0.1070,2.1,2.11,5.21,-15.53,0.20,-48.42,3.05,-10.00
0,7,0.00,488.42,264.82,603.74,0.1040,1.9,2.08,5.28,-13.19,2.31,22.45,3.07,-10.00
0,7,-1.00,-1.00,-1.00,-1.00,0.1040,3.5,2.78,10.05,-27.67,-1.31,-23.72,-0.10,-10.00
1,7,-1.00,-1.00,-1.00,-1.00,0.9117,1.9,2.07,5.31,-12.51,1.50,7.25,2.98,-10.00
1,7,-1.00,-1.00,-1.00,-1.00,0.3292,2.0,2.12,5.79,10.82,1.02,-27.99,-0.07,-10.00
1,7,0.00,450.19,240.36,543.06,0.1719,2.0,2.25,5.77,-16.79,1.64,28.57,-0.14,-10.00
1,7,-1.00,-1.00,-1.00,-1.00,0.1580,2.1,2.13,5.33,-3.84,0.72,-51.35,-0.14,-10.00
1,7,-1.00,-1.00,-1.00,-1.00,0.1570,2.7,2.51,6.28,-15.91,-0.67,-47.53,3.04,-10.00
1,7,-1.00,-1.00,-1.00,-1.00,0.1546,2.0,2.10,5.62,-7.13,1.09,-32.88,-0.13,-10.00
1,7,-1.00,-1.00,-1.00,-1.00,0.1461,2.2,2.23,5.90,-19.69,-0.41,-47.72,1.58,-10.00
1,7,-1.00,-1.00,-1.00,-1.00,0.1366,2.0,2.11,5.68,-7.42,1.10,-28.43,-0.14,-10.00
1,7,-1.00,-1.00,-1.00,-1.00,0.1301,3.5,2.71,10.00,-24.44,1.41,-5.00,2.98,-10.00
1,7,-1.00,-1.00,-1.00,-1.00,0.1177,1.9,2.02,5.24,10.80,0.80,-16.76,-0.13,-10.00
1,7,-1.00,-1.00,-1.00,-1.00,0.1177,2.0,2.16,5.53,-31.92,1.40,-4.67,1.55,-10.00
1,7,-1.00,-1.00,-1.00,-1.00,0.1141,2.0,2.16,5.60,10.96,0.75,-19.59,-0.13,-10.00
1,7,-1.00,-1.00,-1.00,-1.00,0.1135,1.9,2.07,5.09,-23.98,1.84,25.07,-0.16,-10.00
1,7,-1.00,-1.00,-1.00,-1.00,0.1119,3.9,3.02,10.72,-16.20,1.28,-22.64,1.48,-10.00
1,7,-1.00,-1.00,-1.00,-1.00,0.1031,1.9,2.07,5.24,11.55,0.99,-22.72,-0.17,-10.00
1,7,-1.00,-1.00,-1.00,-1.00,0.1021,3.2,2.83,7.54,-27.06,0.30,-23.89,-1.69,-10.00
2,7,-1.00,-1.00,-1.00,-1.00,0.7933,1.9,2.03,5.17,-12.91,1.59,3.40,2.92,-10.00
2,7,19.87,476.31,273.23,554.58,0.2702,2.1,2.19,5.72,-18.60,2.29,34.57,-0.20,-10.00
2,7,-1.00,-1.00,-1.00,-1.00,0.2441,3.5,2.87,7.86,-26.39,2.05,26.07,-1.71,-10.00
2,7,-1.00,-1.00,-1.00,-1.00,0.2388,3.4,2.85,7.06,35.99,0.83,5.47,-0.13,-10.00
2,7,-1.00,-1.00,-1.00,-1.00,0.2242,2.0,2.24,5.41,25.41,1.34,-5.43,-0.13,-10.00
2,7,-1.00,-1.00,-1.00,-1.00,0.1551,2.0,2.15,5.44,-25.47,1.47,20.21,2.95,-10.00
2,7,-1.00,-1.00,-1.00,-1.00,0.1440,2.0,2.12,5.58,-4.54,1.27,-36.38,-0.19,-10.00
2,7,208.67,483.69,446.52,558.87,0.1322,2.0,2.12,5.96,-14.04,2.48,35.65,-0.18,-10.00
2,7,0.00,469.71,49.90,579.74,0.1274,2.0,2.13,5.48,-18.50,2.04,24.25,-0.27,-10.00
2,7,-1.00,-1.00,-1.00,-1.00,0.1256,2.0,2.11,5.36,11.38,0.72,-21.30,-0.19,-10.00
2,7,-1.00,-1.00,-1.00,-1.00,0.1204,1.9,2.03,5.40,-13.86,0.61,-42.06,-0.15,-10.00
2,7,-1.00,-1.00,-1.00,-1.00,0.1167,2.0,2.18,5.46,13.90,1.00,-24.38,-0.14,-10.00
3,7,-1.00,-1.00,-1.00,-1.00,0.9100,1.9,2.09,5.42,-13.24,1.59,-1.42,2.80,-10.00
3,7,-1.00,-1.00,-1.00,-1.00,0.2249,1.9,2.12,5.25,12.94,0.89,-18.59,-0.27,-10.00
3,7,-1.00,-1.00,-1.00,-1.00,0.2087,3.5,3.02,8.54,-29.22,2.41,20.40,-1.79,-10.00
3,7,-1.00,-1.00,-1.00,-1.00,0.2050,2.1,2.23,5.74,27.97,0.43,-26.44,-1.87,-10.00
3,7,-1.00,-1.00,-1.00,-1.00,0.1172,2.1,2.27,5.26,-25.50,1.65,12.50,-2.21,-10.00
3,7,-1.00,-1.00,-1.00,-1.00,0.1089,2.1,2.21,5.44,30.53,1.38,5.47,-0.23,-10.00
3,7,-1.00,-1.00,-1.00,-1.00,0.1081,2.0,2.14,5.35,13.82,0.85,-24.33,-0.22,-10.00
3,7,-1.00,-1.00,-1.00,-1.00,0.1028,2.0,2.18,5.46,26.20,0.74,-19.88,-0.23,-10.00
3,7,-1.00,-1.00,-1.00,-1.00,0.1013,3.5,3.03,10.72,-12.20,1.21,-31.10,1.21,-10.00
4,7,-1.00,-1.00,-1.00,-1.00,0.8895,1.9,2.02,5.17,-13.07,1.36,-6.12,2.75,-10.00
4,7,-1.00,-1.00,-1.00,-1.00,0.2321,2.0,2.14,5.44,15.52,0.42,-25.90,-0.26,-10.00
4,7,-1.00,-1.00,-1.00,-1.00,0.2239,1.9,2.09,5.30,26.05,1.30,-7.52,-0.38,-10.00
4,7,-1.00,-1.00,-1.00,-1.00,0.1829,1.9,2.10,5.29,14.87,0.75,-20.72,-0.35,-10.00
4,7,-1.00,-1.00,-1.00,-1.00,0.1475,3.5,2.98,8.41,-30.86,2.18,12.42,-1.95,-10.00
4,7,-1.00,-1.00,-1.00,-1.00,0.1414,2.0,2.18,5.51,28.31,0.88,-26.54,-0.69,-10.00
4,7,-1.00,-1.00,-1.00,-1.00,0.1392,2.1,2.19,5.56,40.76,0.37,-44.20,1.29,-10.00
4,7,-1.00,-1.00,-1.00,-1.00,0.1279,3.8,2.82,8.84,-32.75,2.18,9.02,2.64,-10.00
4,7,-1.00,-1.00,-1.00,-1.00,0.1197,1.9,2.06,4.83,24.60,2.28,23.04,2.65,-10.00
4,7,-1.00,-1.00,-1.00,-1.00,0.1135,2.0,2.14,5.56,-9.90,0.92,-40.56,-0.25,-10.00
4,7,-1.00,-1.00,-1.00,-1.00,0.1114,2.1,2.32,5.60,48.86,1.52,31.05,1.14,-10.00
4,7,-1.00,-1.00,-1.00,-1.00,0.1075,3.8,3.06,10.54,-9.00,1.00,-35.22,1.07,-10.00
4,7,-1.00,-1.00,-1.00,-1.00,0.1058,1.9,2.11,5.23,33.54,1.72,10.42,-1.98,-10.00
4,7,-1.00,-1.00,-1.00,-1.00,0.1034,2.9,2.56,6.76,41.19,2.00,49.87,1.18,-10.00
4,7,-1.00,-1.00,-1.00,-1.00,0.1010,2.0,2.14,5.51,27.85,2.03,21.50,-0.47,-10.00
5,7,-1.00,-1.00,-1.00,-1.00,0.7876,1.9,2.03,5.20,-12.40,1.62,-10.78,2.69,-10.00
5,7,-1.00,-1.00,-1.00,-1.00,0.1870,2.1,2.20,5.58,19.65,0.78,-28.00,-0.40,-10.00
5,7,-1.00,-1.00,-1.00,-1.00,0.1550,2.0,2.11,5.39,6.87,1.98,-46.61,-0.54,-10.00
5,7,-1.00,-1.00,-1.00,-1.00,0.1484,1.9,2.19,5.56,31.17,1.74,-20.58,2.76,-10.00
5,7,-1.00,-1.00,-1.00,-1.00,0.1385,3.9,2.91,8.92,-32.73,1.66,3.02,2.56,-10.00
5,7,-1.00,-1.00,-1.00,-1.00,0.1337,2.0,2.29,5.92,27.67,1.46,-4.06,2.80,-10.00
5,7,-1.00,-1.00,-1.00,-1.00,0.1238,2.2,2.37,5.95,35.70,1.21,27.58,-2.10,-10.00
5,7,-1.00,-1.00,-1.00,-1.00,0.1203,2.0,2.17,5.50,20.55,1.38,-37.45,2.95,-10.00
5,7,-1.00,-1.00,-1.00,-1.00,0.1160,1.9,2.09,5.68,12.54,1.29,-18.18,-0.33,-10.00
5,7,-1.00,-1.00,-1.00,-1.00,0.1154,1.9,2.11,5.63,16.46,1.25,-25.68,-0.47,-10.00
5,7,-1.00,-1.00,-1.00,-1.00,0.1099,2.1,2.25,5.62,20.15,1.31,-34.92,-0.20,-10.00
5,7,-1.00,-1.00,-1.00,-1.00,0.1081,1.9,2.07,5.38,-23.74,1.80,7.41,-0.51,-10.00
5,7,-1.00,-1.00,-1.00,-1.00,0.1050,1.9,2.09,5.49,23.41,1.03,21.02,-2.00,-10.00
5,7,-1.00,-1.00,-1.00,-1.00,0.1031,2.1,2.07,5.41,3.07,1.63,-39.87,-0.47,-10.00
6,7,-1.00,-1.00,-1.00,-1.00,0.7464,1.9,2.06,5.24,-11.48,1.47,-15.16,2.58,-10.00
6,7,-1.00,-1.00,-1.00,-1.00,0.2700,3.7,2.98,9.61,-2.25,1.13,-42.94,0.98,-10.00
6,7,-1.00,-1.00,-1.00,-1.00,0.2231,2.2,2.20,5.83,11.07,0.66,-49.24,-0.61,-10.00
6,7,-1.00,-1.00,-1.00,-1.00,0.2003,2.0,2.13,5.41,19.96,0.16,-29.53,-0.33,-10.00
6,7,-1.00,-1.00,-1.00,-1.00,0.1756,2.0,2.24,5.47,42.39,1.31,32.35,0.90,-10.00
6,7,-1.00,-1.00,-1.00,-1.00,0.1679,3.9,2.93,9.96,-15.37,1.47,-29.64,2.68,-10.00
6,7,-1.00,-1.00,-1.00,-1.00,0.1538,2.0,2.23,5.84,35.01,1.39,26.66,2.68,-10.00
6,7,-1.00,-1.00,-1.00,-1.00,0.1404,1.9,2.06,5.51,34.34,0.78,-16.13,-2.04,-10.00
6,7,-1.00,-1.00,-1.00,-1.00,0.1285,2.5,2.48,6.23,-34.84,1.41,-5.50,0.97,-10.00
6,7,-1.00,-1.00,-1.00,-1.00,0.1224,1.9,2.01,5.10,19.37,0.25,-27.00,-0.45,-10.00
6,7,-1.00,-1.00,-1.00,-1.00,0.1202,2.0,2.16,5.58,6.50,0.56,-42.87,-0.62,-10.00
6,7,-1.00,-1.00,-1.00,-1.00,0.1152,3.8,2.94,8.03,31.78,0.18,-48.23,2.63,-10.00
6,7,-1.00,-1.00,-1.00,-1.00,0.1008,1.9,2.13,5.39,16.65,0.40,-22.70,-0.69,-10.00
7,7,-1.00,-1.00,-1.00,-1.00,0.4023,1.9,2.10,5.38,-10.21,1.25,-18.90,2.48,-10.00
7,7,-1.00,-1.00,-1.00,-1.00,0.2055,1.9,2.14,5.58,-14.55,1.57,-15.62,-0.64,-10.00
7,7,-1.00,-1.00,-1.00,-1.00,0.1405,1.9,2.10,5.55,19.53,0.76,-29.82,-2.23,-10.00
7,7,-1.00,-1.00,-1.00,-1.00,0.1400,3.7,3.14,8.83,-32.81,1.82,-5.51,0.89,-10.00
7,7,-1.00,-1.00,-1.00,-1.00,0.1316,3.9,2.86,10.04,-13.10,1.47,-33.37,2.65,-10.00
7,7,-1.00,-1.00,-1.00,-1.00,0.1313,2.0,2.11,5.35,-4.02,1.23,-28.07,-0.64,-10.00
7,7,-1.00,-1.00,-1.00,-1.00,0.1294,2.0,2.14,5.98,12.03,1.02,-20.49,-2.26,-10.00
7,7,-1.00,-1.00,-1.00,-1.00,0.1211,2.0,2.23,5.62,32.06,1.41,-18.58,2.77,-10.00
7,7,-1.00,-1.00,-1.00,-1.00,0.1186,2.1,2.11,5.71,13.43,1.14,-16.68,2.62,-10.00
7,7,-1.00,-1.00,-1.00,-1.00,0.1129,3.4,2.83,7.18,34.17,0.89,6.35,2.51,-10.00
7,7,-1.00,-1.00,-1.00,-1.00,0.1109,2.1,2.20,5.61,26.18,1.85,28.73,2.61,-10.00
7,7,-1.00,-1.00,-1.00,-1.00,0.1094,2.1,2.18,5.63,40.33,0.89,-28.72,2.37,-10.00
7,7,-1.00,-1.00,-1.00,-1.00,0.1048,2.0,2.16,5.36,20.12,1.22,18.82,-2.46,-10.00
7,7,-1.00,-1.00,-1.00,-1.00,0.1020,2.0,2.07,5.31,38.93,0.92,-27.33,2.23,-10.00
7,7,-1.00,-1.00,-1.00,-1.00,0.1017,2.1,2.17,5.66,37.37,1.28,-24.94,2.53,-10.00
8,7,-1.00,-1.00,-1.00,-1.00,0.4315,2.0,2.21,5.58,-8.44,1.30,-22.76,2.34,-10.00
8,7,-1.00,-1.00,-1.00,-1.00,0.2846,1.9,2.22,5.74,28.62,1.33,-9.47,2.35,-10.00
8,7,-1.00,-1.00,-1.00,-1.00,0.2547,1.9,2.21,5.65,-12.87,1.62,-20.02,-0.82,-10.00
8,7,-1.00,-1.00,-1.00,-1.00,0.2210,2.1,2.19,5.89,14.60,1.25,-18.17,2.59,-10.00
8,7,-1.00,-1.00,-1.00,-1.00,0.2174,1.9,2.04,5.18,23.08,0.67,-25.65,2.40,-10.00
8,7,-1.00,-1.00,-1.00,-1.00,0.1452,1.9,2.14,5.84,0.84,1.17,-32.02,-2.24,-10.00
8,7,-1.00,-1.00,-1.00,-1.00,0.1438,2.0,2.12,5.41,19.12,0.74,-28.02,-2.46,-10.00
8,7,-1.00,-1.00,-1.00,-1.00,0.1424,2.0,2.12,5.50,36.80,1.49,-15.66,-2.28,-10.00
8,7,-1.00,-1.00,-1.00,-1.00,0.1407,1.9,2.26,5.59,28.65,1.51,-5.51,-2.23,-10.00
8,7,-1.00,-1.00,-1.00,-1.00,0.1216,2.1,2.21,5.43,19.73,0.82,-51.59,-0.61,-10.00
8,7,-1.00,-1.00,-1.00,-1.00,0.1169,2.2,2.33,6.27,27.25,1.46,-7.72,2.38,-10.00
8,7,-1.00,-1.00,-1.00,-1.00,0.1099,2.1,2.20,5.60,28.15,0.32,-31.05,1.68,-10.00
8,7,-1.00,-1.00,-1.00,-1.00,0.1054,2.3,2.47,5.98,39.61,1.20,-23.36,2.24,-10.00
8,7,-1.00,-1.00,-1.00,-1.00,0.1038,1.9,2.08,5.37,20.99,0.81,-24.66,-0.71,-10.00
9,7,-1.00,-1.00,-1.00,-1.00,0.3886,1.9,2.13,5.66,-6.10,1.20,-26.40,-0.88,-10.00
9,7,-1.00,-1.00,-1.00,-1.00,0.2417,2.0,2.18,5.72,29.10,1.32,-10.28,2.26,-10.00
9,7,-1.00,-1.00,-1.00,-1.00,0.1979,2.0,2.18,5.77,4.00,1.16,-34.10,-2.49,-10.00
9,7,-1.00,-1.00,-1.00,-1.00,0.1736,2.0,2.18,5.62,15.83,1.07,-20.28,-0.71,-10.00
9,7,-1.00,-1.00,-1.00,-1.00,0.1654,2.1,2.23,5.72,41.93,1.33,-22.77,2.30,-10.00
9,7,-1.00,-1.00,-1.00,-1.00,0.1413,1.9,2.16,5.67,36.37,1.35,-17.47,2.44,-10.00
9,7,-1.00,-1.00,-1.00,-1.00,0.1278,2.0,2.12,5.58,-15.31,0.41,-45.78,-0.55,-10.00
9,7,-1.00,-1.00,-1.00,-1.00,0.1218,1.9,2.09,5.71,10.96,1.65,-5.69,-0.20,-10.00
9,7,-1.00,-1.00,-1.00,-1.00,0.1145,1.9,2.11,5.44,23.42,0.82,-25.31,-0.96,-10.00
9,7,-1.00,-1.00,-1.00,-1.00,0.1134,2.0,2.14,5.74,-14.80,1.41,-20.78,-0.87,-10.00
9,7,-1.00,-1.00,-1.00,-1.00,0.1086,2.0,2.29,5.94,29.85,1.29,-6.50,-2.09,-10.00
9,7,-1.00,-1.00,-1.00,-1.00,0.1069,2.0,2.16,5.41,40.19,1.01,-15.97,-2.84,-10.00
9,7,-1.00,-1.00,-1.00,-1.00,0.1044,3.6,2.95,8.22,-31.96,1.42,-27.38,2.21,-10.00
9,7,-1.00,-1.00,-1.00,-1.00,0.1023,2.0,2.19,5.75,-26.84,1.56,-2.08,-0.82,-10.00
10,7,-1.00,-1.00,-1.00,-1.00,0.4480,2.0,2.11,5.49,-3.24,0.92,-30.02,2.14,-10.00
10,7,-1.00,-1.00,-1.00,-1.00,0.1621,3.5,2.74,7.67,-28.29,1.57,-32.77,2.08,-10.00
10,7,-1.00,-1.00,-1.00,-1.00,0.1409,4.0,3.16,9.62,12.73,1.03,-52.21,1.92,-10.00
10,7,-1.00,-1.00,-1.00,-1.00,0.1351,2.0,2.16,5.45,32.35,1.10,-51.83,-2.77,-10.00
10,7,-1.00,-1.00,-1.00,-1.00,0.1325,2.0,2.19,5.56,45.33,0.30,-17.79,-2.71,-10.00
10,7,-1.00,-1.00,-1.00,-1.00,0.1314,2.3,2.30,5.89,7.34,0.33,-43.69,1.76,-10.00
10,7,-1.00,-1.00,-1.00,-1.00,0.1178,2.0,2.25,5.87,-26.51,1.32,-7.75,-0.90,-10.00
10,7,-1.00,-1.00,-1.00,-1.00,0.1173,2.0,2.20,5.44,44.51,0.65,-23.34,-2.44,-10.00
10,7,-1.00,-1.00,-1.00,-1.00,0.1150,2.0,2.21,5.90,-8.29,1.12,-28.68,-1.03,-10.00
10,7,-1.00,-1.00,-1.00,-1.00,0.1120,2.0,2.20,5.63,33.79,0.60,-28.04,-2.81,-10.00
10,7,-1.00,-1.00,-1.00,-1.00,0.1107,2.2,2.38,6.00,36.29,1.16,-15.98,-1.91,-10.00
10,7,-1.00,-1.00,-1.00,-1.00,0.1086,2.0,2.21,5.82,34.91,1.38,-11.69,-2.13,-10.00
10,7,-1.00,-1.00,-1.00,-1.00,0.1042,1.9,2.14,5.52,14.15,1.63,14.73,-2.50,-10.00
10,7,-1.00,-1.00,-1.00,-1.00,0.1039,2.1,2.20,5.69,28.14,0.58,-24.94,-2.64,-10.00
10,7,-1.00,-1.00,-1.00,-1.00,0.1020,3.4,2.78,7.39,15.34,0.86,-51.69,0.54,-10.00
11,7,-1.00,-1.00,-1.00,-1.00,0.7311,2.0,2.16,5.80,-0.53,1.24,-32.69,2.01,-10.00
11,7,-1.00,-1.00,-1.00,-1.00,0.3330,4.0,3.00,8.95,-25.92,1.81,-39.08,2.10,-10.00
11,7,-1.00,-1.00,-1.00,-1.00,0.1700,2.0,2.14,5.50,10.29,1.26,-38.05,-2.55,-10.00
11,7,-1.00,-1.00,-1.00,-1.00,0.1648,2.2,2.31,5.24,-37.65,1.36,-33.74,0.69,-10.00
11,7,-1.00,-1.00,-1.00,-1.00,0.1636,3.1,2.53,6.76,35.20,0.74,-47.20,-0.30,-10.00
11,7,-1.00,-1.00,-1.00,-1.00,0.1528,2.1,2.21,5.59,22.12,0.56,-22.25,0.73,-10.00
11,7,1426.96,403.09,1526.88,506.25,0.1419,3.1,2.45,6.17,22.45,1.17,43.52,-1.18,-10.00
11,7,-1.00,-1.00,-1.00,-1.00,0.1291,1.9,2.14,5.44,50.19,0.57,-22.76,1.96,-10.00
11,7,-1.00,-1.00,-1.00,-1.00,0.1247,1.9,2.07,5.27,25.42,0.54,34.53,0.45,-10.00
11,7,-1.00,-1.00,-1.00,-1.00,0.1157,2.0,2.15,5.57,46.19,0.94,-21.83,-2.54,-10.00
11,7,-1.00,-1.00,-1.00,-1.00,0.1105,2.3,2.31,5.95,43.61,-0.49,22.55,-2.72,-10.00
11,7,-1.00,-1.00,-1.00,-1.00,0.1098,2.1,2.23,5.77,26.09,1.17,-47.58,1.96,-10.00
11,7,-1.00,-1.00,-1.00,-1.00,0.1092,2.6,2.40,6.06,43.91,-0.18,25.10,-2.62,-10.00
11,7,-1.00,-1.00,-1.00,-1.00,0.1040,3.2,2.69,7.66,42.56,1.05,43.24,2.15,-10.00
11,7,-1.00,-1.00,-1.00,-1.00,0.1027,2.0,2.27,5.75,45.63,0.97,-18.89,2.14,-10.00
11,7,-1.00,-1.00,-1.00,-1.00,0.1022,1.9,2.20,5.61,31.07,1.18,-9.34,2.23,-10.00
11,7,-1.00,-1.00,-1.00,-1.00,0.1021,2.0,2.18,5.81,14.40,1.31,-14.22,-0.61,-10.00
11,7,-1.00,-1.00,-1.00,-1.00,0.1013,4.1,3.13,11.06,-28.02,1.97,-44.61,2.11,-10.00
11,7,-1.00,-1.00,-1.00,-1.00,0.1003,2.2,2.15,5.44,32.89,0.34,-50.63,-3.02,-10.00
12,7,-1.00,-1.00,-1.00,-1.00,0.5545,2.1,2.25,5.96,3.18,1.07,-35.82,1.94,-10.00
12,7,-1.00,-1.00,-1.00,-1.00,0.2152,3.6,2.91,8.30,-20.70,1.17,-44.08,1.80,-10.00
12,7,-1.00,-1.00,-1.00,-1.00,0.1884,3.6,2.69,8.11,-20.77,1.11,-36.42,1.98,-10.00
12,7,-1.00,-1.00,-1.00,-1.00,0.1447,2.0,2.25,5.78,31.44,0.64,-47.54,1.88,-10.00
12,7,-1.00,-1.00,-1.00,-1.00,0.1275,2.9,2.60,7.02,33.16,0.60,4.09,1.90,-10.00
12,7,1365.82,441.63,1556.51,506.15,0.1132,1.9,2.08,5.36,21.01,1.14,41.76,-2.82,-10.00
12,7,-1.00,-1.00,-1.00,-1.00,0.1120,2.4,2.36,6.29,39.26,0.94,-17.76,1.94,-10.00
12,7,1468.81,432.81,1600.00,512.47,0.1117,1.9,2.14,5.52,20.92,1.11,34.47,-2.79,-10.00
12,7,-1.00,-1.00,-1.00,-1.00,0.1067,1.9,2.18,5.41,-7.18,1.21,-32.98,1.90,-10.00
12,7,-1.00,-1.00,-1.00,-1.00,0.1041,1.9,2.12,5.56,14.95,0.96,-39.58,-2.80,-10.00
12,7,-1.00,-1.00,-1.00,-1.00,0.1026,1.9,2.18,5.90,35.94,0.57,26.87,1.86,-10.00
12,7,-1.00,-1.00,-1.00,-1.00,0.1010,2.0,2.26,5.68,47.75,1.06,-19.88,-2.86,-10.00
13,7,-1.00,-1.00,-1.00,-1.00,0.3136,3.2,2.77,7.68,-15.98,0.85,-48.41,1.77,-10.00
13,7,-1.00,-1.00,-1.00,-1.00,0.2306,2.0,2.07,5.27,7.24,1.21,-38.06,1.82,-10.00
13,7,-1.00,-1.00,-1.00,-1.00,0.1753,2.1,2.20,5.59,36.36,0.65,-46.71,1.74,-10.00
13,7,-1.00,-1.00,-1.00,-1.00,0.1656,3.7,2.82,8.40,32.95,1.06,5.09,-1.33,-10.00
13,7,-1.00,-1.00,-1.00,-1.00,0.1504,2.0,2.20,5.73,17.72,1.12,-41.70,-1.29,-10.00
13,7,1161.09,402.86,1254.05,508.39,0.1386,3.5,2.65,6.66,14.04,1.34,46.62,-1.36,-10.00
13,7,-1.00,-1.00,-1.00,-1.00,0.1375,1.9,2.11,5.42,-23.46,1.31,-25.20,-2.91,-10.00
13,7,-1.00,-1.00,-1.00,-1.00,0.1342,2.0,2.11,5.39,-24.20,1.36,-27.32,0.26,-10.00
13,7,-1.00,-1.00,-1.00,-1.00,0.1282,2.1,2.16,5.80,14.24,1.50,-11.96,2.58,-10.00
13,7,-1.00,-1.00,-1.00,-1.00,0.1262,2.1,2.21,5.80,23.15,0.40,-28.14,1.89,-10.00
13,7,251.70,413.60,653.25,541.14,0.1242,4.0,3.20,13.78,-13.09,2.42,43.77,0.26,-10.00
13,7,-1.00,-1.00,-1.00,-1.00,0.1240,2.2,2.43,6.12,48.59,1.13,-13.87,1.50,-10.00
13,7,-1.00,-1.00,-1.00,-1.00,0.1235,2.0,2.19,5.88,42.10,1.26,-12.24,1.92,-10.00
13,7,-1.00,-1.00,-1.00,-1.00,0.1216,2.0,2.16,5.63,46.57,0.73,-28.82,-1.31,-10.00
13,7,-1.00,-1.00,-1.00,-1.00,0.1189,4.0,3.26,12.74,37.42,0.97,4.29,-1.30,-10.00
13,7,-1.00,-1.00,-1.00,-1.00,0.1118,2.0,2.16,5.45,-22.30,1.27,-22.62,0.26,-10.00
13,7,-1.00,-1.00,-1.00,-1.00,0.1085,2.0,2.21,5.66,49.24,0.84,-11.18,3.14,-10.00
13,7,-1.00,-1.00,-1.00,-1.00,0.1080,1.9,2.14,5.48,20.02,1.01,-40.84,0.36,-10.00
13,7,1250.09,443.99,1444.08,510.34,0.1041,1.9,2.09,5.40,16.64,1.24,40.35,0.18,-10.00
13,7,-1.00,-1.00,-1.00,-1.00,0.1035,1.9,2.28,5.94,9.63,1.26,-39.30,-1.32,-10.00
13,7,-1.00,-1.00,-1.00,-1.00,0.1021,2.0,2.19,5.70,48.41,1.31,-19.22,-1.38,-10.00
13,7,-1.00,-1.00,-1.00,-1.00,0.1006,2.0,2.18,5.42,49.79,1.06,-17.09,-2.93,-10.00
14,7,-1.00,-1.00,-1.00,-1.00,0.3521,1.9,2.09,5.48,0.12,1.36,-39.84,1.62,-10.00
14,7,-1.00,-1.00,-1.00,-1.00,0.3427,2.0,2.23,5.77,10.69,1.54,-40.34,1.78,-10.00
14,7,-1.00,-1.00,-1.00,-1.00,0.3158,2.1,2.30,6.05,21.42,1.11,-43.03,1.73,-10.00
14,7,-1.00,-1.00,-1.00,-1.00,0.2494,2.0,2.35,5.98,38.12,1.01,-24.96,-1.38,-10.00
14,7,-1.00,-1.00,-1.00,-1.00,0.2078,3.7,2.83,10.15,6.70,1.52,-48.70,-2.98,-10.00
14,7,-1.00,-1.00,-1.00,-1.00,0.2032,3.6,2.95,8.51,32.12,1.25,4.54,-1.46,-10.00
14,7,-1.00,-1.00,-1.00,-1.00,0.2031,2.0,2.22,5.62,32.66,1.07,-24.62,-1.50,-10.00
14,7,-1.00,-1.00,-1.00,-1.00,0.1959,2.1,2.16,5.46,-12.66,0.57,-49.89,-2.97,-10.00
14,7,1049.74,398.20,1151.64,509.71,0.1600,3.7,2.80,7.55,10.21,1.40,47.41,-1.48,-10.00
14,7,-1.00,-1.00,-1.00,-1.00,0.1468,2.0,2.16,6.16,-20.27,1.49,-33.16,1.76,-10.00
14,7,36.87,412.18,442.10,543.20,0.1449,3.8,3.06,11.79,-18.37,2.25,39.46,0.15,-10.00
14,7,-1.00,-1.00,-1.00,-1.00,0.1440,1.9,2.20,5.60,23.87,1.28,-41.71,-2.97,-10.00
14,7,-1.00,-1.00,-1.00,-1.00,0.1352,2.0,2.28,5.68,35.29,0.99,-24.78,-1.35,-10.00
14,7,-1.00,-1.00,-1.00,-1.00,0.1352,2.0,2.18,5.59,25.59,0.94,15.08,-2.15,-10.00
14,7,-1.00,-1.00,-1.00,-1.00,0.1284,3.7,2.87,8.73,-4.02,1.49,-46.97,0.18,-10.00
14,7,-1.00,-1.00,-1.00,-1.00,0.1274,2.1,2.20,5.55,5.56,1.45,-40.38,-1.47,-10.00
14,7,-1.00,-1.00,-1.00,-1.00,0.1190,1.8,2.05,5.02,-21.09,1.59,-29.87,-3.02,-10.00
14,7,1588.09,445.64,1600.00,516.30,0.1042,2.4,2.36,6.19,31.87,1.72,48.19,-1.37,-10.00
14,7,-1.00,-1.00,-1.00,-1.00,0.1040,2.0,2.20,5.86,46.33,0.93,-26.34,-1.41,-10.00
14,7,-1.00,-1.00,-1.00,-1.00,0.1030,1.9,2.18,5.52,13.34,1.28,-40.27,-1.43,-10.00
14,7,-1.00,-1.00,-1.00,-1.00,0.1007,1.9,2.12,5.21,40.80,0.44,-45.81,1.64,-10.00
14,7,-1.00,-1.00,-1.00,-1.00,0.1006,1.9,2.14,5.49,40.84,1.22,-25.16,-1.35,-10.00
14,7,-1.00,-1.00,-1.00,-1.00,0.1006,1.9,2.11,5.30,-21.06,1.44,-27.13,-3.03,-10.00
14,7,-1.00,-1.00,-1.00,-1.00,0.1003,2.6,2.39,6.06,-9.54,0.84,-51.18,0.18,-10.00
15,7,-1.00,-1.00,-1.00,-1.00,0.2966,2.1,2.24,5.79,13.56,1.08,-42.35,1.69,-10.00
15,7,1178.75,430.92,1433.50,518.10,0.2560,1.9,2.11,5.27,11.42,1.12,30.15,0.02,-10.00
15,7,-1.00,-1.00,-1.00,-1.00,0.2084,3.6,2.94,8.60,36.24,0.98,2.04,-1.50,-10.00
15,7,-1.00,-1.00,-1.00,-1.00,0.1820,2.0,2.19,5.51,3.00,1.01,-42.20,-1.58,-10.00
15,7,-1.00,-1.00,-1.00,-1.00,0.1799,1.9,2.14,5.63,-18.55,1.54,-36.11,-3.11,-10.00
15,7,953.68,407.51,1039.61,508.34,0.1743,3.4,2.59,7.26,6.42,1.38,48.24,-1.52,-10.00
15,7,0.00,396.15,238.08,540.12,0.1736,3.8,3.08,9.50,-22.11,1.94,35.43,0.05,-10.00
15,7,-1.00,-1.00,-1.00,-1.00,0.1655,3.6,2.82,7.34,-12.13,1.14,-47.69,0.06,-10.00
15,7,-1.00,-1.00,-1.00,-1.00,0.1608,1.9,2.11,5.41,-18.79,1.43,-30.39,-3.09,-10.00
15,7,-1.00,-1.00,-1.00,-1.00,0.1497,3.4,2.76,7.87,-9.54,1.46,-50.92,1.64,-10.00
15,7,-1.00,-1.00,-1.00,-1.00,0.1475,2.1,2.20,5.57,33.54,0.84,-24.97,-1.38,-10.00
15,7,-1.00,-1.00,-1.00,-1.00,0.1470,3.6,2.94,8.45,31.43,0.79,3.17,1.65,-10.00
15,7,-1.00,-1.00,-1.00,-1.00,0.1347,1.9,2.17,5.82,-18.67,1.57,-38.49,-3.06,-10.00
15,7,-1.00,-1.00,-1.00,-1.00,0.1345,3.2,2.89,7.44,30.49,1.04,20.79,0.03,-10.00
15,7,-1.00,-1.00,-1.00,-1.00,0.1217,2.0,2.16,5.53,42.19,0.76,-24.35,1.67,-10.00
15,7,-1.00,-1.00,-1.00,-1.00,0.1162,2.0,2.23,5.60,39.41,0.96,-24.89,-1.44,-10.00
15,7,1091.56,441.03,1172.37,509.15,0.1157,2.0,2.06,5.57,10.18,1.24,42.15,1.71,-10.00
15,7,-1.00,-1.00,-1.00,-1.00,0.1140,1.9,2.16,5.61,-19.27,1.61,-32.83,-3.07,-10.00
15,7,-1.00,-1.00,-1.00,-1.00,0.1137,2.0,2.12,5.54,47.60,0.80,-21.21,2.28,-10.00
15,7,-1.00,-1.00,-1.00,-1.00,0.1136,2.0,2.24,5.65,36.90,0.75,-24.75,-1.40,-10.00
15,7,-1.00,-1.00,-1.00,-1.00,0.1106,1.9,2.06,5.64,-19.15,1.43,-40.90,0.05,-10.00
15,7,-1.00,-1.00,-1.00,-1.00,0.1075,2.2,2.24,5.90,50.82,-1.00,-43.47,-3.04,-10.00
15,7,-1.00,-1.00,-1.00,-1.00,0.1069,2.1,2.24,5.77,30.97,1.14,-23.06,-3.05,-10.00
15,7,-1.00,-1.00,-1.00,-1.00,0.1022,2.0,2.22,5.34,27.43,0.65,20.49,-1.47,-10.00
15,7,-1.00,-1.00,-1.00,-1.00,0.1017,1.9,2.19,5.64,28.29,1.17,-42.52,-3.04,-10.00
16,7,-1.00,-1.00,-1.00,-1.00,0.5014,2.0,2.13,5.55,14.21,-0.05,-43.99,-1.53,-10.00
16,7,-1.00,-1.00,-1.00,-1.00,0.1715,2.6,2.51,6.43,29.15,-0.25,-29.31,-3.02,-10.00
16,7,-1.00,-1.00,-1.00,-1.00,0.1703,3.8,2.60,6.44,26.36,1.83,34.74,0.08,-10.00
16,7,-1.00,-1.00,-1.00,-1.00,0.1695,2.0,2.32,5.87,42.93,-0.08,-26.32,-1.65,-10.00
16,7,-1.00,-1.00,-1.00,-1.00,0.1592,2.0,2.16,5.59,8.90,0.35,-44.64,-1.47,-10.00
16,7,-1.00,-1.00,-1.00,-1.00,0.1590,2.2,2.39,6.15,40.27,0.27,-27.04,-1.66,-10.00
16,7,-1.00,-1.00,-1.00,-1.00,0.1560,3.7,2.95,8.19,-10.55,0.57,-51.12,-3.02,-10.00
16,7,-1.00,-1.00,-1.00,-1.00,0.1450,2.1,2.35,5.36,44.74,-0.72,-45.69,-1.57,-10.00
16,7,-1.00,-1.00,-1.00,-1.00,0.1385,2.1,2.12,5.47,16.33,0.14,-42.41,0.02,-10.00
16,7,-1.00,-1.00,-1.00,-1.00,0.1336,2.3,2.33,6.08,49.62,0.44,-25.10,-2.86,-10.00
16,7,922.69,476.71,985.10,545.31,0.1278,2.6,2.32,5.93,5.15,3.01,50.58,-1.46,-10.00
16,7,-1.00,-1.00,-1.00,-1.00,0.1186,2.1,2.33,6.04,34.32,0.07,-26.95,1.64,-10.00
16,7,1036.47,450.21,1248.03,526.60,0.1108,2.0,2.10,5.30,8.57,1.52,34.45,-3.09,-10.00
16,7,-1.00,-1.00,-1.00,-1.00,0.1061,1.9,2.18,5.67,23.07,0.24,-44.07,-3.06,-10.00
16,7,-1.00,-1.00,-1.00,-1.00,0.1046,2.2,2.28,5.86,38.26,-0.71,-30.14,-3.07,-10.00
16,7,-1.00,-1.00,-1.00,-1.00,0.1026,2.1,2.23,5.85,34.49,-0.50,-30.14,-3.06,-10.00
16,7,-1.00,-1.00,-1.00,-1.00,0.1026,2.1,2.26,5.97,46.21,0.18,-26.26,-1.34,-10.00
16,7,-1.00,-1.00,-1.00,-1.00,0.1023,1.9,2.13,5.32,-18.37,0.89,-33.30,-3.08,-10.00
17,7,-1.00,-1.00,-1.00,-1.00,0.5901,2.0,2.24,5.95,14.86,1.15,-46.14,1.65,-10.00
17,7,-1.00,-1.00,-1.00,-1.00,0.2474,2.0,2.35,5.64,34.09,0.94,-12.31,1.62,-10.00
17,7,-1.00,-1.00,-1.00,-1.00,0.2396,3.6,2.84,8.16,31.30,0.69,-1.31,1.60,-10.00
17,7,-1.00,-1.00,-1.00,-1.00,0.2269,2.0,2.24,5.69,9.78,1.68,-46.71,-1.58,-10.00
17,7,1158.38,391.10,1449.40,491.12,0.1765,1.9,2.08,5.19,9.75,0.37,25.94,0.02,-10.00
17,7,-1.00,-1.00,-1.00,-1.00,0.1612,2.0,2.26,5.78,40.24,0.73,-28.07,-1.59,-10.00
17,7,-1.00,-1.00,-1.00,-1.00,0.1564,1.8,2.15,5.55,-18.04,1.70,-38.51,-3.07,-10.00
17,7,-1.00,-1.00,-1.00,-1.00,0.1467,2.0,2.26,5.93,43.04,0.68,-27.87,-1.58,-10.00
17,7,-1.00,-1.00,-1.00,-1.00,0.1425,2.1,2.24,5.79,48.17,0.14,-13.54,-3.06,-10.00
17,7,-1.00,-1.00,-1.00,-1.00,0.1301,2.1,2.32,5.79,36.41,0.98,-11.80,1.68,-10.00
17,7,-1.00,-1.00,-1.00,-1.00,0.1288,2.3,2.24,5.99,49.74,0.58,-26.65,0.19,-10.00
17,7,-1.00,-1.00,-1.00,-1.00,0.1261,1.8,2.09,5.33,-17.52,1.83,-35.69,-2.96,-10.00
17,7,-1.00,-1.00,-1.00,-1.00,0.1224,2.0,2.27,5.91,26.21,0.95,-47.11,-1.47,-10.00
17,7,-1.00,-1.00,-1.00,-1.00,0.1200,2.1,2.24,5.85,17.13,1.32,-45.11,0.10,-10.00
17,7,1516.87,391.25,1600.00,502.08,0.1170,3.3,2.74,7.17,27.24,1.00,43.75,1.66,-10.00
17,7,-1.00,-1.00,-1.00,-1.00,0.1165,2.2,2.32,5.67,32.53,0.72,-7.67,-3.05,-10.00
17,7,-1.00,-1.00,-1.00,-1.00,0.1108,2.0,2.14,5.67,16.55,1.23,-19.11,2.32,-10.00
17,7,-1.00,-1.00,-1.00,-1.00,0.1093,2.1,2.32,6.11,46.59,0.35,-28.18,1.70,-10.00
17,7,0.00,377.15,225.44,560.00,0.1025,4.0,3.20,11.94,-21.16,2.09,30.21,0.07,-10.00
17,7,-1.00,-1.00,-1.00,-1.00,0.1019,1.9,2.15,5.54,29.08,1.14,-27.48,1.66,-10.00
17,7,-1.00,-1.00,-1.00,-1.00,0.1019,2.4,2.42,6.64,50.30,0.21,-12.94,1.68,-10.00
18,7,-1.00,-1.00,-1.00,-1.00,0.4614,2.0,2.23,5.96,15.21,0.77,-48.05,1.58,-10.00
18,7,-1.00,-1.00,-1.00,-1.00,0.2395,2.0,2.14,5.56,10.11,1.28,-49.23,-1.49,-10.00
18,7,-1.00,-1.00,-1.00,-1.00,0.2380,2.1,2.30,6.03,17.44,0.64,-46.78,0.05,-10.00
18,7,-1.00,-1.00,-1.00,-1.00,0.1850,1.9,2.13,5.58,-17.27,1.73,-43.55,-3.10,-10.00
18,7,-1.00,-1.00,-1.00,-1.00,0.1689,2.2,2.28,5.98,35.39,0.53,-14.63,-3.12,-10.00
18,7,-1.00,-1.00,-1.00,-1.00,0.1671,1.9,2.12,5.42,-17.43,1.58,-38.02,-3.08,-10.00
18,7,-1.00,-1.00,-1.00,-1.00,0.1597,2.2,2.28,5.86,28.90,0.28,-47.73,0.01,-10.00
18,7,-1.00,-1.00,-1.00,-1.00,0.1587,1.8,2.10,5.38,-17.81,1.61,-40.90,-3.08,-10.00
18,7,1173.64,410.42,1508.16,520.57,0.1475,1.9,2.13,5.41,9.60,0.92,23.76,-3.12,-10.00
18,7,-1.00,-1.00,-1.00,-1.00,0.1384,1.9,2.12,5.42,-17.61,1.65,-35.24,-3.11,-10.00
18,7,-1.00,-1.00,-1.00,-1.00,0.1345,2.3,2.47,6.03,30.70,-0.05,-33.28,0.08,-10.00
18,7,-1.00,-1.00,-1.00,-1.00,0.1314,1.8,2.10,5.46,-17.08,1.66,-33.66,-3.09,-10.00
18,7,-1.00,-1.00,-1.00,-1.00,0.1277,1.9,2.13,5.66,4.88,1.36,-48.74,1.56,-10.00
18,7,-1.00,-1.00,-1.00,-1.00,0.1255,2.2,2.33,5.99,34.86,0.09,-33.70,-3.13,-10.00
18,7,-1.00,-1.00,-1.00,-1.00,0.1141,2.2,2.28,5.71,48.77,0.57,-28.33,-2.92,-10.00
18,7,-1.00,-1.00,-1.00,-1.00,0.1090,2.0,2.23,5.74,42.73,-0.33,-33.78,-3.11,-10.00
18,7,-1.00,-1.00,-1.00,-1.00,0.1088,2.0,2.13,5.63,48.11,-0.09,-15.52,-3.11,-10.00
18,7,-1.00,-1.00,-1.00,-1.00,0.1078,3.7,2.84,8.62,31.07,0.49,-3.03,1.65,-10.00
18,7,-1.00,-1.00,-1.00,-1.00,0.1034,2.1,2.23,5.70,27.63,0.41,-49.79,-1.54,-10.00
18,7,-1.00,-1.00,-1.00,-1.00,0.1021,2.3,2.51,6.30,28.29,-0.19,-34.17,1.63,-10.00
19,7,-1.00,-1.00,-1.00,-1.00,0.2112,2.0,2.19,5.51,4.86,-0.10,-50.78,-1.55,-10.00
19,7,-1.00,-1.00,-1.00,-1.00,0.1554,2.0,2.14,5.65,15.94,-0.22,-50.29,1.41,-10.00
19,7,-1.00,-1.00,-1.00,-1.00,0.1491,1.9,2.14,5.71,-5.96,0.03,-50.43,-1.55,-10.00
19,7,-1.00,-1.00,-1.00,-1.00,0.1477,1.9,2.14,5.62,-25.85,1.78,-4.68,1.55,-10.00
19,7,-1.00,-1.00,-1.00,-1.00,0.1363,1.9,2.09,5.24,-17.35,0.61,-45.60,-3.13,-10.00
19,7,-1.00,-1.00,-1.00,-1.00,0.1339,2.2,2.32,5.92,46.53,-0.97,-31.67,-1.47,-10.00
19,7,-1.00,-1.00,-1.00,-1.00,0.1222,2.0,2.12,5.24,-17.46,0.61,-43.21,-3.06,-10.00
19,7,-1.00,-1.00,-1.00,-1.00,0.1203,2.0,2.17,5.66,-12.90,0.71,-46.62,0.14,-10.00
19,7,-1.00,-1.00,-1.00,-1.00,0.1128,2.0,2.07,5.48,10.43,-0.13,-50.94,-1.62,-10.00
19,7,873.56,439.91,1126.11,533.52,0.1056,2.0,2.26,5.55,3.89,1.44,28.97,-3.09,-10.00
19,7,-1.00,-1.00,-1.00,-1.00,0.1047,2.1,2.33,6.23,50.17,-1.05,-31.40,-1.61,-10.00
20,7,-1.00,-1.00,-1.00,-1.00,0.1698,1.9,2.17,5.38,29.74,-0.97,-33.74,1.59,-10.00
20,7,-1.00,-1.00,-1.00,-1.00,0.1657,2.0,2.24,5.88,46.45,-0.84,-19.40,1.68,-10.00
20,7,-1.00,-1.00,-1.00,-1.00,0.1636,2.6,2.40,6.25,20.21,0.26,-29.13,-0.11,-10.00
20,7,-1.00,-1.00,-1.00,-1.00,0.1581,2.0,2.20,5.48,18.75,0.06,-25.19,-2.24,-10.00
20,7,-1.00,-1.00,-1.00,-1.00,0.1369,2.2,2.28,5.71,19.10,-0.28,-32.45,0.62,-10.00
20,7,-1.00,-1.00,-1.00,-1.00,0.1304,2.2,2.25,5.89,4.67,0.49,-52.52,-1.46,-10.00
20,7,-1.00,-1.00,-1.00,-1.00,0.1299,2.2,2.37,6.33,48.92,-1.07,-18.93,-1.53,-10.00
20,7,-1.00,-1.00,-1.00,-1.00,0.1277,2.0,2.17,5.89,43.44,-1.60,-33.01,-1.67,-10.00
20,7,-1.00,-1.00,-1.00,-1.00,0.1192,1.9,2.08,5.24,-16.78,0.93,-48.04,3.10,-10.00
20,7,-1.00,-1.00,-1.00,-1.00,0.1155,2.0,2.23,5.36,33.81,-0.25,-17.92,1.63,-10.00
20,7,-1.00,-1.00,-1.00,-1.00,0.1123,2.3,2.33,5.78,-51.42,3.54,1.01,-0.02,-10.00
20,7,-1.00,-1.00,-1.00,-1.00,0.1121,1.9,2.09,5.48,-16.76,1.27,-37.66,-3.12,-10.00
20,7,-1.00,-1.00,-1.00,-1.00,0.1117,2.0,2.19,5.92,16.21,0.18,-25.31,-0.81,-10.00
20,7,-1.00,-1.00,-1.00,-1.00,0.1108,2.1,2.25,5.61,23.65,1.48,23.85,2.95,-10.00
20,7,-1.00,-1.00,-1.00,-1.00,0.1072,1.9,2.08,5.25,-16.67,1.28,-42.86,3.11,-10.00
20,7,-1.00,-1.00,-1.00,-1.00,0.1029,2.0,2.19,5.45,15.53,-0.09,-31.91,2.94,-10.00
21,7,-1.00,-1.00,-1.00,-1.00,0.1847,3.6,2.75,8.15,30.96,-0.19,-10.00,-1.50,-10.00
21,7,-1.00,-1.00,-1.00,-1.00,0.1707,1.9,2.07,5.37,-16.68,0.78,-45.20,-3.13,-10.00
21,7,-1.00,-1.00,-1.00,-1.00,0.1587,2.8,2.60,6.53,34.34,-0.74,-22.45,-1.75,-10.00
21,7,-1.00,-1.00,-1.00,-1.00,0.1577,2.0,2.20,5.69,19.16,-0.30,-26.85,-2.50,-10.00
21,7,-1.00,-1.00,-1.00,-1.00,0.1507,2.8,2.64,6.48,30.10,-0.76,-39.25,-2.94,-10.00
21,7,-1.00,-1.00,-1.00,-1.00,0.1368,2.1,2.15,5.51,23.19,-1.00,-30.49,-2.83,-10.00
21,7,1365.03,387.20,1600.00,482.43,0.1198,3.4,2.81,7.55,25.01,0.38,47.88,3.14,-10.00
21,7,-1.00,-1.00,-1.00,-1.00,0.1181,2.4,2.52,6.04,-27.24,1.63,-12.41,1.60,-10.00
21,7,-1.00,-1.00,-1.00,-1.00,0.1173,3.6,2.94,8.73,34.97,1.39,10.27,-1.46,-10.00
21,7,-1.00,-1.00,-1.00,-1.00,0.1138,2.1,2.26,5.78,-16.40,0.63,-47.65,-3.13,-10.00
21,7,-1.00,-1.00,-1.00,-1.00,0.1106,2.0,2.27,5.69,26.80,-0.33,-14.66,3.13,-10.00
21,7,935.83,454.42,1129.31,542.69,0.1053,3.3,2.95,7.64,8.14,2.91,50.52,0.90,-10.00
21,7,-1.00,-1.00,-1.00,-1.00,0.1050,2.2,2.36,5.95,48.60,-1.34,-20.55,-3.02,-10.00
21,7,-1.00,-1.00,-1.00,-1.00,0.1017,2.1,2.14,5.41,-16.35,0.61,-50.42,3.14,-10.00
21,7,-1.00,-1.00,-1.00,-1.00,0.1011,2.2,2.36,5.72,38.11,-1.55,-35.42,1.82,-10.00
22,7,-1.00,-1.00,-1.00,-1.00,0.2291,3.6,2.88,8.60,31.11,-0.06,-12.36,1.58,-10.00
22,7,-1.00,-1.00,-1.00,-1.00,0.1936,2.2,2.36,6.30,43.09,-1.66,-36.48,3.14,-10.00
22,7,-1.00,-1.00,-1.00,-1.00,0.1462,2.1,2.21,5.85,35.55,-0.75,-22.80,3.12,-10.00
22,7,-1.00,-1.00,-1.00,-1.00,0.1350,1.9,2.19,5.41,24.84,0.61,12.98,-1.96,-10.00
22,7,1408.43,382.91,1600.00,500.05,0.1312,3.9,3.12,8.64,26.15,1.05,46.47,2.75,-10.00
22,7,-1.00,-1.00,-1.00,-1.00,0.1309,2.3,2.37,5.88,33.39,-1.11,-39.18,-1.69,-10.00
22,7,1131.56,424.37,1344.69,511.99,0.1307,3.1,2.63,6.92,15.10,1.50,46.25,-0.09,-10.00
22,7,-1.00,-1.00,-1.00,-1.00,0.1229,2.2,2.30,5.99,35.66,-1.48,-39.07,1.47,-10.00
22,7,-1.00,-1.00,-1.00,-1.00,0.1196,3.5,2.78,8.44,34.56,-0.10,-13.55,-1.47,-10.00
22,7,1150.74,398.73,1305.58,503.68,0.1171,3.6,2.98,8.06,15.86,1.23,50.25,-1.65,-10.00
22,7,-1.00,-1.00,-1.00,-1.00,0.1126,2.2,2.22,5.72,33.98,-0.81,-25.01,1.45,-10.00
22,7,1318.92,389.06,1532.45,496.14,0.1117,3.5,2.77,8.07,22.57,0.86,47.85,-1.81,-10.00
22,7,-1.00,-1.00,-1.00,-1.00,0.1082,2.2,2.29,5.98,38.55,-1.42,-38.49,-1.61,-10.00
22,7,-1.00,-1.00,-1.00,-1.00,0.1069,2.0,2.15,5.57,-16.52,0.45,-47.64,0.15,-10.00
22,7,-1.00,-1.00,-1.00,-1.00,0.1056,3.4,2.81,8.33,41.37,-0.82,-39.85,-1.48,-10.00
23,7,-1.00,-1.00,-1.00,-1.00,0.2875,2.2,2.37,6.34,43.39,-2.03,-38.92,-3.10,-10.00
23,7,1459.91,430.53,1600.00,507.53,0.1654,2.8,2.61,6.43,29.06,1.43,49.71,-3.10,-10.00
23,7,-1.00,-1.00,-1.00,-1.00,0.1458,2.0,2.21,5.81,-26.82,1.14,-16.17,1.55,-10.00
23,7,-1.00,-1.00,-1.00,-1.00,0.1327,2.0,2.24,5.78,16.58,-0.52,-32.28,-0.86,-10.00
23,7,-1.00,-1.00,-1.00,-1.00,0.1285,1.9,2.21,5.53,25.10,0.65,10.12,-1.92,-10.00
23,7,372.74,492.35,542.93,555.28,0.1280,2.1,2.15,5.41,-12.84,2.95,43.93,3.04,-10.00
23,7,-1.00,-1.00,-1.00,-1.00,0.1252,2.1,2.27,5.66,35.13,-0.75,-24.83,2.91,-10.00
23,7,-1.00,-1.00,-1.00,-1.00,0.1214,1.9,2.24,5.70,30.02,-1.38,-40.31,-1.53,-10.00
23,7,-1.00,-1.00,-1.00,-1.00,0.1181,2.4,2.50,6.36,29.51,-0.46,-19.93,-3.03,-10.00
23,7,-1.00,-1.00,-1.00,-1.00,0.1157,2.1,2.27,5.84,33.16,-1.29,-40.76,-1.59,-10.00
23,7,-1.00,-1.00,-1.00,-1.00,0.1119,3.6,2.75,7.18,-15.23,0.88,-50.04,-1.44,-10.00
23,7,-1.00,-1.00,-1.00,-1.00,0.1096,2.1,2.37,6.10,35.60,-1.59,-40.42,-1.52,-10.00
23,7,-1.00,-1.00,-1.00,-1.00,0.1053,3.3,2.69,7.07,34.36,0.64,17.57,2.83,-10.00
23,7,261.11,506.48,436.07,562.93,0.1016,1.9,2.06,5.34,-16.71,3.22,44.02,3.12,-10.00
24,7,-1.00,-1.00,-1.00,-1.00,0.1734,2.0,2.20,5.78,-26.85,0.92,-19.37,-1.53,-10.00
24,7,-1.00,-1.00,-1.00,-1.00,0.1561,2.2,2.31,5.57,35.17,0.32,7.23,-2.99,-10.00
24,7,-1.00,-1.00,-1.00,-1.00,0.1541,2.1,2.39,6.13,-27.33,0.16,-26.62,1.57,-10.00
24,7,1509.90,412.42,1600.00,530.22,0.1419,2.1,2.21,5.52,15.74,1.23,26.09,2.00,-10.00
24,7,1476.52,401.64,1600.00,507.52,0.1321,3.7,2.94,7.72,29.35,1.35,47.50,-3.09,-10.00
25,7,-1.00,-1.00,-1.00,-1.00,0.1972,2.2,2.37,5.99,41.17,-1.18,-45.39,-1.57,-10.00
25,7,1550.89,396.97,1600.00,527.09,0.1821,4.4,3.07,13.29,33.82,1.98,45.13,-3.09,-10.00
25,7,-1.00,-1.00,-1.00,-1.00,0.1591,2.0,2.26,5.76,-27.24,0.59,-22.33,1.55,-10.00
25,7,-1.00,-1.00,-1.00,-1.00,0.1428,2.1,2.23,5.60,35.61,0.29,4.85,0.15,-10.00
25,7,-1.00,-1.00,-1.00,-1.00,0.1261,2.1,2.27,5.69,38.32,-1.18,-45.39,-1.57,-10.00
25,7,-1.00,-1.00,-1.00,-1.00,0.1236,2.4,2.62,7.53,-27.40,0.09,-29.57,1.56,-10.00
25,7,-1.00,-1.00,-1.00,-1.00,0.1179,2.1,2.30,5.59,43.02,-0.99,-44.51,1.61,-10.00
25,7,-1.00,-1.00,-1.00,-1.00,0.1145,2.0,2.24,5.55,32.90,-1.22,-45.57,-1.53,-10.00
25,7,-1.00,-1.00,-1.00,-1.00,0.1119,2.2,2.20,5.96,23.92,-0.45,-40.06,-3.05,-10.00
25,7,-1.00,-1.00,-1.00,-1.00,0.1084,2.0,2.17,5.40,29.95,-1.50,-45.17,1.62,-10.00
25,7,1071.50,484.75,1371.98,590.70,0.1071,3.6,3.03,9.90,14.21,4.29,45.66,3.14,-10.00
25,7,906.34,505.91,1075.81,563.74,0.1057,2.0,2.29,5.83,6.02,3.43,46.35,0.67,-10.00
26,7,-1.00,-1.00,-1.00,-1.00,0.2452,1.9,2.08,5.63,-26.96,0.21,-25.22,1.54,-10.00
26,7,-1.00,-1.00,-1.00,-1.00,0.2210,3.3,2.93,7.61,28.72,0.06,-11.07,-1.54,-10.00
26,7,1597.16,400.29,1600.00,516.51,0.1905,3.7,2.86,9.38,31.79,1.51,42.42,-3.10,-10.00
26,7,-1.00,-1.00,-1.00,-1.00,0.1565,2.0,2.11,5.71,19.28,-0.60,-39.21,-2.68,-10.00
26,7,-1.00,-1.00,-1.00,-1.00,0.1551,2.1,2.21,5.83,21.25,-0.77,-44.29,-1.25,-10.00
26,7,-1.00,-1.00,-1.00,-1.00,0.1519,2.3,2.32,6.02,41.10,-1.36,-48.26,-1.55,-10.00
26,7,-1.00,-1.00,-1.00,-1.00,0.1384,2.0,2.21,5.71,33.59,0.39,8.72,-3.04,-10.00
26,7,965.78,502.90,1134.43,561.58,0.1182,2.0,2.24,5.58,8.11,3.28,45.63,-0.25,-10.00
26,7,-1.00,-1.00,-1.00,-1.00,0.1146,3.5,2.81,7.41,35.78,-0.98,-51.16,-3.07,-10.00
26,7,-1.00,-1.00,-1.00,-1.00,0.1137,2.5,2.30,5.64,32.04,-1.40,-51.54,0.02,-10.00
26,7,-1.00,-1.00,-1.00,-1.00,0.1071,2.0,2.26,5.72,32.90,-1.43,-48.50,-1.58,-10.00
26,7,-1.00,-1.00,-1.00,-1.00,0.1037,2.3,2.46,6.35,35.67,-1.48,-48.70,1.60,-10.00
27,7,1012.35,446.88,1230.72,542.76,0.2423,3.0,2.54,6.62,9.71,2.39,41.74,0.01,-10.00
27,7,-1.00,-1.00,-1.00,-1.00,0.2254,2.4,2.40,6.04,41.60,-1.17,-51.24,-1.71,-10.00
27,7,-1.00,-1.00,-1.00,-1.00,0.2164,3.6,2.87,7.81,32.03,1.69,38.83,3.14,-10.00
27,7,-1.00,-1.00,-1.00,-1.00,0.2093,2.0,2.18,5.72,23.29,-0.41,-46.48,-2.91,-10.00
27,7,-1.00,-1.00,-1.00,-1.00,0.2055,3.5,2.88,8.04,28.91,0.43,-2.78,-1.57,-10.00
27,7,-1.00,-1.00,-1.00,-1.00,0.1701,2.8,2.33,5.90,32.97,-0.64,-51.66,-1.57,-10.00
27,7,-1.00,-1.00,-1.00,-1.00,0.1700,2.7,2.48,6.52,36.61,0.10,-4.65,-1.59,-10.00
27,7,-1.00,-1.00,-1.00,-1.00,0.1633,3.5,2.82,8.59,36.49,-0.43,-50.58,3.10,-10.00
27,7,-1.00,-1.00,-1.00,-1.00,0.1470,2.5,2.43,6.02,27.07,-0.10,-30.82,-0.01,-10.00
27,7,-1.00,-1.00,-1.00,-1.00,0.1399,2.6,2.48,6.40,-27.36,0.12,-29.08,-1.55,-10.00
27,7,-1.00,-1.00,-1.00,-1.00,0.1325,2.1,2.14,5.53,27.02,-0.36,-33.20,0.05,-10.00
27,7,-1.00,-1.00,-1.00,-1.00,0.1277,1.9,2.06,5.47,18.82,-0.31,-42.81,-2.57,-10.00
27,7,930.66,489.47,1089.43,554.53,0.1227,2.2,2.22,5.18,6.60,3.03,45.25,-2.61,-10.00
27,7,-1.00,-1.00,-1.00,-1.00,0.1139,2.0,2.09,5.36,38.37,-0.98,-51.24,1.57,-10.00
27,7,170.62,493.42,433.27,595.61,0.1124,2.6,2.32,5.97,-13.79,3.25,33.21,-3.10,-10.00
27,7,-1.00,-1.00,-1.00,-1.00,0.1114,2.7,2.54,6.75,27.75,-0.56,-26.04,1.67,-10.00
27,7,0.00,483.20,318.63,604.90,0.1015,4.0,3.30,17.09,-27.46,4.59,44.60,-0.10,-10.00
28,7,-1.00,-1.00,-1.00,-1.00,0.2620,4.0,2.94,9.98,30.80,1.02,36.21,-3.08,-10.00
28,7,-1.00,-1.00,-1.00,-1.00,0.2205,2.0,2.20,5.81,18.89,0.02,-46.03,-2.42,-10.00
28,7,-1.00,-1.00,-1.00,-1.00,0.1881,3.2,2.64,6.69,30.08,1.30,14.24,-1.55,-10.00
28,7,-1.00,-1.00,-1.00,-1.00,0.1347,2.0,2.10,5.68,-21.95,2.56,27.14,1.10,-10.00
28,7,-1.00,-1.00,-1.00,-1.00,0.1338,2.4,2.41,5.81,-51.61,2.15,-20.59,-0.16,-10.00
28,7,1285.91,487.78,1593.92,599.80,0.1270,3.1,2.67,7.58,17.66,3.66,36.38,3.10,-10.00
28,7,-1.00,-1.00,-1.00,-1.00,0.1255,2.1,2.15,5.36,21.59,0.28,-49.76,-1.11,-10.00
28,7,-1.00,-1.00,-1.00,-1.00,0.1219,1.9,2.14,5.37,24.30,0.38,-36.92,3.00,-10.00
28,7,-1.00,-1.00,-1.00,-1.00,0.1172,3.2,2.62,7.00,33.32,0.91,37.63,-1.59,-10.00
28,7,47.79,439.38,267.88,527.43,0.1127,3.3,2.78,7.39,-26.76,2.26,50.34,0.07,-10.00
28,7,0.00,491.88,31.77,582.71,0.1120,2.0,2.10,5.69,-22.47,2.65,30.01,-3.03,-10.00
28,7,-1.00,-1.00,-1.00,-1.00,0.1091,1.9,2.08,5.65,13.55,0.30,-41.72,-0.07,-10.00
28,7,109.98,444.37,504.29,577.15,0.1068,4.1,3.12,11.72,-16.88,3.43,41.26,0.04,-10.00
28,7,422.08,461.11,584.06,530.76,0.1050,2.7,2.45,5.86,-12.86,2.40,50.13,3.12,-10.00
29,7,-1.00,-1.00,-1.00,-1.00,0.1864,2.1,2.28,5.54,-28.06,0.06,-37.14,-3.11,-10.00
29,7,-1.00,-1.00,-1.00,-1.00,0.1788,2.0,2.12,5.88,24.44,0.91,-19.71,-1.27,-10.00
29,7,936.32,495.46,1126.50,563.53,0.1726,2.0,2.18,5.61,6.50,2.94,39.77,-2.79,-10.00
29,7,-1.00,-1.00,-1.00,-1.00,0.1634,1.9,2.09,5.29,9.50,1.17,-29.16,0.12,-10.00
29,7,1005.77,482.81,1221.95,557.85,0.1460,2.0,2.15,5.75,8.19,2.50,36.19,0.05,-10.00
29,7,-1.00,-1.00,-1.00,-1.00,0.1271,3.7,2.97,7.90,28.71,0.39,-20.17,-1.56,-10.00
29,7,-1.00,-1.00,-1.00,-1.00,0.1164,1.9,2.09,5.62,13.81,0.17,-44.83,-2.70,-10.00
29,7,-1.00,-1.00,-1.00,-1.00,0.1108,2.0,2.06,5.41,-22.20,2.68,27.36,0.10,-10.00
29,7,-1.00,-1.00,-1.00,-1.00,0.1095,2.0,2.19,5.43,24.66,0.72,-6.44,-1.83,-10.00
29,7,-1.00,-1.00,-1.00,-1.00,0.1075,2.0,2.26,5.60,21.52,0.47,-21.50,3.08,-10.00
29,7,-1.00,-1.00,-1.00,-1.00,0.1062,2.1,2.22,5.81,17.30,-0.27,-49.31,-1.15,-10.00
29,7,0.00,478.58,140.73,575.44,0.1048,2.0,2.22,5.85,-18.60,2.32,28.72,-1.50,-10.00
29,7,-1.00,-1.00,-1.00,-1.00,0.1026,2.4,2.26,5.85,23.33,0.06,-52.44,-1.60,-10.00
29,7,-1.00,-1.00,-1.00,-1.00,0.1000,2.0,2.15,5.52,-22.80,2.32,21.82,-0.58,-10.00
30,7,1303.91,476.86,1496.77,536.98,0.1794,2.0,2.19,5.72,19.95,2.32,43.85,-2.95,-10.00
30,7,335.51,464.68,526.75,546.59,0.1736,2.9,2.67,6.17,-14.42,2.78,46.05,-0.01,-10.00
30,7,-1.00,-1.00,-1.00,-1.00,0.1451,2.9,2.58,7.02,32.23,0.59,7.55,3.13,-10.00
30,7,-1.00,-1.00,-1.00,-1.00,0.1387,3.5,2.86,7.68,29.85,1.38,10.50,1.50,-10.00
30,7,-1.00,-1.00,-1.00,-1.00,0.1380,2.6,2.57,6.70,32.12,0.54,-13.68,1.55,-10.00
30,7,-1.00,-1.00,-1.00,-1.00,0.1356,2.0,2.11,5.53,-31.22,2.25,25.21,-1.65,-10.00
30,7,-1.00,-1.00,-1.00,-1.00,0.1350,2.0,2.12,5.69,6.34,0.79,-33.15,-1.50,-10.00
30,7,1334.41,489.43,1600.00,573.43,0.1269,2.0,2.22,6.06,16.16,2.52,31.22,3.12,-10.00
30,7,-1.00,-1.00,-1.00,-1.00,0.1186,1.9,2.10,5.30,21.15,0.78,-28.80,3.07,-10.00
30,7,-1.00,-1.00,-1.00,-1.00,0.1183,1.9,2.13,5.40,20.21,0.89,-34.45,3.11,-10.00
30,7,-1.00,-1.00,-1.00,-1.00,0.1033,1.9,2.14,5.90,-23.86,2.48,26.07,-1.61,-10.00
31,7,1532.21,445.16,1600.00,574.45,0.1719,3.2,2.76,6.31,22.42,2.66,32.79,3.06,-10.00
31,7,-1.00,-1.00,-1.00,-1.00,0.1527,2.1,2.29,5.72,22.41,0.55,-30.28,3.11,-10.00
31,7,-1.00,-1.00,-1.00,-1.00,0.1283,2.0,2.21,5.68,-39.25,2.01,13.56,-0.04,-10.00
31,7,-1.00,-1.00,-1.00,-1.00,0.1270,2.5,2.46,6.22,29.21,-0.46,-41.03,-1.58,-10.00
31,7,911.04,498.35,1160.74,589.64,0.1233,2.2,2.15,5.95,5.16,2.94,31.46,0.11,-10.00
31,7,870.86,521.35,1078.42,596.41,0.1193,2.0,2.18,5.58,4.15,3.49,35.18,-2.99,-10.00
31,7,0.00,454.34,164.64,571.07,0.1167,3.7,2.99,9.06,-27.48,3.28,41.80,-0.04,-10.00
31,7,-1.00,-1.00,-1.00,-1.00,0.1145,1.9,2.11,5.56,11.04,0.65,-33.50,0.23,-10.00
31,7,39.70,417.60,372.60,550.82,0.1022,3.5,2.85,7.72,-16.97,2.19,34.81,-0.13,-10.00
31,7,1342.26,511.13,1600.00,613.14,0.1015,2.3,2.29,6.03,15.71,3.28,29.71,3.03,-10.00
32,7,-1.00,-1.00,-1.00,-1.00,0.1951,2.0,2.21,5.84,13.69,1.57,-34.54,3.05,-10.00
32,7,1330.97,415.22,1489.55,514.42,0.1431,3.4,2.68,6.93,22.38,1.64,48.51,1.55,-10.00
32,7,920.10,465.15,1172.68,554.42,0.1419,2.0,2.14,5.69,5.09,1.97,29.75,0.07,-10.00
32,7,-1.00,-1.00,-1.00,-1.00,0.1329,3.4,2.84,8.23,21.68,0.65,3.36,-0.15,-10.00
32,7,1205.56,458.05,1472.66,546.28,0.1293,2.2,2.30,5.98,13.20,1.94,32.49,3.03,-10.00
32,7,-1.00,-1.00,-1.00,-1.00,0.1281,1.9,2.10,5.48,8.78,1.45,-36.35,-1.66,-10.00
32,7,-1.00,-1.00,-1.00,-1.00,0.1261,2.0,2.26,5.97,-24.79,2.16,14.38,-2.28,-10.00
32,7,-1.00,-1.00,-1.00,-1.00,0.1195,2.0,2.15,5.88,-33.34,2.01,17.49,1.45,-10.00
32,7,116.58,424.22,421.57,550.09,0.1119,3.7,2.92,8.09,-17.09,2.43,38.88,-0.04,-10.00
32,7,714.97,469.75,789.39,535.67,0.1049,2.3,2.51,6.99,-2.97,2.51,48.24,-1.68,-10.00
33,7,1158.27,430.43,1319.62,516.92,0.1819,3.0,2.68,7.56,16.10,1.78,49.62,1.38,-10.00
33,7,-1.00,-1.00,-1.00,-1.00,0.1608,2.0,2.14,5.28,31.07,2.77,22.38,-0.18,-10.00
33,7,-1.00,-1.00,-1.00,-1.00,0.1587,2.1,2.27,5.95,12.86,1.56,-37.75,-1.77,-10.00
33,7,-1.00,-1.00,-1.00,-1.00,0.1582,2.2,2.30,5.62,29.35,1.60,-52.68,-1.55,-10.00
33,7,-1.00,-1.00,-1.00,-1.00,0.1458,2.1,2.26,5.89,-40.40,1.51,0.89,-1.06,-10.00
33,7,681.95,455.91,904.59,538.07,0.1441,1.9,2.12,5.33,-0.90,1.66,31.06,-0.12,-10.00
33,7,-1.00,-1.00,-1.00,-1.00,0.1366,3.3,2.75,7.94,25.28,2.12,32.99,-1.68,-10.00
33,7,1253.79,377.46,1536.33,513.77,0.1361,3.5,2.90,8.16,16.95,1.24,38.21,-1.91,-10.00
33,7,-1.00,-1.00,-1.00,-1.00,0.1276,2.0,2.12,5.47,27.17,1.49,-30.38,2.90,-10.00
33,7,-1.00,-1.00,-1.00,-1.00,0.1232,2.0,2.26,5.86,-26.32,1.76,9.03,-2.46,-10.00
33,7,1089.50,465.44,1354.47,556.10,0.1232,2.1,2.23,5.84,9.70,2.08,30.94,2.94,-10.00
33,7,-1.00,-1.00,-1.00,-1.00,0.1168,2.0,2.13,5.18,-13.94,1.03,-13.99,2.79,-10.00
33,7,-1.00,-1.00,-1.00,-1.00,0.1064,2.1,2.31,6.65,-27.39,1.46,13.82,-1.88,-10.00
33,7,-1.00,-1.00,-1.00,-1.00,0.1046,1.9,2.17,5.49,23.81,1.33,-13.47,1.71,-10.00
33,7,-1.00,-1.00,-1.00,-1.00,0.1022,3.6,2.65,9.27,-34.24,1.84,31.46,-0.20,-10.00
33,7,-1.00,-1.00,-1.00,-1.00,0.1012,2.1,2.39,5.75,31.11,1.18,-52.95,1.10,-10.00
34,7,1044.79,442.96,1270.91,518.14,0.2646,2.0,2.22,5.75,9.30,1.32,35.35,2.92,-10.00
34,7,-1.00,-1.00,-1.00,-1.00,0.1875,1.9,2.15,5.60,38.89,2.80,29.38,-0.51,-10.00
34,7,-1.00,-1.00,-1.00,-1.00,0.1800,2.2,2.39,5.82,41.72,2.30,-52.21,-1.54,-10.00
34,7,-1.00,-1.00,-1.00,-1.00,0.1620,2.0,2.31,5.64,37.19,1.88,-50.44,-1.92,-10.00
34,7,-1.00,-1.00,-1.00,-1.00,0.1530,3.4,2.74,6.34,26.02,0.97,10.24,-1.91,-10.00
34,7,-1.00,-1.00,-1.00,-1.00,0.1529,2.0,2.17,5.57,-27.56,1.33,2.48,0.43,-10.00
34,7,1428.24,423.44,1600.00,564.70,0.1427,3.4,2.74,7.90,20.47,2.48,34.00,-1.87,-10.00
34,7,-1.00,-1.00,-1.00,-1.00,0.1398,2.9,2.67,6.33,-51.69,2.57,-10.15,2.48,-10.00
34,7,882.03,454.42,1153.67,549.84,0.1339,2.1,2.23,5.92,4.48,1.83,29.43,2.81,-10.00
34,7,-1.00,-1.00,-1.00,-1.00,0.1169,3.5,2.80,6.94,33.40,2.30,38.46,1.26,-10.00
34,7,-1.00,-1.00,-1.00,-1.00,0.1154,1.9,2.25,5.76,17.84,1.90,-38.04,-1.71,-10.00
34,7,-1.00,-1.00,-1.00,-1.00,0.1146,2.1,2.10,5.65,-28.70,1.63,5.24,-3.09,-10.00
34,7,-1.00,-1.00,-1.00,-1.00,0.1116,2.0,2.22,5.58,-20.41,1.53,3.33,-3.07,-10.00
34,7,-1.00,-1.00,-1.00,-1.00,0.1002,3.8,2.86,9.22,-39.75,1.38,23.16,-0.35,-10.00
35,7,-1.00,-1.00,-1.00,-1.00,0.2109,2.1,2.20,5.65,35.72,1.86,-24.75,-0.64,-10.00
35,7,173.58,343.17,456.49,564.33,0.1902,3.3,2.72,6.86,-9.34,1.62,22.41,-2.26,-10.00
35,7,644.65,448.42,740.11,522.79,0.1583,2.0,2.13,5.48,-4.17,1.56,38.06,-1.82,-10.00
35,7,-1.00,-1.00,-1.00,-1.00,0.1381,2.1,2.18,5.66,-39.21,0.74,-14.91,-0.01,-10.00
35,7,664.75,437.52,939.77,538.51,0.1374,2.0,2.17,5.63,-0.52,1.48,27.53,2.70,-10.00
35,7,-1.00,-1.00,-1.00,-1.00,0.1367,2.1,2.25,5.73,45.19,2.32,43.69,0.98,-10.00
35,7,-1.00,-1.00,-1.00,-1.00,0.1244,2.9,2.58,6.94,35.96,3.22,43.72,1.06,-10.00
35,7,-1.00,-1.00,-1.00,-1.00,0.1226,2.0,2.25,5.64,27.12,1.43,-10.76,-1.68,-10.00
35,7,-1.00,-1.00,-1.00,-1.00,0.1188,2.1,2.26,5.77,33.42,3.08,33.26,-1.85,-10.00
35,7,-1.00,-1.00,-1.00,-1.00,0.1182,2.3,2.31,5.70,35.47,2.72,36.86,-2.48,-10.00
35,7,-1.00,-1.00,-1.00,-1.00,0.1117,1.8,2.02,5.09,18.84,2.18,-28.50,-0.36,-10.00
35,7,-1.00,-1.00,-1.00,-1.00,0.1048,2.3,2.30,5.71,33.78,1.56,19.47,2.86,-10.00
35,7,824.40,390.61,1108.92,527.22,0.1022,2.9,2.73,7.89,3.22,1.38,31.49,-2.14,-10.00
36,7,-1.00,-1.00,-1.00,-1.00,0.2224,2.0,2.16,5.65,41.28,2.50,-17.05,-0.93,-10.00
36,7,-1.00,-1.00,-1.00,-1.00,0.2038,2.1,2.22,5.83,24.28,2.24,-18.86,-0.81,-10.00
36,7,1191.93,477.05,1424.28,593.91,0.1993,1.9,2.11,5.61,9.18,2.20,23.58,-0.83,-10.00
36,7,185.22,457.11,291.06,545.04,0.1944,2.0,2.21,5.77,-15.04,1.89,31.85,-2.04,-10.00
36,7,-1.00,-1.00,-1.00,-1.00,0.1893,2.0,2.15,5.55,-25.24,1.16,-14.95,0.07,-10.00
36,7,-1.00,-1.00,-1.00,-1.00,0.1779,3.8,3.69,12.32,-48.93,0.21,-6.81,-0.85,-10.00
36,7,-1.00,-1.00,-1.00,-1.00,0.1697,3.8,2.84,7.47,14.28,1.62,10.27,-0.86,-10.00
36,7,-1.00,-1.00,-1.00,-1.00,0.1555,2.2,2.25,5.61,-33.81,0.79,-28.66,-0.01,-10.00
36,7,355.13,387.31,538.94,499.89,0.1361,3.2,2.74,6.86,-12.78,0.88,41.90,0.74,-10.00
36,7,-1.00,-1.00,-1.00,-1.00,0.1140,3.7,3.17,13.42,-11.34,1.66,-29.93,-0.91,-10.00
36,7,-1.00,-1.00,-1.00,-1.00,0.1089,2.4,2.62,7.77,-27.11,1.45,-13.63,1.93,-10.00
36,7,-1.00,-1.00,-1.00,-1.00,0.1076,2.0,2.23,5.74,-32.18,0.96,-30.36,1.83,-10.00
36,7,-1.00,-1.00,-1.00,-1.00,0.1043,3.5,2.67,8.34,12.16,-2.15,-51.05,-0.77,-10.00
37,7,-1.00,-1.00,-1.00,-1.00,0.2512,4.0,3.96,16.03,-48.38,-1.82,-27.20,-1.20,-10.00
37,7,-1.00,-1.00,-1.00,-1.00,0.2467,2.0,2.22,5.69,27.99,2.47,-15.26,-1.09,-10.00
37,7,-1.00,-1.00,-1.00,-1.00,0.2331,1.9,2.09,5.38,-25.83,0.86,-38.42,-0.46,-10.00
37,7,-1.00,-1.00,-1.00,-1.00,0.2257,1.9,2.15,5.50,-21.55,0.72,-22.80,0.04,-10.00
37,7,917.45,481.30,1188.83,575.69,0.1889,1.9,2.11,5.57,5.03,2.32,28.07,0.48,-10.00
37,7,-1.00,-1.00,-1.00,-1.00,0.1795,1.9,2.14,5.11,-26.11,0.94,-32.29,0.44,-10.00
37,7,-1.00,-1.00,-1.00,-1.00,0.1722,2.0,2.05,4.91,-1.83,0.97,-32.53,0.55,-10.00
37,7,-1.00,-1.00,-1.00,-1.00,0.1603,3.3,2.89,8.20,-33.41,-0.02,-6.89,0.50,-10.00
37,7,-1.00,-1.00,-1.00,-1.00,0.1492,2.3,2.26,5.84,19.55,1.60,-2.06,-2.80,-10.00
37,7,951.23,466.24,1212.09,557.13,0.1333,2.0,2.21,5.68,6.04,2.05,29.85,0.45,-10.00
37,7,-1.00,-1.00,-1.00,-1.00,0.1320,2.0,2.21,5.51,26.26,2.07,-36.47,-2.08,-10.00
37,7,-1.00,-1.00,-1.00,-1.00,0.1314,2.1,2.21,5.63,29.15,2.29,-17.57,0.61,-10.00
37,7,-1.00,-1.00,-1.00,-1.00,0.1280,3.6,2.81,7.19,11.49,1.58,10.34,-0.98,-10.00
37,7,-1.00,-1.00,-1.00,-1.00,0.1273,3.4,2.79,7.82,13.03,1.55,8.96,-1.03,-10.00
37,7,-1.00,-1.00,-1.00,-1.00,0.1208,1.9,2.11,5.22,-25.15,0.92,-29.40,0.38,-10.00
37,7,-1.00,-1.00,-1.00,-1.00,0.1198,1.9,2.04,5.21,-2.85,0.93,-34.78,0.54,-10.00
37,7,-1.00,-1.00,-1.00,-1.00,0.1197,2.4,2.72,6.23,-47.69,0.60,-43.61,-1.45,-10.00
37,7,-1.00,-1.00,-1.00,-1.00,0.1147,2.0,2.18,5.88,-14.12,1.29,-18.69,2.48,-10.00
37,7,-1.00,-1.00,-1.00,-1.00,0.1050,2.3,2.27,5.81,-25.36,1.05,20.55,0.47,-10.00
37,7,866.14,439.28,1143.24,610.32,0.1037,2.5,2.56,8.30,3.55,2.27,22.51,2.01,-10.00
37,7,-1.00,-1.00,-1.00,-1.00,0.1028,3.6,2.85,7.46,19.66,1.89,19.95,0.40,-10.00
37,7,-1.00,-1.00,-1.00,-1.00,0.1012,2.5,2.34,5.91,15.16,1.11,12.78,-1.00,-10.00
38,7,-1.00,-1.00,-1.00,-1.00,0.2150,1.8,2.05,5.16,-17.80,1.21,-39.93,0.18,-10.00
38,7,-1.00,-1.00,-1.00,-1.00,0.2105,1.8,2.06,5.26,-18.76,1.29,-42.38,-2.87,-10.00
38,7,-1.00,-1.00,-1.00,-1.00,0.1866,2.0,2.15,5.18,-16.76,1.10,-45.76,2.84,-10.00
38,7,-1.00,-1.00,-1.00,-1.00,0.1668,2.0,2.09,5.47,20.10,2.18,-7.72,1.88,-10.00
38,7,-1.00,-1.00,-1.00,-1.00,0.1641,1.9,2.09,5.41,-17.47,1.33,-37.26,-2.90,-10.00
38,7,-1.00,-1.00,-1.00,-1.00,0.1398,1.9,2.08,5.18,-20.84,1.16,-45.39,-2.95,-10.00
38,7,600.86,458.62,899.45,562.61,0.1345,2.0,2.21,5.74,-1.56,1.88,25.92,0.30,-10.00
38,7,830.28,465.56,1004.68,529.46,0.1278,2.0,2.20,5.64,3.14,2.00,42.88,0.24,-10.00
38,7,-1.00,-1.00,-1.00,-1.00,0.1249,2.0,2.21,5.61,-31.66,0.81,8.29,0.48,-10.00
38,7,-1.00,-1.00,-1.00,-1.00,0.1159,1.9,2.15,5.17,-21.14,1.10,-48.07,-2.91,-10.00
38,7,525.49,474.17,831.82,582.27,0.1120,1.9,2.15,5.37,-2.79,2.10,23.88,-2.86,-10.00
38,7,-1.00,-1.00,-1.00,-1.00,0.1075,2.7,2.34,5.67,44.72,3.31,-2.39,1.81,-10.00
38,7,-1.00,-1.00,-1.00,-1.00,0.1067,1.9,2.09,5.29,-14.91,1.28,-29.85,-0.37,-10.00
38,7,-1.00,-1.00,-1.00,-1.00,0.1059,2.0,2.23,5.52,31.31,2.06,-13.48,0.41,-10.00
38,7,-1.00,-1.00,-1.00,-1.00,0.1053,2.3,2.22,6.13,-19.43,1.46,-33.39,1.87,-10.00
38,7,-1.00,-1.00,-1.00,-1.00,0.1018,2.0,2.11,5.04,5.40,1.00,-36.18,0.29,-10.00
38,7,708.39,466.68,858.73,529.94,0.1017,2.3,2.32,5.29,-1.62,2.26,47.87,0.25,-10.00
38,7,-1.00,-1.00,-1.00,-1.00,0.1007,1.9,2.16,5.33,-30.79,0.56,11.55,0.71,-10.00
39,7,-1.00,-1.00,-1.00,-1.00,0.3293,1.9,2.15,5.65,-12.03,1.12,-44.87,0.14,-10.00
39,7,-1.00,-1.00,-1.00,-1.00,0.3130,1.9,2.14,5.64,-12.68,0.87,-47.28,-2.93,-10.00
39,7,-1.00,-1.00,-1.00,-1.00,0.2901,1.9,2.13,5.66,-10.84,0.99,-34.67,-0.39,-10.00
39,7,-1.00,-1.00,-1.00,-1.00,0.2229,1.8,2.11,5.46,-11.88,1.09,-41.63,0.13,-10.00
39,7,-1.00,-1.00,-1.00,-1.00,0.1922,2.3,2.43,6.23,13.47,0.85,-28.48,-1.84,-10.00
39,7,-1.00,-1.00,-1.00,-1.00,0.1870,2.2,2.27,5.72,22.58,1.41,-6.88,0.17,-10.00
39,7,-1.00,-1.00,-1.00,-1.00,0.1821,2.0,2.10,5.46,-32.29,0.91,4.13,0.19,-10.00
39,7,-1.00,-1.00,-1.00,-1.00,0.1736,1.9,2.05,5.06,-13.48,0.99,-50.73,-2.98,-10.00
39,7,-1.00,-1.00,-1.00,-1.00,0.1608,1.9,2.07,5.29,-15.58,1.02,-32.56,0.15,-10.00
39,7,-1.00,-1.00,-1.00,-1.00,0.1425,4.1,3.12,8.12,-33.45,1.34,19.07,0.14,-10.00
39,7,-1.00,-1.00,-1.00,-1.00,0.1422,3.5,3.37,8.02,-43.94,1.53,17.02,-1.41,-10.00
39,7,-1.00,-1.00,-1.00,-1.00,0.1393,1.9,2.09,5.20,-15.10,1.19,-30.43,0.10,-10.00
39,7,-1.00,-1.00,-1.00,-1.00,0.1065,4.1,3.30,12.46,48.45,1.50,9.34,-3.02,-10.00
39,7,503.15,480.92,743.92,566.15,0.1003,2.3,2.35,6.28,-5.61,2.65,35.18,-3.06,-10.00
