0,7,-1.00,-1.00,-1.00,-1.00,0.7101,3.9,2.73,9.68,0.48,1.28,-18.91,-1.60,-10.00
0,7,-1.00,-1.00,-1.00,-1.00,0.3326,2.1,2.24,6.07,7.13,1.16,-23.29,-1.63,-10.00
0,7,38.38,408.90,285.69,545.20,0.1982,3.7,2.92,8.84,-20.22,2.30,38.95,1.57,-10.00
0,7,-1.00,-1.00,-1.00,-1.00,0.1952,2.1,2.27,5.73,18.54,0.97,19.00,-0.18,-10.00
0,7,-1.00,-1.00,-1.00,-1.00,0.1874,3.5,2.89,8.45,35.72,2.19,0.56,-0.43,-10.00
0,7,805.12,441.91,881.59,513.32,0.1691,2.0,2.14,5.67,0.63,1.35,40.87,1.64,-10.00
0,7,-1.00,-1.00,-1.00,-1.00,0.1521,3.8,2.88,7.34,-29.73,1.53,-30.77,-1.68,-10.00
0,7,-1.00,-1.00,-1.00,-1.00,0.1508,2.0,2.07,5.77,7.03,1.32,-15.52,-1.68,-10.00
0,7,-1.00,-1.00,-1.00,-1.00,0.1426,3.7,2.93,8.13,50.50,-0.32,11.30,-1.80,-10.00
0,7,-1.00,-1.00,-1.00,-1.00,0.1420,3.4,2.84,6.73,17.22,0.17,-37.30,2.95,-10.00
0,7,-1.00,-1.00,-1.00,-1.00,0.1142,3.7,2.89,8.82,43.88,-0.36,1.79,-0.47,-10.00
0,7,-1.00,-1.00,-1.00,-1.00,0.1040,2.0,2.31,5.73,-23.82,2.18,-8.58,-1.70,-10.00
0,7,-1.00,-1.00,-1.00,-1.00,0.1036,2.1,2.21,5.72,26.84,0.87,19.13,-0.41,-10.00
1,7,-1.00,-1.00,-1.00,-1.00,0.6918,2.0,2.18,5.82,7.14,0.71,-23.17,-1.63,-10.00
1,7,-1.00,-1.00,-1.00,-1.00,0.6203,3.8,2.87,8.97,0.37,1.01,-18.49,-1.60,-10.00
1,7,-1.00,-1.00,-1.00,-1.00,0.3158,3.5,2.93,8.45,34.95,1.08,22.98,-0.20,-10.00
1,7,-1.00,-1.00,-1.00,-1.00,0.2396,1.9,2.16,5.47,18.27,1.07,18.85,-0.24,-10.00
1,7,-1.00,-1.00,-1.00,-1.00,0.2206,1.9,2.10,5.44,7.22,1.27,-15.23,-1.66,-10.00
1,7,-1.00,-1.00,-1.00,-1.00,0.2015,2.0,2.25,5.68,33.79,0.78,32.20,2.85,-10.00
1,7,-1.00,-1.00,-1.00,-1.00,0.1700,1.9,2.04,4.99,-40.49,2.56,-8.50,1.36,-10.00
1,7,-1.00,-1.00,-1.00,-1.00,0.1372,2.0,2.22,5.49,-46.62,2.43,-6.17,2.97,-10.00
1,7,-1.00,-1.00,-1.00,-1.00,0.1344,1.9,2.14,5.67,8.88,0.69,-26.30,2.85,-10.00
1,7,-1.00,-1.00,-1.00,-1.00,0.1310,1.8,2.01,5.12,-23.87,2.20,-7.75,1.16,-10.00
1,7,815.10,463.33,879.56,524.62,0.1257,1.9,2.05,5.27,0.79,1.86,43.51,-1.52,-10.00
1,7,-1.00,-1.00,-1.00,-1.00,0.1178,2.1,2.21,5.32,-41.43,3.26,15.45,-0.22,-10.00
1,7,-1.00,-1.00,-1.00,-1.00,0.1118,1.9,2.05,5.84,7.32,1.41,-9.42,-1.70,-10.00
1,7,-1.00,-1.00,-1.00,-1.00,0.1049,1.9,2.16,5.46,-44.81,3.57,6.03,-0.05,-10.00
1,7,-1.00,-1.00,-1.00,-1.00,0.1034,2.0,2.10,5.52,-42.39,2.48,-1.43,3.04,-10.00
2,7,-1.00,-1.00,-1.00,-1.00,0.6379,2.0,2.22,6.06,7.03,0.84,-23.63,-1.52,-10.00
2,7,-1.00,-1.00,-1.00,-1.00,0.5845,3.8,2.89,7.99,-32.14,2.51,40.85,1.44,-10.00
2,7,-1.00,-1.00,-1.00,-1.00,0.5619,4.1,2.99,11.81,0.39,1.04,-19.60,-1.58,-10.00
2,7,-1.00,-1.00,-1.00,-1.00,0.3277,2.9,2.49,5.38,34.16,1.32,-0.39,-0.39,-10.00
2,7,-1.00,-1.00,-1.00,-1.00,0.2828,1.9,2.18,5.57,18.41,1.11,18.50,-0.20,-10.00
2,7,-1.00,-1.00,-1.00,-1.00,0.2704,3.4,2.76,7.51,34.71,0.77,22.59,-0.20,-10.00
2,7,-1.00,-1.00,-1.00,-1.00,0.2666,2.0,2.09,5.55,7.24,1.35,-15.93,-1.66,-10.00
2,7,-1.00,-1.00,-1.00,-1.00,0.2357,1.9,2.20,5.90,-23.44,2.03,-9.61,1.22,-10.00
2,7,-1.00,-1.00,-1.00,-1.00,0.1377,1.9,2.10,5.75,7.07,0.92,-27.87,-1.50,-10.00
2,7,-1.00,-1.00,-1.00,-1.00,0.1338,1.9,1.96,5.06,-40.43,2.69,-8.26,1.32,-10.00
2,7,-1.00,-1.00,-1.00,-1.00,0.1307,2.0,2.08,4.98,-41.90,3.06,15.18,2.97,-10.00
2,7,-1.00,-1.00,-1.00,-1.00,0.1280,2.0,2.20,5.44,32.08,1.17,31.18,2.92,-10.00
2,7,-1.00,-1.00,-1.00,-1.00,0.1199,3.3,2.79,6.88,17.43,0.04,-37.55,-0.13,-10.00
2,7,-1.00,-1.00,-1.00,-1.00,0.1197,1.8,2.01,5.67,7.21,1.40,-10.09,-1.70,-10.00
2,7,-1.00,-1.00,-1.00,-1.00,0.1053,3.5,3.02,8.16,50.66,-0.15,10.59,1.24,-10.00
2,7,825.92,455.13,901.19,519.53,0.1027,2.1,2.16,5.62,1.44,1.78,46.34,-1.43,-10.00
2,7,-1.00,-1.00,-1.00,-1.00,0.1025,2.1,2.29,5.78,-32.03,1.42,-21.16,1.40,-10.00
3,7,-1.00,-1.00,-1.00,-1.00,0.6173,3.8,2.79,8.13,0.33,1.06,-18.61,-1.58,-10.00
3,7,-1.00,-1.00,-1.00,-1.00,0.5879,3.4,2.78,7.65,35.25,1.16,21.49,-0.20,-10.00
3,7,-1.00,-1.00,-1.00,-1.00,0.3351,3.2,2.81,7.68,35.13,1.67,-0.97,-0.43,-10.00
3,7,-1.00,-1.00,-1.00,-1.00,0.2965,2.1,2.29,5.99,6.81,0.91,-24.34,-1.56,-10.00
3,7,-1.00,-1.00,-1.00,-1.00,0.2825,3.7,2.98,8.35,-32.11,2.66,40.40,1.46,-10.00
3,7,-1.00,-1.00,-1.00,-1.00,0.1815,2.0,2.18,5.62,7.02,1.25,-16.88,-1.65,-10.00
3,7,-1.00,-1.00,-1.00,-1.00,0.1659,1.9,2.10,5.29,-45.36,3.17,5.41,-0.28,-10.00
3,7,-1.00,-1.00,-1.00,-1.00,0.1386,3.7,3.16,9.00,50.69,0.49,9.47,1.16,-10.00
3,7,813.26,468.12,881.24,528.33,0.1318,2.2,2.16,5.61,0.75,2.28,49.80,-1.65,-10.00
3,7,-1.00,-1.00,-1.00,-1.00,0.1135,2.9,2.68,6.35,17.07,-0.58,-38.55,3.00,-10.00
3,7,-1.00,-1.00,-1.00,-1.00,0.1118,2.0,2.10,5.48,18.18,1.34,17.73,-0.19,-10.00
4,7,-1.00,-1.00,-1.00,-1.00,0.7390,4.1,2.92,8.18,-32.06,3.78,39.74,1.34,-10.00
4,7,-1.00,-1.00,-1.00,-1.00,0.6261,3.9,2.81,10.87,0.33,0.61,-21.67,-1.59,-10.00
4,7,-1.00,-1.00,-1.00,-1.00,0.3967,2.9,2.66,6.65,34.69,1.33,-2.41,-0.39,-10.00
4,7,-1.00,-1.00,-1.00,-1.00,0.3933,1.9,2.06,5.42,-3.50,1.64,-2.54,-1.57,-10.00
4,7,-1.00,-1.00,-1.00,-1.00,0.2395,3.3,2.84,7.64,35.19,0.86,20.19,-0.21,-10.00
4,7,-1.00,-1.00,-1.00,-1.00,0.1821,2.0,2.18,5.70,27.90,1.05,28.03,3.09,-10.00
4,7,-1.00,-1.00,-1.00,-1.00,0.1795,1.9,2.22,5.75,7.10,1.00,-18.26,-1.64,-10.00
4,7,-1.00,-1.00,-1.00,-1.00,0.1705,3.0,2.71,6.70,17.86,-1.51,-39.59,2.98,-10.00
4,7,-1.00,-1.00,-1.00,-1.00,0.1601,2.1,2.19,5.89,7.15,0.63,-26.53,-1.60,-10.00
4,7,-1.00,-1.00,-1.00,-1.00,0.1529,3.6,2.93,9.85,-34.01,3.53,37.03,-0.11,-10.00
4,7,844.38,522.82,910.34,582.52,0.1498,2.2,2.14,5.79,1.96,4.40,50.30,-1.61,-10.00
4,7,0.00,449.16,50.08,581.39,0.1473,4.1,3.81,16.46,-34.77,3.87,46.89,1.40,-10.00
4,7,-1.00,-1.00,-1.00,-1.00,0.1432,3.7,3.13,8.71,50.64,0.15,8.23,-1.99,-10.00
4,7,-1.00,-1.00,-1.00,-1.00,0.1173,1.9,2.12,5.28,-45.64,3.15,4.12,-0.29,-10.00
4,7,-1.00,-1.00,-1.00,-1.00,0.1070,1.8,2.06,5.30,18.29,1.25,16.57,2.92,-10.00
4,7,-1.00,-1.00,-1.00,-1.00,0.1067,1.9,2.16,5.77,26.97,0.78,1.33,-1.93,-10.00
5,7,-1.00,-1.00,-1.00,-1.00,0.7159,3.9,2.92,8.07,-31.65,2.96,38.21,1.33,-10.00
5,7,-1.00,-1.00,-1.00,-1.00,0.6723,4.3,2.85,8.79,-0.02,0.89,-20.93,-1.62,-10.00
5,7,-1.00,-1.00,-1.00,-1.00,0.4234,3.1,2.69,6.96,34.76,1.40,-4.17,-0.42,-10.00
5,7,-1.00,-1.00,-1.00,-1.00,0.3876,3.2,2.81,7.95,35.28,1.16,18.12,-0.19,-10.00
5,7,-1.00,-1.00,-1.00,-1.00,0.3526,1.9,2.11,5.80,6.73,0.63,-27.06,-1.63,-10.00
5,7,-1.00,-1.00,-1.00,-1.00,0.2292,1.9,2.13,5.64,6.83,1.46,-14.30,-1.66,-10.00
5,7,-1.00,-1.00,-1.00,-1.00,0.1893,2.0,2.28,5.99,25.69,1.26,26.26,2.95,-10.00
5,7,-1.00,-1.00,-1.00,-1.00,0.1569,1.9,2.18,5.52,-48.66,2.30,-9.67,-3.14,-10.00
5,7,-1.00,-1.00,-1.00,-1.00,0.1252,3.3,2.56,7.13,19.78,-0.83,-29.46,-0.05,-10.00
5,7,-1.00,-1.00,-1.00,-1.00,0.1165,1.9,2.19,5.56,-44.38,2.64,1.89,1.55,-10.00
5,7,-1.00,-1.00,-1.00,-1.00,0.1049,1.8,1.97,5.51,3.55,1.72,0.85,-1.53,-10.00
5,7,-1.00,-1.00,-1.00,-1.00,0.1026,3.7,2.99,7.35,50.83,-0.01,4.35,1.11,-10.00
6,7,-1.00,-1.00,-1.00,-1.00,0.8204,4.0,2.86,8.36,-30.93,3.16,37.08,1.41,-10.00
6,7,-1.00,-1.00,-1.00,-1.00,0.4744,4.3,3.27,12.09,-0.19,0.74,-23.15,-1.60,-10.00
6,7,-1.00,-1.00,-1.00,-1.00,0.3949,2.0,2.19,5.98,6.17,0.41,-29.27,-1.59,-10.00
6,7,-1.00,-1.00,-1.00,-1.00,0.3429,1.9,2.05,5.47,24.68,1.48,23.29,3.05,-10.00
6,7,-1.00,-1.00,-1.00,-1.00,0.2863,2.0,2.12,5.49,6.35,1.14,-16.06,-1.64,-10.00
6,7,-1.00,-1.00,-1.00,-1.00,0.1823,3.0,2.56,6.49,16.31,-0.85,-43.49,2.95,-10.00
6,7,-1.00,-1.00,-1.00,-1.00,0.1810,1.9,2.05,5.42,-3.61,1.63,-3.67,-1.50,-10.00
6,7,-1.00,-1.00,-1.00,-1.00,0.1674,3.1,2.62,7.06,35.54,1.15,15.58,-0.19,-10.00
6,7,-1.00,-1.00,-1.00,-1.00,0.1588,2.0,2.14,5.61,-8.84,0.39,-31.56,-0.20,-10.00
6,7,-1.00,-1.00,-1.00,-1.00,0.1112,2.0,2.17,5.54,27.65,0.99,12.38,-0.29,-10.00
7,7,-1.00,-1.00,-1.00,-1.00,0.8064,4.1,2.87,7.89,-29.68,2.78,35.66,1.44,-10.00
7,7,-1.00,-1.00,-1.00,-1.00,0.7087,3.8,2.99,9.86,-1.03,0.64,-24.80,-1.57,-10.00
7,7,-1.00,-1.00,-1.00,-1.00,0.3344,1.9,2.10,5.42,24.37,1.31,20.72,2.98,-10.00
7,7,-1.00,-1.00,-1.00,-1.00,0.3082,1.9,2.19,5.75,6.00,1.28,-18.44,-1.58,-10.00
7,7,-1.00,-1.00,-1.00,-1.00,0.2978,3.1,2.70,7.35,36.18,1.31,12.45,-0.16,-10.00
7,7,-1.00,-1.00,-1.00,-1.00,0.2588,3.1,2.59,6.68,34.28,1.75,-9.90,-0.35,-10.00
7,7,-1.00,-1.00,-1.00,-1.00,0.2179,1.9,2.26,5.58,-43.98,2.46,0.25,1.53,-10.00
7,7,-1.00,-1.00,-1.00,-1.00,0.1696,2.0,2.20,6.13,5.81,0.75,-25.41,-1.62,-10.00
7,7,-1.00,-1.00,-1.00,-1.00,0.1549,2.0,2.09,5.46,23.16,0.79,-3.19,2.84,-10.00
7,7,-1.00,-1.00,-1.00,-1.00,0.1462,2.0,2.11,5.72,5.42,0.58,-30.72,-1.60,-10.00
7,7,-1.00,-1.00,-1.00,-1.00,0.1348,4.2,2.97,10.09,17.13,0.34,-45.86,-0.16,-10.00
7,7,-1.00,-1.00,-1.00,-1.00,0.1271,2.0,2.14,5.51,-47.25,1.94,-10.33,-0.05,-10.00
7,7,-1.00,-1.00,-1.00,-1.00,0.1141,3.5,2.94,7.92,-31.33,-1.72,-42.72,1.46,-10.00
7,7,-1.00,-1.00,-1.00,-1.00,0.1132,2.8,2.41,7.01,-31.74,0.46,-36.79,1.49,-10.00
7,7,-1.00,-1.00,-1.00,-1.00,0.1015,2.2,2.36,5.61,51.51,0.98,16.01,2.86,-10.00
8,7,-1.00,-1.00,-1.00,-1.00,0.8425,2.0,2.21,5.62,24.96,1.27,17.48,3.11,-10.00
8,7,-1.00,-1.00,-1.00,-1.00,0.5821,3.9,3.05,10.03,-2.36,0.85,-26.10,-1.43,-10.00
8,7,-1.00,-1.00,-1.00,-1.00,0.5476,3.8,3.01,8.65,-28.59,2.66,34.60,1.46,-10.00
8,7,-1.00,-1.00,-1.00,-1.00,0.2642,3.6,3.04,8.11,36.54,1.27,9.06,-0.10,-10.00
8,7,-1.00,-1.00,-1.00,-1.00,0.1873,3.8,4.01,15.77,-34.45,0.90,-38.71,1.51,-10.00
8,7,-1.00,-1.00,-1.00,-1.00,0.1474,1.8,2.05,5.94,5.12,1.13,-20.48,-1.56,-10.00
8,7,-1.00,-1.00,-1.00,-1.00,0.1465,2.1,2.20,5.68,-47.86,2.06,-11.12,-0.13,-10.00
8,7,-1.00,-1.00,-1.00,-1.00,0.1429,3.1,2.71,7.24,33.86,1.52,-13.42,-0.27,-10.00
9,7,-1.00,-1.00,-1.00,-1.00,0.8339,3.8,2.82,9.20,-26.99,2.23,34.06,1.51,-10.00
9,7,-1.00,-1.00,-1.00,-1.00,0.8304,2.0,2.30,5.86,25.59,1.15,14.15,-3.13,-10.00
9,7,-1.00,-1.00,-1.00,-1.00,0.8180,3.7,2.89,9.89,-2.93,0.82,-27.19,-1.47,-10.00
9,7,-1.00,-1.00,-1.00,-1.00,0.3763,3.2,2.78,8.04,37.41,1.46,5.17,-0.05,-10.00
9,7,-1.00,-1.00,-1.00,-1.00,0.2344,2.2,2.29,6.01,34.48,1.26,-12.08,-1.59,-10.00
9,7,-1.00,-1.00,-1.00,-1.00,0.1864,3.2,2.61,6.47,11.32,0.32,-51.48,-0.10,-10.00
9,7,-1.00,-1.00,-1.00,-1.00,0.1530,3.3,2.70,7.70,-49.33,2.36,-11.62,-0.09,-10.00
9,7,-1.00,-1.00,-1.00,-1.00,0.1485,2.3,2.23,5.72,-50.71,2.21,30.89,-0.11,-10.00
9,7,-1.00,-1.00,-1.00,-1.00,0.1464,1.9,2.25,5.65,-43.99,2.41,-0.37,-1.52,-10.00
9,7,-1.00,-1.00,-1.00,-1.00,0.1345,2.0,2.18,5.84,2.64,0.88,-36.05,-1.44,-10.00
9,7,-1.00,-1.00,-1.00,-1.00,0.1250,1.9,2.10,5.39,23.53,1.11,-17.94,-1.78,-10.00
9,7,-1.00,-1.00,-1.00,-1.00,0.1124,2.0,2.24,5.59,-5.90,1.12,-44.48,-1.60,-10.00
9,7,-1.00,-1.00,-1.00,-1.00,0.1117,2.5,2.52,7.07,33.91,1.45,-17.04,-0.28,-10.00
9,7,-1.00,-1.00,-1.00,-1.00,0.1014,3.0,2.69,7.21,34.56,1.82,7.93,-1.58,-10.00
10,7,0.00,384.77,29.67,556.80,0.8019,3.9,2.85,8.39,-25.12,2.20,32.90,1.59,-10.00
10,7,-1.00,-1.00,-1.00,-1.00,0.7637,3.7,2.85,9.49,-4.11,0.77,-27.42,-1.40,-10.00
10,7,-1.00,-1.00,-1.00,-1.00,0.5231,2.1,2.28,5.88,26.25,1.29,10.55,-3.08,-10.00
10,7,-1.00,-1.00,-1.00,-1.00,0.3210,2.9,2.63,6.60,-49.83,2.66,31.61,0.02,-10.00
10,7,-1.00,-1.00,-1.00,-1.00,0.2986,3.3,2.81,7.87,36.92,1.38,1.25,-0.04,-10.00
10,7,-1.00,-1.00,-1.00,-1.00,0.2981,1.9,2.13,5.62,4.37,1.45,-19.47,-1.39,-10.00
10,7,1234.18,469.84,1332.81,531.59,0.2056,2.0,2.10,5.71,16.06,2.16,44.36,-1.43,-10.00
10,7,-1.00,-1.00,-1.00,-1.00,0.1999,2.9,2.56,6.60,34.93,1.67,3.57,-1.56,-10.00
10,7,-1.00,-1.00,-1.00,-1.00,0.1379,1.9,2.11,5.44,0.67,0.91,-38.15,-1.51,-10.00
10,7,-1.00,-1.00,-1.00,-1.00,0.1305,2.6,2.34,6.54,-50.96,2.59,20.29,0.10,-10.00
10,7,-1.00,-1.00,-1.00,-1.00,0.1273,2.0,1.95,5.05,-47.21,3.07,20.20,0.19,-10.00
10,7,-1.00,-1.00,-1.00,-1.00,0.1142,2.2,2.25,5.82,-8.67,0.28,-43.74,-1.37,-10.00
11,7,-1.00,-1.00,-1.00,-1.00,0.7344,2.1,2.31,5.83,27.01,1.25,5.87,-3.02,-10.00
11,7,-1.00,-1.00,-1.00,-1.00,0.6544,4.1,2.98,9.58,-5.98,0.83,-26.98,-1.27,-10.00
11,7,0.00,375.98,146.82,558.77,0.4870,4.0,3.01,9.03,-22.00,2.21,32.46,1.68,-10.00
11,7,-1.00,-1.00,-1.00,-1.00,0.3785,3.2,2.76,7.44,37.08,1.02,-4.60,0.05,-10.00
11,7,-1.00,-1.00,-1.00,-1.00,0.3689,2.3,2.25,5.76,-45.64,2.74,33.54,0.06,-10.00
11,7,-1.00,-1.00,-1.00,-1.00,0.3238,2.1,2.19,5.58,29.54,0.53,-26.18,-0.10,-10.00
11,7,-1.00,-1.00,-1.00,-1.00,0.2762,2.1,2.07,5.34,-15.73,0.25,-45.80,-1.39,-10.00
11,7,-1.00,-1.00,-1.00,-1.00,0.2555,1.9,2.13,5.80,2.84,1.24,-21.89,-1.49,-10.00
11,7,-1.00,-1.00,-1.00,-1.00,0.1554,2.0,1.97,5.50,-35.07,2.47,27.84,-2.75,-10.00
11,7,-1.00,-1.00,-1.00,-1.00,0.1455,2.0,2.17,5.60,-45.49,2.31,3.46,0.19,-10.00
11,7,382.38,468.40,558.05,549.05,0.1427,2.0,2.23,5.91,-9.50,2.11,34.07,1.75,-10.00
11,7,-1.00,-1.00,-1.00,-1.00,0.1362,2.2,2.18,5.59,-48.36,2.10,-8.81,-3.09,-10.00
11,7,-1.00,-1.00,-1.00,-1.00,0.1358,1.9,2.16,5.52,-2.96,0.55,-40.39,-1.43,-10.00
11,7,-1.00,-1.00,-1.00,-1.00,0.1325,2.2,2.21,5.82,-11.91,0.14,-43.83,-1.34,-10.00
11,7,-1.00,-1.00,-1.00,-1.00,0.1318,2.9,2.60,6.85,34.86,1.13,-2.08,-1.58,-10.00
11,7,-1.00,-1.00,-1.00,-1.00,0.1246,1.9,2.07,5.73,-0.83,0.64,-34.00,-1.33,-10.00
11,7,-1.00,-1.00,-1.00,-1.00,0.1111,2.4,2.34,5.76,4.57,-2.06,-44.93,1.80,-10.00
11,7,-1.00,-1.00,-1.00,-1.00,0.1047,2.0,2.10,5.43,29.83,2.62,43.86,-1.28,-10.00
12,7,-1.00,-1.00,-1.00,-1.00,0.6794,2.0,2.26,5.55,27.44,1.03,-0.63,-2.87,-10.00
12,7,0.00,363.81,324.45,544.16,0.5954,4.0,2.91,8.80,-17.18,1.90,32.72,1.81,-10.00
12,7,-1.00,-1.00,-1.00,-1.00,0.5902,3.9,2.86,7.89,-8.32,1.33,-25.20,-1.16,-10.00
12,7,-1.00,-1.00,-1.00,-1.00,0.2996,2.5,2.43,6.27,-40.80,2.49,37.19,0.19,-10.00
12,7,-1.00,-1.00,-1.00,-1.00,0.2474,2.3,2.31,6.09,-17.76,0.53,-43.55,-1.12,-10.00
12,7,-1.00,-1.00,-1.00,-1.00,0.2146,3.1,2.64,6.77,36.06,0.93,-12.53,0.20,-10.00
12,7,-1.00,-1.00,-1.00,-1.00,0.1947,3.4,2.81,7.88,-50.88,2.63,-4.36,0.19,-10.00
12,7,-1.00,-1.00,-1.00,-1.00,0.1860,2.4,2.40,6.59,26.78,1.35,-32.83,-0.03,-10.00
12,7,-1.00,-1.00,-1.00,-1.00,0.1704,2.0,2.12,5.34,-45.50,3.25,3.56,0.19,-10.00
12,7,-1.00,-1.00,-1.00,-1.00,0.1360,2.2,2.32,5.31,51.24,0.32,-14.32,-3.08,-10.00
12,7,-1.00,-1.00,-1.00,-1.00,0.1344,2.1,2.12,5.57,35.45,1.83,36.71,-1.32,-10.00
12,7,-1.00,-1.00,-1.00,-1.00,0.1164,1.9,2.07,5.47,-7.72,1.42,-14.76,-1.20,-10.00
12,7,-1.00,-1.00,-1.00,-1.00,0.1111,1.8,2.01,5.71,-5.43,0.86,-35.72,-1.36,-10.00
12,7,-1.00,-1.00,-1.00,-1.00,0.1092,2.2,2.26,5.42,50.67,-1.84,-48.87,3.09,-10.00
12,7,-1.00,-1.00,-1.00,-1.00,0.1028,3.2,2.77,6.99,-46.75,2.91,-5.94,0.24,-10.00
12,7,735.99,415.14,1016.38,521.02,0.1004,3.8,3.09,10.33,1.75,1.88,47.64,3.07,-10.00
12,7,-1.00,-1.00,-1.00,-1.00,0.1003,2.0,2.21,6.24,-3.28,1.18,-30.43,-1.20,-10.00
13,7,188.81,356.09,519.39,534.73,0.6944,4.0,2.95,9.02,-11.86,1.68,32.79,1.91,-10.00
13,7,-1.00,-1.00,-1.00,-1.00,0.5722,3.9,2.90,9.36,-11.21,1.66,-24.95,-0.98,-10.00
13,7,-1.00,-1.00,-1.00,-1.00,0.5022,2.0,2.19,5.57,26.92,0.91,-7.63,-2.65,-10.00
13,7,-1.00,-1.00,-1.00,-1.00,0.3974,3.2,2.69,7.12,33.42,0.59,-20.26,0.33,-10.00
13,7,-1.00,-1.00,-1.00,-1.00,0.2266,3.3,2.80,7.42,-47.47,3.56,-1.32,0.40,-10.00
13,7,-1.00,-1.00,-1.00,-1.00,0.2098,3.3,2.67,8.26,-23.82,1.49,-42.13,-1.04,-10.00
13,7,-1.00,-1.00,-1.00,-1.00,0.1802,2.7,2.34,6.08,-32.92,2.38,16.21,2.04,-10.00
13,7,-1.00,-1.00,-1.00,-1.00,0.1772,2.7,2.42,5.96,41.24,1.87,29.02,-1.12,-10.00
13,7,-1.00,-1.00,-1.00,-1.00,0.1675,2.1,2.28,5.70,-42.05,2.71,8.97,-1.23,-10.00
13,7,-1.00,-1.00,-1.00,-1.00,0.1569,2.0,2.13,6.01,-4.73,1.42,-27.09,-1.08,-10.00
13,7,-1.00,-1.00,-1.00,-1.00,0.1549,2.1,2.28,5.69,-35.80,1.91,40.82,-2.87,-10.00
13,7,975.37,405.84,1252.27,520.18,0.1202,3.7,3.02,9.11,9.97,1.69,44.11,-2.94,-10.00
13,7,755.63,447.80,895.16,537.98,0.1202,1.9,2.12,5.92,0.12,1.63,30.32,1.79,-10.00
13,7,-1.00,-1.00,-1.00,-1.00,0.1188,1.9,2.09,5.41,-7.03,1.63,-3.59,-1.68,-10.00
13,7,-1.00,-1.00,-1.00,-1.00,0.1174,2.5,2.50,6.17,47.30,0.59,-27.00,-1.31,-10.00
13,7,940.39,430.23,1154.84,516.48,0.1106,2.1,2.13,5.49,5.91,1.21,33.85,0.16,-10.00
13,7,-1.00,-1.00,-1.00,-1.00,0.1082,2.0,2.12,5.19,-44.49,3.21,7.88,0.27,-10.00
13,7,-1.00,-1.00,-1.00,-1.00,0.1055,2.1,2.19,5.48,-41.47,2.03,31.20,-2.44,-10.00
13,7,-1.00,-1.00,-1.00,-1.00,0.1031,3.0,2.47,6.37,30.96,1.93,27.61,-0.95,-10.00
13,7,-1.00,-1.00,-1.00,-1.00,0.1015,2.0,2.16,5.48,-36.51,2.60,9.46,-2.68,-10.00
14,7,412.71,375.71,712.25,548.28,0.6530,3.8,2.82,7.51,-6.32,1.91,31.36,2.15,-10.00
14,7,-1.00,-1.00,-1.00,-1.00,0.5651,2.0,2.18,5.49,25.33,0.94,-14.53,-2.48,-10.00
14,7,-1.00,-1.00,-1.00,-1.00,0.3570,4.0,2.98,10.35,-13.99,1.82,-23.76,-0.82,-10.00
14,7,-1.00,-1.00,-1.00,-1.00,0.3089,3.3,2.59,6.60,29.14,1.06,-27.96,0.51,-10.00
14,7,-1.00,-1.00,-1.00,-1.00,0.2422,2.2,2.28,5.97,34.99,1.09,19.38,-0.72,-10.00
14,7,-1.00,-1.00,-1.00,-1.00,0.2236,2.0,2.13,5.67,39.31,1.51,24.06,-0.69,-10.00
14,7,-1.00,-1.00,-1.00,-1.00,0.2127,2.3,2.36,6.38,-28.63,1.46,-38.29,-1.00,-10.00
14,7,0.00,444.92,114.83,514.41,0.2030,2.2,2.20,5.61,-27.33,1.48,43.41,-2.58,-10.00
14,7,-1.00,-1.00,-1.00,-1.00,0.1889,4.0,2.98,9.46,-6.46,1.07,-26.19,2.27,-10.00
14,7,1572.34,405.98,1600.00,480.77,0.1773,2.3,2.31,5.84,28.70,0.26,45.47,-0.96,-10.00
14,7,1313.61,374.33,1600.00,502.99,0.1406,3.5,2.76,7.62,19.15,0.91,38.56,-2.79,-10.00
14,7,997.87,444.68,1127.19,542.78,0.1404,1.9,2.12,5.63,5.29,1.57,27.47,1.87,-10.00
14,7,-1.00,-1.00,-1.00,-1.00,0.1277,1.9,2.10,5.25,-18.47,1.76,-11.19,0.64,-10.00
14,7,-1.00,-1.00,-1.00,-1.00,0.1249,2.0,2.17,5.50,43.68,1.20,29.09,2.52,-10.00
14,7,-1.00,-1.00,-1.00,-1.00,0.1117,2.1,2.32,5.83,44.85,0.80,-35.60,-2.77,-10.00
14,7,-1.00,-1.00,-1.00,-1.00,0.1063,1.9,2.19,5.50,-23.27,1.21,-40.40,-2.75,-10.00
14,7,-1.00,-1.00,-1.00,-1.00,0.1054,2.0,2.15,5.72,13.82,1.12,-44.61,-2.81,-10.00
15,7,646.45,377.69,967.50,555.06,0.4959,3.6,2.79,7.34,-0.30,1.91,29.07,2.43,-10.00
15,7,-1.00,-1.00,-1.00,-1.00,0.4531,3.5,2.82,8.06,-14.99,1.45,-21.05,-0.62,-10.00
15,7,-1.00,-1.00,-1.00,-1.00,0.3460,2.0,2.22,5.66,22.47,0.74,-21.03,-2.46,-10.00
15,7,-1.00,-1.00,-1.00,-1.00,0.2724,2.4,2.32,6.00,37.82,1.85,10.20,-0.59,-10.00
15,7,-1.00,-1.00,-1.00,-1.00,0.2486,2.0,2.19,5.68,37.04,0.05,-45.73,-2.57,-10.00
15,7,-1.00,-1.00,-1.00,-1.00,0.2271,2.9,2.52,6.48,23.41,0.33,-35.67,0.75,-10.00
15,7,245.47,458.72,378.05,523.58,0.2255,2.1,2.14,5.32,-18.49,1.88,44.90,-2.45,-10.00
15,7,-1.00,-1.00,-1.00,-1.00,0.2137,3.3,2.64,8.00,-34.06,1.09,-33.76,-0.63,-10.00
15,7,-1.00,-1.00,-1.00,-1.00,0.1671,2.0,2.24,6.04,2.27,1.02,-36.83,1.50,-10.00
15,7,-1.00,-1.00,-1.00,-1.00,0.1388,3.2,2.63,8.99,-12.66,1.14,-27.93,2.49,-10.00
15,7,604.22,440.87,983.95,582.82,0.1319,1.9,2.10,5.35,-0.52,1.65,18.96,-2.71,-10.00
15,7,-1.00,-1.00,-1.00,-1.00,0.1232,2.2,2.21,5.22,-28.19,2.51,38.50,0.82,-10.00
15,7,-1.00,-1.00,-1.00,-1.00,0.1030,1.9,2.09,5.64,47.66,1.47,17.70,-0.55,-10.00
15,7,-1.00,-1.00,-1.00,-1.00,0.1019,3.0,2.61,6.61,46.63,0.75,0.49,-1.91,-10.00
16,7,-1.00,-1.00,-1.00,-1.00,0.7029,3.7,2.85,9.07,-16.53,1.71,-19.95,-0.45,-10.00
16,7,852.53,326.35,1260.03,543.30,0.5931,4.0,2.97,9.60,5.27,1.55,27.28,2.49,-10.00
16,7,-1.00,-1.00,-1.00,-1.00,0.3028,2.0,2.21,5.77,18.39,0.74,-26.94,-2.19,-10.00
16,7,-1.00,-1.00,-1.00,-1.00,0.2372,2.4,2.30,5.55,38.58,0.86,1.41,2.67,-10.00
16,7,-1.00,-1.00,-1.00,-1.00,0.1641,2.0,2.25,5.70,-29.81,2.14,-21.98,-0.41,-10.00
16,7,-1.00,-1.00,-1.00,-1.00,0.1556,1.9,2.17,5.65,19.62,1.15,-5.07,-0.53,-10.00
16,7,-1.00,-1.00,-1.00,-1.00,0.1537,2.3,2.41,6.28,-37.17,1.39,-29.37,-0.42,-10.00
16,7,-1.00,-1.00,-1.00,-1.00,0.1311,1.9,2.17,5.31,50.25,0.19,7.26,-0.43,-10.00
16,7,-1.00,-1.00,-1.00,-1.00,0.1302,3.9,2.74,8.44,-14.24,0.89,-27.23,2.58,-10.00
16,7,109.08,458.36,198.17,530.79,0.1291,2.1,2.26,5.70,-21.79,1.93,40.45,-2.11,-10.00
16,7,-1.00,-1.00,-1.00,-1.00,0.1210,3.9,2.99,9.53,29.11,0.85,26.45,-2.48,-10.00
16,7,-1.00,-1.00,-1.00,-1.00,0.1202,2.0,2.16,5.65,-18.65,2.06,-28.36,-0.53,-10.00
16,7,463.80,450.26,582.24,513.56,0.1058,2.0,2.14,5.30,-10.87,1.49,44.58,-2.22,-10.00
16,7,-1.00,-1.00,-1.00,-1.00,0.1050,2.0,2.27,5.75,44.85,0.33,4.10,2.79,-10.00
16,7,-1.00,-1.00,-1.00,-1.00,0.1020,2.1,2.32,5.99,-20.87,2.31,-31.96,1.32,-10.00
17,7,-1.00,-1.00,-1.00,-1.00,0.6773,3.7,2.86,9.09,-16.60,1.64,-18.73,-0.35,-10.00
17,7,1066.59,304.01,1513.78,553.91,0.6059,3.9,2.95,8.72,8.77,1.48,23.25,2.59,-10.00
17,7,-1.00,-1.00,-1.00,-1.00,0.2734,2.0,2.21,5.58,-38.98,0.92,-25.33,2.80,-10.00
17,7,-1.00,-1.00,-1.00,-1.00,0.2254,3.3,2.81,8.42,11.55,1.27,-46.88,1.00,-10.00
17,7,-1.00,-1.00,-1.00,-1.00,0.2013,2.0,2.20,5.72,14.25,1.14,-31.99,-2.22,-10.00
17,7,303.05,438.98,403.54,535.79,0.1796,2.6,2.60,6.97,-14.44,1.98,38.25,-1.94,-10.00
17,7,-1.00,-1.00,-1.00,-1.00,0.1785,2.0,2.20,5.64,-11.15,1.80,-10.24,-0.89,-10.00
17,7,-1.00,-1.00,-1.00,-1.00,0.1780,2.0,2.22,5.54,-28.90,1.86,-19.07,-0.38,-10.00
17,7,659.98,436.33,777.89,503.05,0.1585,2.0,2.15,5.54,-3.83,1.06,43.48,-2.04,-10.00
17,7,-1.00,-1.00,-1.00,-1.00,0.1373,2.0,2.13,5.38,30.60,0.87,27.85,2.44,-10.00
17,7,309.99,467.51,514.00,539.93,0.1371,2.0,2.17,5.45,-11.97,2.01,36.41,2.83,-10.00
17,7,-1.00,-1.00,-1.00,-1.00,0.1280,2.1,2.28,5.83,34.38,1.54,37.85,0.65,-10.00
17,7,-1.00,-1.00,-1.00,-1.00,0.1136,2.8,2.37,5.96,31.01,0.16,-44.14,2.46,-10.00
17,7,-1.00,-1.00,-1.00,-1.00,0.1093,1.9,2.21,5.51,-22.82,1.89,-28.09,-0.55,-10.00
17,7,137.68,456.05,342.28,528.86,0.1056,2.6,2.61,6.91,-22.41,2.23,48.19,2.73,-10.00
17,7,-1.00,-1.00,-1.00,-1.00,0.1018,2.0,2.12,5.47,12.88,1.35,-42.53,0.63,-10.00
18,7,-1.00,-1.00,-1.00,-1.00,0.6670,3.9,2.93,10.41,-16.75,1.45,-18.65,-0.29,-10.00
18,7,1270.87,250.57,1600.00,556.08,0.5977,4.0,2.86,8.65,11.38,1.26,19.41,2.76,-10.00
18,7,816.25,439.72,925.23,512.34,0.3758,2.1,2.20,5.85,1.34,1.32,41.25,-1.78,-10.00
18,7,-1.00,-1.00,-1.00,-1.00,0.3032,2.0,2.19,5.99,10.47,1.06,-36.43,-2.01,-10.00
18,7,-1.00,-1.00,-1.00,-1.00,0.2903,2.5,2.39,6.20,-38.14,1.14,-22.51,-0.24,-10.00
18,7,-1.00,-1.00,-1.00,-1.00,0.2173,3.3,2.95,9.43,5.91,1.44,-50.74,1.19,-10.00
18,7,-1.00,-1.00,-1.00,-1.00,0.1943,2.0,2.24,5.77,35.56,1.42,28.90,2.73,-10.00
18,7,450.17,455.30,536.12,527.55,0.1104,2.0,2.08,5.43,-10.49,1.76,39.15,-1.93,-10.00
18,7,-1.00,-1.00,-1.00,-1.00,0.1103,1.9,2.07,5.39,24.71,1.26,-13.64,-0.30,-10.00
18,7,546.43,422.36,849.02,563.15,0.1046,3.5,2.85,7.62,-3.48,2.41,33.51,-0.30,-10.00
18,7,-1.00,-1.00,-1.00,-1.00,0.1032,2.2,2.29,5.80,41.97,0.10,-39.84,2.83,-10.00
19,7,1528.45,220.54,1600.00,610.89,0.8088,4.0,2.90,8.40,13.28,1.54,15.34,2.88,-10.00
19,7,-1.00,-1.00,-1.00,-1.00,0.6274,3.9,2.95,10.80,-16.25,1.20,-18.55,-0.26,-10.00
19,7,945.81,451.98,1097.63,527.67,0.4504,2.0,2.20,5.76,5.74,1.70,37.82,-1.87,-10.00
19,7,-1.00,-1.00,-1.00,-1.00,0.3324,2.7,2.41,6.40,-37.23,1.05,-20.52,-0.08,-10.00
19,7,-1.00,-1.00,-1.00,-1.00,0.2082,2.0,2.27,5.58,6.12,1.02,-39.19,-1.74,-10.00
19,7,-1.00,-1.00,-1.00,-1.00,0.1549,2.0,2.13,5.52,4.32,1.33,-21.33,-0.09,-10.00
19,7,-1.00,-1.00,-1.00,-1.00,0.1522,3.1,2.51,6.09,-2.01,0.89,-51.57,-0.23,-10.00
19,7,-1.00,-1.00,-1.00,-1.00,0.1449,2.0,2.19,5.69,43.69,1.97,23.26,3.01,-10.00
19,7,560.12,466.61,620.26,523.25,0.1439,2.0,2.10,5.42,-9.19,2.01,48.41,-1.79,-10.00
19,7,-1.00,-1.00,-1.00,-1.00,0.1337,2.0,2.07,5.45,27.54,1.01,-18.20,-0.17,-10.00
19,7,-1.00,-1.00,-1.00,-1.00,0.1334,3.8,2.61,7.65,-24.48,0.19,-27.91,3.08,-10.00
19,7,588.69,469.74,669.24,538.77,0.1281,1.9,2.04,5.50,-6.00,2.04,37.52,1.35,-10.00
19,7,-1.00,-1.00,-1.00,-1.00,0.1270,3.5,2.88,8.27,36.80,1.46,4.07,-2.02,-10.00
20,7,-1.00,-1.00,-1.00,-1.00,0.7945,4.2,2.88,8.61,14.96,1.18,11.31,2.98,-10.00
20,7,-1.00,-1.00,-1.00,-1.00,0.6840,4.1,3.14,11.11,-15.77,1.69,-18.77,-0.24,-10.00
20,7,723.96,452.39,829.15,536.56,0.2759,1.9,2.11,5.59,-1.39,1.69,32.07,-1.71,-10.00
20,7,-1.00,-1.00,-1.00,-1.00,0.2225,2.4,2.35,6.22,-36.52,1.80,-19.03,-0.04,-10.00
20,7,-1.00,-1.00,-1.00,-1.00,0.1831,1.9,2.22,5.53,37.15,1.30,8.65,2.97,-10.00
20,7,-1.00,-1.00,-1.00,-1.00,0.1763,2.0,2.17,5.80,2.15,1.18,-42.73,-1.85,-10.00
20,7,-1.00,-1.00,-1.00,-1.00,0.1512,2.0,2.14,5.66,32.60,0.84,-27.12,-3.13,-10.00
20,7,-1.00,-1.00,-1.00,-1.00,0.1361,2.0,2.04,5.37,29.64,0.86,-23.46,-0.01,-10.00
20,7,641.15,422.29,845.56,521.06,0.1289,3.4,2.69,7.12,-3.10,1.83,46.00,-0.23,-10.00
20,7,-1.00,-1.00,-1.00,-1.00,0.1280,2.1,2.26,5.58,46.29,0.65,16.12,3.00,-10.00
20,7,-1.00,-1.00,-1.00,-1.00,0.1136,2.0,2.10,5.54,6.27,1.44,-24.05,-0.01,-10.00
20,7,-1.00,-1.00,-1.00,-1.00,0.1034,3.0,2.56,7.45,25.19,0.66,-48.04,-0.22,-10.00
21,7,-1.00,-1.00,-1.00,-1.00,0.7823,4.2,2.98,8.77,16.14,1.41,7.59,3.05,-10.00
21,7,-1.00,-1.00,-1.00,-1.00,0.7103,4.1,3.06,11.43,-14.93,1.18,-19.10,-0.25,-10.00
21,7,1239.30,436.56,1446.71,534.68,0.6911,2.2,2.27,6.26,12.59,1.59,31.18,-1.62,-10.00
21,7,-1.00,-1.00,-1.00,-1.00,0.4793,2.0,2.16,5.61,-1.38,0.82,-44.77,-1.84,-10.00
21,7,-1.00,-1.00,-1.00,-1.00,0.2635,2.2,2.28,6.05,-35.40,1.06,-18.52,0.13,-10.00
21,7,0.00,458.30,91.98,564.51,0.1491,1.9,2.06,5.50,-17.28,1.83,25.14,-1.63,-10.00
21,7,-1.00,-1.00,-1.00,-1.00,0.1264,1.9,2.06,5.10,-23.00,1.31,-16.44,-0.01,-10.00
21,7,-1.00,-1.00,-1.00,-1.00,0.1264,1.9,2.16,5.05,24.85,1.16,-7.13,-0.12,-10.00
21,7,740.70,457.48,880.08,514.14,0.1193,2.1,2.27,5.17,-0.68,1.72,49.91,2.91,-10.00
21,7,-1.00,-1.00,-1.00,-1.00,0.1189,2.0,2.16,5.54,-9.53,1.51,-8.47,-0.92,-10.00
21,7,-1.00,-1.00,-1.00,-1.00,0.1115,2.1,2.31,5.87,38.13,1.59,2.19,3.10,-10.00
21,7,-1.00,-1.00,-1.00,-1.00,0.1061,2.2,2.41,6.17,39.95,1.08,46.78,3.02,-10.00
21,7,-1.00,-1.00,-1.00,-1.00,0.1040,2.0,2.11,5.57,32.79,0.16,-28.57,0.03,-10.00
22,7,-1.00,-1.00,-1.00,-1.00,0.8448,4.2,2.89,8.43,16.38,1.50,4.16,-3.13,-10.00
22,7,1349.01,442.79,1586.89,550.60,0.7429,2.1,2.09,5.56,13.99,1.75,27.84,-1.63,-10.00
22,7,-1.00,-1.00,-1.00,-1.00,0.5893,3.8,2.94,10.67,-13.38,1.13,-19.97,-0.34,-10.00
22,7,-1.00,-1.00,-1.00,-1.00,0.4056,2.9,2.58,7.42,-33.59,1.27,-19.85,0.18,-10.00
22,7,-1.00,-1.00,-1.00,-1.00,0.2310,1.9,2.19,5.65,-19.64,2.02,23.93,1.58,-10.00
22,7,-1.00,-1.00,-1.00,-1.00,0.2091,2.0,2.23,5.74,9.36,1.11,-30.75,0.12,-10.00
22,7,-1.00,-1.00,-1.00,-1.00,0.1608,2.3,2.33,5.87,37.90,1.59,-1.17,3.08,-10.00
22,7,-1.00,-1.00,-1.00,-1.00,0.1451,2.0,2.14,5.65,47.91,1.73,4.89,-3.09,-10.00
22,7,-1.00,-1.00,-1.00,-1.00,0.1187,2.4,2.42,6.29,-20.20,-1.61,-41.86,1.55,-10.00
22,7,-1.00,-1.00,-1.00,-1.00,0.1107,2.0,2.07,5.34,-20.18,0.99,-17.53,-0.06,-10.00
23,7,-1.00,-1.00,-1.00,-1.00,0.8772,4.0,2.86,8.65,16.12,0.93,1.07,-3.13,-10.00
23,7,-1.00,-1.00,-1.00,-1.00,0.4735,3.7,2.84,10.18,-11.44,1.72,-20.99,-0.47,-10.00
23,7,1427.25,347.70,1600.00,490.08,0.3604,2.3,2.17,5.91,14.64,0.28,25.22,1.57,-10.00
23,7,-1.00,-1.00,-1.00,-1.00,0.3255,2.1,2.14,5.50,28.23,1.55,-39.75,0.22,-10.00
23,7,0.00,449.87,98.11,587.25,0.2649,2.0,2.16,5.92,-15.52,1.90,21.67,1.61,-10.00
23,7,-1.00,-1.00,-1.00,-1.00,0.2569,2.5,2.53,6.30,38.66,0.30,-5.34,-3.06,-10.00
23,7,-1.00,-1.00,-1.00,-1.00,0.2021,1.9,2.24,5.65,-16.64,1.96,-18.36,-1.51,-10.00
23,7,-1.00,-1.00,-1.00,-1.00,0.1851,2.3,2.50,6.31,-27.85,2.18,24.67,1.54,-10.00
23,7,-1.00,-1.00,-1.00,-1.00,0.1627,2.2,2.27,5.82,-30.12,2.63,-22.16,0.16,-10.00
23,7,913.89,412.40,1043.91,521.01,0.1460,2.1,2.10,5.59,3.24,1.08,27.85,-1.59,-10.00
23,7,-1.00,-1.00,-1.00,-1.00,0.1309,3.7,2.80,7.71,-31.31,2.17,-30.42,-2.98,-10.00
23,7,-1.00,-1.00,-1.00,-1.00,0.1206,1.8,2.12,5.30,-5.44,2.20,-49.74,-1.55,-10.00
23,7,-1.00,-1.00,-1.00,-1.00,0.1105,2.1,2.32,6.01,-19.12,2.08,21.95,1.57,-10.00
24,7,1545.51,372.02,1600.00,521.30,0.8158,2.2,2.18,5.93,15.43,0.85,22.01,-1.56,-10.00
24,7,-1.00,-1.00,-1.00,-1.00,0.7220,4.0,2.83,8.82,16.15,1.15,-1.82,-3.06,-10.00
24,7,-1.00,-1.00,-1.00,-1.00,0.6488,3.8,2.86,10.17,-10.03,1.27,-21.62,-0.55,-10.00
24,7,-1.00,-1.00,-1.00,-1.00,0.2835,2.0,2.13,5.60,-18.44,2.16,19.91,1.62,-10.00
24,7,-1.00,-1.00,-1.00,-1.00,0.1928,2.0,2.15,5.11,37.33,0.90,-8.61,-3.14,-10.00
24,7,-1.00,-1.00,-1.00,-1.00,0.1746,2.5,2.46,6.81,27.90,0.88,-43.34,-2.86,-10.00
24,7,-1.00,-1.00,-1.00,-1.00,0.1635,2.0,2.19,5.74,16.46,1.07,-37.67,-3.05,-10.00
24,7,-1.00,-1.00,-1.00,-1.00,0.1358,2.0,2.10,5.41,10.57,1.02,11.26,-1.53,-10.00
24,7,-1.00,-1.00,-1.00,-1.00,0.1276,2.0,2.23,5.48,34.04,0.27,-44.73,0.12,-10.00
24,7,-1.00,-1.00,-1.00,-1.00,0.1226,2.1,2.14,5.63,-7.19,1.27,-51.94,-1.55,-10.00
24,7,-1.00,-1.00,-1.00,-1.00,0.1220,2.5,2.31,6.29,-28.58,1.67,-24.20,0.21,-10.00
24,7,-1.00,-1.00,-1.00,-1.00,0.1211,2.8,2.49,6.34,2.47,-0.12,-51.32,-2.81,-10.00
24,7,-1.00,-1.00,-1.00,-1.00,0.1095,4.1,3.17,11.13,22.52,0.95,-1.99,-3.08,-10.00
25,7,-1.00,-1.00,-1.00,-1.00,0.8276,3.7,2.83,8.96,16.46,1.34,-4.23,-3.07,-10.00
25,7,-1.00,-1.00,-1.00,-1.00,0.8030,2.2,2.20,5.99,15.45,1.50,19.74,-1.54,-10.00
25,7,-1.00,-1.00,-1.00,-1.00,0.4348,3.7,2.90,10.10,-7.85,0.64,-21.73,-0.68,-10.00
25,7,-1.00,-1.00,-1.00,-1.00,0.2305,2.2,2.17,5.51,-25.75,0.28,-27.09,0.21,-10.00
25,7,-1.00,-1.00,-1.00,-1.00,0.2200,2.0,2.25,5.51,37.54,1.66,-11.05,-3.09,-10.00
25,7,-1.00,-1.00,-1.00,-1.00,0.1742,2.3,2.30,6.06,36.41,0.66,-21.00,0.23,-10.00
25,7,-1.00,-1.00,-1.00,-1.00,0.1576,1.9,2.21,5.55,-10.41,1.31,-17.59,-0.85,-10.00
25,7,-1.00,-1.00,-1.00,-1.00,0.1556,1.9,2.06,5.30,-18.41,1.63,17.33,1.66,-10.00
25,7,-1.00,-1.00,-1.00,-1.00,0.1256,2.4,2.58,6.35,-27.06,1.89,20.81,-1.62,-10.00
25,7,-1.00,-1.00,-1.00,-1.00,0.1255,2.2,2.35,6.18,26.99,1.15,-45.46,-2.98,-10.00
25,7,945.32,451.99,1054.36,533.14,0.1116,2.0,2.11,5.63,4.59,1.69,34.08,-1.58,-10.00
25,7,-1.00,-1.00,-1.00,-1.00,0.1041,1.9,2.14,5.36,33.05,0.55,-46.96,0.20,-10.00
25,7,-1.00,-1.00,-1.00,-1.00,0.1039,2.0,2.23,5.74,37.74,0.79,-50.30,-1.56,-10.00
25,7,-1.00,-1.00,-1.00,-1.00,0.1018,2.8,2.63,6.68,46.58,0.85,-17.75,-1.39,-10.00
25,7,-1.00,-1.00,-1.00,-1.00,0.1018,2.0,2.15,5.67,38.72,1.07,-48.27,-2.94,-10.00
26,7,-1.00,-1.00,-1.00,-1.00,0.8567,3.8,2.87,8.66,16.44,1.15,-6.31,-3.09,-10.00
26,7,-1.00,-1.00,-1.00,-1.00,0.7257,2.3,2.13,5.64,15.42,1.02,17.59,-1.57,-10.00
26,7,-1.00,-1.00,-1.00,-1.00,0.4827,3.8,2.94,10.16,-5.65,0.95,-21.68,-0.79,-10.00
26,7,-1.00,-1.00,-1.00,-1.00,0.2533,2.0,2.09,5.38,-39.57,1.04,14.01,-2.09,-10.00
26,7,-1.00,-1.00,-1.00,-1.00,0.2348,2.0,2.21,5.74,-14.86,1.74,15.07,1.65,-10.00
26,7,-1.00,-1.00,-1.00,-1.00,0.2091,2.3,2.27,5.95,-22.79,0.78,-29.93,0.18,-10.00
26,7,236.22,425.99,366.52,520.68,0.1974,3.3,2.68,6.85,-20.17,1.90,48.57,1.48,-10.00
26,7,587.13,428.62,688.36,518.77,0.1363,2.8,2.49,6.24,-6.56,1.67,44.36,1.60,-10.00
26,7,-1.00,-1.00,-1.00,-1.00,0.1252,2.1,2.14,5.52,27.66,0.61,-48.21,0.16,-10.00
26,7,-1.00,-1.00,-1.00,-1.00,0.1128,2.9,2.53,6.72,34.78,0.66,-24.91,1.45,-10.00
26,7,913.29,454.51,984.87,519.80,0.1099,2.1,2.16,5.78,4.37,1.76,45.61,-1.54,-10.00
26,7,-1.00,-1.00,-1.00,-1.00,0.1011,1.9,2.11,5.51,37.56,0.45,-31.40,-0.15,-10.00
27,7,-1.00,-1.00,-1.00,-1.00,0.8691,4.0,2.87,8.68,16.13,1.13,-8.72,-3.09,-10.00
27,7,-1.00,-1.00,-1.00,-1.00,0.8195,2.1,2.18,6.01,15.45,0.95,15.18,-1.55,-10.00
27,7,211.02,417.82,352.56,524.24,0.5588,3.5,2.76,7.81,-20.09,1.96,46.73,1.44,-10.00
27,7,-1.00,-1.00,-1.00,-1.00,0.5198,3.9,2.96,11.49,-4.94,1.29,-22.51,-0.96,-10.00
27,7,-1.00,-1.00,-1.00,-1.00,0.4230,2.0,2.20,5.65,-18.69,1.85,13.16,1.56,-10.00
27,7,916.45,437.80,984.26,505.72,0.2327,2.3,2.13,5.69,4.69,1.29,48.26,-1.55,-10.00
27,7,-1.00,-1.00,-1.00,-1.00,0.2000,1.9,2.18,5.31,26.74,1.25,-49.84,-3.03,-10.00
27,7,-1.00,-1.00,-1.00,-1.00,0.1846,2.6,2.55,6.60,34.68,0.22,-26.79,-1.73,-10.00
27,7,-1.00,-1.00,-1.00,-1.00,0.1321,2.5,2.30,6.18,-20.02,1.19,-32.50,0.13,-10.00
27,7,-1.00,-1.00,-1.00,-1.00,0.1278,1.9,2.11,5.61,-14.74,1.54,12.71,1.58,-10.00
27,7,927.26,425.87,1087.38,492.88,0.1262,2.3,2.20,5.65,6.69,0.79,46.92,0.00,-10.00
27,7,931.61,443.36,1028.97,524.71,0.1209,2.1,2.07,5.51,4.38,1.56,36.57,-1.58,-10.00
27,7,-1.00,-1.00,-1.00,-1.00,0.1102,2.0,2.19,5.53,-7.15,1.63,-16.51,-1.06,-10.00
28,7,-1.00,-1.00,-1.00,-1.00,0.8442,2.1,2.18,5.99,15.35,0.99,12.52,-1.58,-10.00
28,7,-1.00,-1.00,-1.00,-1.00,0.7415,4.1,2.88,8.63,16.00,0.93,-11.48,-3.11,-10.00
28,7,-1.00,-1.00,-1.00,-1.00,0.4749,4.2,3.01,11.39,-3.27,1.13,-22.37,-1.06,-10.00
28,7,916.24,445.85,987.47,509.84,0.2762,2.1,1.97,5.17,4.48,1.38,45.60,-1.59,-10.00
28,7,-1.00,-1.00,-1.00,-1.00,0.1891,2.6,2.37,6.39,-17.25,0.70,-35.21,-0.01,-10.00
28,7,-1.00,-1.00,-1.00,-1.00,0.1608,2.4,2.43,6.21,34.68,-0.39,-29.43,1.48,-10.00
28,7,173.10,454.53,314.33,536.89,0.1356,2.6,2.69,7.96,-20.53,2.36,44.63,1.38,-10.00
28,7,-1.00,-1.00,-1.00,-1.00,0.1316,1.9,2.12,5.44,-14.95,1.59,9.97,1.60,-10.00
28,7,-1.00,-1.00,-1.00,-1.00,0.1080,2.0,2.25,5.62,-38.39,1.19,-39.99,1.62,-10.00
28,7,-1.00,-1.00,-1.00,-1.00,0.1077,2.0,2.23,5.88,40.98,0.73,-12.34,-3.04,-10.00
28,7,-1.00,-1.00,-1.00,-1.00,0.1070,2.0,2.17,5.60,-6.01,1.23,-15.82,-1.24,-10.00
29,7,-1.00,-1.00,-1.00,-1.00,0.8533,2.0,2.14,5.84,15.18,1.00,9.79,-1.56,-10.00
29,7,-1.00,-1.00,-1.00,-1.00,0.8454,4.1,2.88,9.11,16.34,0.74,-14.12,3.13,-10.00
29,7,-1.00,-1.00,-1.00,-1.00,0.5301,4.1,2.96,10.86,-2.20,0.94,-22.98,-1.16,-10.00
29,7,914.87,448.69,996.48,516.25,0.3230,2.1,2.03,5.47,4.33,1.53,42.92,-1.60,-10.00
29,7,-1.00,-1.00,-1.00,-1.00,0.2790,2.7,2.49,6.82,-15.52,1.03,-37.97,-0.15,-10.00
29,7,-1.00,-1.00,-1.00,-1.00,0.1592,2.1,2.24,5.78,-38.93,1.43,6.00,-1.72,-10.00
29,7,-1.00,-1.00,-1.00,-1.00,0.1495,2.2,2.29,6.17,-27.74,2.45,6.76,1.71,-10.00
29,7,118.86,428.43,262.16,520.94,0.1374,2.7,2.56,6.85,-21.06,1.64,41.89,1.36,-10.00
29,7,642.87,463.26,724.48,519.21,0.1162,1.9,2.10,5.86,-5.31,1.81,47.38,1.63,-10.00
29,7,935.66,454.16,1051.85,535.57,0.1145,1.8,1.93,5.25,4.03,1.61,31.08,1.53,-10.00
29,7,-1.00,-1.00,-1.00,-1.00,0.1111,1.9,2.15,5.63,-21.31,2.02,27.70,1.52,-10.00
29,7,-1.00,-1.00,-1.00,-1.00,0.1047,2.0,2.24,5.81,-5.02,1.27,-15.71,-1.35,-10.00
29,7,266.38,471.54,383.39,530.41,0.1024,2.1,2.20,5.72,-19.34,2.32,48.63,1.58,-10.00
30,7,-1.00,-1.00,-1.00,-1.00,0.9071,2.1,2.17,5.92,15.17,1.11,6.65,-1.57,-10.00
30,7,-1.00,-1.00,-1.00,-1.00,0.8580,4.1,2.92,8.56,16.07,0.91,-17.14,-3.13,-10.00
30,7,-1.00,-1.00,-1.00,-1.00,0.6274,4.1,2.97,10.66,-1.72,0.92,-24.02,-1.22,-10.00
30,7,-1.00,-1.00,-1.00,-1.00,0.3348,2.8,2.43,6.77,-12.99,0.40,-40.31,-0.28,-10.00
30,7,917.58,445.93,1006.62,524.09,0.3274,2.2,2.04,5.42,4.22,1.68,39.93,-1.61,-10.00
30,7,-1.00,-1.00,-1.00,-1.00,0.2031,1.9,2.21,5.68,-18.61,1.97,4.78,1.66,-10.00
30,7,-1.00,-1.00,-1.00,-1.00,0.1851,2.1,2.25,5.73,18.72,1.61,12.46,0.01,-10.00
30,7,436.64,445.99,555.98,514.10,0.1755,2.1,2.27,6.20,-11.76,1.52,45.16,1.64,-10.00
30,7,43.10,446.15,224.84,554.22,0.1473,2.9,2.85,8.19,-20.92,2.52,38.43,1.32,-10.00
30,7,-1.00,-1.00,-1.00,-1.00,0.1399,2.0,2.22,5.51,-37.53,1.24,-45.16,0.01,-10.00
30,7,-1.00,-1.00,-1.00,-1.00,0.1391,3.3,2.92,8.07,-27.30,2.42,20.65,1.63,-10.00
30,7,944.73,445.75,1083.19,541.72,0.1080,1.9,2.03,5.46,4.05,1.59,28.11,-1.62,-10.00
30,7,-1.00,-1.00,-1.00,-1.00,0.1017,2.4,2.21,5.86,-39.80,1.36,0.88,-0.20,-10.00
31,7,-1.00,-1.00,-1.00,-1.00,0.8755,2.1,2.11,5.85,15.03,1.04,3.65,-1.57,-10.00
31,7,-1.00,-1.00,-1.00,-1.00,0.8221,4.2,2.89,9.06,16.35,0.87,-20.37,-3.13,-10.00
31,7,-1.00,-1.00,-1.00,-1.00,0.7438,3.9,2.98,10.77,-1.65,0.84,-25.37,-1.31,-10.00
31,7,923.32,445.87,1022.25,524.79,0.4047,2.1,2.00,5.46,4.17,1.56,36.65,-1.61,-10.00
31,7,-1.00,-1.00,-1.00,-1.00,0.3855,1.8,2.12,5.49,-15.10,1.72,1.13,1.52,-10.00
31,7,0.00,440.82,189.79,570.25,0.3235,3.2,2.94,8.61,-21.04,2.72,35.50,1.39,-10.00
31,7,-1.00,-1.00,-1.00,-1.00,0.2403,2.5,2.40,6.69,-9.75,0.21,-41.62,-0.55,-10.00
31,7,-1.00,-1.00,-1.00,-1.00,0.1526,2.0,2.12,5.48,-3.90,1.27,-15.33,-1.43,-10.00
31,7,-1.00,-1.00,-1.00,-1.00,0.1455,2.0,2.23,5.66,-38.57,1.02,-49.22,1.62,-10.00
31,7,-1.00,-1.00,-1.00,-1.00,0.1210,2.0,2.16,5.38,25.84,-0.41,-43.30,3.04,-10.00
31,7,-1.00,-1.00,-1.00,-1.00,0.1188,1.9,2.23,5.45,-35.44,1.19,-50.17,1.57,-10.00
31,7,-1.00,-1.00,-1.00,-1.00,0.1180,3.9,2.94,11.67,24.91,0.68,-20.38,-3.13,-10.00
31,7,-1.00,-1.00,-1.00,-1.00,0.1158,2.0,2.21,5.78,37.24,0.50,-27.26,3.10,-10.00
31,7,-1.00,-1.00,-1.00,-1.00,0.1075,1.9,2.12,5.20,-46.63,1.27,-46.22,-3.14,-10.00
31,7,-1.00,-1.00,-1.00,-1.00,0.1058,3.5,3.02,10.30,4.31,-0.18,-49.49,1.57,-10.00
32,7,-1.00,-1.00,-1.00,-1.00,0.9162,2.2,2.17,5.96,15.05,0.87,0.37,-1.60,-10.00
32,7,-1.00,-1.00,-1.00,-1.00,0.8597,4.0,2.93,9.80,-1.19,0.92,-26.14,-1.40,-10.00
32,7,-1.00,-1.00,-1.00,-1.00,0.8449,3.8,2.89,10.06,16.30,0.88,-23.63,-3.10,-10.00
32,7,933.13,431.61,1041.87,526.42,0.3738,2.3,2.13,5.33,4.19,1.47,33.54,-1.58,-10.00
32,7,-1.00,-1.00,-1.00,-1.00,0.3355,2.7,2.42,6.66,-7.74,0.26,-43.21,-0.71,-10.00
32,7,-1.00,-1.00,-1.00,-1.00,0.1412,2.6,2.53,6.59,26.38,-0.56,-47.19,3.13,-10.00
32,7,0.00,460.94,122.90,565.54,0.1071,2.3,2.61,7.23,-20.63,2.33,31.71,1.40,-10.00
32,7,394.27,399.60,546.13,515.78,0.1030,3.4,2.92,8.37,-11.83,1.46,42.51,1.55,-10.00
33,7,-1.00,-1.00,-1.00,-1.00,0.9239,2.0,2.13,5.87,14.89,0.80,-2.99,-1.59,-10.00
33,7,-1.00,-1.00,-1.00,-1.00,0.7490,3.9,2.93,11.31,-1.26,0.51,-28.07,-1.37,-10.00
33,7,-1.00,-1.00,-1.00,-1.00,0.7398,4.0,2.86,9.28,16.09,0.45,-27.04,-3.10,-10.00
33,7,941.50,444.93,1075.31,566.40,0.6757,2.6,2.19,5.78,4.24,2.25,30.28,-1.60,-10.00
33,7,-1.00,-1.00,-1.00,-1.00,0.2585,3.1,2.57,6.89,-6.34,0.20,-44.61,-0.89,-10.00
33,7,317.22,389.20,499.04,535.73,0.1740,3.8,2.82,8.58,-11.92,1.90,36.66,1.52,-10.00
33,7,-1.00,-1.00,-1.00,-1.00,0.1369,2.0,2.10,5.60,17.73,-0.60,-45.09,0.02,-10.00
33,7,-1.00,-1.00,-1.00,-1.00,0.1360,2.5,2.67,6.59,47.52,-1.92,-20.14,-3.11,-10.00
33,7,624.76,433.33,703.09,525.21,0.1265,3.3,2.63,5.93,-6.35,2.14,49.65,-1.62,-10.00
33,7,-1.00,-1.00,-1.00,-1.00,0.1075,2.4,2.41,6.29,-27.52,2.00,-1.87,-1.58,-10.00
34,7,-1.00,-1.00,-1.00,-1.00,0.8454,4.0,2.95,10.14,16.14,0.41,-30.55,-3.11,-10.00
34,7,-1.00,-1.00,-1.00,-1.00,0.8240,2.0,2.14,5.71,14.73,0.53,-6.16,-1.57,-10.00
34,7,-1.00,-1.00,-1.00,-1.00,0.7061,4.0,2.94,9.85,-0.86,0.38,-29.14,-1.43,-10.00
34,7,952.01,431.93,1102.64,570.52,0.4570,2.6,2.13,5.59,4.09,2.05,26.56,-1.59,-10.00
34,7,-1.00,-1.00,-1.00,-1.00,0.2706,2.3,2.24,5.66,-5.00,-0.35,-46.04,-1.04,-10.00
34,7,-1.00,-1.00,-1.00,-1.00,0.1850,2.0,2.04,5.38,-24.13,1.76,-12.53,-3.03,-10.00
35,7,-1.00,-1.00,-1.00,-1.00,0.8826,2.1,2.16,5.94,14.72,0.54,-10.22,-1.59,-10.00
35,7,-1.00,-1.00,-1.00,-1.00,0.6796,3.9,2.92,8.19,-0.39,0.69,-29.54,-1.47,-10.00
35,7,-1.00,-1.00,-1.00,-1.00,0.6465,3.5,2.78,8.38,15.24,0.16,-34.24,-3.11,-10.00
35,7,-1.00,-1.00,-1.00,-1.00,0.4723,3.1,2.58,7.36,-4.06,0.56,-47.70,-1.16,-10.00
35,7,-1.00,-1.00,-1.00,-1.00,0.3132,4.3,3.03,11.62,22.00,0.36,-34.27,0.01,-10.00
35,7,969.90,423.52,1134.21,566.87,0.2881,2.3,1.99,5.23,3.92,1.69,22.76,-1.57,-10.00
35,7,-1.00,-1.00,-1.00,-1.00,0.1977,2.0,2.28,5.70,41.77,-1.32,-12.95,2.95,-10.00
35,7,-1.00,-1.00,-1.00,-1.00,0.1363,1.9,2.26,5.60,-32.71,1.24,-25.01,1.62,-10.00
35,7,-1.00,-1.00,-1.00,-1.00,0.1217,1.9,2.24,6.02,-21.70,2.63,7.69,1.55,-10.00
36,7,-1.00,-1.00,-1.00,-1.00,0.9201,2.1,2.15,5.94,14.75,0.42,-14.19,-1.58,-10.00
36,7,-1.00,-1.00,-1.00,-1.00,0.7138,3.9,2.91,9.84,-0.49,0.52,-32.83,-1.58,-10.00
36,7,-1.00,-1.00,-1.00,-1.00,0.2786,3.1,2.57,7.34,-3.35,0.29,-49.51,-1.21,-10.00
36,7,-1.00,-1.00,-1.00,-1.00,0.1772,3.8,2.78,7.46,15.42,-0.46,-37.84,-3.10,-10.00
36,7,988.47,419.04,1201.91,582.99,0.1628,2.1,1.99,5.24,3.79,1.59,18.74,-1.58,-10.00
36,7,64.38,432.87,246.59,527.49,0.1063,3.3,2.70,7.37,-25.69,2.18,48.46,1.63,-10.00
36,7,-1.00,-1.00,-1.00,-1.00,0.1062,2.2,2.42,5.92,29.20,-1.08,-38.04,0.01,-10.00
36,7,-1.00,-1.00,-1.00,-1.00,0.1020,1.9,1.98,5.32,3.51,1.18,-10.87,-1.51,-10.00
37,7,-1.00,-1.00,-1.00,-1.00,0.9108,2.0,2.15,5.91,14.61,0.25,-17.99,-1.56,-10.00
37,7,-1.00,-1.00,-1.00,-1.00,0.7423,4.0,2.94,10.26,-0.57,0.38,-34.48,-1.53,-10.00
37,7,-1.00,-1.00,-1.00,-1.00,0.4276,3.8,2.84,8.45,16.02,-0.07,-42.01,-3.13,-10.00
37,7,-1.00,-1.00,-1.00,-1.00,0.2276,3.5,2.63,7.69,-3.03,0.13,-51.34,-1.22,-10.00
37,7,1014.08,409.03,1310.91,633.19,0.1986,2.2,2.03,5.47,3.68,1.73,14.94,-1.57,-10.00
37,7,-1.00,-1.00,-1.00,-1.00,0.1421,1.9,2.13,5.78,7.77,1.56,-6.01,-1.57,-10.00
37,7,0.00,513.72,177.15,598.52,0.1388,1.9,2.26,5.99,-19.09,3.09,31.70,1.55,-10.00
37,7,1590.48,448.15,1600.00,508.70,0.1317,1.9,2.11,5.52,29.27,1.26,42.40,3.11,-10.00
37,7,-1.00,-1.00,-1.00,-1.00,0.1210,2.0,2.15,5.30,-25.56,1.34,-24.30,-3.08,-10.00
37,7,-1.00,-1.00,-1.00,-1.00,0.1123,1.9,2.11,5.89,-28.15,1.56,-22.04,-1.50,-10.00
38,7,-1.00,-1.00,-1.00,-1.00,0.7478,2.3,2.30,6.16,14.60,0.10,-22.21,-1.56,-10.00
38,7,-1.00,-1.00,-1.00,-1.00,0.7325,3.8,2.86,9.98,-0.61,0.55,-36.33,-1.57,-10.00
38,7,-1.00,-1.00,-1.00,-1.00,0.7020,4.0,2.94,8.93,15.80,0.16,-46.04,3.12,-10.00
38,7,-1.00,-1.00,-1.00,-1.00,0.2283,1.9,2.03,5.28,3.23,1.06,-18.85,-1.54,-10.00
38,7,1566.20,390.84,1600.00,516.46,0.1118,3.9,3.04,10.66,30.92,1.47,41.73,3.13,-10.00
38,7,-1.00,-1.00,-1.00,-1.00,0.1073,2.0,2.17,5.65,-19.03,1.95,-25.81,1.58,-10.00
38,7,-1.00,-1.00,-1.00,-1.00,0.1016,2.1,2.25,5.88,-19.57,2.75,16.80,1.52,-10.00
39,7,-1.00,-1.00,-1.00,-1.00,0.7793,2.1,2.22,6.05,14.37,0.24,-25.40,-1.55,-10.00
39,7,-1.00,-1.00,-1.00,-1.00,0.7615,3.7,2.82,9.39,-0.62,0.50,-36.94,-1.59,-10.00
39,7,-1.00,-1.00,-1.00,-1.00,0.4327,4.1,3.03,10.41,17.27,-0.05,-49.45,3.12,-10.00
39,7,-1.00,-1.00,-1.00,-1.00,0.1825,2.0,2.07,5.47,3.19,1.17,-22.17,-1.55,-10.00
39,7,-1.00,-1.00,-1.00,-1.00,0.1754,2.0,2.22,5.61,-15.69,2.09,-29.35,1.56,-10.00
39,7,-1.00,-1.00,-1.00,-1.00,0.1647,3.1,2.62,6.57,-12.09,1.32,-18.02,1.55,-10.00
39,7,1471.02,394.04,1600.00,528.13,0.1186,2.8,2.35,6.40,18.21,1.36,30.09,-1.52,-10.00
39,7,99.57,465.59,268.00,536.49,0.1127,1.9,2.13,5.50,-18.99,1.97,37.38,1.58,-10.00
39,7,-1.00,-1.00,-1.00,-1.00,0.1072,2.0,2.23,5.68,-19.27,2.65,13.38,1.53,-10.00
40,7,-1.00,-1.00,-1.00,-1.00,0.7917,3.9,2.88,9.77,-0.93,0.46,-38.51,-1.58,-10.00
40,7,-1.00,-1.00,-1.00,-1.00,0.6610,2.1,2.23,5.99,14.25,-0.01,-30.37,-1.55,-10.00
40,7,0.00,491.66,188.42,574.68,0.6145,1.9,2.18,5.89,-18.93,2.57,31.89,1.60,-10.00
40,7,-1.00,-1.00,-1.00,-1.00,0.2464,2.0,2.22,5.65,-20.95,2.46,0.67,1.41,-10.00
40,7,-1.00,-1.00,-1.00,-1.00,0.1819,2.0,2.05,5.33,3.11,0.92,-26.76,-1.53,-10.00
40,7,173.97,472.99,345.17,528.62,0.1575,2.0,2.25,5.52,-21.48,2.20,47.70,-0.16,-10.00
40,7,-1.00,-1.00,-1.00,-1.00,0.1449,2.0,2.15,5.69,-11.99,2.21,12.63,1.57,-10.00
40,7,-1.00,-1.00,-1.00,-1.00,0.1402,2.3,2.43,6.45,-41.91,2.97,33.92,-1.57,-10.00
40,7,-1.00,-1.00,-1.00,-1.00,0.1173,2.0,2.34,5.77,-38.79,3.13,15.98,-1.56,-10.00
40,7,1356.14,0.00,1600.00,900.00,0.1110,2.2,2.02,5.39,3.46,1.35,2.96,-1.58,-10.00
