0,7,-1.00,-1.00,-1.00,-1.00,0.7173,3.4,2.69,7.86,5.48,1.67,-25.92,-1.54,-10.00
0,7,463.92,385.18,574.20,469.82,0.4944,2.3,2.20,5.77,-7.79,0.88,37.37,-1.61,-10.00
0,7,527.46,423.68,693.92,487.78,0.1876,2.2,2.29,5.70,-6.27,1.73,44.89,-0.18,-10.00
0,7,-1.00,-1.00,-1.00,-1.00,0.1700,3.1,2.78,7.09,-29.81,-1.24,-40.67,1.66,-10.00
0,7,0.00,223.25,429.47,541.23,0.1595,3.6,2.99,10.01,-8.52,1.21,19.49,-1.55,-10.00
0,7,1158.02,403.46,1321.73,524.12,0.1426,3.5,2.86,7.97,14.28,2.51,40.51,1.64,-10.00
0,7,-1.00,-1.00,-1.00,-1.00,0.1357,2.2,2.36,5.93,-27.97,-0.23,33.54,3.12,-10.00
0,7,-1.00,-1.00,-1.00,-1.00,0.1353,1.9,2.11,5.57,-0.50,1.44,-24.02,-1.57,-10.00
0,7,986.85,436.74,1160.22,500.66,0.1317,2.1,2.24,5.55,9.96,2.13,44.18,-3.14,-10.00
0,7,1096.26,429.85,1276.65,495.80,0.1235,2.2,2.22,5.60,13.93,1.96,44.23,3.13,-10.00
0,7,-1.00,-1.00,-1.00,-1.00,0.1142,2.1,2.14,5.26,13.46,1.73,-6.22,-1.59,-10.00
0,7,-1.00,-1.00,-1.00,-1.00,0.1080,3.9,3.09,8.32,-31.75,-0.52,-37.77,0.12,-10.00
0,7,1179.25,247.16,1543.31,533.39,0.1045,4.1,2.63,7.60,9.41,1.39,21.87,-1.60,-10.00
0,7,-1.00,-1.00,-1.00,-1.00,0.1018,3.0,2.46,6.27,6.96,1.57,-47.92,3.09,-10.00
1,7,-1.00,-1.00,-1.00,-1.00,0.9328,3.9,2.76,7.29,5.72,1.46,-30.79,-1.58,-10.00
1,7,1308.98,396.84,1600.00,550.10,0.4893,2.4,2.25,5.76,11.81,1.78,22.70,-1.61,-10.00
1,7,409.24,376.95,537.32,474.76,0.4050,2.3,2.16,5.71,-7.94,0.88,32.59,-1.63,-10.00
1,7,-1.00,-1.00,-1.00,-1.00,0.2883,4.0,2.91,10.05,6.00,1.24,-36.55,-1.62,-10.00
1,7,1389.15,334.67,1600.00,557.62,0.1848,3.3,2.73,8.06,14.37,1.82,22.97,-1.61,-10.00
1,7,-1.00,-1.00,-1.00,-1.00,0.1667,3.3,2.81,6.55,-29.02,-0.41,-46.53,-0.02,-10.00
1,7,-1.00,-1.00,-1.00,-1.00,0.1626,3.2,2.66,6.10,-28.45,-0.11,-43.34,0.01,-10.00
1,7,-1.00,-1.00,-1.00,-1.00,0.1331,3.8,2.92,7.75,8.48,1.48,-34.23,-0.01,-10.00
1,7,-1.00,-1.00,-1.00,-1.00,0.1295,3.5,2.84,7.84,5.68,1.54,-49.76,1.57,-10.00
1,7,255.16,382.19,459.30,453.88,0.1206,1.9,2.13,5.10,-12.15,0.43,36.02,3.11,-10.00
1,7,-1.00,-1.00,-1.00,-1.00,0.1166,3.7,3.00,7.78,-25.76,0.62,30.66,-1.58,-10.00
1,7,-1.00,-1.00,-1.00,-1.00,0.1121,3.4,3.10,7.55,-42.64,-0.29,-9.31,-1.54,-10.00
2,7,-1.00,-1.00,-1.00,-1.00,0.9130,3.9,2.65,7.15,5.78,1.46,-35.27,-1.56,-10.00
2,7,333.56,361.24,486.84,469.31,0.6683,2.1,2.20,5.80,-8.14,0.64,27.92,-1.68,-10.00
2,7,1411.63,331.74,1600.00,549.92,0.4817,2.6,2.30,5.74,11.65,1.37,18.15,-1.61,-10.00
2,7,469.02,365.86,612.64,492.38,0.2411,3.0,2.86,7.99,-6.39,1.32,34.03,-1.65,-10.00
2,7,-1.00,-1.00,-1.00,-1.00,0.2068,3.3,2.95,7.03,-29.04,0.10,-49.97,1.59,-10.00
2,7,1587.33,317.13,1600.00,609.35,0.1857,3.2,2.64,7.47,14.59,1.88,17.52,-1.50,-10.00
2,7,-1.00,-1.00,-1.00,-1.00,0.1374,2.0,2.16,5.45,-13.70,0.84,-30.77,-3.12,-10.00
2,7,-1.00,-1.00,-1.00,-1.00,0.1333,4.3,3.06,10.02,6.63,0.97,-45.38,1.53,-10.00
2,7,482.84,371.43,564.44,465.43,0.1246,3.4,2.92,8.15,-10.43,1.03,50.70,1.40,-10.00
2,7,1261.81,324.91,1520.35,431.20,0.1232,3.1,2.47,6.71,18.36,-0.25,38.63,0.01,-10.00
2,7,1310.31,335.55,1600.00,496.37,0.1141,3.1,2.56,6.96,14.84,1.13,26.11,0.00,-10.00
2,7,1395.60,391.79,1600.00,518.94,0.1140,2.1,2.16,5.67,14.36,1.38,22.81,-0.01,-10.00
2,7,636.90,422.20,716.74,490.23,0.1137,2.2,2.28,6.22,-3.80,1.74,44.87,1.57,-10.00
2,7,-1.00,-1.00,-1.00,-1.00,0.1083,2.9,2.63,7.02,3.70,1.45,-45.32,1.55,-10.00
2,7,-1.00,-1.00,-1.00,-1.00,0.1019,2.2,2.48,6.07,-9.21,2.41,-44.44,1.56,-10.00
2,7,-1.00,-1.00,-1.00,-1.00,0.1017,3.3,2.94,8.81,-21.17,0.71,-39.20,1.56,-10.00
3,7,-1.00,-1.00,-1.00,-1.00,0.8577,3.9,2.70,6.89,5.96,1.80,-39.93,-1.56,-10.00
3,7,228.89,338.94,438.77,472.08,0.7744,2.1,2.17,5.85,-8.13,0.57,23.36,-1.65,-10.00
3,7,1578.52,388.22,1600.00,631.99,0.6794,2.1,2.19,5.89,11.64,1.68,13.73,-1.61,-10.00
3,7,418.53,339.89,590.38,492.67,0.3097,3.0,2.93,8.64,-6.28,1.12,29.47,-1.68,-10.00
3,7,-1.00,-1.00,-1.00,-1.00,0.3016,3.9,2.90,9.62,6.08,2.01,-45.97,-1.59,-10.00
3,7,-1.00,-1.00,-1.00,-1.00,0.1567,3.6,2.86,8.13,19.78,1.75,-0.51,-1.58,-10.00
3,7,-1.00,-1.00,-1.00,-1.00,0.1537,2.9,2.55,6.08,3.53,1.79,-40.09,1.54,-10.00
3,7,-1.00,-1.00,-1.00,-1.00,0.1529,2.9,2.58,6.53,-41.94,-0.42,-24.70,1.61,-10.00
3,7,1007.05,431.92,1101.92,513.79,0.1528,3.0,2.55,6.71,10.43,2.80,49.80,1.61,-10.00
3,7,-1.00,-1.00,-1.00,-1.00,0.1396,3.4,3.09,8.59,-33.66,1.47,-17.86,1.55,-10.00
3,7,744.60,441.19,898.36,508.00,0.1371,2.5,2.46,5.89,1.30,2.68,49.65,3.11,-10.00
3,7,-1.00,-1.00,-1.00,-1.00,0.1368,3.3,2.73,6.19,-22.52,0.13,-44.46,0.01,-10.00
3,7,-1.00,-1.00,-1.00,-1.00,0.1305,1.9,2.11,5.27,-21.16,0.56,2.42,0.03,-10.00
3,7,-1.00,-1.00,-1.00,-1.00,0.1298,2.5,2.36,6.23,9.16,1.88,-39.20,-1.57,-10.00
3,7,-1.00,-1.00,-1.00,-1.00,0.1173,1.9,2.14,5.44,-8.25,1.32,-10.16,-0.08,-10.00
4,7,78.08,329.97,384.61,504.16,0.8517,2.2,2.24,6.20,-8.01,0.86,19.09,-1.64,-10.00
4,7,-1.00,-1.00,-1.00,-1.00,0.8248,3.3,2.81,7.60,5.95,0.99,-44.86,-1.61,-10.00
4,7,-1.00,-1.00,-1.00,-1.00,0.8128,2.1,2.20,5.86,11.77,1.73,9.22,-1.61,-10.00
4,7,384.79,359.88,579.04,517.80,0.5301,2.7,2.69,7.31,-5.77,1.38,25.11,-1.66,-10.00
4,7,265.19,381.26,558.00,483.30,0.2070,2.0,2.22,5.51,-7.69,0.90,26.41,3.06,-10.00
4,7,-1.00,-1.00,-1.00,-1.00,0.1850,3.6,2.89,8.59,6.21,1.07,-50.50,1.52,-10.00
4,7,-1.00,-1.00,-1.00,-1.00,0.1429,1.9,2.09,5.59,-12.95,0.29,-24.80,-0.05,-10.00
4,7,961.10,414.49,1158.43,511.32,0.1421,3.5,2.75,6.85,10.21,2.68,47.73,0.01,-10.00
4,7,-1.00,-1.00,-1.00,-1.00,0.1396,2.8,2.62,6.51,28.47,-0.94,35.67,3.12,-10.00
4,7,-1.00,-1.00,-1.00,-1.00,0.1265,1.9,2.07,5.37,-7.81,1.14,-14.79,-0.08,-10.00
4,7,166.39,386.59,425.59,474.86,0.1244,2.1,2.23,5.75,-12.42,0.90,32.29,3.09,-10.00
4,7,405.82,366.61,566.60,490.79,0.1189,2.5,2.52,6.78,-6.71,1.10,29.15,-1.64,-10.00
4,7,238.27,337.91,500.59,442.49,0.1156,3.3,2.73,7.86,-13.86,0.12,42.37,-3.13,-10.00
4,7,187.49,379.53,436.46,457.44,0.1063,2.1,2.22,6.08,-13.10,0.51,35.17,3.11,-10.00
4,7,-1.00,-1.00,-1.00,-1.00,0.1026,2.1,2.20,5.40,-13.35,0.81,-29.38,-0.09,-10.00
5,7,-1.00,-1.00,-1.00,-1.00,0.7521,3.7,2.77,6.53,6.30,0.19,-48.48,-1.62,-10.00
5,7,-1.00,-1.00,-1.00,-1.00,0.7020,2.1,2.22,5.86,11.66,1.68,4.83,-1.62,-10.00
5,7,0.00,303.71,283.26,554.06,0.5836,2.2,2.31,6.40,-8.12,1.07,14.58,-1.62,-10.00
5,7,237.26,353.48,515.83,560.25,0.5723,2.6,2.82,8.50,-6.07,1.57,20.20,-1.72,-10.00
5,7,477.06,425.76,605.56,534.27,0.2821,3.0,2.94,7.32,-7.42,2.73,39.18,1.51,-10.00
5,7,0.00,304.80,215.16,438.98,0.1567,3.8,2.93,6.95,-21.30,-0.01,37.88,-0.00,-10.00
5,7,-1.00,-1.00,-1.00,-1.00,0.1385,2.5,2.29,6.04,-11.84,-0.08,-32.26,-0.05,-10.00
5,7,662.54,477.11,848.65,545.03,0.1340,1.9,2.09,5.34,-0.94,3.08,37.33,-0.06,-10.00
5,7,980.75,436.13,1219.08,550.09,0.1302,3.5,2.70,6.84,9.85,3.45,40.14,-0.06,-10.00
5,7,-1.00,-1.00,-1.00,-1.00,0.1185,1.9,2.14,5.64,-7.82,0.88,-22.45,-0.24,-10.00
5,7,-1.00,-1.00,-1.00,-1.00,0.1010,3.7,2.76,7.96,14.31,1.38,-12.77,1.51,-10.00
6,7,57.64,324.66,450.33,611.14,0.7868,2.7,2.81,7.96,-6.10,1.66,16.00,-1.74,-10.00
6,7,0.00,252.26,115.34,641.48,0.7188,2.2,2.31,6.41,-8.17,1.17,10.35,-1.65,-10.00
6,7,-1.00,-1.00,-1.00,-1.00,0.4956,2.3,2.24,5.97,11.58,1.53,0.43,-1.60,-10.00
6,7,534.73,394.65,693.88,457.81,0.3990,2.3,2.21,5.74,-6.36,0.71,47.19,3.07,-10.00
6,7,1033.51,395.94,1145.67,464.59,0.2757,2.3,2.36,6.04,10.98,0.93,46.31,-1.63,-10.00
6,7,427.59,389.13,558.55,487.45,0.2100,2.4,2.44,5.90,-7.82,1.24,34.31,-1.62,-10.00
6,7,-1.00,-1.00,-1.00,-1.00,0.1593,3.5,2.99,7.72,-42.33,0.85,6.65,-1.57,-10.00
6,7,-1.00,-1.00,-1.00,-1.00,0.1413,3.0,2.72,7.82,6.11,2.03,-52.30,-1.52,-10.00
6,7,-1.00,-1.00,-1.00,-1.00,0.1193,4.0,3.02,9.50,-26.40,1.42,-30.43,-1.62,-10.00
6,7,0.00,288.48,131.94,438.84,0.1162,3.7,2.93,7.56,-21.89,-0.02,33.41,-0.01,-10.00
6,7,-1.00,-1.00,-1.00,-1.00,0.1125,2.0,2.15,5.53,-17.82,0.45,-42.04,-1.44,-10.00
7,7,0.00,248.67,343.79,700.02,0.8916,2.6,2.79,8.00,-6.14,1.56,11.52,-1.76,-10.00
7,7,-1.00,-1.00,-1.00,-1.00,0.7569,2.1,2.20,6.07,11.59,1.42,-4.03,-1.60,-10.00
7,7,-1.00,-1.00,-1.00,-1.00,0.6951,2.2,2.32,6.49,-8.13,1.06,5.74,-1.62,-10.00
7,7,367.69,408.24,531.57,505.64,0.5576,2.1,2.13,5.59,-7.74,1.45,29.68,-1.53,-10.00
7,7,527.65,407.40,722.68,505.91,0.1792,3.2,2.70,6.35,-5.38,2.23,42.97,-0.04,-10.00
7,7,-1.00,-1.00,-1.00,-1.00,0.1568,3.2,2.86,6.91,-34.26,0.67,41.55,3.14,-10.00
7,7,-1.00,-1.00,-1.00,-1.00,0.1358,2.0,2.14,5.76,-7.48,1.26,-31.54,-0.10,-10.00
7,7,510.95,420.17,709.01,504.29,0.1183,2.9,2.65,6.89,-6.32,2.33,45.79,-0.10,-10.00
8,7,0.00,0.00,171.25,900.00,0.8348,2.9,2.91,8.73,-6.17,1.60,6.93,-1.77,-10.00
8,7,-1.00,-1.00,-1.00,-1.00,0.7620,2.2,2.32,6.47,-8.12,1.08,1.22,-1.64,-10.00
8,7,-1.00,-1.00,-1.00,-1.00,0.4462,2.5,2.39,6.35,11.83,1.62,-8.69,-1.62,-10.00
8,7,277.70,396.99,487.77,516.30,0.3579,2.1,2.26,5.72,-7.87,1.41,25.35,-1.55,-10.00
8,7,458.32,388.58,672.83,491.45,0.3527,3.0,2.45,6.09,-6.58,1.56,38.23,-0.04,-10.00
8,7,-1.00,-1.00,-1.00,-1.00,0.1425,3.7,3.10,9.16,-36.00,0.77,37.11,-0.02,-10.00
8,7,630.81,425.16,706.61,519.44,0.1338,3.5,2.78,6.84,-4.65,3.08,50.90,-1.63,-10.00
8,7,1243.04,453.36,1522.97,543.46,0.1213,1.9,2.17,5.16,12.99,2.23,27.69,3.05,-10.00
8,7,-1.00,-1.00,-1.00,-1.00,0.1207,2.0,2.18,5.95,-7.64,0.32,-35.66,-0.04,-10.00
8,7,164.46,332.35,355.06,419.97,0.1152,3.3,2.59,6.41,-20.70,-0.76,49.84,0.01,-10.00
8,7,0.00,246.42,196.02,445.37,0.1114,4.2,4.08,19.39,-23.80,0.18,37.13,1.55,-10.00
8,7,-1.00,-1.00,-1.00,-1.00,0.1089,2.8,2.41,6.47,20.10,1.97,-22.43,1.50,-10.00
8,7,-1.00,-1.00,-1.00,-1.00,0.1079,3.8,2.67,6.66,9.88,1.16,-26.91,1.52,-10.00
8,7,962.47,409.65,1115.17,471.14,0.1050,2.3,2.25,5.46,9.86,1.27,49.65,3.04,-10.00
8,7,-1.00,-1.00,-1.00,-1.00,0.1011,3.2,2.92,7.61,-42.30,0.51,-7.14,1.52,-10.00
9,7,-1.00,-1.00,-1.00,-1.00,0.8970,3.0,2.80,8.74,-6.03,1.63,2.26,-1.78,-10.00
9,7,-1.00,-1.00,-1.00,-1.00,0.8726,2.0,2.21,5.97,11.75,1.59,-13.22,-1.60,-10.00
9,7,-1.00,-1.00,-1.00,-1.00,0.6546,2.2,2.37,6.51,-8.17,1.22,-3.13,-1.64,-10.00
9,7,152.61,370.18,434.38,517.75,0.6251,2.1,2.24,6.10,-7.85,1.15,20.98,-1.56,-10.00
9,7,964.67,404.33,1051.31,464.07,0.4303,2.0,2.20,5.49,7.97,0.91,45.99,-1.57,-10.00
9,7,433.07,410.02,681.06,520.76,0.3003,2.8,2.48,6.11,-5.96,2.10,33.48,-0.01,-10.00
9,7,-1.00,-1.00,-1.00,-1.00,0.1518,3.6,2.74,7.15,14.50,1.64,-48.60,-1.61,-10.00
9,7,-1.00,-1.00,-1.00,-1.00,0.1306,3.9,3.10,7.04,-34.05,0.63,32.45,-0.00,-10.00
9,7,612.90,420.33,707.72,517.25,0.1247,3.3,2.79,7.48,-4.56,2.74,47.00,1.57,-10.00
9,7,-1.00,-1.00,-1.00,-1.00,0.1216,4.0,2.73,6.20,9.59,1.01,-31.94,1.58,-10.00
9,7,82.89,313.75,252.61,428.52,0.1055,3.7,2.93,7.46,-22.50,-0.42,46.43,1.51,-10.00
10,7,-1.00,-1.00,-1.00,-1.00,0.8417,2.9,2.81,8.28,-6.02,1.36,-1.94,-1.75,-10.00
10,7,0.00,335.97,387.38,536.90,0.8204,2.1,2.25,6.06,-7.49,1.06,16.45,-1.50,-10.00
10,7,-1.00,-1.00,-1.00,-1.00,0.5092,2.2,2.31,6.33,-8.13,0.93,-8.06,-1.62,-10.00
10,7,377.28,373.08,655.35,482.66,0.4653,2.4,2.24,5.91,-6.07,0.98,28.98,-0.03,-10.00
10,7,-1.00,-1.00,-1.00,-1.00,0.4096,2.1,2.11,5.52,11.65,1.69,-18.10,-1.60,-10.00
10,7,525.29,414.89,750.66,522.12,0.2408,3.3,2.68,6.89,-4.66,2.60,40.61,0.01,-10.00
10,7,994.51,398.26,1095.29,468.50,0.2147,2.1,2.27,5.27,8.30,0.94,41.11,-1.56,-10.00
10,7,-1.00,-1.00,-1.00,-1.00,0.1730,4.1,2.97,8.48,9.57,1.24,-34.55,1.55,-10.00
10,7,436.50,313.99,558.71,428.31,0.1130,4.0,2.96,8.58,-11.36,-0.47,50.55,-1.58,-10.00
10,7,154.94,352.34,399.36,432.24,0.1097,2.0,2.13,5.70,-13.58,-0.19,33.97,-0.08,-10.00
10,7,824.82,408.81,984.13,473.64,0.1088,2.4,2.32,5.87,4.48,1.33,48.73,-0.02,-10.00
10,7,-1.00,-1.00,-1.00,-1.00,0.1054,2.0,2.19,5.90,-11.30,1.22,-21.27,2.52,-10.00
10,7,1447.58,408.99,1600.00,555.09,0.1009,2.0,2.15,5.27,12.92,1.62,18.59,-0.04,-10.00
10,7,932.44,413.07,1097.00,479.30,0.1008,2.5,2.38,5.93,8.79,1.56,49.10,-0.02,-10.00
11,7,-1.00,-1.00,-1.00,-1.00,0.8867,2.8,2.77,8.36,-6.04,1.44,-6.55,-1.75,-10.00
11,7,0.00,296.39,240.04,601.73,0.8445,2.1,2.14,5.70,-7.42,1.14,11.54,-1.52,-10.00
11,7,324.60,384.37,660.30,506.58,0.7883,2.2,2.27,6.01,-5.57,1.26,24.58,-0.02,-10.00
11,7,1028.93,420.73,1144.39,497.95,0.7384,2.1,2.14,5.71,8.67,1.64,37.03,-1.55,-10.00
11,7,-1.00,-1.00,-1.00,-1.00,0.6684,2.1,2.21,6.17,11.46,1.50,-22.70,-1.61,-10.00
11,7,-1.00,-1.00,-1.00,-1.00,0.3642,2.2,2.35,6.30,-8.20,1.05,-12.08,-1.63,-10.00
11,7,-1.00,-1.00,-1.00,-1.00,0.2614,3.8,2.82,9.21,-8.73,1.32,-33.39,1.53,-10.00
11,7,-1.00,-1.00,-1.00,-1.00,0.1790,2.7,2.59,5.95,-43.44,-0.71,25.17,-0.08,-10.00
11,7,-1.00,-1.00,-1.00,-1.00,0.1666,3.2,2.60,6.84,-33.84,-0.40,23.82,0.02,-10.00
11,7,1002.00,423.49,1197.85,489.72,0.1494,2.1,2.23,6.09,10.49,1.69,42.68,-3.10,-10.00
11,7,41.83,349.36,213.57,411.27,0.1493,2.3,2.35,5.49,-25.86,-1.11,49.72,3.09,-10.00
11,7,478.15,394.03,692.26,467.93,0.1446,2.0,2.19,5.78,-5.59,0.81,35.62,-0.10,-10.00
11,7,-1.00,-1.00,-1.00,-1.00,0.1426,3.7,2.91,9.45,23.50,1.28,-0.23,-1.59,-10.00
11,7,-1.00,-1.00,-1.00,-1.00,0.1408,2.0,2.17,5.21,13.39,1.67,13.82,-0.10,-10.00
11,7,-1.00,-1.00,-1.00,-1.00,0.1324,1.9,2.12,5.23,-22.20,0.67,0.49,-3.14,-10.00
11,7,-1.00,-1.00,-1.00,-1.00,0.1279,2.1,2.17,5.66,-8.73,0.81,-48.88,0.00,-10.00
11,7,-1.00,-1.00,-1.00,-1.00,0.1200,2.0,2.21,5.57,-21.77,0.63,5.62,-0.02,-10.00
11,7,1188.96,397.86,1381.51,489.69,0.1139,2.0,2.22,5.77,11.86,1.15,30.58,-1.60,-10.00
11,7,-1.00,-1.00,-1.00,-1.00,0.1076,3.2,2.70,6.94,-42.17,-0.90,-9.80,-3.08,-10.00
11,7,967.99,397.26,1070.26,492.19,0.1005,3.1,2.75,7.42,8.26,1.82,45.73,1.63,-10.00
12,7,-1.00,-1.00,-1.00,-1.00,0.8884,2.1,2.12,5.68,-7.41,1.19,6.98,-1.52,-10.00
12,7,-1.00,-1.00,-1.00,-1.00,0.8226,2.9,2.82,8.41,-6.00,1.25,-11.25,-1.81,-10.00
12,7,1046.40,423.23,1190.13,510.47,0.7746,2.0,2.21,6.07,8.40,1.72,32.65,-1.55,-10.00
12,7,172.35,366.41,599.72,520.95,0.7221,2.3,2.29,6.02,-6.11,1.23,19.93,-0.05,-10.00
12,7,-1.00,-1.00,-1.00,-1.00,0.5294,2.1,2.27,6.17,11.84,1.65,-27.64,1.56,-10.00
12,7,-1.00,-1.00,-1.00,-1.00,0.3277,2.2,2.25,6.17,-7.99,1.11,-16.57,-1.65,-10.00
12,7,1257.26,409.43,1488.84,523.93,0.3229,2.0,2.11,5.79,11.54,1.55,25.43,-1.54,-10.00
12,7,1016.27,418.72,1223.52,488.59,0.2092,2.1,2.22,5.84,10.30,1.52,39.34,3.10,-10.00
12,7,463.83,379.24,628.22,436.97,0.1547,2.1,2.17,5.74,-8.98,-0.07,47.49,0.01,-10.00
12,7,-1.00,-1.00,-1.00,-1.00,0.1524,2.1,2.19,5.68,-8.25,1.63,-50.72,-0.01,-10.00
12,7,-1.00,-1.00,-1.00,-1.00,0.1351,3.6,2.86,7.74,21.70,2.27,11.76,0.00,-10.00
12,7,-1.00,-1.00,-1.00,-1.00,0.1350,4.1,3.97,14.43,-38.93,0.84,12.38,1.57,-10.00
12,7,-1.00,-1.00,-1.00,-1.00,0.1180,3.5,2.91,8.50,-22.06,-0.99,-46.68,1.59,-10.00
12,7,1127.18,414.17,1294.68,503.93,0.1071,2.1,2.27,6.18,10.86,1.58,32.94,-1.57,-10.00
12,7,0.00,326.18,152.71,527.83,0.1037,2.2,2.33,5.99,-10.94,0.99,16.61,1.54,-10.00
12,7,-1.00,-1.00,-1.00,-1.00,0.1034,2.3,2.25,5.57,-43.60,-1.03,20.32,-0.07,-10.00
13,7,1071.85,422.61,1244.60,524.70,0.8829,2.0,2.17,5.99,8.10,1.75,28.22,-1.56,-10.00
13,7,-1.00,-1.00,-1.00,-1.00,0.8658,2.1,2.22,6.19,-7.41,1.23,2.66,-1.52,-10.00
13,7,0.00,365.98,539.33,565.83,0.8489,2.2,2.28,6.02,-6.23,1.42,15.29,-0.02,-10.00
13,7,-1.00,-1.00,-1.00,-1.00,0.7993,2.8,2.80,7.86,-5.85,1.03,-15.50,-1.78,-10.00
13,7,-1.00,-1.00,-1.00,-1.00,0.4191,2.2,2.27,6.13,12.13,1.22,-31.96,1.55,-10.00
13,7,1325.31,431.53,1600.00,578.05,0.3251,2.1,2.15,5.97,11.39,2.03,21.19,-1.57,-10.00
13,7,-1.00,-1.00,-1.00,-1.00,0.3011,2.3,2.36,6.27,-7.82,0.68,-21.80,-1.63,-10.00
13,7,-1.00,-1.00,-1.00,-1.00,0.1769,3.8,3.29,12.55,-21.62,-1.92,-49.15,1.53,-10.00
13,7,-1.00,-1.00,-1.00,-1.00,0.1560,2.4,2.37,6.02,23.44,-0.81,-37.05,-0.00,-10.00
13,7,157.22,382.99,553.77,520.47,0.1521,2.1,2.20,5.84,-6.88,1.30,20.83,-0.12,-10.00
13,7,387.50,383.85,532.67,488.28,0.1493,2.6,2.55,6.67,-8.80,1.27,34.80,-1.62,-10.00
13,7,1005.97,457.38,1091.17,522.58,0.1443,2.3,2.30,6.07,9.96,3.06,48.52,1.62,-10.00
13,7,-1.00,-1.00,-1.00,-1.00,0.1400,2.3,2.39,6.17,24.36,-0.25,21.00,3.12,-10.00
13,7,0.00,325.99,50.73,430.89,0.1287,3.1,2.68,6.74,-27.50,-0.27,40.01,-0.02,-10.00
13,7,-1.00,-1.00,-1.00,-1.00,0.1131,3.3,2.80,7.64,24.97,-0.59,-44.77,3.14,-10.00
13,7,85.07,362.42,577.31,519.47,0.1119,2.1,2.25,6.46,-6.48,1.13,18.69,-0.06,-10.00
13,7,258.92,303.01,464.48,446.89,0.1067,3.6,2.89,9.44,-12.02,0.24,36.87,1.56,-10.00
13,7,-1.00,-1.00,-1.00,-1.00,0.1007,2.9,2.59,6.97,-21.82,-2.00,-50.78,-0.05,-10.00
14,7,-1.00,-1.00,-1.00,-1.00,0.8604,2.1,2.27,6.37,-7.35,1.17,-1.87,-1.52,-10.00
14,7,0.00,317.17,451.96,622.72,0.8298,2.3,2.27,6.06,-6.19,1.40,10.77,-0.01,-10.00
14,7,1121.27,404.16,1338.28,530.64,0.7727,2.1,2.15,5.86,8.02,1.53,23.58,-1.54,-10.00
14,7,1453.77,392.23,1600.00,590.66,0.5893,2.1,2.22,6.05,11.42,1.64,16.42,-1.59,-10.00
14,7,-1.00,-1.00,-1.00,-1.00,0.5671,2.4,2.63,7.56,-5.88,1.20,-19.68,-1.79,-10.00
14,7,-1.00,-1.00,-1.00,-1.00,0.2716,2.3,2.47,5.89,-25.37,0.17,30.76,-0.07,-10.00
14,7,-1.00,-1.00,-1.00,-1.00,0.2307,2.5,2.49,6.24,-7.68,1.01,-27.17,-1.60,-10.00
14,7,167.22,261.00,413.45,448.10,0.2282,4.0,2.81,8.93,-12.07,0.24,31.82,1.55,-10.00
14,7,17.75,376.62,511.00,538.18,0.1379,1.9,2.08,5.56,-6.62,1.22,16.50,-0.01,-10.00
14,7,492.03,396.30,632.89,509.85,0.1354,1.9,1.93,5.07,-4.09,1.23,23.82,1.53,-10.00
14,7,240.67,360.70,632.83,491.02,0.1090,2.1,2.32,6.20,-5.88,0.87,21.96,-0.06,-10.00
14,7,-1.00,-1.00,-1.00,-1.00,0.1024,2.5,2.53,6.34,25.91,-0.31,-48.67,3.08,-10.00
15,7,-1.00,-1.00,-1.00,-1.00,0.8408,2.2,2.34,6.42,-7.38,1.32,-6.29,-1.51,-10.00
15,7,0.00,216.41,218.22,782.13,0.8130,2.2,2.24,5.90,-6.25,1.38,6.18,-0.03,-10.00
15,7,1177.35,389.80,1494.02,557.72,0.7591,2.1,2.22,6.15,7.98,1.55,19.25,-1.56,-10.00
15,7,-1.00,-1.00,-1.00,-1.00,0.6196,2.2,2.22,6.02,11.27,1.61,12.19,-1.61,-10.00
15,7,-1.00,-1.00,-1.00,-1.00,0.5493,2.5,2.65,7.81,-5.69,1.34,-24.32,-1.76,-10.00
15,7,-1.00,-1.00,-1.00,-1.00,0.2532,2.0,2.21,5.84,0.69,1.48,-28.26,-1.59,-10.00
15,7,45.73,252.73,364.44,458.38,0.1553,3.8,2.82,9.19,-12.22,0.40,27.80,-1.58,-10.00
15,7,-1.00,-1.00,-1.00,-1.00,0.1513,1.9,2.16,5.24,11.57,2.17,-31.36,-1.64,-10.00
15,7,-1.00,-1.00,-1.00,-1.00,0.1079,2.1,2.24,5.83,-7.47,0.62,-33.69,-1.56,-10.00
15,7,1498.40,305.36,1600.00,445.36,0.1017,3.2,2.65,7.19,21.86,0.15,31.09,-0.01,-10.00
16,7,-1.00,-1.00,-1.00,-1.00,0.7925,2.1,2.26,6.43,-7.31,1.13,-10.85,-1.52,-10.00
16,7,-1.00,-1.00,-1.00,-1.00,0.7851,2.4,2.60,7.31,-5.56,1.22,-28.91,-1.78,-10.00
16,7,1270.70,393.22,1600.00,618.06,0.7741,2.0,2.20,6.10,7.89,1.67,14.66,-1.57,-10.00
16,7,-1.00,-1.00,-1.00,-1.00,0.7181,2.2,2.21,5.87,-6.11,1.31,1.76,-0.06,-10.00
16,7,-1.00,-1.00,-1.00,-1.00,0.6277,2.0,2.18,5.84,11.23,1.77,7.95,-1.58,-10.00
16,7,248.73,401.24,520.85,599.29,0.1933,1.9,1.96,5.06,-4.34,1.55,14.53,1.47,-10.00
16,7,-1.00,-1.00,-1.00,-1.00,0.1525,2.4,2.52,6.61,24.20,0.30,26.88,-0.04,-10.00
16,7,-1.00,-1.00,-1.00,-1.00,0.1308,3.9,2.90,8.84,10.09,0.30,-52.38,1.55,-10.00
17,7,-1.00,-1.00,-1.00,-1.00,0.8569,2.2,2.26,6.23,-7.36,1.16,-15.12,-1.50,-10.00
17,7,1459.05,327.11,1600.00,707.38,0.6901,2.1,2.17,6.00,8.00,1.51,9.99,-1.57,-10.00
17,7,-1.00,-1.00,-1.00,-1.00,0.6838,1.9,2.10,5.78,11.23,1.71,3.28,-1.60,-10.00
17,7,-1.00,-1.00,-1.00,-1.00,0.6732,2.5,2.61,7.01,-5.73,1.29,-33.16,-1.79,-10.00
17,7,-1.00,-1.00,-1.00,-1.00,0.6722,2.3,2.25,6.02,-6.16,1.37,-2.73,-0.03,-10.00
17,7,111.06,349.65,411.68,493.47,0.2502,2.1,2.21,6.14,-8.61,0.83,21.56,-1.50,-10.00
17,7,990.38,420.65,1174.70,494.47,0.2074,2.5,2.32,5.77,10.22,1.91,43.79,2.95,-10.00
17,7,1267.90,444.97,1405.05,514.64,0.1574,2.6,2.47,5.76,21.56,2.87,49.85,1.47,-10.00
17,7,-1.00,-1.00,-1.00,-1.00,0.1434,3.5,2.77,8.01,14.46,1.73,-36.60,-1.57,-10.00
17,7,507.18,434.96,625.94,498.56,0.1245,2.2,2.37,6.22,-8.14,2.14,47.50,1.75,-10.00
17,7,0.00,350.24,313.44,484.93,0.1222,2.0,2.13,5.26,-10.54,0.69,20.02,-3.14,-10.00
17,7,128.95,377.34,459.58,489.81,0.1182,2.1,2.08,5.62,-9.43,0.96,24.61,-0.07,-10.00
17,7,-1.00,-1.00,-1.00,-1.00,0.1145,2.0,2.09,5.17,14.01,1.66,-24.43,1.58,-10.00
17,7,-1.00,-1.00,-1.00,-1.00,0.1091,2.2,2.28,5.82,21.81,0.73,1.21,1.59,-10.00
18,7,-1.00,-1.00,-1.00,-1.00,0.7601,2.2,2.29,6.01,-6.27,1.32,-7.21,-0.04,-10.00
18,7,-1.00,-1.00,-1.00,-1.00,0.7143,2.0,2.17,6.00,8.09,1.56,5.59,-1.54,-10.00
18,7,-1.00,-1.00,-1.00,-1.00,0.7096,1.9,2.13,5.84,11.29,1.65,-1.09,-1.57,-10.00
18,7,-1.00,-1.00,-1.00,-1.00,0.6270,2.1,2.26,5.99,-7.35,1.20,-19.23,-1.48,-10.00
18,7,1323.92,440.15,1474.51,503.83,0.4227,2.1,2.24,5.84,21.78,2.22,45.24,1.50,-10.00
18,7,-1.00,-1.00,-1.00,-1.00,0.3721,2.2,2.21,5.87,-25.15,0.50,12.86,-0.02,-10.00
18,7,-1.00,-1.00,-1.00,-1.00,0.3597,2.3,2.49,6.67,-5.99,1.18,-37.33,-1.79,-10.00
18,7,422.20,420.94,599.14,484.55,0.3129,2.0,2.23,5.69,-9.19,1.46,41.92,0.52,-10.00
18,7,30.43,411.02,279.57,498.62,0.1791,2.0,2.18,5.56,-16.04,1.44,32.47,2.00,-10.00
18,7,-1.00,-1.00,-1.00,-1.00,0.1452,3.5,2.93,8.70,-13.06,1.04,-41.34,3.12,-10.00
18,7,-1.00,-1.00,-1.00,-1.00,0.1230,3.6,2.87,7.21,10.45,2.16,-51.85,-1.55,-10.00
18,7,0.00,280.13,121.21,604.62,0.1127,2.3,2.35,6.03,-9.08,1.23,12.19,-1.62,-10.00
18,7,-1.00,-1.00,-1.00,-1.00,0.1042,2.4,2.51,6.22,-25.06,1.62,25.05,1.50,-10.00
18,7,-1.00,-1.00,-1.00,-1.00,0.1036,2.0,2.23,5.52,12.45,1.73,14.50,1.58,-10.00
18,7,-1.00,-1.00,-1.00,-1.00,0.1018,3.9,3.19,13.52,-36.27,0.68,10.99,-0.06,-10.00
18,7,-1.00,-1.00,-1.00,-1.00,0.1014,2.0,2.19,5.89,-4.61,1.31,-44.13,-3.06,-10.00
19,7,-1.00,-1.00,-1.00,-1.00,0.8691,2.0,2.19,6.08,8.10,1.53,1.03,-1.56,-10.00
19,7,-1.00,-1.00,-1.00,-1.00,0.6983,2.3,2.21,5.95,-6.09,1.39,-11.57,-0.05,-10.00
19,7,-1.00,-1.00,-1.00,-1.00,0.6858,2.0,2.18,5.93,11.37,1.66,-5.74,-1.57,-10.00
19,7,-1.00,-1.00,-1.00,-1.00,0.4761,2.8,2.50,5.86,-6.34,1.60,-41.57,-1.72,-10.00
19,7,1388.77,428.88,1578.40,517.72,0.4064,2.6,2.32,6.30,22.14,2.38,40.53,1.51,-10.00
19,7,-1.00,-1.00,-1.00,-1.00,0.3239,2.0,2.17,5.73,-7.58,1.28,-23.12,-1.47,-10.00
19,7,0.00,369.68,80.70,437.01,0.3134,2.2,2.25,5.69,-27.56,-0.06,43.09,0.04,-10.00
19,7,0.00,395.34,260.29,493.28,0.2284,2.1,2.20,5.60,-15.34,1.19,29.70,-1.21,-10.00
19,7,395.10,406.55,579.25,477.64,0.1864,2.0,2.13,5.40,-8.93,1.11,37.50,0.56,-10.00
19,7,-1.00,-1.00,-1.00,-1.00,0.1288,3.3,2.74,7.26,14.01,2.14,-45.12,1.60,-10.00
19,7,0.00,365.71,51.06,431.88,0.1227,2.0,2.10,5.60,-26.85,-0.23,40.25,0.03,-10.00
19,7,30.36,377.46,181.12,443.66,0.1114,2.1,2.22,5.90,-23.74,0.18,44.35,-1.60,-10.00
19,7,-1.00,-1.00,-1.00,-1.00,0.1037,3.2,2.66,6.92,-9.36,1.31,-40.65,0.03,-10.00
19,7,0.00,361.25,46.20,434.11,0.1022,2.0,2.16,5.78,-25.30,-0.15,37.14,0.03,-10.00
20,7,-1.00,-1.00,-1.00,-1.00,0.7715,2.2,2.20,5.75,-6.06,1.39,-15.86,-0.04,-10.00
20,7,-1.00,-1.00,-1.00,-1.00,0.7600,2.1,2.27,6.27,8.18,1.58,-3.28,-1.52,-10.00
20,7,-1.00,-1.00,-1.00,-1.00,0.7317,2.0,2.15,5.92,11.38,1.67,-9.99,-1.61,-10.00
20,7,-1.00,-1.00,-1.00,-1.00,0.6003,2.1,2.22,5.71,-6.27,1.24,-45.98,-1.75,-10.00
20,7,1470.32,432.84,1600.00,523.43,0.3841,2.3,2.27,6.06,22.34,2.24,35.92,1.52,-10.00
20,7,0.00,365.53,6.48,437.88,0.2325,2.1,2.24,5.63,-27.44,-0.03,38.74,0.01,-10.00
20,7,-1.00,-1.00,-1.00,-1.00,0.1728,2.1,2.18,5.47,-26.12,0.34,27.94,0.13,-10.00
20,7,-1.00,-1.00,-1.00,-1.00,0.1514,2.2,2.21,5.39,45.00,1.21,26.48,-0.02,-10.00
20,7,-1.00,-1.00,-1.00,-1.00,0.1459,3.7,2.86,7.99,13.97,1.76,-51.01,1.54,-10.00
20,7,0.00,379.48,92.82,441.78,0.1251,1.9,2.16,5.44,-25.93,0.10,41.17,-3.11,-10.00
20,7,-1.00,-1.00,-1.00,-1.00,0.1120,1.9,2.04,5.25,-25.84,0.15,32.68,3.13,-10.00
20,7,1524.96,340.17,1600.00,622.11,0.1096,2.5,2.63,6.85,11.97,1.69,14.93,-1.54,-10.00
20,7,-1.00,-1.00,-1.00,-1.00,0.1059,1.9,2.10,5.46,-16.81,1.13,17.77,-2.80,-10.00
21,7,-1.00,-1.00,-1.00,-1.00,0.7820,2.2,2.25,6.23,8.16,1.56,-7.16,-1.56,-10.00
21,7,-1.00,-1.00,-1.00,-1.00,0.7308,2.1,2.18,5.73,-6.07,1.50,-19.91,-0.03,-10.00
21,7,-1.00,-1.00,-1.00,-1.00,0.3757,3.0,2.72,6.90,43.86,2.65,20.48,1.57,-10.00
21,7,-1.00,-1.00,-1.00,-1.00,0.3357,2.0,2.27,5.79,11.31,1.61,-7.37,-1.48,-10.00
21,7,1537.46,430.50,1600.00,533.59,0.2466,2.4,2.29,6.11,22.32,2.24,32.37,-1.62,-10.00
21,7,-1.00,-1.00,-1.00,-1.00,0.2154,2.4,2.38,6.22,-8.25,1.22,-49.52,-0.05,-10.00
21,7,-1.00,-1.00,-1.00,-1.00,0.2018,2.7,2.39,6.09,11.39,1.44,-14.67,-1.61,-10.00
21,7,-1.00,-1.00,-1.00,-1.00,0.1663,2.2,2.29,5.90,-7.71,1.14,-31.89,0.17,-10.00
21,7,-1.00,-1.00,-1.00,-1.00,0.1478,2.0,2.06,5.17,-25.75,0.60,20.97,3.11,-10.00
21,7,-1.00,-1.00,-1.00,-1.00,0.1472,2.0,2.25,5.78,-26.56,0.30,23.90,0.03,-10.00
21,7,-1.00,-1.00,-1.00,-1.00,0.1300,2.7,2.40,6.39,10.95,2.09,-46.62,0.03,-10.00
21,7,-1.00,-1.00,-1.00,-1.00,0.1222,1.9,2.04,5.33,-26.91,0.21,34.62,0.01,-10.00
21,7,-1.00,-1.00,-1.00,-1.00,0.1103,2.3,2.21,5.87,-8.07,1.39,-47.99,0.11,-10.00
21,7,1426.32,403.72,1600.00,467.68,0.1079,2.2,2.29,5.81,26.04,1.00,44.58,-2.89,-10.00
21,7,-1.00,-1.00,-1.00,-1.00,0.1061,2.8,2.42,6.47,-6.05,2.01,-51.02,-1.48,-10.00
22,7,-1.00,-1.00,-1.00,-1.00,0.8046,2.1,2.27,6.24,8.18,1.53,-11.72,-1.54,-10.00
22,7,-1.00,-1.00,-1.00,-1.00,0.7474,2.1,2.21,5.80,-6.13,1.27,-24.57,-0.03,-10.00
22,7,-1.00,-1.00,-1.00,-1.00,0.4434,3.5,2.80,7.88,44.07,2.30,15.02,1.56,-10.00
22,7,-1.00,-1.00,-1.00,-1.00,0.2922,2.2,2.33,6.19,-7.19,0.94,-38.32,1.66,-10.00
22,7,-1.00,-1.00,-1.00,-1.00,0.2679,1.9,2.08,5.25,-27.06,0.26,30.00,0.00,-10.00
22,7,-1.00,-1.00,-1.00,-1.00,0.2171,2.0,2.19,5.58,-25.97,0.40,19.24,-0.03,-10.00
22,7,-1.00,-1.00,-1.00,-1.00,0.1862,2.2,2.17,5.67,22.42,2.07,27.30,1.54,-10.00
22,7,-1.00,-1.00,-1.00,-1.00,0.1617,1.9,2.11,5.25,-26.58,0.70,8.13,0.01,-10.00
22,7,-1.00,-1.00,-1.00,-1.00,0.1597,2.2,2.35,6.17,11.55,1.73,-18.18,-1.58,-10.00
22,7,0.00,358.99,90.78,455.62,0.1559,3.0,2.77,6.82,-26.79,0.54,41.04,0.04,-10.00
22,7,-1.00,-1.00,-1.00,-1.00,0.1495,3.4,3.70,15.61,12.67,1.64,-45.09,-1.55,-10.00
22,7,-1.00,-1.00,-1.00,-1.00,0.1471,1.9,1.97,5.01,-25.36,0.64,16.37,3.07,-10.00
22,7,-1.00,-1.00,-1.00,-1.00,0.1436,1.9,2.15,5.39,-26.02,0.43,13.55,-0.01,-10.00
22,7,-1.00,-1.00,-1.00,-1.00,0.1423,2.0,2.07,5.20,-9.72,1.35,-1.81,-3.04,-10.00
22,7,0.00,387.92,133.77,445.36,0.1214,2.0,2.11,5.34,-27.12,0.25,46.38,-2.99,-10.00
22,7,-1.00,-1.00,-1.00,-1.00,0.1104,2.0,2.08,5.46,-8.22,0.71,-35.86,-3.01,-10.00
22,7,1027.70,439.63,1218.35,505.51,0.1101,2.0,2.12,5.43,10.52,2.06,39.80,3.14,-10.00
22,7,-1.00,-1.00,-1.00,-1.00,0.1056,2.0,2.10,5.18,-26.19,0.67,24.64,-2.92,-10.00
22,7,-1.00,-1.00,-1.00,-1.00,0.1036,2.5,2.57,6.12,-45.46,-0.10,10.34,-1.43,-10.00
22,7,192.37,392.43,479.39,501.95,0.1023,1.9,2.13,5.61,-8.86,1.14,24.67,0.52,-10.00
22,7,-1.00,-1.00,-1.00,-1.00,0.1005,3.8,2.93,7.88,44.23,2.84,21.46,-1.62,-10.00
23,7,-1.00,-1.00,-1.00,-1.00,0.8722,2.1,2.21,6.13,8.06,1.53,-15.60,-1.54,-10.00
23,7,-1.00,-1.00,-1.00,-1.00,0.7247,2.1,2.19,5.64,-6.27,1.34,-28.26,3.08,-10.00
23,7,-1.00,-1.00,-1.00,-1.00,0.6560,3.4,2.69,7.54,44.14,2.18,11.03,1.60,-10.00
23,7,-1.00,-1.00,-1.00,-1.00,0.3931,2.0,2.15,5.56,22.64,1.86,23.55,1.51,-10.00
23,7,-1.00,-1.00,-1.00,-1.00,0.2515,2.1,2.15,5.60,-39.72,0.08,10.37,0.06,-10.00
23,7,-1.00,-1.00,-1.00,-1.00,0.1963,1.9,2.14,5.42,-6.95,1.46,-22.65,-3.11,-10.00
23,7,-1.00,-1.00,-1.00,-1.00,0.1879,1.9,2.03,5.18,-25.52,0.97,26.29,-3.13,-10.00
23,7,-1.00,-1.00,-1.00,-1.00,0.1789,2.0,2.24,5.63,-26.07,0.53,12.74,-0.00,-10.00
23,7,-1.00,-1.00,-1.00,-1.00,0.1516,1.9,2.13,5.25,23.86,-1.20,-30.12,3.06,-10.00
23,7,-1.00,-1.00,-1.00,-1.00,0.1208,3.9,4.08,15.36,-48.02,-0.06,18.31,1.55,-10.00
23,7,0.00,391.11,137.83,448.60,0.1173,1.9,2.12,5.31,-25.13,0.34,42.67,-3.13,-10.00
23,7,-1.00,-1.00,-1.00,-1.00,0.1101,2.1,2.11,5.44,-40.71,0.32,5.19,0.07,-10.00
23,7,-1.00,-1.00,-1.00,-1.00,0.1060,1.9,2.10,5.38,-26.30,0.50,10.06,0.01,-10.00
23,7,-1.00,-1.00,-1.00,-1.00,0.1055,3.7,3.72,14.18,-46.30,-0.09,3.06,1.58,-10.00
23,7,-1.00,-1.00,-1.00,-1.00,0.1052,2.0,2.06,5.18,-25.96,0.99,23.75,-3.07,-10.00
23,7,-1.00,-1.00,-1.00,-1.00,0.1032,2.0,2.22,5.80,-26.57,0.70,4.76,0.01,-10.00
23,7,-1.00,-1.00,-1.00,-1.00,0.1028,1.9,1.98,4.97,-25.21,0.53,15.48,0.00,-10.00
24,7,-1.00,-1.00,-1.00,-1.00,0.7895,2.1,2.20,6.07,8.16,1.56,-19.05,-1.53,-10.00
24,7,-1.00,-1.00,-1.00,-1.00,0.6256,2.1,2.20,5.84,-6.17,1.43,-31.78,3.12,-10.00
24,7,-1.00,-1.00,-1.00,-1.00,0.4187,2.2,2.27,5.97,-40.24,0.01,6.86,0.08,-10.00
24,7,-1.00,-1.00,-1.00,-1.00,0.3618,3.3,2.74,7.47,37.78,2.14,2.49,1.55,-10.00
24,7,-1.00,-1.00,-1.00,-1.00,0.3605,3.0,2.65,7.53,44.12,2.52,7.92,1.53,-10.00
24,7,-1.00,-1.00,-1.00,-1.00,0.3304,2.1,2.16,5.70,22.55,1.97,19.90,-1.62,-10.00
24,7,-1.00,-1.00,-1.00,-1.00,0.1981,2.4,2.25,5.97,-26.74,0.13,33.75,0.05,-10.00
24,7,-1.00,-1.00,-1.00,-1.00,0.1964,4.0,4.24,17.05,-47.99,-0.15,15.47,1.59,-10.00
24,7,0.00,363.33,40.03,455.78,0.1499,2.6,2.50,6.62,-26.81,0.53,39.68,-1.52,-10.00
24,7,0.00,360.55,25.54,448.18,0.1335,2.4,2.36,5.89,-25.50,0.27,36.33,0.09,-10.00
24,7,-1.00,-1.00,-1.00,-1.00,0.1331,2.1,2.24,5.83,-40.08,0.85,-1.60,0.02,-10.00
24,7,-1.00,-1.00,-1.00,-1.00,0.1265,3.3,2.78,6.46,48.20,2.27,-12.20,1.69,-10.00
24,7,-1.00,-1.00,-1.00,-1.00,0.1141,1.9,2.11,5.36,-25.87,0.63,9.19,0.02,-10.00
24,7,-1.00,-1.00,-1.00,-1.00,0.1111,1.9,2.15,5.23,24.98,-1.22,-41.84,-3.13,-10.00
24,7,-1.00,-1.00,-1.00,-1.00,0.1058,1.9,2.12,5.49,-7.12,1.58,-26.07,-3.13,-10.00
25,7,-1.00,-1.00,-1.00,-1.00,0.7784,2.2,2.24,6.26,8.36,1.58,-22.63,-1.55,-10.00
25,7,-1.00,-1.00,-1.00,-1.00,0.6380,2.1,2.15,5.67,-5.92,1.20,-35.25,-0.05,-10.00
25,7,-1.00,-1.00,-1.00,-1.00,0.3267,3.3,2.71,7.79,44.09,2.58,4.82,-1.61,-10.00
25,7,-1.00,-1.00,-1.00,-1.00,0.2672,2.1,2.25,5.84,-39.90,0.28,2.91,0.00,-10.00
25,7,-1.00,-1.00,-1.00,-1.00,0.2621,2.2,2.24,5.94,22.54,1.92,16.52,-1.65,-10.00
25,7,-1.00,-1.00,-1.00,-1.00,0.1922,2.0,2.24,5.58,-27.33,0.28,19.53,-3.13,-10.00
25,7,-1.00,-1.00,-1.00,-1.00,0.1607,3.1,2.59,7.05,48.11,2.45,6.19,-1.45,-10.00
25,7,-1.00,-1.00,-1.00,-1.00,0.1406,2.0,2.24,6.02,25.15,2.06,16.84,1.54,-10.00
25,7,-1.00,-1.00,-1.00,-1.00,0.1339,2.1,2.28,5.84,28.34,1.65,28.01,-1.26,-10.00
25,7,-1.00,-1.00,-1.00,-1.00,0.1329,3.4,2.81,6.89,-25.19,0.09,-25.30,0.02,-10.00
25,7,-1.00,-1.00,-1.00,-1.00,0.1318,2.2,2.28,5.47,-27.44,0.10,35.92,0.04,-10.00
25,7,-1.00,-1.00,-1.00,-1.00,0.1305,2.0,2.24,5.29,-25.98,0.66,5.74,0.01,-10.00
25,7,-1.00,-1.00,-1.00,-1.00,0.1268,1.9,2.13,5.49,-6.83,1.50,-29.72,0.07,-10.00
25,7,-1.00,-1.00,-1.00,-1.00,0.1205,3.6,3.02,8.60,-27.87,0.76,-28.21,1.55,-10.00
25,7,603.81,437.71,694.42,498.68,0.1193,2.2,2.28,5.87,-5.20,2.21,48.62,-1.47,-10.00
25,7,-1.00,-1.00,-1.00,-1.00,0.1092,3.8,3.97,13.69,-47.58,-0.04,10.25,1.59,-10.00
25,7,-1.00,-1.00,-1.00,-1.00,0.1069,2.6,2.56,6.13,40.74,1.84,-1.66,-1.50,-10.00
26,7,-1.00,-1.00,-1.00,-1.00,0.7006,2.1,2.21,6.19,8.36,1.55,-25.71,-1.53,-10.00
26,7,-1.00,-1.00,-1.00,-1.00,0.4318,2.1,2.19,5.88,-5.75,1.15,-38.56,-0.07,-10.00
26,7,-1.00,-1.00,-1.00,-1.00,0.4181,3.1,2.70,7.55,44.05,2.70,1.36,1.48,-10.00
26,7,-1.00,-1.00,-1.00,-1.00,0.1814,1.9,2.11,5.54,-6.81,1.58,-32.94,0.02,-10.00
26,7,-1.00,-1.00,-1.00,-1.00,0.1774,2.0,2.14,5.37,-26.89,0.45,16.18,3.10,-10.00
26,7,-1.00,-1.00,-1.00,-1.00,0.1606,2.0,2.05,5.31,-25.92,0.39,2.29,-0.05,-10.00
26,7,-1.00,-1.00,-1.00,-1.00,0.1430,2.1,2.24,5.68,22.32,2.01,13.14,1.51,-10.00
26,7,-1.00,-1.00,-1.00,-1.00,0.1424,2.0,2.16,5.49,-25.15,0.33,-20.16,-0.06,-10.00
26,7,-1.00,-1.00,-1.00,-1.00,0.1356,2.0,2.22,6.02,24.85,2.27,13.83,1.54,-10.00
26,7,-1.00,-1.00,-1.00,-1.00,0.1306,2.3,2.48,6.03,48.05,1.22,-25.71,1.52,-10.00
26,7,-1.00,-1.00,-1.00,-1.00,0.1137,1.9,2.16,5.40,-27.10,0.73,10.37,-3.11,-10.00
26,7,-1.00,-1.00,-1.00,-1.00,0.1091,2.2,2.19,5.43,-27.70,-0.04,32.67,0.10,-10.00
26,7,-1.00,-1.00,-1.00,-1.00,0.1089,2.2,2.25,5.90,-27.07,0.03,27.00,0.08,-10.00
26,7,-1.00,-1.00,-1.00,-1.00,0.1037,2.2,2.29,5.97,42.98,2.22,-6.55,1.81,-10.00
26,7,-1.00,-1.00,-1.00,-1.00,0.1021,3.7,3.02,8.89,-26.76,1.57,-31.97,1.58,-10.00
26,7,-1.00,-1.00,-1.00,-1.00,0.1016,2.1,2.20,5.57,-39.56,0.29,-0.76,0.01,-10.00
26,7,-1.00,-1.00,-1.00,-1.00,0.1011,1.9,2.09,5.19,-26.44,0.34,18.69,3.07,-10.00
27,7,-1.00,-1.00,-1.00,-1.00,0.8123,2.1,2.20,6.10,8.32,1.50,-28.76,-1.52,-10.00
27,7,-1.00,-1.00,-1.00,-1.00,0.4216,2.1,2.19,5.75,-5.97,1.02,-41.61,-0.04,-10.00
27,7,-1.00,-1.00,-1.00,-1.00,0.3228,3.4,2.75,7.69,44.16,2.78,-1.80,1.57,-10.00
27,7,-1.00,-1.00,-1.00,-1.00,0.2795,2.2,2.25,5.82,-39.89,-0.02,-3.29,-0.03,-10.00
27,7,-1.00,-1.00,-1.00,-1.00,0.2392,1.9,2.13,5.37,-26.59,0.38,7.15,-0.00,-10.00
27,7,-1.00,-1.00,-1.00,-1.00,0.2105,2.1,2.17,5.24,-38.62,-0.63,47.53,-0.04,-10.00
27,7,-1.00,-1.00,-1.00,-1.00,0.1882,1.9,2.13,5.40,-25.77,0.39,2.03,-0.08,-10.00
27,7,-1.00,-1.00,-1.00,-1.00,0.1799,1.9,2.11,5.29,-25.82,0.10,-3.27,0.09,-10.00
27,7,-1.00,-1.00,-1.00,-1.00,0.1709,1.9,2.04,5.10,-25.59,0.44,15.49,-3.12,-10.00
27,7,-1.00,-1.00,-1.00,-1.00,0.1586,2.1,2.20,5.74,22.37,2.17,9.99,1.51,-10.00
27,7,-1.00,-1.00,-1.00,-1.00,0.1530,2.0,2.23,6.07,25.02,2.05,10.80,1.49,-10.00
27,7,-1.00,-1.00,-1.00,-1.00,0.1417,2.4,2.46,6.08,28.17,2.20,21.85,2.29,-10.00
27,7,0.00,383.27,63.76,446.41,0.1334,2.0,2.09,5.45,-26.47,0.25,40.67,0.18,-10.00
27,7,-1.00,-1.00,-1.00,-1.00,0.1315,1.9,2.03,5.22,-25.78,0.26,-0.83,-0.01,-10.00
27,7,-1.00,-1.00,-1.00,-1.00,0.1248,1.9,2.14,5.46,-26.18,0.42,-8.83,0.08,-10.00
27,7,-1.00,-1.00,-1.00,-1.00,0.1147,1.9,2.12,5.06,38.84,3.74,38.58,-3.05,-10.00
27,7,-1.00,-1.00,-1.00,-1.00,0.1118,2.0,2.22,6.01,-29.30,0.32,8.78,-1.63,-10.00
28,7,-1.00,-1.00,-1.00,-1.00,0.6914,2.2,2.30,6.43,8.50,1.97,-31.95,-1.51,-10.00
28,7,-1.00,-1.00,-1.00,-1.00,0.5241,2.0,2.14,5.70,22.35,2.06,7.24,1.50,-10.00
28,7,-1.00,-1.00,-1.00,-1.00,0.4097,2.1,2.23,5.81,-5.74,1.41,-44.54,3.12,-10.00
28,7,-1.00,-1.00,-1.00,-1.00,0.3762,2.9,2.63,7.02,43.97,2.51,-4.48,1.52,-10.00
28,7,-1.00,-1.00,-1.00,-1.00,0.3390,1.9,2.09,5.41,-25.73,0.22,-0.95,-0.04,-10.00
28,7,-1.00,-1.00,-1.00,-1.00,0.2507,2.3,2.25,5.86,-39.81,-0.08,-6.38,-0.01,-10.00
28,7,-1.00,-1.00,-1.00,-1.00,0.2010,1.9,2.08,5.41,-26.49,0.14,4.35,0.01,-10.00
28,7,-1.00,-1.00,-1.00,-1.00,0.1926,2.2,2.21,5.65,-40.99,-0.35,22.74,0.01,-10.00
28,7,-1.00,-1.00,-1.00,-1.00,0.1902,1.9,2.08,5.47,-26.08,0.33,-3.74,-0.05,-10.00
28,7,698.04,410.68,893.81,480.81,0.1825,2.6,2.55,7.46,0.41,1.61,49.49,0.05,-10.00
28,7,-1.00,-1.00,-1.00,-1.00,0.1740,2.2,2.28,5.96,12.22,2.02,-18.14,1.57,-10.00
28,7,-1.00,-1.00,-1.00,-1.00,0.1720,2.0,2.10,5.58,-25.33,-0.13,23.56,-3.06,-10.00
28,7,-1.00,-1.00,-1.00,-1.00,0.1573,2.1,2.20,5.63,-6.59,1.85,-38.76,0.03,-10.00
28,7,1139.65,370.81,1299.27,426.38,0.1559,2.0,2.20,5.54,16.99,-0.50,49.69,-0.15,-10.00
28,7,-1.00,-1.00,-1.00,-1.00,0.1555,2.4,2.28,5.05,-38.46,-0.72,44.41,-0.02,-10.00
28,7,-1.00,-1.00,-1.00,-1.00,0.1511,1.9,2.11,5.40,-26.04,0.28,-6.47,-0.00,-10.00
28,7,-1.00,-1.00,-1.00,-1.00,0.1437,2.5,2.25,5.97,-26.04,0.17,20.87,0.04,-10.00
28,7,0.00,359.65,4.53,428.51,0.1253,1.9,2.12,5.37,-26.61,-0.32,37.53,3.12,-10.00
28,7,-1.00,-1.00,-1.00,-1.00,0.1252,1.9,2.12,5.41,-29.68,0.11,-7.63,-1.54,-10.00
28,7,-1.00,-1.00,-1.00,-1.00,0.1170,2.1,2.23,5.71,-25.29,-0.09,29.07,-3.13,-10.00
28,7,-1.00,-1.00,-1.00,-1.00,0.1165,2.9,2.68,6.96,-45.48,0.75,-15.27,1.77,-10.00
28,7,-1.00,-1.00,-1.00,-1.00,0.1094,2.2,2.16,5.61,-40.28,0.10,-11.57,-0.02,-10.00
28,7,-1.00,-1.00,-1.00,-1.00,0.1042,2.5,2.46,6.13,51.57,3.12,24.74,3.03,-10.00
28,7,-1.00,-1.00,-1.00,-1.00,0.1040,1.8,2.18,5.26,-26.36,0.40,-11.91,0.01,-10.00
28,7,-1.00,-1.00,-1.00,-1.00,0.1038,2.0,2.09,5.45,0.12,1.69,-23.38,-1.56,-10.00
28,7,-1.00,-1.00,-1.00,-1.00,0.1036,1.9,2.14,5.31,-25.90,-0.36,34.73,3.13,-10.00
28,7,-1.00,-1.00,-1.00,-1.00,0.1030,1.9,1.95,5.20,-3.85,1.49,-31.82,-1.67,-10.00
28,7,-1.00,-1.00,-1.00,-1.00,0.1019,1.9,1.98,5.15,-26.05,0.15,7.06,-0.03,-10.00
28,7,-1.00,-1.00,-1.00,-1.00,0.1004,2.0,2.21,5.78,43.39,2.31,-12.66,-1.55,-10.00
29,7,-1.00,-1.00,-1.00,-1.00,0.6139,2.4,2.39,6.59,8.76,2.00,-34.50,-1.56,-10.00
29,7,-1.00,-1.00,-1.00,-1.00,0.3858,2.0,2.13,5.74,22.35,2.15,4.66,1.50,-10.00
29,7,-1.00,-1.00,-1.00,-1.00,0.3227,2.4,2.34,6.10,-5.67,1.13,-47.30,0.02,-10.00
29,7,-1.00,-1.00,-1.00,-1.00,0.2949,1.9,2.16,5.34,-26.35,0.38,-14.80,-3.08,-10.00
29,7,-1.00,-1.00,-1.00,-1.00,0.2447,2.1,2.25,5.96,27.78,2.35,16.16,2.31,-10.00
29,7,-1.00,-1.00,-1.00,-1.00,0.2118,2.0,2.15,5.53,-26.18,0.18,7.26,-3.14,-10.00
29,7,-1.00,-1.00,-1.00,-1.00,0.1775,1.9,2.04,5.30,-25.61,0.28,-3.75,-0.00,-10.00
29,7,-1.00,-1.00,-1.00,-1.00,0.1683,2.2,2.10,5.07,-40.15,-0.29,19.40,0.02,-10.00
29,7,-1.00,-1.00,-1.00,-1.00,0.1612,2.1,2.05,5.15,-7.00,1.60,-41.50,0.01,-10.00
29,7,-1.00,-1.00,-1.00,-1.00,0.1495,2.6,2.47,5.61,-40.05,-1.13,41.66,3.12,-10.00
29,7,-1.00,-1.00,-1.00,-1.00,0.1437,1.9,2.03,5.37,-25.69,0.28,-6.80,-0.02,-10.00
29,7,-1.00,-1.00,-1.00,-1.00,0.1411,1.9,2.09,5.22,-26.29,0.17,1.54,0.03,-10.00
29,7,-1.00,-1.00,-1.00,-1.00,0.1297,3.0,2.75,6.69,44.09,3.29,-6.33,-1.59,-10.00
29,7,1226.77,442.71,1398.55,502.24,0.1226,2.2,2.28,5.63,20.00,2.39,48.16,3.04,-10.00
29,7,-1.00,-1.00,-1.00,-1.00,0.1138,2.1,2.22,5.86,-26.96,-0.30,18.16,-3.14,-10.00
29,7,145.63,374.45,316.00,427.80,0.1128,1.9,2.16,5.57,-21.21,-0.43,48.34,-3.09,-10.00
29,7,-1.00,-1.00,-1.00,-1.00,0.1109,2.4,2.38,5.85,-11.21,0.87,-43.97,1.59,-10.00
30,7,-1.00,-1.00,-1.00,-1.00,0.4375,2.3,2.37,6.30,-5.52,0.92,-50.07,-0.02,-10.00
30,7,-1.00,-1.00,-1.00,-1.00,0.3820,2.3,2.39,6.06,8.89,1.85,-36.78,-1.51,-10.00
30,7,-1.00,-1.00,-1.00,-1.00,0.3700,3.1,2.69,7.14,43.94,2.71,-9.50,1.50,-10.00
30,7,1209.65,438.98,1333.25,497.56,0.3634,2.0,2.18,5.74,17.97,2.11,47.17,-1.62,-10.00
30,7,-1.00,-1.00,-1.00,-1.00,0.2864,2.1,2.32,6.00,27.74,2.43,13.76,-0.90,-10.00
30,7,-1.00,-1.00,-1.00,-1.00,0.2420,1.9,2.21,6.02,24.34,2.41,9.37,2.21,-10.00
30,7,-1.00,-1.00,-1.00,-1.00,0.1886,2.0,2.13,5.53,-25.61,0.22,-6.51,-0.03,-10.00
30,7,1141.64,441.03,1250.50,499.12,0.1825,2.0,2.22,5.66,15.02,2.14,46.71,-1.56,-10.00
30,7,-1.00,-1.00,-1.00,-1.00,0.1669,2.1,2.12,5.20,-40.17,-0.36,16.62,-0.03,-10.00
30,7,-1.00,-1.00,-1.00,-1.00,0.1654,2.5,2.61,6.96,-40.76,-0.27,38.87,3.11,-10.00
30,7,1277.62,439.61,1414.14,511.64,0.1444,2.5,2.32,6.63,20.99,2.61,47.81,1.59,-10.00
30,7,-1.00,-1.00,-1.00,-1.00,0.1431,2.0,2.20,5.60,-10.78,0.72,-46.64,1.57,-10.00
30,7,-1.00,-1.00,-1.00,-1.00,0.1266,2.0,2.07,5.41,-26.49,-0.12,18.01,-3.14,-10.00
30,7,-1.00,-1.00,-1.00,-1.00,0.1255,2.0,2.19,5.52,-26.60,0.54,-17.78,3.13,-10.00
30,7,-1.00,-1.00,-1.00,-1.00,0.1251,1.9,2.11,5.54,-26.63,0.18,7.48,3.09,-10.00
30,7,-1.00,-1.00,-1.00,-1.00,0.1193,2.0,2.22,5.64,12.35,2.25,-43.60,-1.51,-10.00
30,7,-1.00,-1.00,-1.00,-1.00,0.1169,1.9,2.13,5.73,-15.47,0.92,-28.63,-1.62,-10.00
30,7,-1.00,-1.00,-1.00,-1.00,0.1127,2.0,2.16,5.53,-26.08,0.08,23.54,-3.12,-10.00
30,7,-1.00,-1.00,-1.00,-1.00,0.1122,2.0,2.24,5.85,46.85,2.42,-10.71,-1.62,-10.00
30,7,-1.00,-1.00,-1.00,-1.00,0.1107,2.0,2.07,5.37,-11.86,0.38,-42.78,-0.01,-10.00
30,7,-1.00,-1.00,-1.00,-1.00,0.1021,1.9,2.08,5.40,-26.63,0.19,-1.08,0.06,-10.00
30,7,-1.00,-1.00,-1.00,-1.00,0.1020,2.1,2.17,5.80,-40.81,-0.22,-6.77,-0.02,-10.00
30,7,1521.57,431.60,1600.00,498.28,0.1004,2.4,2.41,5.94,31.47,2.21,49.05,1.57,-10.00
31,7,-1.00,-1.00,-1.00,-1.00,0.6254,3.3,2.80,7.92,44.28,2.54,-11.70,1.51,-10.00
31,7,1227.36,436.39,1358.60,498.31,0.5600,2.0,2.16,5.60,17.81,2.02,44.77,-1.62,-10.00
31,7,-1.00,-1.00,-1.00,-1.00,0.3457,2.1,2.24,5.82,27.56,1.94,11.51,2.26,-10.00
31,7,-1.00,-1.00,-1.00,-1.00,0.2945,2.1,2.21,5.69,8.88,1.53,-38.87,-1.44,-10.00
31,7,-1.00,-1.00,-1.00,-1.00,0.2286,3.2,2.81,7.65,-41.42,0.30,36.39,-0.03,-10.00
31,7,1143.12,442.14,1259.92,502.16,0.1856,2.0,2.18,5.63,14.42,2.12,44.28,-1.58,-10.00
31,7,-1.00,-1.00,-1.00,-1.00,0.1686,2.3,2.25,5.86,-8.44,1.62,-31.14,1.56,-10.00
31,7,1288.29,442.86,1430.04,510.12,0.1681,2.3,2.26,6.06,20.60,2.46,45.82,1.55,-10.00
31,7,-1.00,-1.00,-1.00,-1.00,0.1600,3.3,2.78,8.04,-48.34,0.02,26.78,-0.03,-10.00
31,7,-1.00,-1.00,-1.00,-1.00,0.1593,1.9,2.10,5.62,23.97,2.27,6.79,2.21,-10.00
31,7,-1.00,-1.00,-1.00,-1.00,0.1519,2.2,2.26,5.80,22.47,1.92,0.12,1.49,-10.00
31,7,255.43,384.39,358.20,441.39,0.1461,1.9,2.13,5.53,-17.60,0.10,46.63,-1.66,-10.00
31,7,-1.00,-1.00,-1.00,-1.00,0.1379,2.0,2.01,5.31,-25.34,0.49,-11.76,-0.04,-10.00
31,7,-1.00,-1.00,-1.00,-1.00,0.1161,2.4,2.19,5.41,-45.88,-0.52,-26.08,-2.71,-10.00
31,7,-1.00,-1.00,-1.00,-1.00,0.1082,2.0,2.08,5.37,-11.64,0.79,-47.70,-3.12,-10.00
31,7,-1.00,-1.00,-1.00,-1.00,0.1079,2.0,2.02,5.26,-11.61,0.57,-44.85,-3.13,-10.00
31,7,-1.00,-1.00,-1.00,-1.00,0.1063,2.3,2.19,5.66,-26.88,0.37,12.65,-0.03,-10.00
31,7,-1.00,-1.00,-1.00,-1.00,0.1041,2.0,2.12,5.46,-25.84,0.56,-20.22,3.13,-10.00
31,7,1332.86,438.67,1560.50,510.56,0.1037,2.4,2.35,6.94,23.23,2.49,44.60,3.06,-10.00
32,7,-1.00,-1.00,-1.00,-1.00,0.5054,3.3,2.69,7.48,44.34,1.95,-13.90,1.51,-10.00
32,7,-1.00,-1.00,-1.00,-1.00,0.4269,2.0,2.18,5.92,9.01,1.20,-41.37,-1.53,-10.00
32,7,1253.39,429.28,1384.85,491.34,0.3800,1.9,2.20,5.57,17.86,1.70,42.71,-1.55,-10.00
32,7,-1.00,-1.00,-1.00,-1.00,0.3672,2.1,2.27,5.86,27.72,1.74,9.35,2.29,-10.00
32,7,-1.00,-1.00,-1.00,-1.00,0.3376,2.2,2.31,6.32,-8.32,1.47,-34.65,1.54,-10.00
32,7,-1.00,-1.00,-1.00,-1.00,0.2419,2.2,2.28,5.89,22.46,1.76,-2.16,1.49,-10.00
32,7,-1.00,-1.00,-1.00,-1.00,0.2265,2.1,2.27,5.89,-4.73,1.84,-40.93,-0.01,-10.00
32,7,-1.00,-1.00,-1.00,-1.00,0.2188,2.1,2.16,5.65,-27.09,0.56,10.47,0.01,-10.00
32,7,-1.00,-1.00,-1.00,-1.00,0.1668,3.0,2.61,6.55,-41.11,0.25,33.92,-0.06,-10.00
32,7,-1.00,-1.00,-1.00,-1.00,0.1519,1.9,2.15,5.73,23.93,2.12,4.59,2.24,-10.00
32,7,-1.00,-1.00,-1.00,-1.00,0.1400,2.6,2.39,6.34,-6.43,1.78,-48.96,-3.13,-10.00
32,7,-1.00,-1.00,-1.00,-1.00,0.1295,2.3,2.44,6.13,-36.51,1.37,43.74,1.57,-10.00
32,7,-1.00,-1.00,-1.00,-1.00,0.1275,2.0,2.09,5.17,-41.12,0.59,11.85,-0.01,-10.00
32,7,-1.00,-1.00,-1.00,-1.00,0.1264,2.0,2.28,5.62,13.22,1.42,-48.72,1.65,-10.00
32,7,941.52,424.87,1021.81,487.68,0.1263,2.0,2.26,5.60,6.69,1.63,43.93,-1.51,-10.00
32,7,1314.10,428.87,1454.22,496.57,0.1242,2.2,2.27,6.15,20.68,1.92,44.07,1.63,-10.00
32,7,862.68,433.23,1019.37,490.38,0.1231,2.0,2.13,5.49,5.68,1.90,46.95,-0.04,-10.00
32,7,363.37,433.37,564.92,500.01,0.1210,2.0,2.20,5.68,-9.83,1.85,38.89,-0.05,-10.00
32,7,-1.00,-1.00,-1.00,-1.00,0.1200,2.1,2.19,5.44,-26.46,0.47,19.08,-3.13,-10.00
32,7,-1.00,-1.00,-1.00,-1.00,0.1197,2.1,2.23,5.70,-40.71,0.07,-11.31,0.06,-10.00
32,7,-1.00,-1.00,-1.00,-1.00,0.1160,2.0,2.15,4.95,-7.96,1.35,-32.13,0.02,-10.00
32,7,-1.00,-1.00,-1.00,-1.00,0.1077,2.8,2.51,6.82,38.02,1.75,-22.63,1.59,-10.00
32,7,1151.07,427.24,1277.67,490.40,0.1042,2.0,2.18,5.66,14.33,1.67,42.71,-1.61,-10.00
32,7,163.85,374.19,349.10,434.90,0.1029,2.0,2.17,5.69,-18.85,-0.14,45.12,3.07,-10.00
32,7,-1.00,-1.00,-1.00,-1.00,0.1017,2.5,2.46,6.32,33.70,1.41,-25.94,-1.57,-10.00
33,7,-1.00,-1.00,-1.00,-1.00,0.5450,3.3,2.83,7.69,44.33,2.17,-15.88,1.56,-10.00
33,7,-1.00,-1.00,-1.00,-1.00,0.4908,2.1,2.24,6.01,9.15,1.08,-43.54,-1.52,-10.00
33,7,1270.82,432.04,1415.02,498.49,0.4696,2.0,2.17,5.51,17.81,1.84,40.78,-1.58,-10.00
33,7,-1.00,-1.00,-1.00,-1.00,0.3821,2.1,2.21,5.84,-26.90,0.39,8.32,0.00,-10.00
33,7,-1.00,-1.00,-1.00,-1.00,0.3327,2.2,2.24,5.67,-40.81,0.27,31.86,3.10,-10.00
33,7,-1.00,-1.00,-1.00,-1.00,0.3282,2.2,2.32,5.97,28.01,1.92,7.36,2.31,-10.00
33,7,-1.00,-1.00,-1.00,-1.00,0.2970,2.0,2.18,5.84,22.38,1.66,-4.20,1.49,-10.00
33,7,-1.00,-1.00,-1.00,-1.00,0.2488,2.4,2.39,6.46,-8.29,1.68,-36.61,1.54,-10.00
33,7,-1.00,-1.00,-1.00,-1.00,0.2479,2.3,2.45,7.30,24.40,2.26,2.77,2.17,-10.00
33,7,-1.00,-1.00,-1.00,-1.00,0.2045,2.0,2.11,5.29,-6.89,1.43,-51.22,3.10,-10.00
33,7,1183.32,434.00,1318.46,499.58,0.1820,1.9,2.12,5.39,14.65,1.85,40.22,-1.61,-10.00
33,7,1345.43,439.83,1498.18,506.19,0.1735,2.0,2.12,5.66,20.60,2.09,41.29,-1.58,-10.00
33,7,-1.00,-1.00,-1.00,-1.00,0.1499,2.1,2.22,5.82,-5.06,1.49,-43.03,0.19,-10.00
33,7,-1.00,-1.00,-1.00,-1.00,0.1498,1.9,2.11,5.12,-25.67,0.81,-18.86,3.14,-10.00
33,7,-1.00,-1.00,-1.00,-1.00,0.1457,2.5,2.59,5.97,-47.27,-0.13,21.14,1.55,-10.00
33,7,-1.00,-1.00,-1.00,-1.00,0.1438,1.9,2.05,5.14,-41.48,0.20,9.83,-0.01,-10.00
33,7,-1.00,-1.00,-1.00,-1.00,0.1426,2.0,2.05,5.21,-26.27,0.38,17.17,3.12,-10.00
33,7,644.50,349.48,743.08,448.45,0.1422,3.0,2.83,5.70,-2.96,0.34,41.74,-1.57,-10.00
33,7,-1.00,-1.00,-1.00,-1.00,0.1358,1.9,2.01,4.90,-25.03,0.86,-16.06,3.14,-10.00
33,7,-1.00,-1.00,-1.00,-1.00,0.1356,1.9,2.04,5.18,-25.63,0.70,-13.27,-0.03,-10.00
33,7,-1.00,-1.00,-1.00,-1.00,0.1343,2.0,2.25,5.70,-36.14,0.94,40.77,1.60,-10.00
33,7,-1.00,-1.00,-1.00,-1.00,0.1318,1.9,2.12,5.29,-26.68,0.66,20.02,3.12,-10.00
33,7,-1.00,-1.00,-1.00,-1.00,0.1279,2.1,2.38,5.89,12.45,1.54,-50.31,-1.50,-10.00
33,7,869.34,423.30,1038.91,489.14,0.1244,2.3,2.17,5.68,5.91,1.77,45.02,-0.06,-10.00
33,7,-1.00,-1.00,-1.00,-1.00,0.1215,2.6,2.56,6.98,44.32,2.19,-24.19,1.56,-10.00
33,7,1575.87,436.47,1600.00,503.43,0.1205,2.0,2.23,5.47,28.15,1.99,40.89,1.68,-10.00
33,7,-1.00,-1.00,-1.00,-1.00,0.1185,2.9,2.71,6.84,48.16,1.80,-14.97,-1.56,-10.00
33,7,488.22,427.34,651.38,487.56,0.1155,2.2,2.19,5.70,-8.19,1.82,47.96,0.11,-10.00
33,7,-1.00,-1.00,-1.00,-1.00,0.1117,2.1,2.17,4.96,-8.27,1.30,-34.10,0.01,-10.00
33,7,-1.00,-1.00,-1.00,-1.00,0.1049,3.8,3.05,9.74,-40.39,0.44,-37.56,1.72,-10.00
33,7,-1.00,-1.00,-1.00,-1.00,0.1022,1.9,2.06,5.40,-26.43,0.11,11.42,-3.14,-10.00
34,7,1302.26,419.96,1446.84,487.62,0.5325,1.9,2.16,5.76,18.15,1.45,39.34,-1.50,-10.00
34,7,-1.00,-1.00,-1.00,-1.00,0.5039,2.2,2.28,6.29,8.96,1.07,-45.52,-1.55,-10.00
34,7,-1.00,-1.00,-1.00,-1.00,0.4355,2.0,2.21,5.79,27.81,1.65,5.56,2.32,-10.00
34,7,-1.00,-1.00,-1.00,-1.00,0.3189,2.1,2.11,5.58,22.33,1.39,-6.00,1.50,-10.00
34,7,-1.00,-1.00,-1.00,-1.00,0.3080,2.1,2.19,5.76,-26.82,0.69,6.63,-0.02,-10.00
34,7,-1.00,-1.00,-1.00,-1.00,0.2650,3.5,2.87,8.14,44.14,1.47,-17.82,-1.60,-10.00
34,7,-1.00,-1.00,-1.00,-1.00,0.2327,2.0,2.14,5.36,-40.66,0.44,30.10,3.10,-10.00
34,7,-1.00,-1.00,-1.00,-1.00,0.2259,3.2,2.80,7.47,44.30,1.96,-26.11,1.58,-10.00
34,7,-1.00,-1.00,-1.00,-1.00,0.2121,1.9,2.15,5.72,-5.44,1.42,-45.40,3.13,-10.00
34,7,-1.00,-1.00,-1.00,-1.00,0.1893,1.8,2.16,5.13,-26.09,0.81,-20.47,-3.13,-10.00
34,7,-1.00,-1.00,-1.00,-1.00,0.1866,1.9,2.08,5.58,-15.09,1.17,-21.38,1.43,-10.00
34,7,-1.00,-1.00,-1.00,-1.00,0.1805,1.9,2.07,5.13,-26.06,0.86,-26.21,3.09,-10.00
34,7,-1.00,-1.00,-1.00,-1.00,0.1798,2.2,2.42,6.13,-36.39,1.74,39.58,1.60,-10.00
34,7,-1.00,-1.00,-1.00,-1.00,0.1788,2.1,2.22,5.81,-40.11,0.86,-20.82,-0.03,-10.00
34,7,-1.00,-1.00,-1.00,-1.00,0.1743,2.0,2.23,5.81,28.10,2.03,38.32,1.61,-10.00
34,7,-1.00,-1.00,-1.00,-1.00,0.1709,2.2,2.15,5.39,-45.94,0.18,9.56,-3.13,-10.00
34,7,1373.95,437.26,1539.50,508.64,0.1665,2.0,2.21,5.86,20.66,2.05,39.30,1.61,-10.00
34,7,-1.00,-1.00,-1.00,-1.00,0.1408,2.1,2.21,5.74,-26.80,0.95,15.29,3.08,-10.00
34,7,-1.00,-1.00,-1.00,-1.00,0.1389,2.4,2.21,5.73,-45.38,0.86,-0.90,1.63,-10.00
34,7,477.31,400.10,637.07,457.95,0.1344,2.0,2.13,5.46,-8.35,0.70,46.35,0.00,-10.00
34,7,-1.00,-1.00,-1.00,-1.00,0.1331,2.0,2.14,5.48,-31.15,0.92,37.32,-1.56,-10.00
34,7,-1.00,-1.00,-1.00,-1.00,0.1262,2.7,2.52,6.71,37.64,1.26,-26.72,1.53,-10.00
34,7,-1.00,-1.00,-1.00,-1.00,0.1257,2.0,2.09,5.49,-26.29,0.68,-1.34,-3.13,-10.00
34,7,-1.00,-1.00,-1.00,-1.00,0.1213,1.8,2.08,5.56,23.96,1.86,0.54,2.20,-10.00
34,7,-1.00,-1.00,-1.00,-1.00,0.1146,2.0,2.06,5.12,-26.07,0.47,9.46,-3.13,-10.00
34,7,-1.00,-1.00,-1.00,-1.00,0.1145,2.8,2.50,6.87,11.90,1.33,-45.98,-1.57,-10.00
34,7,-1.00,-1.00,-1.00,-1.00,0.1131,1.8,1.85,4.92,-40.75,0.95,7.94,-3.07,-10.00
34,7,20.66,391.23,210.30,468.65,0.1124,2.1,2.38,5.72,-19.72,0.86,37.50,-1.53,-10.00
34,7,-1.00,-1.00,-1.00,-1.00,0.1119,2.1,2.32,5.98,25.03,1.53,-7.08,-1.62,-10.00
34,7,-1.00,-1.00,-1.00,-1.00,0.1118,2.4,2.44,5.82,41.10,-0.37,49.86,0.00,-10.00
34,7,-1.00,-1.00,-1.00,-1.00,0.1115,2.5,2.26,5.65,-46.19,1.03,-18.88,-3.07,-10.00
34,7,-1.00,-1.00,-1.00,-1.00,0.1103,2.7,2.61,6.15,-46.09,1.04,18.06,-1.57,-10.00
34,7,-1.00,-1.00,-1.00,-1.00,0.1073,1.9,2.13,5.12,-25.76,0.71,-22.78,3.06,-10.00
35,7,1334.91,423.63,1495.32,496.47,0.5226,2.0,2.15,5.64,18.23,1.60,36.99,-1.51,-10.00
35,7,-1.00,-1.00,-1.00,-1.00,0.4721,2.2,2.23,6.07,8.72,1.27,-47.07,-1.58,-10.00
35,7,-1.00,-1.00,-1.00,-1.00,0.2920,2.1,2.18,5.57,-40.56,0.28,28.62,3.09,-10.00
35,7,-1.00,-1.00,-1.00,-1.00,0.2588,1.9,2.11,5.12,-25.65,0.87,-22.03,-3.12,-10.00
35,7,-1.00,-1.00,-1.00,-1.00,0.2471,2.3,2.35,6.01,27.68,1.76,3.20,2.31,-10.00
35,7,-1.00,-1.00,-1.00,-1.00,0.2339,2.9,2.58,6.71,36.90,1.28,-29.14,1.58,-10.00
35,7,-1.00,-1.00,-1.00,-1.00,0.2209,2.2,2.26,5.71,-5.61,1.22,-46.87,-0.17,-10.00
35,7,-1.00,-1.00,-1.00,-1.00,0.1822,2.1,2.23,5.72,-40.19,0.97,-22.32,-0.01,-10.00
35,7,-1.00,-1.00,-1.00,-1.00,0.1675,2.0,2.26,5.80,-26.56,0.69,-8.35,0.02,-10.00
35,7,-1.00,-1.00,-1.00,-1.00,0.1656,1.9,2.08,5.11,-25.64,0.92,-27.71,3.07,-10.00
35,7,1404.30,446.11,1581.68,517.63,0.1631,2.0,2.18,5.63,20.95,2.22,37.81,1.58,-10.00
35,7,-1.00,-1.00,-1.00,-1.00,0.1525,1.9,2.14,5.64,24.01,2.07,-1.14,2.24,-10.00
35,7,-1.00,-1.00,-1.00,-1.00,0.1507,1.9,2.22,5.69,-26.20,0.79,23.44,-1.73,-10.00
35,7,-1.00,-1.00,-1.00,-1.00,0.1441,2.0,2.19,5.57,37.78,2.39,-8.03,-1.62,-10.00
35,7,-1.00,-1.00,-1.00,-1.00,0.1408,2.4,2.24,5.72,-26.66,0.77,5.18,-0.01,-10.00
35,7,-1.00,-1.00,-1.00,-1.00,0.1247,2.1,2.29,5.70,28.57,2.22,36.03,1.73,-10.00
35,7,-1.00,-1.00,-1.00,-1.00,0.1245,2.4,2.63,6.83,-26.59,1.77,33.18,3.13,-10.00
35,7,1234.63,429.18,1381.91,499.51,0.1220,1.9,2.18,5.54,15.09,1.68,36.94,-1.54,-10.00
35,7,-1.00,-1.00,-1.00,-1.00,0.1171,2.0,2.19,5.61,-27.60,0.74,20.94,3.00,-10.00
35,7,-1.00,-1.00,-1.00,-1.00,0.1148,2.1,2.29,5.93,-35.80,1.29,38.62,1.57,-10.00
35,7,25.22,379.86,205.47,453.51,0.1135,2.0,2.23,5.89,-19.74,0.44,37.54,1.57,-10.00
35,7,-1.00,-1.00,-1.00,-1.00,0.1134,2.1,2.16,5.56,-26.23,0.37,13.95,-3.14,-10.00
35,7,-1.00,-1.00,-1.00,-1.00,0.1084,2.9,2.63,6.73,33.72,1.08,-29.06,1.47,-10.00
35,7,-1.00,-1.00,-1.00,-1.00,0.1078,3.1,2.60,8.01,-46.48,1.33,-0.87,-3.11,-10.00
35,7,-1.00,-1.00,-1.00,-1.00,0.1070,2.2,2.33,5.68,44.07,1.84,-25.97,-3.13,-10.00
35,7,-1.00,-1.00,-1.00,-1.00,0.1068,1.9,2.18,5.53,-26.55,0.77,-11.17,0.01,-10.00
35,7,-1.00,-1.00,-1.00,-1.00,0.1059,1.9,2.06,5.05,-26.16,0.47,8.15,-3.11,-10.00
36,7,1360.01,427.04,1539.39,504.90,0.3904,2.0,2.22,5.92,18.54,1.75,35.72,-1.52,-10.00
36,7,-1.00,-1.00,-1.00,-1.00,0.2659,2.4,2.35,6.28,8.58,1.52,-48.51,-1.59,-10.00
36,7,-1.00,-1.00,-1.00,-1.00,0.2325,1.9,2.17,5.57,17.65,1.60,-15.07,-3.03,-10.00
36,7,-1.00,-1.00,-1.00,-1.00,0.2293,2.4,2.36,5.89,-40.45,0.18,27.41,3.11,-10.00
36,7,-1.00,-1.00,-1.00,-1.00,0.2175,2.2,2.26,5.78,-26.79,0.66,3.88,3.14,-10.00
36,7,-1.00,-1.00,-1.00,-1.00,0.2093,3.4,2.86,7.37,44.04,2.24,-23.00,1.54,-10.00
36,7,-1.00,-1.00,-1.00,-1.00,0.1969,3.0,2.60,6.65,36.54,1.58,-30.65,1.57,-10.00
36,7,-1.00,-1.00,-1.00,-1.00,0.1849,3.6,4.11,14.33,-46.64,1.48,19.13,1.54,-10.00
36,7,-1.00,-1.00,-1.00,-1.00,0.1841,2.5,2.43,5.67,-46.84,0.25,-23.04,-0.02,-10.00
36,7,-1.00,-1.00,-1.00,-1.00,0.1664,2.1,2.18,5.57,-40.51,0.81,-23.57,-3.13,-10.00
36,7,-1.00,-1.00,-1.00,-1.00,0.1410,1.9,2.12,5.16,-26.33,0.62,-29.03,3.13,-10.00
36,7,-1.00,-1.00,-1.00,-1.00,0.1365,3.3,2.78,7.80,-48.27,1.58,-1.97,-3.11,-10.00
36,7,-1.00,-1.00,-1.00,-1.00,0.1340,2.0,2.16,5.17,44.62,1.83,-27.63,3.13,-10.00
36,7,-1.00,-1.00,-1.00,-1.00,0.1317,2.0,2.18,5.67,-26.67,0.42,12.42,3.14,-10.00
36,7,134.50,382.91,281.98,450.69,0.1314,1.8,2.06,5.37,-16.91,0.36,37.28,1.53,-10.00
36,7,-1.00,-1.00,-1.00,-1.00,0.1290,1.9,2.00,5.19,-26.16,0.70,-9.87,-0.03,-10.00
36,7,-1.00,-1.00,-1.00,-1.00,0.1288,3.4,2.87,7.03,-46.28,-0.61,50.02,-2.99,-10.00
36,7,-1.00,-1.00,-1.00,-1.00,0.1277,1.9,2.12,5.25,-26.15,0.73,-23.68,3.13,-10.00
36,7,10.18,364.80,180.94,440.76,0.1246,2.0,2.16,5.69,-19.69,0.06,36.34,1.49,-10.00
36,7,-1.00,-1.00,-1.00,-1.00,0.1236,2.0,2.11,5.28,-26.02,0.81,1.07,3.13,-10.00
36,7,488.35,403.02,652.25,472.23,0.1229,2.3,2.35,5.36,-7.34,1.14,43.40,-0.09,-10.00
36,7,-1.00,-1.00,-1.00,-1.00,0.1119,2.0,2.20,5.68,-5.87,1.17,-48.51,3.02,-10.00
36,7,-1.00,-1.00,-1.00,-1.00,0.1117,1.9,2.20,5.60,-26.57,0.75,-12.35,0.03,-10.00
36,7,-1.00,-1.00,-1.00,-1.00,0.1075,2.0,2.15,5.39,-27.05,0.83,23.34,3.01,-10.00
36,7,-1.00,-1.00,-1.00,-1.00,0.1058,3.9,4.19,13.77,-47.16,1.59,9.10,1.61,-10.00
36,7,282.47,371.08,516.39,447.87,0.1057,2.0,2.14,5.69,-10.43,0.25,34.33,-0.02,-10.00
36,7,-1.00,-1.00,-1.00,-1.00,0.1055,2.0,2.27,5.80,-29.02,0.74,-1.98,1.55,-10.00
36,7,-1.00,-1.00,-1.00,-1.00,0.1034,1.9,2.06,5.01,-26.21,0.73,-20.54,3.13,-10.00
36,7,-1.00,-1.00,-1.00,-1.00,0.1030,1.9,2.19,5.58,-26.95,0.73,-6.68,0.12,-10.00
36,7,-1.00,-1.00,-1.00,-1.00,0.1014,2.2,2.37,5.76,36.62,2.17,35.54,1.71,-10.00
37,7,1385.27,427.51,1576.15,509.49,0.5287,2.0,2.21,5.82,18.59,1.79,34.23,-1.52,-10.00
37,7,-1.00,-1.00,-1.00,-1.00,0.4464,2.0,2.18,5.58,-26.63,0.42,2.48,-3.13,-10.00
37,7,-1.00,-1.00,-1.00,-1.00,0.3418,2.1,2.09,5.27,-40.22,-0.05,26.19,3.11,-10.00
37,7,-1.00,-1.00,-1.00,-1.00,0.3027,2.5,2.40,5.73,-40.29,0.63,-24.50,0.04,-10.00
37,7,-1.00,-1.00,-1.00,-1.00,0.2361,2.1,2.23,5.67,27.80,1.81,0.39,2.30,-10.00
37,7,-1.00,-1.00,-1.00,-1.00,0.2287,4.0,4.19,18.86,-47.29,1.79,-17.31,1.61,-10.00
37,7,-1.00,-1.00,-1.00,-1.00,0.2085,2.3,2.36,5.97,43.72,1.73,-24.32,1.53,-10.00
37,7,-1.00,-1.00,-1.00,-1.00,0.1864,1.9,2.10,5.54,23.84,2.04,-4.34,2.29,-10.00
37,7,-1.00,-1.00,-1.00,-1.00,0.1630,2.2,2.24,5.90,8.11,1.64,-50.46,-1.54,-10.00
37,7,-1.00,-1.00,-1.00,-1.00,0.1612,2.2,2.23,5.91,-35.74,0.97,34.98,1.70,-10.00
37,7,-1.00,-1.00,-1.00,-1.00,0.1592,3.0,2.64,7.20,36.91,1.60,-32.52,1.55,-10.00
37,7,-1.00,-1.00,-1.00,-1.00,0.1506,2.1,2.15,5.68,-5.85,1.21,-50.24,-0.06,-10.00
37,7,-1.00,-1.00,-1.00,-1.00,0.1437,2.0,2.07,5.57,-25.92,0.80,-4.96,-3.10,-10.00
37,7,-1.00,-1.00,-1.00,-1.00,0.1394,2.0,2.07,5.50,-25.94,0.47,11.20,0.04,-10.00
37,7,-1.00,-1.00,-1.00,-1.00,0.1341,2.1,2.30,5.87,45.94,2.09,-29.52,0.02,-10.00
37,7,-1.00,-1.00,-1.00,-1.00,0.1262,3.5,3.07,8.68,-38.15,-0.83,-39.07,3.10,-10.00
37,7,0.00,366.60,160.27,443.77,0.1167,1.9,2.16,5.54,-19.33,0.14,34.14,-1.60,-10.00
37,7,425.50,389.66,630.56,455.44,0.1143,2.1,2.40,6.30,-8.48,0.55,41.90,-0.00,-10.00
37,7,-1.00,-1.00,-1.00,-1.00,0.1141,1.9,2.14,5.61,-26.76,0.73,-13.52,0.05,-10.00
37,7,-1.00,-1.00,-1.00,-1.00,0.1113,2.0,2.30,5.65,-28.22,0.85,-8.19,-1.51,-10.00
37,7,-1.00,-1.00,-1.00,-1.00,0.1112,2.2,2.28,5.59,22.23,1.77,-11.15,1.52,-10.00
37,7,1482.01,421.78,1600.00,501.12,0.1085,2.0,2.15,5.66,21.37,1.59,34.32,1.64,-10.00
37,7,-1.00,-1.00,-1.00,-1.00,0.1083,1.8,2.09,5.01,-26.31,0.89,-24.86,-3.13,-10.00
37,7,-1.00,-1.00,-1.00,-1.00,0.1026,3.5,3.13,7.90,-45.78,-0.34,50.53,-1.46,-10.00
38,7,-1.00,-1.00,-1.00,-1.00,0.6418,2.1,2.16,5.75,22.35,1.75,-12.35,1.52,-10.00
38,7,1404.67,424.46,1600.00,507.75,0.5575,2.0,2.19,5.79,18.51,1.67,32.93,-1.52,-10.00
38,7,-1.00,-1.00,-1.00,-1.00,0.4477,2.1,2.24,5.89,27.94,1.71,-0.81,2.31,-10.00
38,7,-1.00,-1.00,-1.00,-1.00,0.3640,3.4,2.75,7.68,43.99,1.55,-23.91,1.52,-10.00
38,7,-1.00,-1.00,-1.00,-1.00,0.3306,2.2,2.28,5.84,-40.72,-0.06,25.00,3.09,-10.00
38,7,-1.00,-1.00,-1.00,-1.00,0.2681,2.0,2.19,5.70,-26.63,0.57,1.18,0.02,-10.00
38,7,1488.41,434.03,1600.00,518.46,0.1950,2.0,2.13,5.82,21.15,1.95,33.30,1.59,-10.00
38,7,-1.00,-1.00,-1.00,-1.00,0.1872,1.8,2.09,5.16,-25.79,0.80,-25.97,3.08,-10.00
38,7,-1.00,-1.00,-1.00,-1.00,0.1754,2.6,2.71,6.22,-46.40,-0.94,48.06,1.57,-10.00
38,7,451.50,397.90,630.06,461.67,0.1699,2.0,2.17,5.28,-7.83,0.73,40.57,0.02,-10.00
38,7,1308.51,405.98,1496.23,486.76,0.1524,1.9,2.14,5.43,15.45,1.15,32.09,-1.57,-10.00
38,7,-1.00,-1.00,-1.00,-1.00,0.1488,1.9,2.12,5.10,-26.55,0.88,-12.18,-3.10,-10.00
38,7,-1.00,-1.00,-1.00,-1.00,0.1460,1.9,2.21,5.33,-26.26,0.51,-6.33,3.12,-10.00
38,7,-1.00,-1.00,-1.00,-1.00,0.1405,1.9,2.04,5.17,-26.03,0.68,-23.30,-0.06,-10.00
38,7,-1.00,-1.00,-1.00,-1.00,0.1251,2.5,2.54,5.77,-45.67,0.03,7.47,-1.59,-10.00
38,7,-1.00,-1.00,-1.00,-1.00,0.1218,1.9,2.19,5.43,-26.67,0.63,-15.14,0.02,-10.00
38,7,-1.00,-1.00,-1.00,-1.00,0.1153,1.8,2.04,5.35,24.02,2.10,-5.56,2.27,-10.00
38,7,-1.00,-1.00,-1.00,-1.00,0.1132,4.4,4.49,20.96,-47.66,1.54,-24.31,1.58,-10.00
38,7,-1.00,-1.00,-1.00,-1.00,0.1126,2.1,2.21,5.90,-26.26,0.74,-1.28,-3.11,-10.00
38,7,1055.90,406.80,1318.40,488.99,0.1068,2.0,2.19,5.97,10.09,1.24,32.12,3.10,-10.00
38,7,1026.30,416.64,1133.82,492.18,0.1066,2.2,2.21,5.67,9.03,1.58,39.38,1.61,-10.00
