0,7,-1.00,-1.00,-1.00,-1.00,0.6272,2.0,2.13,5.77,-3.16,1.57,-5.19,1.59,-10.00
0,7,-1.00,-1.00,-1.00,-1.00,0.5998,3.6,2.81,8.12,-4.57,0.81,-43.96,1.56,-10.00
0,7,-1.00,-1.00,-1.00,-1.00,0.2020,2.0,2.23,5.71,-7.61,1.78,-30.65,1.57,-10.00
0,7,153.68,435.96,415.27,525.26,0.1587,2.0,2.18,5.44,-12.98,1.31,30.39,2.97,-10.00
0,7,975.71,383.63,1078.10,518.43,0.1099,3.8,2.66,7.21,6.21,1.47,39.81,-1.48,-10.00
1,7,-1.00,-1.00,-1.00,-1.00,0.8350,1.9,2.10,5.71,-3.23,1.38,-9.75,1.59,-10.00
1,7,-1.00,-1.00,-1.00,-1.00,0.4000,4.1,3.08,10.14,-4.53,0.90,-49.57,1.59,-10.00
1,7,-1.00,-1.00,-1.00,-1.00,0.2665,2.0,2.22,5.97,-10.46,1.33,-32.61,1.69,-10.00
1,7,6.05,487.64,264.76,589.24,0.2176,2.0,2.11,5.55,-14.69,2.46,27.13,1.67,-10.00
1,7,0.00,514.41,70.18,580.76,0.1104,1.9,2.06,5.35,-25.93,3.32,38.06,0.33,-10.00
1,7,634.74,478.21,708.11,537.12,0.1080,1.8,2.04,5.14,-5.18,2.26,42.40,1.53,-10.00
1,7,-1.00,-1.00,-1.00,-1.00,0.1043,2.0,2.10,5.58,-3.83,1.21,-31.50,1.61,-10.00
1,7,-1.00,-1.00,-1.00,-1.00,0.1007,3.6,2.62,6.96,-1.71,0.88,-48.86,1.64,-10.00
2,7,-1.00,-1.00,-1.00,-1.00,0.7407,1.9,2.09,5.57,-3.19,1.25,-14.44,1.59,-10.00
2,7,-1.00,-1.00,-1.00,-1.00,0.2396,4.1,2.96,9.82,-3.66,0.57,-52.09,1.52,-10.00
2,7,-1.00,-1.00,-1.00,-1.00,0.2138,2.3,2.40,6.32,-7.68,1.32,-37.78,1.53,-10.00
2,7,0.00,471.54,183.35,594.01,0.1732,2.0,2.16,5.56,-14.81,2.21,23.65,-1.51,-10.00
2,7,-1.00,-1.00,-1.00,-1.00,0.1402,1.9,2.19,5.37,-6.96,1.40,-41.69,1.51,-10.00
2,7,-1.00,-1.00,-1.00,-1.00,0.1147,2.0,2.24,5.58,-14.53,0.91,-35.31,0.08,-10.00
2,7,942.91,386.59,1078.06,548.30,0.1072,4.4,3.21,13.28,5.69,2.51,41.30,-1.51,-10.00
2,7,-1.00,-1.00,-1.00,-1.00,0.1028,2.0,2.29,5.61,-16.55,1.42,-36.40,-1.61,-10.00
3,7,-1.00,-1.00,-1.00,-1.00,0.7319,1.9,2.13,5.67,-3.13,1.03,-19.19,1.59,-10.00
3,7,-1.00,-1.00,-1.00,-1.00,0.1459,2.1,2.23,5.64,-6.76,0.78,-47.28,1.54,-10.00
3,7,735.41,488.03,791.66,544.37,0.1121,2.1,2.11,5.46,-2.52,2.94,49.96,1.52,-10.00
3,7,-1.00,-1.00,-1.00,-1.00,0.1077,1.9,2.18,5.64,-15.38,0.59,-39.63,-1.58,-10.00
4,7,-1.00,-1.00,-1.00,-1.00,0.6116,1.9,2.08,5.49,-3.14,0.92,-23.59,1.56,-10.00
4,7,-1.00,-1.00,-1.00,-1.00,0.3385,2.1,2.24,5.71,-16.22,2.16,3.94,-1.53,-10.00
4,7,573.80,489.66,678.72,555.20,0.1781,1.8,2.04,5.62,-6.00,2.55,38.21,1.62,-10.00
4,7,-1.00,-1.00,-1.00,-1.00,0.1615,2.1,2.28,5.67,-28.77,2.83,17.28,1.63,-10.00
4,7,0.00,538.30,53.87,636.96,0.1440,1.9,2.02,5.01,-18.80,3.31,25.57,0.15,-10.00
4,7,-1.00,-1.00,-1.00,-1.00,0.1356,2.0,2.11,5.48,-17.20,0.28,-42.02,0.05,-10.00
4,7,804.28,476.00,891.78,556.68,0.1271,2.4,2.32,5.65,0.60,2.76,40.71,-1.64,-10.00
4,7,-1.00,-1.00,-1.00,-1.00,0.1157,4.1,3.52,12.32,-46.66,4.48,34.59,-2.99,-10.00
5,7,-1.00,-1.00,-1.00,-1.00,0.5169,2.0,2.24,5.40,-16.32,2.00,0.25,-1.50,-10.00
5,7,-1.00,-1.00,-1.00,-1.00,0.2804,2.0,2.25,5.75,-3.21,1.18,-28.28,1.53,-10.00
5,7,-1.00,-1.00,-1.00,-1.00,0.2338,1.8,2.13,5.35,-13.73,2.25,-0.21,1.53,-10.00
5,7,-1.00,-1.00,-1.00,-1.00,0.1691,2.0,2.19,5.54,-28.78,3.21,13.61,1.63,-10.00
5,7,-1.00,-1.00,-1.00,-1.00,0.1442,2.0,2.06,5.56,-3.13,0.61,-50.07,1.49,-10.00
5,7,-1.00,-1.00,-1.00,-1.00,0.1176,2.6,2.64,7.76,-31.40,2.84,-1.77,-0.05,-10.00
6,7,-1.00,-1.00,-1.00,-1.00,0.4838,2.5,2.39,5.60,-16.23,2.14,-2.63,-1.54,-10.00
6,7,-1.00,-1.00,-1.00,-1.00,0.4327,2.1,2.24,5.77,-3.54,1.48,-33.32,1.58,-10.00
6,7,-1.00,-1.00,-1.00,-1.00,0.3102,1.9,2.00,4.90,-18.58,3.28,19.13,-3.02,-10.00
6,7,-1.00,-1.00,-1.00,-1.00,0.2615,1.9,2.23,5.50,-29.20,2.22,-1.21,-1.58,-10.00
6,7,-1.00,-1.00,-1.00,-1.00,0.1699,2.0,2.19,5.59,-26.45,2.71,10.58,1.64,-10.00
6,7,-1.00,-1.00,-1.00,-1.00,0.1445,1.8,1.96,5.18,-43.11,4.27,23.79,-2.98,-10.00
6,7,-1.00,-1.00,-1.00,-1.00,0.1398,1.9,2.17,5.28,-28.96,3.04,9.88,1.56,-10.00
6,7,-1.00,-1.00,-1.00,-1.00,0.1377,2.0,2.15,5.60,-43.11,3.79,5.00,-0.03,-10.00
6,7,507.82,487.82,633.57,569.62,0.1229,1.8,2.17,5.64,-6.27,2.42,31.43,1.54,-10.00
7,7,-1.00,-1.00,-1.00,-1.00,0.5989,2.2,2.35,6.04,-16.44,2.00,-5.83,-1.53,-10.00
7,7,-1.00,-1.00,-1.00,-1.00,0.3446,2.0,2.21,5.43,-29.38,2.54,-4.39,1.59,-10.00
7,7,-1.00,-1.00,-1.00,-1.00,0.3223,2.2,2.26,5.70,-3.80,1.55,-38.02,1.58,-10.00
7,7,-1.00,-1.00,-1.00,-1.00,0.1993,2.0,2.23,5.71,-15.42,2.39,7.43,-1.46,-10.00
7,7,-1.00,-1.00,-1.00,-1.00,0.1804,2.1,2.31,5.48,-26.62,2.61,-5.10,1.55,-10.00
7,7,-1.00,-1.00,-1.00,-1.00,0.1735,2.0,2.23,5.52,-26.49,2.43,7.48,1.60,-10.00
7,7,430.25,386.75,588.47,524.81,0.1382,3.7,2.83,8.04,-9.55,1.64,38.73,-1.57,-10.00
7,7,593.83,464.58,806.14,535.27,0.1276,2.0,2.31,5.96,-3.80,1.92,37.36,2.85,-10.00
7,7,-1.00,-1.00,-1.00,-1.00,0.1258,2.0,2.16,5.60,-43.46,3.33,5.11,0.07,-10.00
7,7,-1.00,-1.00,-1.00,-1.00,0.1032,3.4,2.86,10.08,-18.02,0.60,-22.60,0.00,-10.00
7,7,485.34,487.80,626.38,576.70,0.1019,1.8,2.08,5.42,-6.00,2.33,28.49,1.56,-10.00
8,7,-1.00,-1.00,-1.00,-1.00,0.4550,2.1,2.30,5.76,-28.84,2.47,3.32,-3.09,-10.00
8,7,-1.00,-1.00,-1.00,-1.00,0.3687,2.2,2.28,5.92,-16.47,2.29,-8.68,-1.49,-10.00
8,7,-1.00,-1.00,-1.00,-1.00,0.2360,2.0,2.29,5.59,-29.44,2.35,-8.15,-1.56,-10.00
8,7,-1.00,-1.00,-1.00,-1.00,0.2171,2.4,2.24,5.74,-11.84,1.11,-44.89,1.84,-10.00
8,7,-1.00,-1.00,-1.00,-1.00,0.1984,2.6,2.38,6.37,-4.22,1.42,-43.65,1.54,-10.00
8,7,-1.00,-1.00,-1.00,-1.00,0.1683,1.9,2.05,5.09,-18.81,3.14,13.21,0.13,-10.00
8,7,620.62,462.56,756.01,538.74,0.1660,2.0,2.24,5.89,-3.87,1.98,36.38,1.77,-10.00
8,7,-1.00,-1.00,-1.00,-1.00,0.1597,2.0,2.27,5.46,-26.62,2.51,-7.97,1.54,-10.00
8,7,-1.00,-1.00,-1.00,-1.00,0.1241,1.9,2.10,5.13,-13.24,0.50,-43.10,-2.85,-10.00
8,7,-1.00,-1.00,-1.00,-1.00,0.1144,2.0,2.09,5.21,-43.04,3.92,2.15,0.04,-10.00
8,7,-1.00,-1.00,-1.00,-1.00,0.1082,1.8,2.15,5.16,-26.63,3.34,15.13,0.11,-10.00
9,7,-1.00,-1.00,-1.00,-1.00,0.5098,2.0,2.06,5.06,-19.01,3.04,10.42,0.12,-10.00
9,7,-1.00,-1.00,-1.00,-1.00,0.4226,2.3,2.30,5.96,-16.60,2.12,-11.54,-1.51,-10.00
9,7,-1.00,-1.00,-1.00,-1.00,0.2790,2.3,2.27,5.90,-4.64,0.95,-47.94,1.63,-10.00
9,7,-1.00,-1.00,-1.00,-1.00,0.2173,1.9,2.20,5.77,-26.49,2.36,1.89,1.62,-10.00
9,7,-1.00,-1.00,-1.00,-1.00,0.1514,3.6,3.08,11.36,-23.64,0.80,-15.97,-0.01,-10.00
9,7,-1.00,-1.00,-1.00,-1.00,0.1147,4.1,3.15,12.41,-16.95,1.36,-32.89,1.63,-10.00
9,7,-1.00,-1.00,-1.00,-1.00,0.1143,2.0,2.31,5.85,-7.59,0.93,-46.06,-1.33,-10.00
9,7,-1.00,-1.00,-1.00,-1.00,0.1010,2.0,2.20,5.54,-28.75,2.67,1.25,1.60,-10.00
10,7,-1.00,-1.00,-1.00,-1.00,0.4633,1.9,1.98,4.87,-18.99,2.92,7.60,-2.95,-10.00
10,7,-1.00,-1.00,-1.00,-1.00,0.2942,2.2,2.30,5.80,-16.71,2.29,-13.99,-1.51,-10.00
10,7,-1.00,-1.00,-1.00,-1.00,0.2310,2.1,2.40,6.03,-29.75,3.04,-14.59,1.58,-10.00
10,7,-1.00,-1.00,-1.00,-1.00,0.1488,2.2,2.26,6.18,-4.25,1.24,-51.45,1.56,-10.00
10,7,358.13,453.63,579.37,580.08,0.1038,1.8,2.11,5.56,-5.80,1.76,21.16,1.58,-10.00
11,7,-1.00,-1.00,-1.00,-1.00,0.4463,2.1,2.24,5.63,-16.76,2.45,-16.77,-1.53,-10.00
11,7,-1.00,-1.00,-1.00,-1.00,0.1934,1.9,2.02,4.99,-18.98,3.04,5.12,-2.99,-10.00
11,7,-1.00,-1.00,-1.00,-1.00,0.1659,2.0,2.25,5.48,-29.73,2.98,-16.41,1.60,-10.00
11,7,-1.00,-1.00,-1.00,-1.00,0.1572,1.8,2.08,5.22,-15.58,2.46,-4.08,-1.46,-10.00
11,7,-1.00,-1.00,-1.00,-1.00,0.1530,1.8,2.29,6.00,-36.29,3.52,-16.47,-1.61,-10.00
11,7,-1.00,-1.00,-1.00,-1.00,0.1040,1.9,2.13,5.30,-42.28,3.33,-7.48,1.57,-10.00
12,7,-1.00,-1.00,-1.00,-1.00,0.5742,2.3,2.47,6.16,-17.26,2.50,-19.52,-1.45,-10.00
12,7,-1.00,-1.00,-1.00,-1.00,0.4560,1.9,2.03,5.02,-19.18,3.00,2.65,-3.00,-10.00
12,7,-1.00,-1.00,-1.00,-1.00,0.2609,3.4,2.67,7.05,-14.00,1.18,-39.90,1.66,-10.00
12,7,-1.00,-1.00,-1.00,-1.00,0.2137,2.0,2.21,5.69,-7.74,1.64,-38.14,1.58,-10.00
12,7,-1.00,-1.00,-1.00,-1.00,0.2037,1.9,2.35,5.51,-26.69,2.97,-18.62,-1.51,-10.00
12,7,0.00,352.59,22.59,602.09,0.1797,3.5,2.92,7.79,-18.38,2.06,21.52,1.80,-10.00
12,7,-1.00,-1.00,-1.00,-1.00,0.1651,1.9,2.14,5.59,-19.88,2.80,-19.93,-1.50,-10.00
12,7,-1.00,-1.00,-1.00,-1.00,0.1583,1.9,2.25,5.74,-26.72,2.82,-6.43,-1.50,-10.00
12,7,-1.00,-1.00,-1.00,-1.00,0.1071,1.8,2.07,4.93,-29.51,3.39,-18.25,1.63,-10.00
13,7,-1.00,-1.00,-1.00,-1.00,0.5289,2.2,2.30,6.02,-17.25,2.54,-22.00,-1.50,-10.00
13,7,-1.00,-1.00,-1.00,-1.00,0.1344,3.0,2.55,6.75,-13.67,1.05,-35.88,1.62,-10.00
13,7,-1.00,-1.00,-1.00,-1.00,0.1197,1.9,2.00,5.03,-18.77,3.17,-0.01,0.15,-10.00
14,7,-1.00,-1.00,-1.00,-1.00,0.3248,2.1,2.34,5.87,-17.22,2.16,-24.24,-1.47,-10.00
14,7,-1.00,-1.00,-1.00,-1.00,0.1917,2.0,2.23,5.50,-26.81,3.09,-11.34,1.76,-10.00
14,7,769.45,539.31,876.96,633.03,0.1118,2.2,2.17,5.90,-0.21,3.97,32.33,-1.67,-10.00
14,7,-1.00,-1.00,-1.00,-1.00,0.1099,2.1,2.20,5.59,-37.67,4.20,-23.67,-1.34,-10.00
15,7,-1.00,-1.00,-1.00,-1.00,0.3368,2.2,2.32,5.91,-17.11,2.26,-26.69,-1.48,-10.00
15,7,794.34,427.77,997.93,607.78,0.1608,2.0,2.03,5.23,0.71,1.66,16.57,-1.64,-10.00
15,7,453.95,418.49,587.40,515.94,0.1553,3.3,2.88,7.95,-11.79,1.72,49.17,1.63,-10.00
15,7,-1.00,-1.00,-1.00,-1.00,0.1477,2.2,2.33,5.57,-11.75,1.64,-26.90,1.57,-10.00
15,7,-1.00,-1.00,-1.00,-1.00,0.1202,2.0,2.20,5.34,-29.98,2.58,-26.19,1.56,-10.00
15,7,-1.00,-1.00,-1.00,-1.00,0.1183,2.0,2.19,5.97,-6.84,1.89,-29.23,1.55,-10.00
15,7,-1.00,-1.00,-1.00,-1.00,0.1160,1.9,2.20,5.53,-19.64,2.93,-27.25,-1.53,-10.00
16,7,-1.00,-1.00,-1.00,-1.00,0.2519,2.2,2.24,5.40,-16.83,2.24,-28.60,-1.50,-10.00
16,7,747.74,493.51,924.05,590.65,0.2096,2.2,2.27,5.70,0.08,2.95,31.97,-2.00,-10.00
16,7,785.89,352.02,1025.10,599.02,0.1518,2.5,2.43,6.62,0.70,1.49,16.16,-1.60,-10.00
17,7,688.75,450.62,881.60,538.90,0.2547,2.0,2.11,5.39,-1.16,1.71,31.50,-2.22,-10.00
17,7,756.73,356.23,1023.35,619.68,0.2023,2.5,2.41,6.53,0.43,1.60,15.35,-1.65,-10.00
17,7,-1.00,-1.00,-1.00,-1.00,0.1523,2.1,2.22,5.48,-16.77,2.07,-30.67,-1.51,-10.00
17,7,321.94,494.80,533.44,579.55,0.1504,2.8,2.54,6.51,-13.63,3.71,42.97,0.23,-10.00
17,7,-1.00,-1.00,-1.00,-1.00,0.1376,2.3,2.20,5.53,-14.14,1.83,-31.80,-1.58,-10.00
17,7,1005.84,557.82,1198.78,625.56,0.1352,2.0,2.13,5.62,8.59,4.80,39.45,-3.09,-10.00
17,7,-1.00,-1.00,-1.00,-1.00,0.1334,2.4,2.38,5.98,-11.84,1.41,-30.61,3.10,-10.00
17,7,-1.00,-1.00,-1.00,-1.00,0.1093,2.0,2.12,5.38,-29.70,2.66,-30.47,1.62,-10.00
18,7,-1.00,-1.00,-1.00,-1.00,0.2689,3.3,2.68,7.58,-10.93,2.02,-40.01,1.59,-10.00
18,7,324.61,494.00,506.62,555.54,0.1993,1.9,2.18,5.26,-13.35,2.75,40.81,0.24,-10.00
18,7,-1.00,-1.00,-1.00,-1.00,0.1705,2.1,2.18,5.19,-16.65,2.09,-32.55,-1.51,-10.00
18,7,-1.00,-1.00,-1.00,-1.00,0.1432,2.0,2.28,6.02,-6.90,1.57,-35.43,1.56,-10.00
18,7,626.73,478.11,827.26,568.45,0.1351,2.0,2.14,5.67,-2.58,2.36,30.86,-2.24,-10.00
18,7,753.09,411.91,985.74,641.11,0.1277,2.0,2.08,5.20,0.42,1.67,13.90,-1.56,-10.00
18,7,-1.00,-1.00,-1.00,-1.00,0.1107,2.0,2.13,5.50,-14.50,2.55,-33.98,-1.46,-10.00
19,7,-1.00,-1.00,-1.00,-1.00,0.3238,2.1,2.20,5.46,-16.65,1.97,-34.26,-1.51,-10.00
19,7,-1.00,-1.00,-1.00,-1.00,0.2178,3.4,2.85,8.24,-10.94,2.04,-42.09,1.61,-10.00
19,7,302.49,506.31,498.77,576.73,0.1637,2.1,2.25,5.40,-13.19,3.27,38.89,-2.89,-10.00
19,7,771.87,411.23,1033.47,648.61,0.1473,2.0,2.06,5.45,0.51,1.61,13.13,-1.63,-10.00
19,7,864.95,441.57,1078.24,529.52,0.1236,2.2,2.37,5.55,4.00,1.59,34.20,-2.93,-10.00
19,7,506.78,473.29,729.21,551.84,0.1137,1.8,2.04,5.48,-5.24,2.01,31.15,-2.58,-10.00
19,7,-1.00,-1.00,-1.00,-1.00,0.1003,1.9,2.18,5.53,-18.97,2.12,-34.85,-1.61,-10.00
20,7,-1.00,-1.00,-1.00,-1.00,0.3633,2.1,2.23,5.50,-16.73,1.89,-36.12,-1.50,-10.00
20,7,-1.00,-1.00,-1.00,-1.00,0.2482,3.3,2.79,8.23,-10.88,2.17,-43.64,1.61,-10.00
20,7,-1.00,-1.00,-1.00,-1.00,0.1874,2.4,2.32,5.91,-14.61,1.86,-36.52,1.64,-10.00
20,7,775.06,395.47,1045.89,659.65,0.1396,2.0,2.06,5.44,0.55,1.59,12.35,-1.61,-10.00
20,7,264.76,494.29,474.42,566.40,0.1389,2.0,2.26,5.48,-13.60,2.84,37.44,-2.95,-10.00
20,7,471.00,435.65,597.98,515.23,0.1282,2.7,2.59,6.04,-10.95,1.65,47.58,1.73,-10.00
20,7,493.85,469.66,751.97,562.12,0.1128,2.0,2.23,5.74,-4.77,2.11,29.12,-2.65,-10.00
20,7,-1.00,-1.00,-1.00,-1.00,0.1044,1.9,2.23,5.61,-15.89,2.08,-23.97,-1.43,-10.00
21,7,-1.00,-1.00,-1.00,-1.00,0.4745,2.5,2.49,6.40,-17.16,2.22,-38.05,-1.59,-10.00
21,7,-1.00,-1.00,-1.00,-1.00,0.4632,3.4,2.73,8.25,-11.13,2.00,-45.16,1.67,-10.00
21,7,0.00,523.43,190.16,652.43,0.1348,2.0,2.16,5.25,-13.63,2.90,20.70,0.15,-10.00
21,7,234.11,494.44,453.31,568.03,0.1296,2.0,2.18,5.51,-13.77,2.77,35.88,-2.96,-10.00
21,7,728.12,410.17,855.57,524.55,0.1226,3.5,2.90,8.10,-1.04,1.87,44.10,1.74,-10.00
21,7,250.82,482.18,491.14,563.20,0.1096,1.8,2.03,5.43,-11.08,2.24,30.48,-2.80,-10.00
22,7,-1.00,-1.00,-1.00,-1.00,0.4339,2.1,2.35,6.04,-17.15,2.33,-39.32,-1.52,-10.00
22,7,272.49,416.57,506.46,544.97,0.4056,3.3,2.81,7.93,-12.40,2.15,36.54,1.76,-10.00
22,7,973.31,408.36,1261.41,532.87,0.3141,2.6,2.50,6.10,6.62,1.40,28.52,0.32,-10.00
22,7,-1.00,-1.00,-1.00,-1.00,0.2487,3.7,2.99,9.06,-11.13,1.91,-47.16,1.58,-10.00
22,7,0.00,535.24,161.25,674.80,0.1583,2.0,2.17,5.60,-13.51,3.00,19.12,0.07,-10.00
22,7,823.94,429.07,1092.63,529.52,0.1478,2.2,2.35,5.98,3.16,1.39,30.04,-2.79,-10.00
22,7,744.55,364.52,1075.98,693.95,0.1394,2.0,2.02,5.11,0.66,1.52,10.31,-1.51,-10.00
22,7,-1.00,-1.00,-1.00,-1.00,0.1168,2.0,2.12,5.55,-14.25,1.97,-39.99,1.67,-10.00
23,7,-1.00,-1.00,-1.00,-1.00,0.3582,3.6,2.86,9.49,-11.25,2.31,-48.94,1.59,-10.00
23,7,-1.00,-1.00,-1.00,-1.00,0.2912,2.2,2.36,6.19,-17.26,2.63,-40.37,-1.45,-10.00
23,7,719.84,418.61,1087.07,555.86,0.2738,2.0,2.18,5.60,1.30,1.34,20.12,0.21,-10.00
23,7,-1.00,-1.00,-1.00,-1.00,0.2293,2.0,2.24,5.44,-22.52,1.51,-5.70,-2.97,-10.00
23,7,126.30,444.67,253.64,545.97,0.1905,3.8,2.97,8.34,-25.67,3.06,50.96,1.30,-10.00
23,7,884.17,368.99,1207.23,509.40,0.1362,3.9,2.94,9.69,6.91,1.14,39.72,-2.82,-10.00
23,7,0.00,532.29,153.19,690.60,0.1194,2.0,2.14,5.25,-12.61,2.95,17.56,-3.05,-10.00
23,7,691.91,467.70,797.09,536.02,0.1134,1.9,2.12,5.54,-2.43,2.03,38.74,1.72,-10.00
23,7,486.02,447.30,857.01,575.92,0.1088,2.0,2.23,5.75,-2.53,1.73,21.03,0.21,-10.00
24,7,992.32,433.68,1396.19,576.03,0.3672,1.9,2.05,5.39,5.22,1.52,18.47,0.18,-10.00
24,7,-1.00,-1.00,-1.00,-1.00,0.1903,3.6,2.87,9.31,-11.25,2.22,-49.73,1.64,-10.00
24,7,86.02,469.64,275.65,534.91,0.1587,2.5,2.45,6.31,-25.71,2.56,50.04,0.05,-10.00
24,7,0.00,488.95,165.04,620.80,0.1418,2.1,2.27,6.06,-15.13,2.60,22.75,0.44,-10.00
24,7,1004.95,420.86,1114.17,526.22,0.1398,2.1,2.15,5.71,5.26,1.24,28.36,-1.39,-10.00
24,7,-1.00,-1.00,-1.00,-1.00,0.1312,2.0,2.19,5.57,-16.96,1.80,-41.13,-1.51,-10.00
24,7,0.00,528.09,108.13,681.24,0.1281,1.9,2.06,5.03,-12.78,2.72,16.94,-3.03,-10.00
24,7,-1.00,-1.00,-1.00,-1.00,0.1014,3.6,2.97,9.93,-14.99,1.73,-46.08,-3.12,-10.00
25,7,1270.33,399.42,1600.00,561.66,0.3404,2.0,2.09,5.38,8.96,1.20,16.86,0.22,-10.00
25,7,91.74,450.14,295.28,554.82,0.1821,3.8,3.05,8.75,-24.93,3.31,50.02,1.66,-10.00
25,7,-1.00,-1.00,-1.00,-1.00,0.1531,3.5,2.85,8.67,-11.19,2.27,-50.91,1.66,-10.00
25,7,1032.22,424.20,1141.64,524.69,0.1336,1.9,2.07,5.58,5.57,1.16,27.39,-1.41,-10.00
25,7,919.18,379.27,1217.91,511.10,0.1204,3.5,2.77,8.52,7.28,1.15,37.79,-2.85,-10.00
25,7,0.00,514.93,248.39,642.42,0.1193,1.9,2.12,5.39,-12.60,2.72,20.68,0.25,-10.00
25,7,1286.30,376.32,1589.93,519.83,0.1142,3.6,2.62,6.83,16.45,1.30,34.11,0.07,-10.00
25,7,725.99,386.09,1173.00,807.17,0.1119,1.9,2.02,5.15,0.97,1.64,8.28,-1.39,-10.00
26,7,64.11,448.54,298.59,545.00,0.2066,3.5,2.97,7.74,-24.94,2.87,48.60,0.14,-10.00
26,7,-1.00,-1.00,-1.00,-1.00,0.2026,2.2,2.28,5.64,-10.79,1.59,-48.85,1.61,-10.00
26,7,18.12,448.10,241.62,542.42,0.1325,3.3,2.83,7.11,-26.03,2.68,46.93,0.20,-10.00
26,7,-1.00,-1.00,-1.00,-1.00,0.1209,3.3,2.96,8.19,-39.99,2.60,41.17,0.14,-10.00
27,7,190.16,410.44,495.48,551.32,0.2465,3.2,2.98,9.05,-12.40,2.10,33.42,1.80,-10.00
27,7,122.22,464.39,556.37,615.91,0.1935,2.0,2.21,5.61,-7.03,2.04,18.29,0.22,-10.00
27,7,1314.83,350.82,1600.00,521.07,0.1781,3.9,2.86,7.44,16.54,1.22,31.40,0.12,-10.00
27,7,-1.00,-1.00,-1.00,-1.00,0.1557,2.1,2.19,5.40,-10.78,1.62,-49.28,1.62,-10.00
27,7,671.32,446.60,793.93,526.85,0.1300,2.1,2.21,5.62,-2.59,1.61,36.14,-1.40,-10.00
28,7,-1.00,-1.00,-1.00,-1.00,0.1126,1.9,2.05,5.32,-13.23,2.35,14.96,0.33,-10.00
29,7,-1.00,-1.00,-1.00,-1.00,0.2610,3.3,2.73,8.11,-13.59,1.97,-48.34,-0.03,-10.00
29,7,1356.28,340.67,1600.00,522.95,0.2172,3.7,2.71,7.62,16.21,1.12,27.84,0.08,-10.00
29,7,-1.00,-1.00,-1.00,-1.00,0.1770,1.9,2.06,5.25,-13.42,2.29,14.95,0.29,-10.00
29,7,417.88,444.38,871.26,608.97,0.1512,2.0,2.15,5.55,-2.33,1.78,16.67,0.20,-10.00
29,7,0.00,483.44,156.09,548.11,0.1156,2.1,2.21,5.34,-25.91,2.62,42.52,0.20,-10.00
29,7,500.39,460.68,639.07,523.00,0.1062,2.1,2.25,5.66,-9.39,1.92,46.38,1.96,-10.00
30,7,0.00,461.92,200.13,556.33,0.2592,3.2,2.63,6.28,-26.40,3.08,45.30,0.14,-10.00
30,7,0.00,484.10,151.55,545.20,0.1854,2.0,2.19,5.48,-26.08,2.53,42.55,0.25,-10.00
30,7,-1.00,-1.00,-1.00,-1.00,0.1326,1.9,2.05,5.37,-13.40,2.34,14.95,0.25,-10.00
30,7,82.81,442.18,302.65,543.75,0.1284,3.6,3.01,8.92,-24.81,2.89,49.77,1.74,-10.00
30,7,809.41,401.05,1308.51,584.23,0.1185,2.1,2.23,5.72,2.80,1.39,15.80,0.15,-10.00
30,7,463.11,441.29,902.31,596.53,0.1052,1.9,2.07,5.42,-1.85,1.63,16.70,-2.91,-10.00
30,7,-1.00,-1.00,-1.00,-1.00,0.1038,2.1,2.28,5.55,-10.73,1.32,-49.81,1.62,-10.00
31,7,0.00,487.90,163.27,549.22,0.1348,2.0,2.20,5.56,-25.76,2.67,42.66,0.26,-10.00
31,7,-1.00,-1.00,-1.00,-1.00,0.1166,1.9,2.05,5.36,-13.39,2.28,14.94,0.18,-10.00
31,7,129.96,475.58,366.97,565.83,0.1150,2.0,2.11,4.92,-13.71,2.25,29.78,0.29,-10.00
31,7,664.54,457.50,803.54,534.56,0.1128,2.0,2.15,5.42,-2.50,1.82,35.49,-1.29,-10.00
32,7,-1.00,-1.00,-1.00,-1.00,0.1942,1.9,2.11,5.50,-13.42,2.24,14.97,0.21,-10.00
32,7,56.86,437.85,289.20,543.73,0.1716,3.6,3.09,8.62,-24.55,2.77,47.77,1.76,-10.00
32,7,0.00,493.84,156.39,554.64,0.1393,2.0,2.21,5.54,-25.91,2.85,42.66,0.32,-10.00
32,7,1398.67,381.87,1600.00,578.19,0.1198,1.9,2.08,5.38,9.53,1.16,13.94,0.22,-10.00
32,7,739.40,335.14,1117.38,639.13,0.1155,2.1,2.13,5.57,0.53,1.30,11.45,-1.73,-10.00
33,7,-1.00,-1.00,-1.00,-1.00,0.3103,1.9,2.09,5.33,-13.34,2.33,14.91,0.15,-10.00
33,7,1228.04,409.92,1337.44,496.73,0.1723,2.9,2.53,6.86,17.91,0.93,49.64,-1.45,-10.00
33,7,1014.89,425.37,1131.60,528.31,0.1507,1.8,2.08,5.62,5.16,1.18,25.91,1.79,-10.00
33,7,36.38,449.43,295.52,550.67,0.1444,3.6,3.04,8.25,-24.95,3.01,47.58,0.05,-10.00
33,7,419.65,466.78,580.43,523.52,0.1223,1.9,2.13,5.18,-11.73,1.89,45.18,-2.98,-10.00
33,7,724.55,390.20,1047.57,647.37,0.1211,1.9,2.03,5.13,0.27,1.48,12.15,-1.75,-10.00
33,7,-1.00,-1.00,-1.00,-1.00,0.1192,2.1,2.34,5.81,-25.79,3.27,30.81,1.72,-10.00
33,7,0.00,456.15,178.46,556.46,0.1116,3.4,2.84,12.55,-30.28,3.05,45.24,0.08,-10.00
34,7,-1.00,-1.00,-1.00,-1.00,0.3298,1.9,2.10,5.33,-13.58,2.53,14.33,0.14,-10.00
34,7,835.68,424.69,1131.67,532.77,0.3155,1.9,2.11,5.53,3.11,1.20,24.61,-2.92,-10.00
34,7,31.88,447.73,266.31,542.53,0.2579,3.4,2.81,7.29,-25.34,2.69,47.09,0.05,-10.00
34,7,1258.98,401.64,1472.22,484.75,0.1408,2.8,2.54,6.76,19.90,0.45,46.59,0.12,-10.00
34,7,-1.00,-1.00,-1.00,-1.00,0.1372,3.1,2.63,7.85,-13.50,1.76,-48.89,-0.02,-10.00
34,7,-1.00,-1.00,-1.00,-1.00,0.1168,2.1,2.29,5.76,-25.94,3.07,30.32,1.74,-10.00
34,7,-1.00,-1.00,-1.00,-1.00,0.1161,2.5,2.36,5.82,-23.67,1.18,-14.70,-2.97,-10.00
34,7,499.36,446.00,658.72,526.44,0.1067,2.8,2.65,7.15,-9.29,2.12,47.97,1.92,-10.00
34,7,656.57,468.89,789.72,545.48,0.1008,1.9,2.07,5.70,-2.74,2.06,34.74,1.79,-10.00
34,7,694.88,370.76,1040.24,622.52,0.1007,2.0,2.04,5.42,0.09,1.37,12.90,-1.83,-10.00
35,7,1.51,443.70,245.10,551.79,0.3846,3.7,3.14,7.25,-25.70,2.95,46.00,0.11,-10.00
35,7,-1.00,-1.00,-1.00,-1.00,0.2933,1.9,2.13,5.47,-13.83,2.52,13.18,0.15,-10.00
35,7,603.10,372.35,949.45,601.94,0.1722,2.0,2.05,5.23,-0.84,1.30,13.76,-1.98,-10.00
35,7,384.70,470.24,553.05,528.53,0.1669,1.9,2.09,5.23,-12.42,2.01,43.70,-3.06,-10.00
35,7,-1.00,-1.00,-1.00,-1.00,0.1222,3.1,2.62,6.34,-12.10,1.74,-49.70,0.02,-10.00
35,7,0.00,492.60,99.64,557.10,0.1143,2.0,2.18,5.56,-26.85,2.81,40.82,0.27,-10.00
35,7,445.18,468.45,604.44,528.43,0.1132,2.1,2.15,5.30,-11.11,2.12,46.29,-2.96,-10.00
35,7,0.00,454.89,174.53,549.94,0.1079,3.1,2.71,7.43,-27.08,2.74,43.64,0.11,-10.00
35,7,470.05,465.70,625.14,524.10,0.1072,2.1,2.15,5.46,-10.79,2.06,48.61,-2.95,-10.00
35,7,1217.55,411.76,1315.81,494.38,0.1010,2.7,2.42,5.96,16.71,0.82,47.92,-1.42,-10.00
36,7,0.00,435.99,186.49,550.55,0.2620,3.8,3.11,7.39,-26.98,2.78,44.02,0.08,-10.00
36,7,447.75,381.52,818.49,598.71,0.2531,2.0,2.08,5.23,-2.46,1.36,14.46,-2.19,-10.00
36,7,805.83,433.49,1120.17,553.65,0.1523,2.0,2.16,5.36,2.47,1.48,22.62,-2.97,-10.00
36,7,-1.00,-1.00,-1.00,-1.00,0.1514,1.9,2.14,5.55,-14.03,2.41,12.00,0.25,-10.00
36,7,-1.00,-1.00,-1.00,-1.00,0.1428,3.8,3.02,7.82,-45.35,2.67,44.83,1.70,-10.00
36,7,-1.00,-1.00,-1.00,-1.00,0.1258,2.0,2.32,5.73,-22.09,-0.50,-21.02,1.75,-10.00
36,7,214.32,469.44,436.96,546.15,0.1111,2.1,2.20,5.63,-14.60,2.20,36.76,-3.12,-10.00
36,7,-1.00,-1.00,-1.00,-1.00,0.1074,2.0,2.17,5.51,-28.59,2.82,29.22,0.11,-10.00
36,7,-1.00,-1.00,-1.00,-1.00,0.1028,3.3,2.89,10.20,-18.77,0.14,-19.44,0.21,-10.00
37,7,-1.00,-1.00,-1.00,-1.00,0.3251,2.0,2.10,5.55,-14.54,2.18,9.94,0.10,-10.00
37,7,0.00,429.81,73.63,528.30,0.3002,3.1,2.57,6.53,-28.96,1.89,41.61,0.12,-10.00
37,7,-1.00,-1.00,-1.00,-1.00,0.2015,2.5,2.33,5.93,-29.68,2.30,39.37,0.17,-10.00
37,7,541.13,385.22,725.73,534.94,0.1828,3.4,2.57,6.52,-4.74,1.65,32.13,1.77,-10.00
37,7,-1.00,-1.00,-1.00,-1.00,0.1174,1.9,2.14,5.48,-29.25,2.20,36.66,0.32,-10.00
37,7,228.34,459.52,423.64,523.38,0.1080,1.9,2.04,5.19,-15.29,1.61,38.52,3.04,-10.00
38,7,690.51,425.18,1048.39,559.89,0.4488,2.0,2.09,5.35,0.70,1.38,19.81,0.10,-10.00
38,7,-1.00,-1.00,-1.00,-1.00,0.3796,1.9,2.06,5.34,-15.02,2.03,7.92,0.04,-10.00
38,7,0.00,411.00,25.93,549.43,0.1541,3.7,2.98,7.77,-29.00,2.37,38.19,-1.33,-10.00
38,7,-1.00,-1.00,-1.00,-1.00,0.1417,3.1,2.60,7.28,40.07,0.74,24.44,1.67,-10.00
38,7,-1.00,-1.00,-1.00,-1.00,0.1207,2.0,2.15,5.50,41.12,0.29,21.55,0.06,-10.00
38,7,248.70,418.42,382.51,515.07,0.1074,3.5,2.86,7.62,-20.38,1.73,50.50,1.48,-10.00
39,7,7.44,463.70,274.47,544.73,0.2806,2.0,2.09,5.52,-17.22,1.86,31.73,3.04,-10.00
39,7,663.76,437.08,1055.85,578.44,0.2625,1.9,2.13,5.44,0.51,1.55,18.48,-3.05,-10.00
39,7,-1.00,-1.00,-1.00,-1.00,0.2597,1.9,2.15,5.46,-15.41,2.12,6.29,0.01,-10.00
39,7,-1.00,-1.00,-1.00,-1.00,0.2514,2.1,2.17,5.47,-20.77,1.95,6.67,0.08,-10.00
39,7,-1.00,-1.00,-1.00,-1.00,0.1972,3.5,2.89,8.21,39.44,1.12,24.03,-1.55,-10.00
39,7,487.46,355.77,695.11,533.11,0.1541,3.8,2.81,8.43,-5.55,1.55,31.37,-1.47,-10.00
39,7,-1.00,-1.00,-1.00,-1.00,0.1491,3.0,2.54,6.07,-29.98,1.60,37.17,0.13,-10.00
39,7,0.00,482.44,15.47,603.80,0.1416,1.9,2.08,5.33,-17.04,2.19,21.20,0.07,-10.00
39,7,163.93,459.32,370.51,528.80,0.1293,1.9,2.07,5.31,-16.58,1.72,37.26,-2.99,-10.00
39,7,-1.00,-1.00,-1.00,-1.00,0.1267,2.9,2.87,8.37,-17.52,0.35,-25.04,0.15,-10.00
39,7,-1.00,-1.00,-1.00,-1.00,0.1219,2.2,2.31,5.91,44.62,0.39,20.46,0.10,-10.00
39,7,-1.00,-1.00,-1.00,-1.00,0.1198,2.0,2.16,5.27,-30.75,2.38,32.37,0.09,-10.00
39,7,424.29,409.80,608.66,534.65,0.1111,2.5,2.23,5.57,-6.72,1.42,27.96,-1.47,-10.00
39,7,-1.00,-1.00,-1.00,-1.00,0.1110,1.9,2.15,5.27,-30.65,2.90,22.74,0.08,-10.00
39,7,253.21,448.84,450.04,513.33,0.1100,2.0,2.13,5.71,-15.66,1.39,41.50,-3.06,-10.00
39,7,-1.00,-1.00,-1.00,-1.00,0.1054,1.8,2.08,5.26,-29.49,2.82,7.34,-3.03,-10.00
39,7,211.52,453.15,417.49,520.32,0.1047,2.0,2.15,5.75,-16.28,1.56,39.97,-3.01,-10.00
39,7,-1.00,-1.00,-1.00,-1.00,0.1016,2.6,2.43,6.08,-30.78,2.03,35.09,0.18,-10.00
39,7,1138.16,397.53,1254.42,508.35,0.1005,3.3,2.77,7.14,12.67,1.24,43.54,-1.43,-10.00
