0,7,-1.00,-1.00,-1.00,-1.00,0.9064,2.0,2.19,5.91,-11.99,1.85,-7.38,1.59,-10.00
0,7,942.39,451.59,1056.52,531.22,0.3798,2.0,2.14,5.75,4.67,1.67,34.80,-1.61,-10.00
0,7,-1.00,-1.00,-1.00,-1.00,0.3391,2.0,2.07,5.64,4.09,1.14,-27.94,1.66,-10.00
0,7,-1.00,-1.00,-1.00,-1.00,0.3375,1.9,2.39,5.75,-25.10,1.99,-6.85,1.58,-10.00
0,7,-1.00,-1.00,-1.00,-1.00,0.2567,1.9,2.28,5.88,-23.70,2.09,-2.80,-1.65,-10.00
0,7,-1.00,-1.00,-1.00,-1.00,0.1935,2.0,2.27,5.71,-8.19,1.05,-38.68,1.45,-10.00
0,7,1239.99,439.75,1461.62,516.39,0.1868,1.9,2.16,5.30,14.47,1.24,34.93,0.17,-10.00
0,7,-1.00,-1.00,-1.00,-1.00,0.1583,2.3,2.34,6.17,13.68,0.87,-10.92,1.64,-10.00
0,7,-1.00,-1.00,-1.00,-1.00,0.1505,2.0,2.38,5.94,-41.71,2.88,8.28,-1.57,-10.00
0,7,-1.00,-1.00,-1.00,-1.00,0.1440,1.8,2.10,5.53,-11.73,2.06,5.06,1.65,-10.00
0,7,-1.00,-1.00,-1.00,-1.00,0.1414,2.1,2.34,6.05,33.00,0.37,1.52,1.68,-10.00
0,7,1010.21,455.10,1151.83,555.86,0.1389,1.9,2.11,5.34,5.18,1.75,26.30,-1.52,-10.00
0,7,-1.00,-1.00,-1.00,-1.00,0.1366,2.0,2.22,5.43,26.79,-0.26,-28.47,-0.22,-10.00
0,7,-1.00,-1.00,-1.00,-1.00,0.1348,1.9,2.10,5.68,4.39,1.28,-22.27,-1.59,-10.00
0,7,-1.00,-1.00,-1.00,-1.00,0.1286,1.9,2.24,5.55,-24.94,1.70,1.07,1.51,-10.00
0,7,-1.00,-1.00,-1.00,-1.00,0.1176,1.9,2.05,5.38,14.52,-0.02,-36.85,-0.13,-10.00
0,7,-1.00,-1.00,-1.00,-1.00,0.1154,1.9,2.18,5.23,-36.90,2.17,-32.75,-3.10,-10.00
0,7,931.71,461.22,1034.35,549.30,0.1127,1.9,2.14,5.95,3.72,1.91,30.84,1.64,-10.00
0,7,-1.00,-1.00,-1.00,-1.00,0.1101,2.1,2.29,5.68,35.15,0.31,2.29,0.05,-10.00
0,7,-1.00,-1.00,-1.00,-1.00,0.1068,2.0,2.21,5.67,-12.52,1.87,-40.02,-1.53,-10.00
0,7,-1.00,-1.00,-1.00,-1.00,0.1049,1.9,2.16,5.52,29.53,1.09,22.35,-3.11,-10.00
1,7,-1.00,-1.00,-1.00,-1.00,0.8830,2.0,2.17,5.95,-12.09,1.89,-11.66,1.55,-10.00
1,7,959.28,445.66,1077.30,533.92,0.7843,1.9,2.10,5.75,4.55,1.54,30.63,-1.55,-10.00
1,7,-1.00,-1.00,-1.00,-1.00,0.3872,1.8,2.08,5.59,-11.82,2.07,0.93,-1.49,-10.00
1,7,-1.00,-1.00,-1.00,-1.00,0.2899,2.0,2.17,5.75,4.25,1.22,-26.67,-1.53,-10.00
1,7,-1.00,-1.00,-1.00,-1.00,0.2535,1.9,2.25,5.43,-41.84,3.09,1.76,-1.57,-10.00
1,7,-1.00,-1.00,-1.00,-1.00,0.2534,2.0,2.19,5.51,-8.04,1.37,-45.24,1.47,-10.00
1,7,1041.34,437.01,1191.17,529.44,0.1317,2.0,2.17,6.03,6.94,1.43,30.79,-1.59,-10.00
1,7,-1.00,-1.00,-1.00,-1.00,0.1178,2.0,2.26,5.71,-32.74,3.02,22.17,-1.56,-10.00
1,7,-1.00,-1.00,-1.00,-1.00,0.1163,2.2,2.36,5.83,-44.37,2.33,13.22,-1.41,-10.00
1,7,-1.00,-1.00,-1.00,-1.00,0.1117,1.8,2.18,5.61,-25.26,1.74,-12.38,-1.57,-10.00
1,7,1189.71,453.96,1329.25,524.63,0.1104,1.9,2.10,5.61,12.99,1.62,38.05,-1.60,-10.00
1,7,451.14,478.61,553.72,534.45,0.1092,1.8,2.15,5.54,-11.28,2.25,44.02,1.57,-10.00
1,7,-1.00,-1.00,-1.00,-1.00,0.1052,2.1,2.30,5.98,-42.30,3.28,-1.64,-1.56,-10.00
2,7,-1.00,-1.00,-1.00,-1.00,0.9191,1.9,2.15,5.88,-12.26,1.70,-15.64,1.57,-10.00
2,7,987.78,460.06,1133.21,565.82,0.8110,2.0,2.14,5.82,4.76,1.95,26.45,-1.54,-10.00
2,7,-1.00,-1.00,-1.00,-1.00,0.2683,2.3,2.45,6.06,50.02,0.91,40.47,-3.14,-10.00
2,7,-1.00,-1.00,-1.00,-1.00,0.2374,1.9,2.11,5.51,4.17,1.00,-30.65,-1.59,-10.00
2,7,-1.00,-1.00,-1.00,-1.00,0.2041,1.9,2.18,5.45,-24.95,2.49,3.51,-1.54,-10.00
2,7,-1.00,-1.00,-1.00,-1.00,0.1936,2.0,2.39,5.87,-25.52,1.80,-15.45,1.56,-10.00
2,7,-1.00,-1.00,-1.00,-1.00,0.1598,3.3,2.74,7.45,26.55,0.72,-1.36,-1.34,-10.00
2,7,-1.00,-1.00,-1.00,-1.00,0.1544,2.2,2.36,5.97,-40.77,3.70,27.35,-1.67,-10.00
2,7,475.11,474.55,584.64,533.29,0.1510,2.0,2.18,5.69,-10.63,2.27,45.39,1.66,-10.00
2,7,-1.00,-1.00,-1.00,-1.00,0.1326,1.9,2.09,5.26,-8.24,1.26,-51.26,1.52,-10.00
2,7,-1.00,-1.00,-1.00,-1.00,0.1300,2.0,2.38,5.76,-42.18,2.60,-0.67,1.57,-10.00
2,7,1234.24,453.57,1422.88,514.45,0.1291,1.9,2.11,5.39,16.64,1.44,41.71,-0.04,-10.00
2,7,-1.00,-1.00,-1.00,-1.00,0.1140,1.9,2.03,5.33,3.60,0.88,-36.64,-1.47,-10.00
2,7,-1.00,-1.00,-1.00,-1.00,0.1070,2.7,2.49,6.48,-32.81,3.09,19.25,-1.63,-10.00
2,7,-1.00,-1.00,-1.00,-1.00,0.1057,2.0,2.18,5.60,-13.06,1.48,-50.98,1.57,-10.00
2,7,1249.11,457.64,1471.91,525.70,0.1021,1.8,2.08,5.31,14.75,1.51,34.76,-0.12,-10.00
3,7,-1.00,-1.00,-1.00,-1.00,0.8833,1.9,2.15,5.69,-12.43,1.84,-19.60,1.56,-10.00
3,7,1006.01,439.19,1203.44,567.13,0.7416,1.9,2.13,5.81,4.67,1.63,22.07,-1.57,-10.00
3,7,-1.00,-1.00,-1.00,-1.00,0.4567,2.0,2.29,5.65,-25.49,1.96,-19.56,1.60,-10.00
3,7,-1.00,-1.00,-1.00,-1.00,0.2534,1.9,2.20,5.90,4.04,0.96,-34.81,-1.65,-10.00
3,7,-1.00,-1.00,-1.00,-1.00,0.2185,2.0,2.21,5.61,-40.39,3.33,23.28,-1.51,-10.00
3,7,445.55,479.82,559.37,542.86,0.1742,1.9,2.13,5.46,-10.59,2.39,41.42,1.62,-10.00
3,7,-1.00,-1.00,-1.00,-1.00,0.1652,1.8,2.01,5.23,3.45,0.82,-40.83,-1.47,-10.00
3,7,376.56,482.58,499.11,552.72,0.1589,1.8,2.01,5.22,-10.96,2.32,35.74,1.54,-10.00
3,7,-1.00,-1.00,-1.00,-1.00,0.1174,2.0,2.29,5.87,-25.52,1.97,-14.20,-1.58,-10.00
3,7,-1.00,-1.00,-1.00,-1.00,0.1156,2.1,2.14,5.30,-13.00,1.71,-52.14,-1.55,-10.00
3,7,-1.00,-1.00,-1.00,-1.00,0.1155,1.9,2.08,5.56,3.19,0.84,-48.22,-1.56,-10.00
3,7,-1.00,-1.00,-1.00,-1.00,0.1135,1.9,2.25,5.58,-42.19,2.56,-6.33,1.57,-10.00
3,7,1437.78,433.81,1600.00,503.53,0.1109,1.8,2.15,5.29,21.07,0.93,37.96,1.49,-10.00
3,7,1000.21,427.75,1097.25,504.90,0.1099,2.2,2.16,5.67,7.12,1.05,40.77,-1.56,-10.00
3,7,1102.65,434.12,1227.48,512.83,0.1083,1.9,2.11,5.42,9.38,1.14,35.23,-1.55,-10.00
3,7,-1.00,-1.00,-1.00,-1.00,0.1064,2.1,2.32,5.59,-43.24,2.34,-38.96,-1.67,-10.00
4,7,-1.00,-1.00,-1.00,-1.00,0.8639,2.0,2.15,5.66,-12.68,1.70,-24.15,1.60,-10.00
4,7,1065.66,421.95,1337.88,595.98,0.7897,2.0,2.13,5.84,4.94,1.62,17.58,-1.55,-10.00
4,7,-1.00,-1.00,-1.00,-1.00,0.3232,1.9,2.20,5.65,-26.01,1.82,-23.28,1.66,-10.00
4,7,411.89,474.72,529.85,544.94,0.2520,1.9,2.06,5.39,-10.24,2.16,36.52,1.54,-10.00
4,7,-1.00,-1.00,-1.00,-1.00,0.2449,1.8,2.12,5.40,-22.27,2.53,7.99,-1.55,-10.00
4,7,-1.00,-1.00,-1.00,-1.00,0.2333,1.9,2.07,5.67,-32.90,2.62,10.73,-1.62,-10.00
4,7,-1.00,-1.00,-1.00,-1.00,0.1800,2.0,2.25,5.98,-40.98,3.00,11.48,1.71,-10.00
4,7,-1.00,-1.00,-1.00,-1.00,0.1754,2.0,2.21,5.77,28.33,0.81,3.21,-3.11,-10.00
4,7,-1.00,-1.00,-1.00,-1.00,0.1666,2.0,2.30,5.71,-37.15,3.14,-0.08,-1.51,-10.00
4,7,-1.00,-1.00,-1.00,-1.00,0.1413,1.9,2.01,5.35,2.75,0.57,-45.31,-1.49,-10.00
4,7,-1.00,-1.00,-1.00,-1.00,0.1335,1.9,2.17,5.51,23.66,1.00,31.89,-3.13,-10.00
4,7,-1.00,-1.00,-1.00,-1.00,0.1324,1.9,2.06,5.68,3.22,1.14,-39.43,-1.50,-10.00
4,7,-1.00,-1.00,-1.00,-1.00,0.1321,1.9,2.11,5.18,37.28,0.27,31.27,-3.13,-10.00
4,7,-1.00,-1.00,-1.00,-1.00,0.1249,1.9,2.11,5.62,16.03,-0.06,-49.43,-0.07,-10.00
4,7,232.84,465.88,410.15,526.14,0.1238,1.9,2.08,5.33,-17.06,1.86,42.40,0.24,-10.00
4,7,939.96,456.84,1018.74,517.71,0.1204,2.1,2.25,6.04,5.85,1.80,48.74,-1.58,-10.00
4,7,-1.00,-1.00,-1.00,-1.00,0.1100,1.9,2.22,5.68,-25.06,2.13,-5.62,-1.51,-10.00
4,7,-1.00,-1.00,-1.00,-1.00,0.1095,2.1,2.34,6.14,-24.72,1.76,-30.10,1.57,-10.00
4,7,-1.00,-1.00,-1.00,-1.00,0.1056,2.0,2.15,5.67,-39.94,3.12,47.70,-0.01,-10.00
4,7,-1.00,-1.00,-1.00,-1.00,0.1015,2.2,2.34,6.09,-29.25,1.99,3.43,1.62,-10.00
4,7,315.91,482.52,476.76,564.01,0.1010,1.8,2.07,5.41,-10.43,2.25,30.89,1.58,-10.00
5,7,-1.00,-1.00,-1.00,-1.00,0.7539,2.0,2.21,5.79,-13.19,1.96,-28.27,1.61,-10.00
5,7,1130.41,390.22,1562.33,642.29,0.6364,2.0,2.15,5.95,4.95,1.56,13.21,-1.55,-10.00
5,7,-1.00,-1.00,-1.00,-1.00,0.2952,2.0,2.32,5.73,-25.07,2.40,-9.65,-1.55,-10.00
5,7,946.55,460.37,1040.07,523.05,0.2273,2.0,2.16,5.85,5.82,1.84,44.57,-1.64,-10.00
5,7,-1.00,-1.00,-1.00,-1.00,0.2002,1.9,2.07,5.37,2.39,0.88,-49.63,1.67,-10.00
5,7,-1.00,-1.00,-1.00,-1.00,0.1840,2.5,2.35,6.26,35.05,0.24,-42.17,0.11,-10.00
5,7,-1.00,-1.00,-1.00,-1.00,0.1759,2.0,2.36,5.71,-42.69,3.05,-8.07,-1.44,-10.00
5,7,-1.00,-1.00,-1.00,-1.00,0.1742,2.0,2.26,5.88,-32.93,2.55,6.11,-1.51,-10.00
5,7,-1.00,-1.00,-1.00,-1.00,0.1692,2.0,2.19,5.62,50.58,0.02,25.86,-3.06,-10.00
5,7,-1.00,-1.00,-1.00,-1.00,0.1507,2.2,2.39,5.43,47.93,0.02,27.25,1.57,-10.00
5,7,-1.00,-1.00,-1.00,-1.00,0.1482,2.0,2.32,5.74,-40.50,3.32,15.80,1.53,-10.00
5,7,-1.00,-1.00,-1.00,-1.00,0.1476,2.0,2.16,5.49,-41.09,3.18,7.21,-1.49,-10.00
5,7,0.00,475.66,27.85,540.77,0.1469,2.0,2.14,5.46,-28.87,2.24,40.09,0.14,-10.00
5,7,-1.00,-1.00,-1.00,-1.00,0.1268,1.9,2.12,5.50,-12.37,2.03,-15.99,1.64,-10.00
5,7,-1.00,-1.00,-1.00,-1.00,0.1221,2.0,2.16,5.85,3.00,1.27,-43.75,-1.56,-10.00
5,7,-1.00,-1.00,-1.00,-1.00,0.1134,1.9,2.07,5.33,-13.69,1.52,-40.05,1.64,-10.00
5,7,0.00,460.80,134.95,546.07,0.1107,2.1,2.19,5.64,-21.84,2.01,33.66,0.22,-10.00
5,7,-1.00,-1.00,-1.00,-1.00,0.1086,2.0,2.17,5.54,28.32,0.66,-1.52,0.07,-10.00
5,7,60.78,475.55,297.23,574.21,0.1064,1.8,2.03,5.43,-13.13,2.07,25.91,1.58,-10.00
5,7,-1.00,-1.00,-1.00,-1.00,0.1003,2.2,2.45,6.84,-26.47,1.51,-28.10,-1.51,-10.00
6,7,1222.49,362.16,1600.00,790.58,0.7752,2.1,2.11,5.76,4.88,1.69,8.97,-1.59,-10.00
6,7,-1.00,-1.00,-1.00,-1.00,0.5708,1.9,2.20,5.55,-13.47,1.92,-32.25,1.59,-10.00
6,7,972.51,440.44,1063.53,511.97,0.5666,2.0,2.10,5.65,6.12,1.29,40.72,-1.56,-10.00
6,7,288.50,469.17,485.13,562.31,0.5446,1.9,2.17,5.83,-9.83,2.04,28.64,1.62,-10.00
6,7,-1.00,-1.00,-1.00,-1.00,0.3597,2.1,2.31,6.09,2.53,1.04,-48.62,-1.58,-10.00
6,7,-1.00,-1.00,-1.00,-1.00,0.1768,1.9,2.07,5.25,-24.40,0.72,-50.56,3.12,-10.00
6,7,-1.00,-1.00,-1.00,-1.00,0.1496,2.0,2.23,5.76,-36.63,2.55,-0.12,-1.50,-10.00
6,7,-1.00,-1.00,-1.00,-1.00,0.1478,2.0,2.27,6.17,-22.42,2.35,0.39,-1.46,-10.00
6,7,-1.00,-1.00,-1.00,-1.00,0.1405,1.9,2.16,5.31,-24.04,2.53,12.01,1.61,-10.00
6,7,-1.00,-1.00,-1.00,-1.00,0.1173,2.0,2.16,5.56,50.29,0.11,21.47,0.10,-10.00
6,7,-1.00,-1.00,-1.00,-1.00,0.1172,1.9,2.31,5.82,-42.54,2.72,-12.06,-1.57,-10.00
6,7,-1.00,-1.00,-1.00,-1.00,0.1156,2.1,2.23,5.68,28.09,0.62,-6.44,-3.07,-10.00
6,7,-1.00,-1.00,-1.00,-1.00,0.1082,1.9,2.12,5.48,34.09,0.27,-46.59,-0.30,-10.00
6,7,-1.00,-1.00,-1.00,-1.00,0.1056,2.0,2.19,5.82,3.73,1.30,-37.41,-1.71,-10.00
6,7,-1.00,-1.00,-1.00,-1.00,0.1050,2.0,2.39,5.76,-43.57,2.82,-35.30,-1.53,-10.00
7,7,188.83,457.01,427.38,568.39,0.8635,1.9,2.12,5.71,-9.88,1.85,24.53,1.60,-10.00
7,7,1475.19,0.18,1600.00,900.00,0.8225,2.0,2.13,5.78,4.98,1.44,4.73,-1.54,-10.00
7,7,993.97,438.02,1092.01,517.24,0.4965,2.0,1.97,5.05,6.19,1.32,36.40,-1.56,-10.00
7,7,-1.00,-1.00,-1.00,-1.00,0.4338,1.8,2.09,5.29,-13.57,1.76,-36.36,1.57,-10.00
7,7,1309.05,433.18,1600.00,595.25,0.3195,1.9,2.12,5.39,9.37,1.56,16.23,-3.07,-10.00
7,7,-1.00,-1.00,-1.00,-1.00,0.2036,2.0,2.23,5.72,37.74,0.36,17.76,-3.10,-10.00
7,7,-1.00,-1.00,-1.00,-1.00,0.1986,2.0,2.34,5.72,-40.39,3.04,7.53,1.64,-10.00
7,7,-1.00,-1.00,-1.00,-1.00,0.1921,2.0,2.20,5.87,2.89,1.41,-42.10,-1.45,-10.00
7,7,-1.00,-1.00,-1.00,-1.00,0.1599,1.9,2.19,5.47,-41.30,2.68,-1.24,-1.54,-10.00
7,7,-1.00,-1.00,-1.00,-1.00,0.1250,1.8,2.13,5.26,-36.00,2.61,0.44,-1.54,-10.00
7,7,-1.00,-1.00,-1.00,-1.00,0.1197,2.0,2.38,5.93,-42.80,2.87,-16.48,-1.54,-10.00
7,7,-1.00,-1.00,-1.00,-1.00,0.1183,1.9,2.15,5.48,-41.96,2.44,-4.83,-1.41,-10.00
7,7,-1.00,-1.00,-1.00,-1.00,0.1147,1.8,2.11,5.36,-46.77,2.51,-9.48,-1.56,-10.00
7,7,-1.00,-1.00,-1.00,-1.00,0.1116,1.9,2.13,5.54,-27.90,2.11,-47.86,-1.49,-10.00
7,7,-1.00,-1.00,-1.00,-1.00,0.1026,2.0,2.22,5.29,-24.83,0.91,-30.61,1.81,-10.00
8,7,27.79,452.96,341.12,588.44,0.8258,1.9,2.06,5.54,-9.98,1.78,20.16,1.60,-10.00
8,7,-1.00,-1.00,-1.00,-1.00,0.8093,2.1,2.20,5.93,4.88,1.37,0.53,-1.56,-10.00
8,7,1005.84,429.91,1134.94,525.63,0.4800,2.2,2.17,5.73,6.14,1.40,32.33,-1.57,-10.00
8,7,-1.00,-1.00,-1.00,-1.00,0.3536,2.0,2.17,5.42,-13.66,2.09,-40.88,1.57,-10.00
8,7,-1.00,-1.00,-1.00,-1.00,0.3276,1.9,2.19,5.41,-24.05,2.33,3.63,1.65,-10.00
8,7,966.82,452.35,1050.58,512.00,0.2097,2.0,2.13,5.64,6.82,1.53,47.59,-1.61,-10.00
8,7,-1.00,-1.00,-1.00,-1.00,0.1935,2.0,2.27,5.68,37.86,1.16,13.05,-3.01,-10.00
8,7,-1.00,-1.00,-1.00,-1.00,0.1631,2.2,2.32,6.02,-24.22,1.76,-34.36,1.51,-10.00
8,7,-1.00,-1.00,-1.00,-1.00,0.1593,1.9,2.30,5.71,-35.75,2.51,1.89,-1.55,-10.00
8,7,-1.00,-1.00,-1.00,-1.00,0.1563,1.9,2.08,5.54,3.91,1.28,-28.76,-1.54,-10.00
8,7,-1.00,-1.00,-1.00,-1.00,0.1496,2.0,2.27,5.65,-42.99,2.58,-25.60,1.73,-10.00
8,7,-1.00,-1.00,-1.00,-1.00,0.1375,2.0,2.16,5.53,49.97,-0.05,12.96,-3.04,-10.00
8,7,-1.00,-1.00,-1.00,-1.00,0.1336,2.9,2.81,6.95,50.35,-2.16,-28.93,-3.11,-10.00
8,7,-1.00,-1.00,-1.00,-1.00,0.1218,2.8,2.56,6.55,-51.69,2.84,-8.20,-0.34,-10.00
8,7,931.22,464.32,1020.87,542.69,0.1186,1.9,2.05,5.56,3.80,1.88,32.76,-1.50,-10.00
8,7,-1.00,-1.00,-1.00,-1.00,0.1118,2.5,2.39,6.63,-3.43,2.02,-50.98,-1.52,-10.00
8,7,-1.00,-1.00,-1.00,-1.00,0.1085,2.1,2.12,5.50,-46.49,1.68,-16.46,3.10,-10.00
9,7,-1.00,-1.00,-1.00,-1.00,0.8087,2.0,2.20,6.05,4.83,1.41,-3.66,-1.53,-10.00
9,7,0.00,458.24,220.27,645.88,0.7924,1.9,2.08,5.59,-10.14,1.97,15.84,1.60,-10.00
9,7,1021.99,430.77,1173.64,537.84,0.4527,2.1,2.13,5.82,5.84,1.49,27.80,-1.56,-10.00
9,7,-1.00,-1.00,-1.00,-1.00,0.2418,1.9,2.04,5.31,3.98,1.11,-32.77,-1.54,-10.00
9,7,-1.00,-1.00,-1.00,-1.00,0.2245,2.1,2.20,5.61,49.85,0.39,8.82,0.06,-10.00
9,7,-1.00,-1.00,-1.00,-1.00,0.1886,1.9,2.19,5.49,-13.28,1.55,-44.89,1.56,-10.00
9,7,-1.00,-1.00,-1.00,-1.00,0.1489,1.9,2.16,5.56,-26.60,1.73,-38.73,-1.54,-10.00
9,7,-1.00,-1.00,-1.00,-1.00,0.1445,1.9,2.16,5.41,-12.37,1.69,-26.99,1.61,-10.00
9,7,-1.00,-1.00,-1.00,-1.00,0.1331,1.9,2.16,5.42,37.18,0.49,9.40,-3.11,-10.00
9,7,-1.00,-1.00,-1.00,-1.00,0.1328,1.9,2.19,5.45,-25.68,1.72,-26.12,-1.46,-10.00
9,7,-1.00,-1.00,-1.00,-1.00,0.1302,1.8,2.06,5.35,30.24,0.19,19.30,0.99,-10.00
9,7,-1.00,-1.00,-1.00,-1.00,0.1265,1.9,2.06,5.10,-27.81,1.60,-42.39,-3.11,-10.00
9,7,-1.00,-1.00,-1.00,-1.00,0.1221,3.4,2.92,7.65,36.85,-0.83,-48.10,0.01,-10.00
9,7,-1.00,-1.00,-1.00,-1.00,0.1119,2.1,2.25,5.42,13.17,0.06,-24.95,1.61,-10.00
9,7,-1.00,-1.00,-1.00,-1.00,0.1063,3.3,2.61,6.17,-16.36,0.42,-38.65,0.04,-10.00
9,7,-1.00,-1.00,-1.00,-1.00,0.1058,1.9,2.12,5.66,3.54,1.34,-39.46,-1.42,-10.00
9,7,581.98,471.78,658.24,526.13,0.1020,2.0,2.13,5.57,-8.14,2.20,49.91,1.57,-10.00
10,7,-1.00,-1.00,-1.00,-1.00,0.6218,2.0,2.20,6.08,4.79,1.37,-8.04,-1.55,-10.00
10,7,0.00,455.49,17.93,731.06,0.4393,1.9,2.05,5.58,-10.32,1.94,11.45,1.61,-10.00
10,7,1033.02,418.65,1232.20,552.55,0.3628,2.2,2.18,5.97,5.59,1.53,23.88,-1.59,-10.00
10,7,-1.00,-1.00,-1.00,-1.00,0.3275,1.9,2.11,5.64,4.03,0.73,-37.36,-1.51,-10.00
10,7,-1.00,-1.00,-1.00,-1.00,0.1477,2.0,2.32,5.62,-35.07,3.53,1.38,-1.51,-10.00
10,7,-1.00,-1.00,-1.00,-1.00,0.1475,1.9,2.08,5.18,22.99,0.50,6.15,-3.09,-10.00
10,7,-1.00,-1.00,-1.00,-1.00,0.1290,2.0,2.16,5.77,4.16,0.93,-44.30,-1.54,-10.00
10,7,-1.00,-1.00,-1.00,-1.00,0.1232,1.9,2.19,5.26,-16.04,1.94,20.30,0.63,-10.00
10,7,-1.00,-1.00,-1.00,-1.00,0.1160,2.0,2.16,5.63,-26.56,1.76,-43.36,-1.49,-10.00
10,7,-1.00,-1.00,-1.00,-1.00,0.1157,1.9,2.02,5.30,-27.83,1.78,-47.03,-3.12,-10.00
10,7,-1.00,-1.00,-1.00,-1.00,0.1038,2.0,2.23,5.65,30.44,-0.16,-24.35,1.76,-10.00
10,7,-1.00,-1.00,-1.00,-1.00,0.1009,2.0,2.37,5.86,-40.81,2.53,-17.86,1.56,-10.00
11,7,1064.65,417.52,1308.44,577.75,0.5500,2.2,2.13,5.81,5.44,1.61,19.93,-1.58,-10.00
11,7,-1.00,-1.00,-1.00,-1.00,0.4995,1.9,2.07,5.53,-10.44,2.03,7.46,1.59,-10.00
11,7,-1.00,-1.00,-1.00,-1.00,0.4937,2.3,2.38,5.79,4.65,1.48,-12.04,-1.51,-10.00
11,7,-1.00,-1.00,-1.00,-1.00,0.1892,2.0,2.29,5.64,50.03,-0.09,0.97,-3.11,-10.00
11,7,-1.00,-1.00,-1.00,-1.00,0.1701,2.0,2.12,5.50,4.71,0.92,-35.77,-1.48,-10.00
11,7,-1.00,-1.00,-1.00,-1.00,0.1648,2.0,2.37,5.57,-41.55,2.96,-19.03,1.67,-10.00
11,7,-1.00,-1.00,-1.00,-1.00,0.1390,1.9,2.21,5.54,-27.94,2.55,15.67,-1.65,-10.00
11,7,-1.00,-1.00,-1.00,-1.00,0.1259,2.0,2.21,5.56,-34.97,3.13,-1.30,-1.54,-10.00
11,7,-1.00,-1.00,-1.00,-1.00,0.1071,3.5,3.05,8.56,-51.06,2.39,-19.51,1.28,-10.00
11,7,-1.00,-1.00,-1.00,-1.00,0.1005,1.9,2.24,5.56,-43.41,2.61,-33.19,-1.45,-10.00
12,7,-1.00,-1.00,-1.00,-1.00,0.8161,1.8,2.02,5.37,-10.42,1.87,2.79,1.60,-10.00
12,7,1112.67,401.79,1469.45,616.02,0.6986,2.1,2.14,5.85,5.30,1.60,15.44,-1.58,-10.00
12,7,-1.00,-1.00,-1.00,-1.00,0.6215,2.1,2.26,6.14,4.64,1.25,-16.28,-1.53,-10.00
12,7,-1.00,-1.00,-1.00,-1.00,0.2121,2.0,2.25,5.80,4.12,0.38,-48.56,-1.60,-10.00
12,7,-1.00,-1.00,-1.00,-1.00,0.2010,2.0,2.13,5.28,-30.27,2.68,18.98,-3.11,-10.00
12,7,-1.00,-1.00,-1.00,-1.00,0.1582,1.9,2.15,5.55,4.75,0.99,-39.87,-1.43,-10.00
12,7,974.58,448.35,1071.20,519.90,0.1475,1.8,2.07,5.47,5.65,1.41,36.73,-1.55,-10.00
12,7,-1.00,-1.00,-1.00,-1.00,0.1347,1.9,2.23,5.60,-29.52,2.22,9.76,0.03,-10.00
12,7,-1.00,-1.00,-1.00,-1.00,0.1080,2.0,2.23,5.59,-40.00,2.69,-14.62,-1.71,-10.00
12,7,-1.00,-1.00,-1.00,-1.00,0.1054,1.9,2.15,5.42,-12.17,1.78,-38.98,1.62,-10.00
13,7,-1.00,-1.00,-1.00,-1.00,0.8582,2.0,2.19,5.96,4.62,1.14,-20.86,-1.55,-10.00
13,7,-1.00,-1.00,-1.00,-1.00,0.7244,1.8,2.06,5.44,-10.56,1.78,-1.74,1.62,-10.00
13,7,1190.56,339.81,1600.00,679.27,0.4429,2.1,2.17,5.88,5.09,1.47,10.87,-1.56,-10.00
13,7,527.56,475.64,630.53,534.94,0.4382,2.0,2.31,6.24,-8.99,2.37,46.17,1.61,-10.00
13,7,-1.00,-1.00,-1.00,-1.00,0.3236,1.9,2.13,5.43,22.69,0.58,-6.68,-3.13,-10.00
13,7,-1.00,-1.00,-1.00,-1.00,0.1767,2.0,2.14,5.63,5.14,1.24,-29.33,-1.51,-10.00
13,7,986.65,429.18,1116.44,520.79,0.1358,2.1,2.18,5.63,5.66,1.26,32.35,-1.59,-10.00
13,7,-1.00,-1.00,-1.00,-1.00,0.1343,2.1,2.20,5.63,4.08,0.77,-50.88,-1.53,-10.00
13,7,-1.00,-1.00,-1.00,-1.00,0.1244,2.1,2.26,5.64,49.95,-0.48,-7.83,0.11,-10.00
13,7,-1.00,-1.00,-1.00,-1.00,0.1219,1.9,2.12,5.73,13.20,1.04,-13.01,1.83,-10.00
13,7,-1.00,-1.00,-1.00,-1.00,0.1185,2.0,2.11,5.60,4.80,1.15,-44.54,-1.45,-10.00
13,7,-1.00,-1.00,-1.00,-1.00,0.1179,1.9,2.07,5.33,-16.01,1.71,-33.43,0.06,-10.00
13,7,710.64,467.88,800.73,535.77,0.1108,1.9,2.06,5.73,-2.12,2.04,39.15,1.65,-10.00
13,7,-1.00,-1.00,-1.00,-1.00,0.1079,2.0,2.23,5.73,28.14,0.39,-35.62,-3.09,-10.00
13,7,-1.00,-1.00,-1.00,-1.00,0.1072,2.2,2.30,6.02,48.21,-0.60,-23.00,-3.06,-10.00
13,7,-1.00,-1.00,-1.00,-1.00,0.1062,1.9,2.15,5.47,-43.26,2.67,-48.01,-1.46,-10.00
13,7,-1.00,-1.00,-1.00,-1.00,0.1017,2.9,2.40,5.59,-4.13,0.89,-29.34,1.54,-10.00
14,7,-1.00,-1.00,-1.00,-1.00,0.9594,1.9,2.03,5.39,-10.59,1.72,-6.79,1.59,-10.00
14,7,-1.00,-1.00,-1.00,-1.00,0.6376,2.0,2.13,5.68,4.65,0.95,-25.91,-1.55,-10.00
14,7,489.45,482.41,590.44,545.58,0.3457,1.9,2.15,5.68,-9.27,2.45,41.03,1.54,-10.00
14,7,1371.98,130.59,1600.00,900.00,0.2426,2.2,2.17,5.91,4.98,1.50,5.94,-1.57,-10.00
14,7,283.33,508.24,493.16,610.23,0.2187,2.0,2.20,6.04,-9.51,2.94,27.89,1.64,-10.00
14,7,-1.00,-1.00,-1.00,-1.00,0.1854,2.0,2.20,5.48,22.79,0.68,-11.67,-3.13,-10.00
14,7,-1.00,-1.00,-1.00,-1.00,0.1502,1.9,2.05,5.01,-16.65,1.68,-34.75,-3.11,-10.00
14,7,-1.00,-1.00,-1.00,-1.00,0.1435,1.9,2.25,5.71,-32.88,1.95,0.69,1.56,-10.00
14,7,1002.87,447.09,1146.95,544.47,0.1128,1.9,2.12,5.76,5.37,1.64,27.94,1.59,-10.00
14,7,-1.00,-1.00,-1.00,-1.00,0.1053,2.1,2.21,5.75,28.88,0.12,-43.28,-0.17,-10.00
15,7,-1.00,-1.00,-1.00,-1.00,0.9379,1.9,2.09,5.46,-10.69,1.63,-11.20,1.60,-10.00
15,7,-1.00,-1.00,-1.00,-1.00,0.7215,2.0,2.23,5.95,4.42,1.12,-30.37,-1.55,-10.00
15,7,-1.00,-1.00,-1.00,-1.00,0.1369,1.9,2.09,5.09,-36.57,2.41,4.24,0.02,-10.00
15,7,-1.00,-1.00,-1.00,-1.00,0.1269,2.3,2.23,5.97,4.89,1.40,1.42,-1.57,-10.00
15,7,520.10,472.75,625.29,536.21,0.1223,2.0,2.21,5.49,-8.74,2.29,43.69,1.64,-10.00
15,7,-1.00,-1.00,-1.00,-1.00,0.1222,2.0,2.16,5.43,-29.68,1.96,-4.77,-0.03,-10.00
15,7,-1.00,-1.00,-1.00,-1.00,0.1172,1.9,2.17,5.62,-33.60,1.06,-18.25,-1.57,-10.00
15,7,-1.00,-1.00,-1.00,-1.00,0.1096,2.0,2.06,5.25,-15.09,1.65,-39.71,0.03,-10.00
15,7,-1.00,-1.00,-1.00,-1.00,0.1076,1.8,2.14,5.22,-17.50,2.14,5.68,1.61,-10.00
15,7,181.39,463.99,319.94,523.98,0.1002,2.0,2.19,5.61,-21.01,1.94,46.03,1.64,-10.00
16,7,-1.00,-1.00,-1.00,-1.00,0.8776,1.9,2.13,5.59,-10.84,1.71,-15.42,1.60,-10.00
16,7,-1.00,-1.00,-1.00,-1.00,0.3686,2.2,2.25,6.07,4.83,1.29,-2.73,-1.57,-10.00
16,7,-1.00,-1.00,-1.00,-1.00,0.3282,1.9,2.17,5.61,4.44,0.91,-34.12,-1.53,-10.00
16,7,-1.00,-1.00,-1.00,-1.00,0.1588,1.9,2.09,5.12,-30.72,1.91,0.44,-3.10,-10.00
16,7,-1.00,-1.00,-1.00,-1.00,0.1572,2.0,2.19,5.39,-33.19,3.70,19.46,-1.56,-10.00
16,7,470.98,481.13,591.09,555.23,0.1483,2.1,2.24,5.72,-9.04,2.60,38.88,1.60,-10.00
16,7,380.35,486.66,532.56,568.28,0.1279,1.9,2.06,5.54,-9.34,2.45,32.18,1.61,-10.00
16,7,-1.00,-1.00,-1.00,-1.00,0.1204,3.8,3.02,8.27,16.89,0.29,-47.65,0.45,-10.00
16,7,-1.00,-1.00,-1.00,-1.00,0.1059,1.9,2.12,5.47,-29.81,1.97,-9.22,-0.04,-10.00
16,7,388.26,466.50,512.01,537.44,0.1008,2.0,2.08,5.26,-11.63,2.09,39.12,-1.53,-10.00
16,7,-1.00,-1.00,-1.00,-1.00,0.1005,2.1,2.16,5.58,12.02,0.27,-37.94,2.96,-10.00
17,7,-1.00,-1.00,-1.00,-1.00,0.9257,1.9,2.09,5.49,-10.93,1.59,-20.37,1.60,-10.00
17,7,-1.00,-1.00,-1.00,-1.00,0.5215,2.0,2.13,5.72,4.24,0.81,-39.58,-1.59,-10.00
17,7,-1.00,-1.00,-1.00,-1.00,0.4778,2.2,2.24,6.11,4.85,1.18,-7.76,-1.58,-10.00
17,7,-1.00,-1.00,-1.00,-1.00,0.1889,1.9,2.10,5.58,-13.81,1.66,-43.27,-3.08,-10.00
17,7,413.35,479.04,552.11,560.91,0.1778,2.0,2.14,5.37,-9.08,2.38,33.64,1.59,-10.00
17,7,283.24,478.38,483.94,577.33,0.1155,1.9,2.06,5.55,-9.33,2.22,27.00,1.63,-10.00
17,7,-1.00,-1.00,-1.00,-1.00,0.1136,1.8,2.07,5.49,-11.83,1.52,-44.67,1.59,-10.00
18,7,337.58,473.53,520.40,575.69,0.7440,2.1,2.29,5.90,-9.12,2.38,29.42,1.59,-10.00
18,7,-1.00,-1.00,-1.00,-1.00,0.6641,1.8,2.06,5.37,-11.06,1.48,-24.89,1.62,-10.00
18,7,-1.00,-1.00,-1.00,-1.00,0.4719,2.3,2.34,6.40,4.63,1.31,-12.42,-1.57,-10.00
18,7,549.54,482.43,646.22,537.89,0.2179,1.9,2.16,5.75,-8.54,2.56,47.40,1.66,-10.00
18,7,-1.00,-1.00,-1.00,-1.00,0.1731,1.8,2.08,5.22,4.12,1.11,-30.68,-2.46,-10.00
18,7,476.28,469.80,572.48,527.29,0.1667,2.0,2.11,5.39,-11.23,2.12,46.99,1.61,-10.00
18,7,-1.00,-1.00,-1.00,-1.00,0.1467,1.9,2.03,5.38,-13.58,1.32,-47.63,-3.10,-10.00
18,7,-1.00,-1.00,-1.00,-1.00,0.1365,2.2,2.17,5.70,12.66,0.26,-29.52,-1.39,-10.00
18,7,-1.00,-1.00,-1.00,-1.00,0.1249,1.9,2.21,5.68,12.98,1.28,14.96,1.50,-10.00
18,7,-1.00,-1.00,-1.00,-1.00,0.1188,1.9,2.18,5.25,-30.03,1.96,-18.63,0.04,-10.00
18,7,-1.00,-1.00,-1.00,-1.00,0.1159,2.1,2.38,6.32,-31.10,2.22,5.75,1.56,-10.00
18,7,-1.00,-1.00,-1.00,-1.00,0.1155,2.0,2.14,5.47,-42.50,1.81,-20.46,3.14,-10.00
18,7,-1.00,-1.00,-1.00,-1.00,0.1052,1.8,2.15,5.61,-11.97,1.39,-49.78,1.57,-10.00
19,7,-1.00,-1.00,-1.00,-1.00,0.8723,1.9,2.07,5.49,-11.06,1.23,-30.02,1.62,-10.00
19,7,-1.00,-1.00,-1.00,-1.00,0.5094,2.3,2.34,6.48,4.70,1.24,-17.32,-1.58,-10.00
19,7,217.46,485.49,446.82,601.09,0.1806,1.9,2.10,5.43,-9.25,2.37,24.07,1.60,-10.00
19,7,-1.00,-1.00,-1.00,-1.00,0.1781,1.9,2.16,5.54,2.82,0.75,-33.94,-2.27,-10.00
19,7,1530.22,432.47,1600.00,587.74,0.1266,1.9,2.19,5.69,12.92,1.60,18.36,1.62,-10.00
19,7,-1.00,-1.00,-1.00,-1.00,0.1117,2.1,2.37,6.05,-30.76,1.83,10.32,-1.59,-10.00
20,7,-1.00,-1.00,-1.00,-1.00,0.7177,2.0,2.08,5.34,-11.20,1.31,-34.20,1.63,-10.00
20,7,-1.00,-1.00,-1.00,-1.00,0.4681,2.3,2.34,6.47,4.69,1.16,-21.54,-1.61,-10.00
20,7,-1.00,-1.00,-1.00,-1.00,0.2385,2.6,2.44,6.13,-31.75,0.52,-6.17,-0.11,-10.00
20,7,-1.00,-1.00,-1.00,-1.00,0.1558,1.9,2.16,5.82,1.64,1.20,-36.19,-1.90,-10.00
20,7,-1.00,-1.00,-1.00,-1.00,0.1377,2.0,2.00,5.13,-12.07,1.41,-52.40,-1.52,-10.00
20,7,-1.00,-1.00,-1.00,-1.00,0.1220,2.0,2.11,6.10,-3.54,1.25,-14.72,-1.59,-10.00
20,7,-1.00,-1.00,-1.00,-1.00,0.1188,1.8,2.05,4.76,-29.74,1.59,-27.62,-3.01,-10.00
20,7,-1.00,-1.00,-1.00,-1.00,0.1168,3.1,2.78,7.08,-30.50,1.85,19.50,-1.56,-10.00
21,7,-1.00,-1.00,-1.00,-1.00,0.6753,2.0,2.18,6.05,4.57,1.16,-26.35,-1.60,-10.00
21,7,-1.00,-1.00,-1.00,-1.00,0.6491,1.9,2.21,5.70,-11.23,1.38,-39.37,1.61,-10.00
21,7,-1.00,-1.00,-1.00,-1.00,0.2515,1.9,2.06,5.37,-37.18,1.55,-23.75,0.03,-10.00
21,7,488.26,467.15,599.55,536.21,0.1978,2.0,2.09,5.50,-8.64,2.04,38.85,1.59,-10.00
21,7,-1.00,-1.00,-1.00,-1.00,0.1966,2.0,2.15,5.76,1.07,1.26,-39.37,-1.67,-10.00
21,7,-1.00,-1.00,-1.00,-1.00,0.1710,2.0,2.09,5.20,-30.13,1.35,-20.71,-3.06,-10.00
21,7,356.24,472.80,562.07,541.24,0.1337,1.9,2.12,5.45,-10.73,2.07,36.92,-0.04,-10.00
21,7,-1.00,-1.00,-1.00,-1.00,0.1303,2.1,2.31,5.96,-28.59,1.65,-31.25,1.57,-10.00
22,7,-1.00,-1.00,-1.00,-1.00,0.4659,2.2,2.26,6.15,4.51,1.45,-32.20,-1.58,-10.00
22,7,-1.00,-1.00,-1.00,-1.00,0.4045,2.0,2.21,5.68,-11.31,1.74,-45.23,1.58,-10.00
22,7,-1.00,-1.00,-1.00,-1.00,0.1868,1.9,2.06,5.10,-30.92,2.18,-29.29,0.03,-10.00
22,7,-1.00,-1.00,-1.00,-1.00,0.1862,2.5,2.60,7.16,-31.17,2.38,-4.14,-1.51,-10.00
22,7,-1.00,-1.00,-1.00,-1.00,0.1689,1.9,2.22,5.53,-33.73,2.32,-10.83,1.56,-10.00
22,7,-1.00,-1.00,-1.00,-1.00,0.1401,1.9,2.21,5.72,0.44,1.73,-43.35,1.63,-10.00
22,7,1026.22,440.52,1185.50,543.05,0.1064,1.9,1.97,5.27,5.51,1.47,25.50,-1.58,-10.00
22,7,-1.00,-1.00,-1.00,-1.00,0.1002,2.4,2.35,5.47,6.84,-2.94,-50.38,1.61,-10.00
23,7,-1.00,-1.00,-1.00,-1.00,0.4533,2.4,2.36,6.46,4.26,1.13,-37.62,-1.57,-10.00
23,7,-1.00,-1.00,-1.00,-1.00,0.2598,2.0,2.15,5.44,-11.46,1.40,-49.79,1.59,-10.00
23,7,-1.00,-1.00,-1.00,-1.00,0.1988,2.0,2.09,5.39,0.04,1.06,-43.40,-1.56,-10.00
23,7,-1.00,-1.00,-1.00,-1.00,0.1550,2.1,2.40,6.35,-31.69,1.65,-19.98,1.56,-10.00
23,7,-1.00,-1.00,-1.00,-1.00,0.1469,3.8,3.01,8.18,-24.99,1.07,-51.07,0.14,-10.00
23,7,-1.00,-1.00,-1.00,-1.00,0.1142,1.9,2.09,5.41,-30.51,1.61,-31.50,-3.08,-10.00
24,7,-1.00,-1.00,-1.00,-1.00,0.7041,2.1,2.29,6.16,4.22,0.93,-42.69,-1.56,-10.00
24,7,-1.00,-1.00,-1.00,-1.00,0.1559,2.1,2.12,5.66,-16.20,1.36,-42.72,-1.51,-10.00
24,7,-1.00,-1.00,-1.00,-1.00,0.1417,2.1,2.20,5.53,-18.13,1.26,-41.17,0.00,-10.00
24,7,190.86,463.98,325.02,520.93,0.1412,2.0,2.28,5.86,-21.98,1.93,48.77,1.62,-10.00
24,7,0.00,483.83,63.01,538.39,0.1349,2.0,2.15,5.51,-32.05,2.62,48.17,1.53,-10.00
24,7,-1.00,-1.00,-1.00,-1.00,0.1308,2.1,2.32,6.03,-29.99,2.18,22.88,-1.59,-10.00
24,7,0.00,470.51,128.60,530.22,0.1220,2.1,2.20,5.76,-29.20,2.28,48.09,1.44,-10.00
24,7,80.57,470.33,211.10,525.46,0.1186,2.0,2.18,5.51,-27.31,2.20,50.52,1.58,-10.00
24,7,132.20,458.88,314.30,520.93,0.1156,2.0,2.09,5.15,-20.43,1.69,42.58,3.14,-10.00
24,7,-1.00,-1.00,-1.00,-1.00,0.1111,2.6,2.63,5.93,37.66,-2.61,-40.12,-2.94,-10.00
24,7,-1.00,-1.00,-1.00,-1.00,0.1054,2.3,2.40,5.60,-18.57,1.50,-38.51,0.05,-10.00
24,7,-1.00,-1.00,-1.00,-1.00,0.1032,2.6,2.70,7.44,-31.15,2.19,-1.68,1.58,-10.00
24,7,-1.00,-1.00,-1.00,-1.00,0.1002,2.0,2.27,5.87,-29.11,1.80,-50.11,1.62,-10.00
25,7,-1.00,-1.00,-1.00,-1.00,0.2334,1.9,2.14,5.43,-32.61,2.62,11.05,1.62,-10.00
25,7,275.05,464.17,436.13,520.35,0.1810,2.0,2.16,5.28,-17.82,1.87,47.58,-3.10,-10.00
25,7,-1.00,-1.00,-1.00,-1.00,0.1773,2.1,2.16,5.64,4.15,0.32,-48.39,-1.49,-10.00
25,7,-1.00,-1.00,-1.00,-1.00,0.1422,1.9,2.08,5.54,4.73,0.94,-34.49,-1.59,-10.00
25,7,-1.00,-1.00,-1.00,-1.00,0.1334,2.5,2.42,5.88,-18.82,0.74,-47.13,0.01,-10.00
25,7,-1.00,-1.00,-1.00,-1.00,0.1276,2.1,2.16,5.65,-30.42,2.45,37.46,-3.11,-10.00
25,7,-1.00,-1.00,-1.00,-1.00,0.1241,2.0,2.24,5.62,12.55,1.06,-23.06,-1.62,-10.00
25,7,-1.00,-1.00,-1.00,-1.00,0.1150,3.5,2.93,8.06,-31.08,1.28,-20.28,1.57,-10.00
25,7,-1.00,-1.00,-1.00,-1.00,0.1050,2.1,2.38,5.79,-42.73,2.64,-1.32,1.60,-10.00
25,7,-1.00,-1.00,-1.00,-1.00,0.1040,2.2,2.38,5.70,-34.17,1.67,-28.08,1.62,-10.00
25,7,-1.00,-1.00,-1.00,-1.00,0.1031,2.3,2.38,6.35,-30.00,2.61,17.46,-1.55,-10.00
25,7,358.25,469.78,538.19,528.19,0.1003,1.9,2.11,5.55,-13.00,1.97,43.25,-3.06,-10.00
26,7,184.05,462.40,378.82,526.05,0.3250,2.0,2.20,5.63,-18.41,1.86,42.50,-3.12,-10.00
26,7,-1.00,-1.00,-1.00,-1.00,0.1831,2.0,2.22,5.56,-34.93,2.43,37.03,0.32,-10.00
26,7,-1.00,-1.00,-1.00,-1.00,0.1767,2.0,2.10,5.65,12.51,0.62,-40.82,-0.01,-10.00
26,7,-1.00,-1.00,-1.00,-1.00,0.1744,2.5,2.61,6.61,-30.58,2.08,11.53,-1.55,-10.00
26,7,-1.00,-1.00,-1.00,-1.00,0.1540,2.0,2.13,5.81,4.68,0.96,-33.80,-1.54,-10.00
26,7,-1.00,-1.00,-1.00,-1.00,0.1457,3.5,3.04,7.99,-23.38,1.68,-40.25,1.62,-10.00
26,7,-1.00,-1.00,-1.00,-1.00,0.1438,2.1,2.21,5.70,-0.10,1.03,-47.51,-1.56,-10.00
26,7,-1.00,-1.00,-1.00,-1.00,0.1338,2.0,2.12,5.73,4.70,0.98,-40.37,-1.60,-10.00
26,7,344.86,455.29,458.52,513.63,0.1247,2.0,2.22,5.60,-16.56,1.65,49.20,1.64,-10.00
26,7,-1.00,-1.00,-1.00,-1.00,0.1182,1.8,2.07,5.40,12.31,0.59,-43.21,0.03,-10.00
26,7,-1.00,-1.00,-1.00,-1.00,0.1149,2.8,2.67,6.57,-30.41,1.52,-0.35,1.23,-10.00
26,7,-1.00,-1.00,-1.00,-1.00,0.1145,2.0,2.37,6.00,-31.18,1.78,-14.48,-1.55,-10.00
26,7,220.70,457.07,396.20,513.46,0.1120,1.9,2.15,5.43,-18.66,1.53,45.31,-0.02,-10.00
26,7,-1.00,-1.00,-1.00,-1.00,0.1066,2.7,2.56,6.25,37.94,-3.81,-51.61,-2.83,-10.00
26,7,-1.00,-1.00,-1.00,-1.00,0.1065,2.6,2.54,5.76,-18.82,1.15,-50.86,1.65,-10.00
26,7,246.41,460.69,411.27,512.72,0.1049,1.9,2.11,5.39,-18.74,1.57,47.38,3.06,-10.00
27,7,108.19,473.76,324.80,546.06,0.4730,2.1,2.20,5.53,-18.60,2.30,38.39,-3.14,-10.00
27,7,-1.00,-1.00,-1.00,-1.00,0.1846,2.3,2.48,6.50,-30.58,2.52,6.51,-1.62,-10.00
27,7,-1.00,-1.00,-1.00,-1.00,0.1635,2.0,2.12,5.65,4.60,0.65,-37.58,-1.55,-10.00
27,7,-1.00,-1.00,-1.00,-1.00,0.1616,1.9,2.19,5.64,-33.93,2.04,-37.00,-1.51,-10.00
27,7,-1.00,-1.00,-1.00,-1.00,0.1481,2.2,2.50,6.22,-30.74,1.80,-7.79,-1.33,-10.00
27,7,-1.00,-1.00,-1.00,-1.00,0.1447,1.9,2.06,5.48,-15.29,1.26,-37.98,0.01,-10.00
27,7,-1.00,-1.00,-1.00,-1.00,0.1369,3.9,3.15,9.50,-50.28,5.19,38.89,1.60,-10.00
27,7,552.97,491.80,640.23,546.14,0.1353,2.0,2.14,5.70,-8.78,2.91,48.39,1.61,-10.00
27,7,189.38,471.54,378.28,530.04,0.1198,1.9,2.09,5.63,-18.78,2.05,43.53,3.13,-10.00
27,7,468.21,475.22,564.37,532.38,0.1131,2.0,2.14,5.68,-11.75,2.36,47.89,-1.55,-10.00
28,7,0.00,485.66,248.22,564.69,0.6404,2.0,2.15,5.59,-18.61,2.46,33.15,-3.13,-10.00
28,7,-1.00,-1.00,-1.00,-1.00,0.2579,2.0,2.16,5.66,4.42,0.48,-48.85,-1.54,-10.00
28,7,-1.00,-1.00,-1.00,-1.00,0.2216,2.3,2.49,6.36,-31.02,2.07,2.46,-1.50,-10.00
28,7,-1.00,-1.00,-1.00,-1.00,0.1945,2.0,2.18,5.63,-30.67,2.66,29.46,1.60,-10.00
28,7,-1.00,-1.00,-1.00,-1.00,0.1652,2.1,2.23,5.73,-0.64,1.31,-49.46,-1.53,-10.00
28,7,127.21,488.99,334.17,553.07,0.1555,1.9,2.09,5.32,-18.20,2.51,38.51,-0.10,-10.00
28,7,-1.00,-1.00,-1.00,-1.00,0.1540,2.0,2.19,5.56,-25.72,2.34,28.47,1.58,-10.00
28,7,1091.92,421.38,1211.18,530.29,0.1409,3.7,2.46,6.68,11.86,2.20,46.36,-1.59,-10.00
28,7,-1.00,-1.00,-1.00,-1.00,0.1408,2.0,2.19,5.66,-33.30,2.63,28.96,-1.57,-10.00
28,7,-1.00,-1.00,-1.00,-1.00,0.1292,1.9,2.14,5.54,-33.78,2.33,-21.30,1.69,-10.00
28,7,-1.00,-1.00,-1.00,-1.00,0.1176,1.9,2.04,5.36,4.11,0.98,-42.14,-1.58,-10.00
28,7,302.78,472.69,465.36,523.95,0.1154,1.9,2.07,5.55,-17.08,2.05,48.54,-3.11,-10.00
28,7,403.04,469.64,566.38,524.45,0.1051,2.0,2.23,5.61,-13.02,2.05,47.96,-3.10,-10.00
28,7,0.00,478.69,150.36,588.65,0.1027,2.1,2.40,6.13,-17.43,2.37,25.64,-2.96,-10.00
29,7,0.00,467.63,142.75,564.27,0.6713,2.0,2.17,5.45,-18.63,2.06,28.05,-3.11,-10.00
29,7,-1.00,-1.00,-1.00,-1.00,0.2019,2.2,2.23,6.20,4.02,1.30,-48.30,-1.60,-10.00
29,7,-1.00,-1.00,-1.00,-1.00,0.1941,2.1,2.18,5.75,-30.25,1.47,-3.18,-3.12,-10.00
29,7,-1.00,-1.00,-1.00,-1.00,0.1734,1.9,2.06,5.05,-10.16,1.80,-27.57,-1.49,-10.00
29,7,0.00,474.27,237.16,549.98,0.1591,1.9,2.14,5.57,-19.00,2.09,33.34,-0.04,-10.00
29,7,274.68,463.95,441.17,516.04,0.1558,1.9,2.11,5.65,-18.12,1.74,48.64,3.13,-10.00
29,7,-1.00,-1.00,-1.00,-1.00,0.1326,1.9,2.32,5.94,-33.70,1.74,-27.69,1.60,-10.00
29,7,-1.00,-1.00,-1.00,-1.00,0.1220,1.9,2.11,5.46,-25.55,2.23,23.80,1.56,-10.00
29,7,-1.00,-1.00,-1.00,-1.00,0.1131,1.9,2.11,5.31,-33.80,2.76,23.38,1.58,-10.00
29,7,-1.00,-1.00,-1.00,-1.00,0.1111,2.0,2.29,5.95,-22.93,2.13,22.73,-1.55,-10.00
29,7,500.35,464.30,596.08,521.10,0.1073,2.0,2.20,5.73,-10.82,1.96,49.19,1.63,-10.00
30,7,-1.00,-1.00,-1.00,-1.00,0.7726,2.0,2.15,5.46,-18.61,1.92,22.70,-3.10,-10.00
30,7,0.00,463.77,139.12,554.52,0.2074,1.9,2.15,5.41,-18.75,1.86,28.15,-3.10,-10.00
30,7,222.69,457.44,402.73,523.96,0.1764,2.2,2.27,5.54,-18.04,1.86,44.08,0.23,-10.00
30,7,-1.00,-1.00,-1.00,-1.00,0.1471,2.2,2.19,5.69,-10.56,1.56,-51.92,-1.51,-10.00
30,7,-1.00,-1.00,-1.00,-1.00,0.1460,2.0,2.15,5.72,-30.77,2.13,18.87,1.60,-10.00
30,7,-1.00,-1.00,-1.00,-1.00,0.1304,2.4,2.30,6.12,-0.72,1.08,-50.53,-1.56,-10.00
30,7,-1.00,-1.00,-1.00,-1.00,0.1201,2.9,2.60,5.97,-51.00,2.12,-33.09,-1.46,-10.00
30,7,-1.00,-1.00,-1.00,-1.00,0.1187,3.6,2.84,8.06,-23.88,-1.22,-46.20,0.13,-10.00
30,7,-1.00,-1.00,-1.00,-1.00,0.1050,2.0,2.16,5.49,-33.59,2.40,18.37,1.58,-10.00
30,7,445.44,476.27,570.52,537.60,0.1030,1.9,2.18,5.68,-10.78,2.30,42.91,-1.44,-10.00
31,7,-1.00,-1.00,-1.00,-1.00,0.7608,2.0,2.13,5.40,-18.85,1.54,17.37,-3.13,-10.00
31,7,-1.00,-1.00,-1.00,-1.00,0.3454,1.9,2.12,5.38,-19.40,1.45,22.83,-3.10,-10.00
31,7,-1.00,-1.00,-1.00,-1.00,0.2776,2.0,2.25,5.74,-26.13,1.61,12.86,-1.54,-10.00
31,7,-1.00,-1.00,-1.00,-1.00,0.2180,2.0,2.23,5.58,6.89,1.27,-39.24,-1.53,-10.00
31,7,107.60,454.10,326.42,523.24,0.2092,2.0,2.15,5.69,-18.65,1.60,38.50,0.05,-10.00
31,7,-1.00,-1.00,-1.00,-1.00,0.1247,2.0,2.18,5.52,-0.84,1.21,-48.96,-1.51,-10.00
31,7,0.00,445.42,268.16,536.10,0.1244,1.9,2.13,5.40,-15.79,1.46,28.27,-3.12,-10.00
31,7,1165.39,447.14,1334.87,504.33,0.1179,1.9,2.09,5.65,15.50,1.20,46.17,-2.94,-10.00
31,7,-1.00,-1.00,-1.00,-1.00,0.1177,3.3,2.69,6.75,-33.47,1.21,-2.23,-0.00,-10.00
31,7,268.18,447.71,438.96,512.37,0.1113,2.2,2.21,5.69,-17.56,1.52,46.57,0.26,-10.00
31,7,-1.00,-1.00,-1.00,-1.00,0.1011,4.0,3.16,8.66,-50.52,2.48,-2.41,3.10,-10.00
31,7,-1.00,-1.00,-1.00,-1.00,0.1006,1.9,2.25,5.80,-12.66,1.79,-31.02,-1.49,-10.00
32,7,-1.00,-1.00,-1.00,-1.00,0.6336,2.0,2.14,5.44,-18.79,1.51,12.00,-3.12,-10.00
32,7,-1.00,-1.00,-1.00,-1.00,0.3616,2.0,2.30,5.90,-10.55,1.53,-43.62,1.43,-10.00
32,7,-1.00,-1.00,-1.00,-1.00,0.2755,1.9,2.12,5.33,-26.09,1.68,7.30,-1.54,-10.00
32,7,-1.00,-1.00,-1.00,-1.00,0.1951,2.1,2.22,5.71,6.77,1.11,-44.87,-1.54,-10.00
32,7,0.00,445.66,143.87,532.32,0.1776,1.9,2.19,5.62,-19.85,1.47,30.20,0.06,-10.00
32,7,16.09,447.75,266.78,527.39,0.1717,2.0,2.17,5.53,-18.10,1.49,33.25,-3.05,-10.00
32,7,443.19,442.70,660.64,539.46,0.1709,3.5,2.83,7.63,-10.41,2.62,47.96,-3.08,-10.00
32,7,0.00,457.29,49.94,518.75,0.1682,2.1,2.24,5.57,-32.19,1.76,46.30,0.03,-10.00
32,7,567.22,427.14,692.90,532.96,0.1450,3.8,3.01,8.90,-7.70,2.50,50.44,1.65,-10.00
32,7,-1.00,-1.00,-1.00,-1.00,0.1398,1.9,2.01,5.19,-18.68,1.46,17.34,0.00,-10.00
32,7,-1.00,-1.00,-1.00,-1.00,0.1379,2.0,2.36,5.79,-33.58,2.02,-43.25,1.59,-10.00
32,7,-1.00,-1.00,-1.00,-1.00,0.1341,2.6,2.52,6.46,-36.96,1.30,24.71,1.58,-10.00
32,7,-1.00,-1.00,-1.00,-1.00,0.1198,2.3,2.40,6.43,-31.58,1.86,8.59,-1.59,-10.00
32,7,-1.00,-1.00,-1.00,-1.00,0.1176,2.0,2.12,5.70,6.97,1.24,-31.89,-1.48,-10.00
32,7,0.00,434.28,101.80,549.08,0.1128,2.0,2.14,5.57,-16.86,1.51,24.51,1.56,-10.00
32,7,176.86,458.88,375.40,524.09,0.1079,2.0,2.14,5.46,-17.70,1.72,40.53,-0.10,-10.00
32,7,-1.00,-1.00,-1.00,-1.00,0.1067,2.0,2.10,5.31,-48.53,2.66,-10.43,-3.10,-10.00
32,7,-1.00,-1.00,-1.00,-1.00,0.1051,1.9,2.16,5.42,-21.35,1.74,22.65,3.05,-10.00
33,7,-1.00,-1.00,-1.00,-1.00,0.7860,1.9,2.09,5.31,-18.99,1.36,6.74,-3.13,-10.00
33,7,0.00,436.07,135.69,532.23,0.4095,2.0,2.19,5.48,-18.62,1.34,27.69,0.03,-10.00
33,7,-1.00,-1.00,-1.00,-1.00,0.2452,1.9,2.21,5.66,-26.17,1.71,1.49,1.54,-10.00
33,7,-1.00,-1.00,-1.00,-1.00,0.2239,1.9,2.08,5.28,-18.64,1.47,17.64,0.07,-10.00
33,7,482.84,384.79,640.31,515.02,0.2199,3.7,2.84,7.56,-8.49,1.40,41.24,-1.46,-10.00
33,7,84.37,450.92,316.97,525.09,0.2154,2.0,2.17,5.43,-17.55,1.52,35.34,-0.01,-10.00
33,7,945.12,449.24,1099.86,508.22,0.1681,2.2,2.31,5.66,7.63,1.45,49.23,3.12,-10.00
33,7,1443.81,392.18,1600.00,552.04,0.1657,2.3,2.36,6.39,13.55,1.25,19.73,0.08,-10.00
33,7,-1.00,-1.00,-1.00,-1.00,0.1442,2.0,2.23,5.91,-34.69,1.99,-1.66,1.71,-10.00
33,7,-1.00,-1.00,-1.00,-1.00,0.1404,2.0,2.07,5.22,-32.69,1.45,40.92,-3.12,-10.00
33,7,-1.00,-1.00,-1.00,-1.00,0.1250,4.0,3.28,9.93,-39.52,2.29,50.77,-1.57,-10.00
33,7,-1.00,-1.00,-1.00,-1.00,0.1231,1.9,2.11,5.27,-21.26,1.46,16.94,3.10,-10.00
33,7,-1.00,-1.00,-1.00,-1.00,0.1172,2.1,2.19,5.59,-0.64,0.88,-48.31,-1.53,-10.00
33,7,-1.00,-1.00,-1.00,-1.00,0.1145,3.3,2.78,7.34,-40.13,2.45,1.28,-1.43,-10.00
33,7,500.24,446.59,681.13,572.60,0.1139,1.9,2.08,5.62,-4.01,1.75,22.38,1.59,-10.00
33,7,-1.00,-1.00,-1.00,-1.00,0.1071,2.8,2.76,7.56,-43.74,2.26,6.62,-1.53,-10.00
33,7,189.93,447.10,365.51,509.74,0.1071,2.0,2.12,5.45,-18.96,1.31,43.32,-2.85,-10.00
33,7,-1.00,-1.00,-1.00,-1.00,0.1050,2.0,2.14,5.54,14.72,1.10,16.23,0.11,-10.00
33,7,-1.00,-1.00,-1.00,-1.00,0.1027,2.0,2.15,5.58,-30.80,0.29,-24.66,-3.12,-10.00
34,7,-1.00,-1.00,-1.00,-1.00,0.8740,1.9,2.08,5.31,-19.01,1.31,1.35,-3.13,-10.00
34,7,966.64,456.56,1046.62,517.71,0.5455,1.9,2.15,5.71,6.38,1.66,45.06,-1.55,-10.00
34,7,0.00,453.67,207.83,539.38,0.3476,1.9,2.19,5.40,-17.94,1.62,29.75,0.03,-10.00
34,7,75.20,411.42,555.60,674.95,0.3205,1.9,2.05,5.60,-4.31,1.63,11.88,1.61,-10.00
34,7,1441.62,407.03,1600.00,511.18,0.2851,3.5,2.91,8.73,27.46,1.43,45.50,3.12,-10.00
34,7,1546.78,418.64,1600.00,491.71,0.2653,2.1,2.27,5.76,26.47,0.62,39.80,-3.11,-10.00
34,7,66.81,449.97,289.27,517.99,0.1781,1.9,2.12,5.52,-19.25,1.39,37.37,-3.13,-10.00
34,7,1085.33,442.89,1214.48,527.08,0.1451,2.0,2.18,5.61,8.54,1.50,33.66,-1.53,-10.00
34,7,-1.00,-1.00,-1.00,-1.00,0.1423,2.0,2.17,5.63,-26.36,1.46,-3.43,1.56,-10.00
34,7,-1.00,-1.00,-1.00,-1.00,0.1392,2.3,2.31,5.68,-31.63,1.99,35.53,0.05,-10.00
34,7,-1.00,-1.00,-1.00,-1.00,0.1369,1.9,2.23,5.60,-33.76,1.82,-41.94,-1.58,-10.00
34,7,126.41,453.59,324.68,516.16,0.1349,1.9,2.09,5.30,-19.13,1.43,40.06,-0.00,-10.00
34,7,-1.00,-1.00,-1.00,-1.00,0.1322,1.9,2.20,5.54,-34.35,1.46,-25.99,1.53,-10.00
34,7,-1.00,-1.00,-1.00,-1.00,0.1303,1.9,2.14,5.80,4.45,0.97,-37.28,-1.47,-10.00
34,7,-1.00,-1.00,-1.00,-1.00,0.1246,1.8,2.02,5.15,-18.55,1.32,22.18,0.02,-10.00
34,7,-1.00,-1.00,-1.00,-1.00,0.1220,2.1,2.22,5.79,-47.12,1.42,5.86,-1.53,-10.00
34,7,1367.15,405.37,1537.07,509.99,0.1219,3.7,2.94,8.58,25.13,1.52,50.94,-1.51,-10.00
34,7,-1.00,-1.00,-1.00,-1.00,0.1146,2.0,2.26,5.90,-28.94,1.40,-3.12,1.67,-10.00
34,7,-1.00,-1.00,-1.00,-1.00,0.1123,2.6,2.67,6.70,-30.72,1.06,-31.27,1.54,-10.00
34,7,-1.00,-1.00,-1.00,-1.00,0.1105,2.1,2.17,5.50,-40.30,1.71,-38.48,-1.52,-10.00
34,7,-1.00,-1.00,-1.00,-1.00,0.1078,2.0,2.20,5.53,-0.73,1.13,-48.32,-1.52,-10.00
34,7,-1.00,-1.00,-1.00,-1.00,0.1008,2.7,2.55,6.40,-37.77,2.25,40.61,0.07,-10.00
34,7,237.73,449.92,384.88,517.39,0.1001,2.0,2.17,5.66,-17.01,1.52,41.75,-1.49,-10.00
35,7,-1.00,-1.00,-1.00,-1.00,0.7899,1.9,2.08,5.32,-19.04,1.22,-4.08,-3.13,-10.00
35,7,977.35,450.56,1072.15,525.64,0.4906,2.1,2.20,5.84,6.23,1.74,40.09,-1.55,-10.00
35,7,901.96,459.00,1090.38,532.29,0.2276,2.1,2.16,5.37,5.02,1.85,37.75,-3.13,-10.00
35,7,-1.00,-1.00,-1.00,-1.00,0.2045,2.0,2.26,6.00,-47.40,1.65,-0.77,1.53,-10.00
35,7,-1.00,-1.00,-1.00,-1.00,0.1859,2.0,2.10,5.70,-4.63,1.73,1.41,1.61,-10.00
35,7,-1.00,-1.00,-1.00,-1.00,0.1676,3.7,2.96,9.34,27.76,1.54,34.77,-3.05,-10.00
35,7,0.00,438.53,41.90,542.03,0.1580,1.9,2.08,5.26,-18.58,1.38,24.43,0.03,-10.00
35,7,1578.29,400.12,1600.00,522.66,0.1345,3.4,2.81,8.15,27.67,1.53,37.74,-3.10,-10.00
35,7,-1.00,-1.00,-1.00,-1.00,0.1305,1.9,2.08,5.62,4.66,0.70,-43.03,-1.57,-10.00
35,7,-1.00,-1.00,-1.00,-1.00,0.1270,1.9,2.12,5.34,-19.15,1.36,1.24,-0.03,-10.00
35,7,-1.00,-1.00,-1.00,-1.00,0.1202,2.2,2.21,5.61,-39.95,1.36,-43.92,-1.59,-10.00
35,7,-1.00,-1.00,-1.00,-1.00,0.1091,2.1,2.25,5.67,-31.53,1.31,-8.11,1.59,-10.00
35,7,-1.00,-1.00,-1.00,-1.00,0.1080,1.9,2.16,5.55,-28.89,1.11,-8.73,-1.56,-10.00
36,7,-1.00,-1.00,-1.00,-1.00,0.7816,1.9,2.11,5.38,-19.10,1.29,-9.56,-3.10,-10.00
36,7,992.22,440.66,1106.17,524.02,0.5942,2.0,2.19,5.87,5.99,1.44,34.50,-1.55,-10.00
36,7,-1.00,-1.00,-1.00,-1.00,0.5333,1.9,2.18,5.54,-18.36,1.66,18.92,-0.00,-10.00
36,7,0.00,459.74,133.01,545.13,0.2081,1.9,2.14,5.32,-19.28,1.70,28.89,3.09,-10.00
36,7,-1.00,-1.00,-1.00,-1.00,0.1909,3.7,2.99,9.18,27.54,1.24,29.20,-3.12,-10.00
36,7,-1.00,-1.00,-1.00,-1.00,0.1708,2.0,2.10,5.43,-48.80,2.00,-4.46,0.04,-10.00
36,7,-1.00,-1.00,-1.00,-1.00,0.1458,2.2,2.33,6.28,-26.69,1.38,-13.59,-1.57,-10.00
36,7,-1.00,-1.00,-1.00,-1.00,0.1289,1.9,2.21,5.96,-10.11,1.37,-40.26,1.65,-10.00
36,7,-1.00,-1.00,-1.00,-1.00,0.1275,2.9,2.59,6.93,30.58,1.03,2.97,-1.64,-10.00
36,7,-1.00,-1.00,-1.00,-1.00,0.1264,1.9,2.16,5.47,-18.87,1.66,11.34,0.01,-10.00
36,7,-1.00,-1.00,-1.00,-1.00,0.1256,2.1,2.27,5.78,-31.53,1.49,-13.13,1.68,-10.00
36,7,-1.00,-1.00,-1.00,-1.00,0.1242,2.1,2.26,5.82,4.92,0.95,-48.77,-1.54,-10.00
36,7,-1.00,-1.00,-1.00,-1.00,0.1223,1.9,2.13,5.78,6.93,1.14,-37.10,-1.52,-10.00
36,7,-1.00,-1.00,-1.00,-1.00,0.1218,2.0,2.31,5.91,-21.98,1.51,19.28,3.12,-10.00
36,7,-1.00,-1.00,-1.00,-1.00,0.1139,1.9,2.05,5.39,12.63,0.39,-38.25,0.00,-10.00
36,7,-1.00,-1.00,-1.00,-1.00,0.1126,2.2,2.26,6.08,-40.39,1.45,-16.08,1.62,-10.00
36,7,-1.00,-1.00,-1.00,-1.00,0.1122,1.9,2.08,5.12,-19.20,1.34,-4.04,-0.00,-10.00
36,7,-1.00,-1.00,-1.00,-1.00,0.1080,1.9,2.12,5.27,-39.23,1.81,19.29,0.02,-10.00
36,7,856.50,448.44,1084.80,530.61,0.1038,2.0,2.21,5.60,3.65,1.54,32.57,3.11,-10.00
36,7,0.00,460.98,87.37,553.33,0.1011,1.8,2.09,5.15,-18.89,1.73,26.54,-0.04,-10.00
37,7,-1.00,-1.00,-1.00,-1.00,0.8339,1.9,2.10,5.36,-19.30,1.38,-14.78,-3.12,-10.00
37,7,-1.00,-1.00,-1.00,-1.00,0.5922,1.9,2.15,5.54,-18.72,1.58,13.81,-0.02,-10.00
37,7,1027.82,434.30,1169.42,532.38,0.5872,2.0,2.12,5.66,6.11,1.41,28.88,-1.55,-10.00
37,7,-1.00,-1.00,-1.00,-1.00,0.5201,2.0,2.22,5.45,30.61,0.23,7.03,-3.13,-10.00
37,7,-1.00,-1.00,-1.00,-1.00,0.1944,2.0,2.25,5.92,-26.57,1.54,-19.06,-1.60,-10.00
37,7,-1.00,-1.00,-1.00,-1.00,0.1399,1.9,2.18,5.56,-31.59,1.67,-18.98,1.58,-10.00
37,7,-1.00,-1.00,-1.00,-1.00,0.1333,1.9,2.18,5.65,-20.05,1.58,21.25,-3.12,-10.00
37,7,-1.00,-1.00,-1.00,-1.00,0.1293,2.2,2.15,5.55,4.76,1.06,-51.96,-1.54,-10.00
37,7,-1.00,-1.00,-1.00,-1.00,0.1235,1.9,2.17,5.58,12.57,0.65,-44.47,-1.49,-10.00
37,7,-1.00,-1.00,-1.00,-1.00,0.1177,2.0,2.28,5.93,15.35,1.00,-2.30,1.50,-10.00
37,7,-1.00,-1.00,-1.00,-1.00,0.1168,2.1,2.19,5.68,-0.67,1.21,-46.81,-1.56,-10.00
37,7,89.09,461.62,328.71,536.10,0.1156,2.0,2.26,5.74,-17.64,1.88,36.09,-0.15,-10.00
37,7,-1.00,-1.00,-1.00,-1.00,0.1099,3.8,3.11,8.91,50.76,-0.76,10.70,-0.06,-10.00
38,7,-1.00,-1.00,-1.00,-1.00,0.7728,1.9,2.12,5.36,-19.47,1.49,-19.90,-3.12,-10.00
38,7,1061.26,426.38,1242.22,544.02,0.7692,1.9,2.08,5.39,5.93,1.37,23.61,-1.55,-10.00
38,7,-1.00,-1.00,-1.00,-1.00,0.3805,1.9,2.20,5.42,30.29,-0.04,1.78,-3.11,-10.00
38,7,-1.00,-1.00,-1.00,-1.00,0.3676,1.9,2.22,5.74,-5.59,1.38,-29.24,1.62,-10.00
38,7,-1.00,-1.00,-1.00,-1.00,0.2391,1.8,2.06,5.25,-18.63,1.55,8.59,-0.04,-10.00
38,7,-1.00,-1.00,-1.00,-1.00,0.1563,2.0,2.26,5.92,42.92,-0.71,-14.21,2.98,-10.00
38,7,-1.00,-1.00,-1.00,-1.00,0.1459,2.0,2.19,5.65,-26.88,1.32,-24.69,-1.55,-10.00
38,7,-1.00,-1.00,-1.00,-1.00,0.1324,1.9,2.18,5.49,-19.29,1.89,16.42,-3.11,-10.00
38,7,-1.00,-1.00,-1.00,-1.00,0.1103,2.3,2.21,5.93,5.42,0.92,-48.05,-1.53,-10.00
38,7,1127.57,383.28,1351.00,537.79,0.1007,4.0,3.06,12.08,12.30,2.09,39.00,-1.55,-10.00
38,7,-1.00,-1.00,-1.00,-1.00,0.1005,2.0,2.25,5.86,-37.47,2.21,2.76,-1.45,-10.00
39,7,-1.00,-1.00,-1.00,-1.00,0.6535,2.0,2.13,5.23,-19.31,1.39,-26.24,-3.11,-10.00
39,7,1110.95,409.07,1415.58,585.26,0.5650,2.1,2.21,5.90,5.86,1.52,17.85,-1.57,-10.00
39,7,-1.00,-1.00,-1.00,-1.00,0.4524,1.9,2.22,5.65,-19.05,1.55,2.36,-3.09,-10.00
39,7,-1.00,-1.00,-1.00,-1.00,0.4089,2.7,2.62,6.58,44.64,-0.85,-4.83,3.12,-10.00
39,7,-1.00,-1.00,-1.00,-1.00,0.2810,2.0,2.27,5.60,30.00,-0.01,-4.37,-3.11,-10.00
39,7,280.41,484.31,496.69,555.78,0.1296,2.0,2.15,5.53,-12.64,2.45,36.32,-3.00,-10.00
39,7,-1.00,-1.00,-1.00,-1.00,0.1117,1.9,2.06,5.41,-39.47,1.79,5.73,0.11,-10.00
39,7,-1.00,-1.00,-1.00,-1.00,0.1112,1.8,2.01,5.18,-18.87,1.46,-5.22,0.03,-10.00
39,7,-1.00,-1.00,-1.00,-1.00,0.1098,2.0,2.11,5.47,13.62,0.53,-43.15,0.06,-10.00
39,7,1093.30,442.44,1236.16,533.40,0.1089,2.0,2.22,5.82,8.38,1.58,31.69,-1.53,-10.00
39,7,-1.00,-1.00,-1.00,-1.00,0.1037,2.0,2.11,5.52,-39.39,1.93,2.64,0.10,-10.00
39,7,-1.00,-1.00,-1.00,-1.00,0.1020,1.8,2.03,5.30,13.19,0.78,-46.40,0.06,-10.00
39,7,-1.00,-1.00,-1.00,-1.00,0.1011,2.3,2.41,6.16,-26.46,1.47,-3.82,-1.50,-10.00
39,7,-1.00,-1.00,-1.00,-1.00,0.1010,2.0,2.23,6.18,-17.88,1.64,-33.03,1.79,-10.00
