0,7,1303.74,83.80,1600.00,900.00,0.8967,1.9,2.10,5.77,3.83,1.52,4.64,-1.53,-10.00
0,7,-1.00,-1.00,-1.00,-1.00,0.4837,3.2,2.74,6.65,-36.44,1.57,-41.61,0.12,-10.00
0,7,-1.00,-1.00,-1.00,-1.00,0.2268,1.9,2.07,5.56,3.39,1.40,-10.01,-1.52,-10.00
0,7,804.07,408.62,883.94,526.72,0.1904,3.9,2.64,8.12,0.73,2.04,46.10,-1.53,-10.00
0,7,-1.00,-1.00,-1.00,-1.00,0.1616,2.0,2.20,5.71,18.52,0.79,-33.11,-3.08,-10.00
0,7,-1.00,-1.00,-1.00,-1.00,0.1577,2.0,2.26,5.80,-33.03,1.02,-1.04,-1.49,-10.00
0,7,-1.00,-1.00,-1.00,-1.00,0.1550,1.9,2.20,5.62,2.68,1.07,-31.60,-1.61,-10.00
0,7,-1.00,-1.00,-1.00,-1.00,0.1457,1.8,2.04,5.58,-18.42,1.59,-15.61,1.60,-10.00
0,7,-1.00,-1.00,-1.00,-1.00,0.1448,2.2,2.29,5.97,14.17,0.01,-38.37,-3.14,-10.00
0,7,-1.00,-1.00,-1.00,-1.00,0.1380,2.0,2.09,5.57,8.16,0.12,-31.52,0.07,-10.00
0,7,237.39,434.91,387.47,529.81,0.1327,3.2,2.80,8.22,-19.21,2.22,47.44,-1.64,-10.00
0,7,-1.00,-1.00,-1.00,-1.00,0.1297,1.9,2.15,5.38,-24.05,1.23,-37.69,-0.08,-10.00
0,7,-1.00,-1.00,-1.00,-1.00,0.1226,2.3,2.41,6.33,-36.00,1.85,20.38,1.67,-10.00
0,7,-1.00,-1.00,-1.00,-1.00,0.1220,2.2,2.26,5.48,-9.23,0.81,-47.65,1.67,-10.00
0,7,-1.00,-1.00,-1.00,-1.00,0.1216,3.3,2.76,6.36,24.00,-0.02,-43.31,-3.11,-10.00
0,7,-1.00,-1.00,-1.00,-1.00,0.1205,2.0,2.21,5.69,-35.35,0.79,-1.30,-1.55,-10.00
0,7,-1.00,-1.00,-1.00,-1.00,0.1200,1.9,2.09,5.42,-16.24,1.38,14.93,3.12,-10.00
0,7,-1.00,-1.00,-1.00,-1.00,0.1126,2.0,2.19,5.72,-4.95,0.96,-38.78,-1.59,-10.00
0,7,-1.00,-1.00,-1.00,-1.00,0.1091,3.8,3.27,9.35,-50.23,0.93,27.42,1.60,-10.00
0,7,-1.00,-1.00,-1.00,-1.00,0.1041,2.0,2.12,5.51,-16.90,1.47,12.52,-3.11,-10.00
1,7,1386.48,0.00,1600.00,900.00,0.8434,1.9,2.11,5.76,3.85,1.47,3.53,-1.53,-10.00
1,7,-1.00,-1.00,-1.00,-1.00,0.7337,3.1,2.50,6.25,-36.23,1.36,-43.13,0.17,-10.00
1,7,789.29,414.21,881.13,537.08,0.5336,4.0,2.95,8.44,0.44,2.39,44.96,-1.53,-10.00
1,7,-1.00,-1.00,-1.00,-1.00,0.5190,1.9,2.08,5.46,3.51,1.33,-11.24,-1.54,-10.00
1,7,-1.00,-1.00,-1.00,-1.00,0.2867,3.1,2.60,6.31,23.68,-0.43,-44.32,-3.07,-10.00
1,7,-1.00,-1.00,-1.00,-1.00,0.2517,1.9,2.20,5.59,-33.08,1.20,-2.62,-1.43,-10.00
1,7,-1.00,-1.00,-1.00,-1.00,0.2499,2.2,2.26,5.79,-5.49,0.92,-49.00,0.13,-10.00
1,7,175.54,427.60,330.40,524.88,0.1843,3.1,2.77,7.82,-20.55,1.93,45.44,-1.68,-10.00
1,7,-1.00,-1.00,-1.00,-1.00,0.1834,2.0,2.19,5.57,-28.60,1.10,-49.83,1.72,-10.00
1,7,-1.00,-1.00,-1.00,-1.00,0.1722,1.9,2.07,5.33,-15.52,1.52,16.17,3.13,-10.00
1,7,-1.00,-1.00,-1.00,-1.00,0.1329,1.8,2.03,5.50,3.45,0.94,-32.48,-2.09,-10.00
1,7,-1.00,-1.00,-1.00,-1.00,0.1123,1.9,2.16,5.51,-36.00,1.69,18.87,1.70,-10.00
1,7,-1.00,-1.00,-1.00,-1.00,0.1122,2.5,2.48,6.52,19.45,-0.57,-43.61,-3.02,-10.00
1,7,1468.03,428.10,1600.00,567.18,0.1122,2.0,2.19,5.55,13.19,1.54,20.86,-1.55,-10.00
1,7,-1.00,-1.00,-1.00,-1.00,0.1053,1.9,2.15,5.27,-27.26,0.77,-38.45,-3.03,-10.00
1,7,-1.00,-1.00,-1.00,-1.00,0.1013,2.0,2.18,5.77,-5.31,0.82,-38.38,-1.78,-10.00
2,7,1522.81,396.49,1600.00,875.85,0.9461,1.9,2.14,5.81,3.82,1.47,2.18,-1.53,-10.00
2,7,-1.00,-1.00,-1.00,-1.00,0.8457,3.1,2.60,5.95,-35.75,0.90,-44.57,0.15,-10.00
2,7,-1.00,-1.00,-1.00,-1.00,0.5708,1.9,2.04,5.50,3.47,1.30,-12.61,-1.55,-10.00
2,7,-1.00,-1.00,-1.00,-1.00,0.2253,2.2,2.35,6.08,4.12,0.88,-33.68,-2.72,-10.00
2,7,-1.00,-1.00,-1.00,-1.00,0.2159,2.1,2.20,5.77,12.41,-0.66,-42.49,1.54,-10.00
2,7,-1.00,-1.00,-1.00,-1.00,0.1876,2.2,2.18,5.44,-46.48,0.83,-0.74,-3.09,-10.00
2,7,-1.00,-1.00,-1.00,-1.00,0.1843,1.9,2.09,5.35,-33.43,0.63,-39.01,-2.97,-10.00
2,7,135.49,460.50,270.87,530.51,0.1761,2.2,2.13,5.38,-21.02,2.03,42.55,-1.63,-10.00
2,7,765.67,385.48,874.38,533.88,0.1542,4.6,3.39,11.74,-0.12,2.27,45.37,-1.56,-10.00
2,7,-1.00,-1.00,-1.00,-1.00,0.1273,2.3,2.15,5.72,-0.06,0.65,-51.27,0.10,-10.00
2,7,-1.00,-1.00,-1.00,-1.00,0.1158,1.9,2.13,5.61,-32.99,1.49,-3.80,1.65,-10.00
2,7,-1.00,-1.00,-1.00,-1.00,0.1153,1.9,2.19,5.69,-18.38,1.74,-17.41,-1.48,-10.00
2,7,-1.00,-1.00,-1.00,-1.00,0.1097,2.0,2.14,5.21,16.95,0.41,-37.20,-3.14,-10.00
2,7,-1.00,-1.00,-1.00,-1.00,0.1094,3.5,2.81,7.02,-10.51,-0.30,-27.02,-1.54,-10.00
2,7,-1.00,-1.00,-1.00,-1.00,0.1054,2.3,2.35,5.98,-36.51,1.78,16.97,-1.41,-10.00
3,7,-1.00,-1.00,-1.00,-1.00,0.9684,1.9,2.13,5.87,3.78,1.49,0.66,-1.53,-10.00
3,7,-1.00,-1.00,-1.00,-1.00,0.6906,3.1,2.62,6.53,-35.18,1.12,-46.66,0.12,-10.00
3,7,-1.00,-1.00,-1.00,-1.00,0.3819,2.3,2.40,6.19,10.08,-0.03,-45.87,-3.01,-10.00
3,7,-1.00,-1.00,-1.00,-1.00,0.2685,2.0,2.16,5.49,-6.55,1.17,-50.23,0.08,-10.00
3,7,-1.00,-1.00,-1.00,-1.00,0.2661,2.0,2.09,5.62,-36.17,1.47,15.33,-1.47,-10.00
3,7,-1.00,-1.00,-1.00,-1.00,0.2017,1.9,2.22,5.63,-26.36,0.91,-12.82,-1.53,-10.00
3,7,-1.00,-1.00,-1.00,-1.00,0.1940,2.1,2.27,5.90,3.56,1.11,-34.38,-2.89,-10.00
3,7,-1.00,-1.00,-1.00,-1.00,0.1815,1.9,2.00,5.20,-32.99,1.12,-5.69,1.62,-10.00
3,7,759.22,383.82,867.68,531.81,0.1727,4.4,3.05,10.02,-0.24,2.07,42.79,-1.52,-10.00
3,7,-1.00,-1.00,-1.00,-1.00,0.1654,2.2,2.25,5.50,13.71,-0.49,-42.34,3.09,-10.00
3,7,-1.00,-1.00,-1.00,-1.00,0.1378,2.0,2.18,5.56,27.53,1.22,-37.49,-3.09,-10.00
3,7,451.39,478.06,543.44,544.96,0.1302,2.5,2.41,6.09,-12.92,2.94,49.63,-1.64,-10.00
3,7,-1.00,-1.00,-1.00,-1.00,0.1178,2.1,2.13,5.29,-46.63,0.70,-2.41,-3.11,-10.00
3,7,-1.00,-1.00,-1.00,-1.00,0.1176,2.0,2.12,5.49,-35.89,0.99,-40.36,-3.04,-10.00
3,7,-1.00,-1.00,-1.00,-1.00,0.1100,1.9,2.03,5.31,3.47,1.38,-14.02,-1.56,-10.00
3,7,-1.00,-1.00,-1.00,-1.00,0.1004,1.9,2.04,5.44,3.87,1.23,-22.00,-1.59,-10.00
4,7,-1.00,-1.00,-1.00,-1.00,0.9526,1.9,2.11,5.75,3.69,1.43,-0.53,-1.54,-10.00
4,7,-1.00,-1.00,-1.00,-1.00,0.6842,2.8,2.63,7.01,8.03,0.22,-47.02,-3.06,-10.00
4,7,750.60,391.91,859.84,541.11,0.4882,4.4,3.17,10.13,-0.55,2.35,41.84,-1.55,-10.00
4,7,-1.00,-1.00,-1.00,-1.00,0.4864,2.9,2.58,6.65,-34.27,1.01,-48.05,0.15,-10.00
4,7,-1.00,-1.00,-1.00,-1.00,0.2494,1.9,2.13,5.71,2.28,1.23,-35.45,-1.85,-10.00
4,7,-1.00,-1.00,-1.00,-1.00,0.2153,2.1,2.14,5.49,-36.52,1.15,14.24,1.64,-10.00
4,7,-1.00,-1.00,-1.00,-1.00,0.1923,3.5,2.89,8.90,15.65,0.29,-43.51,-3.13,-10.00
4,7,-1.00,-1.00,-1.00,-1.00,0.1515,2.1,2.26,5.51,-26.39,1.02,-14.24,-1.52,-10.00
4,7,-1.00,-1.00,-1.00,-1.00,0.1468,2.9,2.62,6.69,3.26,0.48,-46.25,-3.07,-10.00
4,7,-1.00,-1.00,-1.00,-1.00,0.1357,2.0,2.07,5.72,-22.59,1.38,0.92,-1.44,-10.00
4,7,-1.00,-1.00,-1.00,-1.00,0.1342,2.0,2.26,5.46,-33.08,1.13,-6.95,-1.47,-10.00
4,7,-1.00,-1.00,-1.00,-1.00,0.1159,2.2,2.38,6.11,36.81,0.75,-43.15,0.08,-10.00
4,7,-1.00,-1.00,-1.00,-1.00,0.1118,2.0,2.21,5.61,-35.48,1.21,-6.66,-1.55,-10.00
4,7,-1.00,-1.00,-1.00,-1.00,0.1047,2.4,2.33,5.85,-4.30,1.46,-51.72,0.18,-10.00
4,7,-1.00,-1.00,-1.00,-1.00,0.1017,2.2,2.20,5.81,-41.54,1.51,-51.33,1.70,-10.00
5,7,-1.00,-1.00,-1.00,-1.00,0.9518,1.9,2.10,5.80,3.67,1.43,-1.69,-1.55,-10.00
5,7,-1.00,-1.00,-1.00,-1.00,0.7295,3.3,2.96,9.97,5.25,0.17,-47.79,-2.97,-10.00
5,7,-1.00,-1.00,-1.00,-1.00,0.6891,2.0,2.25,5.73,-36.34,1.37,13.23,1.73,-10.00
5,7,-1.00,-1.00,-1.00,-1.00,0.6283,2.9,2.50,6.73,-33.02,0.94,-49.31,0.10,-10.00
5,7,-1.00,-1.00,-1.00,-1.00,0.6189,1.9,2.07,5.60,3.50,1.13,-16.53,-1.56,-10.00
5,7,747.51,391.48,860.51,546.60,0.4615,4.4,3.19,9.95,-0.57,2.44,40.70,-1.55,-10.00
5,7,-1.00,-1.00,-1.00,-1.00,0.2614,1.9,2.06,5.49,3.58,1.16,-24.46,-1.55,-10.00
5,7,-1.00,-1.00,-1.00,-1.00,0.1749,2.0,2.21,5.78,-33.07,1.31,-8.03,1.67,-10.00
5,7,-1.00,-1.00,-1.00,-1.00,0.1676,1.9,2.06,5.01,-18.77,1.16,-39.95,-3.08,-10.00
5,7,-1.00,-1.00,-1.00,-1.00,0.1415,1.9,2.13,5.62,2.46,0.97,-35.62,-2.09,-10.00
5,7,-1.00,-1.00,-1.00,-1.00,0.1413,2.1,2.14,5.44,-44.93,1.22,-6.57,-1.59,-10.00
5,7,-1.00,-1.00,-1.00,-1.00,0.1397,4.1,3.02,10.69,17.12,0.78,-45.04,-3.13,-10.00
5,7,-1.00,-1.00,-1.00,-1.00,0.1299,2.0,2.20,5.75,25.13,0.29,-45.56,-3.05,-10.00
5,7,-1.00,-1.00,-1.00,-1.00,0.1018,1.9,2.10,5.16,18.83,0.66,-39.21,-3.14,-10.00
6,7,-1.00,-1.00,-1.00,-1.00,0.9732,1.9,2.17,5.99,3.67,1.44,-2.69,-1.55,-10.00
6,7,-1.00,-1.00,-1.00,-1.00,0.7319,3.6,3.06,9.29,1.64,0.11,-48.44,-3.03,-10.00
6,7,747.84,389.36,864.58,545.44,0.6213,4.3,3.19,9.69,-0.49,2.33,39.40,-1.55,-10.00
6,7,-1.00,-1.00,-1.00,-1.00,0.4093,1.9,2.01,5.40,3.44,1.07,-17.57,-1.54,-10.00
6,7,-1.00,-1.00,-1.00,-1.00,0.3040,2.3,2.32,5.91,-36.43,1.62,12.27,1.67,-10.00
6,7,-1.00,-1.00,-1.00,-1.00,0.2595,3.1,2.53,7.13,-31.06,0.87,-50.66,0.10,-10.00
6,7,-1.00,-1.00,-1.00,-1.00,0.2249,2.0,2.19,5.60,-33.06,0.77,-9.16,1.63,-10.00
6,7,-1.00,-1.00,-1.00,-1.00,0.1301,3.4,3.15,8.55,-47.63,1.55,-6.32,-3.12,-10.00
6,7,-1.00,-1.00,-1.00,-1.00,0.1216,2.0,2.24,5.69,-20.65,1.28,-23.79,1.57,-10.00
6,7,-1.00,-1.00,-1.00,-1.00,0.1152,3.8,3.01,12.29,9.37,0.24,-49.77,-2.96,-10.00
6,7,-1.00,-1.00,-1.00,-1.00,0.1133,2.0,2.00,5.18,-22.92,0.64,-40.72,-3.06,-10.00
6,7,-1.00,-1.00,-1.00,-1.00,0.1130,3.6,3.12,9.56,-25.23,2.02,26.20,-1.60,-10.00
6,7,-1.00,-1.00,-1.00,-1.00,0.1089,1.9,2.10,5.13,-19.21,0.79,-41.17,0.04,-10.00
7,7,-1.00,-1.00,-1.00,-1.00,0.9513,1.9,2.15,5.95,3.68,1.35,-4.03,-1.55,-10.00
7,7,-1.00,-1.00,-1.00,-1.00,0.6748,3.8,3.13,9.28,-1.99,0.09,-49.38,-3.05,-10.00
7,7,-1.00,-1.00,-1.00,-1.00,0.6588,2.1,2.25,5.86,-36.42,1.50,11.19,1.66,-10.00
7,7,751.81,376.05,872.19,539.72,0.5828,4.3,3.09,8.99,-0.24,2.09,37.91,-1.52,-10.00
7,7,-1.00,-1.00,-1.00,-1.00,0.3068,1.9,2.06,5.38,3.38,1.12,-18.63,-1.53,-10.00
7,7,-1.00,-1.00,-1.00,-1.00,0.1691,2.3,2.28,5.80,11.03,-0.79,-46.98,-3.10,-10.00
7,7,-1.00,-1.00,-1.00,-1.00,0.1031,1.9,2.21,5.56,-35.78,1.00,-10.27,-1.56,-10.00
8,7,-1.00,-1.00,-1.00,-1.00,0.9504,1.9,2.16,5.97,3.60,1.29,-5.09,-1.55,-10.00
8,7,-1.00,-1.00,-1.00,-1.00,0.7146,3.8,3.15,8.94,-5.75,-0.12,-49.73,-3.08,-10.00
8,7,754.50,371.36,874.71,545.12,0.6478,4.4,3.04,9.36,-0.19,2.16,36.74,-1.54,-10.00
8,7,-1.00,-1.00,-1.00,-1.00,0.3328,1.9,2.06,5.37,3.33,1.08,-20.09,-1.53,-10.00
8,7,-1.00,-1.00,-1.00,-1.00,0.1234,4.2,3.05,12.23,0.96,0.52,-51.17,-3.02,-10.00
8,7,-1.00,-1.00,-1.00,-1.00,0.1054,2.4,2.39,5.95,9.27,-0.75,-47.92,-3.07,-10.00
8,7,-1.00,-1.00,-1.00,-1.00,0.1004,1.9,2.10,5.43,-33.07,1.05,-11.13,1.62,-10.00
9,7,-1.00,-1.00,-1.00,-1.00,0.9599,1.9,2.16,5.91,3.57,1.32,-6.60,-1.55,-10.00
9,7,762.11,364.99,892.51,544.21,0.6455,4.3,3.14,9.22,0.11,2.04,35.15,-1.55,-10.00
9,7,-1.00,-1.00,-1.00,-1.00,0.4013,3.5,3.05,8.88,-10.56,-0.05,-50.99,-3.05,-10.00
9,7,-1.00,-1.00,-1.00,-1.00,0.3529,2.2,2.35,6.35,7.10,-0.64,-49.43,-3.08,-10.00
9,7,-1.00,-1.00,-1.00,-1.00,0.3269,1.9,2.08,5.44,3.13,1.08,-21.51,-1.53,-10.00
9,7,-1.00,-1.00,-1.00,-1.00,0.1616,1.9,2.07,5.14,-33.19,0.97,-12.61,1.65,-10.00
9,7,-1.00,-1.00,-1.00,-1.00,0.1494,2.1,2.07,5.59,4.05,0.42,-43.89,-1.61,-10.00
9,7,-1.00,-1.00,-1.00,-1.00,0.1484,1.9,2.10,5.53,0.32,0.77,-34.57,-1.71,-10.00
9,7,1389.79,464.49,1520.03,522.25,0.1332,2.0,2.28,5.47,24.17,1.98,48.49,1.58,-10.00
9,7,-1.00,-1.00,-1.00,-1.00,0.1279,3.7,3.42,11.21,-25.21,2.41,21.69,1.55,-10.00
9,7,-1.00,-1.00,-1.00,-1.00,0.1272,3.0,2.46,6.51,-16.73,0.99,-49.56,-3.02,-10.00
9,7,-1.00,-1.00,-1.00,-1.00,0.1252,2.0,2.22,5.60,-36.35,1.28,8.53,1.69,-10.00
9,7,-1.00,-1.00,-1.00,-1.00,0.1178,4.3,3.05,10.99,-3.78,0.41,-51.37,-3.05,-10.00
9,7,401.19,472.50,489.26,537.66,0.1093,2.0,2.09,5.53,-12.50,2.22,41.41,1.40,-10.00
10,7,-1.00,-1.00,-1.00,-1.00,0.9604,1.9,2.15,5.97,3.51,1.33,-8.44,-1.55,-10.00
10,7,744.82,350.50,884.80,543.38,0.5650,4.4,3.21,10.16,-0.20,1.96,34.11,-1.55,-10.00
10,7,-1.00,-1.00,-1.00,-1.00,0.3137,2.7,2.57,7.07,4.34,-0.10,-51.07,-3.05,-10.00
10,7,-1.00,-1.00,-1.00,-1.00,0.2621,1.9,2.07,5.51,3.00,1.11,-23.36,-1.51,-10.00
10,7,-1.00,-1.00,-1.00,-1.00,0.2563,2.4,2.29,5.87,-16.67,-0.01,-51.10,-3.00,-10.00
10,7,-1.00,-1.00,-1.00,-1.00,0.2349,2.1,2.30,5.58,-36.26,1.19,7.13,1.70,-10.00
10,7,296.32,456.09,447.73,513.20,0.1571,2.0,2.08,5.15,-16.81,1.58,46.53,2.81,-10.00
10,7,-1.00,-1.00,-1.00,-1.00,0.1510,2.0,2.18,5.64,-20.46,1.27,-15.08,-3.12,-10.00
10,7,-1.00,-1.00,-1.00,-1.00,0.1211,1.9,2.12,5.63,-4.52,1.17,-33.32,-1.65,-10.00
10,7,1199.67,507.55,1481.83,611.38,0.1171,2.2,2.21,5.46,11.56,3.14,28.53,0.06,-10.00
10,7,1035.11,481.02,1182.86,533.33,0.1136,2.0,2.17,5.18,11.03,2.46,49.13,2.99,-10.00
10,7,350.94,485.10,450.62,549.73,0.1127,2.0,2.01,5.41,-13.85,2.58,41.09,1.45,-10.00
10,7,-1.00,-1.00,-1.00,-1.00,0.1056,2.2,2.15,5.77,13.15,1.29,2.00,-0.02,-10.00
11,7,-1.00,-1.00,-1.00,-1.00,0.9503,1.9,2.14,5.87,3.41,1.41,-10.32,-1.52,-10.00
11,7,761.04,346.94,908.24,545.26,0.6959,4.3,3.17,9.35,0.25,1.88,31.95,-1.55,-10.00
11,7,-1.00,-1.00,-1.00,-1.00,0.3372,2.0,2.13,5.71,2.97,1.13,-25.34,-1.50,-10.00
11,7,-1.00,-1.00,-1.00,-1.00,0.3218,2.0,2.29,5.80,-20.44,1.61,-16.90,-3.08,-10.00
11,7,-1.00,-1.00,-1.00,-1.00,0.2880,2.0,2.16,5.58,-0.70,1.16,-33.81,-1.56,-10.00
11,7,-1.00,-1.00,-1.00,-1.00,0.1696,2.0,2.17,5.27,13.09,0.56,-47.67,0.10,-10.00
11,7,-1.00,-1.00,-1.00,-1.00,0.1684,2.0,2.05,5.18,-35.89,1.07,-14.87,-1.55,-10.00
11,7,-1.00,-1.00,-1.00,-1.00,0.1537,2.3,2.28,5.56,-36.43,1.35,5.49,1.71,-10.00
11,7,268.16,452.03,429.34,513.98,0.1493,2.1,2.19,5.27,-17.06,1.55,45.00,-0.32,-10.00
11,7,-1.00,-1.00,-1.00,-1.00,0.1351,1.9,2.06,5.49,-17.63,1.30,-28.89,0.03,-10.00
11,7,-1.00,-1.00,-1.00,-1.00,0.1143,2.0,2.30,5.87,12.17,0.53,-50.14,-1.52,-10.00
12,7,-1.00,-1.00,-1.00,-1.00,0.8375,1.9,2.11,5.77,3.46,1.28,-12.21,-1.54,-10.00
12,7,750.47,361.57,897.27,569.23,0.6013,4.1,2.89,9.53,0.08,2.22,29.75,-1.54,-10.00
12,7,-1.00,-1.00,-1.00,-1.00,0.2055,1.9,2.01,5.62,-17.11,1.21,-30.65,-3.14,-10.00
12,7,-1.00,-1.00,-1.00,-1.00,0.1860,2.0,2.12,5.45,-0.53,0.98,-32.88,-1.55,-10.00
12,7,-1.00,-1.00,-1.00,-1.00,0.1733,2.1,2.19,5.57,-36.27,1.16,3.33,1.71,-10.00
12,7,-1.00,-1.00,-1.00,-1.00,0.1357,1.9,2.08,5.66,-17.06,1.49,-28.92,-0.08,-10.00
12,7,225.60,455.45,397.03,519.72,0.1339,2.1,2.16,5.32,-17.64,1.69,43.20,2.81,-10.00
12,7,-1.00,-1.00,-1.00,-1.00,0.1298,1.9,2.01,5.22,2.82,0.93,-26.90,-1.49,-10.00
12,7,-1.00,-1.00,-1.00,-1.00,0.1112,2.2,2.28,5.51,-38.97,1.20,4.45,-1.45,-10.00
13,7,-1.00,-1.00,-1.00,-1.00,0.9339,1.9,2.14,5.85,3.43,1.20,-13.95,-1.55,-10.00
13,7,729.36,343.80,896.06,571.54,0.4757,4.3,3.13,9.61,-0.19,2.17,28.58,-1.55,-10.00
13,7,-1.00,-1.00,-1.00,-1.00,0.1989,1.9,2.03,5.50,2.90,1.04,-28.67,-1.55,-10.00
13,7,-1.00,-1.00,-1.00,-1.00,0.1668,1.9,2.04,5.63,-4.28,1.09,-30.29,1.56,-10.00
13,7,-1.00,-1.00,-1.00,-1.00,0.1603,1.9,2.07,5.46,-33.26,1.19,-19.69,1.62,-10.00
13,7,-1.00,-1.00,-1.00,-1.00,0.1298,2.5,2.34,5.88,21.41,1.11,-51.82,-2.97,-10.00
13,7,1071.43,484.15,1237.98,541.36,0.1297,1.9,2.10,5.17,11.40,2.46,43.67,-0.19,-10.00
13,7,-1.00,-1.00,-1.00,-1.00,0.1249,2.2,2.36,5.62,-36.48,1.29,1.27,1.70,-10.00
13,7,-1.00,-1.00,-1.00,-1.00,0.1151,1.9,2.11,5.37,-36.07,0.74,-19.60,-1.61,-10.00
13,7,-1.00,-1.00,-1.00,-1.00,0.1136,1.9,1.98,5.58,-16.66,1.28,-32.48,-0.03,-10.00
13,7,180.10,455.27,362.70,521.62,0.1055,2.0,2.15,5.27,-18.03,1.66,41.01,2.81,-10.00
14,7,-1.00,-1.00,-1.00,-1.00,0.8853,1.9,2.17,5.93,3.54,1.25,-15.66,-1.56,-10.00
14,7,707.15,314.48,889.60,562.75,0.6626,4.3,3.14,10.01,-0.42,1.87,26.78,-1.55,-10.00
14,7,-1.00,-1.00,-1.00,-1.00,0.2616,2.2,2.15,5.62,-36.26,1.42,-0.38,1.69,-10.00
14,7,-1.00,-1.00,-1.00,-1.00,0.1703,1.9,2.09,5.55,3.15,0.96,-30.68,-1.52,-10.00
14,7,-1.00,-1.00,-1.00,-1.00,0.1381,2.0,2.03,6.13,-4.31,1.29,-31.97,1.57,-10.00
15,7,-1.00,-1.00,-1.00,-1.00,0.8421,2.0,2.12,5.77,3.57,1.16,-17.41,-1.55,-10.00
15,7,696.65,299.37,894.83,572.49,0.8256,4.3,3.12,9.45,-0.42,1.87,24.62,-1.55,-10.00
15,7,-1.00,-1.00,-1.00,-1.00,0.3836,1.8,2.01,5.03,-20.69,0.90,-24.27,-3.11,-10.00
15,7,-1.00,-1.00,-1.00,-1.00,0.1358,2.0,2.15,5.66,-36.24,1.42,-3.14,1.64,-10.00
15,7,-1.00,-1.00,-1.00,-1.00,0.1206,1.9,1.91,5.02,-43.02,1.94,1.99,-2.84,-10.00
15,7,66.90,456.35,295.90,531.25,0.1174,2.1,2.24,5.73,-18.97,1.79,37.20,2.82,-10.00
15,7,-1.00,-1.00,-1.00,-1.00,0.1154,2.0,2.11,5.65,3.17,1.09,-32.13,-1.50,-10.00
15,7,-1.00,-1.00,-1.00,-1.00,0.1147,1.9,2.02,5.02,-35.62,1.51,-23.41,1.52,-10.00
15,7,-1.00,-1.00,-1.00,-1.00,0.1013,2.9,2.47,6.12,-10.89,0.71,-49.47,1.45,-10.00
16,7,667.86,295.82,879.17,584.18,0.8161,4.2,3.05,9.32,-0.70,1.90,22.88,-1.55,-10.00
16,7,-1.00,-1.00,-1.00,-1.00,0.8113,1.9,2.13,5.81,3.61,1.19,-19.11,-1.55,-10.00
16,7,22.24,451.41,263.08,529.55,0.2796,2.1,2.19,5.63,-19.01,1.64,35.18,2.80,-10.00
16,7,-1.00,-1.00,-1.00,-1.00,0.1880,2.0,2.12,5.57,3.36,1.01,-34.01,-1.58,-10.00
16,7,-1.00,-1.00,-1.00,-1.00,0.1618,1.8,1.91,4.88,-35.98,1.15,-24.77,-1.52,-10.00
16,7,-1.00,-1.00,-1.00,-1.00,0.1493,1.8,1.90,5.01,3.46,0.96,-26.84,-1.57,-10.00
16,7,-1.00,-1.00,-1.00,-1.00,0.1051,1.9,2.08,5.48,12.45,0.97,-24.95,1.56,-10.00
17,7,652.96,287.60,882.59,595.51,0.8751,4.0,2.98,9.04,-0.70,1.87,20.89,-1.55,-10.00
17,7,-1.00,-1.00,-1.00,-1.00,0.8472,1.9,2.09,5.69,3.49,1.21,-20.95,-1.55,-10.00
17,7,-1.00,-1.00,-1.00,-1.00,0.3848,2.0,2.22,5.82,-36.52,0.85,-6.12,-1.46,-10.00
17,7,-1.00,-1.00,-1.00,-1.00,0.1523,2.0,2.18,5.66,3.05,1.17,-35.97,-1.50,-10.00
17,7,1506.75,479.94,1600.00,538.85,0.1213,2.2,2.30,5.79,30.23,2.67,49.12,3.14,-10.00
17,7,-1.00,-1.00,-1.00,-1.00,0.1166,1.9,1.90,4.71,-36.03,1.09,-26.69,-1.55,-10.00
17,7,0.00,445.06,237.69,528.84,0.1154,2.1,2.21,5.32,-18.84,1.55,33.66,2.76,-10.00
17,7,-1.00,-1.00,-1.00,-1.00,0.1107,2.1,2.14,5.63,-19.65,0.91,-34.79,-3.12,-10.00
18,7,-1.00,-1.00,-1.00,-1.00,0.8552,1.9,2.12,5.72,3.35,1.27,-22.54,-1.56,-10.00
18,7,651.52,245.18,910.15,605.28,0.8355,4.1,2.97,9.55,-0.36,1.81,19.26,-1.53,-10.00
18,7,-1.00,-1.00,-1.00,-1.00,0.3494,2.3,2.31,5.89,44.06,5.29,45.15,0.07,-10.00
18,7,-1.00,-1.00,-1.00,-1.00,0.2088,1.9,2.10,5.43,-36.48,0.63,-7.81,1.69,-10.00
18,7,0.00,437.88,215.77,527.23,0.1745,2.1,2.20,5.44,-18.70,1.43,31.91,2.78,-10.00
18,7,-1.00,-1.00,-1.00,-1.00,0.1729,1.8,1.93,5.10,3.12,1.11,-30.47,-1.55,-10.00
18,7,-1.00,-1.00,-1.00,-1.00,0.1665,2.1,2.13,5.17,-39.02,0.83,-7.09,1.66,-10.00
18,7,-1.00,-1.00,-1.00,-1.00,0.1176,1.9,2.05,5.66,2.93,1.11,-37.34,-1.51,-10.00
18,7,602.94,474.85,686.65,529.70,0.1068,1.8,2.01,5.34,-6.50,2.13,45.38,-1.52,-10.00
18,7,-1.00,-1.00,-1.00,-1.00,0.1050,3.2,2.94,9.55,-44.84,2.30,44.42,-2.98,-10.00
18,7,-1.00,-1.00,-1.00,-1.00,0.1004,1.9,2.06,4.96,-21.10,0.70,-19.28,-3.14,-10.00
19,7,634.06,179.80,934.09,608.31,0.6860,4.4,3.06,9.73,-0.27,1.67,17.72,-1.53,-10.00
19,7,-1.00,-1.00,-1.00,-1.00,0.4388,1.9,2.07,5.49,3.17,1.27,-24.29,-1.55,-10.00
19,7,-1.00,-1.00,-1.00,-1.00,0.2860,2.3,2.38,5.86,-42.76,1.34,18.98,-1.54,-10.00
19,7,-1.00,-1.00,-1.00,-1.00,0.2423,2.0,2.06,5.41,-36.49,0.52,-9.16,1.69,-10.00
19,7,-1.00,-1.00,-1.00,-1.00,0.1784,2.7,2.65,5.70,42.79,5.33,44.83,-1.50,-10.00
19,7,-1.00,-1.00,-1.00,-1.00,0.1661,1.9,2.08,5.62,2.61,1.19,-39.17,-1.58,-10.00
19,7,-1.00,-1.00,-1.00,-1.00,0.1369,3.6,3.00,6.91,43.34,4.59,48.98,-1.61,-10.00
19,7,-1.00,-1.00,-1.00,-1.00,0.1354,2.5,2.43,6.47,-31.26,1.92,41.91,-2.73,-10.00
19,7,-1.00,-1.00,-1.00,-1.00,0.1060,2.9,2.47,6.42,-51.73,1.12,-15.25,-0.02,-10.00
19,7,1398.92,432.97,1556.36,508.56,0.1040,2.6,2.58,6.42,24.97,1.40,48.45,1.55,-10.00
19,7,-1.00,-1.00,-1.00,-1.00,0.1021,3.7,2.94,8.27,-51.75,1.26,-7.32,-3.13,-10.00
20,7,605.52,150.93,948.26,631.82,0.6778,4.3,3.08,10.04,-0.29,1.72,16.37,-1.53,-10.00
20,7,-1.00,-1.00,-1.00,-1.00,0.4087,1.9,2.03,5.31,3.00,1.18,-25.71,-1.54,-10.00
20,7,-1.00,-1.00,-1.00,-1.00,0.2328,2.2,2.30,5.81,-42.79,1.11,16.91,-1.58,-10.00
20,7,-1.00,-1.00,-1.00,-1.00,0.2173,2.0,2.17,5.58,2.72,1.18,-33.95,-1.52,-10.00
20,7,-1.00,-1.00,-1.00,-1.00,0.1385,1.9,2.06,5.49,-36.56,0.37,-9.90,1.69,-10.00
20,7,-1.00,-1.00,-1.00,-1.00,0.1364,2.0,2.15,5.76,2.56,0.83,-40.56,-1.52,-10.00
20,7,0.00,414.51,182.22,513.18,0.1155,2.1,2.22,5.79,-18.40,0.96,29.02,2.91,-10.00
20,7,-1.00,-1.00,-1.00,-1.00,0.1121,3.6,3.29,8.34,-50.78,1.16,-10.33,1.60,-10.00
20,7,-1.00,-1.00,-1.00,-1.00,0.1086,2.2,2.14,5.18,-39.52,0.48,-9.46,-1.51,-10.00
20,7,-1.00,-1.00,-1.00,-1.00,0.1029,1.9,2.16,5.59,29.25,2.11,37.87,-3.13,-10.00
20,7,-1.00,-1.00,-1.00,-1.00,0.1000,3.6,2.81,7.55,-51.73,1.28,-17.23,3.07,-10.00
21,7,-1.00,-1.00,-1.00,-1.00,0.6594,1.9,2.07,5.39,2.95,1.31,-27.42,-1.55,-10.00
21,7,581.40,77.61,1002.08,658.82,0.5978,4.4,3.18,10.45,0.02,1.70,14.75,-1.51,-10.00
21,7,0.00,424.75,140.06,526.45,0.3887,2.1,2.29,5.64,-18.54,1.21,27.58,2.83,-10.00
21,7,-1.00,-1.00,-1.00,-1.00,0.2314,2.0,2.06,5.42,38.17,2.10,35.82,-3.06,-10.00
21,7,-1.00,-1.00,-1.00,-1.00,0.2247,1.9,2.09,5.29,-36.60,0.95,-31.92,-1.50,-10.00
21,7,-1.00,-1.00,-1.00,-1.00,0.1655,2.7,2.61,5.72,43.53,2.18,45.11,1.65,-10.00
21,7,-1.00,-1.00,-1.00,-1.00,0.1408,2.0,2.08,5.53,-36.62,0.30,-11.48,1.69,-10.00
21,7,-1.00,-1.00,-1.00,-1.00,0.1348,2.2,2.22,6.02,-42.81,1.04,16.33,1.64,-10.00
21,7,-1.00,-1.00,-1.00,-1.00,0.1200,2.0,2.19,5.61,2.71,1.36,-35.33,-1.56,-10.00
21,7,-1.00,-1.00,-1.00,-1.00,0.1024,2.0,2.25,5.79,29.26,1.90,36.27,3.14,-10.00
21,7,-1.00,-1.00,-1.00,-1.00,0.1021,3.7,2.89,7.97,-52.22,1.44,-18.80,2.92,-10.00
21,7,-1.00,-1.00,-1.00,-1.00,0.1005,3.9,3.06,11.73,35.96,3.52,26.52,0.07,-10.00
22,7,544.34,89.90,981.58,696.78,0.7367,4.2,2.99,10.18,-0.24,1.82,13.72,-1.53,-10.00
22,7,-1.00,-1.00,-1.00,-1.00,0.3980,1.9,2.04,5.32,2.95,1.22,-28.42,-1.55,-10.00
22,7,-1.00,-1.00,-1.00,-1.00,0.2960,2.4,2.40,6.09,36.84,2.71,34.89,-3.12,-10.00
22,7,-1.00,-1.00,-1.00,-1.00,0.2223,2.3,2.47,5.76,44.60,1.42,42.96,-3.14,-10.00
22,7,-1.00,-1.00,-1.00,-1.00,0.1677,2.0,2.15,5.72,-36.58,0.43,-12.82,1.70,-10.00
22,7,0.00,419.50,121.41,527.70,0.1673,2.1,2.22,5.69,-18.35,1.19,26.50,2.77,-10.00
22,7,-1.00,-1.00,-1.00,-1.00,0.1628,2.0,2.15,5.53,-35.35,0.88,-33.29,0.00,-10.00
22,7,-1.00,-1.00,-1.00,-1.00,0.1273,4.0,3.00,13.28,35.14,3.63,25.46,-3.07,-10.00
22,7,-1.00,-1.00,-1.00,-1.00,0.1239,2.6,2.53,6.52,-42.92,1.24,10.60,-1.54,-10.00
22,7,-1.00,-1.00,-1.00,-1.00,0.1198,2.0,2.12,5.84,5.64,0.84,-35.06,-1.61,-10.00
22,7,-1.00,-1.00,-1.00,-1.00,0.1102,2.1,2.28,6.01,36.08,0.97,41.89,2.96,-10.00
23,7,507.08,46.50,993.70,709.13,0.8553,4.2,3.05,9.40,-0.42,1.75,12.65,-1.55,-10.00
23,7,-1.00,-1.00,-1.00,-1.00,0.2909,1.9,2.06,5.44,-36.75,0.26,-14.17,1.68,-10.00
23,7,0.00,405.09,67.94,525.22,0.1854,2.2,2.28,5.84,-18.94,1.09,25.29,2.77,-10.00
23,7,-1.00,-1.00,-1.00,-1.00,0.1768,1.9,2.00,5.20,3.09,1.08,-29.56,-1.55,-10.00
23,7,-1.00,-1.00,-1.00,-1.00,0.1089,2.6,2.33,5.90,-41.37,1.02,10.63,0.01,-10.00
23,7,-1.00,-1.00,-1.00,-1.00,0.1085,2.3,2.34,5.54,36.01,2.49,34.19,3.14,-10.00
23,7,85.73,438.85,263.05,524.74,0.1034,2.1,2.27,5.86,-18.07,1.47,34.57,-2.44,-10.00
24,7,471.17,0.00,1006.62,721.92,0.8153,4.3,3.05,9.46,-0.44,1.68,11.96,-1.55,-10.00
24,7,-1.00,-1.00,-1.00,-1.00,0.4963,1.8,2.01,5.31,3.34,1.05,-30.36,-1.55,-10.00
24,7,-1.00,-1.00,-1.00,-1.00,0.3691,2.0,2.11,5.59,-36.62,0.39,-15.20,1.66,-10.00
24,7,0.00,410.56,36.49,531.95,0.2892,2.2,2.30,5.87,-19.11,1.18,24.43,2.80,-10.00
24,7,-1.00,-1.00,-1.00,-1.00,0.1988,2.0,2.29,5.35,-18.29,1.08,-37.33,0.07,-10.00
24,7,-1.00,-1.00,-1.00,-1.00,0.1357,2.2,2.25,5.94,40.37,1.91,23.81,-3.08,-10.00
24,7,-1.00,-1.00,-1.00,-1.00,0.1283,2.0,2.11,5.51,27.69,1.78,33.82,-3.14,-10.00
24,7,1432.77,459.51,1600.00,531.05,0.1193,2.0,2.13,5.32,20.88,1.75,36.50,-3.07,-10.00
24,7,-1.00,-1.00,-1.00,-1.00,0.1015,1.9,2.24,5.54,10.16,-0.06,-46.63,1.56,-10.00
25,7,410.86,0.00,1003.67,759.96,0.9179,4.0,3.02,9.06,-0.53,1.71,10.99,-1.55,-10.00
25,7,-1.00,-1.00,-1.00,-1.00,0.6154,1.9,2.02,5.28,3.57,1.17,-30.98,-1.55,-10.00
25,7,-1.00,-1.00,-1.00,-1.00,0.2809,2.0,2.00,4.98,-16.67,1.38,-38.07,-3.11,-10.00
25,7,-1.00,-1.00,-1.00,-1.00,0.2598,2.3,2.24,5.86,3.51,0.88,-39.26,-1.59,-10.00
25,7,-1.00,-1.00,-1.00,-1.00,0.2159,2.0,2.16,5.64,-36.53,0.26,-16.25,1.65,-10.00
26,7,375.03,0.00,1012.06,786.60,0.9191,3.9,2.95,9.06,-0.56,1.71,10.42,-1.55,-10.00
26,7,-1.00,-1.00,-1.00,-1.00,0.6603,1.9,2.04,5.29,3.57,1.08,-31.21,-1.56,-10.00
26,7,-1.00,-1.00,-1.00,-1.00,0.3228,2.0,2.14,5.60,-36.43,0.24,-16.90,1.65,-10.00
26,7,-1.00,-1.00,-1.00,-1.00,0.1891,2.0,2.12,4.99,-17.46,1.19,-38.94,-3.13,-10.00
26,7,-1.00,-1.00,-1.00,-1.00,0.1853,2.1,2.20,5.57,3.63,1.19,-39.54,-1.58,-10.00
26,7,122.38,435.18,383.41,525.09,0.1486,2.3,2.47,6.38,-16.01,1.50,35.11,-2.94,-10.00
26,7,-1.00,-1.00,-1.00,-1.00,0.1225,2.1,2.11,5.42,-19.07,0.82,22.91,2.81,-10.00
26,7,-1.00,-1.00,-1.00,-1.00,0.1096,2.2,2.28,5.72,35.59,1.85,38.74,3.10,-10.00
26,7,-1.00,-1.00,-1.00,-1.00,0.1047,1.9,2.13,5.69,-1.20,1.36,-25.19,-1.47,-10.00
27,7,331.99,0.00,1046.38,825.13,0.9135,3.9,3.04,9.41,-0.52,1.76,10.13,-1.55,-10.00
27,7,-1.00,-1.00,-1.00,-1.00,0.3296,2.0,2.23,5.72,-36.32,0.23,-17.41,1.59,-10.00
27,7,0.00,446.81,155.25,535.88,0.2307,2.1,2.12,5.40,-19.94,1.61,31.06,3.11,-10.00
27,7,-1.00,-1.00,-1.00,-1.00,0.1896,2.0,2.13,5.54,3.75,1.09,-31.53,-1.60,-10.00
27,7,-1.00,-1.00,-1.00,-1.00,0.1479,2.2,2.22,5.41,-44.71,0.61,6.76,-0.05,-10.00
27,7,-1.00,-1.00,-1.00,-1.00,0.1429,2.1,2.42,5.94,10.59,1.26,-36.33,-1.63,-10.00
27,7,0.00,439.90,216.22,534.06,0.1260,2.2,2.27,6.99,-19.48,1.62,32.44,-2.81,-10.00
28,7,312.72,0.00,1028.82,814.08,0.9275,3.8,3.03,8.98,-0.60,1.69,9.88,-1.55,-10.00
28,7,-1.00,-1.00,-1.00,-1.00,0.2516,2.2,2.16,5.27,-44.29,0.69,6.76,3.08,-10.00
28,7,0.00,433.40,199.72,528.55,0.1632,2.2,2.16,6.44,-19.11,1.43,31.49,-2.78,-10.00
28,7,-1.00,-1.00,-1.00,-1.00,0.1531,1.9,2.15,5.72,-18.34,0.85,-28.86,-3.13,-10.00
28,7,209.29,461.24,434.32,534.81,0.1465,2.0,2.18,5.54,-14.36,1.83,35.90,3.13,-10.00
28,7,1385.96,395.44,1600.00,521.61,0.1288,3.8,2.87,7.85,22.86,1.62,40.81,-3.04,-10.00
28,7,-1.00,-1.00,-1.00,-1.00,0.1266,2.0,2.13,5.56,3.78,1.02,-31.75,-1.61,-10.00
28,7,-1.00,-1.00,-1.00,-1.00,0.1139,2.0,2.15,5.32,-3.96,1.26,-48.39,1.50,-10.00
28,7,-1.00,-1.00,-1.00,-1.00,0.1135,2.0,2.27,5.99,-36.48,0.53,-17.25,-1.60,-10.00
28,7,-1.00,-1.00,-1.00,-1.00,0.1051,3.1,2.73,6.25,41.55,1.59,22.23,0.10,-10.00
28,7,-1.00,-1.00,-1.00,-1.00,0.1048,2.3,2.27,6.15,44.46,3.36,23.25,0.09,-10.00
29,7,333.27,0.00,1037.06,825.19,0.9138,3.8,3.04,9.14,-0.55,1.78,10.07,-1.55,-10.00
29,7,-1.00,-1.00,-1.00,-1.00,0.2872,2.0,2.12,5.53,-36.46,0.44,-17.22,1.65,-10.00
29,7,-1.00,-1.00,-1.00,-1.00,0.1530,2.2,2.28,5.69,50.13,1.95,38.19,-3.14,-10.00
29,7,-1.00,-1.00,-1.00,-1.00,0.1493,2.1,2.13,5.33,-44.38,0.41,6.80,-0.10,-10.00
29,7,-1.00,-1.00,-1.00,-1.00,0.1242,1.9,2.09,5.60,3.94,1.06,-25.91,-1.64,-10.00
29,7,0.00,426.26,195.34,517.80,0.1177,2.0,2.17,5.58,-18.71,1.16,31.91,-2.56,-10.00
29,7,0.00,428.82,97.85,535.26,0.1176,2.4,2.31,5.85,-21.40,1.57,30.75,2.70,-10.00
29,7,-1.00,-1.00,-1.00,-1.00,0.1017,2.0,2.10,5.48,-19.08,1.03,22.53,2.83,-10.00
30,7,347.09,0.00,987.82,790.04,0.8943,3.9,2.84,9.38,-0.51,1.66,10.29,-1.52,-10.00
30,7,-1.00,-1.00,-1.00,-1.00,0.3299,1.9,2.23,5.75,-36.39,0.05,-17.57,1.58,-10.00
30,7,-1.00,-1.00,-1.00,-1.00,0.1838,2.0,2.01,5.10,-16.23,1.04,-38.87,-0.03,-10.00
30,7,-1.00,-1.00,-1.00,-1.00,0.1476,2.7,2.50,6.39,-43.73,0.62,5.48,-1.64,-10.00
30,7,-1.00,-1.00,-1.00,-1.00,0.1239,2.0,2.17,5.21,-19.05,1.02,22.57,2.83,-10.00
31,7,362.15,0.00,1016.54,773.94,0.8903,3.9,2.88,9.41,-0.53,1.59,10.31,-1.55,-10.00
31,7,-1.00,-1.00,-1.00,-1.00,0.1930,2.0,2.27,5.69,-36.52,-0.08,-17.35,1.56,-10.00
31,7,212.50,474.33,431.82,545.20,0.1849,2.0,2.24,5.54,-14.71,2.18,36.84,3.07,-10.00
31,7,-1.00,-1.00,-1.00,-1.00,0.1616,2.0,2.17,5.76,-19.16,0.98,22.62,2.83,-10.00
31,7,-1.00,-1.00,-1.00,-1.00,0.1542,2.7,2.51,6.56,-43.72,0.66,5.55,-1.63,-10.00
31,7,-1.00,-1.00,-1.00,-1.00,0.1231,2.0,2.14,5.51,13.62,0.30,-46.31,0.41,-10.00
32,7,322.06,0.00,1003.28,776.56,0.9035,3.9,3.06,9.00,-0.72,1.61,10.22,-1.56,-10.00
32,7,-1.00,-1.00,-1.00,-1.00,0.2201,1.9,2.23,5.50,-18.34,0.73,-28.85,-0.00,-10.00
32,7,-1.00,-1.00,-1.00,-1.00,0.1481,2.7,2.51,6.62,-43.69,0.72,5.56,-1.61,-10.00
32,7,-1.00,-1.00,-1.00,-1.00,0.1452,2.0,2.15,5.85,12.46,0.60,-45.92,-1.36,-10.00
32,7,-1.00,-1.00,-1.00,-1.00,0.1448,2.0,2.17,5.34,-19.09,1.13,22.59,2.78,-10.00
32,7,-1.00,-1.00,-1.00,-1.00,0.1125,2.3,2.33,7.31,-22.16,1.19,19.81,3.10,-10.00
32,7,-1.00,-1.00,-1.00,-1.00,0.1116,2.1,2.20,5.53,14.38,0.10,-46.63,0.29,-10.00
32,7,-1.00,-1.00,-1.00,-1.00,0.1103,2.4,2.29,6.09,-35.99,1.01,36.81,2.94,-10.00
32,7,129.75,449.59,383.17,531.24,0.1049,2.3,2.34,6.66,-16.92,1.79,37.34,-2.99,-10.00
32,7,-1.00,-1.00,-1.00,-1.00,0.1023,3.1,2.71,8.90,-22.76,1.70,26.02,2.98,-10.00
32,7,-1.00,-1.00,-1.00,-1.00,0.1015,2.0,2.11,5.36,14.66,0.35,-45.09,0.17,-10.00
33,7,339.64,0.00,1039.24,807.97,0.8969,3.9,3.08,9.22,-0.55,1.73,10.20,-1.55,-10.00
33,7,-1.00,-1.00,-1.00,-1.00,0.2896,2.0,2.20,5.49,-19.04,1.10,22.59,2.79,-10.00
33,7,-1.00,-1.00,-1.00,-1.00,0.2686,1.9,2.17,5.50,-18.54,0.70,-28.87,-3.13,-10.00
33,7,-1.00,-1.00,-1.00,-1.00,0.2667,1.9,2.25,5.83,-36.42,-0.04,-17.66,1.58,-10.00
33,7,-1.00,-1.00,-1.00,-1.00,0.1730,2.2,2.19,5.50,-44.60,0.38,6.84,-0.08,-10.00
33,7,100.25,446.54,369.44,529.77,0.1142,2.3,2.36,6.91,-17.37,1.72,36.98,-3.05,-10.00
34,7,302.85,0.00,984.73,790.48,0.9026,3.9,3.03,9.01,-0.75,1.66,10.16,-1.55,-10.00
34,7,-1.00,-1.00,-1.00,-1.00,0.2752,1.9,2.11,5.66,-0.93,1.48,-16.67,-1.56,-10.00
34,7,-1.00,-1.00,-1.00,-1.00,0.1754,2.0,2.14,5.33,-19.07,1.00,22.59,2.80,-10.00
34,7,-1.00,-1.00,-1.00,-1.00,0.1473,2.0,2.45,6.11,-36.59,0.08,-17.29,1.57,-10.00
34,7,154.81,462.09,388.05,538.29,0.1370,2.1,2.23,5.95,-16.40,2.00,37.21,-3.08,-10.00
34,7,0.00,436.42,133.65,522.60,0.1218,2.0,2.06,5.13,-20.10,1.25,30.62,3.13,-10.00
34,7,-1.00,-1.00,-1.00,-1.00,0.1161,1.9,2.05,5.28,3.68,1.34,-18.11,-1.60,-10.00
34,7,-1.00,-1.00,-1.00,-1.00,0.1138,4.6,3.36,23.82,-43.59,0.27,-17.47,0.02,-10.00
34,7,-1.00,-1.00,-1.00,-1.00,0.1075,2.4,2.41,7.87,-23.23,1.35,25.38,-3.13,-10.00
35,7,311.85,0.00,996.69,783.97,0.9051,3.8,3.04,8.97,-0.76,1.63,10.13,-1.57,-10.00
35,7,-1.00,-1.00,-1.00,-1.00,0.3010,1.9,2.16,5.44,-18.53,0.73,-28.89,-0.01,-10.00
35,7,-1.00,-1.00,-1.00,-1.00,0.2406,2.0,2.18,5.34,-19.07,1.02,22.62,2.85,-10.00
35,7,-1.00,-1.00,-1.00,-1.00,0.2185,1.9,2.23,5.80,-36.38,-0.06,-17.60,1.56,-10.00
35,7,-1.00,-1.00,-1.00,-1.00,0.1406,2.2,2.18,5.46,-44.63,0.39,6.84,-0.07,-10.00
35,7,-1.00,-1.00,-1.00,-1.00,0.1019,2.0,2.04,5.07,-20.31,0.75,-39.05,-3.13,-10.00
36,7,322.95,0.00,986.85,768.59,0.8964,3.9,2.90,9.27,-0.63,1.55,10.17,-1.54,-10.00
36,7,-1.00,-1.00,-1.00,-1.00,0.2219,2.0,2.27,5.97,-36.25,-0.06,-17.60,1.56,-10.00
36,7,-1.00,-1.00,-1.00,-1.00,0.1542,2.2,2.20,5.46,-44.52,0.45,6.84,-0.06,-10.00
36,7,-1.00,-1.00,-1.00,-1.00,0.1367,2.0,2.13,5.59,-0.82,1.34,-16.45,-1.54,-10.00
36,7,132.06,450.49,379.34,531.52,0.1034,2.2,2.31,6.45,-16.95,1.80,37.35,-3.00,-10.00
36,7,-1.00,-1.00,-1.00,-1.00,0.1005,2.6,2.59,9.02,-21.96,1.70,22.13,-0.20,-10.00
37,7,318.22,0.00,1046.41,809.73,0.8924,3.9,3.12,9.27,-0.56,1.70,10.08,-1.55,-10.00
37,7,-1.00,-1.00,-1.00,-1.00,0.2579,1.9,2.15,5.40,-18.39,0.64,-28.90,0.02,-10.00
37,7,-1.00,-1.00,-1.00,-1.00,0.2238,1.9,2.25,5.90,-36.48,-0.04,-17.52,1.60,-10.00
37,7,-1.00,-1.00,-1.00,-1.00,0.1600,2.2,2.18,5.65,-44.81,0.52,6.82,-0.05,-10.00
37,7,132.80,450.17,375.86,529.90,0.1363,2.2,2.31,6.29,-16.97,1.75,37.31,-3.01,-10.00
37,7,-1.00,-1.00,-1.00,-1.00,0.1008,1.9,2.03,5.32,-0.87,1.45,-16.08,-1.48,-10.00
38,7,300.11,0.00,988.86,783.24,0.8922,4.0,3.09,9.03,-0.77,1.64,10.22,-1.55,-10.00
38,7,-1.00,-1.00,-1.00,-1.00,0.2955,2.0,2.19,5.50,-18.58,0.74,-28.89,0.01,-10.00
38,7,-1.00,-1.00,-1.00,-1.00,0.1969,2.0,2.32,5.93,-36.26,-0.03,-17.53,1.56,-10.00
38,7,-1.00,-1.00,-1.00,-1.00,0.1652,2.2,2.18,5.50,-44.46,0.43,6.85,-0.07,-10.00
38,7,115.17,435.17,402.08,528.34,0.1328,2.6,2.56,7.46,-16.81,1.69,37.33,-3.05,-10.00
38,7,-1.00,-1.00,-1.00,-1.00,0.1189,2.4,2.55,9.02,-21.75,1.61,21.76,-0.17,-10.00
38,7,-1.00,-1.00,-1.00,-1.00,0.1100,2.0,2.20,5.46,31.03,2.74,23.38,3.14,-10.00
38,7,-1.00,-1.00,-1.00,-1.00,0.1007,1.9,2.10,5.64,-0.81,1.42,-16.30,-1.56,-10.00
