0,7,-1.00,-1.00,-1.00,-1.00,0.2059,2.0,2.07,5.24,-18.04,1.11,10.28,-0.26,-10.00
0,7,0.00,361.86,256.20,489.04,0.1243,3.3,2.68,6.71,-19.75,-0.13,35.88,-0.25,-10.00
1,7,-1.00,-1.00,-1.00,-1.00,0.1821,1.9,2.08,5.30,-18.51,0.65,16.27,-0.16,-10.00
1,7,-1.00,-1.00,-1.00,-1.00,0.1369,2.0,2.11,5.60,-18.15,1.15,13.95,-0.09,-10.00
2,7,-1.00,-1.00,-1.00,-1.00,0.1226,1.8,2.02,5.51,-16.40,1.33,12.28,0.05,-10.00
2,7,755.54,424.48,910.87,483.61,0.1126,1.9,2.07,5.26,0.57,-0.33,45.31,-0.17,-10.00
3,7,-1.00,-1.00,-1.00,-1.00,0.1778,4.0,3.27,13.97,-33.53,0.30,19.72,-0.08,-10.00
3,7,867.48,386.01,1080.61,490.78,0.1291,3.4,2.73,7.01,5.52,-0.08,44.85,-0.14,-10.00
4,7,-1.00,-1.00,-1.00,-1.00,0.1938,3.4,2.83,7.68,-39.82,1.25,-7.15,-1.30,-10.00
4,7,489.08,398.06,613.95,508.56,0.1871,3.4,2.90,8.99,-8.96,0.56,43.94,1.51,-10.00
4,7,967.51,381.70,1112.97,494.29,0.1358,3.4,2.87,7.59,7.60,0.03,44.10,-1.69,-10.00
4,7,1010.89,378.80,1306.17,497.08,0.1276,3.6,2.90,9.07,11.30,0.13,42.12,-0.15,-10.00
5,7,-1.00,-1.00,-1.00,-1.00,0.1517,2.8,2.46,6.26,-36.15,1.64,5.35,1.31,-10.00
5,7,1046.34,402.84,1294.84,515.30,0.1366,3.2,2.52,6.76,10.60,0.69,38.15,-0.15,-10.00
5,7,-1.00,-1.00,-1.00,-1.00,0.1001,2.4,2.44,5.83,-49.44,-0.67,8.77,-3.14,-10.00
6,7,1018.93,418.95,1187.33,541.84,0.2285,3.2,2.46,6.34,8.06,1.37,36.43,-1.74,-10.00
6,7,-1.00,-1.00,-1.00,-1.00,0.1171,2.2,2.25,5.69,-33.94,-0.28,-16.52,-1.07,-10.00
8,7,-1.00,-1.00,-1.00,-1.00,0.1666,2.1,2.05,5.25,-5.20,0.54,-34.44,-1.11,-10.00
8,7,-1.00,-1.00,-1.00,-1.00,0.1453,2.3,2.38,5.81,-40.67,-0.05,-10.72,1.26,-10.00
8,7,-1.00,-1.00,-1.00,-1.00,0.1375,2.0,2.12,5.33,-43.42,0.88,2.13,1.55,-10.00
8,7,-1.00,-1.00,-1.00,-1.00,0.1208,1.9,2.07,5.32,-34.02,0.43,-9.53,1.30,-10.00
8,7,-1.00,-1.00,-1.00,-1.00,0.1205,3.9,3.20,10.96,-17.66,-1.19,-39.87,2.08,-10.00
9,7,-1.00,-1.00,-1.00,-1.00,0.2054,2.0,2.13,5.47,-40.48,-1.42,-38.79,1.17,-10.00
9,7,-1.00,-1.00,-1.00,-1.00,0.1893,1.9,2.00,5.22,-22.31,0.91,-22.14,2.70,-10.00
9,7,1102.07,397.17,1357.09,578.20,0.1838,3.3,2.56,6.57,8.28,1.63,26.34,-1.68,-10.00
9,7,-1.00,-1.00,-1.00,-1.00,0.1140,2.1,2.16,5.65,-12.57,-0.23,-42.11,-0.88,-10.00
9,7,977.32,515.84,1164.38,582.87,0.1136,2.0,2.06,5.48,8.00,2.82,40.13,3.11,-10.00
10,7,-1.00,-1.00,-1.00,-1.00,0.2408,2.2,2.07,5.50,-1.82,0.89,-35.02,-1.36,-10.00
10,7,1094.99,370.23,1446.69,598.93,0.1462,3.5,2.76,8.00,8.02,1.75,23.79,-1.72,-10.00
10,7,976.32,521.51,1073.53,608.15,0.1400,2.5,2.37,6.26,6.47,3.44,39.98,1.63,-10.00
10,7,1383.91,454.78,1600.00,541.14,0.1133,2.0,2.03,5.32,17.66,1.21,32.45,-2.29,-10.00
10,7,1527.36,343.86,1600.00,562.56,0.1048,3.7,2.96,8.42,19.45,1.27,25.56,0.76,-10.00
10,7,1000.15,528.22,1202.53,600.25,0.1012,2.0,2.09,5.44,8.15,3.04,36.60,-3.08,-10.00
11,7,1448.98,444.59,1600.00,548.65,0.2036,2.2,2.10,5.46,17.97,1.25,29.42,0.88,-10.00
11,7,-1.00,-1.00,-1.00,-1.00,0.1518,2.7,2.30,6.24,-0.77,1.77,-34.85,-1.47,-10.00
11,7,-1.00,-1.00,-1.00,-1.00,0.1374,2.0,2.09,5.39,-34.32,1.40,-21.29,2.71,-10.00
11,7,1107.78,490.89,1238.65,576.53,0.1062,2.1,2.17,5.56,9.32,2.11,33.58,1.62,-10.00
12,7,-1.00,-1.00,-1.00,-1.00,0.2079,2.2,2.17,5.79,23.03,1.76,20.99,0.80,-10.00
12,7,1545.77,515.91,1600.00,623.01,0.1482,2.0,2.07,5.23,18.43,2.52,26.44,0.72,-10.00
12,7,-1.00,-1.00,-1.00,-1.00,0.1164,2.2,2.25,5.63,32.54,1.18,14.45,0.07,-10.00
12,7,1552.99,379.01,1600.00,553.17,0.1094,3.6,2.80,6.39,21.16,1.33,29.53,-2.38,-10.00
12,7,-1.00,-1.00,-1.00,-1.00,0.1082,2.2,2.07,5.31,-16.78,0.97,-23.30,0.01,-10.00
14,7,1008.05,531.42,1107.96,602.07,0.1796,1.9,2.01,5.13,7.29,3.19,38.69,1.56,-10.00
14,7,-1.00,-1.00,-1.00,-1.00,0.1606,1.9,2.12,5.50,-13.00,1.61,-28.34,-1.46,-10.00
14,7,1044.96,533.05,1214.91,635.11,0.1346,1.9,2.08,5.56,6.77,2.92,28.07,1.51,-10.00
14,7,-1.00,-1.00,-1.00,-1.00,0.1011,2.8,2.48,7.34,24.23,2.06,14.14,0.84,-10.00
15,7,-1.00,-1.00,-1.00,-1.00,0.2748,2.3,2.24,5.80,17.88,2.11,19.72,-2.18,-10.00
15,7,1095.64,548.90,1269.34,666.38,0.1996,2.0,2.11,5.66,7.25,3.20,25.74,1.61,-10.00
15,7,-1.00,-1.00,-1.00,-1.00,0.1705,2.0,2.02,5.65,24.60,2.07,11.45,0.84,-10.00
15,7,1003.37,505.94,1066.34,570.43,0.1134,2.2,2.03,5.21,7.99,2.79,46.69,1.69,-10.00
16,7,1109.81,551.74,1311.49,683.50,0.1380,2.0,2.12,5.91,7.24,3.23,24.01,1.60,-10.00
16,7,-1.00,-1.00,-1.00,-1.00,0.1334,1.9,2.02,5.28,-12.95,1.37,-32.55,-1.57,-10.00
16,7,-1.00,-1.00,-1.00,-1.00,0.1240,1.9,2.06,5.12,-11.88,1.99,-23.29,-0.14,-10.00
17,7,1139.21,548.21,1367.17,699.53,0.2234,2.1,2.20,6.18,7.36,3.17,22.15,1.63,-10.00
17,7,-1.00,-1.00,-1.00,-1.00,0.1699,2.3,2.17,5.74,23.69,1.67,8.05,-2.25,-10.00
17,7,1011.74,525.23,1174.60,598.32,0.1209,2.3,2.16,5.04,8.97,3.38,41.42,-3.01,-10.00
18,7,-1.00,-1.00,-1.00,-1.00,0.3832,2.2,2.11,5.35,23.13,1.45,6.94,0.86,-10.00
18,7,1035.85,518.94,1222.60,590.17,0.1502,2.1,2.09,5.32,9.65,2.98,39.38,0.04,-10.00
19,7,1173.63,547.47,1495.22,727.63,0.4945,2.0,2.15,6.10,7.06,2.87,18.21,1.58,-10.00
19,7,-1.00,-1.00,-1.00,-1.00,0.2584,2.0,2.15,5.28,-13.17,2.26,-38.47,-1.45,-10.00
19,7,-1.00,-1.00,-1.00,-1.00,0.1527,2.2,2.34,5.47,46.02,1.46,-12.08,-2.75,-10.00
19,7,1065.91,493.13,1287.17,583.64,0.1022,2.4,2.36,5.48,9.95,2.49,35.32,-0.02,-10.00
20,7,-1.00,-1.00,-1.00,-1.00,0.2948,2.7,2.50,6.70,23.62,1.71,3.19,0.82,-10.00
20,7,1034.93,449.04,1241.39,522.09,0.1224,2.0,2.05,5.29,8.99,0.84,35.68,3.13,-10.00
20,7,989.04,455.22,1083.48,519.49,0.1057,2.0,2.06,5.50,7.25,0.92,42.29,-1.60,-10.00
21,7,1243.22,475.53,1600.00,697.63,0.2273,1.9,2.14,5.51,6.61,1.86,13.93,1.60,-10.00
21,7,-1.00,-1.00,-1.00,-1.00,0.1487,2.2,2.28,6.37,22.95,1.83,1.49,0.78,-10.00
21,7,1039.09,427.44,1264.36,500.74,0.1361,1.8,2.08,5.46,8.77,0.22,33.51,0.06,-10.00
22,7,1002.82,419.10,1107.73,493.53,0.2877,2.0,2.01,5.38,7.18,0.01,38.61,1.54,-10.00
22,7,-1.00,-1.00,-1.00,-1.00,0.1332,2.0,2.06,5.61,23.60,1.74,-1.03,0.82,-10.00
22,7,-1.00,-1.00,-1.00,-1.00,0.1014,2.4,2.42,6.02,-22.49,1.25,13.99,-1.63,-10.00
22,7,1042.27,427.28,1273.69,506.33,0.1005,1.9,1.98,5.29,8.51,0.35,31.87,-3.13,-10.00
23,7,-1.00,-1.00,-1.00,-1.00,0.1735,2.0,2.11,5.34,22.52,1.90,0.25,2.46,-10.00
23,7,-1.00,-1.00,-1.00,-1.00,0.1387,2.9,2.73,7.09,37.41,-1.31,-42.69,3.10,-10.00
23,7,1074.27,424.69,1329.35,509.66,0.1258,1.9,2.10,5.43,8.98,0.41,29.91,0.07,-10.00
24,7,-1.00,-1.00,-1.00,-1.00,0.2244,2.1,2.35,6.25,-22.48,0.83,11.10,1.56,-10.00
25,7,-1.00,-1.00,-1.00,-1.00,0.1493,2.5,2.62,6.71,-22.42,0.98,9.49,1.61,-10.00
25,7,-1.00,-1.00,-1.00,-1.00,0.1078,2.1,2.23,5.08,2.61,3.30,-51.09,1.63,-10.00
26,7,-1.00,-1.00,-1.00,-1.00,0.1055,1.8,2.15,5.53,6.43,1.82,4.26,1.63,-10.00
27,7,988.06,422.19,1071.35,500.36,0.2769,2.5,2.29,6.16,7.54,0.27,45.37,1.63,-10.00
27,7,607.79,416.36,787.30,485.06,0.1296,2.5,2.57,6.77,-4.64,-0.31,49.35,3.01,-10.00
28,7,986.09,434.88,1074.20,501.68,0.3610,2.0,2.08,5.53,7.16,0.31,42.94,1.58,-10.00
28,7,-1.00,-1.00,-1.00,-1.00,0.2266,2.1,2.14,5.35,18.33,1.74,-6.95,-2.30,-10.00
28,7,584.70,381.97,683.87,481.45,0.1365,3.3,2.78,7.53,-6.81,-0.49,48.42,-1.58,-10.00
29,7,-1.00,-1.00,-1.00,-1.00,0.3068,3.7,2.76,7.54,23.38,2.21,-15.57,0.81,-10.00
29,7,564.21,416.42,691.81,516.13,0.2209,3.3,2.76,6.40,-6.52,0.86,44.88,1.71,-10.00
29,7,999.59,454.78,1095.74,524.69,0.1708,2.1,2.06,5.10,7.23,1.02,40.10,1.56,-10.00
29,7,-1.00,-1.00,-1.00,-1.00,0.1183,2.0,2.23,5.33,-4.47,2.76,-45.59,1.41,-10.00
29,7,-1.00,-1.00,-1.00,-1.00,0.1133,2.1,2.16,6.08,3.80,2.36,-43.34,-1.53,-10.00
30,7,1028.41,469.41,1125.49,540.33,0.1597,1.9,2.00,5.68,7.56,1.37,37.25,1.63,-10.00
30,7,-1.00,-1.00,-1.00,-1.00,0.1266,2.0,2.00,4.83,5.99,0.99,-41.61,1.47,-10.00
30,7,-1.00,-1.00,-1.00,-1.00,0.1107,2.1,2.25,5.61,10.29,-0.66,-36.12,-2.60,-10.00
31,7,-1.00,-1.00,-1.00,-1.00,0.2292,2.1,2.35,6.12,-22.89,0.90,-5.76,1.58,-10.00
32,7,-1.00,-1.00,-1.00,-1.00,0.2329,1.8,1.88,4.82,5.98,-0.70,-47.20,1.51,-10.00
32,7,-1.00,-1.00,-1.00,-1.00,0.1366,2.1,2.40,6.01,-20.23,1.33,-6.14,1.57,-10.00
32,7,-1.00,-1.00,-1.00,-1.00,0.1316,2.7,2.14,5.40,8.67,-0.01,-32.47,1.50,-10.00
32,7,482.89,470.13,690.18,549.07,0.1140,2.3,2.33,5.73,-6.86,1.68,38.27,-3.06,-10.00
33,7,-1.00,-1.00,-1.00,-1.00,0.2441,2.0,1.97,4.68,6.05,-0.99,-50.57,1.53,-10.00
33,7,950.28,515.28,1021.08,574.29,0.1763,2.1,2.12,5.38,6.48,3.07,49.01,1.59,-10.00
33,7,606.13,460.22,669.98,522.01,0.1521,2.1,2.10,5.27,-6.39,1.06,45.14,1.41,-10.00
33,7,-1.00,-1.00,-1.00,-1.00,0.1399,2.0,2.23,6.01,6.96,1.16,-26.36,1.38,-10.00
33,7,1012.33,488.37,1144.99,567.86,0.1352,1.9,2.03,5.34,6.86,1.92,33.74,1.49,-10.00
33,7,-1.00,-1.00,-1.00,-1.00,0.1234,3.0,2.21,5.27,8.83,0.03,-35.84,1.41,-10.00
34,7,-1.00,-1.00,-1.00,-1.00,0.4790,2.5,1.96,4.73,8.92,-0.13,-38.50,1.46,-10.00
34,7,1141.50,465.97,1272.57,549.63,0.1727,2.5,2.34,5.88,12.36,1.77,40.54,-1.58,-10.00
34,7,1076.08,514.48,1249.39,625.55,0.1144,2.0,1.99,5.20,6.73,2.44,25.25,1.56,-10.00
34,7,1037.09,516.67,1181.14,606.46,0.1123,2.0,2.08,5.61,6.97,2.59,30.80,1.55,-10.00
35,7,288.77,486.14,474.33,554.99,0.1527,2.0,2.12,5.25,-13.28,1.92,39.05,2.88,-10.00
35,7,-1.00,-1.00,-1.00,-1.00,0.1243,1.9,2.04,5.46,6.54,1.71,-21.93,1.54,-10.00
35,7,955.64,481.88,1027.75,544.33,0.1196,2.0,2.08,5.42,5.95,1.74,43.52,1.64,-10.00
36,7,-1.00,-1.00,-1.00,-1.00,0.1956,2.0,2.09,5.40,6.85,1.82,-25.17,-1.72,-10.00
36,7,1200.19,413.86,1337.12,512.99,0.1464,2.5,2.37,5.82,12.35,0.58,35.03,-1.44,-10.00
37,7,-1.00,-1.00,-1.00,-1.00,0.1494,2.0,2.19,5.82,6.58,1.99,-28.72,-1.62,-10.00
37,7,1014.38,444.05,1155.57,529.56,0.1254,2.4,2.26,6.56,8.00,1.11,38.53,1.46,-10.00
37,7,1165.40,417.42,1457.43,538.51,0.1119,2.8,2.37,6.19,11.90,1.10,30.68,-0.12,-10.00
38,7,297.06,453.36,526.46,539.16,0.2773,1.9,2.04,5.02,-9.52,1.11,30.18,2.89,-10.00
38,7,-1.00,-1.00,-1.00,-1.00,0.1244,1.9,2.04,5.20,8.13,2.47,-30.19,-0.05,-10.00
38,7,-1.00,-1.00,-1.00,-1.00,0.1188,3.4,2.52,6.07,8.75,1.29,-52.56,1.44,-10.00
38,7,-1.00,-1.00,-1.00,-1.00,0.1049,2.1,2.14,5.55,6.39,2.48,-31.88,-1.65,-10.00
39,7,-1.00,-1.00,-1.00,-1.00,0.1847,2.0,2.11,5.60,6.43,2.12,-35.45,1.51,-10.00
39,7,225.79,446.70,491.66,546.06,0.1701,2.0,2.16,5.17,-9.72,1.15,27.29,2.84,-10.00
39,7,1057.58,454.03,1210.14,544.89,0.1573,2.1,2.12,5.73,7.92,1.29,32.26,-1.63,-10.00
