0,7,-1.00,-1.00,-1.00,-1.00,0.1348,2.1,2.09,5.55,-31.76,0.09,40.96,-2.09,-10.00
0,7,-1.00,-1.00,-1.00,-1.00,0.1281,2.1,2.16,5.74,-27.41,0.09,18.85,2.88,-10.00
0,7,-1.00,-1.00,-1.00,-1.00,0.1229,3.6,2.80,7.73,28.56,-0.02,7.54,-1.06,-10.00
0,7,0.00,425.44,142.63,550.71,0.1118,2.0,2.27,5.96,-15.42,1.00,22.28,2.83,-10.00
0,7,1072.20,479.50,1154.87,535.01,0.1091,2.0,1.96,5.28,11.45,1.64,49.13,-1.57,-10.00
0,7,-1.00,-1.00,-1.00,-1.00,0.1026,2.2,2.21,5.42,-24.96,0.09,32.81,2.90,-10.00
1,7,1073.13,465.63,1158.26,525.12,0.1345,2.1,2.21,5.95,11.42,1.26,48.72,1.63,-10.00
1,7,-1.00,-1.00,-1.00,-1.00,0.1028,2.3,2.23,5.62,-9.76,2.01,-46.75,-1.60,-10.00
2,7,0.00,372.23,170.26,469.72,0.1117,3.1,2.50,7.61,-26.26,-0.80,42.77,0.04,-10.00
3,7,1070.93,463.52,1159.52,522.46,0.1499,2.1,2.17,5.79,11.40,1.17,48.73,1.60,-10.00
3,7,0.00,372.71,152.76,472.71,0.1217,3.1,2.49,7.89,-26.76,-0.69,42.38,0.06,-10.00
4,7,0.00,373.75,169.71,472.83,0.1227,3.1,2.49,7.53,-26.26,-0.69,42.79,0.03,-10.00
5,7,1071.28,463.12,1158.83,522.32,0.1758,2.1,2.13,5.63,11.42,1.16,48.82,1.59,-10.00
5,7,326.80,377.39,495.57,490.47,0.1467,3.6,2.86,7.18,-14.44,-0.11,45.85,-1.42,-10.00
5,7,-1.00,-1.00,-1.00,-1.00,0.1087,2.3,2.24,5.52,-9.76,2.15,-46.82,-1.59,-10.00
6,7,1072.18,462.96,1158.40,519.85,0.2009,2.1,2.12,5.50,11.43,1.07,48.80,1.59,-10.00
6,7,-1.00,-1.00,-1.00,-1.00,0.1262,2.0,2.14,5.78,5.89,2.01,-11.70,-1.59,-10.00
6,7,-1.00,-1.00,-1.00,-1.00,0.1129,2.3,2.23,5.43,-9.70,2.23,-47.07,1.55,-10.00
7,7,1071.20,462.37,1159.27,521.59,0.1353,2.1,2.16,5.70,11.41,1.14,48.75,1.59,-10.00
8,7,336.64,380.07,499.44,490.91,0.1133,3.6,2.79,7.19,-14.23,-0.10,45.96,-1.43,-10.00
8,7,1077.12,458.51,1155.04,517.98,0.1115,2.1,2.23,5.97,11.44,1.01,48.71,1.69,-10.00
9,7,334.68,377.08,498.87,488.76,0.1397,3.6,2.77,7.08,-14.23,-0.18,45.80,-1.42,-10.00
9,7,1073.06,461.11,1158.73,520.60,0.1364,2.1,2.21,5.99,11.43,1.10,48.73,1.63,-10.00
9,7,-1.00,-1.00,-1.00,-1.00,0.1053,2.2,2.23,5.44,-9.77,2.20,-46.96,-1.61,-10.00
10,7,333.65,374.98,503.59,487.98,0.1324,3.6,2.84,7.37,-14.21,-0.21,46.00,-1.41,-10.00
10,7,1070.35,459.63,1158.21,518.88,0.1301,2.1,2.20,5.98,11.37,1.04,48.77,1.61,-10.00
10,7,0.00,371.75,165.56,469.79,0.1287,3.1,2.51,7.65,-26.44,-0.80,42.74,0.02,-10.00
10,7,-1.00,-1.00,-1.00,-1.00,0.1079,2.2,2.38,5.61,21.45,1.77,-3.79,3.01,-10.00
11,7,1073.11,461.96,1158.95,522.04,0.1127,2.2,2.19,5.91,11.43,1.15,48.72,1.62,-10.00
11,7,0.00,372.85,167.97,471.01,0.1099,3.1,2.52,7.57,-26.35,-0.76,42.76,-0.02,-10.00
11,7,-1.00,-1.00,-1.00,-1.00,0.1087,2.1,2.30,5.73,13.03,3.11,-49.77,1.48,-10.00
12,7,1073.64,465.09,1158.86,524.63,0.1129,2.1,2.15,5.86,11.47,1.25,48.83,1.62,-10.00
12,7,0.00,375.26,160.25,471.68,0.1127,3.0,2.50,7.36,-26.27,-0.73,42.38,0.04,-10.00
12,7,-1.00,-1.00,-1.00,-1.00,0.1034,1.9,2.08,5.63,8.78,1.81,-1.82,-1.55,-10.00
13,7,335.96,385.10,498.85,488.85,0.1515,3.3,2.72,6.89,-14.19,-0.17,45.72,-1.40,-10.00
13,7,1071.88,459.36,1158.71,517.28,0.1330,2.1,2.18,5.73,11.41,0.98,48.75,1.61,-10.00
13,7,0.00,372.67,154.06,472.16,0.1144,3.1,2.52,7.84,-26.76,-0.71,42.39,0.01,-10.00
14,7,332.89,379.73,499.64,490.19,0.1452,3.5,2.79,7.04,-14.25,-0.12,45.80,-1.40,-10.00
14,7,-1.00,-1.00,-1.00,-1.00,0.1007,2.3,2.19,5.45,-9.68,2.08,-47.07,-1.62,-10.00
15,7,-1.00,-1.00,-1.00,-1.00,0.1263,2.3,2.43,5.98,6.51,1.68,-3.73,1.55,-10.00
15,7,1073.51,463.05,1158.27,521.78,0.1230,2.1,2.19,5.84,11.43,1.14,48.75,1.63,-10.00
15,7,0.00,382.48,173.16,472.27,0.1058,2.8,2.37,7.27,-25.98,-0.71,42.83,0.04,-10.00
16,7,336.26,375.70,500.38,488.70,0.1267,3.6,2.82,7.21,-14.23,-0.18,45.98,-1.43,-10.00
17,7,1074.02,469.86,1156.37,527.30,0.1713,2.1,2.13,5.69,11.41,1.34,48.75,1.63,-10.00
17,7,334.15,374.88,499.18,489.07,0.1625,3.7,2.83,7.07,-14.27,-0.17,45.90,-1.42,-10.00
18,7,1074.12,462.46,1156.92,521.43,0.1399,2.1,2.13,5.68,11.43,1.13,48.78,1.63,-10.00
18,7,0.00,372.34,156.75,473.36,0.1026,3.2,2.49,8.06,-26.68,-0.66,42.38,0.09,-10.00
19,7,1072.83,467.05,1157.93,525.33,0.1671,2.1,2.15,5.80,11.42,1.27,48.76,1.62,-10.00
19,7,334.00,379.91,497.92,491.62,0.1281,3.6,2.79,7.13,-14.26,-0.07,45.81,-1.43,-10.00
20,7,-1.00,-1.00,-1.00,-1.00,0.1284,1.9,2.15,5.24,5.85,1.81,-4.18,1.54,-10.00
21,7,-1.00,-1.00,-1.00,-1.00,0.1173,1.9,1.97,4.92,5.84,1.64,-4.85,1.57,-10.00
21,7,1071.86,465.39,1158.85,524.02,0.1129,2.1,2.18,5.81,11.42,1.22,48.78,1.61,-10.00
21,7,-1.00,-1.00,-1.00,-1.00,0.1053,2.4,2.30,5.63,-9.78,2.28,-47.12,1.57,-10.00
21,7,-1.00,-1.00,-1.00,-1.00,0.1050,2.2,2.17,5.56,20.29,2.27,12.41,-1.57,-10.00
22,7,-1.00,-1.00,-1.00,-1.00,0.1273,2.1,2.15,4.95,5.88,1.68,-4.77,1.62,-10.00
23,7,-1.00,-1.00,-1.00,-1.00,0.1309,2.2,2.17,5.50,-9.74,1.88,-46.84,-1.61,-10.00
23,7,334.27,378.97,500.09,490.97,0.1121,3.6,2.82,7.33,-14.27,-0.10,46.00,-1.43,-10.00
23,7,0.00,376.69,152.18,473.82,0.1104,3.1,2.50,7.71,-26.92,-0.66,42.71,0.01,-10.00
23,7,-1.00,-1.00,-1.00,-1.00,0.1039,2.0,2.10,5.17,5.89,1.68,-2.75,1.62,-10.00
24,7,-1.00,-1.00,-1.00,-1.00,0.1316,2.1,2.24,5.70,6.46,1.42,-3.88,1.66,-10.00
24,7,1400.39,428.50,1600.00,518.64,0.1258,2.7,2.60,7.18,22.69,0.83,40.09,0.01,-10.00
24,7,1574.01,449.03,1600.00,572.13,0.1100,2.2,2.24,5.60,17.99,1.48,25.31,-1.59,-10.00
25,7,-1.00,-1.00,-1.00,-1.00,0.1443,3.7,2.83,9.34,-9.47,1.48,-37.29,-1.48,-10.00
25,7,-1.00,-1.00,-1.00,-1.00,0.1430,3.1,2.58,6.73,20.22,1.93,-33.90,-1.46,-10.00
25,7,1081.00,468.10,1152.97,527.15,0.1148,2.1,2.08,5.67,11.54,1.34,48.96,1.69,-10.00
26,7,-1.00,-1.00,-1.00,-1.00,0.1339,1.9,1.95,5.10,-0.06,1.46,-8.79,-1.56,-10.00
26,7,-1.00,-1.00,-1.00,-1.00,0.1204,3.6,2.75,7.65,29.48,0.61,7.40,-1.06,-10.00
26,7,-1.00,-1.00,-1.00,-1.00,0.1098,2.8,2.71,7.20,43.73,-1.38,-51.78,1.35,-10.00
27,7,992.06,461.01,1073.03,529.91,0.1292,2.1,2.10,5.64,6.89,1.20,40.91,1.65,-10.00
29,7,-1.00,-1.00,-1.00,-1.00,0.1387,2.1,2.19,5.94,-39.40,-0.27,9.01,-0.23,-10.00
29,7,1067.11,479.05,1167.68,541.57,0.1218,2.3,2.09,5.57,11.66,1.89,49.46,1.47,-10.00
29,7,-1.00,-1.00,-1.00,-1.00,0.1137,2.0,2.06,5.16,-4.02,1.80,-31.17,1.55,-10.00
31,7,1017.75,491.25,1113.35,561.13,0.1699,2.0,2.07,5.56,7.77,2.09,40.00,1.60,-10.00
32,7,1521.90,454.95,1600.00,523.82,0.1173,2.5,2.28,5.48,29.85,1.20,47.95,2.86,-10.00
32,7,1055.22,477.57,1159.74,555.76,0.1130,1.9,1.92,5.18,7.66,1.62,33.76,1.64,-10.00
34,7,-1.00,-1.00,-1.00,-1.00,0.2102,2.1,2.02,5.34,-7.79,1.92,-48.18,1.60,-10.00
34,7,-1.00,-1.00,-1.00,-1.00,0.1135,2.2,2.07,5.66,5.78,2.01,-31.67,1.68,-10.00
34,7,-1.00,-1.00,-1.00,-1.00,0.1110,1.9,2.02,5.14,7.37,1.71,-28.95,1.67,-10.00
34,7,-1.00,-1.00,-1.00,-1.00,0.1026,2.3,2.28,5.55,19.95,1.80,-49.25,1.46,-10.00
35,7,-1.00,-1.00,-1.00,-1.00,0.1130,2.7,2.22,5.71,-7.49,1.99,-49.78,1.60,-10.00
36,7,-1.00,-1.00,-1.00,-1.00,0.1669,1.9,1.94,4.76,6.93,1.82,-30.53,-3.10,-10.00
37,7,-1.00,-1.00,-1.00,-1.00,0.2405,1.9,2.02,5.15,6.45,2.54,-34.69,0.02,-10.00
37,7,-1.00,-1.00,-1.00,-1.00,0.1292,3.3,2.67,10.20,-27.03,-1.49,-33.29,-0.41,-10.00
37,7,-1.00,-1.00,-1.00,-1.00,0.1136,3.2,2.49,7.25,-24.52,-2.51,-39.24,-0.30,-10.00
38,7,-1.00,-1.00,-1.00,-1.00,0.1170,2.0,1.91,5.05,-0.38,1.56,-17.92,-1.56,-10.00
38,7,-1.00,-1.00,-1.00,-1.00,0.1078,2.0,2.14,5.54,30.26,1.39,36.41,2.59,-10.00
39,7,-1.00,-1.00,-1.00,-1.00,0.2171,1.9,2.04,4.77,6.41,2.06,-43.37,0.02,-10.00
39,7,-1.00,-1.00,-1.00,-1.00,0.1601,2.5,2.51,6.03,6.55,2.52,-47.51,-3.12,-10.00
