0,7,-1.00,-1.00,-1.00,-1.00,0.8781,3.5,2.77,8.09,24.30,0.92,-12.93,2.85,-10.00
0,7,-1.00,-1.00,-1.00,-1.00,0.6219,2.0,2.15,5.60,-11.42,0.94,-15.74,2.93,-10.00
0,7,-1.00,-1.00,-1.00,-1.00,0.5660,3.1,2.64,7.15,11.26,1.10,-1.34,-1.82,-10.00
0,7,-1.00,-1.00,-1.00,-1.00,0.4525,2.0,2.22,5.78,-16.71,1.77,18.88,-0.63,-10.00
0,7,0.00,456.02,199.28,575.53,0.3681,2.8,2.57,6.33,-19.64,2.58,31.56,3.09,-10.00
0,7,-1.00,-1.00,-1.00,-1.00,0.2889,3.4,2.89,8.31,-9.20,0.85,-30.76,-0.29,-10.00
0,7,-1.00,-1.00,-1.00,-1.00,0.2420,4.1,3.12,11.58,14.47,0.27,-33.66,-0.28,-10.00
0,7,-1.00,-1.00,-1.00,-1.00,0.1945,2.0,2.19,5.77,11.65,1.04,-14.48,-0.33,-10.00
0,7,-1.00,-1.00,-1.00,-1.00,0.1931,2.8,2.42,6.50,17.73,-0.94,-25.50,2.92,-10.00
0,7,-1.00,-1.00,-1.00,-1.00,0.1478,2.0,2.06,5.40,-15.58,-0.23,-29.61,2.93,-10.00
0,7,-1.00,-1.00,-1.00,-1.00,0.1466,2.0,2.20,5.74,-16.81,1.56,14.46,2.56,-10.00
0,7,-1.00,-1.00,-1.00,-1.00,0.1367,3.5,2.71,7.46,-17.81,2.10,21.60,1.16,-10.00
0,7,-1.00,-1.00,-1.00,-1.00,0.1351,1.9,2.07,5.31,-15.46,0.29,-21.32,2.92,-10.00
0,7,-1.00,-1.00,-1.00,-1.00,0.1322,3.7,3.27,9.56,-41.06,2.74,27.89,-0.18,-10.00
0,7,-1.00,-1.00,-1.00,-1.00,0.1308,3.4,2.74,9.44,14.72,1.59,-0.85,-1.89,-10.00
0,7,-1.00,-1.00,-1.00,-1.00,0.1291,1.9,2.02,5.18,-15.16,0.10,-26.74,2.93,-10.00
0,7,-1.00,-1.00,-1.00,-1.00,0.1253,1.9,2.05,5.50,11.12,0.88,-11.86,-0.26,-10.00
0,7,-1.00,-1.00,-1.00,-1.00,0.1244,3.0,2.59,6.82,20.65,0.28,2.97,1.30,-10.00
0,7,215.73,481.77,471.30,563.35,0.1213,2.0,2.17,5.68,-12.16,2.33,31.91,3.05,-10.00
0,7,-1.00,-1.00,-1.00,-1.00,0.1139,2.4,2.28,5.46,-27.66,2.08,18.20,2.25,-10.00
0,7,-1.00,-1.00,-1.00,-1.00,0.1134,2.6,2.54,6.81,38.43,0.12,23.03,2.91,-10.00
0,7,239.27,468.38,455.54,541.46,0.1089,1.9,2.12,5.38,-13.19,1.96,34.88,-0.24,-10.00
0,7,869.78,455.98,1039.39,517.05,0.1017,2.0,2.22,5.59,4.56,1.65,44.76,-0.34,-10.00
0,7,550.83,464.67,762.85,540.37,0.1013,2.0,2.15,5.70,-4.71,1.94,35.08,3.02,-10.00
0,7,-1.00,-1.00,-1.00,-1.00,0.1002,1.9,2.03,5.43,-9.84,0.92,-23.96,-0.19,-10.00
1,7,-1.00,-1.00,-1.00,-1.00,0.8386,3.6,2.77,7.96,24.66,0.95,-14.42,2.80,-10.00
1,7,-1.00,-1.00,-1.00,-1.00,0.7677,1.9,2.10,5.41,-10.94,0.82,-18.51,2.84,-10.00
1,7,-1.00,-1.00,-1.00,-1.00,0.7488,3.2,2.71,7.49,11.37,0.94,-3.32,-1.88,-10.00
1,7,-1.00,-1.00,-1.00,-1.00,0.5660,2.1,2.20,5.70,-17.39,1.87,15.94,2.43,-10.00
1,7,0.00,467.75,80.55,571.54,0.4359,2.2,2.35,6.07,-20.64,2.23,28.28,3.04,-10.00
1,7,-1.00,-1.00,-1.00,-1.00,0.2920,3.0,2.75,6.92,-41.00,2.41,24.24,-0.23,-10.00
1,7,-1.00,-1.00,-1.00,-1.00,0.2728,3.3,2.63,8.86,15.44,1.35,-2.44,-1.83,-10.00
1,7,-1.00,-1.00,-1.00,-1.00,0.2533,1.9,2.12,5.79,17.08,0.06,-44.12,1.77,-10.00
1,7,840.27,460.89,1017.91,521.36,0.2194,1.9,2.16,5.54,3.42,1.70,42.22,-0.24,-10.00
1,7,-1.00,-1.00,-1.00,-1.00,0.2103,1.9,2.15,5.74,13.66,0.21,-46.06,0.03,-10.00
1,7,-1.00,-1.00,-1.00,-1.00,0.2073,3.6,2.81,8.69,21.54,0.87,-1.38,1.35,-10.00
1,7,-1.00,-1.00,-1.00,-1.00,0.2059,3.1,2.66,7.26,18.49,-0.53,-27.84,2.93,-10.00
1,7,-1.00,-1.00,-1.00,-1.00,0.1930,3.2,2.99,9.06,-8.65,0.64,-33.69,-0.31,-10.00
1,7,883.52,464.92,1097.09,540.52,0.1901,1.9,2.15,5.56,4.51,1.90,34.26,2.64,-10.00
1,7,-1.00,-1.00,-1.00,-1.00,0.1868,1.9,2.10,5.35,7.07,0.80,-17.24,-0.33,-10.00
1,7,-1.00,-1.00,-1.00,-1.00,0.1457,3.3,2.81,7.42,-42.47,2.40,27.46,-0.35,-10.00
1,7,-1.00,-1.00,-1.00,-1.00,0.1402,2.2,2.31,5.65,-6.61,0.12,-48.77,2.92,-10.00
1,7,-1.00,-1.00,-1.00,-1.00,0.1365,2.0,2.12,5.51,12.30,0.94,-16.09,-0.38,-10.00
1,7,-1.00,-1.00,-1.00,-1.00,0.1289,4.0,3.14,14.04,16.86,-0.14,-34.99,2.85,-10.00
1,7,-1.00,-1.00,-1.00,-1.00,0.1257,1.9,2.00,5.08,-14.10,-0.21,-29.27,2.92,-10.00
1,7,-1.00,-1.00,-1.00,-1.00,0.1159,3.3,2.73,8.56,13.85,1.21,-3.32,-1.83,-10.00
1,7,-1.00,-1.00,-1.00,-1.00,0.1143,2.0,2.10,5.64,-17.65,0.22,-13.73,2.90,-10.00
1,7,-1.00,-1.00,-1.00,-1.00,0.1094,2.2,2.26,6.08,-15.90,-0.36,-33.08,-0.28,-10.00
1,7,-1.00,-1.00,-1.00,-1.00,0.1030,2.1,2.20,5.74,-32.28,2.34,14.55,2.50,-10.00
1,7,-1.00,-1.00,-1.00,-1.00,0.1002,3.5,2.87,9.07,17.67,0.97,-3.55,2.80,-10.00
2,7,-1.00,-1.00,-1.00,-1.00,0.7396,3.1,2.47,6.65,11.22,0.81,-4.96,-1.93,-10.00
2,7,-1.00,-1.00,-1.00,-1.00,0.7384,2.2,2.38,6.17,-21.92,2.12,24.71,3.00,-10.00
2,7,-1.00,-1.00,-1.00,-1.00,0.6624,2.0,2.18,5.51,-9.97,1.05,-21.67,2.86,-10.00
2,7,-1.00,-1.00,-1.00,-1.00,0.4557,3.4,3.00,9.59,-6.84,0.74,-36.60,-0.35,-10.00
2,7,839.27,450.61,1063.59,536.36,0.4054,2.0,2.31,5.97,3.32,1.69,32.35,2.41,-10.00
2,7,-1.00,-1.00,-1.00,-1.00,0.3653,2.1,2.30,5.88,-18.26,1.78,12.41,2.34,-10.00
2,7,-1.00,-1.00,-1.00,-1.00,0.3183,3.7,3.10,9.07,-49.97,3.59,17.05,-0.24,-10.00
2,7,-1.00,-1.00,-1.00,-1.00,0.2716,3.1,2.69,6.54,24.69,0.01,-15.80,2.77,-10.00
2,7,-1.00,-1.00,-1.00,-1.00,0.2348,2.0,2.15,5.57,7.91,0.83,-19.09,2.94,-10.00
2,7,-1.00,-1.00,-1.00,-1.00,0.2224,3.6,2.87,8.68,21.55,0.72,-2.39,1.24,-10.00
2,7,-1.00,-1.00,-1.00,-1.00,0.2018,1.9,2.06,5.00,-13.09,0.18,-32.78,2.78,-10.00
2,7,-1.00,-1.00,-1.00,-1.00,0.1830,2.6,2.45,6.83,-27.78,1.88,13.05,-1.00,-10.00
2,7,1455.80,418.45,1600.00,490.27,0.1809,2.6,2.56,6.19,28.16,0.74,48.94,2.88,-10.00
2,7,-1.00,-1.00,-1.00,-1.00,0.1599,3.4,2.57,7.81,14.71,0.97,-5.47,-1.87,-10.00
2,7,-1.00,-1.00,-1.00,-1.00,0.1526,1.9,2.04,5.41,-8.00,1.01,-29.59,-0.26,-10.00
2,7,-1.00,-1.00,-1.00,-1.00,0.1522,2.0,2.24,5.77,-42.36,2.31,12.34,2.77,-10.00
2,7,-1.00,-1.00,-1.00,-1.00,0.1387,2.1,2.08,5.04,-13.37,0.16,-35.75,2.81,-10.00
2,7,-1.00,-1.00,-1.00,-1.00,0.1339,1.9,2.15,5.26,-5.61,0.67,-42.81,2.89,-10.00
2,7,-1.00,-1.00,-1.00,-1.00,0.1283,2.1,2.22,5.78,-9.72,1.10,-24.35,-0.33,-10.00
2,7,-1.00,-1.00,-1.00,-1.00,0.1202,2.2,2.28,6.07,15.95,0.53,-46.61,1.78,-10.00
2,7,-1.00,-1.00,-1.00,-1.00,0.1198,2.1,2.22,5.57,19.68,0.38,-46.02,-0.03,-10.00
2,7,-1.00,-1.00,-1.00,-1.00,0.1120,2.7,2.46,6.35,18.50,1.04,-4.10,1.14,-10.00
2,7,-1.00,-1.00,-1.00,-1.00,0.1112,2.0,2.18,5.89,-34.45,2.18,10.95,1.29,-10.00
2,7,5.73,464.17,298.93,552.28,0.1107,1.9,2.09,5.57,-15.29,1.85,28.80,-0.26,-10.00
2,7,-1.00,-1.00,-1.00,-1.00,0.1014,3.6,2.72,6.71,18.27,-0.20,-31.07,1.31,-10.00
2,7,-1.00,-1.00,-1.00,-1.00,0.1011,3.3,2.94,7.82,-47.82,1.40,24.83,-0.31,-10.00
3,7,-1.00,-1.00,-1.00,-1.00,0.9107,3.4,2.66,7.37,11.56,0.97,-7.35,-1.97,-10.00
3,7,-1.00,-1.00,-1.00,-1.00,0.6156,2.2,2.33,6.03,-23.28,1.93,20.88,2.98,-10.00
3,7,-1.00,-1.00,-1.00,-1.00,0.5022,2.0,2.20,5.70,-18.66,1.76,9.02,2.31,-10.00
3,7,-1.00,-1.00,-1.00,-1.00,0.4566,3.4,3.10,9.21,-5.39,0.71,-39.68,-0.39,-10.00
3,7,761.35,451.95,1011.60,544.55,0.3665,2.0,2.29,5.93,1.53,1.75,30.01,2.47,-10.00
3,7,-1.00,-1.00,-1.00,-1.00,0.3009,3.3,2.76,6.82,21.24,0.94,-3.17,1.17,-10.00
3,7,-1.00,-1.00,-1.00,-1.00,0.2750,2.0,2.14,5.63,-44.21,2.00,6.89,2.75,-10.00
3,7,-1.00,-1.00,-1.00,-1.00,0.2712,2.4,2.49,6.29,-28.92,1.64,8.11,2.12,-10.00
3,7,-1.00,-1.00,-1.00,-1.00,0.2377,1.9,2.16,5.52,-11.51,-0.14,-35.92,2.78,-10.00
3,7,-1.00,-1.00,-1.00,-1.00,0.2363,1.9,2.11,5.39,-18.19,1.71,4.64,2.34,-10.00
3,7,-1.00,-1.00,-1.00,-1.00,0.2321,4.4,3.24,10.51,19.39,0.13,-39.23,2.74,-10.00
3,7,1302.96,438.71,1450.01,512.76,0.1900,2.5,2.59,6.83,20.71,1.54,47.65,1.58,-10.00
3,7,1423.28,440.96,1600.00,501.10,0.1799,2.0,2.23,5.52,25.69,1.10,46.99,0.18,-10.00
3,7,-1.00,-1.00,-1.00,-1.00,0.1764,2.0,2.12,5.76,-8.98,1.04,-24.77,2.78,-10.00
3,7,-1.00,-1.00,-1.00,-1.00,0.1593,2.1,2.34,6.13,-10.84,0.67,-33.16,1.33,-10.00
3,7,-1.00,-1.00,-1.00,-1.00,0.1454,4.0,3.13,9.26,-42.27,2.27,22.34,-0.23,-10.00
3,7,-1.00,-1.00,-1.00,-1.00,0.1437,2.4,2.43,5.94,-50.62,2.09,11.62,-0.28,-10.00
3,7,-1.00,-1.00,-1.00,-1.00,0.1196,2.0,2.23,5.71,-7.59,0.76,-30.06,-0.28,-10.00
3,7,-1.00,-1.00,-1.00,-1.00,0.1154,3.9,3.00,9.52,20.39,0.36,-33.19,-2.13,-10.00
3,7,-1.00,-1.00,-1.00,-1.00,0.1068,2.1,2.15,5.09,-10.95,0.21,-38.63,2.78,-10.00
3,7,-1.00,-1.00,-1.00,-1.00,0.1034,2.0,2.19,6.17,-23.24,1.65,4.85,-1.83,-10.00
3,7,-1.00,-1.00,-1.00,-1.00,0.1016,2.2,2.20,5.69,-34.21,2.10,1.03,2.76,-10.00
4,7,-1.00,-1.00,-1.00,-1.00,0.8547,3.3,2.63,7.20,11.91,0.98,-9.63,-2.06,-10.00
4,7,-1.00,-1.00,-1.00,-1.00,0.6556,2.0,2.32,5.69,-19.35,1.70,4.45,2.21,-10.00
4,7,665.95,449.41,932.85,555.98,0.6453,2.1,2.23,5.91,-0.45,1.80,27.04,-0.81,-10.00
4,7,-1.00,-1.00,-1.00,-1.00,0.6208,2.1,2.35,6.10,-24.71,1.94,16.25,2.91,-10.00
4,7,-1.00,-1.00,-1.00,-1.00,0.5139,3.7,2.97,9.29,-3.02,0.46,-43.25,-0.46,-10.00
4,7,-1.00,-1.00,-1.00,-1.00,0.3612,2.1,2.26,5.83,-7.30,0.75,-28.46,2.74,-10.00
4,7,-1.00,-1.00,-1.00,-1.00,0.2348,3.5,2.69,7.30,21.63,0.55,-5.05,1.09,-10.00
4,7,-1.00,-1.00,-1.00,-1.00,0.2060,2.0,2.06,5.38,-3.49,0.40,-38.53,-0.33,-10.00
4,7,-1.00,-1.00,-1.00,-1.00,0.1777,3.5,2.77,9.72,15.40,1.21,-7.80,1.15,-10.00
4,7,-1.00,-1.00,-1.00,-1.00,0.1621,2.3,2.37,6.11,-31.41,1.91,-5.77,1.12,-10.00
4,7,-1.00,-1.00,-1.00,-1.00,0.1535,4.1,3.19,10.37,21.08,-0.40,-41.48,-0.47,-10.00
4,7,-1.00,-1.00,-1.00,-1.00,0.1480,1.9,2.12,5.29,-28.51,1.65,-7.29,2.77,-10.00
4,7,-1.00,-1.00,-1.00,-1.00,0.1380,1.9,1.98,5.16,-4.20,0.68,-36.13,2.76,-10.00
4,7,-1.00,-1.00,-1.00,-1.00,0.1336,2.0,2.16,5.55,15.89,0.39,-21.92,2.58,-10.00
4,7,1354.64,456.85,1550.09,528.21,0.1298,2.4,2.35,5.87,22.38,2.06,45.11,-2.88,-10.00
4,7,-1.00,-1.00,-1.00,-1.00,0.1282,1.9,2.12,5.47,-18.41,1.67,-0.02,2.26,-10.00
4,7,-1.00,-1.00,-1.00,-1.00,0.1247,1.9,2.05,5.39,-9.18,-0.56,-39.61,2.70,-10.00
4,7,-1.00,-1.00,-1.00,-1.00,0.1113,2.0,2.07,5.24,-9.15,-0.45,-42.62,2.68,-10.00
4,7,-1.00,-1.00,-1.00,-1.00,0.1070,4.2,3.70,13.64,-45.06,2.98,19.80,1.08,-10.00
4,7,-1.00,-1.00,-1.00,-1.00,0.1060,4.1,3.23,10.07,-47.29,2.43,14.71,2.75,-10.00
4,7,-1.00,-1.00,-1.00,-1.00,0.1023,2.0,2.08,5.44,-12.04,0.20,-32.46,2.73,-10.00
4,7,-1.00,-1.00,-1.00,-1.00,0.1016,2.2,2.36,5.16,47.90,2.44,39.90,3.13,-10.00
4,7,-1.00,-1.00,-1.00,-1.00,0.1004,2.1,2.19,5.81,-7.07,0.48,-30.72,-0.45,-10.00
4,7,-1.00,-1.00,-1.00,-1.00,0.1001,2.1,2.22,5.79,24.80,0.61,-13.24,2.75,-10.00
5,7,-1.00,-1.00,-1.00,-1.00,0.8080,3.2,2.61,6.93,12.47,1.13,-11.79,-2.18,-10.00
5,7,521.70,438.89,832.33,561.06,0.5857,2.0,2.23,5.95,-2.63,1.66,23.71,-0.89,-10.00
5,7,-1.00,-1.00,-1.00,-1.00,0.4674,2.2,2.31,5.99,-19.71,1.46,-0.10,2.17,-10.00
5,7,-1.00,-1.00,-1.00,-1.00,0.4266,2.1,2.25,5.61,16.70,1.11,-24.05,-0.53,-10.00
5,7,-1.00,-1.00,-1.00,-1.00,0.4068,3.4,2.93,9.65,0.14,0.48,-46.16,-0.54,-10.00
5,7,-1.00,-1.00,-1.00,-1.00,0.2971,2.3,2.34,6.04,-25.88,1.68,11.46,2.82,-10.00
5,7,-1.00,-1.00,-1.00,-1.00,0.2964,2.0,2.21,5.88,-5.20,0.98,-31.95,2.77,-10.00
5,7,1146.33,416.24,1315.28,531.36,0.2353,3.6,2.69,6.61,13.74,2.08,43.24,1.40,-10.00
5,7,-1.00,-1.00,-1.00,-1.00,0.2275,3.3,2.55,7.15,21.73,0.76,-6.90,1.02,-10.00
5,7,-1.00,-1.00,-1.00,-1.00,0.2155,3.6,2.75,8.12,29.00,1.11,-19.24,2.58,-10.00
5,7,-1.00,-1.00,-1.00,-1.00,0.2113,3.9,3.01,10.66,25.27,0.25,-41.81,2.63,-10.00
5,7,-1.00,-1.00,-1.00,-1.00,0.1821,1.8,1.94,4.85,-1.83,0.99,-39.07,2.67,-10.00
5,7,-1.00,-1.00,-1.00,-1.00,0.1783,2.0,2.12,5.58,-4.27,0.38,-42.68,2.80,-10.00
5,7,-1.00,-1.00,-1.00,-1.00,0.1638,2.0,2.14,5.54,-4.70,0.83,-34.09,-0.36,-10.00
5,7,-1.00,-1.00,-1.00,-1.00,0.1598,1.9,2.08,5.50,12.47,0.99,-26.40,2.54,-10.00
5,7,-1.00,-1.00,-1.00,-1.00,0.1525,2.0,2.11,5.45,-28.65,1.30,0.55,-2.80,-10.00
5,7,-1.00,-1.00,-1.00,-1.00,0.1401,3.8,2.94,9.43,27.37,0.63,-35.15,-3.06,-10.00
5,7,-1.00,-1.00,-1.00,-1.00,0.1382,1.9,1.99,5.16,-0.78,0.59,-41.97,2.71,-10.00
5,7,-1.00,-1.00,-1.00,-1.00,0.1322,2.3,2.35,6.00,-30.79,2.39,20.70,-2.02,-10.00
5,7,-1.00,-1.00,-1.00,-1.00,0.1317,2.2,2.26,6.17,-32.09,1.43,-17.75,1.53,-10.00
5,7,-1.00,-1.00,-1.00,-1.00,0.1304,2.0,2.21,5.63,-18.58,1.35,-4.17,2.21,-10.00
5,7,-1.00,-1.00,-1.00,-1.00,0.1270,2.0,2.15,5.50,5.18,0.57,-41.74,-2.03,-10.00
5,7,-1.00,-1.00,-1.00,-1.00,0.1264,2.0,2.09,5.22,-5.95,-0.11,-46.25,2.66,-10.00
5,7,-1.00,-1.00,-1.00,-1.00,0.1241,3.0,2.66,6.80,-43.20,1.18,4.56,1.14,-10.00
5,7,-1.00,-1.00,-1.00,-1.00,0.1146,4.2,3.27,13.05,16.32,1.41,-16.98,1.06,-10.00
5,7,-1.00,-1.00,-1.00,-1.00,0.1123,3.2,2.60,7.54,-0.50,0.16,-50.74,2.67,-10.00
5,7,-1.00,-1.00,-1.00,-1.00,0.1090,3.4,2.69,8.78,17.69,1.36,-14.07,1.04,-10.00
5,7,0.00,493.55,26.33,563.19,0.1089,2.7,2.61,5.82,-35.90,3.68,50.22,-0.13,-10.00
5,7,-1.00,-1.00,-1.00,-1.00,0.1073,2.0,2.10,5.39,-2.86,0.83,-37.22,-0.53,-10.00
5,7,-1.00,-1.00,-1.00,-1.00,0.1041,2.3,2.20,5.64,18.51,1.14,-25.91,2.52,-10.00
5,7,-1.00,-1.00,-1.00,-1.00,0.1015,3.5,2.59,6.82,8.12,-0.17,-52.94,-1.71,-10.00
5,7,822.61,454.88,975.93,514.51,0.1001,2.1,2.15,5.19,2.67,1.61,46.21,-0.35,-10.00
6,7,-1.00,-1.00,-1.00,-1.00,0.8835,3.4,2.74,6.99,13.40,1.00,-13.89,-2.21,-10.00
6,7,-1.00,-1.00,-1.00,-1.00,0.7750,3.5,2.81,7.91,29.66,1.07,-20.30,2.52,-10.00
6,7,349.25,439.89,708.10,578.10,0.6959,1.9,2.14,5.59,-4.54,1.64,20.12,-0.96,-10.00
6,7,-1.00,-1.00,-1.00,-1.00,0.6763,2.2,2.39,6.20,-26.87,1.70,6.13,2.77,-10.00
6,7,-1.00,-1.00,-1.00,-1.00,0.5323,2.2,2.27,5.80,-19.72,1.47,-4.73,2.09,-10.00
6,7,-1.00,-1.00,-1.00,-1.00,0.4092,3.3,2.73,7.90,4.03,-0.20,-48.84,-0.59,-10.00
6,7,-1.00,-1.00,-1.00,-1.00,0.2464,2.0,2.18,5.55,-2.24,0.78,-37.79,-0.50,-10.00
6,7,-1.00,-1.00,-1.00,-1.00,0.2334,2.0,2.23,5.82,-0.31,0.67,-40.06,-0.51,-10.00
6,7,-1.00,-1.00,-1.00,-1.00,0.1944,2.3,2.21,5.62,-43.83,1.20,-3.97,-0.62,-10.00
6,7,-1.00,-1.00,-1.00,-1.00,0.1878,2.0,2.08,5.47,-0.15,-0.10,-47.13,-2.13,-10.00
6,7,-1.00,-1.00,-1.00,-1.00,0.1867,3.5,2.79,6.99,22.19,0.92,-8.09,-2.22,-10.00
6,7,-1.00,-1.00,-1.00,-1.00,0.1863,2.1,2.21,5.49,-2.67,-0.69,-50.00,2.44,-10.00
6,7,-1.00,-1.00,-1.00,-1.00,0.1803,2.0,2.15,5.68,-2.70,0.92,-34.68,-0.32,-10.00
6,7,-1.00,-1.00,-1.00,-1.00,0.1326,3.4,2.54,7.74,1.65,0.13,-47.80,2.43,-10.00
6,7,1051.04,426.33,1206.70,522.23,0.1230,2.9,2.49,6.02,10.00,1.71,42.14,-1.82,-10.00
6,7,-1.00,-1.00,-1.00,-1.00,0.1142,2.0,2.08,5.34,26.85,1.12,-13.33,-2.30,-10.00
6,7,-1.00,-1.00,-1.00,-1.00,0.1108,2.2,2.14,5.37,22.66,0.02,-51.69,3.02,-10.00
6,7,-1.00,-1.00,-1.00,-1.00,0.1090,3.8,3.05,10.59,-21.04,1.47,-19.20,-0.70,-10.00
6,7,-1.00,-1.00,-1.00,-1.00,0.1082,4.0,2.88,9.89,27.39,-0.22,-43.73,2.54,-10.00
6,7,-1.00,-1.00,-1.00,-1.00,0.1034,2.5,2.33,6.11,-28.71,1.67,-6.31,1.87,-10.00
6,7,-1.00,-1.00,-1.00,-1.00,0.1025,2.1,2.12,5.83,14.88,0.62,-27.55,-0.77,-10.00
7,7,70.81,413.01,559.18,601.37,0.7528,2.0,2.15,5.86,-6.36,1.57,16.56,-1.04,-10.00
7,7,-1.00,-1.00,-1.00,-1.00,0.7189,2.3,2.39,6.19,-19.52,1.47,-9.85,2.00,-10.00
7,7,-1.00,-1.00,-1.00,-1.00,0.6809,3.4,2.74,7.60,31.01,0.75,-20.67,-0.78,-10.00
7,7,-1.00,-1.00,-1.00,-1.00,0.5488,2.4,2.50,6.42,-27.40,1.90,0.70,2.66,-10.00
7,7,-1.00,-1.00,-1.00,-1.00,0.4618,3.4,2.79,7.82,14.71,0.87,-16.07,-2.26,-10.00
7,7,-1.00,-1.00,-1.00,-1.00,0.3215,3.1,2.58,6.81,8.72,0.18,-50.71,-0.74,-10.00
7,7,-1.00,-1.00,-1.00,-1.00,0.3079,3.4,2.74,7.01,22.92,0.85,-9.61,0.82,-10.00
7,7,-1.00,-1.00,-1.00,-1.00,0.1908,1.9,2.05,5.36,4.14,0.75,-42.28,-0.76,-10.00
7,7,-1.00,-1.00,-1.00,-1.00,0.1597,2.0,2.28,5.74,-49.14,1.63,-15.75,-0.67,-10.00
7,7,-1.00,-1.00,-1.00,-1.00,0.1501,2.1,2.20,5.64,-17.36,1.30,-13.60,2.03,-10.00
7,7,-1.00,-1.00,-1.00,-1.00,0.1488,2.0,2.13,5.14,2.71,0.18,-49.58,-2.99,-10.00
7,7,-1.00,-1.00,-1.00,-1.00,0.1434,2.1,2.30,5.99,-28.77,1.12,-14.03,-1.37,-10.00
7,7,-1.00,-1.00,-1.00,-1.00,0.1373,4.0,2.92,9.50,29.87,0.01,-45.06,2.49,-10.00
7,7,-1.00,-1.00,-1.00,-1.00,0.1306,3.5,2.55,7.04,-18.20,1.26,-21.31,2.45,-10.00
7,7,-1.00,-1.00,-1.00,-1.00,0.1301,2.4,2.30,6.00,-43.54,1.81,-10.92,-0.64,-10.00
7,7,-1.00,-1.00,-1.00,-1.00,0.1225,3.6,2.89,8.53,28.55,-0.18,-32.13,2.29,-10.00
7,7,-1.00,-1.00,-1.00,-1.00,0.1008,2.3,2.35,6.08,-34.55,3.10,48.24,0.63,-10.00
8,7,0.00,386.70,355.08,647.90,0.8045,2.0,2.20,5.91,-7.85,1.53,12.74,-1.15,-10.00
8,7,-1.00,-1.00,-1.00,-1.00,0.6973,3.3,2.72,7.60,32.81,0.79,-21.37,2.34,-10.00
8,7,-1.00,-1.00,-1.00,-1.00,0.6733,2.4,2.37,6.48,-18.54,1.58,-14.67,1.93,-10.00
8,7,-1.00,-1.00,-1.00,-1.00,0.6607,3.2,2.64,7.00,15.69,0.82,-17.52,-2.43,-10.00
8,7,-1.00,-1.00,-1.00,-1.00,0.5197,2.2,2.35,6.13,-27.25,1.79,-4.74,2.55,-10.00
8,7,-1.00,-1.00,-1.00,-1.00,0.2925,3.3,2.78,7.49,23.57,0.97,-10.46,0.72,-10.00
8,7,-1.00,-1.00,-1.00,-1.00,0.2757,2.1,2.17,5.88,22.93,0.62,-28.46,2.36,-10.00
8,7,-1.00,-1.00,-1.00,-1.00,0.2539,2.9,2.53,6.57,-42.39,1.92,-17.97,-0.75,-10.00
8,7,-1.00,-1.00,-1.00,-1.00,0.2416,2.1,2.18,5.78,11.54,0.98,-21.39,1.01,-10.00
8,7,-1.00,-1.00,-1.00,-1.00,0.1661,3.8,3.03,9.06,34.20,-0.24,-45.01,2.34,-10.00
8,7,-1.00,-1.00,-1.00,-1.00,0.1648,2.0,2.16,5.59,19.36,0.58,-31.25,2.43,-10.00
8,7,-1.00,-1.00,-1.00,-1.00,0.1306,1.9,2.10,5.35,2.77,0.98,-34.67,0.86,-10.00
8,7,-1.00,-1.00,-1.00,-1.00,0.1230,3.2,2.84,7.26,40.45,0.17,29.44,1.26,-10.00
8,7,-1.00,-1.00,-1.00,-1.00,0.1150,2.6,2.57,5.72,13.90,0.11,-52.09,-1.08,-10.00
8,7,-1.00,-1.00,-1.00,-1.00,0.1086,1.9,2.09,5.36,7.92,0.46,-45.45,-0.74,-10.00
8,7,-1.00,-1.00,-1.00,-1.00,0.1070,1.9,2.13,5.48,2.76,1.30,-16.82,-1.95,-10.00
8,7,-1.00,-1.00,-1.00,-1.00,0.1068,3.8,2.97,9.14,-16.87,1.71,-27.26,-0.89,-10.00
8,7,-1.00,-1.00,-1.00,-1.00,0.1039,2.0,2.23,5.61,-21.78,1.62,-41.90,-1.46,-10.00
9,7,0.00,337.93,77.64,767.38,0.8078,2.1,2.17,5.90,-8.95,1.59,9.14,-1.22,-10.00
9,7,-1.00,-1.00,-1.00,-1.00,0.7788,2.3,2.39,6.56,-17.33,1.57,-18.89,1.81,-10.00
9,7,-1.00,-1.00,-1.00,-1.00,0.5869,3.6,2.75,7.65,34.46,0.86,-21.12,2.26,-10.00
9,7,-1.00,-1.00,-1.00,-1.00,0.5472,2.1,2.29,5.92,-26.66,1.92,-9.79,2.45,-10.00
9,7,-1.00,-1.00,-1.00,-1.00,0.3881,3.2,2.80,7.81,17.49,0.86,-19.18,-2.49,-10.00
9,7,-1.00,-1.00,-1.00,-1.00,0.2469,2.0,2.19,5.57,-45.24,1.57,-29.50,-0.88,-10.00
9,7,-1.00,-1.00,-1.00,-1.00,0.2326,2.0,2.22,5.50,-14.82,1.26,-22.20,1.86,-10.00
9,7,565.82,464.60,688.69,527.26,0.2241,2.1,2.22,5.77,-7.60,2.12,47.24,0.95,-10.00
9,7,-1.00,-1.00,-1.00,-1.00,0.1954,2.3,2.41,6.04,-42.34,3.08,37.06,-1.69,-10.00
9,7,-1.00,-1.00,-1.00,-1.00,0.1812,1.9,2.10,5.53,5.40,0.95,-36.62,-2.45,-10.00
9,7,-1.00,-1.00,-1.00,-1.00,0.1716,2.7,2.49,5.75,-40.69,1.83,-23.76,-0.85,-10.00
9,7,-1.00,-1.00,-1.00,-1.00,0.1674,2.2,2.35,5.61,11.44,0.43,-47.99,2.33,-10.00
9,7,-1.00,-1.00,-1.00,-1.00,0.1570,3.8,2.94,8.85,37.39,-0.61,-45.24,-0.90,-10.00
9,7,-1.00,-1.00,-1.00,-1.00,0.1504,2.2,2.32,5.89,-49.67,1.97,-27.10,-0.84,-10.00
9,7,848.53,445.71,1006.07,518.94,0.1480,2.0,2.14,5.60,3.24,1.49,39.09,2.23,-10.00
9,7,-1.00,-1.00,-1.00,-1.00,0.1425,3.2,2.73,7.49,-22.51,0.99,-31.61,1.70,-10.00
9,7,-1.00,-1.00,-1.00,-1.00,0.1416,3.1,2.65,6.50,46.01,-2.71,-29.61,2.27,-10.00
9,7,-1.00,-1.00,-1.00,-1.00,0.1301,3.3,2.66,7.36,38.07,0.57,-22.70,2.25,-10.00
9,7,-1.00,-1.00,-1.00,-1.00,0.1287,2.1,2.23,5.72,23.39,0.58,-31.69,-2.20,-10.00
9,7,-1.00,-1.00,-1.00,-1.00,0.1180,3.8,2.72,7.58,42.44,0.11,-22.02,-0.89,-10.00
9,7,-1.00,-1.00,-1.00,-1.00,0.1170,2.5,2.36,6.80,17.73,1.00,-23.04,-2.44,-10.00
9,7,0.00,453.56,158.39,539.96,0.1142,2.2,2.26,5.94,-21.80,1.88,34.19,-3.09,-10.00
9,7,624.69,442.33,774.79,531.99,0.1078,3.1,2.60,7.07,-5.03,2.35,48.35,0.95,-10.00
9,7,-1.00,-1.00,-1.00,-1.00,0.1075,2.0,2.13,5.34,49.50,0.38,32.73,2.73,-10.00
9,7,-1.00,-1.00,-1.00,-1.00,0.1074,2.1,2.21,5.51,18.37,0.62,-51.61,-2.79,-10.00
9,7,-1.00,-1.00,-1.00,-1.00,0.1036,2.1,2.28,5.84,-26.98,1.27,-36.93,1.93,-10.00
9,7,-1.00,-1.00,-1.00,-1.00,0.1011,1.9,2.04,5.38,-1.60,1.04,-31.03,0.74,-10.00
9,7,-1.00,-1.00,-1.00,-1.00,0.1008,3.4,2.74,7.49,23.81,0.93,-10.96,0.66,-10.00
9,7,-1.00,-1.00,-1.00,-1.00,0.1002,1.9,2.12,5.26,-34.05,1.40,-26.67,-0.53,-10.00
10,7,-1.00,-1.00,-1.00,-1.00,0.9427,2.0,2.15,5.83,-9.70,1.57,5.79,-1.33,-10.00
10,7,-1.00,-1.00,-1.00,-1.00,0.8169,3.4,2.85,7.74,18.78,0.77,-19.95,-2.59,-10.00
10,7,-1.00,-1.00,-1.00,-1.00,0.8016,2.3,2.38,6.51,-15.67,1.42,-22.82,1.70,-10.00
10,7,-1.00,-1.00,-1.00,-1.00,0.6362,3.4,2.77,7.55,35.97,0.46,-20.70,2.17,-10.00
10,7,-1.00,-1.00,-1.00,-1.00,0.3858,2.2,2.35,6.14,-25.87,1.60,-14.63,2.42,-10.00
10,7,-1.00,-1.00,-1.00,-1.00,0.2491,2.9,2.57,6.38,-38.72,1.54,-30.05,-0.93,-10.00
10,7,-1.00,-1.00,-1.00,-1.00,0.1838,1.9,2.06,5.27,0.93,1.08,-33.74,0.69,-10.00
10,7,-1.00,-1.00,-1.00,-1.00,0.1687,1.9,2.22,5.74,-42.83,1.44,-35.79,2.14,-10.00
10,7,-1.00,-1.00,-1.00,-1.00,0.1604,3.4,2.85,7.38,-49.87,2.09,47.93,-0.88,-10.00
10,7,415.40,442.27,569.89,521.04,0.1545,2.5,2.32,5.77,-11.79,1.74,44.02,0.69,-10.00
10,7,-1.00,-1.00,-1.00,-1.00,0.1517,2.0,2.13,5.61,-25.06,1.18,29.41,2.81,-10.00
10,7,317.28,464.38,471.71,520.65,0.1424,2.0,2.15,5.46,-16.83,1.95,49.10,-0.95,-10.00
10,7,-1.00,-1.00,-1.00,-1.00,0.1366,2.0,2.19,5.74,11.72,0.59,-42.12,-1.75,-10.00
10,7,-1.00,-1.00,-1.00,-1.00,0.1315,2.1,2.34,5.59,40.11,-0.75,-45.36,2.15,-10.00
10,7,-1.00,-1.00,-1.00,-1.00,0.1268,2.0,2.10,5.23,-29.85,1.25,-27.92,-2.55,-10.00
10,7,-1.00,-1.00,-1.00,-1.00,0.1257,2.4,2.24,5.31,-0.95,1.15,-35.63,-2.43,-10.00
10,7,-1.00,-1.00,-1.00,-1.00,0.1231,1.9,2.11,5.37,-12.86,1.19,-25.92,1.85,-10.00
10,7,-1.00,-1.00,-1.00,-1.00,0.1195,2.9,2.62,7.37,38.67,0.54,-22.25,2.13,-10.00
10,7,-1.00,-1.00,-1.00,-1.00,0.1088,2.0,2.19,5.60,10.09,0.71,-41.65,-1.56,-10.00
10,7,-1.00,-1.00,-1.00,-1.00,0.1080,2.1,2.13,5.73,-25.44,1.11,-29.89,1.86,-10.00
10,7,-1.00,-1.00,-1.00,-1.00,0.1060,2.9,2.63,7.72,17.93,0.48,-49.78,0.45,-10.00
10,7,-1.00,-1.00,-1.00,-1.00,0.1011,1.9,2.07,5.43,-19.11,1.28,-29.19,-0.16,-10.00
10,7,-1.00,-1.00,-1.00,-1.00,0.1008,2.0,2.14,5.58,-26.61,1.77,32.06,-0.30,-10.00
11,7,-1.00,-1.00,-1.00,-1.00,0.9047,2.0,2.19,5.91,-10.27,1.64,2.52,-1.43,-10.00
11,7,-1.00,-1.00,-1.00,-1.00,0.8965,3.3,2.78,7.38,20.11,0.55,-20.63,-2.71,-10.00
11,7,-1.00,-1.00,-1.00,-1.00,0.8339,2.2,2.29,6.11,-13.74,1.43,-26.54,1.65,-10.00
11,7,-1.00,-1.00,-1.00,-1.00,0.4930,2.3,2.39,6.26,-24.64,1.69,-19.41,2.28,-10.00
11,7,-1.00,-1.00,-1.00,-1.00,0.3857,2.0,2.07,5.43,-10.60,1.01,-29.50,1.69,-10.00
11,7,-1.00,-1.00,-1.00,-1.00,0.3208,3.7,2.78,6.84,37.16,0.39,-20.72,2.07,-10.00
11,7,-1.00,-1.00,-1.00,-1.00,0.2630,1.9,2.12,5.51,3.83,0.74,-35.79,-2.65,-10.00
11,7,-1.00,-1.00,-1.00,-1.00,0.2337,2.0,2.10,5.45,16.27,0.04,-46.40,-2.48,-10.00
11,7,-1.00,-1.00,-1.00,-1.00,0.2074,2.5,2.52,6.95,22.31,0.13,-50.82,-2.57,-10.00
11,7,-1.00,-1.00,-1.00,-1.00,0.1833,2.1,2.09,5.94,7.13,0.77,-35.98,-2.75,-10.00
11,7,-1.00,-1.00,-1.00,-1.00,0.1623,2.4,2.40,5.56,-35.77,1.28,-35.64,-0.99,-10.00
11,7,-1.00,-1.00,-1.00,-1.00,0.1475,3.0,2.60,6.09,-47.53,1.58,-18.56,-0.49,-10.00
11,7,-1.00,-1.00,-1.00,-1.00,0.1377,3.2,2.82,7.86,25.81,0.59,-12.19,0.55,-10.00
11,7,-1.00,-1.00,-1.00,-1.00,0.1322,2.0,2.18,5.53,-17.10,1.27,-32.44,0.13,-10.00
11,7,262.23,472.94,423.30,541.18,0.1282,2.0,2.15,5.60,-15.52,2.25,40.05,0.65,-10.00
11,7,-1.00,-1.00,-1.00,-1.00,0.1275,2.1,2.16,5.41,-13.99,1.34,-43.74,0.53,-10.00
11,7,-1.00,-1.00,-1.00,-1.00,0.1194,1.9,2.11,5.59,-16.75,1.21,-30.76,-0.29,-10.00
11,7,-1.00,-1.00,-1.00,-1.00,0.1119,1.9,2.08,5.49,11.82,0.65,-40.91,0.61,-10.00
11,7,610.43,468.09,771.94,529.83,0.1114,2.2,2.35,5.74,-5.20,2.28,48.40,-2.91,-10.00
11,7,558.11,470.05,702.61,527.71,0.1076,2.0,2.10,5.19,-7.54,2.18,48.05,0.44,-10.00
11,7,-1.00,-1.00,-1.00,-1.00,0.1033,2.4,2.29,5.99,43.23,0.86,33.92,-2.62,-10.00
11,7,83.58,449.58,286.25,540.96,0.1007,3.1,2.77,7.80,-23.46,2.55,45.70,0.53,-10.00
12,7,-1.00,-1.00,-1.00,-1.00,0.9048,2.1,2.17,5.94,-10.53,1.73,-0.99,-1.53,-10.00
12,7,-1.00,-1.00,-1.00,-1.00,0.8342,2.2,2.32,6.26,-11.47,1.37,-30.43,1.59,-10.00
12,7,-1.00,-1.00,-1.00,-1.00,0.5776,2.0,2.23,5.62,-22.34,1.70,-23.80,2.18,-10.00
12,7,-1.00,-1.00,-1.00,-1.00,0.4572,3.7,2.82,8.02,39.19,0.54,-19.01,1.92,-10.00
12,7,-1.00,-1.00,-1.00,-1.00,0.3628,2.6,2.48,6.41,21.52,0.69,-21.28,-2.76,-10.00
12,7,-1.00,-1.00,-1.00,-1.00,0.2890,2.0,2.24,6.24,-8.13,1.17,-33.29,1.60,-10.00
12,7,-1.00,-1.00,-1.00,-1.00,0.2713,2.8,2.55,6.45,27.85,0.14,-31.78,1.85,-10.00
12,7,-1.00,-1.00,-1.00,-1.00,0.2059,2.2,2.18,5.69,15.50,0.31,-42.25,0.47,-10.00
12,7,-1.00,-1.00,-1.00,-1.00,0.2013,1.9,2.08,5.51,6.84,0.71,-37.47,-2.72,-10.00
12,7,-1.00,-1.00,-1.00,-1.00,0.1684,2.2,2.31,5.38,-32.64,1.38,-41.08,-1.09,-10.00
12,7,-1.00,-1.00,-1.00,-1.00,0.1662,2.0,2.16,5.70,18.67,0.68,-25.97,2.48,-10.00
12,7,279.60,463.63,469.67,541.82,0.1656,2.2,2.28,5.96,-13.66,2.14,37.74,0.59,-10.00
12,7,-1.00,-1.00,-1.00,-1.00,0.1628,3.3,2.87,8.28,-12.33,1.26,-46.81,-2.75,-10.00
12,7,86.43,477.78,271.33,557.81,0.1566,2.1,2.28,5.99,-18.74,2.50,36.13,0.63,-10.00
12,7,-1.00,-1.00,-1.00,-1.00,0.1354,2.0,2.16,5.69,30.03,0.28,-13.52,1.96,-10.00
12,7,-1.00,-1.00,-1.00,-1.00,0.1337,2.0,2.23,5.73,20.90,-0.31,-50.46,-1.30,-10.00
12,7,-1.00,-1.00,-1.00,-1.00,0.1324,2.1,2.11,5.85,18.74,-0.03,-48.39,-1.24,-10.00
12,7,-1.00,-1.00,-1.00,-1.00,0.1289,2.0,2.13,5.48,25.26,-0.14,-50.46,-2.71,-10.00
12,7,-1.00,-1.00,-1.00,-1.00,0.1181,2.2,2.26,5.66,19.35,0.76,-19.98,-1.25,-10.00
12,7,-1.00,-1.00,-1.00,-1.00,0.1167,2.6,2.41,6.19,-48.76,4.35,48.37,-2.18,-10.00
12,7,-1.00,-1.00,-1.00,-1.00,0.1156,4.0,3.20,10.15,42.27,-0.37,-29.94,2.03,-10.00
12,7,-1.00,-1.00,-1.00,-1.00,0.1103,2.9,2.52,6.00,23.91,0.20,-10.84,0.43,-10.00
12,7,-1.00,-1.00,-1.00,-1.00,0.1095,3.0,2.50,6.69,2.04,1.32,-38.68,-2.77,-10.00
12,7,-1.00,-1.00,-1.00,-1.00,0.1088,2.8,2.49,6.33,38.64,1.21,34.89,-1.14,-10.00
12,7,-1.00,-1.00,-1.00,-1.00,0.1061,1.9,2.10,5.33,21.65,0.75,-40.50,-2.59,-10.00
12,7,-1.00,-1.00,-1.00,-1.00,0.1016,3.2,2.72,7.36,36.50,0.67,-17.36,-1.08,-10.00
12,7,-1.00,-1.00,-1.00,-1.00,0.1016,3.0,2.62,6.91,29.95,-0.18,-32.44,-1.22,-10.00
13,7,-1.00,-1.00,-1.00,-1.00,0.8232,3.2,2.81,7.26,23.42,0.36,-22.08,-2.85,-10.00
13,7,-1.00,-1.00,-1.00,-1.00,0.6560,2.2,2.27,6.19,-9.05,1.33,-33.76,1.53,-10.00
13,7,-1.00,-1.00,-1.00,-1.00,0.5655,2.1,2.16,5.96,-10.47,1.64,-4.37,-1.55,-10.00
13,7,-1.00,-1.00,-1.00,-1.00,0.5166,3.8,2.88,8.51,40.40,0.13,-18.75,1.86,-10.00
13,7,0.00,473.94,66.49,565.65,0.3313,2.2,2.24,5.87,-22.47,2.43,32.35,0.51,-10.00
13,7,-1.00,-1.00,-1.00,-1.00,0.2339,2.0,2.14,5.59,18.40,0.10,-43.58,0.46,-10.00
13,7,-1.00,-1.00,-1.00,-1.00,0.2220,2.0,2.20,5.79,24.56,-0.12,-51.19,1.85,-10.00
13,7,-1.00,-1.00,-1.00,-1.00,0.2107,1.9,2.10,5.48,21.69,0.08,-45.35,-2.04,-10.00
13,7,-1.00,-1.00,-1.00,-1.00,0.1894,2.0,2.17,5.60,-20.30,1.59,-27.98,2.09,-10.00
13,7,-1.00,-1.00,-1.00,-1.00,0.1831,2.1,2.27,6.41,-5.49,0.91,-36.07,1.57,-10.00
13,7,-1.00,-1.00,-1.00,-1.00,0.1613,2.0,2.12,5.56,27.91,0.22,-49.60,-1.23,-10.00
13,7,-1.00,-1.00,-1.00,-1.00,0.1519,2.0,2.10,5.54,20.03,0.20,-45.40,-1.34,-10.00
13,7,-1.00,-1.00,-1.00,-1.00,0.1497,3.6,2.90,9.79,-2.28,0.97,-43.76,1.89,-10.00
13,7,-1.00,-1.00,-1.00,-1.00,0.1453,2.0,2.07,5.27,-29.20,1.28,-44.79,0.51,-10.00
13,7,-1.00,-1.00,-1.00,-1.00,0.1333,1.9,2.15,5.29,37.41,0.43,36.35,0.20,-10.00
13,7,-1.00,-1.00,-1.00,-1.00,0.1239,2.1,2.21,5.65,35.51,0.50,-26.57,2.10,-10.00
13,7,-1.00,-1.00,-1.00,-1.00,0.1151,3.5,2.71,7.48,22.37,0.91,-28.20,-2.49,-10.00
13,7,-1.00,-1.00,-1.00,-1.00,0.1141,2.1,2.18,5.62,34.00,0.28,-29.99,-1.16,-10.00
13,7,-1.00,-1.00,-1.00,-1.00,0.1132,2.1,2.21,5.67,-31.61,1.74,-44.95,1.90,-10.00
13,7,-1.00,-1.00,-1.00,-1.00,0.1126,2.2,2.20,5.56,-6.75,0.86,-50.86,0.36,-10.00
13,7,117.54,449.50,334.99,548.68,0.1094,2.5,2.32,5.82,-16.21,2.10,33.77,0.51,-10.00
13,7,-1.00,-1.00,-1.00,-1.00,0.1081,2.4,2.34,6.16,23.11,0.27,-48.28,-1.63,-10.00
13,7,-1.00,-1.00,-1.00,-1.00,0.1031,2.0,2.13,5.47,-21.38,1.32,-25.84,-2.66,-10.00
14,7,-1.00,-1.00,-1.00,-1.00,0.7930,3.4,2.84,7.76,25.05,0.52,-23.22,-2.87,-10.00
14,7,-1.00,-1.00,-1.00,-1.00,0.7668,2.0,2.15,5.93,-10.14,1.60,-7.65,-1.63,-10.00
14,7,-1.00,-1.00,-1.00,-1.00,0.6138,2.2,2.26,6.06,-6.60,1.26,-37.07,1.47,-10.00
14,7,-1.00,-1.00,-1.00,-1.00,0.4779,2.3,2.31,6.35,-25.06,2.37,28.11,0.45,-10.00
14,7,-1.00,-1.00,-1.00,-1.00,0.4658,3.6,2.76,7.71,41.59,-0.20,-18.13,1.81,-10.00
14,7,-1.00,-1.00,-1.00,-1.00,0.4538,2.1,2.15,5.49,9.90,0.66,-44.44,0.27,-10.00
14,7,-1.00,-1.00,-1.00,-1.00,0.4452,2.1,2.31,6.21,-18.61,1.47,-32.03,2.01,-10.00
14,7,-1.00,-1.00,-1.00,-1.00,0.2845,3.2,2.63,6.76,28.24,0.18,-13.11,0.29,-10.00
14,7,-1.00,-1.00,-1.00,-1.00,0.2833,2.1,2.28,6.22,-2.97,0.91,-38.74,1.53,-10.00
14,7,-1.00,-1.00,-1.00,-1.00,0.2566,2.0,2.19,5.55,-27.06,1.67,-49.35,-0.06,-10.00
14,7,-1.00,-1.00,-1.00,-1.00,0.2505,2.9,2.69,7.18,-30.08,3.32,35.40,-1.45,-10.00
14,7,-1.00,-1.00,-1.00,-1.00,0.2466,3.8,3.14,12.64,-44.56,2.52,-42.31,0.27,-10.00
14,7,-1.00,-1.00,-1.00,-1.00,0.2040,2.1,2.20,5.67,22.05,0.26,-44.05,-2.97,-10.00
14,7,-1.00,-1.00,-1.00,-1.00,0.2036,3.5,2.69,7.45,-33.84,1.79,-44.66,-2.86,-10.00
14,7,-1.00,-1.00,-1.00,-1.00,0.1981,3.8,2.91,10.17,0.78,1.25,-47.15,-1.33,-10.00
14,7,-1.00,-1.00,-1.00,-1.00,0.1596,2.8,2.57,6.68,33.23,1.06,-9.95,-1.29,-10.00
14,7,-1.00,-1.00,-1.00,-1.00,0.1582,3.7,2.88,7.72,42.63,0.17,-12.94,-1.36,-10.00
14,7,-1.00,-1.00,-1.00,-1.00,0.1501,2.0,2.18,5.53,12.81,0.79,-42.00,-2.89,-10.00
14,7,-1.00,-1.00,-1.00,-1.00,0.1478,3.0,2.80,8.74,35.55,0.24,-12.99,-3.11,-10.00
14,7,-1.00,-1.00,-1.00,-1.00,0.1392,1.9,2.09,5.43,-18.72,1.36,-49.61,-0.04,-10.00
14,7,-1.00,-1.00,-1.00,-1.00,0.1374,2.4,2.33,5.88,28.73,-0.03,-50.21,3.11,-10.00
14,7,-1.00,-1.00,-1.00,-1.00,0.1352,2.0,2.11,5.53,-14.97,1.01,-42.94,2.76,-10.00
14,7,-1.00,-1.00,-1.00,-1.00,0.1340,3.1,2.76,7.44,44.04,0.21,-19.03,1.77,-10.00
14,7,-1.00,-1.00,-1.00,-1.00,0.1173,2.1,2.28,5.78,-25.22,1.16,-51.04,-1.45,-10.00
14,7,-1.00,-1.00,-1.00,-1.00,0.1169,1.9,2.12,5.46,-18.81,1.52,-46.83,-0.04,-10.00
14,7,-1.00,-1.00,-1.00,-1.00,0.1138,1.9,2.21,5.75,-17.26,1.34,-41.31,0.04,-10.00
14,7,-1.00,-1.00,-1.00,-1.00,0.1076,2.0,2.23,5.46,-31.11,1.69,-39.43,0.29,-10.00
14,7,-1.00,-1.00,-1.00,-1.00,0.1069,2.1,2.22,5.77,-29.50,2.06,-45.86,1.74,-10.00
14,7,-1.00,-1.00,-1.00,-1.00,0.1060,2.1,2.21,5.62,22.18,0.70,-41.25,0.17,-10.00
14,7,-1.00,-1.00,-1.00,-1.00,0.1016,2.0,2.15,5.40,21.20,0.38,-46.30,-2.91,-10.00
14,7,-1.00,-1.00,-1.00,-1.00,0.1010,1.9,2.17,5.46,9.57,0.99,-41.16,-3.08,-10.00
14,7,23.94,457.30,293.13,540.54,0.1009,2.1,2.32,6.45,-18.59,1.96,35.33,2.07,-10.00
15,7,-1.00,-1.00,-1.00,-1.00,0.7912,3.1,2.83,6.92,26.81,0.28,-23.72,-3.07,-10.00
15,7,-1.00,-1.00,-1.00,-1.00,0.7358,2.0,2.14,5.82,-9.58,1.59,-11.03,-1.68,-10.00
15,7,-1.00,-1.00,-1.00,-1.00,0.6096,2.1,2.28,6.03,-3.84,1.42,-39.63,1.37,-10.00
15,7,-1.00,-1.00,-1.00,-1.00,0.5101,1.9,2.23,5.92,-15.87,1.44,-36.63,1.81,-10.00
15,7,-1.00,-1.00,-1.00,-1.00,0.3342,3.5,2.78,7.63,42.87,-0.07,-18.35,1.72,-10.00
15,7,-1.00,-1.00,-1.00,-1.00,0.2431,2.3,2.29,6.10,-27.17,2.00,23.23,0.38,-10.00
15,7,-1.00,-1.00,-1.00,-1.00,0.2371,2.3,2.26,5.64,29.40,0.28,-13.32,0.17,-10.00
15,7,-1.00,-1.00,-1.00,-1.00,0.2281,2.1,2.25,6.03,-0.22,1.05,-41.73,1.49,-10.00
15,7,-1.00,-1.00,-1.00,-1.00,0.2048,2.7,2.52,6.58,-37.77,1.89,-48.77,-3.01,-10.00
15,7,-1.00,-1.00,-1.00,-1.00,0.1953,2.1,2.28,5.80,38.98,0.40,-26.90,1.85,-10.00
15,7,-1.00,-1.00,-1.00,-1.00,0.1942,2.1,2.17,5.57,24.90,0.41,-45.28,0.29,-10.00
15,7,-1.00,-1.00,-1.00,-1.00,0.1801,2.1,2.13,5.44,28.09,0.46,-46.45,-2.51,-10.00
15,7,-1.00,-1.00,-1.00,-1.00,0.1642,3.6,2.88,8.17,43.61,0.54,-13.21,-1.42,-10.00
15,7,-1.00,-1.00,-1.00,-1.00,0.1359,2.0,2.25,5.68,34.84,0.21,-15.29,1.78,-10.00
15,7,-1.00,-1.00,-1.00,-1.00,0.1324,2.1,2.13,5.65,15.81,0.99,-43.15,-3.00,-10.00
15,7,-1.00,-1.00,-1.00,-1.00,0.1283,2.2,2.30,5.91,-51.73,2.03,-45.10,0.23,-10.00
15,7,-1.00,-1.00,-1.00,-1.00,0.1222,2.2,2.34,6.25,37.87,0.66,-12.66,-1.50,-10.00
15,7,-1.00,-1.00,-1.00,-1.00,0.1192,2.2,2.29,5.94,1.25,1.21,-49.86,-1.42,-10.00
15,7,-1.00,-1.00,-1.00,-1.00,0.1158,2.4,2.45,5.92,25.27,0.78,-28.52,-2.83,-10.00
15,7,-1.00,-1.00,-1.00,-1.00,0.1156,2.0,2.11,5.66,-11.48,1.15,-46.83,1.73,-10.00
15,7,-1.00,-1.00,-1.00,-1.00,0.1095,3.8,3.01,7.83,-28.06,1.89,-51.73,1.69,-10.00
15,7,0.00,461.83,124.66,544.23,0.1089,2.0,2.21,5.88,-21.97,1.94,33.24,0.24,-10.00
15,7,-1.00,-1.00,-1.00,-1.00,0.1087,1.9,2.15,5.65,2.10,1.20,-40.16,0.06,-10.00
15,7,-1.00,-1.00,-1.00,-1.00,0.1019,2.5,2.41,5.92,42.05,0.45,-52.93,-1.80,-10.00
16,7,-1.00,-1.00,-1.00,-1.00,0.8815,3.5,2.89,7.87,28.39,0.04,-23.96,-3.08,-10.00
16,7,-1.00,-1.00,-1.00,-1.00,0.6310,2.2,2.31,6.14,-0.65,0.33,-42.78,1.27,-10.00
16,7,-1.00,-1.00,-1.00,-1.00,0.6135,2.0,2.12,5.77,-8.79,1.18,-14.48,-1.75,-10.00
16,7,-1.00,-1.00,-1.00,-1.00,0.3507,3.3,2.65,6.74,8.15,-0.18,-50.98,1.70,-10.00
16,7,-1.00,-1.00,-1.00,-1.00,0.3497,2.4,2.38,6.02,-28.99,2.58,18.45,0.26,-10.00
16,7,-1.00,-1.00,-1.00,-1.00,0.2541,3.4,2.86,8.26,50.47,-0.70,-26.81,1.75,-10.00
16,7,-1.00,-1.00,-1.00,-1.00,0.2507,3.5,2.85,7.84,43.98,-0.26,-17.91,1.61,-10.00
16,7,-1.00,-1.00,-1.00,-1.00,0.2118,2.6,2.36,5.36,-35.11,2.85,27.31,-1.59,-10.00
16,7,-1.00,-1.00,-1.00,-1.00,0.2043,2.3,2.42,5.98,28.18,-0.16,-29.80,-2.77,-10.00
16,7,-1.00,-1.00,-1.00,-1.00,0.1940,2.3,2.31,6.18,-12.58,1.08,-38.47,1.84,-10.00
16,7,-1.00,-1.00,-1.00,-1.00,0.1883,2.1,2.14,5.56,19.16,0.06,-44.39,0.14,-10.00
16,7,-1.00,-1.00,-1.00,-1.00,0.1791,2.2,2.33,6.06,40.71,0.02,-28.90,-1.45,-10.00
16,7,-1.00,-1.00,-1.00,-1.00,0.1574,2.0,2.01,5.39,-1.77,0.27,-48.44,-0.13,-10.00
16,7,-1.00,-1.00,-1.00,-1.00,0.1559,3.1,2.64,6.34,29.85,0.03,-13.60,-3.05,-10.00
16,7,-1.00,-1.00,-1.00,-1.00,0.1530,3.1,2.59,6.67,28.57,0.12,-51.91,0.05,-10.00
16,7,-1.00,-1.00,-1.00,-1.00,0.1523,2.2,2.23,5.76,27.58,-0.21,-46.14,3.01,-10.00
16,7,-1.00,-1.00,-1.00,-1.00,0.1483,2.6,2.47,6.15,50.64,-1.84,-16.65,2.19,-10.00
16,7,-1.00,-1.00,-1.00,-1.00,0.1465,2.0,2.25,6.04,2.96,0.40,-43.74,-1.68,-10.00
16,7,-1.00,-1.00,-1.00,-1.00,0.1429,2.6,2.53,6.49,50.65,-2.02,-20.23,1.57,-10.00
16,7,-1.00,-1.00,-1.00,-1.00,0.1346,3.5,2.92,8.04,15.87,0.13,-47.54,-2.97,-10.00
16,7,-1.00,-1.00,-1.00,-1.00,0.1293,1.9,2.14,5.61,-24.35,1.94,27.19,2.93,-10.00
16,7,-1.00,-1.00,-1.00,-1.00,0.1246,2.6,2.64,6.27,-37.49,1.48,-32.69,1.43,-10.00
16,7,-1.00,-1.00,-1.00,-1.00,0.1180,3.3,2.68,8.08,30.10,0.47,-27.72,-3.01,-10.00
16,7,-1.00,-1.00,-1.00,-1.00,0.1117,2.1,2.18,5.81,32.82,0.01,-47.68,1.38,-10.00
16,7,-1.00,-1.00,-1.00,-1.00,0.1042,2.5,2.48,7.31,-37.96,3.20,20.20,0.18,-10.00
16,7,-1.00,-1.00,-1.00,-1.00,0.1037,2.0,2.18,5.47,38.67,-0.11,-49.88,2.91,-10.00
16,7,28.29,452.48,344.19,573.83,0.1032,2.6,2.43,6.13,-14.70,2.35,28.99,-3.04,-10.00
16,7,-1.00,-1.00,-1.00,-1.00,0.1025,2.0,2.19,5.73,-38.07,2.36,0.46,-2.15,-10.00
16,7,-1.00,-1.00,-1.00,-1.00,0.1001,2.2,2.25,5.76,44.27,-0.74,-51.17,-2.87,-10.00
17,7,-1.00,-1.00,-1.00,-1.00,0.9008,3.3,2.84,7.50,30.47,0.19,-24.41,3.12,-10.00
17,7,-1.00,-1.00,-1.00,-1.00,0.5481,2.0,2.18,5.90,-7.61,1.29,-17.89,-1.88,-10.00
17,7,-1.00,-1.00,-1.00,-1.00,0.4046,2.5,2.56,6.34,-36.82,2.31,20.12,-1.67,-10.00
17,7,-1.00,-1.00,-1.00,-1.00,0.3686,2.1,2.17,5.66,-29.96,1.91,13.09,0.20,-10.00
17,7,-1.00,-1.00,-1.00,-1.00,0.2759,2.3,2.36,6.37,2.88,0.84,-45.77,1.15,-10.00
17,7,-1.00,-1.00,-1.00,-1.00,0.2728,2.4,2.38,6.44,-7.57,0.84,-42.85,-2.86,-10.00
17,7,-1.00,-1.00,-1.00,-1.00,0.2446,2.1,2.24,5.78,26.28,0.54,-44.88,-2.67,-10.00
17,7,-1.00,-1.00,-1.00,-1.00,0.2220,2.0,2.15,5.47,27.80,0.90,-39.95,-2.79,-10.00
17,7,-1.00,-1.00,-1.00,-1.00,0.2022,3.4,2.99,8.56,12.09,0.90,-52.15,-1.47,-10.00
17,7,-1.00,-1.00,-1.00,-1.00,0.1950,2.9,2.62,6.88,43.11,0.34,-28.33,-1.61,-10.00
17,7,-1.00,-1.00,-1.00,-1.00,0.1912,2.3,2.33,6.32,-10.17,0.91,-43.73,1.83,-10.00
17,7,-1.00,-1.00,-1.00,-1.00,0.1846,2.2,2.26,5.94,22.88,0.42,-45.56,-2.91,-10.00
17,7,-1.00,-1.00,-1.00,-1.00,0.1782,2.2,2.30,5.91,42.81,0.26,-51.26,-1.47,-10.00
17,7,-1.00,-1.00,-1.00,-1.00,0.1656,2.2,2.26,5.73,-1.08,0.54,-49.09,-2.12,-10.00
17,7,-1.00,-1.00,-1.00,-1.00,0.1614,2.1,2.30,5.79,40.17,0.23,-51.33,-1.61,-10.00
17,7,-1.00,-1.00,-1.00,-1.00,0.1445,2.5,2.33,5.84,19.33,0.75,-25.17,-2.78,-10.00
17,7,-1.00,-1.00,-1.00,-1.00,0.1378,2.0,2.17,5.69,36.85,0.50,-16.16,1.66,-10.00
17,7,-1.00,-1.00,-1.00,-1.00,0.1373,2.1,2.18,5.78,47.32,0.38,26.60,-3.00,-10.00
17,7,-1.00,-1.00,-1.00,-1.00,0.1290,2.1,2.04,5.56,1.64,0.23,-51.30,0.08,-10.00
17,7,-1.00,-1.00,-1.00,-1.00,0.1276,2.4,2.32,5.73,26.26,0.25,-49.23,3.12,-10.00
17,7,-1.00,-1.00,-1.00,-1.00,0.1234,2.4,2.38,6.11,19.11,0.87,-26.76,-2.70,-10.00
17,7,-1.00,-1.00,-1.00,-1.00,0.1195,3.1,2.87,8.93,-39.85,2.32,17.31,-1.45,-10.00
17,7,-1.00,-1.00,-1.00,-1.00,0.1131,2.2,2.23,5.99,45.03,0.09,-50.78,-1.51,-10.00
17,7,-1.00,-1.00,-1.00,-1.00,0.1109,2.0,2.18,5.60,26.72,0.70,-41.77,1.94,-10.00
17,7,-1.00,-1.00,-1.00,-1.00,0.1072,3.6,2.81,7.50,29.83,0.62,-28.03,-1.25,-10.00
17,7,-1.00,-1.00,-1.00,-1.00,0.1066,2.1,2.21,5.62,-5.39,-0.17,-49.74,-3.10,-10.00
17,7,-1.00,-1.00,-1.00,-1.00,0.1025,2.0,2.26,5.63,43.66,0.66,-47.68,1.83,-10.00
17,7,-1.00,-1.00,-1.00,-1.00,0.1010,2.8,2.46,6.22,33.12,0.07,-52.67,1.38,-10.00
17,7,-1.00,-1.00,-1.00,-1.00,0.1002,2.5,2.50,6.40,27.76,0.28,-52.34,1.63,-10.00
18,7,-1.00,-1.00,-1.00,-1.00,0.9032,3.4,2.79,7.46,32.52,0.32,-24.17,3.06,-10.00
18,7,-1.00,-1.00,-1.00,-1.00,0.5812,2.1,2.31,5.92,-38.59,1.75,13.87,-1.76,-10.00
18,7,-1.00,-1.00,-1.00,-1.00,0.4985,2.0,2.21,5.79,-5.94,1.22,-20.94,-1.96,-10.00
18,7,-1.00,-1.00,-1.00,-1.00,0.3662,3.0,2.76,6.53,30.58,0.61,-13.99,3.11,-10.00
18,7,-1.00,-1.00,-1.00,-1.00,0.2421,2.2,2.30,6.20,26.02,0.42,-45.40,2.94,-10.00
18,7,-1.00,-1.00,-1.00,-1.00,0.2293,2.5,2.52,6.36,-38.49,2.12,9.44,-1.65,-10.00
18,7,-1.00,-1.00,-1.00,-1.00,0.2008,2.2,2.31,5.71,45.33,1.41,28.89,2.89,-10.00
18,7,-1.00,-1.00,-1.00,-1.00,0.1949,2.1,2.27,5.90,-31.26,2.06,7.74,0.14,-10.00
18,7,-1.00,-1.00,-1.00,-1.00,0.1853,3.4,3.01,8.94,23.37,0.62,-52.25,1.50,-10.00
18,7,-1.00,-1.00,-1.00,-1.00,0.1845,2.1,2.20,5.80,6.92,0.20,-48.57,-1.87,-10.00
18,7,-1.00,-1.00,-1.00,-1.00,0.1628,3.2,2.57,5.88,16.91,0.56,-52.36,1.65,-10.00
18,7,-1.00,-1.00,-1.00,-1.00,0.1592,2.7,2.81,6.75,49.49,1.49,35.94,1.39,-10.00
18,7,-1.00,-1.00,-1.00,-1.00,0.1520,3.3,2.64,7.31,36.25,-0.09,-51.89,-3.11,-10.00
18,7,-1.00,-1.00,-1.00,-1.00,0.1509,2.0,2.17,5.53,27.29,0.81,-39.18,-2.89,-10.00
18,7,-1.00,-1.00,-1.00,-1.00,0.1455,2.5,2.21,5.68,20.16,0.66,-50.57,1.54,-10.00
18,7,-1.00,-1.00,-1.00,-1.00,0.1434,2.8,2.56,7.11,24.04,0.37,-47.77,-1.60,-10.00
18,7,-1.00,-1.00,-1.00,-1.00,0.1396,2.0,2.12,5.69,30.84,0.48,-29.93,-1.24,-10.00
18,7,-1.00,-1.00,-1.00,-1.00,0.1293,2.1,2.15,5.53,9.21,0.07,-48.98,1.39,-10.00
18,7,-1.00,-1.00,-1.00,-1.00,0.1248,2.1,2.19,5.67,35.08,0.25,-46.52,2.59,-10.00
18,7,-1.00,-1.00,-1.00,-1.00,0.1247,2.1,2.25,5.62,31.66,0.07,-48.97,-0.51,-10.00
18,7,-1.00,-1.00,-1.00,-1.00,0.1236,2.5,2.43,6.22,-3.76,0.47,-46.20,0.31,-10.00
18,7,-1.00,-1.00,-1.00,-1.00,0.1206,2.1,2.14,5.93,23.74,0.44,-44.22,-2.93,-10.00
18,7,-1.00,-1.00,-1.00,-1.00,0.1172,2.1,2.13,5.48,30.06,-0.02,-44.67,3.04,-10.00
18,7,-1.00,-1.00,-1.00,-1.00,0.1162,3.0,2.57,6.66,42.16,-0.27,-51.10,0.06,-10.00
18,7,-1.00,-1.00,-1.00,-1.00,0.1115,1.9,2.17,5.21,24.02,1.32,-8.01,0.12,-10.00
18,7,-1.00,-1.00,-1.00,-1.00,0.1034,2.0,2.17,5.57,11.73,0.20,-47.74,1.33,-10.00
18,7,-1.00,-1.00,-1.00,-1.00,0.1032,2.0,2.14,5.66,27.74,0.83,-37.76,2.98,-10.00
18,7,-1.00,-1.00,-1.00,-1.00,0.1025,3.0,2.65,7.07,34.32,0.58,-28.23,-3.05,-10.00
19,7,-1.00,-1.00,-1.00,-1.00,0.7240,3.4,2.78,6.89,34.86,0.62,-23.46,2.93,-10.00
19,7,-1.00,-1.00,-1.00,-1.00,0.5181,2.1,2.24,5.90,-4.08,1.27,-24.24,-2.06,-10.00
19,7,-1.00,-1.00,-1.00,-1.00,0.2733,2.1,2.29,5.61,-32.10,1.82,2.50,0.04,-10.00
19,7,-1.00,-1.00,-1.00,-1.00,0.2301,3.2,2.62,6.43,32.42,0.75,-13.26,-0.14,-10.00
19,7,-1.00,-1.00,-1.00,-1.00,0.2088,2.2,2.22,5.71,12.02,0.36,-50.83,1.00,-10.00
19,7,-1.00,-1.00,-1.00,-1.00,0.2068,2.8,2.58,6.68,34.02,0.88,-27.56,1.80,-10.00
19,7,-1.00,-1.00,-1.00,-1.00,0.1850,2.1,2.15,5.32,0.16,0.42,-48.31,-0.04,-10.00
19,7,-1.00,-1.00,-1.00,-1.00,0.1655,2.2,2.23,5.82,31.07,0.41,-45.78,2.97,-10.00
19,7,-1.00,-1.00,-1.00,-1.00,0.1610,2.1,2.18,5.49,49.93,0.20,-48.10,-2.09,-10.00
19,7,-1.00,-1.00,-1.00,-1.00,0.1601,3.5,2.85,7.78,41.64,0.22,-51.18,2.93,-10.00
19,7,-1.00,-1.00,-1.00,-1.00,0.1508,2.1,2.18,5.63,16.30,0.18,-49.33,1.16,-10.00
19,7,-1.00,-1.00,-1.00,-1.00,0.1495,2.3,2.42,5.76,-40.02,1.75,7.89,-1.93,-10.00
19,7,-1.00,-1.00,-1.00,-1.00,0.1483,2.2,2.40,5.83,29.44,0.33,-49.27,-0.22,-10.00
19,7,-1.00,-1.00,-1.00,-1.00,0.1419,2.1,2.19,5.78,36.09,0.15,-49.27,1.67,-10.00
19,7,-1.00,-1.00,-1.00,-1.00,0.1393,2.3,2.27,5.76,-27.74,1.43,6.55,-3.06,-10.00
19,7,-1.00,-1.00,-1.00,-1.00,0.1361,2.0,2.23,5.65,24.48,0.84,-28.96,-1.40,-10.00
19,7,-1.00,-1.00,-1.00,-1.00,0.1342,2.5,2.36,6.04,25.15,0.14,-52.33,1.29,-10.00
19,7,-1.00,-1.00,-1.00,-1.00,0.1294,2.2,2.26,5.83,35.64,0.55,-29.65,0.35,-10.00
19,7,-1.00,-1.00,-1.00,-1.00,0.1270,2.0,2.18,5.57,24.19,1.16,-8.73,-2.86,-10.00
19,7,-1.00,-1.00,-1.00,-1.00,0.1237,2.3,2.25,5.65,13.91,0.25,-49.20,1.11,-10.00
19,7,-1.00,-1.00,-1.00,-1.00,0.1208,2.0,2.23,5.72,-36.42,1.68,-15.23,2.11,-10.00
19,7,-1.00,-1.00,-1.00,-1.00,0.1192,2.2,2.25,5.77,38.37,0.29,-47.86,-2.94,-10.00
19,7,-1.00,-1.00,-1.00,-1.00,0.1068,2.0,2.25,5.74,28.85,0.55,-43.91,1.44,-10.00
19,7,-1.00,-1.00,-1.00,-1.00,0.1056,2.2,2.33,6.02,26.44,0.15,-50.88,1.27,-10.00
19,7,-1.00,-1.00,-1.00,-1.00,0.1028,2.6,2.53,6.81,48.24,1.12,-24.25,-0.16,-10.00
20,7,-1.00,-1.00,-1.00,-1.00,0.7615,3.4,2.77,7.35,36.41,0.51,-22.70,2.85,-10.00
20,7,-1.00,-1.00,-1.00,-1.00,0.6842,1.9,2.23,5.90,-1.86,1.13,-26.74,-2.20,-10.00
20,7,-1.00,-1.00,-1.00,-1.00,0.6259,2.0,2.14,5.56,15.30,0.37,-50.07,0.86,-10.00
20,7,-1.00,-1.00,-1.00,-1.00,0.4347,2.1,2.12,5.53,-32.03,1.84,-2.94,-0.13,-10.00
20,7,-1.00,-1.00,-1.00,-1.00,0.2119,3.4,2.79,6.97,33.23,0.39,-12.86,-0.21,-10.00
20,7,-1.00,-1.00,-1.00,-1.00,0.2037,2.1,2.27,5.88,34.91,0.24,-45.62,0.15,-10.00
20,7,-1.00,-1.00,-1.00,-1.00,0.1803,2.2,2.28,5.86,-38.97,2.18,-2.68,-1.69,-10.00
20,7,-1.00,-1.00,-1.00,-1.00,0.1636,2.4,2.43,6.83,2.44,1.03,-49.03,1.48,-10.00
20,7,-1.00,-1.00,-1.00,-1.00,0.1633,3.0,2.79,6.86,32.84,0.54,-50.52,-1.83,-10.00
20,7,-1.00,-1.00,-1.00,-1.00,0.1528,2.5,2.30,5.97,26.20,0.32,-52.40,-1.61,-10.00
20,7,-1.00,-1.00,-1.00,-1.00,0.1512,2.4,2.48,6.20,40.25,1.16,37.48,1.25,-10.00
20,7,-1.00,-1.00,-1.00,-1.00,0.1428,2.0,2.11,5.46,44.11,0.31,-42.83,2.90,-10.00
20,7,-1.00,-1.00,-1.00,-1.00,0.1426,2.1,2.11,5.70,19.17,0.02,-50.06,0.93,-10.00
20,7,-1.00,-1.00,-1.00,-1.00,0.1422,2.0,2.24,5.98,-0.59,1.29,-37.47,-1.65,-10.00
20,7,-1.00,-1.00,-1.00,-1.00,0.1212,2.0,2.18,5.51,25.12,0.87,-8.59,-3.13,-10.00
20,7,-1.00,-1.00,-1.00,-1.00,0.1208,2.1,2.23,6.27,2.34,1.17,-44.73,1.61,-10.00
20,7,-1.00,-1.00,-1.00,-1.00,0.1198,2.4,2.27,5.84,34.75,0.58,-48.13,-0.30,-10.00
20,7,-1.00,-1.00,-1.00,-1.00,0.1094,2.3,2.30,5.67,39.53,0.88,31.61,-0.42,-10.00
20,7,-1.00,-1.00,-1.00,-1.00,0.1068,2.6,2.67,6.46,42.11,1.06,39.42,1.31,-10.00
20,7,-1.00,-1.00,-1.00,-1.00,0.1059,2.0,2.21,5.52,28.69,0.91,-40.62,-2.94,-10.00
20,7,-1.00,-1.00,-1.00,-1.00,0.1021,2.7,2.72,7.19,-40.68,1.34,2.12,-1.76,-10.00
20,7,-1.00,-1.00,-1.00,-1.00,0.1017,2.2,2.30,5.68,33.80,1.01,26.32,-0.24,-10.00
20,7,-1.00,-1.00,-1.00,-1.00,0.1007,2.1,2.17,5.33,34.16,0.79,-30.19,2.61,-10.00
21,7,-1.00,-1.00,-1.00,-1.00,0.9133,3.5,2.82,7.87,38.13,0.59,-21.64,2.79,-10.00
21,7,-1.00,-1.00,-1.00,-1.00,0.2825,2.0,2.18,5.80,0.12,1.31,-28.55,-2.18,-10.00
21,7,-1.00,-1.00,-1.00,-1.00,0.1987,2.3,2.47,6.26,38.67,1.03,40.77,1.19,-10.00
21,7,-1.00,-1.00,-1.00,-1.00,0.1793,2.1,2.19,5.67,19.30,0.29,-50.70,-2.35,-10.00
21,7,-1.00,-1.00,-1.00,-1.00,0.1525,1.9,2.08,5.32,21.74,0.36,-48.95,-2.57,-10.00
21,7,-1.00,-1.00,-1.00,-1.00,0.1449,3.2,2.61,8.03,39.91,0.74,-24.75,2.58,-10.00
21,7,-1.00,-1.00,-1.00,-1.00,0.1392,2.1,2.15,5.52,25.70,0.13,-49.93,-2.75,-10.00
21,7,-1.00,-1.00,-1.00,-1.00,0.1355,2.2,2.24,5.79,-5.40,-0.22,-50.16,-0.18,-10.00
21,7,-1.00,-1.00,-1.00,-1.00,0.1312,2.0,2.11,5.32,44.65,0.15,-44.31,2.69,-10.00
21,7,-1.00,-1.00,-1.00,-1.00,0.1248,1.9,2.17,5.45,-36.21,2.01,-35.86,-0.17,-10.00
21,7,-1.00,-1.00,-1.00,-1.00,0.1179,2.2,2.27,5.89,32.30,1.13,-33.44,-0.07,-10.00
21,7,-1.00,-1.00,-1.00,-1.00,0.1173,3.4,2.84,7.34,33.60,0.56,-14.45,1.25,-10.00
21,7,-1.00,-1.00,-1.00,-1.00,0.1161,2.2,2.24,5.69,36.06,0.86,31.46,-2.67,-10.00
21,7,-1.00,-1.00,-1.00,-1.00,0.1134,2.5,2.34,6.27,31.86,0.17,-51.94,2.89,-10.00
21,7,-1.00,-1.00,-1.00,-1.00,0.1101,2.3,2.22,6.53,2.18,1.33,-26.86,-2.06,-10.00
21,7,-1.00,-1.00,-1.00,-1.00,0.1094,2.1,2.15,5.49,41.21,1.29,30.26,2.54,-10.00
21,7,-1.00,-1.00,-1.00,-1.00,0.1084,2.1,2.12,5.61,24.40,0.14,-50.95,-2.12,-10.00
21,7,-1.00,-1.00,-1.00,-1.00,0.1056,3.4,2.67,7.64,37.78,0.89,-26.60,-2.13,-10.00
21,7,-1.00,-1.00,-1.00,-1.00,0.1046,2.2,2.32,5.82,47.92,0.50,-43.51,2.72,-10.00
22,7,-1.00,-1.00,-1.00,-1.00,0.8213,3.5,2.81,7.89,39.50,0.90,-20.38,2.68,-10.00
22,7,-1.00,-1.00,-1.00,-1.00,0.3621,3.6,2.83,8.34,35.70,0.61,-10.85,2.76,-10.00
22,7,-1.00,-1.00,-1.00,-1.00,0.3328,2.1,2.25,5.57,23.28,0.08,-50.94,0.73,-10.00
22,7,-1.00,-1.00,-1.00,-1.00,0.3083,2.1,2.15,5.65,2.11,1.26,-30.67,-2.47,-10.00
22,7,-1.00,-1.00,-1.00,-1.00,0.2356,2.4,2.43,6.31,35.02,1.38,41.40,1.05,-10.00
22,7,-1.00,-1.00,-1.00,-1.00,0.2248,2.1,2.29,5.60,33.09,1.11,33.52,2.70,-10.00
22,7,-1.00,-1.00,-1.00,-1.00,0.1634,2.6,2.49,6.63,32.58,1.33,41.10,-2.12,-10.00
22,7,232.66,406.64,380.78,516.44,0.1545,3.3,2.91,7.78,-17.87,1.54,43.66,1.42,-10.00
22,7,-1.00,-1.00,-1.00,-1.00,0.1517,2.1,2.22,5.53,26.96,0.34,-50.93,-2.23,-10.00
22,7,-1.00,-1.00,-1.00,-1.00,0.1284,2.0,2.15,5.36,27.65,0.57,-47.08,2.89,-10.00
22,7,-1.00,-1.00,-1.00,-1.00,0.1229,1.9,2.16,5.51,-33.12,1.82,-40.22,2.81,-10.00
22,7,-1.00,-1.00,-1.00,-1.00,0.1145,2.3,2.23,6.03,47.62,0.96,47.14,-2.53,-10.00
22,7,705.29,418.15,786.33,506.40,0.1077,3.1,2.47,5.90,-3.11,1.36,49.62,1.63,-10.00
22,7,-1.00,-1.00,-1.00,-1.00,0.1049,3.3,2.69,7.60,38.24,0.43,-49.83,2.58,-10.00
22,7,-1.00,-1.00,-1.00,-1.00,0.1020,2.8,2.59,6.84,-24.13,0.71,-46.12,1.84,-10.00
22,7,-1.00,-1.00,-1.00,-1.00,0.1002,3.3,2.77,6.92,37.27,0.46,-24.89,-2.64,-10.00
23,7,-1.00,-1.00,-1.00,-1.00,0.8603,3.4,2.83,7.47,40.79,0.76,-19.37,2.61,-10.00
23,7,-1.00,-1.00,-1.00,-1.00,0.4463,2.2,2.34,5.83,27.10,0.03,-51.02,-2.53,-10.00
23,7,-1.00,-1.00,-1.00,-1.00,0.3148,3.4,2.73,7.18,35.60,0.43,-10.41,2.65,-10.00
23,7,-1.00,-1.00,-1.00,-1.00,0.2531,2.0,2.21,5.59,31.96,0.25,-49.89,-2.60,-10.00
23,7,-1.00,-1.00,-1.00,-1.00,0.2184,2.3,2.34,5.85,30.90,1.37,34.37,-0.57,-10.00
23,7,-1.00,-1.00,-1.00,-1.00,0.2060,2.0,2.10,5.38,13.94,0.89,-47.42,-0.31,-10.00
23,7,-1.00,-1.00,-1.00,-1.00,0.1652,1.9,2.12,5.38,8.70,0.92,-44.62,-0.36,-10.00
23,7,-1.00,-1.00,-1.00,-1.00,0.1474,2.0,2.17,5.43,7.57,0.88,-42.35,-0.40,-10.00
23,7,-1.00,-1.00,-1.00,-1.00,0.1418,2.1,2.35,5.99,30.55,0.21,-50.88,-2.15,-10.00
23,7,-1.00,-1.00,-1.00,-1.00,0.1402,2.7,2.57,6.33,33.28,1.69,32.77,-2.11,-10.00
23,7,-1.00,-1.00,-1.00,-1.00,0.1401,2.3,2.34,6.21,32.00,1.35,42.83,1.07,-10.00
23,7,-1.00,-1.00,-1.00,-1.00,0.1341,2.8,2.46,6.34,37.45,-0.58,-25.78,2.99,-10.00
23,7,-1.00,-1.00,-1.00,-1.00,0.1277,3.5,2.77,8.26,41.13,0.56,-21.86,2.47,-10.00
23,7,-1.00,-1.00,-1.00,-1.00,0.1268,2.5,2.36,6.14,47.17,-0.48,-45.85,-0.59,-10.00
23,7,-1.00,-1.00,-1.00,-1.00,0.1233,2.8,2.56,6.54,36.19,1.78,29.74,-2.27,-10.00
23,7,-1.00,-1.00,-1.00,-1.00,0.1218,2.7,2.56,6.55,47.50,-0.16,-49.94,-3.13,-10.00
23,7,-1.00,-1.00,-1.00,-1.00,0.1074,2.7,2.53,6.51,27.88,1.25,35.45,0.96,-10.00
23,7,-1.00,-1.00,-1.00,-1.00,0.1072,2.0,2.16,5.71,13.37,0.75,-49.88,-1.85,-10.00
23,7,518.14,411.21,659.71,539.99,0.1018,3.8,3.09,10.38,-8.23,2.33,42.12,-1.91,-10.00
24,7,-1.00,-1.00,-1.00,-1.00,0.7459,3.4,2.95,7.84,41.25,0.88,-19.44,2.55,-10.00
24,7,-1.00,-1.00,-1.00,-1.00,0.3573,2.1,2.20,5.53,28.89,0.13,-51.18,0.60,-10.00
24,7,1583.70,402.66,1600.00,505.33,0.2694,3.0,2.55,6.70,29.93,1.10,42.59,1.06,-10.00
24,7,-1.00,-1.00,-1.00,-1.00,0.2145,3.3,2.78,6.74,34.86,1.59,28.93,-2.30,-10.00
24,7,-1.00,-1.00,-1.00,-1.00,0.1891,3.5,2.82,7.69,36.44,0.55,-9.77,-0.63,-10.00
24,7,-1.00,-1.00,-1.00,-1.00,0.1511,2.3,2.39,6.08,32.60,0.88,42.46,1.08,-10.00
24,7,-1.00,-1.00,-1.00,-1.00,0.1470,2.6,2.34,6.04,33.49,0.39,-49.78,-2.37,-10.00
24,7,-1.00,-1.00,-1.00,-1.00,0.1447,3.7,2.80,7.43,47.30,0.80,-48.05,2.53,-10.00
24,7,-1.00,-1.00,-1.00,-1.00,0.1358,2.0,2.12,5.28,16.44,1.07,-48.87,0.05,-10.00
24,7,0.00,410.79,26.85,518.56,0.1269,3.2,2.84,7.01,-29.75,1.55,41.73,-1.77,-10.00
24,7,-1.00,-1.00,-1.00,-1.00,0.1162,1.9,2.09,5.22,16.29,0.55,-51.11,-0.29,-10.00
24,7,-1.00,-1.00,-1.00,-1.00,0.1136,2.0,2.19,5.52,30.53,1.09,-41.56,-3.09,-10.00
24,7,-1.00,-1.00,-1.00,-1.00,0.1116,2.7,2.58,6.31,34.53,1.64,32.61,2.29,-10.00
24,7,-1.00,-1.00,-1.00,-1.00,0.1052,1.8,2.01,4.91,10.86,0.97,-45.94,-0.29,-10.00
24,7,-1.00,-1.00,-1.00,-1.00,0.1005,2.1,2.10,5.39,42.66,0.38,-46.02,2.49,-10.00
25,7,-1.00,-1.00,-1.00,-1.00,0.7443,3.4,2.78,7.04,42.10,0.64,-19.09,2.51,-10.00
25,7,1555.44,420.85,1600.00,514.36,0.2305,2.7,2.62,6.58,28.63,1.42,42.12,1.02,-10.00
25,7,-1.00,-1.00,-1.00,-1.00,0.2013,3.7,2.74,9.22,48.62,0.49,-48.09,2.53,-10.00
25,7,-1.00,-1.00,-1.00,-1.00,0.1660,2.4,2.31,5.80,30.49,0.16,-51.95,-2.48,-10.00
25,7,-1.00,-1.00,-1.00,-1.00,0.1479,1.9,2.04,5.33,10.40,1.15,-37.34,-2.51,-10.00
25,7,-1.00,-1.00,-1.00,-1.00,0.1475,2.3,2.31,5.94,35.43,0.08,-49.45,-2.75,-10.00
25,7,1543.77,435.12,1600.00,512.09,0.1375,2.1,2.28,5.67,26.37,1.27,39.87,-2.15,-10.00
25,7,-1.00,-1.00,-1.00,-1.00,0.1239,3.4,2.87,7.55,-31.35,1.80,40.37,1.41,-10.00
25,7,-1.00,-1.00,-1.00,-1.00,0.1233,2.1,2.27,5.47,47.28,0.50,-41.43,2.55,-10.00
25,7,-1.00,-1.00,-1.00,-1.00,0.1215,1.9,2.03,5.29,-18.33,1.15,-46.87,2.65,-10.00
25,7,330.27,386.14,567.16,538.36,0.1184,3.9,3.28,11.66,-11.93,2.05,38.40,-2.20,-10.00
25,7,-1.00,-1.00,-1.00,-1.00,0.1088,2.0,2.19,5.55,26.90,0.94,32.79,2.55,-10.00
25,7,-1.00,-1.00,-1.00,-1.00,0.1049,2.1,2.27,5.79,-17.94,1.23,-49.38,2.86,-10.00
26,7,-1.00,-1.00,-1.00,-1.00,0.7784,3.4,2.87,7.86,42.60,0.60,-19.75,2.53,-10.00
26,7,1545.35,414.08,1600.00,512.40,0.4032,2.8,2.50,6.57,27.81,1.32,41.39,1.02,-10.00
26,7,-1.00,-1.00,-1.00,-1.00,0.2992,3.0,2.62,6.88,44.40,0.94,-21.91,2.48,-10.00
26,7,-1.00,-1.00,-1.00,-1.00,0.2329,1.9,2.08,5.45,7.53,1.02,-35.62,-2.48,-10.00
26,7,-1.00,-1.00,-1.00,-1.00,0.2089,3.4,2.83,7.32,41.49,0.82,-23.78,-2.28,-10.00
26,7,-1.00,-1.00,-1.00,-1.00,0.1979,3.5,2.75,7.28,47.96,0.51,-49.87,2.48,-10.00
26,7,-1.00,-1.00,-1.00,-1.00,0.1671,2.4,2.31,5.53,30.72,0.07,-51.68,-2.79,-10.00
26,7,-1.00,-1.00,-1.00,-1.00,0.1572,2.0,2.11,5.52,27.04,1.08,32.00,2.50,-10.00
26,7,-1.00,-1.00,-1.00,-1.00,0.1406,2.2,2.22,5.66,36.11,0.09,-51.10,0.53,-10.00
26,7,-1.00,-1.00,-1.00,-1.00,0.1383,3.6,2.86,6.49,-40.67,1.81,25.16,0.03,-10.00
26,7,-1.00,-1.00,-1.00,-1.00,0.1377,3.6,2.75,6.50,36.42,0.43,-11.48,-0.64,-10.00
26,7,-1.00,-1.00,-1.00,-1.00,0.1325,2.4,2.29,5.85,-13.18,0.58,-50.80,-1.43,-10.00
26,7,-1.00,-1.00,-1.00,-1.00,0.1197,1.9,2.12,5.34,11.74,0.80,-46.02,-0.47,-10.00
26,7,-1.00,-1.00,-1.00,-1.00,0.1141,2.3,2.22,5.72,43.21,0.09,-51.28,-0.68,-10.00
26,7,-1.00,-1.00,-1.00,-1.00,0.1119,2.3,2.30,5.64,34.60,1.55,28.52,2.40,-10.00
26,7,-1.00,-1.00,-1.00,-1.00,0.1116,2.3,2.31,6.01,36.48,0.27,-48.26,2.29,-10.00
26,7,1478.74,414.81,1600.00,515.18,0.1074,2.7,2.58,7.44,25.11,1.35,39.69,0.93,-10.00
27,7,-1.00,-1.00,-1.00,-1.00,0.8177,3.4,2.84,7.31,42.49,0.51,-20.85,2.52,-10.00
27,7,-1.00,-1.00,-1.00,-1.00,0.3798,2.1,2.25,5.76,7.46,1.02,-37.29,-2.49,-10.00
27,7,1545.28,408.59,1600.00,516.85,0.3043,3.1,2.61,6.84,27.49,1.45,40.50,0.99,-10.00
27,7,-1.00,-1.00,-1.00,-1.00,0.2958,3.1,2.60,6.86,44.48,0.94,-23.00,2.46,-10.00
27,7,-1.00,-1.00,-1.00,-1.00,0.2135,2.4,2.41,5.85,-10.68,0.31,-43.57,2.97,-10.00
27,7,-1.00,-1.00,-1.00,-1.00,0.1731,2.2,2.17,5.68,34.56,1.55,27.83,2.47,-10.00
27,7,1543.98,430.48,1600.00,514.88,0.1651,2.2,2.38,5.91,25.62,1.31,38.26,0.95,-10.00
27,7,-1.00,-1.00,-1.00,-1.00,0.1563,1.9,2.08,5.42,26.03,0.99,31.05,2.19,-10.00
27,7,-1.00,-1.00,-1.00,-1.00,0.1429,2.3,2.32,6.23,30.41,1.32,39.87,0.95,-10.00
27,7,-1.00,-1.00,-1.00,-1.00,0.1292,2.2,2.33,6.24,30.42,1.44,30.38,1.00,-10.00
27,7,-1.00,-1.00,-1.00,-1.00,0.1277,2.6,2.42,6.51,35.41,1.87,29.60,-2.52,-10.00
27,7,-1.00,-1.00,-1.00,-1.00,0.1254,2.1,2.25,5.94,12.48,0.77,-22.72,-1.85,-10.00
27,7,-1.00,-1.00,-1.00,-1.00,0.1193,2.2,2.28,6.07,-25.37,-0.04,-23.86,-0.40,-10.00
27,7,-1.00,-1.00,-1.00,-1.00,0.1164,2.7,2.53,6.57,46.54,0.45,-25.23,-2.19,-10.00
27,7,-1.00,-1.00,-1.00,-1.00,0.1160,2.0,2.22,5.50,-23.06,1.68,-46.26,1.72,-10.00
27,7,-1.00,-1.00,-1.00,-1.00,0.1077,3.8,2.99,9.41,22.86,1.30,11.55,-0.61,-10.00
27,7,-1.00,-1.00,-1.00,-1.00,0.1063,3.6,2.85,6.83,36.67,0.65,-15.38,1.00,-10.00
27,7,-1.00,-1.00,-1.00,-1.00,0.1052,3.0,2.59,6.35,47.03,0.20,-51.80,2.54,-10.00
27,7,-1.00,-1.00,-1.00,-1.00,0.1024,2.7,2.50,6.60,34.37,1.81,24.71,-2.24,-10.00
27,7,-1.00,-1.00,-1.00,-1.00,0.1000,2.0,2.27,5.87,6.94,1.09,-38.71,0.51,-10.00
28,7,-1.00,-1.00,-1.00,-1.00,0.7703,3.4,2.80,7.09,42.58,0.44,-21.97,2.57,-10.00
28,7,-1.00,-1.00,-1.00,-1.00,0.4657,2.1,2.25,5.81,7.08,0.79,-38.37,-2.47,-10.00
28,7,-1.00,-1.00,-1.00,-1.00,0.2802,3.1,2.54,6.81,44.15,0.94,-24.23,2.49,-10.00
28,7,-1.00,-1.00,-1.00,-1.00,0.1594,2.1,2.25,5.96,30.22,1.11,39.39,0.95,-10.00
28,7,-1.00,-1.00,-1.00,-1.00,0.1554,2.1,2.15,5.58,26.60,1.08,29.75,-0.60,-10.00
28,7,-1.00,-1.00,-1.00,-1.00,0.1522,2.1,2.09,5.30,34.26,1.53,26.62,2.47,-10.00
28,7,-1.00,-1.00,-1.00,-1.00,0.1183,2.1,2.15,5.56,10.86,0.76,-40.46,-2.49,-10.00
28,7,-1.00,-1.00,-1.00,-1.00,0.1173,2.0,2.19,5.56,15.75,0.98,-47.80,-3.06,-10.00
28,7,-1.00,-1.00,-1.00,-1.00,0.1063,1.9,2.10,5.25,11.71,0.81,-48.39,-0.49,-10.00
28,7,-1.00,-1.00,-1.00,-1.00,0.1046,1.9,2.03,5.09,12.97,0.86,-50.31,-0.21,-10.00
29,7,-1.00,-1.00,-1.00,-1.00,0.7714,3.2,2.70,6.80,42.33,0.25,-23.29,2.56,-10.00
29,7,-1.00,-1.00,-1.00,-1.00,0.4736,2.1,2.24,5.82,6.80,0.99,-39.25,-2.41,-10.00
29,7,-1.00,-1.00,-1.00,-1.00,0.2497,3.1,2.62,6.81,28.32,0.93,37.92,1.05,-10.00
29,7,-1.00,-1.00,-1.00,-1.00,0.2272,2.2,2.41,5.97,27.68,1.13,29.16,2.61,-10.00
29,7,-1.00,-1.00,-1.00,-1.00,0.2022,2.9,2.44,6.66,43.84,0.36,-25.73,2.55,-10.00
29,7,-1.00,-1.00,-1.00,-1.00,0.1727,3.5,2.81,7.33,36.86,0.55,-14.53,2.50,-10.00
29,7,-1.00,-1.00,-1.00,-1.00,0.1439,2.0,2.23,5.53,15.12,1.12,-48.86,-3.04,-10.00
29,7,-1.00,-1.00,-1.00,-1.00,0.1427,2.6,2.52,6.04,33.91,1.74,25.00,3.13,-10.00
29,7,-1.00,-1.00,-1.00,-1.00,0.1318,2.2,2.23,5.95,-6.02,0.80,-40.05,2.46,-10.00
29,7,-1.00,-1.00,-1.00,-1.00,0.1151,2.4,2.35,5.92,32.51,-0.07,-32.16,-3.09,-10.00
29,7,-1.00,-1.00,-1.00,-1.00,0.1129,2.2,2.41,6.09,26.28,1.39,35.85,1.04,-10.00
29,7,-1.00,-1.00,-1.00,-1.00,0.1103,3.0,2.56,7.10,36.63,1.57,26.91,-3.01,-10.00
29,7,-1.00,-1.00,-1.00,-1.00,0.1065,3.2,2.76,6.52,-40.44,1.50,22.66,0.00,-10.00
29,7,-1.00,-1.00,-1.00,-1.00,0.1050,2.0,2.10,5.69,10.79,1.29,-34.64,-2.73,-10.00
29,7,-1.00,-1.00,-1.00,-1.00,0.1043,2.0,2.14,5.68,11.22,0.93,-41.34,-2.99,-10.00
29,7,-1.00,-1.00,-1.00,-1.00,0.1036,3.5,2.86,7.51,38.11,0.48,-18.76,-2.30,-10.00
29,7,-1.00,-1.00,-1.00,-1.00,0.1026,2.1,2.28,5.62,47.17,0.88,47.00,2.78,-10.00
30,7,-1.00,-1.00,-1.00,-1.00,0.8274,3.2,2.71,6.80,41.85,0.27,-24.80,2.54,-10.00
30,7,-1.00,-1.00,-1.00,-1.00,0.3603,2.1,2.20,5.85,6.19,1.03,-40.32,-2.56,-10.00
30,7,-1.00,-1.00,-1.00,-1.00,0.3337,3.3,2.58,7.18,42.34,0.62,-27.58,2.49,-10.00
30,7,-1.00,-1.00,-1.00,-1.00,0.2994,2.8,2.52,6.74,28.89,1.04,36.30,1.04,-10.00
30,7,-1.00,-1.00,-1.00,-1.00,0.2468,2.1,2.23,5.82,27.77,0.96,27.64,2.56,-10.00
30,7,-1.00,-1.00,-1.00,-1.00,0.1948,2.6,2.46,6.45,35.92,1.39,23.43,2.47,-10.00
30,7,-1.00,-1.00,-1.00,-1.00,0.1776,2.2,2.18,5.49,-4.89,1.30,-32.21,-2.48,-10.00
30,7,-1.00,-1.00,-1.00,-1.00,0.1502,2.9,2.58,6.86,35.76,1.47,20.88,-2.59,-10.00
30,7,-1.00,-1.00,-1.00,-1.00,0.1471,2.0,2.21,5.56,6.67,0.94,-42.20,-3.06,-10.00
30,7,-1.00,-1.00,-1.00,-1.00,0.1300,2.2,2.33,6.08,31.68,1.28,35.88,0.81,-10.00
30,7,-1.00,-1.00,-1.00,-1.00,0.1139,2.3,2.48,6.38,26.22,1.46,34.84,1.04,-10.00
30,7,-1.00,-1.00,-1.00,-1.00,0.1081,2.1,2.31,5.82,-39.11,1.14,-24.38,1.09,-10.00
30,7,-1.00,-1.00,-1.00,-1.00,0.1075,2.1,2.17,5.65,13.21,0.78,-50.97,-1.98,-10.00
30,7,-1.00,-1.00,-1.00,-1.00,0.1049,1.9,2.12,5.51,10.82,0.94,-42.16,-2.99,-10.00
31,7,-1.00,-1.00,-1.00,-1.00,0.6060,3.1,2.67,6.70,41.46,0.33,-25.87,2.55,-10.00
31,7,-1.00,-1.00,-1.00,-1.00,0.4191,2.1,2.25,5.94,5.97,0.85,-41.05,-2.47,-10.00
31,7,-1.00,-1.00,-1.00,-1.00,0.2265,2.4,2.44,6.39,31.90,0.83,36.47,0.99,-10.00
31,7,-1.00,-1.00,-1.00,-1.00,0.1992,3.4,2.78,6.97,36.31,0.41,-17.00,2.54,-10.00
31,7,-1.00,-1.00,-1.00,-1.00,0.1720,2.5,2.50,6.80,35.79,1.41,24.55,-2.21,-10.00
31,7,-1.00,-1.00,-1.00,-1.00,0.1524,2.9,2.49,6.67,-10.74,0.43,-46.85,1.61,-10.00
31,7,-1.00,-1.00,-1.00,-1.00,0.1482,2.7,2.51,6.81,29.25,1.00,35.21,1.07,-10.00
31,7,-1.00,-1.00,-1.00,-1.00,0.1449,3.4,2.83,7.56,41.81,0.19,-28.14,2.49,-10.00
31,7,-1.00,-1.00,-1.00,-1.00,0.1372,2.4,2.46,6.19,30.36,-0.12,-34.93,-2.04,-10.00
31,7,-1.00,-1.00,-1.00,-1.00,0.1346,2.3,2.33,5.56,-5.16,1.10,-33.07,-2.49,-10.00
31,7,-1.00,-1.00,-1.00,-1.00,0.1202,2.3,2.32,5.68,47.13,0.25,-52.00,2.95,-10.00
31,7,-1.00,-1.00,-1.00,-1.00,0.1123,2.1,2.30,5.97,13.22,0.97,-52.33,-2.03,-10.00
31,7,-1.00,-1.00,-1.00,-1.00,0.1071,2.1,2.11,5.76,9.24,0.77,-43.03,-2.54,-10.00
31,7,-1.00,-1.00,-1.00,-1.00,0.1065,2.1,2.21,5.72,1.40,1.05,-47.91,1.45,-10.00
32,7,-1.00,-1.00,-1.00,-1.00,0.6594,3.3,2.74,6.95,41.42,0.27,-26.41,2.57,-10.00
32,7,-1.00,-1.00,-1.00,-1.00,0.4346,2.1,2.26,5.91,5.66,1.00,-41.38,-2.48,-10.00
32,7,0.00,388.81,489.60,599.01,0.2147,3.9,3.07,10.59,-13.14,2.60,27.57,-0.56,-10.00
32,7,-1.00,-1.00,-1.00,-1.00,0.2126,2.3,2.31,6.30,31.92,1.05,35.34,0.99,-10.00
32,7,-1.00,-1.00,-1.00,-1.00,0.1791,2.2,2.31,5.75,27.96,1.12,26.02,2.65,-10.00
32,7,-1.00,-1.00,-1.00,-1.00,0.1779,2.6,2.59,6.37,28.97,0.76,35.60,1.05,-10.00
32,7,-1.00,-1.00,-1.00,-1.00,0.1529,2.6,2.55,6.44,35.91,1.49,23.65,-2.15,-10.00
32,7,-1.00,-1.00,-1.00,-1.00,0.1298,1.9,2.10,5.40,10.24,0.81,-43.72,-2.78,-10.00
32,7,-1.00,-1.00,-1.00,-1.00,0.1292,2.9,2.56,6.71,30.16,0.30,-35.41,1.09,-10.00
32,7,-1.00,-1.00,-1.00,-1.00,0.1264,2.3,2.35,5.68,45.01,0.38,-52.60,2.01,-10.00
32,7,-1.00,-1.00,-1.00,-1.00,0.1253,3.5,2.94,7.93,41.83,0.40,-28.97,-0.78,-10.00
32,7,-1.00,-1.00,-1.00,-1.00,0.1212,2.3,2.37,6.33,16.61,0.59,-32.78,-1.81,-10.00
32,7,-1.00,-1.00,-1.00,-1.00,0.1174,1.9,2.25,5.97,-23.59,2.12,-15.62,1.86,-10.00
32,7,-1.00,-1.00,-1.00,-1.00,0.1130,2.4,2.40,5.98,27.34,0.81,-34.39,-0.01,-10.00
32,7,-1.00,-1.00,-1.00,-1.00,0.1086,2.7,2.64,6.98,33.48,1.11,36.60,1.14,-10.00
32,7,-1.00,-1.00,-1.00,-1.00,0.1075,2.0,2.13,5.86,7.61,0.79,-44.49,1.57,-10.00
32,7,-1.00,-1.00,-1.00,-1.00,0.1033,1.9,2.13,5.48,4.91,0.89,-42.91,-2.74,-10.00
32,7,-1.00,-1.00,-1.00,-1.00,0.1030,2.7,2.67,6.59,37.88,1.36,24.06,-2.04,-10.00
32,7,-1.00,-1.00,-1.00,-1.00,0.1030,2.2,2.11,5.26,-5.50,1.10,-33.17,-2.49,-10.00
33,7,-1.00,-1.00,-1.00,-1.00,0.5578,3.5,2.88,7.65,41.33,0.37,-26.86,2.52,-10.00
33,7,-1.00,-1.00,-1.00,-1.00,0.3036,2.0,2.20,5.85,5.86,0.99,-41.72,-2.58,-10.00
33,7,0.00,388.83,484.30,600.45,0.2218,4.0,3.10,10.39,-13.12,2.63,27.47,-0.49,-10.00
33,7,-1.00,-1.00,-1.00,-1.00,0.2098,2.6,2.46,6.45,29.42,1.03,34.63,1.04,-10.00
33,7,-1.00,-1.00,-1.00,-1.00,0.1850,2.0,2.24,5.92,6.29,0.63,-43.84,2.90,-10.00
33,7,-1.00,-1.00,-1.00,-1.00,0.1729,2.0,2.12,5.44,27.91,1.12,25.56,-0.59,-10.00
33,7,-1.00,-1.00,-1.00,-1.00,0.1399,2.8,2.70,6.80,35.95,1.20,22.21,-2.20,-10.00
33,7,-1.00,-1.00,-1.00,-1.00,0.1345,2.0,2.15,5.59,13.05,0.89,-51.65,-3.12,-10.00
33,7,-1.00,-1.00,-1.00,-1.00,0.1225,2.0,2.15,5.66,10.32,0.76,-43.58,-0.10,-10.00
33,7,-1.00,-1.00,-1.00,-1.00,0.1192,2.3,2.35,6.40,31.88,1.06,35.16,0.91,-10.00
33,7,-1.00,-1.00,-1.00,-1.00,0.1189,3.3,2.82,7.58,-28.97,1.27,27.01,-0.41,-10.00
33,7,-1.00,-1.00,-1.00,-1.00,0.1175,2.3,2.48,6.31,26.72,1.49,33.21,1.02,-10.00
34,7,-1.00,-1.00,-1.00,-1.00,0.3514,2.1,2.28,5.96,5.53,0.67,-41.96,-2.49,-10.00
34,7,-1.00,-1.00,-1.00,-1.00,0.3241,3.6,2.90,7.50,41.14,0.55,-26.70,2.56,-10.00
34,7,-1.00,-1.00,-1.00,-1.00,0.1634,2.2,2.29,6.19,32.09,0.90,35.06,1.03,-10.00
34,7,-1.00,-1.00,-1.00,-1.00,0.1432,2.5,2.30,6.06,28.19,1.28,25.69,-0.53,-10.00
34,7,-1.00,-1.00,-1.00,-1.00,0.1297,2.7,2.50,6.41,29.48,0.85,34.67,1.08,-10.00
34,7,-1.00,-1.00,-1.00,-1.00,0.1285,2.0,2.23,5.77,6.12,0.55,-43.78,0.27,-10.00
34,7,-1.00,-1.00,-1.00,-1.00,0.1282,2.0,2.41,5.87,-22.99,1.99,-15.82,1.73,-10.00
34,7,-1.00,-1.00,-1.00,-1.00,0.1118,3.4,2.72,7.36,35.27,0.55,-35.17,-0.08,-10.00
34,7,-1.00,-1.00,-1.00,-1.00,0.1103,2.1,2.23,5.83,35.78,0.83,21.54,2.60,-10.00
34,7,-1.00,-1.00,-1.00,-1.00,0.1007,2.9,3.03,12.47,1.34,1.12,-10.40,-1.47,-10.00
35,7,-1.00,-1.00,-1.00,-1.00,0.4851,3.3,2.82,7.40,40.95,0.44,-26.89,2.55,-10.00
35,7,-1.00,-1.00,-1.00,-1.00,0.2238,2.1,2.19,5.69,5.98,0.77,-42.12,-2.23,-10.00
35,7,-1.00,-1.00,-1.00,-1.00,0.1484,2.0,2.21,5.74,8.93,0.80,-50.39,-1.20,-10.00
35,7,-1.00,-1.00,-1.00,-1.00,0.1292,3.0,2.54,6.55,29.62,1.29,26.35,2.49,-10.00
35,7,-1.00,-1.00,-1.00,-1.00,0.1273,2.7,2.54,7.34,29.54,1.03,34.48,1.11,-10.00
35,7,-1.00,-1.00,-1.00,-1.00,0.1265,2.1,2.16,5.58,35.94,1.19,21.51,2.66,-10.00
35,7,-1.00,-1.00,-1.00,-1.00,0.1143,3.0,2.67,7.14,30.14,0.10,-36.51,-2.10,-10.00
35,7,-1.00,-1.00,-1.00,-1.00,0.1024,3.7,2.97,8.36,35.88,-0.07,-17.43,-0.67,-10.00
36,7,-1.00,-1.00,-1.00,-1.00,0.6743,3.5,2.83,7.46,41.10,0.36,-26.98,2.58,-10.00
36,7,-1.00,-1.00,-1.00,-1.00,0.2191,2.0,2.17,5.80,5.18,0.67,-43.47,-2.88,-10.00
36,7,-1.00,-1.00,-1.00,-1.00,0.1947,2.0,2.11,5.70,5.56,0.80,-41.67,-2.59,-10.00
36,7,-1.00,-1.00,-1.00,-1.00,0.1717,2.1,2.14,5.72,27.93,1.25,25.69,-0.60,-10.00
36,7,-1.00,-1.00,-1.00,-1.00,0.1663,3.2,2.57,6.86,42.24,0.56,-29.92,2.46,-10.00
36,7,-1.00,-1.00,-1.00,-1.00,0.1512,2.4,2.46,6.81,29.45,1.09,34.26,1.10,-10.00
36,7,-1.00,-1.00,-1.00,-1.00,0.1431,2.1,2.29,5.75,9.36,1.05,-50.40,1.71,-10.00
36,7,-1.00,-1.00,-1.00,-1.00,0.1083,2.6,2.28,5.86,37.62,-0.37,-33.68,2.78,-10.00
37,7,-1.00,-1.00,-1.00,-1.00,0.6732,3.5,2.87,7.76,41.24,0.19,-27.24,2.58,-10.00
37,7,-1.00,-1.00,-1.00,-1.00,0.5540,2.1,2.30,5.97,5.46,0.67,-41.86,-2.49,-10.00
37,7,-1.00,-1.00,-1.00,-1.00,0.1307,2.5,2.49,7.03,29.42,1.49,34.18,1.00,-10.00
37,7,-1.00,-1.00,-1.00,-1.00,0.1281,2.0,2.16,5.65,16.52,0.59,-44.87,-2.02,-10.00
37,7,-1.00,-1.00,-1.00,-1.00,0.1272,2.5,2.51,6.50,35.96,1.42,22.03,1.16,-10.00
37,7,-1.00,-1.00,-1.00,-1.00,0.1235,1.9,2.24,5.78,-28.59,1.59,-44.85,2.05,-10.00
37,7,-1.00,-1.00,-1.00,-1.00,0.1197,2.1,2.17,5.41,34.27,1.58,23.79,2.45,-10.00
37,7,-1.00,-1.00,-1.00,-1.00,0.1157,2.3,2.21,5.56,-44.02,1.14,25.21,0.33,-10.00
37,7,-1.00,-1.00,-1.00,-1.00,0.1082,3.4,2.74,7.20,44.45,1.47,30.45,1.15,-10.00
37,7,-1.00,-1.00,-1.00,-1.00,0.1074,1.9,2.11,5.26,36.38,0.94,35.52,2.47,-10.00
37,7,-1.00,-1.00,-1.00,-1.00,0.1037,3.7,2.95,8.92,36.09,0.29,-22.15,0.93,-10.00
38,7,-1.00,-1.00,-1.00,-1.00,0.5773,3.6,2.84,8.00,40.91,0.52,-28.38,2.63,-10.00
38,7,-1.00,-1.00,-1.00,-1.00,0.2064,2.0,2.11,5.69,5.74,0.65,-42.40,-2.22,-10.00
38,7,-1.00,-1.00,-1.00,-1.00,0.1435,2.3,2.41,6.27,34.52,1.29,35.76,0.95,-10.00
38,7,-1.00,-1.00,-1.00,-1.00,0.1365,2.2,2.45,6.25,30.11,1.60,31.89,1.04,-10.00
38,7,-1.00,-1.00,-1.00,-1.00,0.1307,2.1,2.21,5.91,-7.70,1.07,-33.65,-1.78,-10.00
38,7,-1.00,-1.00,-1.00,-1.00,0.1267,2.0,2.19,5.70,-27.17,1.45,-10.18,1.22,-10.00
38,7,-1.00,-1.00,-1.00,-1.00,0.1251,2.4,2.36,6.28,32.57,1.34,34.24,0.89,-10.00
38,7,-1.00,-1.00,-1.00,-1.00,0.1211,2.1,2.19,5.99,4.72,0.62,-43.95,-2.23,-10.00
38,7,-1.00,-1.00,-1.00,-1.00,0.1175,2.3,2.41,6.11,34.98,1.03,31.28,-2.46,-10.00
38,7,-1.00,-1.00,-1.00,-1.00,0.1061,2.0,2.15,5.62,37.32,0.96,35.13,2.55,-10.00
38,7,-1.00,-1.00,-1.00,-1.00,0.1051,1.9,2.14,5.20,6.72,0.98,-47.52,0.70,-10.00
38,7,1237.93,442.09,1407.80,522.16,0.1034,3.0,2.63,6.32,19.71,2.04,49.74,-0.46,-10.00
38,7,-1.00,-1.00,-1.00,-1.00,0.1003,3.5,2.73,7.03,34.04,0.66,-22.40,-0.40,-10.00
39,7,-1.00,-1.00,-1.00,-1.00,0.6656,3.6,2.82,7.98,41.29,0.02,-29.12,2.59,-10.00
39,7,-1.00,-1.00,-1.00,-1.00,0.2546,2.0,2.02,5.48,5.79,0.57,-43.68,-2.28,-10.00
39,7,-1.00,-1.00,-1.00,-1.00,0.1677,3.4,2.80,7.63,-12.69,0.65,-49.43,1.71,-10.00
39,7,-1.00,-1.00,-1.00,-1.00,0.1548,2.2,2.25,6.28,31.98,0.99,33.18,0.96,-10.00
39,7,-1.00,-1.00,-1.00,-1.00,0.1468,2.3,2.35,6.21,34.46,0.86,34.83,0.91,-10.00
39,7,-1.00,-1.00,-1.00,-1.00,0.1403,2.6,2.48,6.72,29.87,1.35,32.30,1.07,-10.00
39,7,-1.00,-1.00,-1.00,-1.00,0.1328,2.0,2.11,5.38,8.94,0.38,-46.36,-2.43,-10.00
39,7,-1.00,-1.00,-1.00,-1.00,0.1197,2.1,2.12,5.79,-7.75,0.90,-34.69,-1.68,-10.00
39,7,-1.00,-1.00,-1.00,-1.00,0.1188,3.4,2.88,7.93,38.44,0.21,-23.65,-2.19,-10.00
39,7,-1.00,-1.00,-1.00,-1.00,0.1134,2.3,2.43,7.16,-30.28,1.74,-6.21,-1.89,-10.00
39,7,-1.00,-1.00,-1.00,-1.00,0.1121,2.0,2.35,5.90,6.60,0.89,-48.17,-2.32,-10.00
39,7,-1.00,-1.00,-1.00,-1.00,0.1063,2.0,2.24,5.50,33.48,1.05,20.10,-2.20,-10.00
39,7,-1.00,-1.00,-1.00,-1.00,0.1053,3.0,2.64,6.97,48.40,-0.76,-51.22,-2.62,-10.00
39,7,-1.00,-1.00,-1.00,-1.00,0.1012,2.6,2.50,6.42,38.98,0.46,-34.28,-2.16,-10.00
