0,7,-1.00,-1.00,-1.00,-1.00,0.3951,2.0,2.23,5.79,-10.59,1.44,-37.12,1.54,-10.00
0,7,-1.00,-1.00,-1.00,-1.00,0.1812,2.1,2.19,5.31,23.08,0.99,13.80,-3.13,-10.00
0,7,1113.61,393.27,1241.29,508.59,0.1749,3.6,2.61,7.79,12.55,1.30,45.55,-1.54,-10.00
0,7,-1.00,-1.00,-1.00,-1.00,0.1729,3.8,3.04,9.33,38.55,1.27,33.92,-3.11,-10.00
0,7,-1.00,-1.00,-1.00,-1.00,0.1578,3.2,2.49,7.15,14.20,1.81,14.46,0.02,-10.00
0,7,0.00,466.83,250.54,606.27,0.1557,1.9,2.08,5.61,-11.48,2.01,19.96,1.55,-10.00
0,7,1116.73,410.07,1337.25,512.36,0.1325,3.2,2.46,6.62,13.41,1.37,42.36,0.05,-10.00
0,7,1580.59,388.08,1600.00,519.65,0.1303,3.5,2.75,7.20,25.57,1.36,35.38,-0.18,-10.00
0,7,-1.00,-1.00,-1.00,-1.00,0.1092,2.6,2.54,5.34,26.08,1.74,27.74,0.01,-10.00
0,7,911.71,464.55,1004.61,529.22,0.1091,2.0,2.24,5.38,4.40,1.99,42.82,-1.64,-10.00
0,7,-1.00,-1.00,-1.00,-1.00,0.1078,2.2,2.35,5.76,-2.94,1.60,-39.90,-1.59,-10.00
0,7,-1.00,-1.00,-1.00,-1.00,0.1035,2.0,2.25,5.88,-8.70,1.90,-41.82,-1.56,-10.00
1,7,-1.00,-1.00,-1.00,-1.00,0.3687,1.9,2.12,5.52,4.10,0.64,-39.37,-1.56,-10.00
1,7,292.98,472.76,489.93,539.11,0.1994,2.1,2.28,5.82,-14.56,2.30,42.13,0.11,-10.00
1,7,1122.45,392.46,1282.90,516.41,0.1522,3.5,2.77,9.39,12.16,1.44,41.54,-1.53,-10.00
1,7,-1.00,-1.00,-1.00,-1.00,0.1464,1.9,2.06,5.29,16.24,1.27,21.01,-0.10,-10.00
1,7,-1.00,-1.00,-1.00,-1.00,0.1442,1.9,2.02,5.07,22.87,1.20,9.96,3.11,-10.00
1,7,-1.00,-1.00,-1.00,-1.00,0.1332,2.1,2.39,5.76,25.08,0.46,-25.13,1.56,-10.00
1,7,908.39,457.37,1011.35,535.66,0.1320,1.9,2.06,5.84,3.42,1.73,33.28,-1.58,-10.00
1,7,-1.00,-1.00,-1.00,-1.00,0.1230,3.4,2.75,7.25,-38.23,2.58,39.86,1.59,-10.00
1,7,-1.00,-1.00,-1.00,-1.00,0.1207,4.3,3.40,11.52,-50.58,3.13,-7.48,1.52,-10.00
1,7,-1.00,-1.00,-1.00,-1.00,0.1182,1.9,2.11,5.77,4.22,1.09,-46.50,-1.54,-10.00
1,7,-1.00,-1.00,-1.00,-1.00,0.1096,2.0,2.25,5.63,23.23,0.72,-22.78,-3.14,-10.00
1,7,-1.00,-1.00,-1.00,-1.00,0.1042,3.6,2.70,6.78,15.58,0.68,-49.54,0.03,-10.00
1,7,1401.65,325.55,1600.00,519.83,0.1040,3.5,2.61,8.10,15.99,0.92,24.55,0.04,-10.00
1,7,-1.00,-1.00,-1.00,-1.00,0.1002,3.9,2.95,9.83,28.93,0.88,32.41,0.00,-10.00
2,7,-1.00,-1.00,-1.00,-1.00,0.3497,1.9,2.17,5.80,4.22,1.26,-43.32,-1.62,-10.00
2,7,335.27,474.08,466.67,541.54,0.2471,2.0,2.16,5.62,-13.26,2.24,39.46,1.58,-10.00
2,7,-1.00,-1.00,-1.00,-1.00,0.1769,2.0,2.08,5.23,15.95,1.19,17.20,-0.12,-10.00
2,7,-1.00,-1.00,-1.00,-1.00,0.1741,1.9,2.21,5.59,4.22,1.30,-50.65,-1.60,-10.00
2,7,1116.05,359.86,1325.34,513.16,0.1719,3.8,2.87,9.36,11.46,1.19,37.67,-1.62,-10.00
2,7,-1.00,-1.00,-1.00,-1.00,0.1525,3.6,3.03,8.01,25.12,0.36,-28.51,1.70,-10.00
2,7,1164.86,382.11,1489.23,512.11,0.1168,3.4,2.78,7.84,13.76,1.11,34.96,0.02,-10.00
2,7,-1.00,-1.00,-1.00,-1.00,0.1100,1.9,2.21,5.59,33.85,0.33,4.68,1.54,-10.00
2,7,-1.00,-1.00,-1.00,-1.00,0.1099,3.6,2.85,7.46,-38.67,2.24,36.00,1.49,-10.00
2,7,-1.00,-1.00,-1.00,-1.00,0.1027,1.9,2.07,5.40,8.45,0.89,-51.69,0.01,-10.00
3,7,278.68,474.80,419.20,548.66,0.3041,1.9,2.08,5.43,-13.43,2.21,35.64,1.53,-10.00
3,7,-1.00,-1.00,-1.00,-1.00,0.2069,2.0,2.13,5.81,4.44,1.30,-46.99,-1.66,-10.00
3,7,-1.00,-1.00,-1.00,-1.00,0.1739,2.0,2.25,5.58,-10.50,1.94,-48.64,1.56,-10.00
3,7,-1.00,-1.00,-1.00,-1.00,0.1426,1.9,2.03,5.40,15.58,1.21,13.75,-0.19,-10.00
3,7,876.45,448.94,948.63,509.03,0.1353,2.0,2.12,5.39,3.12,1.38,46.58,-1.60,-10.00
3,7,878.43,454.42,967.53,524.33,0.1324,2.0,2.15,5.51,2.95,1.68,39.60,-1.61,-10.00
3,7,-1.00,-1.00,-1.00,-1.00,0.1323,2.1,2.18,6.12,24.60,1.02,-27.76,1.46,-10.00
3,7,126.47,480.21,364.45,556.84,0.1237,2.0,2.15,5.38,-15.50,2.29,33.71,-0.12,-10.00
3,7,1125.13,353.89,1367.51,521.75,0.1169,3.9,3.12,10.56,11.36,1.38,35.46,-1.58,-10.00
3,7,1183.21,371.18,1551.85,522.03,0.1140,3.5,2.89,7.88,13.33,1.25,31.41,0.01,-10.00
3,7,-1.00,-1.00,-1.00,-1.00,0.1122,1.9,2.18,5.57,-2.80,1.88,-48.59,-1.57,-10.00
3,7,-1.00,-1.00,-1.00,-1.00,0.1092,2.0,2.24,5.74,23.00,0.92,-30.02,3.09,-10.00
4,7,-1.00,-1.00,-1.00,-1.00,0.2064,2.1,2.27,5.91,4.06,1.43,-50.82,-1.59,-10.00
4,7,224.94,469.85,391.26,549.43,0.1851,1.9,2.04,5.36,-13.21,2.02,32.36,1.57,-10.00
4,7,347.51,474.29,471.40,537.37,0.1743,1.9,2.16,5.67,-13.76,2.23,41.74,1.58,-10.00
4,7,0.00,472.04,8.45,561.90,0.1410,1.9,2.09,5.36,-21.99,2.05,28.52,0.03,-10.00
4,7,-1.00,-1.00,-1.00,-1.00,0.1381,2.0,2.19,6.04,6.35,1.45,-22.63,-1.59,-10.00
4,7,-1.00,-1.00,-1.00,-1.00,0.1004,1.9,2.09,5.22,15.97,1.04,10.02,-0.19,-10.00
5,7,1178.94,431.64,1424.91,512.70,0.2016,2.0,2.14,5.55,12.29,1.07,32.69,0.00,-10.00
5,7,-1.00,-1.00,-1.00,-1.00,0.1560,2.1,2.25,6.28,5.99,1.75,-25.56,-1.55,-10.00
5,7,0.00,431.63,201.14,534.14,0.1488,3.3,2.62,6.17,-25.14,2.19,43.37,-2.80,-10.00
5,7,164.29,470.29,357.77,557.84,0.1282,1.8,2.05,5.39,-12.95,1.99,29.15,1.57,-10.00
5,7,-1.00,-1.00,-1.00,-1.00,0.1165,2.1,2.29,5.65,23.91,0.06,-14.80,1.54,-10.00
5,7,-1.00,-1.00,-1.00,-1.00,0.1083,2.0,2.20,5.86,5.70,1.27,-51.30,-1.56,-10.00
6,7,80.65,467.11,332.79,574.42,0.4570,1.9,2.20,6.00,-12.54,2.07,25.96,1.58,-10.00
6,7,3.71,419.69,281.04,540.12,0.1586,3.5,2.85,8.37,-21.78,2.25,40.64,1.83,-10.00
6,7,-1.00,-1.00,-1.00,-1.00,0.1286,3.1,2.60,6.33,-45.13,0.10,-9.20,-1.35,-10.00
6,7,193.03,469.72,355.62,547.01,0.1241,2.0,2.08,5.62,-15.21,2.12,34.93,1.56,-10.00
6,7,-1.00,-1.00,-1.00,-1.00,0.1158,1.9,2.15,5.68,4.84,1.07,-48.32,-1.53,-10.00
6,7,-1.00,-1.00,-1.00,-1.00,0.1079,1.9,2.13,5.35,23.63,0.64,-43.09,-1.57,-10.00
7,7,-1.00,-1.00,-1.00,-1.00,0.1779,2.0,2.22,5.51,23.19,0.87,-33.92,1.60,-10.00
7,7,-1.00,-1.00,-1.00,-1.00,0.1640,2.0,2.15,5.76,5.66,1.08,-32.88,1.57,-10.00
7,7,-1.00,-1.00,-1.00,-1.00,0.1378,2.1,2.12,5.64,-22.48,2.12,26.38,-3.10,-10.00
7,7,95.92,462.10,298.02,526.90,0.1118,2.2,2.45,5.98,-22.49,2.01,45.01,3.01,-10.00
7,7,-1.00,-1.00,-1.00,-1.00,0.1083,2.4,2.50,6.22,22.39,-1.20,-23.05,-1.56,-10.00
7,7,-1.00,-1.00,-1.00,-1.00,0.1062,2.2,2.33,5.86,48.62,0.12,11.00,3.10,-10.00
8,7,-1.00,-1.00,-1.00,-1.00,0.1914,2.0,2.21,5.77,4.51,1.04,-36.14,-1.59,-10.00
8,7,-1.00,-1.00,-1.00,-1.00,0.1468,1.9,2.10,5.39,-32.59,2.52,14.29,-3.13,-10.00
8,7,991.90,447.22,1114.68,538.72,0.1199,2.0,2.17,5.68,5.30,1.64,30.10,-1.52,-10.00
8,7,1365.23,433.32,1550.47,521.24,0.1129,1.9,2.08,5.52,15.76,1.25,31.69,1.62,-10.00
8,7,346.99,452.11,558.25,525.64,0.1128,2.5,2.48,6.82,-13.01,1.92,44.09,3.00,-10.00
8,7,-1.00,-1.00,-1.00,-1.00,0.1002,2.0,2.21,5.78,-43.52,2.50,18.19,1.51,-10.00
9,7,1022.39,437.79,1153.93,541.02,0.2183,1.9,2.15,5.89,5.39,1.49,26.57,-1.46,-10.00
9,7,-1.00,-1.00,-1.00,-1.00,0.1801,2.1,2.33,5.86,26.09,0.65,27.47,-1.58,-10.00
9,7,1326.48,420.84,1600.00,649.77,0.1534,2.0,2.19,5.72,7.74,1.71,13.78,1.58,-10.00
9,7,1449.41,424.74,1600.00,520.57,0.1216,1.9,2.05,5.30,16.13,1.09,28.24,-1.45,-10.00
9,7,-1.00,-1.00,-1.00,-1.00,0.1139,1.9,2.06,5.29,15.70,0.97,-7.44,-0.17,-10.00
9,7,449.29,474.38,573.91,534.82,0.1066,1.9,2.15,5.55,-10.62,2.20,42.77,1.72,-10.00
9,7,-1.00,-1.00,-1.00,-1.00,0.1058,1.9,2.14,5.21,-36.14,2.57,5.72,0.06,-10.00
9,7,0.00,406.21,102.66,557.68,0.1024,3.4,2.74,6.24,-21.49,2.12,30.84,0.29,-10.00
9,7,936.47,452.31,1012.64,508.02,0.1006,1.9,2.19,5.54,5.63,1.39,48.38,-1.58,-10.00
10,7,-1.00,-1.00,-1.00,-1.00,0.2940,2.0,2.15,5.48,-22.27,1.76,16.19,-3.10,-10.00
10,7,1516.29,427.73,1600.00,540.19,0.2418,2.0,2.14,5.64,16.07,1.38,24.89,1.69,-10.00
10,7,204.85,472.94,339.64,532.88,0.1756,2.0,2.19,5.51,-19.75,2.24,44.98,-1.53,-10.00
10,7,967.44,468.75,1065.57,543.21,0.1376,2.0,2.16,5.66,5.39,2.10,36.31,-1.53,-10.00
10,7,-1.00,-1.00,-1.00,-1.00,0.1215,1.9,2.08,5.22,15.74,0.86,-10.87,3.00,-10.00
10,7,-1.00,-1.00,-1.00,-1.00,0.1195,1.8,2.00,5.35,4.47,1.16,-42.85,1.57,-10.00
10,7,704.77,451.33,772.17,511.34,0.1162,2.0,2.16,5.62,-3.20,1.47,46.57,1.56,-10.00
10,7,-1.00,-1.00,-1.00,-1.00,0.1120,1.9,2.11,5.52,17.94,1.30,15.94,1.63,-10.00
10,7,-1.00,-1.00,-1.00,-1.00,0.1113,2.0,2.15,5.57,28.03,0.42,23.21,-3.03,-10.00
11,7,218.68,462.36,377.42,538.12,0.1477,1.9,2.05,5.49,-14.50,1.88,34.78,1.57,-10.00
11,7,1180.95,422.04,1339.37,548.85,0.1270,2.0,2.19,5.92,7.64,1.39,22.67,-1.32,-10.00
11,7,-1.00,-1.00,-1.00,-1.00,0.1178,1.9,2.27,5.53,-29.08,2.34,-9.77,-1.57,-10.00
11,7,-1.00,-1.00,-1.00,-1.00,0.1126,1.8,2.11,5.33,-36.91,2.49,-2.22,0.02,-10.00
11,7,954.67,457.18,1043.32,530.31,0.1023,1.9,1.99,5.27,4.84,1.70,35.88,1.61,-10.00
12,7,0.00,428.27,43.69,558.84,0.4122,2.8,2.56,5.78,-21.62,2.03,29.55,-1.56,-10.00
12,7,-1.00,-1.00,-1.00,-1.00,0.2434,1.9,2.16,5.40,14.89,1.49,18.94,-1.56,-10.00
12,7,236.20,483.96,407.49,573.33,0.2421,2.0,2.27,6.16,-12.60,2.53,31.81,1.49,-10.00
12,7,-1.00,-1.00,-1.00,-1.00,0.2132,1.9,2.20,5.77,5.66,1.18,-41.04,-1.60,-10.00
12,7,-1.00,-1.00,-1.00,-1.00,0.1869,2.0,2.20,5.94,3.68,1.22,-40.50,-1.65,-10.00
12,7,-1.00,-1.00,-1.00,-1.00,0.1349,2.6,2.77,6.03,43.50,0.07,18.61,-1.99,-10.00
12,7,419.32,351.42,661.97,575.10,0.1259,2.4,2.21,5.52,-3.46,1.28,16.38,1.51,-10.00
12,7,-1.00,-1.00,-1.00,-1.00,0.1248,3.6,3.26,8.89,-47.69,3.52,36.00,0.00,-10.00
13,7,121.68,473.48,344.55,573.02,0.4063,2.0,2.12,5.85,-13.12,2.23,28.25,1.59,-10.00
13,7,-1.00,-1.00,-1.00,-1.00,0.2331,2.0,2.14,5.29,-22.02,1.95,25.32,-1.60,-10.00
13,7,-1.00,-1.00,-1.00,-1.00,0.1876,3.4,3.05,7.92,-46.82,2.96,31.11,-3.12,-10.00
13,7,-1.00,-1.00,-1.00,-1.00,0.1718,1.9,2.13,5.15,14.55,1.10,14.79,-1.59,-10.00
13,7,-1.00,-1.00,-1.00,-1.00,0.1694,2.4,2.40,6.35,15.89,0.62,-14.71,0.10,-10.00
13,7,877.87,460.68,952.15,518.48,0.1589,1.9,2.17,5.56,3.22,1.75,46.74,-1.61,-10.00
13,7,-1.00,-1.00,-1.00,-1.00,0.1497,2.6,2.58,6.53,42.88,0.25,16.61,-1.97,-10.00
13,7,-1.00,-1.00,-1.00,-1.00,0.1261,2.0,2.23,5.47,38.47,-0.48,24.67,-3.10,-10.00
13,7,-1.00,-1.00,-1.00,-1.00,0.1255,2.0,2.27,6.02,20.85,1.06,-1.94,1.55,-10.00
13,7,-1.00,-1.00,-1.00,-1.00,0.1240,2.0,2.15,5.45,11.21,0.56,-31.06,-1.57,-10.00
13,7,-1.00,-1.00,-1.00,-1.00,0.1205,1.9,2.08,5.53,6.12,0.64,-44.11,-1.61,-10.00
13,7,898.56,460.75,1013.91,537.87,0.1185,1.9,2.13,5.61,3.41,1.84,34.23,-1.65,-10.00
13,7,-1.00,-1.00,-1.00,-1.00,0.1048,2.0,2.19,5.54,20.52,1.00,3.06,-1.63,-10.00
13,7,1259.08,433.27,1400.12,510.00,0.1025,1.9,2.08,5.42,14.02,1.06,35.31,-1.50,-10.00
13,7,-1.00,-1.00,-1.00,-1.00,0.1021,1.9,2.14,5.70,3.74,0.97,-43.77,-1.58,-10.00
14,7,1271.89,445.46,1459.31,506.56,0.2044,1.9,2.07,5.21,17.64,1.15,41.19,0.02,-10.00
14,7,-1.00,-1.00,-1.00,-1.00,0.1959,1.9,2.18,5.86,4.09,1.04,-47.66,-1.59,-10.00
14,7,866.55,463.96,949.91,529.86,0.1930,1.9,2.10,5.57,2.57,1.92,40.79,-1.61,-10.00
14,7,892.82,458.92,1014.09,547.08,0.1839,1.9,2.13,5.77,2.97,1.86,30.71,-1.61,-10.00
14,7,1311.04,423.74,1477.58,507.00,0.1275,2.0,2.26,5.76,16.17,0.98,36.11,1.60,-10.00
14,7,-1.00,-1.00,-1.00,-1.00,0.1012,1.9,2.08,5.08,-36.71,2.28,-14.73,0.02,-10.00
15,7,884.19,461.03,978.11,530.04,0.4022,2.0,2.12,5.84,3.17,1.85,39.35,-1.63,-10.00
15,7,-1.00,-1.00,-1.00,-1.00,0.1688,1.9,2.27,5.55,-44.41,2.25,-9.84,-1.60,-10.00
15,7,-1.00,-1.00,-1.00,-1.00,0.1678,1.9,2.19,5.39,-31.89,2.57,-10.01,1.54,-10.00
15,7,-1.00,-1.00,-1.00,-1.00,0.1569,1.9,2.16,5.64,-20.86,2.11,-7.86,-1.58,-10.00
15,7,1315.44,442.60,1529.75,509.33,0.1558,1.9,2.09,5.37,17.72,1.13,37.44,3.10,-10.00
15,7,-1.00,-1.00,-1.00,-1.00,0.1457,1.9,2.25,5.47,-44.39,2.18,-13.62,1.56,-10.00
15,7,-1.00,-1.00,-1.00,-1.00,0.1265,1.8,2.14,5.29,-36.53,2.08,-25.39,0.52,-10.00
15,7,-1.00,-1.00,-1.00,-1.00,0.1258,2.1,2.16,5.63,3.66,0.93,-51.88,-1.61,-10.00
15,7,-1.00,-1.00,-1.00,-1.00,0.1097,2.0,2.22,5.50,-22.09,1.88,17.08,-1.58,-10.00
15,7,-1.00,-1.00,-1.00,-1.00,0.1090,1.8,2.12,5.34,16.76,0.89,5.30,-1.51,-10.00
15,7,-1.00,-1.00,-1.00,-1.00,0.1069,2.0,2.21,5.60,-25.40,1.75,-7.75,-1.57,-10.00
16,7,913.79,449.46,1008.73,527.45,0.6440,1.9,2.10,5.82,3.66,1.57,35.08,-1.55,-10.00
16,7,938.19,449.86,1067.82,540.93,0.3498,1.8,2.01,5.40,3.78,1.56,27.81,-1.59,-10.00
16,7,-1.00,-1.00,-1.00,-1.00,0.2725,2.0,2.24,5.88,-12.43,1.71,-38.44,1.55,-10.00
16,7,1358.30,423.77,1531.46,503.24,0.2013,1.9,2.06,5.33,16.85,0.83,34.53,-1.57,-10.00
16,7,-1.00,-1.00,-1.00,-1.00,0.1607,2.1,2.29,5.52,-22.32,1.86,22.17,-1.59,-10.00
16,7,-1.00,-1.00,-1.00,-1.00,0.1427,2.0,2.20,5.78,20.76,0.89,-15.35,-1.55,-10.00
16,7,-1.00,-1.00,-1.00,-1.00,0.1289,2.3,2.15,5.23,11.16,-0.13,-44.83,3.13,-10.00
16,7,-1.00,-1.00,-1.00,-1.00,0.1181,1.9,2.20,5.28,46.85,-1.65,-27.35,-3.14,-10.00
16,7,-1.00,-1.00,-1.00,-1.00,0.1140,1.9,2.23,5.71,-29.02,2.94,18.42,-1.53,-10.00
16,7,1246.00,441.82,1411.85,497.05,0.1132,1.8,2.04,5.13,18.12,0.92,45.37,0.03,-10.00
16,7,1418.17,427.18,1600.00,506.37,0.1122,1.9,2.15,5.33,18.59,0.89,32.58,0.04,-10.00
16,7,-1.00,-1.00,-1.00,-1.00,0.1040,2.2,2.29,5.92,33.68,0.51,-10.62,-1.35,-10.00
16,7,-1.00,-1.00,-1.00,-1.00,0.1020,2.0,2.20,5.67,33.62,0.65,15.26,1.68,-10.00
16,7,-1.00,-1.00,-1.00,-1.00,0.1020,4.0,3.05,10.20,-51.05,1.97,20.15,0.05,-10.00
16,7,-1.00,-1.00,-1.00,-1.00,0.1000,1.8,2.12,5.33,-37.99,2.63,-17.77,1.55,-10.00
17,7,946.49,457.25,1062.53,546.98,0.7813,2.0,2.15,5.93,4.29,1.88,31.17,-1.55,-10.00
17,7,914.74,462.42,988.56,523.50,0.3315,1.9,2.15,5.39,4.24,1.81,43.26,-1.54,-10.00
17,7,-1.00,-1.00,-1.00,-1.00,0.2044,2.1,2.28,5.82,33.94,0.65,11.64,1.66,-10.00
17,7,-1.00,-1.00,-1.00,-1.00,0.1991,1.9,2.16,5.31,-15.79,1.72,-3.81,-1.55,-10.00
17,7,1485.58,427.66,1600.00,515.61,0.1879,1.9,2.08,5.14,18.44,1.01,29.04,0.06,-10.00
17,7,-1.00,-1.00,-1.00,-1.00,0.1868,1.8,2.07,5.55,17.20,0.97,12.58,-1.48,-10.00
17,7,982.22,447.65,1148.01,559.27,0.1850,1.8,2.10,5.85,4.31,1.63,23.68,-1.55,-10.00
17,7,1299.14,444.23,1421.28,507.13,0.1316,1.9,2.06,5.58,18.26,1.20,43.19,1.63,-10.00
17,7,-1.00,-1.00,-1.00,-1.00,0.1306,2.1,2.19,5.66,20.30,0.68,-17.70,-1.58,-10.00
17,7,-1.00,-1.00,-1.00,-1.00,0.1270,1.9,2.23,5.65,-13.08,1.35,-42.01,1.60,-10.00
17,7,-1.00,-1.00,-1.00,-1.00,0.1152,1.9,2.12,5.10,17.25,0.83,22.34,-1.40,-10.00
18,7,976.50,454.61,1112.95,552.95,0.6257,1.9,2.09,5.58,4.59,1.76,27.27,-1.55,-10.00
18,7,949.08,465.92,1027.21,534.25,0.3846,2.0,2.08,5.58,4.99,2.00,39.37,-1.50,-10.00
18,7,1340.83,438.30,1500.51,512.96,0.3841,2.0,2.16,5.73,18.40,1.28,39.20,1.56,-10.00
18,7,-1.00,-1.00,-1.00,-1.00,0.1805,2.0,2.28,5.62,31.87,0.02,-17.91,1.74,-10.00
18,7,1555.62,411.40,1600.00,520.98,0.1785,2.0,2.19,5.43,17.89,1.03,26.39,-1.49,-10.00
18,7,-1.00,-1.00,-1.00,-1.00,0.1642,4.3,3.38,12.60,-38.76,3.50,13.77,-3.10,-10.00
18,7,-1.00,-1.00,-1.00,-1.00,0.1394,1.9,2.15,5.47,-36.84,2.22,-15.03,-3.12,-10.00
18,7,-1.00,-1.00,-1.00,-1.00,0.1393,1.9,2.16,5.43,-33.83,4.42,34.87,-1.56,-10.00
18,7,1028.34,439.49,1232.67,573.84,0.1369,1.8,2.01,5.52,4.61,1.57,19.98,-1.55,-10.00
18,7,-1.00,-1.00,-1.00,-1.00,0.1319,1.9,2.24,5.82,-29.31,3.04,9.24,1.57,-10.00
18,7,-1.00,-1.00,-1.00,-1.00,0.1248,2.5,2.61,6.16,44.40,-0.66,2.10,0.07,-10.00
18,7,-1.00,-1.00,-1.00,-1.00,0.1031,2.0,2.27,6.05,19.99,0.54,-19.23,-1.50,-10.00
19,7,1007.23,436.29,1173.45,560.70,0.7418,2.1,2.11,5.70,4.80,1.66,23.73,-1.53,-10.00
19,7,966.14,435.96,1071.14,520.13,0.6316,2.1,2.30,6.01,5.40,1.39,36.06,-1.53,-10.00
19,7,-1.00,-1.00,-1.00,-1.00,0.5114,2.0,2.10,5.59,18.13,1.09,22.81,-1.49,-10.00
19,7,-1.00,-1.00,-1.00,-1.00,0.2260,1.9,2.14,5.43,17.66,1.06,15.66,-1.41,-10.00
19,7,-1.00,-1.00,-1.00,-1.00,0.2238,1.9,2.18,5.40,15.53,0.46,-26.01,-1.51,-10.00
19,7,1453.07,412.52,1600.00,494.84,0.1976,2.0,2.19,5.41,20.20,0.61,33.81,0.02,-10.00
19,7,-1.00,-1.00,-1.00,-1.00,0.1941,2.0,2.17,5.74,1.77,1.21,-38.10,-1.55,-10.00
19,7,-1.00,-1.00,-1.00,-1.00,0.1634,1.8,2.10,5.43,17.87,0.85,10.68,1.63,-10.00
19,7,-1.00,-1.00,-1.00,-1.00,0.1423,1.8,2.15,5.39,-14.52,1.94,-48.36,1.61,-10.00
19,7,-1.00,-1.00,-1.00,-1.00,0.1311,1.9,2.28,5.42,-33.69,3.31,31.31,-1.58,-10.00
19,7,-1.00,-1.00,-1.00,-1.00,0.1298,3.9,3.18,10.64,-37.92,2.07,10.58,-3.08,-10.00
19,7,-1.00,-1.00,-1.00,-1.00,0.1272,1.9,2.19,5.45,-34.52,2.88,-0.73,-1.58,-10.00
19,7,-1.00,-1.00,-1.00,-1.00,0.1207,1.8,2.05,5.08,-35.40,3.02,-2.98,-3.14,-10.00
19,7,-1.00,-1.00,-1.00,-1.00,0.1183,2.2,2.24,5.85,19.96,0.82,-19.15,-1.49,-10.00
19,7,-1.00,-1.00,-1.00,-1.00,0.1180,1.8,2.05,5.37,17.45,0.79,4.49,-1.47,-10.00
19,7,-1.00,-1.00,-1.00,-1.00,0.1169,1.9,2.19,5.66,-28.98,3.00,8.83,-1.58,-10.00
19,7,-1.00,-1.00,-1.00,-1.00,0.1156,1.9,2.24,5.72,-22.03,2.22,-18.48,-1.56,-10.00
19,7,-1.00,-1.00,-1.00,-1.00,0.1149,1.9,2.30,5.53,32.85,0.14,-13.83,-1.53,-10.00
19,7,-1.00,-1.00,-1.00,-1.00,0.1126,1.9,2.23,5.49,-33.08,2.70,-25.19,1.62,-10.00
19,7,-1.00,-1.00,-1.00,-1.00,0.1052,1.8,2.18,5.43,15.45,0.52,-32.40,-1.58,-10.00
19,7,-1.00,-1.00,-1.00,-1.00,0.1026,1.8,2.03,5.13,-24.78,2.08,-15.75,-1.58,-10.00
20,7,1038.16,428.61,1261.54,579.13,0.6402,2.1,2.17,5.85,4.94,1.65,20.18,-1.55,-10.00
20,7,-1.00,-1.00,-1.00,-1.00,0.5430,2.0,2.19,5.82,18.06,1.27,19.43,-1.53,-10.00
20,7,1483.15,418.31,1600.00,517.13,0.3468,2.2,2.23,5.37,18.84,1.13,31.43,1.66,-10.00
20,7,-1.00,-1.00,-1.00,-1.00,0.2503,2.0,2.18,5.54,17.58,1.26,11.95,-1.43,-10.00
20,7,-1.00,-1.00,-1.00,-1.00,0.2163,1.9,2.15,5.56,17.37,0.91,1.42,1.63,-10.00
20,7,-1.00,-1.00,-1.00,-1.00,0.1970,2.4,2.64,6.97,-22.10,2.00,-1.78,1.62,-10.00
20,7,-1.00,-1.00,-1.00,-1.00,0.1949,1.8,2.12,5.29,15.40,0.59,-29.60,-1.55,-10.00
20,7,-1.00,-1.00,-1.00,-1.00,0.1824,2.0,2.27,5.46,32.56,0.25,-16.91,1.69,-10.00
20,7,-1.00,-1.00,-1.00,-1.00,0.1670,1.8,2.19,5.43,-28.89,2.62,4.76,-1.54,-10.00
20,7,-1.00,-1.00,-1.00,-1.00,0.1549,4.2,3.28,13.01,-39.11,2.41,7.42,-3.12,-10.00
20,7,-1.00,-1.00,-1.00,-1.00,0.1517,1.9,2.23,5.61,-35.04,2.97,-7.73,-1.55,-10.00
20,7,-1.00,-1.00,-1.00,-1.00,0.1454,2.0,2.16,5.27,-37.57,2.06,-46.07,0.87,-10.00
20,7,-1.00,-1.00,-1.00,-1.00,0.1432,1.9,2.01,5.12,19.92,0.89,20.19,0.03,-10.00
20,7,-1.00,-1.00,-1.00,-1.00,0.1423,1.9,2.10,5.57,1.98,1.19,-35.25,-1.64,-10.00
20,7,-1.00,-1.00,-1.00,-1.00,0.1391,1.9,2.23,5.50,-33.29,3.03,27.21,-1.58,-10.00
20,7,-1.00,-1.00,-1.00,-1.00,0.1390,2.8,2.30,6.07,18.71,0.45,-39.53,-1.70,-10.00
20,7,-1.00,-1.00,-1.00,-1.00,0.1356,2.0,2.35,5.63,-34.51,2.81,43.70,1.56,-10.00
20,7,-1.00,-1.00,-1.00,-1.00,0.1090,2.0,2.08,5.23,20.16,1.08,17.37,0.05,-10.00
21,7,1018.47,471.02,1139.84,573.97,0.7522,2.1,2.06,5.54,5.73,2.33,29.09,-1.49,-10.00
21,7,1081.40,429.69,1373.43,615.26,0.7261,2.0,2.15,5.91,4.96,1.73,16.61,-1.53,-10.00
21,7,1551.53,439.52,1600.00,537.88,0.5615,2.0,2.10,5.47,18.88,1.52,28.33,-1.49,-10.00
21,7,-1.00,-1.00,-1.00,-1.00,0.4106,1.9,2.11,5.35,-36.88,2.38,-9.69,0.06,-10.00
21,7,-1.00,-1.00,-1.00,-1.00,0.1995,2.1,2.14,5.28,18.15,1.09,15.66,-1.46,-10.00
21,7,-1.00,-1.00,-1.00,-1.00,0.1992,1.9,2.14,5.47,2.12,1.10,-32.24,-1.55,-10.00
21,7,-1.00,-1.00,-1.00,-1.00,0.1724,2.0,2.21,5.58,-14.76,1.20,-50.48,1.64,-10.00
21,7,-1.00,-1.00,-1.00,-1.00,0.1653,2.0,2.12,5.53,21.09,1.54,26.53,0.02,-10.00
21,7,-1.00,-1.00,-1.00,-1.00,0.1506,2.0,2.19,6.02,20.72,1.24,-2.59,-1.56,-10.00
21,7,970.48,483.10,1031.94,538.23,0.1469,1.9,2.07,5.56,6.50,2.55,47.11,-1.47,-10.00
21,7,-1.00,-1.00,-1.00,-1.00,0.1321,1.8,2.08,5.17,-23.70,1.40,-32.33,3.13,-10.00
21,7,-1.00,-1.00,-1.00,-1.00,0.1302,2.0,2.14,5.49,-27.62,2.15,21.48,-1.52,-10.00
21,7,-1.00,-1.00,-1.00,-1.00,0.1286,1.9,2.15,5.41,17.38,0.99,-2.70,-1.47,-10.00
21,7,-1.00,-1.00,-1.00,-1.00,0.1206,2.0,2.18,5.70,15.06,0.69,-33.24,-1.54,-10.00
21,7,-1.00,-1.00,-1.00,-1.00,0.1133,2.0,2.22,5.72,-33.99,2.38,40.93,1.29,-10.00
21,7,-1.00,-1.00,-1.00,-1.00,0.1127,1.9,2.11,5.71,1.84,1.07,-38.79,-1.48,-10.00
21,7,-1.00,-1.00,-1.00,-1.00,0.1110,1.9,2.10,5.46,17.59,0.85,3.38,-1.53,-10.00
21,7,-1.00,-1.00,-1.00,-1.00,0.1089,2.0,2.25,5.46,-45.81,1.83,-33.21,1.46,-10.00
21,7,32.76,489.71,183.85,545.64,0.1076,1.9,2.05,5.30,-26.30,2.76,46.14,1.68,-10.00
21,7,1119.51,444.96,1281.89,540.92,0.1054,2.1,2.19,5.64,8.77,1.68,29.98,-1.56,-10.00
21,7,-1.00,-1.00,-1.00,-1.00,0.1051,1.9,2.14,5.40,13.44,0.86,-24.68,1.57,-10.00
21,7,-1.00,-1.00,-1.00,-1.00,0.1034,1.9,2.21,6.07,19.86,0.73,-21.53,1.61,-10.00
21,7,-1.00,-1.00,-1.00,-1.00,0.1027,1.9,2.20,5.53,-23.77,1.87,-1.53,2.99,-10.00
21,7,-1.00,-1.00,-1.00,-1.00,0.1024,2.0,2.29,5.77,36.53,0.87,1.63,-1.58,-10.00
21,7,-1.00,-1.00,-1.00,-1.00,0.1018,2.0,2.22,5.53,33.14,0.80,-17.45,-1.43,-10.00
22,7,-1.00,-1.00,-1.00,-1.00,0.7940,1.9,2.19,5.89,18.79,1.44,24.85,-1.50,-10.00
22,7,1031.85,440.45,1189.90,567.50,0.7193,2.3,2.23,5.91,5.60,1.91,25.52,-1.50,-10.00
22,7,1134.55,402.71,1542.93,649.70,0.6356,2.0,2.13,5.82,4.85,1.61,13.07,-1.51,-10.00
22,7,-1.00,-1.00,-1.00,-1.00,0.5876,2.0,2.14,5.64,18.11,1.35,12.31,-1.48,-10.00
22,7,-1.00,-1.00,-1.00,-1.00,0.2694,1.9,2.11,5.53,2.07,1.31,-36.10,-1.53,-10.00
22,7,-1.00,-1.00,-1.00,-1.00,0.1629,1.9,2.22,5.41,-36.55,2.10,-15.33,0.01,-10.00
22,7,-1.00,-1.00,-1.00,-1.00,0.1573,2.1,2.19,5.84,18.95,0.74,-37.67,-1.47,-10.00
22,7,-1.00,-1.00,-1.00,-1.00,0.1546,2.0,2.10,5.54,22.11,0.63,-19.42,0.09,-10.00
22,7,-1.00,-1.00,-1.00,-1.00,0.1506,1.9,2.16,5.55,15.10,1.12,-36.18,-1.46,-10.00
22,7,-1.00,-1.00,-1.00,-1.00,0.1506,1.9,2.26,5.81,-32.83,2.58,26.76,1.61,-10.00
22,7,-1.00,-1.00,-1.00,-1.00,0.1336,2.0,2.26,5.54,-46.99,1.64,-42.82,-1.51,-10.00
22,7,528.44,476.40,626.88,530.26,0.1336,2.0,2.10,5.52,-9.72,2.35,49.46,1.71,-10.00
22,7,-1.00,-1.00,-1.00,-1.00,0.1193,2.0,2.22,5.57,34.10,1.07,-3.57,-1.50,-10.00
22,7,-1.00,-1.00,-1.00,-1.00,0.1180,1.9,2.12,5.37,-43.02,2.67,18.47,-1.50,-10.00
22,7,-1.00,-1.00,-1.00,-1.00,0.1154,1.9,2.25,5.71,-22.09,1.86,-35.46,1.65,-10.00
22,7,-1.00,-1.00,-1.00,-1.00,0.1115,1.8,2.10,5.53,15.69,1.22,-27.16,0.02,-10.00
22,7,-1.00,-1.00,-1.00,-1.00,0.1087,2.0,2.28,5.57,22.88,2.19,24.81,-1.57,-10.00
22,7,-1.00,-1.00,-1.00,-1.00,0.1086,2.0,2.29,5.65,13.46,1.11,-28.53,1.62,-10.00
22,7,-1.00,-1.00,-1.00,-1.00,0.1070,2.0,2.36,5.74,-23.69,1.93,-37.05,1.71,-10.00
22,7,-1.00,-1.00,-1.00,-1.00,0.1069,1.9,2.16,5.47,-37.88,2.76,24.06,-1.49,-10.00
22,7,-1.00,-1.00,-1.00,-1.00,0.1065,2.0,2.35,5.58,33.73,0.87,-10.06,1.58,-10.00
22,7,-1.00,-1.00,-1.00,-1.00,0.1040,1.9,2.29,5.62,-33.29,2.70,22.35,1.69,-10.00
22,7,-1.00,-1.00,-1.00,-1.00,0.1021,1.9,2.02,4.94,-50.87,1.31,-42.33,1.61,-10.00
22,7,-1.00,-1.00,-1.00,-1.00,0.1006,1.9,2.22,5.73,-39.76,1.99,8.73,1.59,-10.00
23,7,-1.00,-1.00,-1.00,-1.00,0.7494,2.1,2.25,5.87,18.45,1.55,21.37,-1.51,-10.00
23,7,1188.76,371.39,1600.00,780.79,0.7173,2.1,2.13,5.78,4.54,1.75,9.35,-1.54,-10.00
23,7,1032.99,430.95,1231.78,583.41,0.6572,2.3,2.19,5.85,5.09,1.86,21.84,-1.53,-10.00
23,7,-1.00,-1.00,-1.00,-1.00,0.6081,2.0,2.18,5.78,17.83,1.22,8.80,-1.55,-10.00
23,7,-1.00,-1.00,-1.00,-1.00,0.2667,2.4,2.24,5.81,19.01,0.79,-38.40,-1.56,-10.00
23,7,-1.00,-1.00,-1.00,-1.00,0.2587,2.0,2.25,5.88,33.87,1.08,-9.90,-1.54,-10.00
23,7,-1.00,-1.00,-1.00,-1.00,0.2047,1.9,2.13,5.58,-21.07,1.21,-47.34,-3.04,-10.00
23,7,-1.00,-1.00,-1.00,-1.00,0.1995,2.0,2.23,5.84,15.88,1.09,-40.52,-1.53,-10.00
23,7,-1.00,-1.00,-1.00,-1.00,0.1382,2.0,2.21,5.71,-33.95,2.35,15.00,1.60,-10.00
23,7,965.91,460.35,1043.07,519.85,0.1336,1.9,2.13,5.40,6.32,1.74,45.08,-1.54,-10.00
23,7,-1.00,-1.00,-1.00,-1.00,0.1256,1.9,2.18,5.31,-33.36,2.55,26.16,-3.08,-10.00
23,7,-1.00,-1.00,-1.00,-1.00,0.1229,1.9,2.17,5.64,16.60,1.03,-30.29,-3.14,-10.00
23,7,-1.00,-1.00,-1.00,-1.00,0.1204,1.9,2.16,5.71,-33.27,2.88,22.42,-1.52,-10.00
23,7,-1.00,-1.00,-1.00,-1.00,0.1204,1.9,2.07,5.20,19.66,1.41,19.05,0.03,-10.00
23,7,489.32,474.52,580.68,528.80,0.1158,1.8,2.09,5.55,-10.60,2.13,46.00,1.56,-10.00
23,7,-1.00,-1.00,-1.00,-1.00,0.1152,2.0,2.22,5.68,24.44,1.02,-26.07,1.53,-10.00
23,7,-1.00,-1.00,-1.00,-1.00,0.1075,1.9,2.04,5.49,2.69,1.39,-39.67,-1.56,-10.00
23,7,1226.35,381.64,1600.00,518.46,0.1060,4.1,2.93,12.07,19.62,1.50,40.89,-3.08,-10.00
23,7,-1.00,-1.00,-1.00,-1.00,0.1056,2.0,2.25,5.72,14.37,0.79,-31.91,1.57,-10.00
23,7,-1.00,-1.00,-1.00,-1.00,0.1055,2.0,2.13,5.21,-36.38,2.45,10.73,-0.01,-10.00
23,7,-1.00,-1.00,-1.00,-1.00,0.1008,1.9,2.15,5.52,-13.59,1.67,-35.10,1.59,-10.00
24,7,1336.01,188.57,1600.00,900.00,0.7804,2.0,2.07,5.70,4.44,1.51,5.54,-1.56,-10.00
24,7,1048.87,398.62,1306.15,595.34,0.6942,2.4,2.21,5.77,4.73,1.66,17.99,-1.54,-10.00
24,7,-1.00,-1.00,-1.00,-1.00,0.3349,2.1,2.16,5.57,18.04,1.25,17.76,-1.48,-10.00
24,7,-1.00,-1.00,-1.00,-1.00,0.3101,1.8,2.15,5.38,-13.00,1.75,-38.93,1.59,-10.00
24,7,-1.00,-1.00,-1.00,-1.00,0.2447,1.9,2.14,5.52,19.27,1.44,3.14,0.04,-10.00
24,7,-1.00,-1.00,-1.00,-1.00,0.2239,1.8,2.19,5.42,-36.61,2.26,-22.14,0.05,-10.00
24,7,-1.00,-1.00,-1.00,-1.00,0.2151,1.9,2.03,5.26,14.33,0.91,-26.53,-1.48,-10.00
24,7,-1.00,-1.00,-1.00,-1.00,0.2149,1.9,2.16,5.56,16.89,0.74,-43.85,-1.76,-10.00
24,7,-1.00,-1.00,-1.00,-1.00,0.2002,1.8,2.11,5.62,3.50,1.48,-28.96,-1.57,-10.00
24,7,-1.00,-1.00,-1.00,-1.00,0.1957,2.0,2.26,5.88,-39.96,2.21,-1.20,-1.56,-10.00
24,7,-1.00,-1.00,-1.00,-1.00,0.1822,1.9,2.17,5.63,-33.98,2.59,14.03,-1.55,-10.00
24,7,-1.00,-1.00,-1.00,-1.00,0.1762,2.2,2.22,5.89,26.24,0.69,-28.58,0.19,-10.00
24,7,-1.00,-1.00,-1.00,-1.00,0.1664,1.9,2.16,5.30,19.62,1.06,15.71,-0.01,-10.00
24,7,-1.00,-1.00,-1.00,-1.00,0.1479,2.0,2.24,5.53,-45.37,2.30,-2.52,-1.56,-10.00
24,7,-1.00,-1.00,-1.00,-1.00,0.1049,2.0,2.16,5.35,-32.80,2.20,-46.52,-1.51,-10.00
24,7,-1.00,-1.00,-1.00,-1.00,0.1014,2.0,2.34,5.87,34.45,1.13,-8.05,1.66,-10.00
25,7,1075.53,406.45,1447.70,652.68,0.7792,2.2,2.21,5.94,4.43,1.77,14.07,-1.54,-10.00
25,7,-1.00,-1.00,-1.00,-1.00,0.7263,2.0,2.13,5.85,4.26,1.43,1.63,-1.58,-10.00
25,7,-1.00,-1.00,-1.00,-1.00,0.2915,2.1,2.20,5.96,17.94,1.44,14.10,-1.50,-10.00
25,7,-1.00,-1.00,-1.00,-1.00,0.1896,2.7,2.33,6.11,19.81,0.84,-37.86,-1.58,-10.00
25,7,-1.00,-1.00,-1.00,-1.00,0.1707,2.6,2.47,6.40,6.60,0.95,-39.66,1.52,-10.00
25,7,944.29,461.63,1135.74,527.55,0.1437,1.9,2.02,5.34,6.31,1.69,37.47,3.13,-10.00
25,7,-1.00,-1.00,-1.00,-1.00,0.1349,1.8,2.16,5.30,-35.54,2.22,-26.77,-3.07,-10.00
25,7,-1.00,-1.00,-1.00,-1.00,0.1335,2.1,2.30,5.50,-19.60,1.72,-6.45,1.59,-10.00
25,7,-1.00,-1.00,-1.00,-1.00,0.1327,2.0,2.17,5.58,32.98,0.49,-43.83,-1.82,-10.00
25,7,-1.00,-1.00,-1.00,-1.00,0.1304,2.0,2.23,5.98,-33.81,2.41,14.04,1.68,-10.00
25,7,-1.00,-1.00,-1.00,-1.00,0.1287,1.9,2.03,5.35,3.39,0.80,-47.07,-1.59,-10.00
25,7,-1.00,-1.00,-1.00,-1.00,0.1178,1.8,2.15,5.47,-28.75,1.99,-17.45,1.53,-10.00
25,7,-1.00,-1.00,-1.00,-1.00,0.1112,2.0,2.29,6.08,-40.00,1.89,-6.31,1.56,-10.00
25,7,-1.00,-1.00,-1.00,-1.00,0.1090,1.9,2.09,5.54,-27.55,1.73,-10.98,1.58,-10.00
25,7,-1.00,-1.00,-1.00,-1.00,0.1077,2.0,2.11,5.38,43.96,0.22,-51.06,0.03,-10.00
25,7,-1.00,-1.00,-1.00,-1.00,0.1014,2.0,2.28,5.76,25.13,0.08,-32.98,-1.66,-10.00
26,7,1123.05,355.48,1600.00,754.78,0.8107,2.2,2.22,6.01,4.18,1.73,9.97,-1.56,-10.00
26,7,-1.00,-1.00,-1.00,-1.00,0.6814,2.0,2.14,5.90,4.13,1.37,-2.45,-1.58,-10.00
26,7,-1.00,-1.00,-1.00,-1.00,0.2411,1.9,2.25,5.90,7.40,1.58,-3.59,1.55,-10.00
26,7,-1.00,-1.00,-1.00,-1.00,0.1648,2.1,2.24,6.24,18.05,1.16,11.25,1.39,-10.00
26,7,-1.00,-1.00,-1.00,-1.00,0.1555,2.0,2.20,5.57,-12.60,1.62,-47.46,-1.55,-10.00
26,7,-1.00,-1.00,-1.00,-1.00,0.1493,1.9,2.29,5.67,-29.17,2.43,-20.07,1.56,-10.00
26,7,-1.00,-1.00,-1.00,-1.00,0.1369,1.8,2.19,5.31,-35.79,2.14,-31.15,-3.05,-10.00
26,7,-1.00,-1.00,-1.00,-1.00,0.1181,2.0,2.27,5.89,14.88,0.71,-18.70,1.73,-10.00
26,7,-1.00,-1.00,-1.00,-1.00,0.1163,2.1,2.24,5.71,-21.47,1.47,-24.51,1.57,-10.00
26,7,-1.00,-1.00,-1.00,-1.00,0.1136,2.1,2.27,6.11,24.64,-0.04,-37.49,-1.75,-10.00
26,7,-1.00,-1.00,-1.00,-1.00,0.1099,1.9,2.15,5.92,4.24,1.26,-37.29,-1.58,-10.00
26,7,911.73,455.01,983.39,514.25,0.1090,2.1,2.11,5.67,4.69,1.68,49.38,-1.60,-10.00
26,7,-1.00,-1.00,-1.00,-1.00,0.1039,1.9,2.22,5.66,-34.47,2.84,4.73,1.55,-10.00
26,7,948.95,447.46,1057.48,525.99,0.1015,1.9,2.11,5.61,4.78,1.52,34.77,-1.59,-10.00
27,7,-1.00,-1.00,-1.00,-1.00,0.7243,2.0,2.17,5.99,4.12,1.37,-6.70,-1.58,-10.00
27,7,1266.44,127.83,1600.00,900.00,0.4959,2.1,2.16,5.89,4.06,1.51,5.64,-1.55,-10.00
27,7,-1.00,-1.00,-1.00,-1.00,0.3407,2.4,2.35,6.12,17.56,0.76,-6.72,-1.60,-10.00
27,7,-1.00,-1.00,-1.00,-1.00,0.2415,1.9,2.13,5.53,17.89,0.76,6.39,1.39,-10.00
27,7,-1.00,-1.00,-1.00,-1.00,0.1828,1.9,2.15,5.78,-34.62,2.55,0.72,-1.52,-10.00
27,7,1180.90,448.21,1294.51,508.61,0.1532,1.8,2.08,5.69,14.35,1.28,44.12,1.57,-10.00
27,7,-1.00,-1.00,-1.00,-1.00,0.1514,1.8,2.04,5.49,3.88,1.41,-25.60,-1.59,-10.00
27,7,-1.00,-1.00,-1.00,-1.00,0.1487,2.0,2.26,5.79,17.50,1.14,-14.37,-1.59,-10.00
27,7,-1.00,-1.00,-1.00,-1.00,0.1377,1.9,2.20,5.43,38.68,-1.19,-10.94,-0.04,-10.00
27,7,-1.00,-1.00,-1.00,-1.00,0.1326,1.9,2.11,5.50,-39.43,2.26,-38.32,1.64,-10.00
27,7,-1.00,-1.00,-1.00,-1.00,0.1323,2.0,2.31,5.90,-33.87,2.62,34.30,1.57,-10.00
27,7,-1.00,-1.00,-1.00,-1.00,0.1319,1.9,2.19,5.56,23.44,0.69,12.75,-3.13,-10.00
27,7,-1.00,-1.00,-1.00,-1.00,0.1236,1.9,2.12,5.49,-34.30,2.26,-2.75,1.52,-10.00
27,7,-1.00,-1.00,-1.00,-1.00,0.1235,2.0,2.27,5.62,34.04,0.32,-21.43,-1.67,-10.00
27,7,-1.00,-1.00,-1.00,-1.00,0.1123,1.9,2.06,5.45,19.29,0.91,-9.06,0.01,-10.00
27,7,-1.00,-1.00,-1.00,-1.00,0.1058,2.1,2.26,5.46,42.66,-1.85,-38.45,-0.93,-10.00
28,7,-1.00,-1.00,-1.00,-1.00,0.8107,2.0,2.19,6.09,4.03,1.30,-11.08,-1.55,-10.00
28,7,-1.00,-1.00,-1.00,-1.00,0.7925,2.0,2.14,5.88,3.95,1.32,1.18,-1.57,-10.00
28,7,-1.00,-1.00,-1.00,-1.00,0.2825,1.9,2.16,5.35,23.11,0.70,8.30,0.03,-10.00
28,7,-1.00,-1.00,-1.00,-1.00,0.2660,2.0,2.32,5.71,-21.71,1.96,-33.21,1.52,-10.00
28,7,-1.00,-1.00,-1.00,-1.00,0.1889,2.4,2.08,5.45,20.16,0.34,-39.01,-1.53,-10.00
28,7,-1.00,-1.00,-1.00,-1.00,0.1703,1.9,2.05,5.79,3.85,1.00,-32.33,-1.52,-10.00
28,7,304.77,472.91,442.56,543.96,0.1614,1.9,2.17,5.74,-13.00,2.13,36.41,1.52,-10.00
28,7,-1.00,-1.00,-1.00,-1.00,0.1371,1.9,2.07,5.59,3.79,1.21,-24.16,-1.59,-10.00
28,7,-1.00,-1.00,-1.00,-1.00,0.1285,1.9,2.23,5.43,-35.72,2.13,-40.01,-3.13,-10.00
28,7,909.01,453.82,990.40,521.28,0.1270,2.0,2.11,5.85,4.00,1.66,41.67,-1.57,-10.00
28,7,-1.00,-1.00,-1.00,-1.00,0.1242,2.2,2.28,5.44,43.14,-2.04,-42.01,-0.94,-10.00
28,7,-1.00,-1.00,-1.00,-1.00,0.1226,2.0,2.25,5.60,-39.86,2.19,-23.72,-1.53,-10.00
28,7,-1.00,-1.00,-1.00,-1.00,0.1199,2.1,2.35,5.96,-33.88,2.56,29.16,-1.62,-10.00
28,7,-1.00,-1.00,-1.00,-1.00,0.1173,2.1,2.16,6.03,-51.01,2.76,0.58,-0.10,-10.00
28,7,-1.00,-1.00,-1.00,-1.00,0.1168,2.2,2.37,5.94,15.15,0.10,-27.04,-1.65,-10.00
28,7,-1.00,-1.00,-1.00,-1.00,0.1107,1.9,2.20,5.97,-34.32,2.64,0.93,-1.30,-10.00
28,7,-1.00,-1.00,-1.00,-1.00,0.1062,1.9,2.20,5.48,17.20,0.83,-18.01,-1.57,-10.00
28,7,1152.84,446.32,1375.40,521.84,0.1029,2.1,2.35,5.94,13.23,1.54,38.23,0.05,-10.00
29,7,-1.00,-1.00,-1.00,-1.00,0.8070,2.1,2.22,6.07,3.88,1.37,-3.98,-1.54,-10.00
29,7,-1.00,-1.00,-1.00,-1.00,0.6283,2.0,2.19,6.04,3.70,1.23,-16.42,-1.55,-10.00
29,7,-1.00,-1.00,-1.00,-1.00,0.2831,2.0,2.25,5.82,3.36,1.12,-50.99,-1.69,-10.00
29,7,-1.00,-1.00,-1.00,-1.00,0.2778,1.8,1.93,4.75,22.98,0.39,2.64,0.01,-10.00
29,7,-1.00,-1.00,-1.00,-1.00,0.2757,1.9,2.01,5.60,3.21,1.08,-29.57,-1.53,-10.00
29,7,-1.00,-1.00,-1.00,-1.00,0.1509,2.1,2.23,5.45,-21.24,1.72,15.26,-1.50,-10.00
29,7,232.86,468.84,408.20,553.57,0.1420,1.9,2.13,5.74,-12.54,2.06,31.56,1.56,-10.00
29,7,-1.00,-1.00,-1.00,-1.00,0.1378,2.0,2.14,5.55,-50.26,3.19,-12.00,-3.10,-10.00
29,7,927.12,456.40,1086.25,511.67,0.1328,1.9,2.10,5.34,6.42,1.46,45.08,3.09,-10.00
29,7,1309.13,423.46,1451.74,506.86,0.1306,1.9,2.08,5.66,14.89,0.92,34.07,1.72,-10.00
29,7,1353.60,432.82,1600.00,515.26,0.1234,1.9,2.12,5.43,16.71,1.11,32.16,-3.05,-10.00
29,7,-1.00,-1.00,-1.00,-1.00,0.1183,2.6,2.40,6.04,-50.91,2.23,-17.71,-0.01,-10.00
29,7,-1.00,-1.00,-1.00,-1.00,0.1054,2.1,2.16,5.84,-13.85,1.80,-52.02,-1.56,-10.00
29,7,-1.00,-1.00,-1.00,-1.00,0.1049,2.1,2.31,6.01,-40.55,2.26,-22.98,1.57,-10.00
29,7,-1.00,-1.00,-1.00,-1.00,0.1045,1.8,2.09,5.47,-34.78,2.99,-10.43,-1.57,-10.00
29,7,1187.12,438.17,1295.50,495.58,0.1041,1.8,2.09,5.53,15.14,0.84,46.10,1.57,-10.00
29,7,-1.00,-1.00,-1.00,-1.00,0.1013,1.9,2.08,5.25,-30.06,2.61,10.22,-3.14,-10.00
29,7,-1.00,-1.00,-1.00,-1.00,0.1006,1.9,2.18,5.63,16.66,0.45,-24.33,-1.55,-10.00
29,7,942.34,445.17,1059.39,526.31,0.1002,2.0,2.15,5.76,4.69,1.52,34.71,1.52,-10.00
30,7,-1.00,-1.00,-1.00,-1.00,0.8596,2.0,2.14,5.94,3.70,1.31,-8.19,-1.50,-10.00
30,7,-1.00,-1.00,-1.00,-1.00,0.7545,2.0,2.16,5.84,3.52,1.10,-20.69,-1.57,-10.00
30,7,-1.00,-1.00,-1.00,-1.00,0.1743,1.9,2.13,5.77,2.74,1.23,-33.55,-1.53,-10.00
30,7,-1.00,-1.00,-1.00,-1.00,0.1625,2.0,2.41,6.06,-33.50,3.04,20.55,1.56,-10.00
30,7,-1.00,-1.00,-1.00,-1.00,0.1519,2.0,2.30,5.99,-6.13,1.42,-36.71,-1.57,-10.00
30,7,-1.00,-1.00,-1.00,-1.00,0.1405,2.2,2.42,6.02,-23.03,1.52,-43.05,1.57,-10.00
30,7,928.84,446.07,1082.81,503.21,0.1402,2.0,2.17,5.46,6.72,1.21,47.45,3.12,-10.00
30,7,-1.00,-1.00,-1.00,-1.00,0.1298,2.0,2.14,5.64,19.17,0.40,-20.51,-1.60,-10.00
30,7,-1.00,-1.00,-1.00,-1.00,0.1186,1.9,2.11,5.31,-36.31,2.73,-14.20,-3.12,-10.00
30,7,-1.00,-1.00,-1.00,-1.00,0.1168,1.9,2.17,5.66,-43.15,2.59,-46.90,1.59,-10.00
30,7,1442.05,425.48,1600.00,515.82,0.1163,1.9,2.09,5.29,16.98,0.98,28.08,3.14,-10.00
30,7,-1.00,-1.00,-1.00,-1.00,0.1118,1.9,2.08,5.44,-49.05,3.09,-2.06,1.53,-10.00
30,7,-1.00,-1.00,-1.00,-1.00,0.1117,1.9,2.11,5.41,14.72,0.46,-33.29,-0.06,-10.00
30,7,946.29,436.01,1021.29,502.90,0.1070,2.3,2.33,5.82,6.14,1.21,49.63,-1.55,-10.00
30,7,-1.00,-1.00,-1.00,-1.00,0.1070,1.9,2.27,5.59,-40.91,2.10,-25.50,-1.54,-10.00
30,7,-1.00,-1.00,-1.00,-1.00,0.1067,2.2,2.40,5.59,-21.88,2.32,4.23,1.68,-10.00
30,7,953.81,455.58,1030.45,518.83,0.1042,1.9,2.14,5.64,5.52,1.60,42.45,-1.51,-10.00
31,7,-1.00,-1.00,-1.00,-1.00,0.8712,2.0,2.20,6.03,3.60,1.24,-12.69,-1.48,-10.00
31,7,-1.00,-1.00,-1.00,-1.00,0.3402,2.0,2.14,5.58,3.12,1.12,-24.91,-1.54,-10.00
31,7,-1.00,-1.00,-1.00,-1.00,0.1464,2.4,2.40,6.96,3.35,1.49,-32.58,-1.52,-10.00
31,7,-1.00,-1.00,-1.00,-1.00,0.1382,2.0,2.36,6.08,-34.14,3.08,8.95,-1.60,-10.00
31,7,430.95,467.88,554.62,540.93,0.1310,2.2,2.39,6.01,-10.98,2.35,41.76,1.59,-10.00
31,7,-1.00,-1.00,-1.00,-1.00,0.1265,2.0,2.18,5.58,18.80,0.35,-24.98,1.54,-10.00
31,7,-1.00,-1.00,-1.00,-1.00,0.1195,1.9,2.08,5.59,-15.08,2.02,-42.24,-3.01,-10.00
31,7,-1.00,-1.00,-1.00,-1.00,0.1108,1.8,2.10,5.62,-14.22,1.99,-38.56,1.63,-10.00
31,7,-1.00,-1.00,-1.00,-1.00,0.1048,2.0,2.17,5.66,14.70,0.96,12.38,1.62,-10.00
31,7,-1.00,-1.00,-1.00,-1.00,0.1047,1.9,2.12,5.26,-37.49,1.78,-37.72,-3.14,-10.00
31,7,-1.00,-1.00,-1.00,-1.00,0.1027,1.8,2.16,5.38,-37.36,2.07,-35.06,-3.12,-10.00
31,7,-1.00,-1.00,-1.00,-1.00,0.1019,1.9,2.11,5.50,-37.34,1.75,-40.66,-3.12,-10.00
32,7,-1.00,-1.00,-1.00,-1.00,0.8153,2.2,2.25,6.22,3.46,1.20,-16.80,-1.52,-10.00
32,7,-1.00,-1.00,-1.00,-1.00,0.6260,2.0,2.17,5.86,2.89,0.99,-29.04,-1.55,-10.00
32,7,-1.00,-1.00,-1.00,-1.00,0.2000,2.0,2.16,5.47,14.53,1.10,7.31,1.65,-10.00
32,7,1575.01,412.68,1600.00,548.47,0.1979,1.9,2.17,5.59,15.34,1.27,20.81,1.51,-10.00
32,7,-1.00,-1.00,-1.00,-1.00,0.1916,1.9,2.13,5.57,-32.68,3.36,27.01,-1.69,-10.00
32,7,-1.00,-1.00,-1.00,-1.00,0.1487,1.9,2.20,5.89,-33.39,3.29,13.19,1.59,-10.00
32,7,-1.00,-1.00,-1.00,-1.00,0.1434,1.9,2.15,5.44,-37.39,1.98,-39.18,-3.12,-10.00
32,7,-1.00,-1.00,-1.00,-1.00,0.1372,1.9,2.12,5.45,-37.91,1.26,-44.67,-3.11,-10.00
32,7,-1.00,-1.00,-1.00,-1.00,0.1228,2.0,2.13,5.23,-37.75,1.54,-41.82,-3.12,-10.00
32,7,369.46,501.50,515.34,572.26,0.1140,1.9,2.19,5.65,-10.94,2.87,36.20,1.63,-10.00
32,7,-1.00,-1.00,-1.00,-1.00,0.1037,1.9,2.22,5.53,-24.85,2.22,-29.24,-1.52,-10.00
32,7,-1.00,-1.00,-1.00,-1.00,0.1036,1.9,2.21,5.65,-23.09,1.87,-45.02,1.60,-10.00
32,7,1165.57,437.13,1377.24,511.28,0.1033,2.1,2.22,5.77,13.71,1.23,38.94,0.08,-10.00
33,7,-1.00,-1.00,-1.00,-1.00,0.8320,2.1,2.21,6.15,3.41,1.28,-19.95,-1.52,-10.00
33,7,-1.00,-1.00,-1.00,-1.00,0.3765,2.0,2.22,6.05,3.05,0.92,-32.24,-1.54,-10.00
33,7,-1.00,-1.00,-1.00,-1.00,0.2345,1.9,2.09,5.89,2.66,0.98,-39.33,-1.53,-10.00
33,7,-1.00,-1.00,-1.00,-1.00,0.2330,2.0,2.26,5.51,-32.59,3.08,24.81,-1.57,-10.00
33,7,1372.90,416.50,1578.11,511.61,0.1947,1.9,2.18,5.78,15.47,0.94,30.33,-1.52,-10.00
33,7,-1.00,-1.00,-1.00,-1.00,0.1867,2.0,2.36,5.77,-33.37,3.15,9.42,1.55,-10.00
33,7,1197.46,441.17,1425.05,516.43,0.1854,2.0,2.15,5.59,13.67,1.27,35.62,0.04,-10.00
33,7,495.86,492.94,598.30,550.79,0.1576,2.0,2.13,5.76,-10.11,2.92,45.82,1.63,-10.00
33,7,-1.00,-1.00,-1.00,-1.00,0.1532,1.9,2.32,5.63,-34.48,2.80,-1.92,1.55,-10.00
33,7,326.82,475.49,481.55,552.40,0.1527,1.9,2.03,5.38,-11.03,2.14,33.19,1.62,-10.00
33,7,-1.00,-1.00,-1.00,-1.00,0.1469,1.9,2.20,5.60,-16.61,1.67,-33.08,1.61,-10.00
33,7,-1.00,-1.00,-1.00,-1.00,0.1400,1.9,2.18,5.70,18.69,0.55,1.64,1.55,-10.00
33,7,-1.00,-1.00,-1.00,-1.00,0.1352,1.8,2.03,4.81,-37.97,1.25,-47.51,-3.11,-10.00
33,7,-1.00,-1.00,-1.00,-1.00,0.1268,2.0,2.16,5.43,15.51,0.82,3.16,-3.12,-10.00
33,7,-1.00,-1.00,-1.00,-1.00,0.1168,1.8,2.09,5.33,-36.42,3.32,-25.01,-3.10,-10.00
33,7,-1.00,-1.00,-1.00,-1.00,0.1145,1.9,2.14,5.73,2.15,0.94,-45.19,-1.53,-10.00
33,7,-1.00,-1.00,-1.00,-1.00,0.1123,2.0,2.10,4.91,-37.70,1.63,-45.01,-3.12,-10.00
33,7,-1.00,-1.00,-1.00,-1.00,0.1017,2.0,2.24,5.39,34.94,-0.09,22.06,-2.88,-10.00
34,7,-1.00,-1.00,-1.00,-1.00,0.5981,2.1,2.30,6.37,3.60,1.46,-23.57,-1.54,-10.00
34,7,-1.00,-1.00,-1.00,-1.00,0.2264,2.1,2.20,5.34,-29.67,1.51,-48.44,0.30,-10.00
34,7,-1.00,-1.00,-1.00,-1.00,0.2239,1.9,2.16,5.53,15.22,0.96,14.31,-1.64,-10.00
34,7,-1.00,-1.00,-1.00,-1.00,0.2059,2.1,2.22,6.04,3.22,0.87,-35.94,-1.52,-10.00
34,7,-1.00,-1.00,-1.00,-1.00,0.1910,1.9,2.16,5.53,-33.39,3.04,25.42,-1.45,-10.00
34,7,446.44,475.81,563.49,537.99,0.1908,1.9,2.17,5.72,-10.68,2.28,42.13,1.63,-10.00
34,7,-1.00,-1.00,-1.00,-1.00,0.1754,1.9,2.15,5.55,18.90,0.82,-4.65,-1.58,-10.00
34,7,-1.00,-1.00,-1.00,-1.00,0.1428,1.8,2.22,5.68,-34.29,2.64,-5.66,1.55,-10.00
34,7,-1.00,-1.00,-1.00,-1.00,0.1422,2.0,2.13,5.66,2.24,0.90,-49.17,-1.59,-10.00
34,7,-1.00,-1.00,-1.00,-1.00,0.1414,1.9,2.20,5.46,-33.73,3.01,7.03,-1.40,-10.00
34,7,-1.00,-1.00,-1.00,-1.00,0.1352,1.9,2.19,5.47,14.07,0.82,0.52,-1.46,-10.00
34,7,235.08,474.19,415.38,560.98,0.1300,1.8,2.02,5.18,-11.50,2.06,29.21,1.59,-10.00
34,7,-1.00,-1.00,-1.00,-1.00,0.1208,2.0,2.21,5.43,-36.98,2.03,-36.39,-3.14,-10.00
34,7,1514.60,424.13,1600.00,530.68,0.1089,2.0,2.11,5.40,17.05,1.18,24.97,0.10,-10.00
34,7,-1.00,-1.00,-1.00,-1.00,0.1013,1.9,2.22,5.52,20.60,0.60,-4.20,-1.58,-10.00
35,7,-1.00,-1.00,-1.00,-1.00,0.6634,2.1,2.25,6.13,3.81,1.44,-27.05,-1.55,-10.00
35,7,-1.00,-1.00,-1.00,-1.00,0.3051,2.1,2.29,6.07,3.58,1.11,-39.52,-1.55,-10.00
35,7,-1.00,-1.00,-1.00,-1.00,0.1954,1.9,2.15,5.42,-35.78,2.25,-24.80,0.03,-10.00
35,7,-1.00,-1.00,-1.00,-1.00,0.1841,1.9,2.26,6.04,-33.83,2.82,3.46,-1.45,-10.00
35,7,-1.00,-1.00,-1.00,-1.00,0.1528,2.0,2.18,5.47,-36.50,1.95,-40.79,-3.11,-10.00
35,7,-1.00,-1.00,-1.00,-1.00,0.1528,2.0,2.27,5.70,33.06,0.31,11.19,3.09,-10.00
35,7,-1.00,-1.00,-1.00,-1.00,0.1285,2.0,2.18,5.70,-33.66,3.21,21.98,-1.55,-10.00
35,7,-1.00,-1.00,-1.00,-1.00,0.1210,1.9,2.27,5.74,-34.88,2.42,-32.11,-1.51,-10.00
35,7,-1.00,-1.00,-1.00,-1.00,0.1199,1.9,2.05,5.30,1.27,1.10,-51.54,3.13,-10.00
35,7,-1.00,-1.00,-1.00,-1.00,0.1179,2.0,2.36,5.72,-34.87,2.15,-27.55,1.62,-10.00
35,7,-1.00,-1.00,-1.00,-1.00,0.1120,1.9,2.15,5.51,21.26,0.39,-22.13,1.57,-10.00
35,7,-1.00,-1.00,-1.00,-1.00,0.1032,2.0,2.21,5.64,33.84,0.22,22.77,-3.11,-10.00
36,7,-1.00,-1.00,-1.00,-1.00,0.6944,2.1,2.23,6.15,4.02,1.17,-30.37,-1.54,-10.00
36,7,-1.00,-1.00,-1.00,-1.00,0.4607,2.0,2.22,5.97,3.92,1.20,-42.66,-1.67,-10.00
36,7,841.01,421.71,920.75,524.15,0.1851,3.7,2.89,8.48,2.34,2.15,51.15,-1.49,-10.00
36,7,-1.00,-1.00,-1.00,-1.00,0.1606,1.9,2.12,5.48,23.61,-0.95,-23.53,0.02,-10.00
36,7,-1.00,-1.00,-1.00,-1.00,0.1414,2.4,2.41,6.21,19.03,0.83,-1.63,-1.54,-10.00
36,7,-1.00,-1.00,-1.00,-1.00,0.1369,1.8,2.14,5.37,-34.49,2.72,-12.98,-1.58,-10.00
36,7,-1.00,-1.00,-1.00,-1.00,0.1315,2.0,2.19,5.82,31.89,0.56,9.61,1.95,-10.00
36,7,-1.00,-1.00,-1.00,-1.00,0.1301,2.0,2.32,5.69,-41.14,2.20,-51.12,1.58,-10.00
36,7,-1.00,-1.00,-1.00,-1.00,0.1248,2.2,2.20,5.39,14.46,0.83,-6.05,-1.60,-10.00
36,7,-1.00,-1.00,-1.00,-1.00,0.1157,2.0,2.18,5.62,-33.74,3.12,18.19,-1.53,-10.00
36,7,-1.00,-1.00,-1.00,-1.00,0.1024,2.5,2.46,6.47,21.74,0.53,-0.85,-1.56,-10.00
36,7,-1.00,-1.00,-1.00,-1.00,0.1013,3.1,3.03,8.39,-40.84,2.22,-44.65,0.06,-10.00
37,7,-1.00,-1.00,-1.00,-1.00,0.6029,2.1,2.20,5.99,4.39,1.14,-33.15,-1.59,-10.00
37,7,837.63,432.74,919.29,524.81,0.3059,3.3,2.67,7.43,1.93,2.12,49.59,-1.60,-10.00
37,7,-1.00,-1.00,-1.00,-1.00,0.2747,2.0,1.99,5.08,14.25,0.61,-8.63,-1.56,-10.00
37,7,-1.00,-1.00,-1.00,-1.00,0.2594,1.9,2.14,5.62,4.59,0.67,-45.60,-1.56,-10.00
37,7,-1.00,-1.00,-1.00,-1.00,0.1723,1.8,2.10,5.41,-33.63,2.94,9.26,-1.65,-10.00
37,7,-1.00,-1.00,-1.00,-1.00,0.1636,3.1,2.81,7.82,-35.93,2.18,-48.06,0.01,-10.00
37,7,-1.00,-1.00,-1.00,-1.00,0.1565,2.0,2.17,5.33,-22.76,2.26,12.17,3.09,-10.00
37,7,-1.00,-1.00,-1.00,-1.00,0.1350,1.9,2.24,5.95,-34.04,2.98,15.82,-1.50,-10.00
37,7,-1.00,-1.00,-1.00,-1.00,0.1238,2.0,2.08,5.42,18.85,1.46,-0.73,-1.61,-10.00
37,7,-1.00,-1.00,-1.00,-1.00,0.1228,1.9,2.07,5.23,14.54,0.91,-14.69,-1.66,-10.00
37,7,-1.00,-1.00,-1.00,-1.00,0.1132,2.1,2.17,5.67,4.51,0.54,-51.84,-1.64,-10.00
37,7,-1.00,-1.00,-1.00,-1.00,0.1086,2.0,2.20,5.42,-45.05,1.63,-47.87,3.04,-10.00
37,7,-1.00,-1.00,-1.00,-1.00,0.1084,1.9,2.10,5.31,-35.62,3.60,24.94,3.09,-10.00
38,7,-1.00,-1.00,-1.00,-1.00,0.4301,2.1,2.24,6.03,4.55,1.31,-36.22,-1.52,-10.00
38,7,-1.00,-1.00,-1.00,-1.00,0.1892,2.0,2.20,5.64,4.55,0.76,-48.55,-1.50,-10.00
38,7,-1.00,-1.00,-1.00,-1.00,0.1793,1.9,2.12,5.19,18.49,0.56,-2.41,1.43,-10.00
38,7,-1.00,-1.00,-1.00,-1.00,0.1679,2.1,2.23,6.13,24.22,-0.42,-14.46,-1.49,-10.00
38,7,0.00,414.69,239.78,531.14,0.1342,2.7,2.56,5.98,-18.23,1.49,31.24,-0.13,-10.00
38,7,-1.00,-1.00,-1.00,-1.00,0.1133,1.9,2.15,5.39,-28.84,2.67,11.62,-1.65,-10.00
38,7,-1.00,-1.00,-1.00,-1.00,0.1116,2.1,2.21,5.40,14.47,0.80,-11.40,-1.61,-10.00
38,7,277.14,468.86,429.43,542.55,0.1063,1.9,2.15,5.49,-12.88,1.98,34.54,1.56,-10.00
38,7,829.45,409.04,926.32,526.60,0.1023,3.5,2.80,7.81,1.56,1.84,41.93,-1.58,-10.00
38,7,-1.00,-1.00,-1.00,-1.00,0.1020,3.3,2.83,7.27,-15.43,1.25,-36.16,-1.60,-10.00
38,7,-1.00,-1.00,-1.00,-1.00,0.1003,2.0,2.37,5.86,-33.95,2.72,-8.55,1.61,-10.00
39,7,-1.00,-1.00,-1.00,-1.00,0.6737,2.1,2.22,6.03,4.66,1.22,-38.54,-1.55,-10.00
39,7,-1.00,-1.00,-1.00,-1.00,0.2064,1.9,2.15,5.48,18.53,0.80,-1.71,-1.59,-10.00
39,7,0.00,443.37,127.39,525.52,0.1849,2.0,2.15,5.50,-21.91,1.50,34.76,1.52,-10.00
39,7,-1.00,-1.00,-1.00,-1.00,0.1204,1.9,2.04,5.36,14.49,1.28,-0.57,-1.66,-10.00
39,7,-1.00,-1.00,-1.00,-1.00,0.1183,2.1,2.27,6.29,19.17,0.82,-16.38,-1.94,-10.00
39,7,-1.00,-1.00,-1.00,-1.00,0.1078,1.9,2.08,5.20,-41.07,2.15,-29.05,-2.83,-10.00
