1,7,-1.00,-1.00,-1.00,-1.00,0.1808,2.1,2.09,5.36,-32.07,-1.59,-1.42,0.97,-10.00
1,7,-1.00,-1.00,-1.00,-1.00,0.1067,3.1,2.83,7.55,36.23,-0.11,-51.63,-2.98,-10.00
2,7,-1.00,-1.00,-1.00,-1.00,0.3830,2.1,2.08,5.44,4.37,1.88,-33.38,0.20,-10.00
2,7,-1.00,-1.00,-1.00,-1.00,0.2291,2.0,2.04,5.07,-32.16,-1.73,-4.51,0.97,-10.00
2,7,-1.00,-1.00,-1.00,-1.00,0.1294,1.9,2.05,5.27,-7.41,1.77,-32.67,-3.10,-10.00
2,7,-1.00,-1.00,-1.00,-1.00,0.1285,2.0,2.13,5.37,35.54,-1.79,-49.20,0.09,-10.00
2,7,-1.00,-1.00,-1.00,-1.00,0.1123,3.2,2.75,6.66,26.06,1.79,-28.32,-0.14,-10.00
3,7,-1.00,-1.00,-1.00,-1.00,0.2210,2.1,2.10,5.25,-32.08,-1.64,-8.73,0.90,-10.00
3,7,699.55,503.75,790.57,567.60,0.2080,2.3,2.09,5.34,-2.84,2.83,49.06,1.23,-10.00
3,7,-1.00,-1.00,-1.00,-1.00,0.1254,2.4,2.40,5.28,25.82,1.77,-33.06,-1.74,-10.00
3,7,-1.00,-1.00,-1.00,-1.00,0.1240,2.0,2.03,4.99,4.46,2.18,-36.84,0.16,-10.00
3,7,-1.00,-1.00,-1.00,-1.00,0.1040,2.7,2.42,5.89,37.81,2.16,-39.20,-2.64,-10.00
4,7,-1.00,-1.00,-1.00,-1.00,0.3068,3.2,2.86,7.51,-47.47,-1.83,-2.33,0.71,-10.00
4,7,-1.00,-1.00,-1.00,-1.00,0.2485,2.2,2.05,5.17,-32.10,-1.14,-12.98,0.91,-10.00
4,7,-1.00,-1.00,-1.00,-1.00,0.1827,2.0,2.15,5.44,4.75,1.89,-40.11,-3.07,-10.00
4,7,-1.00,-1.00,-1.00,-1.00,0.1111,2.9,2.61,6.34,26.88,0.84,-34.35,2.99,-10.00
5,7,-1.00,-1.00,-1.00,-1.00,0.2797,2.2,2.20,5.30,-31.92,-1.03,-16.74,0.89,-10.00
5,7,-1.00,-1.00,-1.00,-1.00,0.2404,2.9,2.36,6.48,-46.58,-1.49,-6.24,0.72,-10.00
5,7,-1.00,-1.00,-1.00,-1.00,0.1709,3.9,3.11,10.27,-42.38,-0.58,-18.00,0.66,-10.00
5,7,-1.00,-1.00,-1.00,-1.00,0.1483,3.5,2.83,8.03,-25.85,-0.19,-24.23,0.97,-10.00
5,7,-1.00,-1.00,-1.00,-1.00,0.1335,2.1,2.19,5.49,45.04,2.47,22.91,2.67,-10.00
5,7,-1.00,-1.00,-1.00,-1.00,0.1204,3.6,3.09,8.01,-41.25,-2.27,-51.17,2.55,-10.00
5,7,-1.00,-1.00,-1.00,-1.00,0.1191,1.9,1.98,5.12,-26.76,0.77,-14.83,-0.61,-10.00
6,7,-1.00,-1.00,-1.00,-1.00,0.4727,2.8,2.33,6.28,-46.83,-1.81,-9.85,0.71,-10.00
6,7,-1.00,-1.00,-1.00,-1.00,0.2119,2.2,2.09,5.06,-31.78,-1.29,-20.20,0.88,-10.00
6,7,-1.00,-1.00,-1.00,-1.00,0.1414,3.6,3.01,8.19,-43.99,-0.58,-20.32,0.69,-10.00
6,7,-1.00,-1.00,-1.00,-1.00,0.1357,2.2,2.31,5.91,44.94,2.41,17.15,-2.22,-10.00
7,7,-1.00,-1.00,-1.00,-1.00,0.1920,3.0,2.35,6.32,26.88,2.39,-47.13,1.30,-10.00
7,7,-1.00,-1.00,-1.00,-1.00,0.1716,3.7,2.75,7.39,21.22,2.79,-51.79,0.65,-10.00
7,7,-1.00,-1.00,-1.00,-1.00,0.1715,2.0,2.10,5.53,-11.61,2.28,-40.66,1.01,-10.00
7,7,-1.00,-1.00,-1.00,-1.00,0.1099,2.1,2.09,5.20,-31.51,-0.96,-23.74,0.89,-10.00
8,7,-1.00,-1.00,-1.00,-1.00,0.1806,2.4,2.31,5.93,34.20,1.90,22.53,-0.48,-10.00
8,7,-1.00,-1.00,-1.00,-1.00,0.1431,2.1,2.16,5.35,-32.19,-1.39,-26.67,0.90,-10.00
8,7,-1.00,-1.00,-1.00,-1.00,0.1358,2.0,2.01,5.05,-13.94,0.91,-20.76,1.58,-10.00
8,7,-1.00,-1.00,-1.00,-1.00,0.1222,2.0,2.08,5.14,28.35,2.53,37.58,-0.46,-10.00
8,7,-1.00,-1.00,-1.00,-1.00,0.1207,2.1,2.18,5.29,-37.72,-0.39,-37.83,0.66,-10.00
9,7,-1.00,-1.00,-1.00,-1.00,0.1552,2.2,2.14,5.43,-33.54,-0.94,-28.67,0.94,-10.00
9,7,-1.00,-1.00,-1.00,-1.00,0.1215,2.6,2.52,6.03,-5.83,2.69,-41.90,1.49,-10.00
9,7,-1.00,-1.00,-1.00,-1.00,0.1150,3.0,2.59,7.59,-47.87,-1.87,-20.78,-0.88,-10.00
9,7,-1.00,-1.00,-1.00,-1.00,0.1124,2.8,2.68,7.31,32.44,1.61,-39.39,0.03,-10.00
9,7,-1.00,-1.00,-1.00,-1.00,0.1054,2.0,2.05,5.13,-29.81,0.51,-24.49,2.73,-10.00
10,7,-1.00,-1.00,-1.00,-1.00,0.3172,2.2,2.36,5.99,-16.94,0.91,-26.49,1.58,-10.00
10,7,-1.00,-1.00,-1.00,-1.00,0.2354,2.4,2.23,5.53,13.57,1.52,-36.10,-0.24,-10.00
10,7,-1.00,-1.00,-1.00,-1.00,0.1962,2.4,2.30,5.46,-35.48,-0.87,-30.20,1.04,-10.00
10,7,-1.00,-1.00,-1.00,-1.00,0.1416,2.8,2.39,5.96,-30.70,-0.87,-37.20,0.99,-10.00
11,7,-1.00,-1.00,-1.00,-1.00,0.1446,2.4,2.24,5.47,-18.66,1.59,-28.86,1.83,-10.00
12,7,-1.00,-1.00,-1.00,-1.00,0.1147,2.5,2.34,6.12,9.04,1.30,-44.63,3.14,-10.00
13,7,-1.00,-1.00,-1.00,-1.00,0.1479,4.6,4.57,21.18,-35.46,-0.00,35.22,1.46,-10.00
13,7,-1.00,-1.00,-1.00,-1.00,0.1415,3.0,2.52,6.09,34.79,1.93,16.53,2.99,-10.00
13,7,1014.71,522.04,1227.34,597.19,0.1039,2.0,2.10,5.59,8.68,2.95,36.41,-0.01,-10.00
14,7,-1.00,-1.00,-1.00,-1.00,0.1865,2.4,2.22,5.57,-41.09,-0.46,-36.77,1.20,-10.00
14,7,775.14,528.56,842.42,588.25,0.1310,2.1,2.02,5.04,-0.34,3.49,47.57,1.47,-10.00
15,7,-1.00,-1.00,-1.00,-1.00,0.2508,2.0,2.02,5.04,-41.55,-0.38,-39.18,-1.94,-10.00
15,7,-1.00,-1.00,-1.00,-1.00,0.2400,2.0,2.13,5.49,-19.54,1.98,-32.12,0.20,-10.00
15,7,-1.00,-1.00,-1.00,-1.00,0.1678,2.4,2.20,5.41,-22.57,1.97,-38.96,1.79,-10.00
15,7,-1.00,-1.00,-1.00,-1.00,0.1490,3.7,2.79,7.38,-37.93,0.05,-48.93,1.19,-10.00
15,7,-1.00,-1.00,-1.00,-1.00,0.1402,2.3,2.25,5.46,-16.84,2.51,-39.87,1.71,-10.00
15,7,-1.00,-1.00,-1.00,-1.00,0.1370,2.1,2.37,5.31,49.73,2.85,-4.04,-2.29,-10.00
15,7,0.00,414.90,67.00,479.48,0.1075,2.2,2.12,5.48,-31.10,-0.49,47.58,0.38,-10.00
15,7,1066.85,460.03,1219.43,575.33,0.1040,2.6,2.20,5.73,7.88,1.92,31.17,-1.59,-10.00
16,7,1184.73,438.81,1523.14,563.51,0.3500,2.2,2.12,5.48,9.97,1.30,23.73,-0.09,-10.00
16,7,-1.00,-1.00,-1.00,-1.00,0.2004,2.4,2.33,5.74,50.64,2.88,-8.32,-2.50,-10.00
16,7,-1.00,-1.00,-1.00,-1.00,0.1352,3.0,2.80,6.55,-45.60,-0.16,-24.07,-1.75,-10.00
16,7,-1.00,-1.00,-1.00,-1.00,0.1052,3.5,3.09,7.49,-39.55,0.24,-51.19,1.14,-10.00
17,7,1340.46,447.44,1600.00,601.28,0.1431,2.0,2.12,5.58,10.06,1.47,19.30,-1.51,-10.00
17,7,-1.00,-1.00,-1.00,-1.00,0.1422,3.9,2.52,6.43,8.82,1.89,-15.27,0.10,-10.00
17,7,-1.00,-1.00,-1.00,-1.00,0.1192,2.0,2.13,5.53,37.42,1.97,-30.22,-0.59,-10.00
17,7,1164.88,482.50,1367.58,604.69,0.1163,2.0,2.06,5.05,8.01,1.88,23.13,-1.54,-10.00
17,7,-1.00,-1.00,-1.00,-1.00,0.1087,3.2,2.52,6.60,51.03,3.08,-13.65,-2.76,-10.00
17,7,-1.00,-1.00,-1.00,-1.00,0.1009,2.0,2.16,5.38,45.23,2.73,-18.00,-0.01,-10.00
18,7,-1.00,-1.00,-1.00,-1.00,0.2440,2.8,2.58,6.98,37.59,2.22,-34.32,2.54,-10.00
18,7,-1.00,-1.00,-1.00,-1.00,0.2113,2.2,2.24,5.34,-42.99,0.48,-49.32,1.21,-10.00
18,7,0.00,307.73,59.92,491.11,0.1530,4.4,4.18,21.65,-34.80,-0.23,44.13,1.55,-10.00
18,7,1257.89,398.65,1590.20,592.54,0.1065,2.4,2.18,5.14,8.48,1.30,18.37,-1.61,-10.00
18,7,-1.00,-1.00,-1.00,-1.00,0.1027,2.2,2.21,5.71,-18.79,2.40,-45.54,1.57,-10.00
18,7,-1.00,-1.00,-1.00,-1.00,0.1013,2.6,2.35,5.81,-48.01,-0.90,-29.98,-1.68,-10.00
19,7,-1.00,-1.00,-1.00,-1.00,0.1249,2.5,2.48,6.29,37.53,1.90,-38.19,-0.66,-10.00
19,7,-1.00,-1.00,-1.00,-1.00,0.1018,2.4,2.39,5.78,33.56,0.79,-10.23,2.85,-10.00
20,7,-1.00,-1.00,-1.00,-1.00,0.1363,2.2,2.06,5.34,14.72,2.10,-46.20,2.72,-10.00
20,7,-1.00,-1.00,-1.00,-1.00,0.1216,2.4,2.24,5.76,-26.36,0.16,-41.26,-1.86,-10.00
20,7,-1.00,-1.00,-1.00,-1.00,0.1110,2.4,2.38,5.74,50.28,2.85,-26.41,-2.25,-10.00
21,7,-1.00,-1.00,-1.00,-1.00,0.2300,2.1,2.13,5.36,35.80,1.35,-48.23,2.47,-10.00
21,7,348.18,453.24,581.40,538.77,0.1449,2.1,2.18,5.45,-8.89,1.18,32.49,3.04,-10.00
21,7,-1.00,-1.00,-1.00,-1.00,0.1127,3.0,2.62,6.87,-10.43,2.70,-41.43,1.94,-10.00
25,7,-1.00,-1.00,-1.00,-1.00,0.1553,3.8,2.89,9.29,-0.62,1.91,-52.40,-1.35,-10.00
25,7,-1.00,-1.00,-1.00,-1.00,0.1186,2.0,2.06,5.29,25.21,2.64,-50.72,-1.75,-10.00
27,7,513.55,526.33,739.28,608.31,0.1056,1.8,2.07,4.98,-4.43,2.67,30.13,-3.09,-10.00
27,7,624.52,524.19,724.43,617.59,0.1024,2.1,2.28,5.81,-3.78,3.02,32.82,1.41,-10.00
28,7,536.81,524.42,669.26,633.08,0.1095,2.1,2.32,6.07,-4.51,2.82,27.76,1.49,-10.00
29,7,847.74,410.14,1067.77,507.41,0.3505,3.6,2.71,8.14,5.51,0.60,49.79,0.46,-10.00
29,7,-1.00,-1.00,-1.00,-1.00,0.1488,2.5,2.25,6.14,9.75,1.75,-33.61,1.56,-10.00
29,7,452.76,522.60,617.82,647.88,0.1168,2.0,2.24,5.96,-4.97,2.56,23.33,-1.67,-10.00
29,7,-1.00,-1.00,-1.00,-1.00,0.1103,2.1,2.27,5.20,-30.26,-1.77,-44.40,-1.58,-10.00
30,7,963.38,416.18,1149.33,500.60,0.5952,2.7,2.31,6.07,8.27,0.29,43.49,0.28,-10.00
30,7,-1.00,-1.00,-1.00,-1.00,0.3413,3.5,2.56,7.12,9.71,2.38,-36.20,-1.60,-10.00
30,7,857.26,431.72,978.02,507.62,0.1221,2.1,2.08,5.60,2.92,0.46,37.98,1.36,-10.00
30,7,844.10,432.72,941.57,495.62,0.1058,1.9,2.13,5.44,2.48,0.09,42.68,-1.73,-10.00
31,7,1122.28,429.11,1330.09,512.81,0.8194,2.4,2.17,5.58,12.20,0.62,38.02,0.07,-10.00
32,7,1321.26,448.40,1574.17,539.83,0.7923,2.3,2.16,5.61,16.37,1.22,32.98,-0.11,-10.00
32,7,-1.00,-1.00,-1.00,-1.00,0.2822,3.7,2.88,9.88,8.87,1.95,-47.67,1.51,-10.00
32,7,-1.00,-1.00,-1.00,-1.00,0.1397,2.1,2.08,5.61,-7.92,1.57,-37.77,-0.29,-10.00
32,7,172.77,418.32,377.71,486.97,0.1359,1.9,2.12,5.31,-16.30,-0.18,38.42,3.02,-10.00
32,7,1101.29,411.26,1334.77,520.14,0.1016,3.6,2.83,7.57,14.16,0.98,44.71,0.43,-10.00
33,7,-1.00,-1.00,-1.00,-1.00,0.8553,2.2,2.18,5.64,20.89,1.75,28.10,-0.21,-10.00
33,7,138.83,419.93,373.18,503.93,0.2824,2.1,2.09,5.34,-14.89,0.30,33.96,3.02,-10.00
33,7,0.00,364.59,140.76,546.11,0.2660,1.9,2.16,5.22,-10.90,0.58,14.45,-3.12,-10.00
33,7,-1.00,-1.00,-1.00,-1.00,0.1508,1.9,1.86,4.80,-1.35,1.46,-25.99,-1.55,-10.00
33,7,919.89,434.59,1199.29,531.15,0.1138,1.9,2.07,5.34,5.03,0.80,26.48,2.95,-10.00
34,7,-1.00,-1.00,-1.00,-1.00,0.7794,2.1,2.09,5.43,25.32,2.40,23.73,-0.28,-10.00
34,7,99.22,417.50,360.39,517.01,0.2470,2.2,2.06,5.10,-13.52,0.57,29.49,3.04,-10.00
35,7,-1.00,-1.00,-1.00,-1.00,0.8338,2.5,2.19,5.61,29.37,2.86,19.64,-0.34,-10.00
35,7,-1.00,-1.00,-1.00,-1.00,0.1853,2.6,2.51,6.18,47.00,3.66,40.22,1.35,-10.00
35,7,1067.52,444.40,1530.08,599.75,0.1560,1.9,2.04,5.30,6.18,1.34,16.55,-0.11,-10.00
35,7,-1.00,-1.00,-1.00,-1.00,0.1558,3.9,2.94,9.65,-7.10,0.22,-44.37,1.61,-10.00
35,7,0.00,415.38,302.51,534.53,0.1528,2.2,2.13,5.30,-13.15,0.81,24.80,3.07,-10.00
35,7,1248.58,453.63,1574.07,588.92,0.1013,2.6,2.41,5.95,12.39,1.89,26.65,-2.66,-10.00
36,7,-1.00,-1.00,-1.00,-1.00,0.5662,3.5,2.56,7.05,33.96,3.72,15.67,-0.38,-10.00
36,7,-1.00,-1.00,-1.00,-1.00,0.1184,2.0,2.03,4.91,28.85,3.60,34.40,-0.24,-10.00
37,7,-1.00,-1.00,-1.00,-1.00,0.4298,2.9,2.19,5.56,38.24,3.20,11.27,-0.34,-10.00
38,7,-1.00,-1.00,-1.00,-1.00,0.6176,3.1,2.33,6.17,42.49,3.79,7.28,-0.38,-10.00
39,7,-1.00,-1.00,-1.00,-1.00,0.5517,2.4,2.22,5.65,46.76,4.32,2.20,-0.30,-10.00
39,7,-1.00,-1.00,-1.00,-1.00,0.3792,2.8,2.42,5.97,16.28,2.59,14.52,-0.09,-10.00
39,7,-1.00,-1.00,-1.00,-1.00,0.1786,3.2,2.81,7.95,-38.00,-2.16,-43.64,1.54,-10.00
39,7,191.64,464.10,382.72,533.39,0.1010,1.9,2.12,5.39,-15.15,1.15,36.21,0.50,-10.00
