0,7,-1.00,-1.00,-1.00,-1.00,0.1662,2.2,2.36,5.89,43.24,3.91,30.85,2.98,-10.00
0,7,-1.00,-1.00,-1.00,-1.00,0.1100,2.4,2.13,5.52,3.31,-0.23,-39.00,2.62,-10.00
1,7,-1.00,-1.00,-1.00,-1.00,0.3383,2.2,2.27,5.70,46.01,3.82,30.41,-0.07,-10.00
1,7,-1.00,-1.00,-1.00,-1.00,0.1777,2.2,2.46,5.84,-48.45,0.29,13.68,-0.94,-10.00
1,7,-1.00,-1.00,-1.00,-1.00,0.1438,2.0,2.14,5.33,44.64,3.09,17.65,-2.84,-10.00
1,7,-1.00,-1.00,-1.00,-1.00,0.1096,2.1,2.23,5.69,-46.57,0.14,23.51,-1.01,-10.00
1,7,-1.00,-1.00,-1.00,-1.00,0.1053,3.0,2.69,5.98,-48.23,-0.75,-24.60,-1.69,-10.00
1,7,-1.00,-1.00,-1.00,-1.00,0.1027,2.0,2.08,5.22,-14.22,0.61,-33.64,-0.37,-10.00
2,7,-1.00,-1.00,-1.00,-1.00,0.2130,1.9,2.10,5.09,38.45,3.66,28.16,-0.47,-10.00
2,7,-1.00,-1.00,-1.00,-1.00,0.1963,2.4,2.29,5.63,31.18,2.38,-28.80,0.25,-10.00
2,7,-1.00,-1.00,-1.00,-1.00,0.1861,3.5,2.71,7.10,18.84,3.32,-51.92,1.41,-10.00
2,7,-1.00,-1.00,-1.00,-1.00,0.1464,3.5,2.71,7.66,17.15,2.35,-42.57,1.52,-10.00
2,7,-1.00,-1.00,-1.00,-1.00,0.1357,2.4,2.31,5.89,-47.62,-1.92,-35.11,-0.30,-10.00
2,7,-1.00,-1.00,-1.00,-1.00,0.1100,2.1,1.99,5.34,-10.51,0.44,-28.70,-0.48,-10.00
3,7,-1.00,-1.00,-1.00,-1.00,0.2124,3.2,2.76,6.68,33.44,2.37,-30.81,0.03,-10.00
3,7,-1.00,-1.00,-1.00,-1.00,0.1235,3.0,2.68,7.18,30.82,2.39,-32.08,1.69,-10.00
4,7,-1.00,-1.00,-1.00,-1.00,0.1257,1.9,2.31,5.11,34.06,4.74,-46.45,-1.92,-10.00
4,7,-1.00,-1.00,-1.00,-1.00,0.1217,1.9,2.19,5.54,25.04,2.88,10.70,1.74,-10.00
5,7,-1.00,-1.00,-1.00,-1.00,0.1469,3.1,2.78,6.95,40.03,1.44,-35.81,-2.46,-10.00
6,7,-1.00,-1.00,-1.00,-1.00,0.2016,2.0,2.04,5.10,35.51,3.09,-40.86,0.02,-10.00
6,7,-1.00,-1.00,-1.00,-1.00,0.1593,3.3,2.73,6.58,40.15,2.43,-38.32,-3.06,-10.00
6,7,870.43,433.00,1025.65,502.06,0.1076,2.6,2.35,5.96,5.24,0.39,50.09,0.15,-10.00
7,7,-1.00,-1.00,-1.00,-1.00,0.3127,2.2,2.26,5.59,35.81,3.11,-45.63,0.03,-10.00
7,7,532.08,473.26,636.63,565.09,0.1009,2.1,2.06,5.50,-5.63,1.71,31.40,-1.66,-10.00
9,7,-1.00,-1.00,-1.00,-1.00,0.1018,2.0,2.13,5.13,25.64,2.97,33.35,-0.04,-10.00
10,7,-1.00,-1.00,-1.00,-1.00,0.1014,3.3,2.85,6.92,36.18,2.09,30.59,0.12,-10.00
11,7,-1.00,-1.00,-1.00,-1.00,0.1739,3.0,2.53,6.10,11.55,3.21,-52.69,1.65,-10.00
11,7,-1.00,-1.00,-1.00,-1.00,0.1471,3.9,2.88,7.61,9.30,1.67,-24.98,0.14,-10.00
11,7,-1.00,-1.00,-1.00,-1.00,0.1205,2.0,2.10,5.45,-11.14,1.31,-18.95,-3.12,-10.00
12,7,-1.00,-1.00,-1.00,-1.00,0.1352,2.0,2.23,5.21,16.96,3.35,-26.70,-1.63,-10.00
13,7,248.36,381.11,491.60,484.89,0.4249,3.6,2.92,8.32,-16.72,-0.33,48.06,-0.19,-10.00
13,7,304.45,438.98,525.84,518.51,0.3034,2.0,2.03,5.18,-10.37,0.69,33.11,-0.10,-10.00
13,7,372.10,453.66,623.90,551.18,0.1046,2.2,2.21,5.42,-7.52,1.37,30.31,0.04,-10.00
14,7,270.45,431.32,528.78,520.32,0.5819,1.9,2.04,5.21,-9.27,0.63,28.59,-0.11,-10.00
14,7,226.43,386.40,473.87,489.96,0.1705,3.3,2.78,7.58,-15.84,-0.12,43.58,-0.18,-10.00
14,7,557.37,463.20,627.08,522.76,0.1016,2.1,2.05,5.20,-8.34,1.15,47.54,-1.65,-10.00
15,7,178.39,432.40,495.55,541.19,0.1687,1.9,1.96,5.14,-8.80,0.89,23.60,-0.02,-10.00
15,7,-1.00,-1.00,-1.00,-1.00,0.1575,3.3,2.39,6.57,-29.14,-0.35,10.07,-0.66,-10.00
15,7,-1.00,-1.00,-1.00,-1.00,0.1334,2.8,2.31,6.57,-25.24,-0.14,13.23,-0.68,-10.00
16,7,-1.00,-1.00,-1.00,-1.00,0.1248,2.1,2.17,5.52,16.46,3.61,-50.02,1.67,-10.00
16,7,1335.25,333.41,1600.00,573.20,0.1041,3.6,2.75,7.36,12.38,1.31,23.03,-1.59,-10.00
17,7,943.74,358.16,1080.58,509.86,0.3204,3.8,2.68,6.84,5.24,0.49,35.09,-1.58,-10.00
17,7,901.15,399.04,1024.66,511.43,0.1668,3.2,2.41,6.54,4.44,0.61,39.63,-1.68,-10.00
17,7,-1.00,-1.00,-1.00,-1.00,0.1108,2.1,2.22,4.75,26.91,4.39,-47.48,-1.48,-10.00
17,7,-1.00,-1.00,-1.00,-1.00,0.1063,2.0,2.07,5.58,4.63,2.27,-35.90,-1.44,-10.00
18,7,708.55,444.24,847.59,499.55,0.2311,2.0,2.21,5.08,-1.41,0.27,47.51,-0.01,-10.00
18,7,997.53,347.77,1182.46,518.81,0.2132,3.4,2.84,8.22,6.07,0.61,29.47,-1.53,-10.00
18,7,0.00,392.39,357.29,612.55,0.1639,1.9,2.04,5.44,-7.54,1.08,12.25,-0.03,-10.00
19,7,742.00,424.52,843.69,525.12,0.9319,3.3,2.74,7.78,-0.68,1.16,45.01,-1.48,-10.00
19,7,0.00,346.56,87.77,753.95,0.1460,1.9,2.03,5.38,-7.41,1.28,7.14,-0.02,-10.00
20,7,759.36,401.85,859.94,514.94,0.9065,3.2,2.67,7.68,-0.06,0.73,40.28,-1.51,-10.00
20,7,-1.00,-1.00,-1.00,-1.00,0.1503,2.1,2.11,5.43,1.95,2.24,-51.02,-1.49,-10.00
20,7,764.59,401.63,861.16,512.63,0.1441,3.6,2.88,8.96,0.04,0.75,45.98,-1.51,-10.00
20,7,1149.90,315.93,1516.37,544.70,0.1144,2.5,2.31,6.60,6.64,0.65,17.44,-1.58,-10.00
21,7,754.63,380.59,876.14,516.65,0.9106,3.4,2.76,8.16,0.17,0.70,35.80,-1.49,-10.00
21,7,784.52,404.24,895.17,513.66,0.3000,3.2,2.72,7.56,0.92,0.70,40.76,-1.44,-10.00
21,7,622.23,412.50,863.69,510.37,0.1099,2.4,2.37,6.06,-1.88,0.47,33.12,3.11,-10.00
21,7,-1.00,-1.00,-1.00,-1.00,0.1005,2.2,2.26,5.51,27.98,1.71,35.68,0.30,-10.00
22,7,753.65,382.46,877.99,535.08,0.7411,3.4,2.71,8.07,0.18,1.03,32.05,-1.52,-10.00
22,7,631.18,432.81,875.65,526.12,0.1421,2.0,2.15,5.38,-1.35,0.76,28.99,-3.09,-10.00
22,7,-1.00,-1.00,-1.00,-1.00,0.1116,2.4,2.40,5.65,42.13,1.65,0.85,-3.02,-10.00
22,7,786.40,398.60,893.52,519.39,0.1073,3.2,2.68,7.30,0.84,0.79,36.86,-1.49,-10.00
22,7,-1.00,-1.00,-1.00,-1.00,0.1008,2.2,2.35,5.60,32.07,1.55,31.18,-2.50,-10.00
23,7,737.87,368.73,881.63,540.06,0.8561,3.2,2.69,7.84,0.06,0.98,27.78,-1.52,-10.00
23,7,-1.00,-1.00,-1.00,-1.00,0.1223,2.5,2.35,5.36,41.31,1.68,-9.09,0.16,-10.00
23,7,-1.00,-1.00,-1.00,-1.00,0.1021,2.0,2.08,5.23,-26.35,-0.32,-26.04,-0.43,-10.00
24,7,705.33,363.46,881.03,567.96,0.9414,3.2,2.75,8.03,-0.23,1.27,23.94,-1.54,-10.00
24,7,-1.00,-1.00,-1.00,-1.00,0.2763,3.3,2.69,6.90,44.22,1.52,-10.27,-2.83,-10.00
24,7,-1.00,-1.00,-1.00,-1.00,0.1711,2.6,2.34,5.83,20.82,1.32,27.11,2.03,-10.00
24,7,-1.00,-1.00,-1.00,-1.00,0.1254,2.1,2.28,5.92,20.96,1.90,5.30,-2.20,-10.00
24,7,-1.00,-1.00,-1.00,-1.00,0.1114,2.3,2.25,5.63,-11.20,1.61,-24.77,0.02,-10.00
24,7,735.17,426.89,872.40,548.47,0.1076,2.4,2.43,6.85,-0.10,1.19,28.74,-1.48,-10.00
25,7,652.17,353.81,861.79,595.03,0.9501,3.1,2.70,8.05,-0.63,1.41,20.55,-1.53,-10.00
25,7,-1.00,-1.00,-1.00,-1.00,0.1847,2.0,2.06,5.36,-7.45,1.09,-17.00,-0.04,-10.00
25,7,-1.00,-1.00,-1.00,-1.00,0.1221,2.0,2.12,5.77,-3.71,1.84,-28.10,1.56,-10.00
26,7,563.08,343.84,822.74,631.99,0.9613,3.1,2.71,7.68,-1.31,1.57,17.47,-1.56,-10.00
26,7,-1.00,-1.00,-1.00,-1.00,0.1586,3.0,2.76,6.28,46.79,1.63,-20.84,-1.17,-10.00
26,7,-1.00,-1.00,-1.00,-1.00,0.1200,1.9,2.05,5.42,-4.77,1.54,-29.01,-3.14,-10.00
26,7,-1.00,-1.00,-1.00,-1.00,0.1199,2.0,1.97,5.13,-6.56,1.18,-20.35,-0.06,-10.00
26,7,-1.00,-1.00,-1.00,-1.00,0.1107,2.7,2.59,6.32,42.62,3.91,-33.93,1.89,-10.00
27,7,402.76,333.61,748.34,675.56,0.9650,2.9,2.53,6.89,-2.23,1.62,14.21,-1.57,-10.00
27,7,-1.00,-1.00,-1.00,-1.00,0.1699,1.9,1.96,5.09,-5.90,1.47,-23.65,-0.10,-10.00
27,7,504.18,372.90,736.02,636.22,0.1370,3.1,2.69,7.63,-2.84,1.77,18.82,1.43,-10.00
27,7,-1.00,-1.00,-1.00,-1.00,0.1138,1.9,2.09,5.19,-19.97,-1.14,-47.19,-2.82,-10.00
27,7,-1.00,-1.00,-1.00,-1.00,0.1059,2.0,2.16,5.26,26.73,3.16,-29.37,-0.39,-10.00
28,7,166.09,272.58,666.45,742.42,0.9640,2.9,2.53,6.83,-2.85,1.60,11.22,-1.62,-10.00
28,7,-1.00,-1.00,-1.00,-1.00,0.3239,2.3,2.39,6.16,44.36,3.45,-39.32,1.86,-10.00
28,7,-1.00,-1.00,-1.00,-1.00,0.1047,3.0,2.65,5.76,41.56,2.41,-25.47,-1.46,-10.00
29,7,0.00,91.47,558.72,900.00,0.9745,2.9,2.67,7.56,-3.48,1.54,8.34,-1.66,-10.00
29,7,-1.00,-1.00,-1.00,-1.00,0.2722,2.0,2.20,5.66,31.31,2.92,-33.57,-2.66,-10.00
29,7,-1.00,-1.00,-1.00,-1.00,0.1596,2.3,2.29,5.78,46.21,2.80,-38.71,1.79,-10.00
29,7,-1.00,-1.00,-1.00,-1.00,0.1113,2.5,2.46,5.40,36.64,0.73,9.76,0.15,-10.00
29,7,-1.00,-1.00,-1.00,-1.00,0.1087,2.0,2.16,5.68,-2.22,1.98,-35.40,-0.13,-10.00
29,7,-1.00,-1.00,-1.00,-1.00,0.1076,2.1,2.25,5.31,40.90,1.16,-10.85,1.80,-10.00
30,7,0.00,0.00,463.19,900.00,0.9624,3.1,2.76,8.03,-3.68,1.69,5.95,-1.70,-10.00
30,7,-1.00,-1.00,-1.00,-1.00,0.2614,2.0,2.09,5.39,-3.45,1.81,-32.55,-0.23,-10.00
30,7,-1.00,-1.00,-1.00,-1.00,0.1879,2.0,2.08,5.28,-1.32,2.22,-38.29,-0.18,-10.00
30,7,-1.00,-1.00,-1.00,-1.00,0.1499,2.1,2.34,5.45,27.55,0.67,11.81,-2.75,-10.00
30,7,-1.00,-1.00,-1.00,-1.00,0.1032,2.7,2.28,5.79,44.94,3.53,-48.29,1.79,-10.00
31,7,0.00,267.99,345.21,799.08,0.9692,3.0,2.73,7.72,-3.70,1.65,3.38,-1.68,-10.00
31,7,-1.00,-1.00,-1.00,-1.00,0.1562,3.2,2.63,6.82,-12.35,2.11,-41.54,1.38,-10.00
31,7,-1.00,-1.00,-1.00,-1.00,0.1390,1.9,2.01,5.41,0.88,2.32,-39.96,3.00,-10.00
31,7,-1.00,-1.00,-1.00,-1.00,0.1183,2.0,2.07,5.34,-3.53,1.97,-34.94,2.92,-10.00
31,7,-1.00,-1.00,-1.00,-1.00,0.1103,1.9,2.07,5.50,-0.43,2.64,-43.24,3.04,-10.00
31,7,-1.00,-1.00,-1.00,-1.00,0.1085,3.6,2.84,7.77,43.75,-1.04,-32.39,2.01,-10.00
31,7,-1.00,-1.00,-1.00,-1.00,0.1003,2.0,2.25,5.96,10.56,1.70,-2.39,-1.41,-10.00
32,7,0.00,109.09,113.84,900.00,0.9841,3.1,2.71,7.75,-3.56,1.71,0.49,-1.64,-10.00
32,7,-1.00,-1.00,-1.00,-1.00,0.2633,2.0,2.14,5.58,-4.37,2.12,-37.75,2.97,-10.00
32,7,-1.00,-1.00,-1.00,-1.00,0.1574,2.8,2.52,6.31,44.83,-0.29,-18.32,2.21,-10.00
32,7,-1.00,-1.00,-1.00,-1.00,0.1319,3.3,2.81,7.72,-14.36,1.88,-45.41,1.36,-10.00
32,7,-1.00,-1.00,-1.00,-1.00,0.1227,3.9,2.97,8.14,41.72,-0.70,-38.42,2.10,-10.00
32,7,-1.00,-1.00,-1.00,-1.00,0.1223,3.2,2.86,6.69,40.90,-0.09,-26.42,1.57,-10.00
32,7,-1.00,-1.00,-1.00,-1.00,0.1111,3.1,2.63,6.46,28.76,1.96,-41.98,3.11,-10.00
32,7,-1.00,-1.00,-1.00,-1.00,0.1083,3.6,2.81,7.29,47.54,-1.05,-34.44,-1.37,-10.00
33,7,-1.00,-1.00,-1.00,-1.00,0.9788,3.0,2.71,7.92,-3.52,1.72,-1.93,-1.60,-10.00
33,7,-1.00,-1.00,-1.00,-1.00,0.1699,2.2,2.18,5.59,27.35,1.69,-45.72,2.97,-10.00
33,7,-1.00,-1.00,-1.00,-1.00,0.1670,2.3,2.10,5.68,-2.86,2.50,-51.41,1.47,-10.00
33,7,-1.00,-1.00,-1.00,-1.00,0.1423,3.3,2.76,6.67,13.72,0.15,-31.41,0.32,-10.00
33,7,-1.00,-1.00,-1.00,-1.00,0.1242,3.2,2.74,7.06,-17.29,2.12,-46.05,1.55,-10.00
33,7,-1.00,-1.00,-1.00,-1.00,0.1042,2.3,2.20,5.42,-4.97,0.63,-36.98,-0.07,-10.00
34,7,-1.00,-1.00,-1.00,-1.00,0.9796,3.0,2.65,7.40,-3.64,1.72,-4.31,-1.58,-10.00
34,7,-1.00,-1.00,-1.00,-1.00,0.4522,2.2,2.17,5.46,41.31,-0.26,-28.16,2.78,-10.00
34,7,-1.00,-1.00,-1.00,-1.00,0.2452,2.0,2.13,5.35,-6.66,1.75,-50.67,0.02,-10.00
34,7,-1.00,-1.00,-1.00,-1.00,0.1642,3.8,2.90,7.50,37.87,-1.03,-47.44,2.21,-10.00
34,7,-1.00,-1.00,-1.00,-1.00,0.1412,3.8,2.77,6.36,34.61,0.83,-8.05,0.14,-10.00
34,7,-1.00,-1.00,-1.00,-1.00,0.1136,2.2,2.21,5.40,-9.10,0.72,-41.72,-0.05,-10.00
34,7,-1.00,-1.00,-1.00,-1.00,0.1083,2.0,2.13,5.47,-9.25,1.44,-47.41,0.12,-10.00
35,7,-1.00,-1.00,-1.00,-1.00,0.9821,3.0,2.63,7.09,-3.72,1.59,-6.92,-1.56,-10.00
35,7,-1.00,-1.00,-1.00,-1.00,0.1309,4.0,3.09,8.70,37.44,-0.32,41.66,0.58,-10.00
35,7,-1.00,-1.00,-1.00,-1.00,0.1182,3.0,2.63,7.01,42.01,-0.64,-31.98,2.24,-10.00
35,7,-1.00,-1.00,-1.00,-1.00,0.1142,2.4,2.23,5.87,16.53,2.41,-51.95,1.71,-10.00
35,7,-1.00,-1.00,-1.00,-1.00,0.1120,2.8,2.59,6.61,12.33,0.66,-42.96,-2.79,-10.00
35,7,-1.00,-1.00,-1.00,-1.00,0.1067,1.9,2.15,5.16,10.99,1.88,-25.90,-1.77,-10.00
36,7,-1.00,-1.00,-1.00,-1.00,0.9669,3.0,2.54,7.00,-3.66,1.65,-10.02,-1.57,-10.00
36,7,-1.00,-1.00,-1.00,-1.00,0.2916,3.2,2.60,6.94,3.94,0.86,-34.37,1.55,-10.00
36,7,-1.00,-1.00,-1.00,-1.00,0.2669,2.3,2.32,5.24,36.68,-0.44,-14.55,-3.13,-10.00
36,7,-1.00,-1.00,-1.00,-1.00,0.1910,2.0,2.13,5.38,30.70,0.31,-28.28,3.03,-10.00
36,7,-1.00,-1.00,-1.00,-1.00,0.1086,2.4,2.23,5.74,-7.86,1.30,-45.96,1.53,-10.00
36,7,-1.00,-1.00,-1.00,-1.00,0.1067,2.6,2.34,5.83,31.89,-0.58,13.31,1.63,-10.00
37,7,-1.00,-1.00,-1.00,-1.00,0.9630,3.0,2.66,7.23,-3.24,1.74,-11.94,-1.63,-10.00
37,7,-1.00,-1.00,-1.00,-1.00,0.3298,2.0,2.11,5.59,-5.27,2.15,-38.54,-1.65,-10.00
37,7,-1.00,-1.00,-1.00,-1.00,0.1500,3.7,2.83,8.29,4.99,1.56,-32.66,1.56,-10.00
37,7,-1.00,-1.00,-1.00,-1.00,0.1177,3.0,2.57,5.99,39.76,-0.95,-31.92,2.41,-10.00
38,7,-1.00,-1.00,-1.00,-1.00,0.9564,2.9,2.56,6.92,-2.36,1.64,-14.71,-1.68,-10.00
38,7,-1.00,-1.00,-1.00,-1.00,0.1423,2.1,2.13,5.33,28.07,2.21,-18.77,-1.95,-10.00
38,7,-1.00,-1.00,-1.00,-1.00,0.1218,2.1,2.13,5.50,-19.24,-1.22,-42.26,1.09,-10.00
38,7,-1.00,-1.00,-1.00,-1.00,0.1107,2.0,2.04,5.15,18.08,1.86,-31.57,1.54,-10.00
38,7,-1.00,-1.00,-1.00,-1.00,0.1063,2.9,2.59,6.50,17.02,1.89,-47.76,-2.85,-10.00
