0,7,1291.82,428.88,1600.00,627.45,0.7748,2.0,2.20,5.72,8.66,1.69,14.68,2.90,-10.00
0,7,-1.00,-1.00,-1.00,-1.00,0.1035,2.2,2.24,5.75,16.03,0.85,-4.06,1.55,-10.00
0,7,-1.00,-1.00,-1.00,-1.00,0.1013,2.0,2.25,5.59,16.99,1.24,16.57,2.90,-10.00
1,7,1143.30,422.12,1600.00,631.88,0.7399,2.0,2.14,5.72,6.59,1.62,13.92,2.78,-10.00
1,7,-1.00,-1.00,-1.00,-1.00,0.2043,1.9,2.05,5.30,23.09,1.17,17.56,3.09,-10.00
1,7,-1.00,-1.00,-1.00,-1.00,0.1865,1.8,1.89,5.16,6.33,1.34,0.71,1.50,-10.00
1,7,-1.00,-1.00,-1.00,-1.00,0.1205,2.1,2.19,5.63,21.67,1.41,20.03,3.02,-10.00
1,7,1539.43,435.43,1600.00,569.78,0.1033,1.9,2.09,5.43,14.19,1.47,19.20,3.03,-10.00
2,7,983.59,412.95,1551.15,644.68,0.5262,1.9,2.11,5.63,4.53,1.55,12.67,2.65,-10.00
2,7,-1.00,-1.00,-1.00,-1.00,0.2039,1.8,1.91,5.17,6.30,1.39,0.69,-1.63,-10.00
2,7,-1.00,-1.00,-1.00,-1.00,0.1788,2.0,2.09,5.03,20.09,1.45,19.74,3.00,-10.00
2,7,1524.57,435.55,1600.00,570.68,0.1271,1.9,2.04,5.40,13.92,1.48,19.19,3.03,-10.00
2,7,-1.00,-1.00,-1.00,-1.00,0.1207,2.0,2.14,5.98,3.19,1.29,-23.96,-1.54,-10.00
2,7,-1.00,-1.00,-1.00,-1.00,0.1003,1.8,1.99,5.27,13.80,1.47,15.45,2.94,-10.00
3,7,758.83,391.28,1391.76,682.96,0.6490,2.0,2.16,5.79,2.42,1.57,11.14,2.50,-10.00
3,7,-1.00,-1.00,-1.00,-1.00,0.2262,1.8,1.90,5.17,6.33,1.34,0.68,1.51,-10.00
3,7,1560.37,442.21,1600.00,618.06,0.1750,1.8,2.02,5.37,11.71,1.62,14.89,2.84,-10.00
3,7,-1.00,-1.00,-1.00,-1.00,0.1571,2.0,2.04,5.12,19.75,1.25,19.66,2.99,-10.00
3,7,-1.00,-1.00,-1.00,-1.00,0.1095,1.9,2.06,5.42,28.00,0.98,21.66,3.05,-10.00
4,7,483.42,382.93,1236.85,763.85,0.4565,2.0,2.17,6.05,0.65,1.71,9.62,2.36,-10.00
4,7,-1.00,-1.00,-1.00,-1.00,0.2372,1.9,2.00,5.20,17.65,1.31,19.40,2.99,-10.00
4,7,-1.00,-1.00,-1.00,-1.00,0.2342,1.8,2.01,5.39,18.56,1.45,16.57,2.97,-10.00
4,7,1052.17,436.85,1168.62,519.46,0.1697,2.1,2.10,5.57,8.12,1.39,36.44,-1.57,-10.00
4,7,-1.00,-1.00,-1.00,-1.00,0.1614,2.0,2.15,5.66,26.65,1.08,17.59,3.03,-10.00
4,7,-1.00,-1.00,-1.00,-1.00,0.1223,1.9,2.10,5.73,2.87,1.34,-23.83,-1.59,-10.00
4,7,-1.00,-1.00,-1.00,-1.00,0.1091,1.8,1.89,5.16,6.30,1.38,0.75,1.51,-10.00
5,7,0.00,317.67,1054.93,900.00,0.6504,2.0,2.16,5.80,-0.96,1.64,6.97,2.17,-10.00
5,7,-1.00,-1.00,-1.00,-1.00,0.2205,1.9,1.99,5.24,16.03,1.42,19.13,2.98,-10.00
5,7,-1.00,-1.00,-1.00,-1.00,0.1468,2.0,2.14,5.57,24.24,1.43,17.14,3.00,-10.00
5,7,-1.00,-1.00,-1.00,-1.00,0.1213,1.7,1.87,5.14,6.35,1.30,0.71,1.50,-10.00
6,7,0.00,0.00,794.52,900.00,0.5253,1.9,2.13,5.57,-2.26,1.67,3.94,1.99,-10.00
6,7,-1.00,-1.00,-1.00,-1.00,0.1809,1.9,2.07,5.37,23.78,1.23,20.73,2.99,-10.00
6,7,-1.00,-1.00,-1.00,-1.00,0.1773,2.0,2.13,5.35,30.37,1.05,19.10,2.66,-10.00
6,7,-1.00,-1.00,-1.00,-1.00,0.1503,1.8,1.90,5.17,6.30,1.39,0.69,1.51,-10.00
6,7,1571.11,441.39,1600.00,571.40,0.1164,1.8,1.95,5.17,14.27,1.46,18.81,3.00,-10.00
6,7,-1.00,-1.00,-1.00,-1.00,0.1143,2.0,2.18,5.81,21.71,1.26,16.88,3.00,-10.00
6,7,980.50,429.64,1564.35,682.05,0.1097,1.8,2.06,5.34,4.17,1.65,11.41,2.59,-10.00
6,7,-1.00,-1.00,-1.00,-1.00,0.1075,1.9,2.10,5.71,2.92,1.28,-23.87,-1.60,-10.00
7,7,0.00,409.98,354.60,900.00,0.5621,2.0,2.21,5.79,-3.24,1.71,1.10,1.86,-10.00
7,7,-1.00,-1.00,-1.00,-1.00,0.1631,1.9,2.04,5.19,28.37,0.97,18.61,2.93,-10.00
7,7,-1.00,-1.00,-1.00,-1.00,0.1541,1.9,2.08,5.31,22.55,1.23,20.72,3.03,-10.00
7,7,-1.00,-1.00,-1.00,-1.00,0.1492,1.8,1.91,5.20,6.33,1.45,0.69,1.51,-10.00
7,7,1476.35,443.36,1600.00,572.90,0.1312,1.8,1.92,5.06,12.80,1.49,18.83,3.07,-10.00
7,7,-1.00,-1.00,-1.00,-1.00,0.1309,2.0,2.14,5.87,2.94,1.25,-24.03,-1.59,-10.00
8,7,-1.00,-1.00,-1.00,-1.00,0.4686,2.0,2.09,5.41,26.03,1.05,17.94,2.95,-10.00
8,7,-1.00,-1.00,-1.00,-1.00,0.4198,2.0,2.15,5.66,-3.89,1.61,-2.76,1.76,-10.00
8,7,-1.00,-1.00,-1.00,-1.00,0.1861,1.9,2.04,5.28,21.27,1.17,20.29,2.98,-10.00
8,7,1056.83,433.64,1166.33,515.83,0.1837,2.1,2.08,5.56,8.17,1.27,36.45,-1.53,-10.00
8,7,-1.00,-1.00,-1.00,-1.00,0.1737,1.8,1.94,5.28,6.29,1.49,0.70,1.51,-10.00
8,7,1426.27,430.87,1600.00,560.64,0.1209,1.8,1.97,5.03,12.03,1.32,18.86,3.09,-10.00
8,7,-1.00,-1.00,-1.00,-1.00,0.1030,1.9,2.07,5.36,17.21,1.38,15.82,2.94,-10.00
9,7,-1.00,-1.00,-1.00,-1.00,0.5524,2.0,2.14,5.66,-4.09,1.60,-6.68,1.60,-10.00
9,7,-1.00,-1.00,-1.00,-1.00,0.5006,2.0,2.11,5.49,23.28,1.04,17.60,2.93,-10.00
9,7,-1.00,-1.00,-1.00,-1.00,0.2950,1.9,2.11,5.45,19.43,1.26,20.03,2.96,-10.00
9,7,1257.57,445.48,1600.00,579.75,0.2384,1.9,2.01,5.21,9.49,1.63,19.14,-2.96,-10.00
9,7,-1.00,-1.00,-1.00,-1.00,0.1621,1.8,1.91,5.25,6.31,1.48,0.73,1.51,-10.00
9,7,1569.41,401.57,1600.00,550.51,0.1507,2.1,2.36,6.60,15.43,1.20,19.36,3.05,-10.00
9,7,1058.99,444.73,1168.00,520.64,0.1399,1.9,2.02,5.33,8.19,1.42,36.27,-1.55,-10.00
9,7,-1.00,-1.00,-1.00,-1.00,0.1276,1.9,2.10,5.79,2.90,1.24,-23.96,-1.60,-10.00
10,7,-1.00,-1.00,-1.00,-1.00,0.6936,2.0,2.15,5.70,20.57,1.17,17.01,2.93,-10.00
10,7,-1.00,-1.00,-1.00,-1.00,0.6649,2.0,2.15,5.85,-4.05,1.52,-11.21,1.56,-10.00
10,7,-1.00,-1.00,-1.00,-1.00,0.1936,1.8,1.90,5.20,6.33,1.35,0.68,1.51,-10.00
10,7,-1.00,-1.00,-1.00,-1.00,0.1811,1.8,2.05,5.30,17.86,1.15,19.52,2.92,-10.00
10,7,1127.38,439.24,1489.88,567.35,0.1642,1.9,1.99,5.14,7.63,1.54,20.15,-2.75,-10.00
10,7,-1.00,-1.00,-1.00,-1.00,0.1628,2.0,2.16,5.95,2.96,1.34,-23.90,-1.60,-10.00
10,7,-1.00,-1.00,-1.00,-1.00,0.1235,2.5,2.53,6.30,-14.55,0.40,-44.03,1.59,-10.00
10,7,-1.00,-1.00,-1.00,-1.00,0.1072,2.0,2.11,5.76,1.46,0.99,-42.95,-1.55,-10.00
11,7,-1.00,-1.00,-1.00,-1.00,0.7333,2.0,2.17,5.80,17.87,1.23,16.56,2.94,-10.00
11,7,-1.00,-1.00,-1.00,-1.00,0.5693,1.9,2.08,5.59,-4.11,1.39,-15.73,1.55,-10.00
11,7,-1.00,-1.00,-1.00,-1.00,0.2834,1.8,1.93,5.30,6.33,1.47,0.70,1.51,-10.00
11,7,1592.51,450.87,1600.00,580.14,0.1904,1.8,1.98,5.20,14.68,1.59,18.92,2.98,-10.00
11,7,-1.00,-1.00,-1.00,-1.00,0.1470,1.8,2.11,5.34,-8.10,1.46,-25.56,1.52,-10.00
11,7,1056.49,444.14,1167.45,517.43,0.1441,1.9,1.99,5.34,8.15,1.32,36.30,-1.56,-10.00
12,7,-1.00,-1.00,-1.00,-1.00,0.7447,2.0,2.12,5.60,-4.10,1.27,-20.49,1.55,-10.00
12,7,-1.00,-1.00,-1.00,-1.00,0.6770,2.1,2.23,5.94,15.36,1.23,16.25,2.98,-10.00
12,7,1152.79,443.96,1600.00,625.82,0.1159,1.8,1.96,5.19,6.49,1.61,14.04,2.85,-10.00
12,7,-1.00,-1.00,-1.00,-1.00,0.1156,1.9,2.23,5.78,-8.66,1.75,-30.51,-1.47,-10.00
12,7,-1.00,-1.00,-1.00,-1.00,0.1152,1.8,1.91,5.19,6.31,1.44,0.69,1.51,-10.00
12,7,-1.00,-1.00,-1.00,-1.00,0.1151,1.9,2.14,5.68,1.77,0.99,-36.55,-1.44,-10.00
13,7,1575.87,403.82,1600.00,591.70,0.6915,2.1,2.24,6.02,13.02,1.44,15.84,2.96,-10.00
13,7,-1.00,-1.00,-1.00,-1.00,0.6527,2.0,2.20,5.95,-4.10,1.27,-25.72,1.55,-10.00
13,7,-1.00,-1.00,-1.00,-1.00,0.2025,1.9,2.11,5.46,26.54,0.91,18.05,2.85,-10.00
13,7,669.10,473.76,830.10,530.88,0.1665,2.0,2.32,5.73,-2.89,2.22,46.25,2.99,-10.00
13,7,-1.00,-1.00,-1.00,-1.00,0.1209,1.9,2.10,5.68,1.86,1.09,-34.17,-1.58,-10.00
13,7,-1.00,-1.00,-1.00,-1.00,0.1051,1.9,2.09,5.78,3.19,1.25,-23.46,-1.57,-10.00
13,7,-1.00,-1.00,-1.00,-1.00,0.1034,1.8,1.99,5.30,6.34,1.41,0.73,1.49,-10.00
14,7,1419.59,406.84,1600.00,598.03,0.7286,2.1,2.28,6.07,10.80,1.47,15.41,2.97,-10.00
14,7,-1.00,-1.00,-1.00,-1.00,0.2344,1.9,2.09,5.43,23.65,1.02,17.60,3.02,-10.00
14,7,-1.00,-1.00,-1.00,-1.00,0.2101,1.9,2.03,5.44,-4.01,1.00,-31.36,1.54,-10.00
14,7,-1.00,-1.00,-1.00,-1.00,0.1456,1.8,1.92,5.20,6.31,1.48,0.70,1.51,-10.00
14,7,-1.00,-1.00,-1.00,-1.00,0.1252,2.0,2.10,5.79,1.93,1.08,-32.38,-1.55,-10.00
14,7,1060.56,430.62,1178.53,513.79,0.1140,2.1,2.09,5.67,8.44,1.22,36.69,-1.57,-10.00
14,7,875.81,458.97,1048.67,549.83,0.1014,1.9,1.91,4.94,2.92,1.78,28.31,-1.91,-10.00
15,7,1260.92,412.86,1600.00,607.80,0.6865,2.1,2.18,5.88,8.45,1.52,14.93,2.91,-10.00
15,7,-1.00,-1.00,-1.00,-1.00,0.5907,1.9,2.07,5.39,20.66,1.20,17.00,2.96,-10.00
15,7,-1.00,-1.00,-1.00,-1.00,0.4135,1.9,2.08,5.62,-3.99,0.85,-36.81,1.56,-10.00
15,7,-1.00,-1.00,-1.00,-1.00,0.1412,1.9,2.10,5.73,2.91,1.22,-23.86,-1.59,-10.00
15,7,865.49,468.08,1007.87,555.15,0.1310,1.9,1.95,4.92,2.49,1.98,29.78,-1.79,-10.00
15,7,-1.00,-1.00,-1.00,-1.00,0.1230,1.9,2.21,5.68,-8.26,1.56,-25.05,1.53,-10.00
15,7,-1.00,-1.00,-1.00,-1.00,0.1179,1.9,2.08,5.70,1.89,1.19,-31.55,-1.46,-10.00
16,7,1087.19,396.04,1600.00,608.23,0.7521,2.1,2.25,6.01,6.23,1.44,14.33,2.82,-10.00
16,7,-1.00,-1.00,-1.00,-1.00,0.3235,2.0,2.14,5.94,-4.01,0.81,-41.79,1.58,-10.00
16,7,-1.00,-1.00,-1.00,-1.00,0.2353,1.8,1.96,5.19,17.51,1.22,16.53,2.98,-10.00
16,7,-1.00,-1.00,-1.00,-1.00,0.2020,1.7,1.88,5.10,6.33,1.33,0.71,1.51,-10.00
16,7,845.69,458.87,941.08,534.22,0.1702,1.9,1.93,4.96,1.77,1.77,34.99,-1.67,-10.00
16,7,-1.00,-1.00,-1.00,-1.00,0.1562,1.9,2.02,5.50,2.02,1.23,-31.29,-1.39,-10.00
16,7,-1.00,-1.00,-1.00,-1.00,0.1271,1.9,2.06,5.59,2.89,1.12,-24.11,-1.56,-10.00
17,7,910.76,396.02,1498.53,626.77,0.7012,2.1,2.22,5.95,4.08,1.50,13.45,2.74,-10.00
17,7,-1.00,-1.00,-1.00,-1.00,0.2631,1.9,2.11,5.46,14.78,1.32,16.28,3.00,-10.00
17,7,836.87,454.56,915.13,523.94,0.1967,1.9,1.99,5.10,1.44,1.62,38.64,-1.61,-10.00
17,7,1157.41,444.86,1502.48,572.41,0.1877,1.9,2.03,5.09,8.35,1.68,21.01,-2.70,-10.00
17,7,1359.27,421.12,1600.00,575.03,0.1791,2.3,2.44,6.41,12.44,1.66,20.47,-2.98,-10.00
17,7,-1.00,-1.00,-1.00,-1.00,0.1398,2.2,2.42,5.94,-2.66,0.73,-42.67,1.54,-10.00
17,7,-1.00,-1.00,-1.00,-1.00,0.1234,2.0,2.15,5.76,3.17,1.34,-23.24,-1.61,-10.00
17,7,-1.00,-1.00,-1.00,-1.00,0.1223,1.8,2.01,5.34,6.34,1.51,0.73,1.49,-10.00
17,7,1057.95,444.58,1166.72,517.69,0.1203,1.8,1.98,5.43,8.13,1.32,36.17,-1.55,-10.00
18,7,725.82,387.10,1349.23,650.31,0.6819,2.0,2.22,5.89,2.17,1.51,12.16,2.61,-10.00
18,7,-1.00,-1.00,-1.00,-1.00,0.2071,2.0,2.14,5.49,25.32,1.18,17.84,2.89,-10.00
18,7,1225.22,431.96,1592.65,569.36,0.2050,2.1,2.15,5.26,9.57,1.63,21.00,-2.74,-10.00
18,7,835.20,469.12,906.37,532.79,0.1882,1.9,2.00,4.96,1.39,2.05,41.35,-1.60,-10.00
18,7,-1.00,-1.00,-1.00,-1.00,0.1629,1.8,1.94,5.22,6.30,1.51,0.73,1.52,-10.00
18,7,-1.00,-1.00,-1.00,-1.00,0.1069,1.9,2.06,5.62,2.85,1.18,-23.83,-1.59,-10.00
19,7,497.67,376.84,1195.35,691.45,0.7114,2.0,2.21,5.89,0.42,1.56,10.81,2.49,-10.00
19,7,1304.44,434.10,1600.00,599.54,0.3523,1.9,2.01,5.30,8.95,1.51,15.55,2.98,-10.00
19,7,625.56,447.16,930.90,553.48,0.2217,2.0,2.27,5.73,-0.98,1.60,24.70,-0.08,-10.00
19,7,-1.00,-1.00,-1.00,-1.00,0.1877,1.8,1.93,5.23,6.30,1.46,0.66,1.51,-10.00
19,7,-1.00,-1.00,-1.00,-1.00,0.1749,1.8,1.96,5.04,22.84,1.04,17.17,2.97,-10.00
19,7,1058.96,431.52,1170.58,511.85,0.1498,2.0,2.05,5.51,8.27,1.15,36.50,-1.55,-10.00
19,7,-1.00,-1.00,-1.00,-1.00,0.1057,2.0,2.10,6.15,1.96,1.25,-30.98,-1.43,-10.00
20,7,125.16,327.87,1003.51,765.44,0.6282,2.0,2.18,5.95,-1.24,1.49,8.73,2.23,-10.00
20,7,-1.00,-1.00,-1.00,-1.00,0.2634,1.9,2.08,5.42,20.98,1.27,16.90,2.96,-10.00
20,7,832.63,460.66,893.92,517.05,0.1561,2.0,2.14,5.50,1.54,1.84,50.53,-1.48,-10.00
20,7,1270.95,405.15,1600.00,543.58,0.1396,2.7,2.48,6.67,12.96,1.48,25.78,0.01,-10.00
20,7,1068.77,439.37,1553.42,610.28,0.1336,1.8,1.99,5.12,5.67,1.55,14.84,2.88,-10.00
20,7,-1.00,-1.00,-1.00,-1.00,0.1243,1.8,1.90,5.12,6.30,1.41,0.69,-1.63,-10.00
20,7,-1.00,-1.00,-1.00,-1.00,0.1179,1.9,1.98,5.36,-3.52,0.97,-44.52,1.55,-10.00
20,7,1053.89,442.06,1171.87,523.44,0.1041,2.1,2.10,5.34,8.21,1.51,36.49,-1.59,-10.00
21,7,0.00,258.27,801.42,900.00,0.5743,2.0,2.17,5.90,-2.52,1.57,6.54,2.06,-10.00
21,7,877.24,438.76,1392.71,625.18,0.2205,1.8,2.01,5.38,3.45,1.58,14.04,2.78,-10.00
21,7,-1.00,-1.00,-1.00,-1.00,0.2045,1.8,2.01,5.41,6.37,1.51,0.72,1.50,-10.00
21,7,-1.00,-1.00,-1.00,-1.00,0.1662,2.6,2.30,6.49,-4.56,0.62,-50.50,1.63,-10.00
21,7,291.24,424.02,532.33,521.76,0.1548,3.1,2.77,7.34,-13.83,1.70,42.34,3.00,-10.00
21,7,-1.00,-1.00,-1.00,-1.00,0.1225,1.8,1.98,5.11,19.05,1.39,16.60,2.96,-10.00
22,7,0.00,0.00,543.91,900.00,0.4030,2.0,2.17,5.76,-3.39,1.57,4.01,1.90,-10.00
22,7,716.40,430.24,1236.12,644.06,0.3468,1.9,2.00,5.23,1.65,1.61,13.07,2.60,-10.00
22,7,-1.00,-1.00,-1.00,-1.00,0.1642,1.8,2.04,5.12,18.15,1.35,16.36,2.97,-10.00
22,7,1051.86,423.70,1173.44,514.27,0.1270,2.3,2.15,5.71,8.17,1.22,36.42,-1.58,-10.00
22,7,-1.00,-1.00,-1.00,-1.00,0.1238,1.8,1.90,5.21,6.31,1.44,0.67,1.51,-10.00
22,7,-1.00,-1.00,-1.00,-1.00,0.1205,1.9,2.11,5.61,-4.65,1.28,-34.49,1.56,-10.00
23,7,0.00,375.31,71.19,900.00,0.5463,2.0,2.17,5.76,-3.84,1.62,1.12,1.73,-10.00
23,7,508.52,400.34,1114.82,660.86,0.5199,1.9,2.10,5.57,0.08,1.52,11.75,2.45,-10.00
23,7,-1.00,-1.00,-1.00,-1.00,0.3355,2.4,2.29,5.68,28.92,0.89,18.80,2.94,-10.00
23,7,-1.00,-1.00,-1.00,-1.00,0.1810,1.8,2.04,5.21,17.07,1.49,16.16,2.97,-10.00
23,7,-1.00,-1.00,-1.00,-1.00,0.1758,1.8,1.93,5.22,6.33,1.51,0.71,1.51,-10.00
23,7,669.54,449.50,950.29,555.62,0.1180,2.0,2.07,5.32,-0.34,1.72,25.56,-2.79,-10.00
23,7,-1.00,-1.00,-1.00,-1.00,0.1138,2.9,2.87,9.60,35.48,0.95,24.02,2.97,-10.00
24,7,-1.00,-1.00,-1.00,-1.00,0.4190,2.2,2.27,5.99,-4.14,1.68,-2.11,1.62,-10.00
24,7,-1.00,-1.00,-1.00,-1.00,0.4151,2.5,2.32,5.59,27.50,0.91,18.46,2.96,-10.00
24,7,273.09,411.95,960.58,722.03,0.3727,1.8,2.02,5.48,-1.30,1.63,10.17,2.27,-10.00
24,7,-1.00,-1.00,-1.00,-1.00,0.3092,2.0,2.21,5.63,29.57,0.97,22.34,2.94,-10.00
24,7,-1.00,-1.00,-1.00,-1.00,0.1596,1.9,2.17,5.72,-4.75,1.12,-44.88,1.59,-10.00
24,7,-1.00,-1.00,-1.00,-1.00,0.1588,1.8,2.12,5.48,-8.32,1.41,-30.74,1.56,-10.00
24,7,547.52,459.63,818.13,552.90,0.1302,1.9,2.19,5.58,-3.19,1.82,27.89,-2.80,-10.00
24,7,-1.00,-1.00,-1.00,-1.00,0.1277,1.9,2.09,5.84,2.90,1.16,-24.11,-1.52,-10.00
25,7,0.00,425.75,786.70,847.20,0.5883,1.9,2.04,5.37,-2.53,1.81,8.39,2.08,-10.00
25,7,-1.00,-1.00,-1.00,-1.00,0.5010,2.1,2.26,5.94,-4.13,1.58,-5.47,1.58,-10.00
25,7,-1.00,-1.00,-1.00,-1.00,0.4278,2.4,2.29,5.66,25.46,1.21,18.13,3.03,-10.00
25,7,-1.00,-1.00,-1.00,-1.00,0.3574,2.3,2.34,5.87,26.83,1.14,21.72,2.93,-10.00
25,7,-1.00,-1.00,-1.00,-1.00,0.2723,2.0,2.16,5.75,-4.83,1.36,-50.43,1.59,-10.00
25,7,-1.00,-1.00,-1.00,-1.00,0.1611,1.8,1.92,5.20,6.31,1.44,0.69,1.50,-10.00
25,7,895.22,477.49,956.77,532.50,0.1172,2.1,2.11,5.55,3.95,2.50,50.68,-1.56,-10.00
25,7,-1.00,-1.00,-1.00,-1.00,0.1146,2.0,2.07,5.86,1.99,1.18,-31.13,-1.44,-10.00
26,7,0.00,378.10,600.77,900.00,0.7028,1.9,2.06,5.41,-3.41,1.78,6.23,1.92,-10.00
26,7,-1.00,-1.00,-1.00,-1.00,0.6942,2.0,2.16,5.82,-4.10,1.59,-9.31,1.56,-10.00
26,7,-1.00,-1.00,-1.00,-1.00,0.6492,2.7,2.47,6.02,24.70,1.19,21.27,2.99,-10.00
26,7,-1.00,-1.00,-1.00,-1.00,0.3641,2.7,2.47,6.20,24.83,1.37,18.13,3.04,-10.00
26,7,-1.00,-1.00,-1.00,-1.00,0.1617,3.6,2.88,11.01,5.27,1.38,-45.49,-1.54,-10.00
26,7,-1.00,-1.00,-1.00,-1.00,0.1280,1.8,1.89,5.12,6.31,1.38,0.67,1.51,-10.00
26,7,-1.00,-1.00,-1.00,-1.00,0.1178,1.9,2.08,5.80,1.91,1.11,-31.03,-1.50,-10.00
27,7,-1.00,-1.00,-1.00,-1.00,0.6862,2.0,2.13,5.69,-4.06,1.45,-13.30,1.57,-10.00
27,7,-1.00,-1.00,-1.00,-1.00,0.5663,3.0,2.68,6.73,23.07,1.30,21.10,2.96,-10.00
27,7,-1.00,-1.00,-1.00,-1.00,0.5065,2.3,2.29,5.91,23.61,1.12,17.81,3.01,-10.00
27,7,0.00,273.23,416.55,900.00,0.3488,1.8,2.06,5.46,-3.83,1.75,4.26,1.81,-10.00
27,7,-1.00,-1.00,-1.00,-1.00,0.1440,1.9,2.09,5.87,2.02,1.15,-31.04,-1.42,-10.00
28,7,-1.00,-1.00,-1.00,-1.00,0.6932,2.0,2.23,6.03,-4.07,1.35,-17.29,1.55,-10.00
28,7,-1.00,-1.00,-1.00,-1.00,0.5925,2.1,2.11,5.28,20.03,0.79,20.16,2.91,-10.00
28,7,-1.00,-1.00,-1.00,-1.00,0.5006,2.1,2.20,5.69,23.00,0.95,17.49,2.96,-10.00
28,7,-1.00,-1.00,-1.00,-1.00,0.2762,1.9,2.04,5.47,-4.32,1.80,1.48,1.69,-10.00
28,7,-1.00,-1.00,-1.00,-1.00,0.1722,2.0,2.13,6.06,2.03,1.15,-30.96,-1.47,-10.00
28,7,-1.00,-1.00,-1.00,-1.00,0.1157,1.9,2.08,5.82,2.92,1.18,-23.95,-1.58,-10.00
28,7,332.74,418.74,459.62,530.99,0.1101,3.4,2.76,6.25,-14.17,2.00,41.75,-1.70,-10.00
29,7,-1.00,-1.00,-1.00,-1.00,0.6102,2.1,2.20,5.56,22.54,1.01,17.41,2.98,-10.00
29,7,-1.00,-1.00,-1.00,-1.00,0.5608,2.0,2.20,5.76,-4.05,1.32,-20.78,1.57,-10.00
29,7,-1.00,-1.00,-1.00,-1.00,0.5597,2.1,2.19,5.36,18.26,0.90,19.75,2.96,-10.00
29,7,-1.00,-1.00,-1.00,-1.00,0.3938,1.9,2.06,5.46,-4.38,1.76,-0.94,1.61,-10.00
30,7,-1.00,-1.00,-1.00,-1.00,0.7441,2.0,2.17,5.46,21.92,0.96,17.32,2.98,-10.00
30,7,-1.00,-1.00,-1.00,-1.00,0.6157,2.0,2.22,5.92,-4.05,1.32,-25.01,1.56,-10.00
30,7,-1.00,-1.00,-1.00,-1.00,0.4738,1.9,2.05,5.36,-4.46,1.75,-3.75,1.55,-10.00
30,7,-1.00,-1.00,-1.00,-1.00,0.4042,2.3,2.26,5.29,16.67,1.17,19.52,2.96,-10.00
31,7,-1.00,-1.00,-1.00,-1.00,0.7927,2.1,2.23,5.68,21.75,1.14,17.37,2.97,-10.00
31,7,-1.00,-1.00,-1.00,-1.00,0.7394,2.0,2.18,5.78,-4.08,1.33,-28.93,1.55,-10.00
31,7,-1.00,-1.00,-1.00,-1.00,0.3927,1.9,1.99,5.23,-4.44,1.71,-6.59,1.55,-10.00
31,7,-1.00,-1.00,-1.00,-1.00,0.2587,2.1,2.15,5.22,15.61,1.37,19.24,2.95,-10.00
31,7,-1.00,-1.00,-1.00,-1.00,0.1289,1.9,2.07,5.59,-3.52,0.93,-50.32,1.59,-10.00
31,7,-1.00,-1.00,-1.00,-1.00,0.1239,1.9,2.10,5.93,1.97,1.18,-31.09,-1.45,-10.00
32,7,-1.00,-1.00,-1.00,-1.00,0.6268,2.3,2.39,6.01,21.66,1.07,17.37,2.99,-10.00
32,7,-1.00,-1.00,-1.00,-1.00,0.6123,2.0,2.22,5.65,-4.19,1.21,-32.50,1.54,-10.00
32,7,-1.00,-1.00,-1.00,-1.00,0.4527,2.3,2.23,5.26,15.32,1.47,19.20,2.93,-10.00
32,7,-1.00,-1.00,-1.00,-1.00,0.3324,1.9,1.97,5.18,-4.42,1.71,-9.16,1.55,-10.00
32,7,-1.00,-1.00,-1.00,-1.00,0.1479,1.9,2.12,5.87,1.98,1.08,-30.86,-1.47,-10.00
32,7,602.93,480.20,693.18,543.79,0.1012,1.9,2.03,5.50,-5.61,2.34,40.03,1.58,-10.00
33,7,-1.00,-1.00,-1.00,-1.00,0.6773,2.0,2.12,5.59,-4.31,1.02,-35.12,1.60,-10.00
33,7,-1.00,-1.00,-1.00,-1.00,0.6599,1.9,2.05,5.33,-4.46,1.64,-11.32,1.59,-10.00
33,7,-1.00,-1.00,-1.00,-1.00,0.5660,2.3,2.39,6.04,21.74,1.11,17.43,2.96,-10.00
33,7,1592.20,392.22,1600.00,574.99,0.4710,2.5,2.25,5.09,14.73,1.52,18.97,2.95,-10.00
33,7,-1.00,-1.00,-1.00,-1.00,0.1119,1.9,2.09,5.99,1.98,1.22,-30.84,-1.46,-10.00
34,7,-1.00,-1.00,-1.00,-1.00,0.6658,2.2,2.31,5.81,21.59,1.10,17.37,2.98,-10.00
34,7,1581.40,388.48,1600.00,572.83,0.5113,2.6,2.24,4.95,14.56,1.50,19.10,2.93,-10.00
34,7,-1.00,-1.00,-1.00,-1.00,0.4930,1.9,2.08,5.43,-4.86,0.93,-38.35,1.75,-10.00
34,7,-1.00,-1.00,-1.00,-1.00,0.4889,1.9,2.00,5.34,-4.44,1.58,-13.57,1.57,-10.00
34,7,-1.00,-1.00,-1.00,-1.00,0.1379,2.0,2.18,5.39,35.32,0.45,23.97,2.93,-10.00
34,7,556.28,487.81,676.88,561.19,0.1207,1.8,2.05,5.44,-5.67,2.46,34.60,1.64,-10.00
35,7,1541.36,368.22,1600.00,585.91,0.6502,3.0,2.58,5.99,14.61,1.68,19.13,3.00,-10.00
35,7,-1.00,-1.00,-1.00,-1.00,0.5044,1.9,2.06,5.40,-5.81,0.94,-41.34,1.86,-10.00
35,7,-1.00,-1.00,-1.00,-1.00,0.4843,2.2,2.34,5.95,21.55,1.06,17.34,2.99,-10.00
35,7,-1.00,-1.00,-1.00,-1.00,0.2415,1.9,1.99,5.18,-4.51,1.55,-15.44,1.60,-10.00
35,7,-1.00,-1.00,-1.00,-1.00,0.1841,2.0,2.11,5.77,1.97,1.08,-30.90,-1.48,-10.00
35,7,-1.00,-1.00,-1.00,-1.00,0.1328,2.0,2.15,5.49,32.21,0.69,22.41,2.64,-10.00
35,7,-1.00,-1.00,-1.00,-1.00,0.1266,1.8,2.09,5.44,-8.01,1.53,-25.10,1.52,-10.00
35,7,-1.00,-1.00,-1.00,-1.00,0.1257,1.9,2.09,5.79,2.90,1.17,-24.02,-1.57,-10.00
35,7,641.92,477.61,729.39,539.19,0.1175,2.1,2.10,5.54,-5.04,2.50,45.58,1.66,-10.00
35,7,-1.00,-1.00,-1.00,-1.00,0.1150,1.9,2.12,5.73,-1.79,1.29,-35.78,-1.51,-10.00
35,7,718.83,473.91,793.11,538.37,0.1008,1.9,2.03,5.53,-2.13,2.13,39.27,1.57,-10.00
36,7,-1.00,-1.00,-1.00,-1.00,0.6341,2.3,2.37,6.00,21.65,1.04,17.44,2.95,-10.00
36,7,1503.69,398.86,1600.00,564.98,0.6017,2.3,2.24,5.11,13.34,1.38,18.88,3.00,-10.00
36,7,-1.00,-1.00,-1.00,-1.00,0.4816,2.0,2.11,5.37,-6.73,1.03,-44.12,1.91,-10.00
36,7,-1.00,-1.00,-1.00,-1.00,0.3420,1.9,2.06,5.37,-4.47,1.45,-17.02,1.60,-10.00
36,7,-1.00,-1.00,-1.00,-1.00,0.1447,2.0,2.21,5.91,-8.06,1.36,-33.61,1.63,-10.00
36,7,-1.00,-1.00,-1.00,-1.00,0.1400,2.0,2.18,5.50,30.91,0.84,22.01,2.77,-10.00
36,7,710.88,468.94,785.12,538.32,0.1065,1.9,2.03,5.66,-2.36,2.02,37.23,1.50,-10.00
36,7,-1.00,-1.00,-1.00,-1.00,0.1007,2.0,2.11,6.05,2.02,1.18,-31.25,-1.42,-10.00
37,7,-1.00,-1.00,-1.00,-1.00,0.6778,2.2,2.36,5.93,21.59,1.02,17.39,2.97,-10.00
37,7,-1.00,-1.00,-1.00,-1.00,0.5079,2.0,2.10,5.28,-7.57,0.95,-46.93,1.86,-10.00
37,7,1484.88,384.82,1600.00,573.19,0.5018,2.6,2.28,5.42,13.20,1.49,18.88,3.00,-10.00
37,7,-1.00,-1.00,-1.00,-1.00,0.2821,1.9,2.06,5.41,-4.54,1.42,-18.67,1.57,-10.00
37,7,-1.00,-1.00,-1.00,-1.00,0.1395,1.9,2.16,5.55,31.60,0.85,22.34,2.74,-10.00
37,7,-1.00,-1.00,-1.00,-1.00,0.1091,1.8,2.11,5.66,-8.29,1.53,-24.69,1.49,-10.00
37,7,-1.00,-1.00,-1.00,-1.00,0.1076,2.0,2.17,5.71,-7.66,1.17,-35.23,1.55,-10.00
38,7,-1.00,-1.00,-1.00,-1.00,0.7515,2.3,2.38,5.97,21.58,1.09,17.43,2.96,-10.00
38,7,1408.66,406.67,1600.00,572.24,0.6305,2.3,2.32,5.53,12.05,1.47,18.79,3.07,-10.00
38,7,-1.00,-1.00,-1.00,-1.00,0.5764,2.0,2.12,5.46,-8.33,0.82,-49.52,1.79,-10.00
38,7,-1.00,-1.00,-1.00,-1.00,0.4529,1.9,2.07,5.47,-4.55,1.33,-19.61,1.59,-10.00
38,7,-1.00,-1.00,-1.00,-1.00,0.1753,1.8,2.13,5.72,-8.26,1.54,-24.63,1.52,-10.00
38,7,-1.00,-1.00,-1.00,-1.00,0.1182,1.9,2.09,5.86,2.93,1.20,-23.99,-1.58,-10.00
38,7,-1.00,-1.00,-1.00,-1.00,0.1131,1.9,2.11,5.94,2.03,1.20,-31.16,-1.43,-10.00
38,7,-1.00,-1.00,-1.00,-1.00,0.1099,1.9,2.20,5.46,-7.97,1.08,-36.88,1.55,-10.00
38,7,706.28,465.21,800.17,545.84,0.1028,1.9,2.01,5.42,-1.81,1.95,32.62,1.59,-10.00
39,7,-1.00,-1.00,-1.00,-1.00,0.6987,2.3,2.34,5.91,21.66,1.11,17.38,2.99,-10.00
39,7,1355.25,413.23,1600.00,580.04,0.6359,2.3,2.32,5.57,11.23,1.58,18.77,-3.13,-10.00
39,7,-1.00,-1.00,-1.00,-1.00,0.4467,1.8,2.10,5.51,-4.55,1.35,-20.38,1.61,-10.00
39,7,-1.00,-1.00,-1.00,-1.00,0.2905,2.0,2.10,5.22,-8.81,0.68,-51.29,1.77,-10.00
39,7,568.83,462.09,685.99,541.87,0.1636,2.0,2.21,5.79,-5.43,1.99,34.97,1.60,-10.00
39,7,692.54,451.81,791.27,543.47,0.1422,2.0,2.11,5.71,-2.15,1.75,30.13,1.46,-10.00
39,7,-1.00,-1.00,-1.00,-1.00,0.1183,2.0,2.14,5.69,23.11,1.39,21.08,2.76,-10.00
39,7,-1.00,-1.00,-1.00,-1.00,0.1131,1.9,2.07,5.92,1.95,1.18,-31.08,-1.45,-10.00
39,7,-1.00,-1.00,-1.00,-1.00,0.1057,1.9,2.18,5.76,-8.27,1.49,-24.94,1.51,-10.00
39,7,-1.00,-1.00,-1.00,-1.00,0.1056,1.9,2.07,5.80,2.84,1.10,-24.16,-1.56,-10.00
