0,7,-1.00,-1.00,-1.00,-1.00,0.5842,3.8,2.88,8.68,15.86,1.06,-23.43,1.58,-10.00
0,7,-1.00,-1.00,-1.00,-1.00,0.4819,2.0,2.16,5.79,12.67,1.39,-23.76,-1.53,-10.00
0,7,-1.00,-1.00,-1.00,-1.00,0.2342,3.5,2.98,7.84,39.84,0.58,14.17,3.05,-10.00
0,7,-1.00,-1.00,-1.00,-1.00,0.2161,3.2,2.48,5.46,21.59,1.76,16.77,-1.62,-10.00
0,7,-1.00,-1.00,-1.00,-1.00,0.2068,2.2,2.34,5.81,-39.99,0.19,-23.14,-1.62,-10.00
0,7,1054.99,386.92,1345.10,484.34,0.1753,2.0,2.23,5.73,9.10,0.98,28.17,3.13,-10.00
0,7,716.94,381.96,865.57,446.02,0.1714,2.4,2.35,5.69,0.13,0.30,50.10,3.06,-10.00
0,7,1272.41,391.69,1523.33,517.41,0.1374,2.0,2.03,5.25,10.59,1.26,22.42,1.60,-10.00
0,7,-1.00,-1.00,-1.00,-1.00,0.1317,2.3,2.34,6.01,16.80,1.44,-47.00,-1.64,-10.00
0,7,-1.00,-1.00,-1.00,-1.00,0.1224,3.8,2.96,8.63,20.94,1.12,-22.54,1.55,-10.00
0,7,-1.00,-1.00,-1.00,-1.00,0.1193,2.0,2.12,5.21,-17.33,1.06,-16.06,-0.08,-10.00
0,7,-1.00,-1.00,-1.00,-1.00,0.1167,2.1,2.36,5.93,26.64,0.76,15.55,1.44,-10.00
0,7,-1.00,-1.00,-1.00,-1.00,0.1157,2.0,2.33,5.95,-43.02,1.89,1.91,-1.23,-10.00
0,7,-1.00,-1.00,-1.00,-1.00,0.1079,3.7,3.32,11.90,-40.35,0.69,-28.83,1.54,-10.00
0,7,-1.00,-1.00,-1.00,-1.00,0.1049,2.0,2.17,5.39,-17.69,1.04,-13.67,3.02,-10.00
0,7,1004.15,391.18,1166.85,488.26,0.1016,2.1,2.21,6.05,6.90,1.09,29.96,-1.61,-10.00
1,7,-1.00,-1.00,-1.00,-1.00,0.4444,3.6,2.87,8.94,15.88,0.93,-26.92,1.58,-10.00
1,7,-1.00,-1.00,-1.00,-1.00,0.4201,2.0,2.12,5.71,12.61,1.00,-27.48,-1.56,-10.00
1,7,-1.00,-1.00,-1.00,-1.00,0.2861,2.9,2.64,6.73,24.12,0.78,12.17,-0.05,-10.00
1,7,-1.00,-1.00,-1.00,-1.00,0.2814,3.8,2.88,8.40,21.68,0.90,-29.51,1.56,-10.00
1,7,-1.00,-1.00,-1.00,-1.00,0.2234,2.7,2.91,6.93,-40.14,1.52,-27.46,-1.60,-10.00
1,7,-1.00,-1.00,-1.00,-1.00,0.2015,2.2,2.25,5.76,-34.39,2.13,-16.96,-0.04,-10.00
1,7,45.77,420.70,270.08,527.54,0.1648,3.6,2.75,6.40,-21.76,3.00,43.94,-3.13,-10.00
1,7,-1.00,-1.00,-1.00,-1.00,0.1647,3.7,2.87,8.54,21.99,0.85,-23.86,-1.51,-10.00
1,7,754.43,370.12,824.83,459.40,0.1599,3.3,2.62,6.41,0.19,0.82,50.61,-1.54,-10.00
1,7,-1.00,-1.00,-1.00,-1.00,0.1564,2.5,2.54,6.54,17.62,1.49,-49.33,-0.10,-10.00
1,7,-1.00,-1.00,-1.00,-1.00,0.1460,2.9,2.61,6.58,-35.48,2.31,-19.93,-1.58,-10.00
1,7,1240.46,277.39,1600.00,487.10,0.1432,4.1,2.82,7.33,13.56,0.94,26.14,0.06,-10.00
1,7,-1.00,-1.00,-1.00,-1.00,0.1420,2.8,2.56,6.46,32.50,-0.83,25.20,-0.04,-10.00
1,7,-1.00,-1.00,-1.00,-1.00,0.1401,2.4,2.27,5.89,44.02,0.33,7.16,0.00,-10.00
1,7,-1.00,-1.00,-1.00,-1.00,0.1267,1.9,2.12,5.57,10.53,1.50,-51.00,1.56,-10.00
1,7,-1.00,-1.00,-1.00,-1.00,0.1221,2.1,2.25,5.72,-32.14,2.23,-17.83,1.58,-10.00
1,7,-1.00,-1.00,-1.00,-1.00,0.1179,2.1,2.27,6.01,-29.13,2.05,-18.38,1.60,-10.00
1,7,-1.00,-1.00,-1.00,-1.00,0.1147,2.1,2.23,5.86,20.05,0.80,1.77,-1.64,-10.00
1,7,-1.00,-1.00,-1.00,-1.00,0.1136,3.3,2.71,8.33,20.28,0.72,-2.96,2.96,-10.00
1,7,-1.00,-1.00,-1.00,-1.00,0.1134,2.2,2.24,5.75,16.36,0.72,-51.62,1.54,-10.00
1,7,-1.00,-1.00,-1.00,-1.00,0.1104,3.2,2.50,6.67,16.54,0.73,17.01,1.56,-10.00
1,7,-1.00,-1.00,-1.00,-1.00,0.1096,1.9,2.07,5.10,-17.00,1.60,-19.72,3.06,-10.00
1,7,1561.01,292.60,1600.00,509.35,0.1057,2.6,2.26,5.70,13.65,0.87,17.96,1.68,-10.00
1,7,-1.00,-1.00,-1.00,-1.00,0.1054,2.3,2.44,6.00,-39.82,0.73,-37.63,1.55,-10.00
1,7,-1.00,-1.00,-1.00,-1.00,0.1014,3.6,2.74,7.72,19.50,0.86,-27.45,1.54,-10.00
1,7,0.00,406.80,138.64,498.17,0.1011,2.1,2.17,5.62,-18.95,1.39,30.30,3.04,-10.00
1,7,-1.00,-1.00,-1.00,-1.00,0.1007,2.2,2.20,5.59,12.81,1.79,-51.61,1.63,-10.00
2,7,-1.00,-1.00,-1.00,-1.00,0.4666,3.7,2.85,8.66,15.77,1.20,-31.14,1.61,-10.00
2,7,-1.00,-1.00,-1.00,-1.00,0.3778,2.0,2.12,5.27,40.90,0.95,2.52,0.05,-10.00
2,7,-1.00,-1.00,-1.00,-1.00,0.3687,2.1,2.22,5.57,13.66,1.33,13.86,1.65,-10.00
2,7,-1.00,-1.00,-1.00,-1.00,0.2898,2.0,2.05,5.37,12.54,1.23,-31.92,-1.57,-10.00
2,7,-1.00,-1.00,-1.00,-1.00,0.2447,1.9,2.18,5.37,16.64,1.48,-4.89,-1.62,-10.00
2,7,-1.00,-1.00,-1.00,-1.00,0.1850,2.3,2.46,5.95,-39.98,0.80,-29.48,1.62,-10.00
2,7,-1.00,-1.00,-1.00,-1.00,0.1843,2.0,2.05,5.22,-16.79,1.46,-23.96,3.00,-10.00
2,7,-1.00,-1.00,-1.00,-1.00,0.1841,2.0,2.09,5.27,-29.03,1.69,-22.36,-1.55,-10.00
2,7,-1.00,-1.00,-1.00,-1.00,0.1658,2.2,2.33,5.83,-34.94,1.95,-21.76,2.94,-10.00
2,7,1316.29,259.82,1600.00,507.44,0.1631,3.9,2.77,7.29,13.22,1.08,21.41,0.03,-10.00
2,7,-1.00,-1.00,-1.00,-1.00,0.1603,2.5,2.26,5.49,-32.62,2.16,-21.94,-1.60,-10.00
2,7,1530.11,361.15,1600.00,563.51,0.1188,1.9,2.19,5.46,10.99,1.18,14.56,1.70,-10.00
2,7,-1.00,-1.00,-1.00,-1.00,0.1079,2.3,2.24,5.67,23.07,1.18,7.65,0.04,-10.00
2,7,748.75,369.62,834.83,464.48,0.1035,3.3,2.56,7.46,0.32,0.96,48.38,-1.47,-10.00
2,7,-1.00,-1.00,-1.00,-1.00,0.1002,2.3,2.35,5.99,-40.04,0.24,-41.01,1.60,-10.00
3,7,-1.00,-1.00,-1.00,-1.00,0.4648,2.1,2.19,5.42,41.26,0.83,-0.74,0.00,-10.00
3,7,-1.00,-1.00,-1.00,-1.00,0.4300,1.9,2.08,5.35,16.69,1.48,-8.60,-1.61,-10.00
3,7,-1.00,-1.00,-1.00,-1.00,0.4062,1.9,2.06,5.54,13.62,1.48,10.16,1.61,-10.00
3,7,-1.00,-1.00,-1.00,-1.00,0.3965,2.0,2.09,5.36,-19.50,1.55,9.48,3.11,-10.00
3,7,-1.00,-1.00,-1.00,-1.00,0.3586,3.6,2.82,8.29,15.70,0.79,-34.75,1.59,-10.00
3,7,-1.00,-1.00,-1.00,-1.00,0.2840,2.1,2.20,5.24,12.48,1.21,-35.09,-1.57,-10.00
3,7,-1.00,-1.00,-1.00,-1.00,0.2565,2.9,2.73,6.46,-40.08,1.39,-33.65,1.63,-10.00
3,7,-1.00,-1.00,-1.00,-1.00,0.1879,2.9,2.53,6.65,-29.42,2.06,-26.02,-1.56,-10.00
3,7,-1.00,-1.00,-1.00,-1.00,0.1873,2.5,2.51,6.10,-35.34,1.86,-24.83,-1.68,-10.00
3,7,1155.13,383.58,1578.92,524.39,0.1590,2.1,2.17,5.65,8.92,1.26,19.87,-3.08,-10.00
3,7,-1.00,-1.00,-1.00,-1.00,0.1439,2.9,2.56,5.96,32.58,0.97,-7.75,-1.57,-10.00
3,7,-1.00,-1.00,-1.00,-1.00,0.1369,4.0,2.89,7.58,21.64,1.11,-39.45,1.52,-10.00
3,7,750.22,365.23,888.33,472.98,0.1311,3.6,2.85,8.88,1.43,1.22,47.18,-1.27,-10.00
3,7,-1.00,-1.00,-1.00,-1.00,0.1287,2.0,2.11,5.44,-17.04,1.21,18.71,3.06,-10.00
3,7,-1.00,-1.00,-1.00,-1.00,0.1253,2.9,2.53,5.99,23.37,1.13,4.20,-3.10,-10.00
3,7,-1.00,-1.00,-1.00,-1.00,0.1076,3.5,2.83,7.63,39.92,1.30,2.18,3.14,-10.00
3,7,-1.00,-1.00,-1.00,-1.00,0.1053,2.9,2.59,7.03,42.93,1.25,-3.16,1.60,-10.00
3,7,140.16,416.71,286.52,492.95,0.1020,2.4,2.34,5.76,-19.36,1.76,43.01,1.57,-10.00
3,7,-1.00,-1.00,-1.00,-1.00,0.1008,2.7,2.51,6.85,44.57,1.51,-4.11,1.53,-10.00
4,7,-1.00,-1.00,-1.00,-1.00,0.6232,3.6,2.86,8.49,15.56,0.76,-38.29,1.58,-10.00
4,7,-1.00,-1.00,-1.00,-1.00,0.5683,2.1,2.31,5.77,41.64,0.88,-4.09,-0.03,-10.00
4,7,-1.00,-1.00,-1.00,-1.00,0.5068,2.9,2.57,6.47,23.81,1.15,0.58,-0.04,-10.00
4,7,-1.00,-1.00,-1.00,-1.00,0.2984,2.0,2.13,5.07,12.42,1.08,-38.90,-1.56,-10.00
4,7,-1.00,-1.00,-1.00,-1.00,0.2415,2.1,2.30,5.88,-19.94,1.64,6.22,-1.61,-10.00
4,7,-1.00,-1.00,-1.00,-1.00,0.2374,1.9,2.14,5.21,16.70,1.56,-12.05,-1.59,-10.00
4,7,-1.00,-1.00,-1.00,-1.00,0.2037,2.2,2.25,5.87,16.07,1.30,5.36,1.59,-10.00
4,7,-1.00,-1.00,-1.00,-1.00,0.1941,2.1,2.15,5.44,-40.09,0.97,-36.08,-3.14,-10.00
4,7,-1.00,-1.00,-1.00,-1.00,0.1870,3.8,2.99,9.39,21.23,0.77,-43.01,1.64,-10.00
4,7,854.23,401.05,1073.73,509.11,0.1581,3.9,2.98,9.18,7.16,2.64,49.97,-0.65,-10.00
4,7,-1.00,-1.00,-1.00,-1.00,0.1202,2.1,2.20,5.68,-16.17,1.48,19.66,-0.02,-10.00
4,7,-1.00,-1.00,-1.00,-1.00,0.1054,3.8,3.02,8.75,24.14,0.90,-39.87,0.06,-10.00
4,7,-1.00,-1.00,-1.00,-1.00,0.1021,2.5,2.62,7.47,47.15,0.35,-4.00,-1.55,-10.00
4,7,1525.32,351.57,1600.00,607.13,0.1012,2.0,2.15,5.89,10.21,1.36,11.34,0.01,-10.00
5,7,-1.00,-1.00,-1.00,-1.00,0.5749,3.6,2.92,9.22,15.44,1.11,-42.51,1.60,-10.00
5,7,-1.00,-1.00,-1.00,-1.00,0.3053,2.0,2.18,5.43,16.67,1.59,-16.10,-1.56,-10.00
5,7,-1.00,-1.00,-1.00,-1.00,0.2623,2.0,2.15,5.50,-16.93,1.14,15.75,3.09,-10.00
5,7,916.59,355.88,1191.73,467.63,0.2528,3.9,3.03,10.40,10.19,1.09,47.67,-0.43,-10.00
5,7,-1.00,-1.00,-1.00,-1.00,0.2510,3.0,2.60,6.41,23.96,1.26,-3.44,-0.04,-10.00
5,7,-1.00,-1.00,-1.00,-1.00,0.2369,2.0,2.25,5.64,-20.02,1.44,2.36,-1.65,-10.00
5,7,-1.00,-1.00,-1.00,-1.00,0.2251,2.2,2.33,5.62,41.17,1.19,-8.00,-0.07,-10.00
5,7,-1.00,-1.00,-1.00,-1.00,0.1690,3.7,2.89,8.27,21.25,1.18,-43.13,-1.49,-10.00
5,7,-1.00,-1.00,-1.00,-1.00,0.1592,2.4,2.28,5.46,12.34,1.60,-42.75,-1.60,-10.00
5,7,-1.00,-1.00,-1.00,-1.00,0.1380,2.2,2.24,5.65,-31.91,1.50,-45.83,1.54,-10.00
5,7,-1.00,-1.00,-1.00,-1.00,0.1318,3.6,3.07,8.45,-49.30,-0.69,26.06,-0.10,-10.00
5,7,-1.00,-1.00,-1.00,-1.00,0.1281,2.1,2.15,5.95,-39.99,0.30,-39.38,1.62,-10.00
5,7,-1.00,-1.00,-1.00,-1.00,0.1237,2.1,2.18,5.49,-18.05,1.62,-28.17,-3.11,-10.00
5,7,-1.00,-1.00,-1.00,-1.00,0.1188,3.1,2.59,6.46,21.53,1.70,-1.34,-1.66,-10.00
5,7,-1.00,-1.00,-1.00,-1.00,0.1172,2.6,2.44,6.29,-17.24,1.06,-16.12,-3.14,-10.00
5,7,-1.00,-1.00,-1.00,-1.00,0.1114,2.5,2.47,6.35,14.30,1.16,-22.05,-3.12,-10.00
5,7,-1.00,-1.00,-1.00,-1.00,0.1074,2.2,2.18,5.56,14.95,1.11,-33.09,-3.10,-10.00
5,7,-1.00,-1.00,-1.00,-1.00,0.1026,4.0,3.16,9.85,24.56,1.82,-44.30,0.08,-10.00
6,7,-1.00,-1.00,-1.00,-1.00,0.7030,1.8,2.11,5.26,-19.42,1.14,-0.89,3.14,-10.00
6,7,-1.00,-1.00,-1.00,-1.00,0.5229,3.5,2.79,8.25,15.41,1.16,-45.62,1.61,-10.00
6,7,-1.00,-1.00,-1.00,-1.00,0.2707,2.2,2.14,5.29,12.22,1.31,-46.03,-1.55,-10.00
6,7,841.25,376.16,1074.93,499.23,0.2393,3.6,2.93,8.27,5.71,1.84,40.85,-0.76,-10.00
6,7,-1.00,-1.00,-1.00,-1.00,0.2192,3.9,2.84,8.85,20.92,0.89,-49.45,1.66,-10.00
6,7,-1.00,-1.00,-1.00,-1.00,0.2117,1.9,2.10,5.17,16.56,1.54,-19.14,-1.56,-10.00
6,7,-1.00,-1.00,-1.00,-1.00,0.1440,1.9,2.09,5.24,-17.13,1.36,8.56,-3.13,-10.00
6,7,-1.00,-1.00,-1.00,-1.00,0.1426,1.9,2.17,5.44,-18.34,1.34,2.22,3.08,-10.00
6,7,-1.00,-1.00,-1.00,-1.00,0.1277,2.5,2.46,6.26,13.08,1.68,-36.07,1.47,-10.00
6,7,-1.00,-1.00,-1.00,-1.00,0.1258,2.2,2.17,5.79,42.59,1.06,-18.36,3.04,-10.00
6,7,-1.00,-1.00,-1.00,-1.00,0.1247,2.1,2.26,5.84,1.59,1.71,-18.91,-1.59,-10.00
6,7,-1.00,-1.00,-1.00,-1.00,0.1183,2.8,2.63,7.40,14.11,1.17,-25.21,-3.11,-10.00
6,7,1038.56,366.97,1286.77,463.75,0.1174,3.2,2.86,8.43,13.41,0.89,44.99,-0.35,-10.00
6,7,-1.00,-1.00,-1.00,-1.00,0.1167,2.0,2.14,5.65,-17.69,1.42,3.80,-3.12,-10.00
6,7,-1.00,-1.00,-1.00,-1.00,0.1145,2.1,2.45,5.97,-17.12,1.84,-31.02,-1.58,-10.00
6,7,-1.00,-1.00,-1.00,-1.00,0.1128,3.4,2.96,7.78,40.41,1.69,-14.68,-1.77,-10.00
6,7,-1.00,-1.00,-1.00,-1.00,0.1082,1.9,2.06,5.52,9.38,1.77,-29.18,0.01,-10.00
6,7,1127.58,380.90,1339.75,505.60,0.1027,2.0,2.17,5.85,7.87,1.09,22.95,-1.50,-10.00
7,7,-1.00,-1.00,-1.00,-1.00,0.7142,1.8,2.06,5.13,-19.21,1.09,-3.81,3.13,-10.00
7,7,-1.00,-1.00,-1.00,-1.00,0.4151,1.9,2.06,5.46,16.59,1.50,-22.33,1.60,-10.00
7,7,-1.00,-1.00,-1.00,-1.00,0.2353,3.8,2.98,10.20,15.37,0.94,-49.75,1.59,-10.00
7,7,-1.00,-1.00,-1.00,-1.00,0.2339,2.4,2.35,6.15,32.58,0.47,-23.08,1.56,-10.00
7,7,-1.00,-1.00,-1.00,-1.00,0.2286,2.4,2.20,5.46,12.18,1.57,-49.12,-1.55,-10.00
7,7,-1.00,-1.00,-1.00,-1.00,0.2001,1.9,2.16,5.25,-18.37,1.36,-0.91,3.08,-10.00
7,7,-1.00,-1.00,-1.00,-1.00,0.1952,2.1,2.11,5.26,22.41,0.85,-9.93,-0.09,-10.00
7,7,-1.00,-1.00,-1.00,-1.00,0.1820,2.0,2.17,5.54,-17.43,1.20,1.73,-3.06,-10.00
7,7,-1.00,-1.00,-1.00,-1.00,0.1785,2.3,2.24,5.44,14.35,1.43,-28.33,-3.13,-10.00
7,7,-1.00,-1.00,-1.00,-1.00,0.1775,2.0,2.17,5.53,-17.14,1.51,-34.30,1.51,-10.00
7,7,-1.00,-1.00,-1.00,-1.00,0.1360,1.9,2.09,5.36,-17.09,1.44,4.80,-3.10,-10.00
7,7,-1.00,-1.00,-1.00,-1.00,0.1352,3.4,2.83,8.13,21.42,1.35,-6.86,-1.66,-10.00
7,7,-1.00,-1.00,-1.00,-1.00,0.1259,2.1,2.23,5.86,12.51,1.57,-3.40,-1.47,-10.00
7,7,-1.00,-1.00,-1.00,-1.00,0.1239,2.0,2.06,5.40,9.47,1.84,-32.47,0.01,-10.00
7,7,-1.00,-1.00,-1.00,-1.00,0.1239,3.4,2.86,7.54,23.02,1.53,11.27,-1.50,-10.00
7,7,-1.00,-1.00,-1.00,-1.00,0.1106,2.0,2.20,5.40,14.96,0.63,-42.60,-3.14,-10.00
7,7,-1.00,-1.00,-1.00,-1.00,0.1078,1.8,1.99,5.00,8.00,1.57,-22.98,-1.48,-10.00
7,7,-1.00,-1.00,-1.00,-1.00,0.1065,2.2,2.22,5.82,34.36,0.74,-20.75,3.11,-10.00
8,7,-1.00,-1.00,-1.00,-1.00,0.5955,1.9,2.15,5.31,-17.28,1.54,2.28,-3.08,-10.00
8,7,-1.00,-1.00,-1.00,-1.00,0.4902,1.9,2.07,5.12,-19.52,1.36,-6.80,3.08,-10.00
8,7,-1.00,-1.00,-1.00,-1.00,0.2663,2.0,2.18,5.48,-17.88,1.50,-3.79,-1.62,-10.00
8,7,-1.00,-1.00,-1.00,-1.00,0.2338,3.7,2.91,8.60,15.20,1.04,-52.17,1.59,-10.00
8,7,-1.00,-1.00,-1.00,-1.00,0.1857,2.4,2.26,5.73,-18.58,1.68,-44.14,3.11,-10.00
8,7,-1.00,-1.00,-1.00,-1.00,0.1734,3.1,2.43,6.57,-0.30,2.44,-52.14,-1.52,-10.00
8,7,-1.00,-1.00,-1.00,-1.00,0.1650,2.2,2.32,5.65,6.75,1.28,-50.78,-1.53,-10.00
8,7,-1.00,-1.00,-1.00,-1.00,0.1586,2.1,2.24,5.60,14.40,1.44,-31.15,-3.10,-10.00
8,7,-1.00,-1.00,-1.00,-1.00,0.1527,1.9,1.99,5.25,16.56,1.34,-25.51,-1.55,-10.00
8,7,-1.00,-1.00,-1.00,-1.00,0.1196,2.1,2.23,5.81,21.81,1.26,-22.29,0.01,-10.00
8,7,-1.00,-1.00,-1.00,-1.00,0.1149,2.3,2.23,5.62,-18.22,0.26,-22.07,3.11,-10.00
8,7,1507.38,370.40,1600.00,483.77,0.1070,2.2,2.29,6.02,18.83,0.91,26.59,-0.03,-10.00
8,7,-1.00,-1.00,-1.00,-1.00,0.1029,2.5,2.43,6.12,-18.50,2.14,-38.97,3.13,-10.00
8,7,-1.00,-1.00,-1.00,-1.00,0.1017,4.0,2.72,7.39,14.36,0.64,0.70,0.01,-10.00
8,7,904.47,344.09,1178.92,484.96,0.1010,3.6,2.76,7.69,7.30,1.26,35.77,-0.52,-10.00
9,7,-1.00,-1.00,-1.00,-1.00,0.4289,2.0,2.15,5.71,16.75,1.34,-28.10,-1.58,-10.00
9,7,-1.00,-1.00,-1.00,-1.00,0.2748,2.0,2.21,5.49,-17.62,1.47,-0.58,2.99,-10.00
9,7,-1.00,-1.00,-1.00,-1.00,0.2016,2.0,2.17,5.25,-18.71,1.29,-6.54,3.10,-10.00
9,7,-1.00,-1.00,-1.00,-1.00,0.1817,3.2,2.52,6.91,0.14,2.07,-51.15,-1.55,-10.00
9,7,-1.00,-1.00,-1.00,-1.00,0.1462,3.6,2.95,8.04,-17.60,2.46,-48.74,-1.63,-10.00
9,7,-1.00,-1.00,-1.00,-1.00,0.1301,2.1,2.22,5.52,20.03,1.38,-26.86,1.54,-10.00
9,7,-1.00,-1.00,-1.00,-1.00,0.1240,1.9,2.08,5.51,13.65,1.73,-10.69,1.56,-10.00
9,7,-1.00,-1.00,-1.00,-1.00,0.1138,2.5,2.39,5.82,-18.42,1.95,-42.22,3.14,-10.00
9,7,980.33,448.22,1133.63,507.77,0.1048,2.2,2.20,5.60,10.25,2.58,48.29,0.15,-10.00
9,7,-1.00,-1.00,-1.00,-1.00,0.1019,2.0,2.20,5.62,-18.80,1.03,-9.22,3.11,-10.00
10,7,-1.00,-1.00,-1.00,-1.00,0.5691,1.9,2.14,5.42,-17.08,1.30,-3.65,3.13,-10.00
10,7,-1.00,-1.00,-1.00,-1.00,0.4103,2.9,2.27,5.45,0.53,2.19,-49.73,-1.58,-10.00
10,7,-1.00,-1.00,-1.00,-1.00,0.2637,2.0,2.14,5.59,16.88,1.70,-30.53,-1.57,-10.00
10,7,-1.00,-1.00,-1.00,-1.00,0.2608,2.0,2.24,5.69,-17.94,1.51,-9.56,-1.59,-10.00
10,7,1243.84,337.98,1598.84,489.69,0.1538,3.8,2.98,8.25,16.85,1.32,33.77,-0.14,-10.00
10,7,-1.00,-1.00,-1.00,-1.00,0.1512,2.0,2.19,5.64,18.41,1.46,19.80,-0.00,-10.00
10,7,-1.00,-1.00,-1.00,-1.00,0.1412,3.0,2.46,5.63,-17.90,2.19,-49.41,-3.12,-10.00
10,7,-1.00,-1.00,-1.00,-1.00,0.1328,2.0,2.21,5.55,-19.36,0.80,-12.14,3.08,-10.00
10,7,-1.00,-1.00,-1.00,-1.00,0.1168,1.9,2.22,5.45,17.21,1.17,15.03,-1.58,-10.00
10,7,-1.00,-1.00,-1.00,-1.00,0.1128,2.1,2.19,5.83,14.13,1.68,-13.80,-1.58,-10.00
10,7,-1.00,-1.00,-1.00,-1.00,0.1096,2.2,2.31,6.14,18.48,1.20,21.36,-0.08,-10.00
11,7,-1.00,-1.00,-1.00,-1.00,0.2681,2.4,2.12,5.30,0.95,2.34,-46.67,-1.60,-10.00
11,7,-1.00,-1.00,-1.00,-1.00,0.2013,3.4,2.85,7.57,13.80,0.98,-50.70,0.02,-10.00
11,7,-1.00,-1.00,-1.00,-1.00,0.1907,3.4,2.78,8.13,-13.43,2.54,-46.23,1.56,-10.00
11,7,-1.00,-1.00,-1.00,-1.00,0.1829,2.1,2.22,5.64,27.48,0.68,20.62,-0.50,-10.00
11,7,1247.90,349.20,1600.00,494.85,0.1543,3.3,2.80,8.09,15.76,1.34,31.11,-0.25,-10.00
11,7,-1.00,-1.00,-1.00,-1.00,0.1467,2.1,2.18,5.67,14.10,1.49,-16.46,-1.55,-10.00
11,7,-1.00,-1.00,-1.00,-1.00,0.1323,2.0,2.09,5.28,-17.49,1.46,-6.15,3.02,-10.00
11,7,-1.00,-1.00,-1.00,-1.00,0.1319,2.0,2.20,5.64,-18.05,1.58,-11.75,0.38,-10.00
11,7,-1.00,-1.00,-1.00,-1.00,0.1266,1.9,2.19,5.58,17.08,1.21,12.42,-1.50,-10.00
11,7,-1.00,-1.00,-1.00,-1.00,0.1153,2.0,2.09,5.37,17.23,1.74,-33.10,-1.60,-10.00
11,7,-1.00,-1.00,-1.00,-1.00,0.1139,4.2,2.93,7.43,14.43,0.62,-7.25,0.03,-10.00
11,7,-1.00,-1.00,-1.00,-1.00,0.1090,1.9,2.10,5.37,-16.96,1.62,-9.36,-0.03,-10.00
12,7,-1.00,-1.00,-1.00,-1.00,0.2935,2.1,2.29,5.84,-17.78,1.55,-15.80,1.49,-10.00
12,7,-1.00,-1.00,-1.00,-1.00,0.2418,2.0,2.21,5.26,-24.04,1.44,27.91,0.09,-10.00
12,7,-1.00,-1.00,-1.00,-1.00,0.2107,2.1,2.19,5.79,-17.42,1.41,-8.86,3.08,-10.00
12,7,-1.00,-1.00,-1.00,-1.00,0.1756,3.0,2.30,5.59,1.01,2.53,-44.67,-1.57,-10.00
12,7,-1.00,-1.00,-1.00,-1.00,0.1458,2.0,2.21,5.63,14.12,1.69,-18.07,-1.58,-10.00
12,7,-1.00,-1.00,-1.00,-1.00,0.1420,2.1,2.34,5.42,-17.92,0.55,-23.86,3.10,-10.00
12,7,-1.00,-1.00,-1.00,-1.00,0.1388,3.4,2.93,8.50,-12.98,2.63,-48.83,1.56,-10.00
12,7,-1.00,-1.00,-1.00,-1.00,0.1084,2.4,2.53,5.45,17.18,1.13,-47.75,1.48,-10.00
12,7,1300.84,303.83,1600.00,480.11,0.1004,3.7,2.93,9.71,17.11,0.94,29.44,-0.27,-10.00
13,7,-1.00,-1.00,-1.00,-1.00,0.3518,1.9,2.10,5.32,-23.08,1.34,25.78,0.01,-10.00
13,7,-1.00,-1.00,-1.00,-1.00,0.2686,2.9,2.34,5.75,0.94,2.55,-44.03,-1.56,-10.00
13,7,-1.00,-1.00,-1.00,-1.00,0.2015,3.3,2.89,7.59,-13.51,2.99,-50.16,1.58,-10.00
13,7,-1.00,-1.00,-1.00,-1.00,0.1670,2.0,2.23,5.69,18.46,0.98,7.01,-1.59,-10.00
13,7,-1.00,-1.00,-1.00,-1.00,0.1353,2.0,2.20,5.35,-18.96,1.26,-16.90,3.07,-10.00
13,7,-1.00,-1.00,-1.00,-1.00,0.1281,2.5,2.50,6.05,17.16,1.17,-50.62,1.51,-10.00
13,7,-1.00,-1.00,-1.00,-1.00,0.1244,2.1,2.11,5.58,15.87,1.65,-37.39,2.98,-10.00
13,7,-1.00,-1.00,-1.00,-1.00,0.1163,2.0,2.25,5.79,13.24,1.55,-21.12,-1.65,-10.00
14,7,-1.00,-1.00,-1.00,-1.00,0.4193,1.9,2.15,5.47,-22.15,1.08,23.93,0.07,-10.00
14,7,-1.00,-1.00,-1.00,-1.00,0.1983,3.0,2.46,6.44,0.48,2.37,-42.61,-1.62,-10.00
14,7,-1.00,-1.00,-1.00,-1.00,0.1792,3.4,2.73,6.84,-13.66,2.93,-51.82,1.54,-10.00
14,7,-1.00,-1.00,-1.00,-1.00,0.1383,2.0,2.20,5.74,-18.75,1.23,-19.19,-0.25,-10.00
14,7,-1.00,-1.00,-1.00,-1.00,0.1270,2.0,2.15,5.32,13.61,1.63,-21.30,-1.49,-10.00
14,7,-1.00,-1.00,-1.00,-1.00,0.1093,2.1,2.19,5.37,-17.67,1.89,-17.58,-0.18,-10.00
14,7,-1.00,-1.00,-1.00,-1.00,0.1028,3.3,2.89,6.99,-43.53,-0.54,50.08,2.47,-10.00
14,7,-1.00,-1.00,-1.00,-1.00,0.1024,2.1,2.17,5.77,-17.79,1.87,-15.00,-0.02,-10.00
15,7,-1.00,-1.00,-1.00,-1.00,0.4233,2.1,2.27,5.64,-21.28,1.27,22.25,0.06,-10.00
15,7,-1.00,-1.00,-1.00,-1.00,0.3325,2.9,2.39,6.00,0.08,2.08,-40.20,-1.58,-10.00
15,7,-1.00,-1.00,-1.00,-1.00,0.2545,2.1,2.22,5.57,13.55,1.54,-23.02,-1.57,-10.00
15,7,-1.00,-1.00,-1.00,-1.00,0.1544,2.1,2.23,5.52,8.68,1.85,-41.19,-3.14,-10.00
15,7,-1.00,-1.00,-1.00,-1.00,0.1269,2.4,2.33,5.90,23.69,1.26,0.91,1.67,-10.00
15,7,-1.00,-1.00,-1.00,-1.00,0.1162,2.0,2.22,5.75,-17.85,1.56,-20.79,-0.43,-10.00
15,7,-1.00,-1.00,-1.00,-1.00,0.1025,2.8,2.53,6.89,23.34,1.27,6.07,-1.71,-10.00
16,7,-1.00,-1.00,-1.00,-1.00,0.5115,2.9,2.57,7.05,0.29,1.93,-38.97,-1.55,-10.00
16,7,1349.16,249.98,1600.00,529.34,0.3712,4.1,2.87,8.14,13.83,1.39,20.56,-0.09,-10.00
16,7,-1.00,-1.00,-1.00,-1.00,0.3127,2.1,2.30,5.92,-20.62,1.32,20.58,0.03,-10.00
16,7,-1.00,-1.00,-1.00,-1.00,0.1594,1.9,2.06,5.06,-31.45,1.43,13.09,3.12,-10.00
16,7,134.65,424.77,243.43,494.74,0.1253,2.5,2.56,6.27,-22.97,2.08,48.85,-1.81,-10.00
16,7,-1.00,-1.00,-1.00,-1.00,0.1161,3.3,2.93,7.49,-21.67,0.89,-8.19,1.52,-10.00
16,7,-1.00,-1.00,-1.00,-1.00,0.1138,2.5,2.37,6.26,23.30,1.45,3.78,-1.64,-10.00
16,7,-1.00,-1.00,-1.00,-1.00,0.1090,2.0,2.13,5.54,-15.37,2.29,-50.55,-0.03,-10.00
16,7,-1.00,-1.00,-1.00,-1.00,0.1073,2.3,2.22,5.96,-17.13,0.63,-31.03,3.13,-10.00
16,7,-1.00,-1.00,-1.00,-1.00,0.1009,2.1,2.16,5.50,8.35,1.63,-44.07,1.49,-10.00
17,7,-1.00,-1.00,-1.00,-1.00,0.5388,2.0,2.25,5.78,-20.19,1.43,18.35,-0.03,-10.00
17,7,-1.00,-1.00,-1.00,-1.00,0.3774,2.8,2.39,6.05,1.04,1.54,-36.55,-1.59,-10.00
17,7,-1.00,-1.00,-1.00,-1.00,0.3474,3.6,2.94,9.79,-47.80,0.67,16.77,-0.11,-10.00
17,7,-1.00,-1.00,-1.00,-1.00,0.1876,3.8,2.94,11.24,19.58,1.01,0.29,-0.06,-10.00
17,7,-1.00,-1.00,-1.00,-1.00,0.1566,3.3,2.78,10.21,18.99,1.45,20.57,-0.26,-10.00
17,7,221.72,417.91,361.04,499.21,0.1394,2.5,2.54,6.37,-16.57,1.93,42.71,-1.63,-10.00
17,7,-1.00,-1.00,-1.00,-1.00,0.1369,2.2,2.29,5.48,-42.79,1.10,27.56,-3.08,-10.00
17,7,-1.00,-1.00,-1.00,-1.00,0.1239,2.2,2.22,5.60,-18.37,0.69,-18.60,3.08,-10.00
17,7,-1.00,-1.00,-1.00,-1.00,0.1190,3.7,2.94,8.16,-13.32,2.37,-47.54,-1.59,-10.00
17,7,124.56,439.56,348.50,512.25,0.1183,2.0,2.10,5.55,-15.75,2.05,36.33,-3.06,-10.00
17,7,-1.00,-1.00,-1.00,-1.00,0.1158,2.6,2.40,6.62,20.29,0.99,21.80,-1.66,-10.00
17,7,-1.00,-1.00,-1.00,-1.00,0.1057,2.0,2.13,5.68,10.53,1.47,-45.76,1.55,-10.00
17,7,-1.00,-1.00,-1.00,-1.00,0.1054,1.9,2.15,5.44,11.48,1.07,-26.21,1.46,-10.00
17,7,-1.00,-1.00,-1.00,-1.00,0.1035,3.5,3.01,8.02,38.97,0.61,-2.40,-1.60,-10.00
17,7,-1.00,-1.00,-1.00,-1.00,0.1009,1.9,2.13,5.41,8.60,1.19,-25.67,-1.60,-10.00
17,7,-1.00,-1.00,-1.00,-1.00,0.1001,2.1,2.20,5.81,-29.34,1.62,42.39,-1.59,-10.00
18,7,-1.00,-1.00,-1.00,-1.00,0.4144,2.0,2.21,5.48,-19.06,1.27,16.57,-0.10,-10.00
18,7,-1.00,-1.00,-1.00,-1.00,0.2858,2.7,2.45,6.73,2.09,1.66,-34.68,-1.63,-10.00
18,7,-1.00,-1.00,-1.00,-1.00,0.2264,3.5,2.78,6.72,-42.97,1.24,14.41,-0.15,-10.00
18,7,-1.00,-1.00,-1.00,-1.00,0.2259,2.0,2.14,5.53,2.18,1.72,-11.79,-1.66,-10.00
18,7,-1.00,-1.00,-1.00,-1.00,0.1843,2.0,2.19,5.64,15.11,1.09,-27.29,-1.62,-10.00
18,7,-1.00,-1.00,-1.00,-1.00,0.1565,1.9,2.22,5.60,12.12,1.24,-26.72,-1.68,-10.00
18,7,1349.57,226.36,1600.00,548.02,0.1316,4.1,2.89,8.44,12.90,1.46,18.28,-0.15,-10.00
18,7,-1.00,-1.00,-1.00,-1.00,0.1168,1.9,2.21,5.62,-37.80,2.12,18.42,-0.10,-10.00
18,7,-1.00,-1.00,-1.00,-1.00,0.1125,2.6,2.65,6.81,-30.48,1.89,41.39,1.56,-10.00
18,7,-1.00,-1.00,-1.00,-1.00,0.1089,2.2,2.20,5.75,-1.17,2.59,-44.95,-1.61,-10.00
19,7,-1.00,-1.00,-1.00,-1.00,0.5857,2.0,2.17,5.67,-18.13,1.45,15.07,-0.11,-10.00
19,7,-1.00,-1.00,-1.00,-1.00,0.4409,3.1,2.60,6.75,-42.29,0.72,12.10,-0.19,-10.00
19,7,-1.00,-1.00,-1.00,-1.00,0.3900,2.5,2.41,6.42,2.66,1.65,-32.71,-1.65,-10.00
19,7,-1.00,-1.00,-1.00,-1.00,0.1577,2.2,2.31,6.16,-31.61,0.91,5.73,1.53,-10.00
19,7,-1.00,-1.00,-1.00,-1.00,0.1510,2.1,2.35,6.11,-30.91,1.36,39.46,-1.51,-10.00
20,7,-1.00,-1.00,-1.00,-1.00,0.5100,3.6,2.94,10.68,-41.82,0.94,10.34,-0.19,-10.00
20,7,-1.00,-1.00,-1.00,-1.00,0.4181,2.1,2.23,5.66,-17.00,1.52,13.70,-0.13,-10.00
20,7,-1.00,-1.00,-1.00,-1.00,0.4053,2.3,2.29,6.00,3.20,1.35,-30.87,-1.66,-10.00
20,7,-1.00,-1.00,-1.00,-1.00,0.1726,2.1,2.27,5.79,-50.11,2.03,31.51,-0.55,-10.00
20,7,754.14,309.59,876.18,465.62,0.1588,3.7,2.89,8.02,0.58,0.69,34.37,-1.60,-10.00
20,7,-1.00,-1.00,-1.00,-1.00,0.1454,2.2,2.34,6.17,-31.89,1.94,4.40,-1.67,-10.00
20,7,-1.00,-1.00,-1.00,-1.00,0.1261,1.9,2.14,5.62,2.35,1.70,-11.23,-1.66,-10.00
20,7,-1.00,-1.00,-1.00,-1.00,0.1104,1.9,2.17,5.52,16.39,1.27,-28.44,-1.73,-10.00
20,7,-1.00,-1.00,-1.00,-1.00,0.1067,2.4,2.35,6.21,0.33,2.41,-44.63,-1.66,-10.00
21,7,-1.00,-1.00,-1.00,-1.00,0.6766,2.0,2.17,5.67,-15.35,1.61,12.68,-0.12,-10.00
21,7,-1.00,-1.00,-1.00,-1.00,0.4730,4.0,3.06,11.22,-39.24,1.75,8.90,-0.23,-10.00
21,7,-1.00,-1.00,-1.00,-1.00,0.3137,2.4,2.35,6.21,3.60,1.57,-29.30,-1.70,-10.00
21,7,-1.00,-1.00,-1.00,-1.00,0.1760,1.9,2.08,5.08,-32.79,1.09,3.18,3.06,-10.00
21,7,-1.00,-1.00,-1.00,-1.00,0.1065,2.1,2.18,5.53,35.52,0.52,49.19,2.66,-10.00
21,7,-1.00,-1.00,-1.00,-1.00,0.1035,2.3,2.26,5.80,-32.64,2.16,34.03,-0.17,-10.00
22,7,-1.00,-1.00,-1.00,-1.00,0.6186,2.1,2.23,5.79,-13.46,1.43,12.08,-0.20,-10.00
22,7,-1.00,-1.00,-1.00,-1.00,0.4830,4.1,3.17,11.42,-37.75,1.84,7.60,-0.25,-10.00
22,7,-1.00,-1.00,-1.00,-1.00,0.2935,2.6,2.39,6.14,3.91,1.64,-27.64,-1.66,-10.00
22,7,-1.00,-1.00,-1.00,-1.00,0.2033,2.0,2.22,5.86,14.45,1.45,-29.08,-1.63,-10.00
22,7,-1.00,-1.00,-1.00,-1.00,0.1461,4.2,3.35,11.10,-33.02,1.13,4.57,1.47,-10.00
22,7,0.00,414.90,43.05,496.24,0.1113,2.0,2.16,5.52,-22.64,1.47,34.28,0.62,-10.00
22,7,-1.00,-1.00,-1.00,-1.00,0.1092,2.9,2.64,6.15,-5.55,2.72,-48.46,1.46,-10.00
22,7,-1.00,-1.00,-1.00,-1.00,0.1057,1.9,2.13,5.23,-45.27,2.14,17.04,-0.19,-10.00
23,7,-1.00,-1.00,-1.00,-1.00,0.7414,2.1,2.30,6.06,-11.52,1.43,11.81,-0.21,-10.00
23,7,-1.00,-1.00,-1.00,-1.00,0.5230,4.2,3.10,12.18,-36.23,2.01,6.90,-0.24,-10.00
23,7,-1.00,-1.00,-1.00,-1.00,0.4287,2.2,2.20,5.58,3.96,1.53,-25.83,-1.71,-10.00
23,7,-1.00,-1.00,-1.00,-1.00,0.2786,3.3,2.86,6.87,-4.45,2.75,-49.52,1.40,-10.00
23,7,-1.00,-1.00,-1.00,-1.00,0.2596,1.9,2.12,5.68,11.45,0.92,-22.16,-3.04,-10.00
23,7,-1.00,-1.00,-1.00,-1.00,0.1413,2.9,2.32,6.00,-42.48,2.08,41.39,-0.71,-10.00
23,7,0.00,427.26,21.09,507.78,0.1179,2.0,2.18,5.53,-23.22,1.74,33.47,0.40,-10.00
23,7,-1.00,-1.00,-1.00,-1.00,0.1089,3.9,3.27,9.89,-33.43,1.79,3.24,1.40,-10.00
23,7,-1.00,-1.00,-1.00,-1.00,0.1087,2.9,2.73,6.34,-41.20,1.88,39.57,-0.77,-10.00
23,7,-1.00,-1.00,-1.00,-1.00,0.1036,2.0,2.20,5.89,15.19,1.13,-29.08,-1.78,-10.00
24,7,-1.00,-1.00,-1.00,-1.00,0.7475,4.0,3.08,10.97,-33.28,1.69,6.78,-0.27,-10.00
24,7,0.00,369.33,180.27,628.34,0.7436,2.1,2.28,5.94,-9.25,1.57,11.97,-0.23,-10.00
24,7,-1.00,-1.00,-1.00,-1.00,0.2685,2.1,2.16,5.50,3.81,1.39,-24.07,-1.77,-10.00
24,7,-1.00,-1.00,-1.00,-1.00,0.1932,2.6,2.50,6.33,-4.10,2.47,-50.38,1.41,-10.00
24,7,-1.00,-1.00,-1.00,-1.00,0.1694,2.0,2.07,5.54,12.71,1.18,-30.06,-1.88,-10.00
24,7,-1.00,-1.00,-1.00,-1.00,0.1403,2.2,2.38,5.95,24.29,0.76,-2.63,1.40,-10.00
24,7,-1.00,-1.00,-1.00,-1.00,0.1378,1.9,2.02,5.59,11.65,1.05,-21.96,3.14,-10.00
24,7,-1.00,-1.00,-1.00,-1.00,0.1196,1.9,2.20,5.54,-44.56,2.31,17.11,-1.79,-10.00
24,7,-1.00,-1.00,-1.00,-1.00,0.1054,2.5,2.40,6.23,-21.69,0.42,-6.02,-1.75,-10.00
25,7,-1.00,-1.00,-1.00,-1.00,0.7091,3.9,3.01,11.18,-32.02,2.11,6.90,-0.21,-10.00
25,7,0.00,347.98,403.50,613.86,0.5885,2.2,2.23,5.94,-6.89,1.49,12.28,-0.25,-10.00
25,7,-1.00,-1.00,-1.00,-1.00,0.4430,2.2,2.21,5.66,3.71,1.40,-22.59,-1.72,-10.00
25,7,-1.00,-1.00,-1.00,-1.00,0.1461,2.1,2.16,5.66,12.81,1.12,-30.22,1.27,-10.00
25,7,-1.00,-1.00,-1.00,-1.00,0.1381,1.9,2.05,5.65,11.84,0.96,-22.02,3.11,-10.00
25,7,-1.00,-1.00,-1.00,-1.00,0.1326,2.0,2.26,5.71,-45.84,2.17,14.54,-0.29,-10.00
25,7,-1.00,-1.00,-1.00,-1.00,0.1071,2.9,2.64,6.81,-3.72,2.77,-50.66,1.43,-10.00
25,7,-1.00,-1.00,-1.00,-1.00,0.1028,2.2,2.19,5.43,-48.92,2.45,41.26,-0.56,-10.00
26,7,-1.00,-1.00,-1.00,-1.00,0.6828,4.1,3.04,11.42,-30.02,2.21,7.11,-0.22,-10.00
26,7,0.00,359.44,655.32,610.86,0.6366,2.2,2.26,5.93,-4.45,1.55,12.85,-0.23,-10.00
26,7,-1.00,-1.00,-1.00,-1.00,0.3349,2.1,2.18,5.55,3.17,1.35,-20.97,-1.70,-10.00
26,7,628.35,276.99,774.65,465.63,0.3239,4.1,3.11,9.46,-2.45,0.64,32.56,-1.70,-10.00
26,7,-1.00,-1.00,-1.00,-1.00,0.1146,2.1,2.23,5.83,16.66,1.17,-30.94,2.93,-10.00
26,7,-1.00,-1.00,-1.00,-1.00,0.1116,2.0,2.07,5.35,12.87,0.61,-29.76,-2.06,-10.00
27,7,-1.00,-1.00,-1.00,-1.00,0.7017,3.9,3.12,10.45,-27.90,1.88,7.53,-0.19,-10.00
27,7,324.42,370.02,935.74,602.86,0.6609,2.1,2.24,5.90,-1.61,1.54,13.34,-0.23,-10.00
27,7,-1.00,-1.00,-1.00,-1.00,0.3459,2.1,2.18,5.54,3.02,1.33,-19.17,-1.70,-10.00
27,7,643.38,295.22,778.13,455.85,0.2483,3.5,2.91,8.05,-2.13,0.42,31.96,-1.69,-10.00
27,7,-1.00,-1.00,-1.00,-1.00,0.1697,3.6,2.85,9.38,24.34,1.65,19.84,-0.48,-10.00
27,7,-1.00,-1.00,-1.00,-1.00,0.1350,2.0,2.14,5.60,18.46,1.62,-29.78,1.28,-10.00
27,7,-1.00,-1.00,-1.00,-1.00,0.1244,4.1,2.99,9.22,-34.19,1.95,6.78,-0.19,-10.00
27,7,1554.25,408.86,1600.00,462.19,0.1156,2.0,2.04,5.19,33.10,0.93,49.65,2.85,-10.00
27,7,-1.00,-1.00,-1.00,-1.00,0.1122,3.1,2.82,6.86,43.52,-0.04,1.35,-2.90,-10.00
27,7,389.69,313.17,771.89,487.20,0.1006,3.7,2.80,8.26,-4.65,1.08,29.15,2.98,-10.00
27,7,-1.00,-1.00,-1.00,-1.00,0.1000,2.5,2.69,7.00,-5.24,2.37,-44.81,1.40,-10.00
28,7,543.13,351.22,1146.85,602.16,0.7130,2.4,2.29,6.13,0.52,1.58,13.67,-0.22,-10.00
28,7,-1.00,-1.00,-1.00,-1.00,0.6569,4.3,3.11,11.11,-26.95,2.16,7.15,-0.13,-10.00
28,7,-1.00,-1.00,-1.00,-1.00,0.3045,2.0,2.10,5.48,3.01,1.24,-17.89,-1.76,-10.00
28,7,623.66,293.28,765.03,465.20,0.1567,3.8,2.89,8.08,-2.56,0.63,32.18,-1.73,-10.00
28,7,1532.24,404.57,1600.00,458.65,0.1381,2.0,2.13,5.15,32.22,0.79,49.65,2.83,-10.00
28,7,-1.00,-1.00,-1.00,-1.00,0.1157,2.0,2.25,6.04,15.38,0.90,-29.61,1.47,-10.00
28,7,-1.00,-1.00,-1.00,-1.00,0.1147,2.0,2.19,5.77,23.40,1.40,0.61,-1.64,-10.00
28,7,-1.00,-1.00,-1.00,-1.00,0.1120,2.0,2.24,5.19,26.52,2.13,30.02,0.72,-10.00
29,7,744.25,346.99,1365.16,582.98,0.8464,2.2,2.32,6.27,2.85,1.41,13.87,-0.24,-10.00
29,7,-1.00,-1.00,-1.00,-1.00,0.6911,4.5,3.19,12.21,-25.28,2.16,6.46,-0.08,-10.00
29,7,-1.00,-1.00,-1.00,-1.00,0.3499,2.2,2.24,5.81,2.99,1.41,-17.33,-1.77,-10.00
29,7,-1.00,-1.00,-1.00,-1.00,0.1286,2.1,2.28,5.86,13.39,0.95,-29.56,1.38,-10.00
29,7,-1.00,-1.00,-1.00,-1.00,0.1211,2.1,2.22,5.89,16.08,1.11,-29.28,-1.73,-10.00
30,7,906.20,353.55,1495.25,576.34,0.7842,2.2,2.21,5.86,4.47,1.38,13.97,-0.20,-10.00
30,7,-1.00,-1.00,-1.00,-1.00,0.7295,4.2,3.11,12.07,-23.66,2.12,5.64,-0.05,-10.00
30,7,-1.00,-1.00,-1.00,-1.00,0.5927,2.5,2.43,6.46,3.19,1.75,-17.26,-1.83,-10.00
30,7,-1.00,-1.00,-1.00,-1.00,0.2452,3.8,3.03,10.65,27.74,1.40,24.90,-1.02,-10.00
30,7,-1.00,-1.00,-1.00,-1.00,0.2162,2.5,2.52,5.97,-3.43,2.38,-46.14,-1.79,-10.00
30,7,-1.00,-1.00,-1.00,-1.00,0.1439,2.0,2.18,5.50,19.55,1.51,-29.68,1.29,-10.00
30,7,-1.00,-1.00,-1.00,-1.00,0.1285,3.5,2.93,8.85,43.18,1.02,-0.17,1.24,-10.00
30,7,-1.00,-1.00,-1.00,-1.00,0.1252,1.9,2.12,5.33,-24.81,1.80,30.95,0.61,-10.00
30,7,-1.00,-1.00,-1.00,-1.00,0.1074,2.1,2.27,5.95,16.09,1.20,-30.24,-1.75,-10.00
30,7,-1.00,-1.00,-1.00,-1.00,0.1048,3.9,3.13,11.05,23.59,0.63,-4.59,2.95,-10.00
30,7,-1.00,-1.00,-1.00,-1.00,0.1031,3.6,2.92,8.48,41.80,1.32,6.37,-1.83,-10.00
31,7,1071.15,339.02,1600.00,594.68,0.8278,2.5,2.38,6.34,6.66,1.56,14.24,-0.27,-10.00
31,7,-1.00,-1.00,-1.00,-1.00,0.7498,4.3,3.12,12.20,-21.42,2.09,4.72,0.04,-10.00
31,7,-1.00,-1.00,-1.00,-1.00,0.4638,2.4,2.41,5.94,3.28,1.75,-16.64,-1.86,-10.00
31,7,-1.00,-1.00,-1.00,-1.00,0.2365,2.0,2.21,5.60,14.23,0.93,-30.94,1.12,-10.00
31,7,-1.00,-1.00,-1.00,-1.00,0.1422,2.0,2.28,5.71,16.74,1.14,-29.99,-1.87,-10.00
31,7,-1.00,-1.00,-1.00,-1.00,0.1079,2.4,2.48,5.90,41.70,0.25,3.75,1.14,-10.00
31,7,-1.00,-1.00,-1.00,-1.00,0.1017,2.0,2.15,5.56,18.11,1.06,-31.83,2.89,-10.00
31,7,-1.00,-1.00,-1.00,-1.00,0.1009,3.8,2.82,8.71,22.89,0.36,-32.30,1.40,-10.00
31,7,1587.60,371.13,1600.00,431.20,0.1005,2.0,2.14,5.30,32.27,-0.29,46.08,-0.27,-10.00
32,7,1229.32,345.35,1600.00,574.82,0.7705,2.3,2.29,5.99,8.35,1.39,14.42,-0.28,-10.00
32,7,-1.00,-1.00,-1.00,-1.00,0.6510,4.2,2.97,11.09,-19.38,1.85,3.77,0.18,-10.00
32,7,-1.00,-1.00,-1.00,-1.00,0.2562,2.5,2.42,6.04,3.29,1.76,-17.00,-1.86,-10.00
32,7,-1.00,-1.00,-1.00,-1.00,0.1568,2.2,2.20,5.74,25.14,0.90,-1.75,3.05,-10.00
32,7,-1.00,-1.00,-1.00,-1.00,0.1551,2.1,2.19,5.54,13.78,0.95,-31.11,1.23,-10.00
32,7,-1.00,-1.00,-1.00,-1.00,0.1200,3.1,2.86,7.26,42.90,0.74,2.88,2.97,-10.00
32,7,-1.00,-1.00,-1.00,-1.00,0.1132,2.3,2.29,6.03,23.40,1.27,0.72,-1.67,-10.00
32,7,-1.00,-1.00,-1.00,-1.00,0.1122,2.1,2.26,4.94,48.30,1.40,42.06,0.66,-10.00
32,7,-1.00,-1.00,-1.00,-1.00,0.1113,3.1,2.68,6.29,-50.57,2.78,37.89,1.01,-10.00
32,7,535.47,276.70,691.31,479.66,0.1059,4.0,3.04,9.29,-4.07,0.86,29.74,-1.71,-10.00
32,7,-1.00,-1.00,-1.00,-1.00,0.1053,2.1,2.25,5.60,-25.02,1.87,30.30,1.05,-10.00
32,7,-1.00,-1.00,-1.00,-1.00,0.1051,2.0,2.14,5.35,11.15,1.14,-28.95,3.08,-10.00
32,7,-1.00,-1.00,-1.00,-1.00,0.1037,2.0,2.17,5.73,17.03,1.01,-30.27,-1.93,-10.00
33,7,1406.77,351.99,1600.00,566.08,0.7684,2.2,2.21,5.87,10.40,1.32,14.56,-0.28,-10.00
33,7,-1.00,-1.00,-1.00,-1.00,0.7645,4.0,2.95,9.37,-16.65,1.92,2.22,0.34,-10.00
33,7,-1.00,-1.00,-1.00,-1.00,0.4328,2.7,2.53,6.99,3.59,1.79,-17.11,-1.90,-10.00
33,7,-1.00,-1.00,-1.00,-1.00,0.1286,2.0,2.09,5.42,14.52,0.94,-31.51,1.24,-10.00
33,7,-1.00,-1.00,-1.00,-1.00,0.1251,3.1,2.79,7.20,-2.17,2.56,-46.34,1.33,-10.00
33,7,-1.00,-1.00,-1.00,-1.00,0.1216,2.5,2.54,6.85,-26.63,1.39,29.56,0.39,-10.00
33,7,-1.00,-1.00,-1.00,-1.00,0.1115,2.0,2.25,5.61,-17.24,1.83,-16.61,-1.84,-10.00
33,7,-1.00,-1.00,-1.00,-1.00,0.1087,2.1,2.15,5.73,18.74,1.05,-32.48,2.82,-10.00
33,7,-1.00,-1.00,-1.00,-1.00,0.1063,2.1,2.28,5.72,25.35,0.78,-1.42,2.84,-10.00
33,7,-1.00,-1.00,-1.00,-1.00,0.1023,3.7,3.14,10.52,27.04,1.20,30.54,-1.62,-10.00
34,7,1550.70,353.57,1600.00,569.64,0.8048,2.2,2.25,5.90,12.25,1.38,14.91,-0.33,-10.00
34,7,-1.00,-1.00,-1.00,-1.00,0.7264,4.1,2.98,11.01,-15.16,1.77,0.30,0.35,-10.00
34,7,-1.00,-1.00,-1.00,-1.00,0.1851,2.3,2.41,6.28,3.65,1.62,-17.10,-1.84,-10.00
34,7,-1.00,-1.00,-1.00,-1.00,0.1142,2.3,2.28,5.44,-36.33,2.60,49.83,0.65,-10.00
34,7,486.08,291.19,644.71,493.22,0.1059,3.8,2.97,8.89,-4.99,1.09,28.67,-1.74,-10.00
35,7,-1.00,-1.00,-1.00,-1.00,0.7869,2.0,2.11,5.68,13.96,1.24,15.24,-0.30,-10.00
35,7,-1.00,-1.00,-1.00,-1.00,0.7187,4.3,3.07,11.55,-13.14,1.80,-2.13,0.42,-10.00
35,7,-1.00,-1.00,-1.00,-1.00,0.1723,2.2,2.29,6.12,4.12,1.03,-17.95,-1.88,-10.00
35,7,1094.67,398.01,1286.67,466.32,0.1492,2.4,2.41,6.34,14.90,1.00,46.86,-2.43,-10.00
35,7,-1.00,-1.00,-1.00,-1.00,0.1326,3.4,2.61,6.64,20.10,0.13,-23.63,-0.27,-10.00
35,7,-1.00,-1.00,-1.00,-1.00,0.1280,2.3,2.44,5.62,41.81,0.00,4.38,-1.96,-10.00
35,7,-1.00,-1.00,-1.00,-1.00,0.1111,1.9,2.15,5.42,21.60,0.99,-31.50,1.28,-10.00
35,7,-1.00,-1.00,-1.00,-1.00,0.1085,3.4,2.83,8.27,24.48,0.30,-28.93,2.90,-10.00
35,7,-1.00,-1.00,-1.00,-1.00,0.1085,3.4,2.91,7.60,34.25,0.99,17.22,-1.78,-10.00
35,7,972.72,440.51,1093.02,500.41,0.1005,2.1,2.17,5.59,9.13,2.22,47.42,1.30,-10.00
36,7,-1.00,-1.00,-1.00,-1.00,0.7915,2.1,2.16,5.69,15.33,1.39,15.55,-0.36,-10.00
36,7,-1.00,-1.00,-1.00,-1.00,0.7012,4.1,2.91,11.01,-11.24,1.53,-5.05,0.51,-10.00
36,7,-1.00,-1.00,-1.00,-1.00,0.4840,2.9,2.63,7.31,4.81,1.59,-18.66,-1.92,-10.00
36,7,951.58,375.76,1181.95,471.31,0.1798,3.3,2.85,8.29,10.45,1.18,47.92,-2.35,-10.00
36,7,-1.00,-1.00,-1.00,-1.00,0.1709,1.8,1.97,5.02,-47.59,1.94,2.68,2.78,-10.00
36,7,337.37,239.53,513.85,467.33,0.1266,4.0,2.99,8.65,-7.66,0.54,26.65,-1.87,-10.00
36,7,-1.00,-1.00,-1.00,-1.00,0.1069,1.9,2.05,5.48,-33.40,1.58,14.75,2.99,-10.00
37,7,-1.00,-1.00,-1.00,-1.00,0.7345,2.2,2.18,5.86,16.70,1.53,15.89,-0.44,-10.00
37,7,-1.00,-1.00,-1.00,-1.00,0.6581,4.1,3.00,10.68,-9.02,1.57,-8.67,0.59,-10.00
37,7,-1.00,-1.00,-1.00,-1.00,0.3476,2.4,2.46,6.83,5.61,0.93,-19.48,-1.99,-10.00
37,7,244.50,271.24,436.68,501.14,0.2004,3.6,2.90,8.27,-8.68,1.03,24.29,-1.94,-10.00
37,7,-1.00,-1.00,-1.00,-1.00,0.1434,2.0,2.08,5.69,18.54,0.90,-32.90,1.40,-10.00
37,7,-1.00,-1.00,-1.00,-1.00,0.1246,1.9,1.99,5.26,-46.95,1.61,-0.82,-0.39,-10.00
37,7,834.98,410.00,1009.94,484.96,0.1211,2.7,2.53,6.44,5.20,1.73,49.11,-2.44,-10.00
38,7,-1.00,-1.00,-1.00,-1.00,0.7425,2.4,2.32,6.20,17.03,1.55,16.55,-0.55,-10.00
38,7,-1.00,-1.00,-1.00,-1.00,0.5657,4.2,3.05,11.49,-6.33,1.51,-12.71,0.61,-10.00
38,7,-1.00,-1.00,-1.00,-1.00,0.3480,2.5,2.39,6.64,6.90,1.43,-20.15,-2.10,-10.00
38,7,-1.00,-1.00,-1.00,-1.00,0.2140,3.1,2.70,6.14,-46.32,1.19,36.25,0.55,-10.00
38,7,1247.28,433.66,1440.68,508.18,0.1656,2.6,2.55,6.16,20.29,2.42,46.07,-2.59,-10.00
38,7,836.13,363.98,1165.06,496.34,0.1365,4.1,3.35,10.75,7.19,1.82,43.65,-2.56,-10.00
38,7,-1.00,-1.00,-1.00,-1.00,0.1357,2.1,2.27,5.68,31.00,2.21,36.17,2.59,-10.00
38,7,1249.04,412.09,1335.01,491.49,0.1283,2.9,2.49,6.42,19.96,1.99,49.68,2.05,-10.00
38,7,-1.00,-1.00,-1.00,-1.00,0.1246,1.9,2.13,5.34,-29.85,0.88,-17.38,1.17,-10.00
38,7,-1.00,-1.00,-1.00,-1.00,0.1215,2.0,2.10,5.53,36.56,-0.24,-46.22,2.62,-10.00
38,7,-1.00,-1.00,-1.00,-1.00,0.1204,2.1,2.28,5.83,24.46,1.30,-31.04,-2.07,-10.00
38,7,-1.00,-1.00,-1.00,-1.00,0.1160,2.1,2.14,5.58,30.84,0.13,-50.37,-2.15,-10.00
38,7,-1.00,-1.00,-1.00,-1.00,0.1157,2.0,2.21,5.40,22.40,0.68,-24.57,-1.99,-10.00
38,7,-1.00,-1.00,-1.00,-1.00,0.1118,2.8,2.35,5.74,-44.77,1.64,27.45,0.37,-10.00
