0,7,-1.00,-1.00,-1.00,-1.00,0.8842,2.0,2.24,5.80,6.91,1.31,-12.41,-1.55,-10.00
0,7,-1.00,-1.00,-1.00,-1.00,0.8637,3.3,2.71,7.75,16.63,1.45,17.55,0.08,-10.00
0,7,-1.00,-1.00,-1.00,-1.00,0.3120,2.2,2.19,5.91,2.29,1.20,-17.78,-1.15,-10.00
0,7,-1.00,-1.00,-1.00,-1.00,0.2003,2.2,2.10,5.37,16.60,-1.67,-32.20,1.56,-10.00
0,7,-1.00,-1.00,-1.00,-1.00,0.1820,2.0,2.21,5.96,-19.75,1.94,16.32,1.48,-10.00
0,7,1278.06,431.49,1387.41,510.62,0.1472,2.4,2.36,6.08,17.20,1.32,42.93,-1.37,-10.00
0,7,-1.00,-1.00,-1.00,-1.00,0.1249,2.0,2.15,5.59,47.22,0.93,16.18,3.13,-10.00
0,7,-1.00,-1.00,-1.00,-1.00,0.1197,1.9,2.16,5.39,21.78,1.06,14.18,-3.11,-10.00
0,7,-1.00,-1.00,-1.00,-1.00,0.1039,2.1,2.15,5.46,-3.99,0.01,-42.63,-1.61,-10.00
0,7,-1.00,-1.00,-1.00,-1.00,0.1020,2.9,2.61,6.62,-46.34,1.89,31.82,1.43,-10.00
0,7,-1.00,-1.00,-1.00,-1.00,0.1017,2.0,2.21,5.84,-13.68,1.46,-19.12,-1.12,-10.00
1,7,-1.00,-1.00,-1.00,-1.00,0.9831,2.0,2.28,5.87,6.99,1.35,-12.47,-1.55,-10.00
1,7,-1.00,-1.00,-1.00,-1.00,0.8109,3.2,2.64,7.21,21.51,1.44,17.50,0.01,-10.00
1,7,-1.00,-1.00,-1.00,-1.00,0.4313,2.2,2.25,5.55,2.36,1.36,-17.59,-1.08,-10.00
1,7,-1.00,-1.00,-1.00,-1.00,0.1918,2.1,2.25,5.84,-19.32,1.34,18.09,-0.07,-10.00
1,7,-1.00,-1.00,-1.00,-1.00,0.1537,2.0,2.19,5.33,51.11,1.12,15.66,0.05,-10.00
1,7,-1.00,-1.00,-1.00,-1.00,0.1394,2.1,2.17,5.70,-46.50,1.40,33.01,1.44,-10.00
1,7,-1.00,-1.00,-1.00,-1.00,0.1351,2.5,2.44,6.29,26.94,1.13,16.85,0.09,-10.00
1,7,-1.00,-1.00,-1.00,-1.00,0.1330,2.4,2.32,5.86,-49.09,2.49,15.93,0.23,-10.00
1,7,-1.00,-1.00,-1.00,-1.00,0.1081,2.4,2.34,6.42,-26.66,1.53,18.54,0.01,-10.00
1,7,1276.69,447.22,1466.17,509.92,0.1046,1.9,2.16,5.22,17.69,1.25,40.92,0.12,-10.00
1,7,-1.00,-1.00,-1.00,-1.00,0.1041,2.0,2.13,5.31,-15.35,1.05,-37.05,1.50,-10.00
2,7,-1.00,-1.00,-1.00,-1.00,0.9814,2.0,2.33,5.96,6.99,1.41,-12.43,-1.55,-10.00
2,7,-1.00,-1.00,-1.00,-1.00,0.8013,3.1,2.59,6.93,27.80,1.25,17.28,0.03,-10.00
2,7,-1.00,-1.00,-1.00,-1.00,0.3383,2.2,2.22,5.49,2.45,1.35,-17.49,-1.12,-10.00
2,7,-1.00,-1.00,-1.00,-1.00,0.2040,2.3,2.25,6.04,-48.72,1.78,15.27,0.20,-10.00
2,7,-1.00,-1.00,-1.00,-1.00,0.1719,2.0,2.19,5.64,-8.74,1.13,-23.74,1.62,-10.00
2,7,-1.00,-1.00,-1.00,-1.00,0.1588,2.1,2.19,5.70,35.38,1.10,14.14,0.10,-10.00
2,7,-1.00,-1.00,-1.00,-1.00,0.1584,2.0,2.26,5.88,-16.03,1.38,18.33,-0.12,-10.00
2,7,-1.00,-1.00,-1.00,-1.00,0.1503,2.1,2.26,5.89,-29.31,1.55,18.46,0.12,-10.00
2,7,-1.00,-1.00,-1.00,-1.00,0.1348,2.5,2.43,6.31,32.22,0.91,16.72,0.16,-10.00
2,7,-1.00,-1.00,-1.00,-1.00,0.1233,2.2,2.26,6.20,-24.30,1.44,18.08,0.02,-10.00
2,7,-1.00,-1.00,-1.00,-1.00,0.1121,2.1,2.05,5.22,32.34,1.35,13.67,0.02,-10.00
2,7,-1.00,-1.00,-1.00,-1.00,0.1058,2.0,2.13,5.44,-27.46,1.77,14.36,0.05,-10.00
3,7,-1.00,-1.00,-1.00,-1.00,0.9862,2.0,2.31,5.99,7.00,1.33,-12.53,-1.55,-10.00
3,7,-1.00,-1.00,-1.00,-1.00,0.8144,3.3,2.67,7.35,34.03,0.94,17.01,0.02,-10.00
3,7,-1.00,-1.00,-1.00,-1.00,0.4267,2.1,2.21,5.65,2.49,1.27,-17.44,-1.14,-10.00
3,7,-1.00,-1.00,-1.00,-1.00,0.2890,3.0,2.60,8.04,-47.30,2.35,15.19,0.17,-10.00
3,7,0.00,430.53,183.96,584.41,0.2082,2.0,2.23,6.09,-12.97,1.60,18.23,0.02,-10.00
3,7,-1.00,-1.00,-1.00,-1.00,0.1442,2.1,2.13,5.33,-46.62,1.61,33.37,1.41,-10.00
3,7,-1.00,-1.00,-1.00,-1.00,0.1236,3.6,2.85,8.27,-43.04,2.65,15.33,0.20,-10.00
3,7,-1.00,-1.00,-1.00,-1.00,0.1195,2.1,2.08,5.19,37.51,1.24,13.44,0.04,-10.00
3,7,-1.00,-1.00,-1.00,-1.00,0.1026,2.1,2.18,5.64,-26.34,1.80,17.88,0.01,-10.00
3,7,1277.59,447.87,1468.68,508.98,0.1016,1.8,2.10,5.28,17.75,1.22,40.92,0.10,-10.00
4,7,-1.00,-1.00,-1.00,-1.00,0.9854,2.1,2.34,6.00,7.00,1.41,-12.54,-1.55,-10.00
4,7,-1.00,-1.00,-1.00,-1.00,0.6335,3.7,2.92,8.95,40.86,0.88,17.07,0.02,-10.00
4,7,-1.00,-1.00,-1.00,-1.00,0.4980,2.1,2.21,5.62,2.46,1.34,-17.36,-1.12,-10.00
4,7,-1.00,-1.00,-1.00,-1.00,0.4694,3.9,2.98,10.66,-46.27,1.99,14.93,0.04,-10.00
4,7,0.00,428.47,380.22,578.94,0.2232,2.0,2.04,5.30,-9.42,1.50,17.95,-0.00,-10.00
4,7,-1.00,-1.00,-1.00,-1.00,0.1715,2.1,2.19,5.76,-22.14,1.51,18.13,-0.04,-10.00
4,7,1275.16,449.68,1465.44,512.32,0.1165,1.9,2.16,5.25,17.65,1.33,40.91,0.12,-10.00
4,7,-1.00,-1.00,-1.00,-1.00,0.1030,2.1,2.11,5.25,43.07,1.00,13.35,-0.01,-10.00
4,7,-1.00,-1.00,-1.00,-1.00,0.1027,2.1,2.18,5.98,-8.90,1.03,-32.80,1.62,-10.00
4,7,-1.00,-1.00,-1.00,-1.00,0.1008,2.2,2.31,6.40,-22.50,1.84,13.29,0.08,-10.00
5,7,-1.00,-1.00,-1.00,-1.00,0.9846,2.1,2.32,5.99,7.00,1.43,-12.47,-1.55,-10.00
5,7,-1.00,-1.00,-1.00,-1.00,0.6951,3.8,2.96,7.06,-42.03,1.79,14.83,0.02,-10.00
5,7,-1.00,-1.00,-1.00,-1.00,0.6051,3.1,2.69,7.25,45.52,1.05,16.70,0.03,-10.00
5,7,160.61,424.93,593.21,578.48,0.3848,2.0,2.11,5.42,-6.26,1.50,17.96,0.01,-10.00
5,7,-1.00,-1.00,-1.00,-1.00,0.2841,2.1,2.18,5.43,2.43,1.29,-17.45,-1.13,-10.00
5,7,-1.00,-1.00,-1.00,-1.00,0.2075,2.6,2.31,6.36,-49.62,2.31,19.93,0.09,-10.00
5,7,-1.00,-1.00,-1.00,-1.00,0.1456,2.2,2.25,5.98,-20.30,2.15,12.46,0.27,-10.00
5,7,-1.00,-1.00,-1.00,-1.00,0.1290,2.1,2.25,5.94,-18.24,1.57,18.05,-0.03,-10.00
5,7,-1.00,-1.00,-1.00,-1.00,0.1273,2.1,2.19,5.61,-46.47,1.43,32.95,1.44,-10.00
5,7,1274.98,449.21,1463.90,512.40,0.1247,1.9,2.15,5.20,17.63,1.34,40.92,0.10,-10.00
5,7,-1.00,-1.00,-1.00,-1.00,0.1018,2.3,2.26,5.82,48.41,1.16,13.97,-0.08,-10.00
6,7,-1.00,-1.00,-1.00,-1.00,0.9830,2.1,2.31,6.01,6.98,1.40,-12.50,-1.55,-10.00
6,7,-1.00,-1.00,-1.00,-1.00,0.7151,3.9,3.01,8.71,-40.05,1.96,14.77,-0.01,-10.00
6,7,487.25,413.98,925.38,583.78,0.5452,2.2,2.26,5.86,-1.60,1.56,17.89,0.02,-10.00
6,7,-1.00,-1.00,-1.00,-1.00,0.3978,2.2,2.26,5.66,2.41,1.37,-17.50,-1.08,-10.00
6,7,-1.00,-1.00,-1.00,-1.00,0.1722,2.2,2.21,5.51,-6.14,0.35,-24.51,-3.11,-10.00
6,7,-1.00,-1.00,-1.00,-1.00,0.1653,3.0,2.68,6.76,50.62,1.24,16.55,0.07,-10.00
6,7,0.00,425.49,56.62,579.62,0.1507,2.0,2.08,5.41,-14.34,1.50,17.86,0.00,-10.00
6,7,-1.00,-1.00,-1.00,-1.00,0.1385,2.2,2.37,6.39,-17.90,2.00,11.36,0.38,-10.00
6,7,-1.00,-1.00,-1.00,-1.00,0.1182,2.0,2.20,5.64,-46.62,1.32,32.98,1.42,-10.00
7,7,-1.00,-1.00,-1.00,-1.00,0.9850,2.0,2.35,5.98,7.00,1.40,-12.54,-1.55,-10.00
7,7,-1.00,-1.00,-1.00,-1.00,0.8655,3.9,2.94,8.54,-37.45,1.90,14.66,0.02,-10.00
7,7,760.36,400.45,1220.22,577.08,0.5790,2.3,2.31,6.05,2.18,1.46,17.79,0.02,-10.00
7,7,-1.00,-1.00,-1.00,-1.00,0.3788,2.1,2.16,5.42,2.44,1.25,-17.35,-1.11,-10.00
7,7,0.00,436.61,296.92,588.29,0.2523,2.0,2.16,5.53,-10.82,1.62,17.94,-0.02,-10.00
7,7,-1.00,-1.00,-1.00,-1.00,0.1503,2.1,2.17,5.63,-28.91,1.71,18.33,-0.00,-10.00
7,7,-1.00,-1.00,-1.00,-1.00,0.1186,2.3,2.45,5.56,45.90,-1.12,-10.99,-0.16,-10.00
8,7,-1.00,-1.00,-1.00,-1.00,0.9827,2.0,2.30,5.93,7.00,1.42,-12.51,-1.55,-10.00
8,7,-1.00,-1.00,-1.00,-1.00,0.7623,3.8,3.05,10.10,-34.76,2.02,14.69,0.03,-10.00
8,7,1036.59,412.63,1504.42,576.42,0.5938,2.1,2.27,5.72,6.01,1.44,17.62,0.02,-10.00
8,7,-1.00,-1.00,-1.00,-1.00,0.4040,2.3,2.33,5.62,2.50,1.46,-17.64,-1.06,-10.00
8,7,115.39,425.54,558.61,581.89,0.3154,2.0,2.07,5.46,-6.76,1.53,17.78,0.01,-10.00
8,7,-1.00,-1.00,-1.00,-1.00,0.1375,2.2,2.20,5.85,-38.44,1.04,19.09,0.24,-10.00
8,7,-1.00,-1.00,-1.00,-1.00,0.1294,2.0,2.00,5.13,42.34,1.58,13.26,0.02,-10.00
8,7,1411.56,431.42,1600.00,502.01,0.1192,1.8,2.05,5.15,19.12,0.83,34.35,-0.01,-10.00
8,7,1279.62,447.43,1472.02,509.96,0.1006,1.9,2.14,5.30,17.83,1.25,40.91,0.10,-10.00
9,7,-1.00,-1.00,-1.00,-1.00,0.9839,2.1,2.35,6.02,6.99,1.42,-12.55,-1.55,-10.00
9,7,-1.00,-1.00,-1.00,-1.00,0.8093,4.1,3.00,8.98,-31.37,1.71,14.59,0.02,-10.00
9,7,1295.95,406.76,1600.00,573.90,0.5158,2.1,2.25,5.64,9.82,1.39,17.48,0.01,-10.00
9,7,-1.00,-1.00,-1.00,-1.00,0.5015,2.1,2.19,5.46,2.45,1.23,-17.40,-1.12,-10.00
9,7,389.39,429.71,811.69,589.51,0.4385,2.1,2.19,5.62,-3.04,1.63,17.89,-0.01,-10.00
9,7,-1.00,-1.00,-1.00,-1.00,0.1883,2.8,2.53,6.81,-37.80,1.19,19.21,-0.09,-10.00
9,7,-1.00,-1.00,-1.00,-1.00,0.1107,2.2,2.25,5.84,-23.34,1.48,13.93,0.08,-10.00
9,7,-1.00,-1.00,-1.00,-1.00,0.1073,2.5,2.51,7.36,-43.04,1.88,18.33,-0.02,-10.00
9,7,1278.30,453.30,1472.58,513.48,0.1032,1.8,2.08,5.38,17.84,1.38,40.93,-3.11,-10.00
10,7,-1.00,-1.00,-1.00,-1.00,0.9833,2.1,2.37,5.96,6.99,1.44,-12.45,-1.56,-10.00
10,7,-1.00,-1.00,-1.00,-1.00,0.6952,4.0,2.95,7.27,-27.03,1.68,14.52,0.02,-10.00
10,7,1544.96,419.37,1600.00,576.60,0.4777,2.0,2.15,5.52,13.39,1.42,17.38,0.01,-10.00
10,7,-1.00,-1.00,-1.00,-1.00,0.3445,2.1,2.21,5.47,2.45,1.30,-17.34,-1.10,-10.00
10,7,709.38,448.60,931.76,530.90,0.1712,2.0,2.16,5.48,-0.22,1.52,31.95,3.07,-10.00
10,7,715.92,420.29,1112.99,573.98,0.1702,2.0,2.02,5.25,1.17,1.41,17.68,0.02,-10.00
10,7,-1.00,-1.00,-1.00,-1.00,0.1237,2.0,2.20,5.64,-46.66,1.32,32.93,1.42,-10.00
10,7,-1.00,-1.00,-1.00,-1.00,0.1235,3.8,3.05,10.02,-34.28,1.75,14.65,0.04,-10.00
10,7,-1.00,-1.00,-1.00,-1.00,0.1184,2.3,2.29,6.21,49.64,0.86,13.31,0.01,-10.00
10,7,-1.00,-1.00,-1.00,-1.00,0.1164,2.2,2.41,6.39,13.36,1.06,-32.65,-1.53,-10.00
10,7,-1.00,-1.00,-1.00,-1.00,0.1124,2.6,2.30,6.01,-33.71,1.57,18.65,-0.03,-10.00
10,7,-1.00,-1.00,-1.00,-1.00,0.1075,2.3,2.28,6.30,-39.90,1.84,17.85,0.01,-10.00
10,7,-1.00,-1.00,-1.00,-1.00,0.1029,2.7,2.37,6.53,-33.66,1.36,20.21,0.02,-10.00
11,7,-1.00,-1.00,-1.00,-1.00,0.9835,2.1,2.32,5.96,7.00,1.41,-12.50,-1.55,-10.00
11,7,-1.00,-1.00,-1.00,-1.00,0.9020,4.0,2.92,8.17,-24.81,1.63,14.54,0.04,-10.00
11,7,-1.00,-1.00,-1.00,-1.00,0.4462,2.2,2.26,5.64,2.45,1.35,-17.45,-1.08,-10.00
11,7,-1.00,-1.00,-1.00,-1.00,0.2803,2.0,2.14,5.47,17.42,1.38,17.28,0.03,-10.00
11,7,992.25,408.66,1462.27,573.96,0.2401,2.1,2.26,5.82,5.43,1.40,17.61,-0.03,-10.00
11,7,-1.00,-1.00,-1.00,-1.00,0.1680,3.2,2.68,7.06,-30.85,1.52,20.24,0.12,-10.00
11,7,-1.00,-1.00,-1.00,-1.00,0.1347,2.0,2.07,5.41,24.81,1.24,13.96,0.04,-10.00
11,7,-1.00,-1.00,-1.00,-1.00,0.1334,3.3,2.84,8.07,-35.41,2.10,17.88,-0.02,-10.00
11,7,1412.05,439.87,1600.00,509.56,0.1155,1.7,1.96,4.95,18.90,1.03,34.12,0.13,-10.00
11,7,-1.00,-1.00,-1.00,-1.00,0.1097,2.2,2.13,5.61,-39.91,1.78,13.63,0.01,-10.00
11,7,-1.00,-1.00,-1.00,-1.00,0.1050,4.0,3.00,11.00,-31.86,1.88,14.66,-0.01,-10.00
12,7,-1.00,-1.00,-1.00,-1.00,0.9834,2.0,2.33,5.97,6.99,1.43,-12.47,-1.55,-10.00
12,7,-1.00,-1.00,-1.00,-1.00,0.8665,4.2,2.99,7.94,-21.37,1.89,14.36,0.02,-10.00
12,7,-1.00,-1.00,-1.00,-1.00,0.5111,2.2,2.33,5.65,2.42,1.43,-17.66,-1.06,-10.00
12,7,-1.00,-1.00,-1.00,-1.00,0.3352,2.1,2.13,5.33,21.71,1.29,17.15,0.02,-10.00
12,7,1289.51,421.20,1600.00,578.16,0.1789,2.0,2.11,5.40,9.53,1.44,17.38,0.04,-10.00
12,7,-1.00,-1.00,-1.00,-1.00,0.1422,2.3,2.22,5.65,-35.90,1.66,14.85,0.08,-10.00
12,7,1418.49,443.05,1600.00,511.56,0.1066,1.7,1.97,4.92,19.08,1.09,34.12,0.09,-10.00
12,7,-1.00,-1.00,-1.00,-1.00,0.1031,3.0,2.57,7.79,-27.98,1.63,19.05,-0.11,-10.00
12,7,-1.00,-1.00,-1.00,-1.00,0.1018,3.9,3.05,10.44,-28.19,1.80,14.57,0.08,-10.00
13,7,-1.00,-1.00,-1.00,-1.00,0.9867,2.1,2.35,6.00,6.97,1.40,-12.46,-1.55,-10.00
13,7,-1.00,-1.00,-1.00,-1.00,0.8962,3.9,2.88,9.20,-18.87,1.76,14.22,0.08,-10.00
13,7,-1.00,-1.00,-1.00,-1.00,0.4138,2.0,2.16,5.43,25.69,1.22,16.95,0.04,-10.00
13,7,-1.00,-1.00,-1.00,-1.00,0.3144,2.1,2.20,5.49,2.48,1.33,-17.35,-1.11,-10.00
13,7,-1.00,-1.00,-1.00,-1.00,0.2841,3.2,2.72,8.28,-26.98,1.75,18.14,-0.06,-10.00
13,7,1536.38,411.30,1600.00,571.31,0.2615,2.0,2.14,5.47,13.24,1.35,17.36,0.05,-10.00
13,7,-1.00,-1.00,-1.00,-1.00,0.1972,2.7,2.36,5.92,-49.44,2.13,18.48,0.16,-10.00
13,7,1277.57,452.83,1465.42,516.14,0.1156,1.9,2.17,5.18,17.70,1.46,40.94,0.14,-10.00
13,7,-1.00,-1.00,-1.00,-1.00,0.1087,2.0,2.06,5.09,-31.26,1.63,14.87,0.02,-10.00
14,7,-1.00,-1.00,-1.00,-1.00,0.9845,2.1,2.34,6.01,7.00,1.43,-12.52,-1.55,-10.00
14,7,-1.00,-1.00,-1.00,-1.00,0.9225,4.0,2.90,8.25,-15.04,1.66,13.78,0.05,-10.00
14,7,-1.00,-1.00,-1.00,-1.00,0.4203,3.0,2.56,6.63,-48.12,1.77,18.39,0.03,-10.00
14,7,-1.00,-1.00,-1.00,-1.00,0.2916,2.1,2.18,5.49,2.44,1.28,-17.37,-1.11,-10.00
14,7,-1.00,-1.00,-1.00,-1.00,0.2760,2.0,2.14,5.46,17.11,1.04,17.31,0.02,-10.00
14,7,-1.00,-1.00,-1.00,-1.00,0.2071,2.0,2.12,5.48,30.01,0.99,16.78,0.02,-10.00
14,7,-1.00,-1.00,-1.00,-1.00,0.1505,2.3,2.25,5.57,-19.19,1.59,18.17,0.13,-10.00
14,7,-1.00,-1.00,-1.00,-1.00,0.1389,2.0,2.14,5.63,-29.39,1.86,14.13,0.05,-10.00
14,7,-1.00,-1.00,-1.00,-1.00,0.1148,1.9,2.13,5.32,-13.42,1.43,-19.21,1.52,-10.00
14,7,-1.00,-1.00,-1.00,-1.00,0.1102,2.0,2.16,5.53,38.29,1.05,14.95,-0.08,-10.00
14,7,1276.15,447.30,1466.01,511.04,0.1051,1.9,2.19,5.22,17.68,1.29,40.92,0.12,-10.00
14,7,1413.23,443.07,1600.00,512.57,0.1021,1.7,1.96,4.82,18.88,1.11,34.12,0.10,-10.00
15,7,-1.00,-1.00,-1.00,-1.00,0.9877,2.0,2.32,5.93,6.97,1.40,-12.46,-1.55,-10.00
15,7,0.00,225.17,191.87,644.74,0.9193,4.0,2.84,8.43,-11.79,1.75,13.59,0.07,-10.00
15,7,-1.00,-1.00,-1.00,-1.00,0.5535,2.8,2.50,6.84,-45.66,1.65,18.33,0.02,-10.00
15,7,-1.00,-1.00,-1.00,-1.00,0.4182,2.2,2.22,5.63,2.43,1.38,-17.57,-1.08,-10.00
15,7,-1.00,-1.00,-1.00,-1.00,0.2490,2.0,2.08,5.27,20.81,1.15,17.23,0.01,-10.00
15,7,-1.00,-1.00,-1.00,-1.00,0.1809,2.1,2.24,5.99,31.90,0.72,17.09,-0.05,-10.00
15,7,-1.00,-1.00,-1.00,-1.00,0.1478,2.1,2.20,5.77,34.05,0.79,16.00,0.07,-10.00
15,7,-1.00,-1.00,-1.00,-1.00,0.1433,3.9,2.99,11.09,-18.17,1.98,14.02,0.01,-10.00
15,7,-1.00,-1.00,-1.00,-1.00,0.1384,2.2,2.23,6.03,35.51,0.77,17.85,-0.15,-10.00
15,7,-1.00,-1.00,-1.00,-1.00,0.1344,1.9,2.14,5.52,-13.70,1.27,-19.08,-1.55,-10.00
15,7,-1.00,-1.00,-1.00,-1.00,0.1171,2.7,2.49,6.30,47.66,1.12,13.32,0.08,-10.00
15,7,-1.00,-1.00,-1.00,-1.00,0.1042,2.4,2.31,5.78,-6.50,0.63,-24.48,-3.11,-10.00
15,7,1406.81,433.91,1600.00,505.71,0.1003,1.8,2.03,5.24,19.03,0.93,34.35,0.04,-10.00
16,7,-1.00,-1.00,-1.00,-1.00,0.9864,2.1,2.34,6.00,6.99,1.42,-12.51,-1.55,-10.00
16,7,0.00,212.85,479.65,637.25,0.9094,3.9,2.86,8.24,-8.23,1.64,13.35,0.05,-10.00
16,7,-1.00,-1.00,-1.00,-1.00,0.4215,2.6,2.40,6.44,-43.53,1.42,18.37,-0.02,-10.00
16,7,-1.00,-1.00,-1.00,-1.00,0.3367,2.1,2.16,5.40,2.45,1.25,-17.32,-1.11,-10.00
16,7,-1.00,-1.00,-1.00,-1.00,0.2337,2.1,2.16,5.65,25.38,1.09,17.28,-0.00,-10.00
16,7,-1.00,-1.00,-1.00,-1.00,0.1923,2.6,2.50,7.09,30.36,0.98,17.41,-0.04,-10.00
16,7,-1.00,-1.00,-1.00,-1.00,0.1680,2.3,2.25,5.67,50.97,0.94,13.29,0.07,-10.00
16,7,-1.00,-1.00,-1.00,-1.00,0.1574,1.9,2.15,5.73,-13.23,1.06,-20.13,1.49,-10.00
16,7,-1.00,-1.00,-1.00,-1.00,0.1518,2.0,2.11,5.49,39.88,0.73,16.57,0.04,-10.00
16,7,-1.00,-1.00,-1.00,-1.00,0.1394,2.2,2.35,5.88,-46.72,1.53,33.03,1.41,-10.00
16,7,-1.00,-1.00,-1.00,-1.00,0.1288,2.0,2.23,5.53,-14.70,1.20,-37.56,1.49,-10.00
16,7,1275.85,449.68,1462.11,511.08,0.1261,1.8,2.14,5.13,17.60,1.29,40.90,0.11,-10.00
16,7,-1.00,-1.00,-1.00,-1.00,0.1147,2.3,2.35,5.99,33.65,0.79,13.67,0.18,-10.00
16,7,1360.91,416.73,1600.00,569.09,0.1019,1.9,2.02,5.30,10.51,1.32,17.35,-0.02,-10.00
17,7,-1.00,-1.00,-1.00,-1.00,0.9850,2.1,2.35,6.00,6.99,1.43,-12.49,-1.55,-10.00
17,7,0.00,220.51,777.53,628.92,0.9135,3.8,2.79,7.91,-4.59,1.54,13.21,0.05,-10.00
17,7,-1.00,-1.00,-1.00,-1.00,0.3683,2.6,2.41,6.50,-40.68,1.76,18.31,0.02,-10.00
17,7,-1.00,-1.00,-1.00,-1.00,0.3585,2.3,2.32,5.66,2.41,1.33,-17.67,-1.07,-10.00
17,7,-1.00,-1.00,-1.00,-1.00,0.2017,1.9,2.07,5.38,-13.14,1.13,-20.89,1.42,-10.00
17,7,-1.00,-1.00,-1.00,-1.00,0.1985,2.3,2.28,6.02,34.91,1.06,12.21,-0.06,-10.00
17,7,-1.00,-1.00,-1.00,-1.00,0.1810,2.2,2.20,5.90,37.21,1.19,13.29,0.03,-10.00
17,7,-1.00,-1.00,-1.00,-1.00,0.1555,2.1,2.17,5.68,-46.49,1.31,32.97,1.44,-10.00
17,7,-1.00,-1.00,-1.00,-1.00,0.1311,2.0,2.18,5.65,-31.45,1.73,15.05,0.04,-10.00
17,7,-1.00,-1.00,-1.00,-1.00,0.1201,2.1,2.17,5.62,29.88,0.98,17.32,-0.01,-10.00
17,7,1275.19,444.96,1464.95,508.79,0.1095,1.9,2.19,5.23,17.65,1.21,40.93,0.12,-10.00
17,7,1409.24,437.10,1600.00,508.19,0.1071,1.8,1.98,4.95,18.87,0.99,34.19,0.12,-10.00
17,7,-1.00,-1.00,-1.00,-1.00,0.1053,2.0,2.05,5.36,15.14,1.29,17.30,-0.01,-10.00
18,7,-1.00,-1.00,-1.00,-1.00,0.9861,2.0,2.32,5.93,6.98,1.40,-12.44,-1.55,-10.00
18,7,258.33,200.58,1131.86,629.61,0.9341,3.9,2.80,8.09,-1.23,1.53,13.02,0.05,-10.00
18,7,-1.00,-1.00,-1.00,-1.00,0.3868,2.7,2.43,6.41,-38.20,1.72,18.47,0.01,-10.00
18,7,-1.00,-1.00,-1.00,-1.00,0.3690,2.1,2.19,5.49,2.47,1.28,-17.35,-1.11,-10.00
18,7,-1.00,-1.00,-1.00,-1.00,0.2595,2.8,2.58,7.35,37.90,0.81,12.27,-0.16,-10.00
18,7,-1.00,-1.00,-1.00,-1.00,0.1852,1.9,2.04,5.47,-12.86,1.10,-21.99,1.39,-10.00
18,7,-1.00,-1.00,-1.00,-1.00,0.1752,2.1,2.17,5.57,33.85,0.75,16.99,-0.04,-10.00
18,7,-1.00,-1.00,-1.00,-1.00,0.1283,2.2,2.22,5.55,42.85,0.54,14.13,-0.16,-10.00
18,7,573.31,392.97,848.80,519.31,0.1200,3.0,2.65,6.74,-2.92,1.23,32.68,0.11,-10.00
18,7,-1.00,-1.00,-1.00,-1.00,0.1155,2.0,2.14,5.59,-27.86,1.75,14.35,0.09,-10.00
18,7,1276.50,449.30,1466.26,512.28,0.1079,1.9,2.17,5.23,17.68,1.33,40.91,0.12,-10.00
18,7,-1.00,-1.00,-1.00,-1.00,0.1050,2.0,2.06,5.26,47.20,1.19,16.05,0.05,-10.00
19,7,-1.00,-1.00,-1.00,-1.00,0.9827,2.0,2.31,5.89,6.98,1.34,-12.38,-1.55,-10.00
19,7,582.91,205.92,1534.23,633.60,0.9295,3.9,2.82,8.64,2.09,1.54,12.93,0.02,-10.00
19,7,-1.00,-1.00,-1.00,-1.00,0.4220,2.2,2.27,5.62,2.47,1.38,-17.67,-1.08,-10.00
19,7,-1.00,-1.00,-1.00,-1.00,0.2310,2.5,2.30,5.76,-35.08,1.69,18.14,0.00,-10.00
19,7,-1.00,-1.00,-1.00,-1.00,0.1825,2.7,2.50,7.35,40.38,0.75,11.93,-0.04,-10.00
19,7,-1.00,-1.00,-1.00,-1.00,0.1518,2.1,2.20,5.82,-23.70,1.68,14.26,-0.00,-10.00
19,7,-1.00,-1.00,-1.00,-1.00,0.1218,2.4,2.48,6.33,-49.64,2.47,21.67,-0.01,-10.00
19,7,-1.00,-1.00,-1.00,-1.00,0.1048,2.0,2.24,5.74,-46.66,1.27,32.96,1.44,-10.00
19,7,-1.00,-1.00,-1.00,-1.00,0.1032,2.7,2.52,6.55,38.36,0.71,16.86,0.02,-10.00
19,7,1279.44,446.70,1469.58,508.96,0.1001,1.9,2.15,5.24,17.78,1.22,40.90,0.12,-10.00
20,7,-1.00,-1.00,-1.00,-1.00,0.9839,2.0,2.34,5.91,7.01,1.39,-12.49,-1.55,-10.00
20,7,951.38,201.08,1600.00,646.36,0.9390,4.0,2.88,8.96,5.93,1.64,12.91,0.01,-10.00
20,7,-1.00,-1.00,-1.00,-1.00,0.5417,3.1,2.69,7.78,-31.84,1.93,18.16,0.09,-10.00
20,7,-1.00,-1.00,-1.00,-1.00,0.4028,2.2,2.29,5.65,2.49,1.38,-17.60,-1.09,-10.00
20,7,-1.00,-1.00,-1.00,-1.00,0.1563,2.4,2.34,6.32,29.98,1.07,17.06,0.02,-10.00
20,7,-1.00,-1.00,-1.00,-1.00,0.1520,2.0,2.14,5.55,-12.42,1.19,-25.64,1.49,-10.00
20,7,-1.00,-1.00,-1.00,-1.00,0.1217,2.7,2.56,7.15,43.92,0.88,12.52,-0.09,-10.00
20,7,1416.63,441.13,1600.00,513.42,0.1176,1.8,2.14,5.40,19.40,1.15,34.35,-0.06,-10.00
20,7,-1.00,-1.00,-1.00,-1.00,0.1107,2.0,2.21,5.67,-14.66,1.02,-38.23,1.49,-10.00
20,7,-1.00,-1.00,-1.00,-1.00,0.1105,2.0,2.23,5.67,-46.65,1.38,32.97,1.42,-10.00
20,7,205.83,259.33,1195.31,641.51,0.1079,3.5,2.75,9.14,-1.18,1.62,13.03,0.01,-10.00
20,7,-1.00,-1.00,-1.00,-1.00,0.1050,2.6,2.71,6.84,-48.70,2.16,21.99,-0.04,-10.00
21,7,-1.00,-1.00,-1.00,-1.00,0.9843,2.1,2.32,5.98,7.00,1.43,-12.48,-1.55,-10.00
21,7,1301.16,238.14,1600.00,650.84,0.9533,3.7,2.84,8.68,9.82,1.69,12.92,-0.01,-10.00
21,7,-1.00,-1.00,-1.00,-1.00,0.7498,3.1,2.54,6.77,-28.36,1.73,17.94,0.02,-10.00
21,7,-1.00,-1.00,-1.00,-1.00,0.3432,2.2,2.26,5.57,2.50,1.41,-17.57,-1.09,-10.00
21,7,-1.00,-1.00,-1.00,-1.00,0.1125,1.9,2.05,5.56,-11.80,1.13,-33.12,1.58,-10.00
21,7,-1.00,-1.00,-1.00,-1.00,0.1040,2.1,2.08,5.33,-31.58,1.79,13.62,0.17,-10.00
22,7,-1.00,-1.00,-1.00,-1.00,0.9876,2.0,2.31,5.94,6.99,1.37,-12.42,-1.55,-10.00
22,7,-1.00,-1.00,-1.00,-1.00,0.9553,4.0,2.83,8.60,13.68,1.72,12.83,-0.01,-10.00
22,7,-1.00,-1.00,-1.00,-1.00,0.4449,2.8,2.51,6.81,-25.48,1.68,17.85,0.06,-10.00
22,7,-1.00,-1.00,-1.00,-1.00,0.4100,2.3,2.34,6.05,2.37,1.52,-17.73,-1.07,-10.00
22,7,-1.00,-1.00,-1.00,-1.00,0.1658,2.1,2.31,6.29,44.88,1.20,11.70,-0.16,-10.00
22,7,-1.00,-1.00,-1.00,-1.00,0.1551,2.1,2.18,5.69,-28.97,1.98,13.90,0.04,-10.00
22,7,-1.00,-1.00,-1.00,-1.00,0.1230,1.9,2.03,5.48,-11.92,0.96,-34.17,1.57,-10.00
22,7,1406.10,436.36,1600.00,507.66,0.1175,1.8,2.00,5.06,18.77,0.97,34.03,0.04,-10.00
22,7,-1.00,-1.00,-1.00,-1.00,0.1132,2.2,2.18,5.55,-46.35,1.73,18.71,-0.01,-10.00
23,7,-1.00,-1.00,-1.00,-1.00,0.9812,2.1,2.30,5.93,7.00,1.43,-12.40,-1.55,-10.00
23,7,-1.00,-1.00,-1.00,-1.00,0.9466,3.8,2.80,8.54,17.10,1.56,12.77,-0.04,-10.00
23,7,-1.00,-1.00,-1.00,-1.00,0.6521,2.9,2.55,7.31,-22.79,1.88,17.83,0.10,-10.00
23,7,-1.00,-1.00,-1.00,-1.00,0.3875,2.3,2.30,5.80,2.38,1.45,-17.68,-1.09,-10.00
23,7,-1.00,-1.00,-1.00,-1.00,0.1350,2.1,2.20,5.68,40.73,0.89,16.86,0.01,-10.00
23,7,-1.00,-1.00,-1.00,-1.00,0.1308,2.1,2.37,5.67,23.80,1.00,14.99,-3.11,-10.00
23,7,-1.00,-1.00,-1.00,-1.00,0.1162,2.1,2.15,5.65,-44.06,1.54,18.60,0.02,-10.00
23,7,838.54,374.32,1007.48,522.00,0.1139,3.7,2.99,8.17,3.01,1.45,36.26,-1.26,-10.00
23,7,1277.51,447.44,1466.48,511.58,0.1122,1.9,2.20,5.22,17.71,1.31,40.95,0.16,-10.00
23,7,-1.00,-1.00,-1.00,-1.00,0.1031,2.6,2.54,6.96,44.77,1.02,16.48,0.00,-10.00
23,7,1409.82,440.02,1600.00,512.90,0.1020,1.8,2.06,5.08,18.96,1.12,34.19,0.11,-10.00
24,7,-1.00,-1.00,-1.00,-1.00,0.9771,2.0,2.29,5.90,6.97,1.40,-12.62,-1.55,-10.00
24,7,-1.00,-1.00,-1.00,-1.00,0.9454,3.5,2.73,7.98,21.40,1.48,12.81,-0.03,-10.00
24,7,-1.00,-1.00,-1.00,-1.00,0.8173,2.8,2.47,6.65,-18.13,1.72,17.71,0.05,-10.00
24,7,-1.00,-1.00,-1.00,-1.00,0.2589,2.1,2.20,5.47,2.44,1.26,-17.41,-1.12,-10.00
24,7,-1.00,-1.00,-1.00,-1.00,0.2059,2.0,2.32,5.65,-15.29,0.73,-37.30,1.49,-10.00
24,7,-1.00,-1.00,-1.00,-1.00,0.1606,2.0,2.14,5.63,-22.39,1.47,12.82,0.22,-10.00
24,7,-1.00,-1.00,-1.00,-1.00,0.1571,2.1,2.23,5.67,-41.61,1.79,18.49,-0.01,-10.00
24,7,-1.00,-1.00,-1.00,-1.00,0.1358,2.4,2.34,6.17,45.34,0.79,16.39,0.09,-10.00
24,7,-1.00,-1.00,-1.00,-1.00,0.1334,2.1,2.27,6.07,-12.22,0.71,-39.25,1.58,-10.00
24,7,799.25,384.35,986.27,537.90,0.1274,3.8,2.98,10.37,2.27,1.97,36.77,-1.27,-10.00
25,7,-1.00,-1.00,-1.00,-1.00,0.9807,2.1,2.33,6.00,6.98,1.44,-12.54,-1.55,-10.00
25,7,-1.00,-1.00,-1.00,-1.00,0.9223,3.8,2.78,8.31,25.74,1.27,12.78,0.02,-10.00
25,7,0.00,375.69,94.62,594.29,0.7353,2.8,2.51,6.72,-14.38,1.67,17.63,0.05,-10.00
25,7,-1.00,-1.00,-1.00,-1.00,0.3805,2.3,2.33,5.90,2.35,1.48,-17.75,-1.07,-10.00
25,7,-1.00,-1.00,-1.00,-1.00,0.1291,2.0,2.14,5.58,-31.67,1.53,13.90,0.09,-10.00
25,7,849.89,396.37,982.27,528.41,0.1289,3.6,2.91,8.74,3.05,1.82,39.90,-1.35,-10.00
25,7,-1.00,-1.00,-1.00,-1.00,0.1189,2.0,2.21,5.77,-46.49,1.32,32.82,1.45,-10.00
25,7,-1.00,-1.00,-1.00,-1.00,0.1045,2.6,2.45,6.98,-13.18,0.70,-46.97,1.61,-10.00
25,7,1277.05,446.03,1464.94,508.31,0.1027,1.9,2.15,5.20,17.68,1.20,40.93,0.14,-10.00
26,7,-1.00,-1.00,-1.00,-1.00,0.9810,2.0,2.28,5.93,6.96,1.42,-12.30,-1.55,-10.00
26,7,-1.00,-1.00,-1.00,-1.00,0.9003,3.8,2.85,8.64,29.38,1.25,12.87,-0.01,-10.00
26,7,0.00,372.62,350.67,593.57,0.7653,2.8,2.50,6.70,-10.50,1.64,17.52,0.03,-10.00
26,7,-1.00,-1.00,-1.00,-1.00,0.2266,2.1,2.17,5.40,2.47,1.30,-17.32,-1.14,-10.00
26,7,-1.00,-1.00,-1.00,-1.00,0.1593,2.0,2.20,5.78,-28.71,1.52,13.84,0.02,-10.00
26,7,-1.00,-1.00,-1.00,-1.00,0.1437,2.9,2.60,6.83,-16.55,1.63,17.71,-3.12,-10.00
26,7,-1.00,-1.00,-1.00,-1.00,0.1323,3.2,2.70,6.95,34.28,1.04,13.38,-0.07,-10.00
26,7,-1.00,-1.00,-1.00,-1.00,0.1016,2.1,2.27,5.90,-17.68,1.70,10.86,0.37,-10.00
27,7,-1.00,-1.00,-1.00,-1.00,0.9791,2.0,2.25,5.89,6.95,1.34,-12.22,-1.55,-10.00
27,7,-1.00,-1.00,-1.00,-1.00,0.9470,3.5,2.70,7.50,33.15,1.24,12.85,-0.04,-10.00
27,7,66.88,372.08,610.27,594.66,0.6628,2.8,2.46,6.58,-6.53,1.65,17.45,0.03,-10.00
27,7,-1.00,-1.00,-1.00,-1.00,0.3467,2.1,2.21,5.48,2.44,1.32,-17.48,-1.13,-10.00
27,7,891.45,418.27,963.69,520.36,0.2076,3.5,2.50,7.29,3.87,1.86,47.97,-1.49,-10.00
27,7,-1.00,-1.00,-1.00,-1.00,0.1306,2.0,2.20,5.55,-15.53,1.75,9.66,0.70,-10.00
27,7,-1.00,-1.00,-1.00,-1.00,0.1189,2.0,2.16,5.59,-25.03,1.62,13.77,0.07,-10.00
27,7,1278.23,449.44,1467.75,512.36,0.1075,1.9,2.18,5.22,17.75,1.33,40.94,0.13,-10.00
28,7,-1.00,-1.00,-1.00,-1.00,0.9799,2.0,2.26,5.88,6.95,1.36,-12.24,-1.55,-10.00
28,7,-1.00,-1.00,-1.00,-1.00,0.8231,3.6,2.79,8.11,36.69,1.02,13.00,-0.01,-10.00
28,7,331.45,347.60,878.32,597.27,0.6842,3.1,2.57,7.05,-2.84,1.68,17.43,0.03,-10.00
28,7,885.12,420.84,973.93,523.64,0.3675,3.7,2.86,8.43,4.31,2.12,50.83,-1.41,-10.00
28,7,-1.00,-1.00,-1.00,-1.00,0.2171,2.1,2.19,5.46,2.45,1.32,-17.39,-1.12,-10.00
28,7,1275.72,450.92,1463.49,515.00,0.1341,1.9,2.21,5.17,17.64,1.42,40.94,0.13,-10.00
28,7,-1.00,-1.00,-1.00,-1.00,0.1331,2.5,2.55,6.67,-49.60,2.35,21.75,-0.09,-10.00
29,7,-1.00,-1.00,-1.00,-1.00,0.9842,2.0,2.29,5.94,6.96,1.36,-12.16,-1.55,-10.00
29,7,-1.00,-1.00,-1.00,-1.00,0.7657,3.4,2.82,8.08,40.17,0.87,13.11,-0.02,-10.00
29,7,692.25,346.45,1210.48,575.82,0.7117,2.9,2.48,6.59,1.61,1.40,17.31,0.04,-10.00
29,7,-1.00,-1.00,-1.00,-1.00,0.2411,1.9,2.15,5.62,-12.66,1.84,5.31,1.05,-10.00
29,7,-1.00,-1.00,-1.00,-1.00,0.2044,2.1,2.16,5.37,2.46,1.24,-17.30,-1.14,-10.00
29,7,829.79,414.65,972.00,518.49,0.1331,3.7,2.96,8.09,2.83,1.90,51.11,-1.89,-10.00
29,7,907.91,404.82,999.17,522.77,0.1173,4.2,3.27,10.94,5.09,2.08,51.32,-1.49,-10.00
29,7,1276.40,448.52,1463.98,512.49,0.1160,1.9,2.21,5.17,17.66,1.34,40.95,0.14,-10.00
29,7,-1.00,-1.00,-1.00,-1.00,0.1122,2.2,2.19,5.67,43.81,1.17,12.51,-0.10,-10.00
30,7,-1.00,-1.00,-1.00,-1.00,0.9787,2.0,2.25,5.87,6.96,1.36,-12.16,-1.55,-10.00
30,7,1010.77,347.01,1559.92,573.14,0.8149,2.8,2.49,6.59,6.03,1.36,17.29,0.02,-10.00
30,7,-1.00,-1.00,-1.00,-1.00,0.3582,2.2,2.25,5.86,42.58,0.71,13.05,0.09,-10.00
30,7,-1.00,-1.00,-1.00,-1.00,0.2588,2.2,2.20,5.48,2.45,1.29,-17.43,-1.13,-10.00
30,7,-1.00,-1.00,-1.00,-1.00,0.1867,1.9,2.15,5.73,-11.92,1.71,2.72,1.24,-10.00
30,7,-1.00,-1.00,-1.00,-1.00,0.1519,2.2,2.29,6.25,31.74,0.84,13.46,-0.05,-10.00
30,7,-1.00,-1.00,-1.00,-1.00,0.1308,2.3,2.32,6.17,47.10,0.89,12.88,-0.03,-10.00
30,7,-1.00,-1.00,-1.00,-1.00,0.1124,2.0,2.18,5.64,-18.07,1.64,11.24,0.40,-10.00
31,7,-1.00,-1.00,-1.00,-1.00,0.9830,2.0,2.31,5.94,6.97,1.38,-12.15,-1.55,-10.00
31,7,1344.28,373.62,1600.00,578.44,0.7748,2.5,2.42,6.27,10.73,1.41,17.08,-0.01,-10.00
31,7,-1.00,-1.00,-1.00,-1.00,0.3215,2.3,2.29,5.90,2.37,1.53,-17.68,-1.08,-10.00
31,7,-1.00,-1.00,-1.00,-1.00,0.2828,2.4,2.36,6.60,35.65,0.70,13.46,-0.04,-10.00
31,7,-1.00,-1.00,-1.00,-1.00,0.2622,3.2,2.79,8.22,47.04,0.81,12.97,0.01,-10.00
31,7,-1.00,-1.00,-1.00,-1.00,0.1548,2.8,2.69,7.18,39.09,0.73,14.95,-0.08,-10.00
31,7,-1.00,-1.00,-1.00,-1.00,0.1520,2.0,2.19,5.91,-16.39,1.74,10.08,0.51,-10.00
31,7,-1.00,-1.00,-1.00,-1.00,0.1413,1.8,2.05,5.55,-11.39,1.69,-0.54,1.43,-10.00
31,7,-1.00,-1.00,-1.00,-1.00,0.1154,1.9,2.14,5.35,-27.50,1.74,18.90,0.08,-10.00
31,7,-1.00,-1.00,-1.00,-1.00,0.1127,2.1,2.20,5.43,-46.53,1.52,32.41,1.48,-10.00
31,7,-1.00,-1.00,-1.00,-1.00,0.1097,2.8,2.46,6.01,51.41,0.88,11.40,0.01,-10.00
32,7,-1.00,-1.00,-1.00,-1.00,0.9797,2.0,2.28,5.90,7.00,1.41,-12.21,-1.55,-10.00
32,7,-1.00,-1.00,-1.00,-1.00,0.8262,2.8,2.43,6.34,15.37,1.33,17.14,0.03,-10.00
32,7,-1.00,-1.00,-1.00,-1.00,0.2367,2.1,2.19,5.46,2.44,1.30,-17.44,-1.14,-10.00
32,7,-1.00,-1.00,-1.00,-1.00,0.1190,2.1,2.14,5.49,34.76,1.07,13.34,0.00,-10.00
32,7,-1.00,-1.00,-1.00,-1.00,0.1152,1.9,1.99,5.43,-11.28,1.60,-3.79,1.54,-10.00
32,7,1275.40,452.24,1464.78,515.77,0.1124,1.9,2.16,5.22,17.64,1.45,40.91,0.12,-10.00
32,7,-1.00,-1.00,-1.00,-1.00,0.1076,1.9,1.98,5.16,22.34,1.38,12.76,0.03,-10.00
33,7,-1.00,-1.00,-1.00,-1.00,0.9753,2.0,2.26,5.88,6.93,1.39,-12.17,-1.55,-10.00
33,7,-1.00,-1.00,-1.00,-1.00,0.4917,2.4,2.30,6.03,20.06,1.17,17.07,-0.00,-10.00
33,7,-1.00,-1.00,-1.00,-1.00,0.2006,2.1,2.24,5.36,2.57,1.26,-17.35,-1.13,-10.00
33,7,-1.00,-1.00,-1.00,-1.00,0.1327,3.3,2.88,7.64,51.36,-0.29,13.04,-0.06,-10.00
33,7,-1.00,-1.00,-1.00,-1.00,0.1316,2.0,2.26,6.44,-17.60,1.63,-11.08,-0.01,-10.00
33,7,1275.99,447.77,1462.31,510.05,0.1169,1.9,2.14,5.14,17.61,1.25,40.90,0.13,-10.00
33,7,-1.00,-1.00,-1.00,-1.00,0.1150,2.4,2.40,6.73,43.46,1.02,13.33,0.05,-10.00
34,7,-1.00,-1.00,-1.00,-1.00,0.9741,2.0,2.28,5.96,6.95,1.45,-12.19,-1.55,-10.00
34,7,-1.00,-1.00,-1.00,-1.00,0.6901,2.6,2.43,6.31,24.85,1.09,17.06,0.02,-10.00
34,7,-1.00,-1.00,-1.00,-1.00,0.2232,2.1,2.15,5.31,2.51,1.18,-17.32,-1.11,-10.00
34,7,-1.00,-1.00,-1.00,-1.00,0.2018,1.9,2.08,5.47,-12.55,1.66,4.49,1.14,-10.00
34,7,-1.00,-1.00,-1.00,-1.00,0.1228,1.9,2.30,5.60,-15.55,1.68,-12.18,1.47,-10.00
34,7,1405.19,434.19,1600.00,505.01,0.1175,1.8,2.07,5.24,18.99,0.91,34.34,0.03,-10.00
35,7,-1.00,-1.00,-1.00,-1.00,0.9761,2.0,2.28,5.96,6.98,1.40,-12.14,-1.55,-10.00
35,7,-1.00,-1.00,-1.00,-1.00,0.8015,2.8,2.50,6.57,29.81,1.04,16.92,0.02,-10.00
35,7,-1.00,-1.00,-1.00,-1.00,0.3088,2.3,2.30,5.78,2.39,1.52,-17.72,-1.08,-10.00
35,7,-1.00,-1.00,-1.00,-1.00,0.1394,2.0,2.10,5.45,48.45,1.42,13.33,-0.08,-10.00
35,7,-1.00,-1.00,-1.00,-1.00,0.1273,2.0,2.06,5.30,33.22,1.18,12.55,0.07,-10.00
35,7,-1.00,-1.00,-1.00,-1.00,0.1255,2.4,2.43,6.71,44.76,1.04,13.80,-0.05,-10.00
35,7,-1.00,-1.00,-1.00,-1.00,0.1015,2.0,2.17,5.59,-11.73,1.76,1.77,1.28,-10.00
36,7,-1.00,-1.00,-1.00,-1.00,0.9726,2.0,2.27,5.88,6.98,1.41,-12.34,-1.55,-10.00
36,7,-1.00,-1.00,-1.00,-1.00,0.6311,2.7,2.45,6.41,35.22,0.95,16.86,0.04,-10.00
36,7,-1.00,-1.00,-1.00,-1.00,0.3763,2.1,2.21,5.51,2.43,1.30,-17.39,-1.13,-10.00
36,7,-1.00,-1.00,-1.00,-1.00,0.1706,2.1,2.19,5.41,50.85,0.90,13.29,-0.06,-10.00
36,7,-1.00,-1.00,-1.00,-1.00,0.1664,1.9,2.08,5.53,-11.06,1.65,-1.75,1.42,-10.00
36,7,1277.44,450.91,1466.34,514.60,0.1245,1.9,2.18,5.20,17.70,1.41,40.93,0.13,-10.00
36,7,-1.00,-1.00,-1.00,-1.00,0.1059,2.1,2.24,5.40,45.66,-1.07,-11.29,-0.08,-10.00
36,7,-1.00,-1.00,-1.00,-1.00,0.1036,2.1,2.16,5.72,36.83,1.08,12.62,-0.03,-10.00
36,7,-1.00,-1.00,-1.00,-1.00,0.1032,2.4,2.45,6.46,-49.59,2.23,21.71,-0.06,-10.00
37,7,-1.00,-1.00,-1.00,-1.00,0.9837,2.0,2.31,6.01,6.99,1.45,-12.19,-1.55,-10.00
37,7,-1.00,-1.00,-1.00,-1.00,0.6138,2.6,2.44,6.39,40.70,0.99,16.75,0.02,-10.00
37,7,-1.00,-1.00,-1.00,-1.00,0.3573,2.3,2.29,5.83,2.36,1.48,-17.66,-1.08,-10.00
37,7,-1.00,-1.00,-1.00,-1.00,0.1631,2.0,2.04,5.39,41.17,1.76,12.50,0.08,-10.00
37,7,-1.00,-1.00,-1.00,-1.00,0.1176,2.1,2.25,5.82,-46.53,1.48,32.95,1.45,-10.00
37,7,-1.00,-1.00,-1.00,-1.00,0.1025,1.9,2.17,5.42,-15.42,1.03,-37.02,1.54,-10.00
38,7,-1.00,-1.00,-1.00,-1.00,0.9752,2.1,2.35,6.10,6.99,1.51,-11.86,-1.55,-10.00
38,7,-1.00,-1.00,-1.00,-1.00,0.7090,2.7,2.45,6.42,45.43,0.86,16.63,0.01,-10.00
38,7,-1.00,-1.00,-1.00,-1.00,0.2976,2.1,2.17,5.41,2.42,1.24,-17.39,-1.12,-10.00
38,7,-1.00,-1.00,-1.00,-1.00,0.1670,1.9,2.04,5.53,-11.50,1.03,-25.24,1.60,-10.00
38,7,-1.00,-1.00,-1.00,-1.00,0.1575,2.1,2.16,5.44,45.11,1.46,13.54,-0.25,-10.00
38,7,1277.65,447.69,1465.09,510.60,0.1047,1.9,2.17,5.16,17.68,1.27,40.91,0.13,-10.00
38,7,-1.00,-1.00,-1.00,-1.00,0.1021,2.3,2.35,6.10,41.34,0.98,12.67,-0.14,-10.00
39,7,-1.00,-1.00,-1.00,-1.00,0.9805,2.1,2.31,6.01,6.98,1.43,-11.80,-1.55,-10.00
39,7,-1.00,-1.00,-1.00,-1.00,0.2744,2.7,2.46,6.57,50.03,0.94,16.42,0.01,-10.00
39,7,-1.00,-1.00,-1.00,-1.00,0.2440,2.1,2.17,5.36,2.53,1.32,-17.33,-1.11,-10.00
39,7,-1.00,-1.00,-1.00,-1.00,0.1096,2.3,2.32,6.21,48.91,1.47,12.67,-0.03,-10.00
39,7,1412.71,437.84,1600.00,507.77,0.1068,1.7,1.98,4.97,18.94,0.98,34.12,0.13,-10.00
