0,7,899.86,360.66,1091.27,554.39,0.7575,3.1,2.73,7.74,2.94,1.56,24.04,-1.55,-10.00
0,7,-1.00,-1.00,-1.00,-1.00,0.3067,2.0,2.27,5.73,13.06,0.87,-16.67,-1.62,-10.00
0,7,-1.00,-1.00,-1.00,-1.00,0.2023,3.6,2.80,7.85,-23.76,2.24,-5.02,-1.34,-10.00
0,7,-1.00,-1.00,-1.00,-1.00,0.1725,2.0,2.24,5.83,-14.12,1.43,-29.77,1.49,-10.00
0,7,173.84,453.84,435.18,571.85,0.1542,2.1,2.37,6.15,-10.41,2.00,25.74,-1.49,-10.00
0,7,-1.00,-1.00,-1.00,-1.00,0.1504,4.1,4.48,20.37,-46.71,0.10,-28.80,-1.72,-10.00
0,7,-1.00,-1.00,-1.00,-1.00,0.1475,2.3,2.28,6.20,3.13,1.66,-40.78,-1.58,-10.00
0,7,-1.00,-1.00,-1.00,-1.00,0.1411,2.0,2.12,5.45,3.33,1.45,-22.71,-1.62,-10.00
0,7,0.00,488.02,338.96,593.11,0.1257,1.9,2.10,5.44,-12.51,2.29,24.07,3.12,-10.00
0,7,885.71,400.87,1247.94,553.55,0.1218,2.4,2.25,5.55,3.93,1.37,21.16,-0.11,-10.00
0,7,-1.00,-1.00,-1.00,-1.00,0.1187,2.3,2.31,5.52,-38.76,-1.98,-50.95,0.08,-10.00
0,7,-1.00,-1.00,-1.00,-1.00,0.1153,2.0,2.17,5.53,-22.01,3.65,17.50,1.54,-10.00
0,7,-1.00,-1.00,-1.00,-1.00,0.1100,2.6,2.44,5.61,4.04,1.04,-52.68,-1.60,-10.00
0,7,88.84,424.02,358.47,517.62,0.1098,2.9,2.68,7.84,-20.30,1.56,42.47,-3.11,-10.00
0,7,-1.00,-1.00,-1.00,-1.00,0.1045,1.9,2.19,5.62,-16.56,1.51,-28.75,3.08,-10.00
0,7,-1.00,-1.00,-1.00,-1.00,0.1023,4.1,3.74,15.26,-41.05,2.39,-21.35,1.56,-10.00
0,7,-1.00,-1.00,-1.00,-1.00,0.1018,4.0,3.07,9.81,-50.86,1.00,-16.80,-0.02,-10.00
0,7,-1.00,-1.00,-1.00,-1.00,0.1015,2.0,2.23,5.75,-28.97,2.75,1.37,1.52,-10.00
0,7,-1.00,-1.00,-1.00,-1.00,0.1009,1.9,2.16,5.70,-22.99,1.91,-18.66,1.92,-10.00
0,7,-1.00,-1.00,-1.00,-1.00,0.1005,2.1,2.24,5.80,1.03,1.43,-42.38,-1.61,-10.00
1,7,926.41,356.35,1162.53,578.45,0.8257,2.9,2.77,7.42,3.17,1.63,20.33,-1.53,-10.00
1,7,-1.00,-1.00,-1.00,-1.00,0.5261,2.0,2.16,5.61,3.43,1.31,-26.01,-1.67,-10.00
1,7,-1.00,-1.00,-1.00,-1.00,0.2038,2.0,2.28,5.52,-16.02,1.23,-41.69,1.64,-10.00
1,7,-1.00,-1.00,-1.00,-1.00,0.1879,1.9,2.24,5.76,-23.32,2.67,1.29,1.65,-10.00
1,7,-1.00,-1.00,-1.00,-1.00,0.1874,4.2,4.15,18.94,-47.42,1.23,-25.45,1.53,-10.00
1,7,-1.00,-1.00,-1.00,-1.00,0.1701,1.9,2.22,5.55,3.26,0.86,-50.74,-1.61,-10.00
1,7,-1.00,-1.00,-1.00,-1.00,0.1585,1.9,2.16,5.41,-40.56,3.27,-11.20,1.67,-10.00
1,7,-1.00,-1.00,-1.00,-1.00,0.1319,1.9,2.09,5.48,-13.11,1.58,-31.76,-3.12,-10.00
1,7,1116.77,443.51,1202.50,508.00,0.1269,2.3,2.29,6.06,13.43,1.46,50.94,1.65,-10.00
1,7,0.00,485.58,283.58,607.55,0.1132,1.9,1.98,5.19,-12.07,2.20,20.84,-0.04,-10.00
1,7,-1.00,-1.00,-1.00,-1.00,0.1105,1.9,2.17,5.50,-25.81,2.69,22.64,-1.58,-10.00
1,7,-1.00,-1.00,-1.00,-1.00,0.1064,2.1,2.33,5.76,-34.83,2.16,-14.60,3.04,-10.00
1,7,-1.00,-1.00,-1.00,-1.00,0.1060,1.8,2.07,5.04,-18.01,1.35,-39.62,3.10,-10.00
1,7,-1.00,-1.00,-1.00,-1.00,0.1004,2.0,2.16,5.50,-33.67,2.00,-16.01,2.84,-10.00
2,7,928.78,348.14,1260.80,627.59,0.8772,3.0,2.82,7.49,3.21,1.90,17.35,-1.59,-10.00
2,7,-1.00,-1.00,-1.00,-1.00,0.2479,2.0,2.29,5.68,-23.15,2.70,-1.05,-1.55,-10.00
2,7,252.74,461.66,513.02,547.18,0.1975,1.9,2.09,5.35,-10.20,1.77,29.20,3.06,-10.00
2,7,-1.00,-1.00,-1.00,-1.00,0.1935,4.1,4.28,18.81,-47.47,0.23,-31.36,-1.64,-10.00
2,7,1107.02,451.00,1273.03,508.87,0.1894,2.0,2.17,5.63,13.54,1.40,46.99,-3.05,-10.00
2,7,-1.00,-1.00,-1.00,-1.00,0.1765,1.8,2.07,5.32,-18.54,1.95,-31.40,-3.11,-10.00
2,7,-1.00,-1.00,-1.00,-1.00,0.1630,1.9,2.07,5.43,3.21,1.53,-28.91,-1.66,-10.00
2,7,0.00,474.73,156.15,627.21,0.1526,2.0,2.23,5.54,-12.85,2.09,17.65,3.08,-10.00
2,7,-1.00,-1.00,-1.00,-1.00,0.1395,2.1,2.23,5.60,-34.45,1.94,-19.06,3.11,-10.00
2,7,1200.88,452.03,1298.61,507.63,0.1361,1.9,2.10,5.59,16.20,1.37,48.29,1.62,-10.00
2,7,-1.00,-1.00,-1.00,-1.00,0.1286,2.0,2.24,5.79,-23.20,2.63,20.29,1.57,-10.00
2,7,-1.00,-1.00,-1.00,-1.00,0.1244,2.0,2.19,5.46,-45.19,1.44,-50.58,-1.59,-10.00
2,7,-1.00,-1.00,-1.00,-1.00,0.1234,3.2,2.71,6.79,42.18,-0.43,-25.47,1.44,-10.00
2,7,-1.00,-1.00,-1.00,-1.00,0.1185,1.9,2.08,5.28,-17.06,1.79,-34.54,-3.14,-10.00
2,7,-1.00,-1.00,-1.00,-1.00,0.1178,3.8,3.82,12.10,-41.31,1.98,-28.31,1.51,-10.00
2,7,1136.55,447.69,1233.00,507.13,0.1126,2.0,2.19,5.76,13.91,1.37,49.06,1.59,-10.00
2,7,-1.00,-1.00,-1.00,-1.00,0.1096,2.0,2.14,5.41,-24.39,2.53,13.82,3.09,-10.00
2,7,-1.00,-1.00,-1.00,-1.00,0.1055,1.8,2.07,5.09,-15.32,2.28,-1.59,0.94,-10.00
2,7,-1.00,-1.00,-1.00,-1.00,0.1047,2.0,2.25,5.57,25.87,0.27,-2.34,3.13,-10.00
2,7,-1.00,-1.00,-1.00,-1.00,0.1034,1.9,2.13,5.48,3.21,1.17,-48.46,-1.62,-10.00
2,7,-1.00,-1.00,-1.00,-1.00,0.1029,2.1,2.31,5.57,-35.16,2.30,-17.44,3.10,-10.00
3,7,960.89,314.29,1347.12,666.03,0.9261,3.0,2.62,7.12,3.16,1.85,14.26,-1.55,-10.00
3,7,1527.15,432.94,1600.00,512.74,0.3223,2.0,2.18,5.46,22.11,1.10,33.52,3.11,-10.00
3,7,1230.53,445.54,1349.20,506.07,0.1903,1.9,2.13,5.69,16.40,1.20,44.71,1.58,-10.00
3,7,-1.00,-1.00,-1.00,-1.00,0.1687,1.9,2.12,5.18,-19.15,1.64,-34.34,-3.11,-10.00
3,7,0.00,466.57,186.82,615.19,0.1685,1.9,2.18,5.47,-12.16,1.92,17.36,0.02,-10.00
3,7,1097.05,444.94,1256.96,499.25,0.1677,2.0,2.19,5.71,13.81,1.10,49.67,-3.10,-10.00
3,7,-1.00,-1.00,-1.00,-1.00,0.1634,4.2,4.41,19.37,-47.62,-0.39,-32.01,-1.63,-10.00
3,7,0.00,469.98,260.42,594.79,0.1526,1.8,2.00,4.84,-11.91,1.92,19.96,3.13,-10.00
3,7,137.96,454.46,445.34,552.32,0.1499,1.9,2.12,5.43,-10.91,1.67,25.93,3.07,-10.00
3,7,-1.00,-1.00,-1.00,-1.00,0.1388,2.0,2.22,5.65,-38.91,3.18,16.69,-1.58,-10.00
3,7,52.52,454.71,389.92,561.54,0.1368,1.9,2.06,5.29,-11.20,1.67,23.50,-0.03,-10.00
3,7,-1.00,-1.00,-1.00,-1.00,0.1311,2.9,2.63,6.72,37.13,-0.31,-21.84,-1.55,-10.00
3,7,-1.00,-1.00,-1.00,-1.00,0.1296,1.9,2.32,6.00,-28.10,2.03,-25.75,-1.57,-10.00
3,7,-1.00,-1.00,-1.00,-1.00,0.1235,1.8,2.00,5.13,-15.50,2.17,-4.63,0.93,-10.00
3,7,-1.00,-1.00,-1.00,-1.00,0.1228,1.8,2.07,5.09,-19.53,1.59,-37.20,3.08,-10.00
3,7,-1.00,-1.00,-1.00,-1.00,0.1223,2.0,2.21,5.62,3.27,0.87,-52.15,-1.53,-10.00
3,7,-1.00,-1.00,-1.00,-1.00,0.1198,2.7,2.62,6.51,42.37,-0.82,-28.11,1.76,-10.00
3,7,-1.00,-1.00,-1.00,-1.00,0.1159,1.9,2.13,5.55,48.06,0.03,-28.01,-1.48,-10.00
3,7,-1.00,-1.00,-1.00,-1.00,0.1126,1.9,2.20,5.32,-29.88,2.38,-15.06,0.00,-10.00
3,7,1593.08,362.24,1600.00,617.35,0.1114,2.0,2.25,5.74,10.89,1.30,12.76,-1.65,-10.00
3,7,-1.00,-1.00,-1.00,-1.00,0.1106,1.9,2.16,5.50,-23.47,2.41,-4.38,1.68,-10.00
3,7,-1.00,-1.00,-1.00,-1.00,0.1090,1.9,2.18,5.36,-34.70,2.01,-21.93,3.08,-10.00
3,7,1454.80,442.55,1572.43,503.20,0.1058,1.9,2.06,5.50,24.60,1.11,45.12,-1.38,-10.00
3,7,1292.64,446.31,1427.10,506.10,0.1047,1.8,2.04,5.73,18.97,1.21,44.91,1.51,-10.00
3,7,-1.00,-1.00,-1.00,-1.00,0.1028,2.3,2.42,6.00,50.59,0.15,-18.18,1.58,-10.00
3,7,1448.96,423.61,1600.00,506.99,0.1026,2.0,2.22,5.65,20.35,0.97,35.67,1.53,-10.00
3,7,-1.00,-1.00,-1.00,-1.00,0.1022,1.8,2.07,5.15,-13.91,1.59,-43.68,-3.12,-10.00
3,7,-1.00,-1.00,-1.00,-1.00,0.1013,2.0,2.07,5.08,-17.73,0.60,-49.22,-3.13,-10.00
4,7,995.46,256.73,1554.56,740.01,0.9190,2.9,2.53,6.92,3.17,1.81,11.08,-1.55,-10.00
4,7,-1.00,-1.00,-1.00,-1.00,0.2937,2.0,2.11,5.35,22.13,1.43,30.19,0.03,-10.00
4,7,-1.00,-1.00,-1.00,-1.00,0.1677,1.9,2.03,5.01,-43.91,3.43,11.33,3.13,-10.00
4,7,1265.74,439.88,1397.70,507.28,0.1599,1.9,2.13,5.67,16.66,1.16,41.69,1.59,-10.00
4,7,-1.00,-1.00,-1.00,-1.00,0.1450,1.9,2.06,5.34,-17.29,1.02,-40.44,3.09,-10.00
4,7,0.00,471.38,71.99,652.83,0.1421,1.9,2.17,5.50,-12.12,1.99,14.46,0.03,-10.00
4,7,-1.00,-1.00,-1.00,-1.00,0.1397,1.9,2.13,5.25,-14.35,1.66,-46.89,3.09,-10.00
4,7,67.08,466.51,296.28,544.15,0.1269,2.0,2.16,5.43,-17.68,2.01,34.44,0.21,-10.00
4,7,1479.82,435.80,1600.00,501.11,0.1211,1.9,2.19,5.73,24.58,0.95,42.10,1.57,-10.00
4,7,-1.00,-1.00,-1.00,-1.00,0.1194,1.9,2.16,5.40,-32.24,1.49,-9.88,-3.05,-10.00
4,7,1558.97,434.26,1600.00,501.54,0.1187,2.0,2.16,5.78,27.18,0.96,40.42,-0.02,-10.00
4,7,-1.00,-1.00,-1.00,-1.00,0.1160,2.0,2.21,5.49,47.58,-0.76,16.18,3.12,-10.00
4,7,-1.00,-1.00,-1.00,-1.00,0.1131,2.1,2.25,5.80,20.22,0.41,-4.01,0.04,-10.00
4,7,-1.00,-1.00,-1.00,-1.00,0.1116,1.8,2.09,5.30,-18.92,1.33,-46.35,-3.13,-10.00
4,7,-1.00,-1.00,-1.00,-1.00,0.1082,2.0,2.22,5.47,-24.49,2.25,7.52,-0.03,-10.00
4,7,-1.00,-1.00,-1.00,-1.00,0.1081,1.9,2.15,5.70,-31.84,1.74,-7.24,1.65,-10.00
4,7,-1.00,-1.00,-1.00,-1.00,0.1048,2.0,2.31,5.82,-28.13,1.79,-28.80,-1.58,-10.00
4,7,-1.00,-1.00,-1.00,-1.00,0.1047,2.1,2.39,6.31,-44.74,2.23,-20.25,1.76,-10.00
4,7,1265.91,415.36,1452.24,485.47,0.1047,2.4,2.38,5.82,19.64,0.50,46.45,-3.12,-10.00
4,7,1318.57,441.62,1473.72,508.03,0.1036,1.9,2.17,5.85,18.91,1.19,42.00,1.51,-10.00
4,7,1194.44,434.09,1308.69,503.76,0.1027,2.0,2.18,5.68,14.08,1.04,41.91,1.64,-10.00
5,7,1025.01,60.47,1600.00,900.00,0.8796,2.9,2.71,7.56,3.18,1.70,8.11,-1.55,-10.00
5,7,-1.00,-1.00,-1.00,-1.00,0.2178,3.9,3.54,13.64,-41.79,1.23,-36.53,1.55,-10.00
5,7,1339.18,445.28,1545.94,522.33,0.1867,2.4,2.41,5.63,20.42,1.70,41.73,3.11,-10.00
5,7,-1.00,-1.00,-1.00,-1.00,0.1675,2.0,2.23,5.72,-24.54,0.79,-15.65,-2.91,-10.00
5,7,-1.00,-1.00,-1.00,-1.00,0.1548,2.1,2.27,5.61,20.85,0.68,-9.44,1.51,-10.00
5,7,-1.00,-1.00,-1.00,-1.00,0.1474,2.0,2.10,5.50,-17.66,1.09,-44.13,3.12,-10.00
5,7,-1.00,-1.00,-1.00,-1.00,0.1421,1.8,2.11,5.42,11.05,1.34,6.83,-2.26,-10.00
5,7,-1.00,-1.00,-1.00,-1.00,0.1396,2.0,2.22,5.79,-23.90,1.44,-11.24,-1.41,-10.00
5,7,830.16,455.23,972.87,511.61,0.1396,2.1,2.23,5.52,2.95,1.61,49.89,-3.10,-10.00
5,7,1036.80,443.39,1213.60,509.98,0.1267,2.2,2.22,5.54,10.28,1.34,43.45,-0.02,-10.00
5,7,-1.00,-1.00,-1.00,-1.00,0.1254,2.0,2.21,5.34,-32.11,1.36,-13.61,-2.93,-10.00
5,7,-1.00,-1.00,-1.00,-1.00,0.1251,2.0,2.27,5.67,22.62,1.42,27.22,3.11,-10.00
5,7,-1.00,-1.00,-1.00,-1.00,0.1247,2.1,2.34,5.79,-39.13,2.78,10.17,1.63,-10.00
5,7,-1.00,-1.00,-1.00,-1.00,0.1231,1.9,2.16,5.45,-12.20,1.86,11.24,0.03,-10.00
5,7,-1.00,-1.00,-1.00,-1.00,0.1200,2.0,2.15,5.68,-7.11,1.39,-51.71,1.58,-10.00
5,7,-1.00,-1.00,-1.00,-1.00,0.1129,1.9,2.16,5.45,-31.96,1.83,-10.25,1.74,-10.00
5,7,-1.00,-1.00,-1.00,-1.00,0.1125,3.6,2.91,9.31,23.55,0.63,-8.09,3.01,-10.00
5,7,-1.00,-1.00,-1.00,-1.00,0.1100,1.9,2.15,5.47,17.63,0.63,-10.82,1.58,-10.00
5,7,-1.00,-1.00,-1.00,-1.00,0.1098,1.9,2.20,5.58,-36.47,2.02,-8.36,1.66,-10.00
5,7,-1.00,-1.00,-1.00,-1.00,0.1050,1.9,2.11,5.52,-15.49,1.89,-10.84,1.11,-10.00
5,7,-1.00,-1.00,-1.00,-1.00,0.1016,2.0,2.32,6.07,25.11,1.39,5.88,-1.63,-10.00
5,7,-1.00,-1.00,-1.00,-1.00,0.1006,1.9,2.13,5.42,-19.05,1.33,-46.30,0.01,-10.00
6,7,1090.69,0.00,1600.00,900.00,0.8873,2.8,2.68,7.80,3.24,1.62,5.23,-1.56,-10.00
6,7,-1.00,-1.00,-1.00,-1.00,0.2391,2.2,2.25,5.69,32.23,1.41,24.08,2.84,-10.00
6,7,-1.00,-1.00,-1.00,-1.00,0.2153,1.9,2.17,5.48,-28.44,2.33,7.59,-1.49,-10.00
6,7,-1.00,-1.00,-1.00,-1.00,0.2059,2.0,2.25,5.70,-38.95,2.83,7.79,-1.57,-10.00
6,7,-1.00,-1.00,-1.00,-1.00,0.1720,2.0,2.17,5.61,2.69,1.21,-41.03,-1.53,-10.00
6,7,897.31,463.61,968.11,519.71,0.1670,1.9,2.04,5.36,4.02,1.87,48.29,-1.61,-10.00
6,7,-1.00,-1.00,-1.00,-1.00,0.1429,2.0,2.08,5.24,-17.26,0.79,-46.51,3.10,-10.00
6,7,-1.00,-1.00,-1.00,-1.00,0.1185,2.0,2.11,5.34,-29.70,1.88,-35.52,3.14,-10.00
6,7,-1.00,-1.00,-1.00,-1.00,0.1177,1.9,2.14,5.40,-31.38,1.30,-16.68,-3.05,-10.00
6,7,-1.00,-1.00,-1.00,-1.00,0.1160,4.1,4.03,17.82,-42.18,0.56,-38.89,1.54,-10.00
6,7,-1.00,-1.00,-1.00,-1.00,0.1145,2.0,2.21,5.68,-32.35,2.12,-12.99,-1.39,-10.00
6,7,-1.00,-1.00,-1.00,-1.00,0.1145,2.0,2.28,5.95,-23.29,2.29,8.37,-1.60,-10.00
6,7,-1.00,-1.00,-1.00,-1.00,0.1103,2.0,2.24,5.63,25.39,0.23,-8.81,-2.75,-10.00
6,7,-1.00,-1.00,-1.00,-1.00,0.1094,2.0,2.25,5.58,-13.00,1.88,-11.16,0.42,-10.00
6,7,-1.00,-1.00,-1.00,-1.00,0.1078,1.9,2.10,5.38,-12.07,2.04,8.04,-0.01,-10.00
6,7,-1.00,-1.00,-1.00,-1.00,0.1020,1.9,2.12,5.14,-21.94,1.98,21.25,3.09,-10.00
6,7,-1.00,-1.00,-1.00,-1.00,0.1019,1.9,2.20,5.76,-29.49,1.59,-14.48,1.68,-10.00
7,7,1174.00,248.45,1600.00,837.23,0.9147,2.8,2.65,7.80,3.09,1.54,2.21,-1.58,-10.00
7,7,-1.00,-1.00,-1.00,-1.00,0.2359,2.0,2.31,6.01,-23.38,2.49,5.76,-1.56,-10.00
7,7,-1.00,-1.00,-1.00,-1.00,0.1803,2.0,2.20,5.71,-29.16,1.98,-16.54,1.75,-10.00
7,7,-1.00,-1.00,-1.00,-1.00,0.1647,1.9,2.19,5.51,-40.74,2.85,2.98,-0.13,-10.00
7,7,402.31,455.20,563.24,511.07,0.1597,2.0,2.05,5.46,-12.85,1.50,47.06,-3.11,-10.00
7,7,-1.00,-1.00,-1.00,-1.00,0.1579,2.3,2.34,5.98,32.36,1.20,21.47,3.01,-10.00
7,7,-1.00,-1.00,-1.00,-1.00,0.1558,1.9,2.25,5.52,-13.05,1.72,-13.96,0.42,-10.00
7,7,892.97,454.74,960.56,513.86,0.1535,1.9,2.09,5.63,3.60,1.55,46.05,-1.56,-10.00
7,7,-1.00,-1.00,-1.00,-1.00,0.1512,1.9,2.15,5.26,-21.17,2.04,17.38,-1.61,-10.00
7,7,-1.00,-1.00,-1.00,-1.00,0.1478,2.2,2.36,6.15,-32.41,2.67,-16.60,-1.44,-10.00
7,7,-1.00,-1.00,-1.00,-1.00,0.1430,2.1,2.29,6.13,-44.62,2.04,-24.17,1.73,-10.00
7,7,-1.00,-1.00,-1.00,-1.00,0.1413,1.9,2.41,6.05,-23.35,2.18,-1.70,1.55,-10.00
7,7,-1.00,-1.00,-1.00,-1.00,0.1367,2.1,2.26,5.73,-25.83,2.25,4.23,-1.56,-10.00
7,7,-1.00,-1.00,-1.00,-1.00,0.1367,1.9,2.26,5.72,-28.64,2.39,4.56,-1.56,-10.00
7,7,-1.00,-1.00,-1.00,-1.00,0.1260,1.9,2.19,5.50,-25.38,1.60,-38.82,-0.49,-10.00
7,7,-1.00,-1.00,-1.00,-1.00,0.1232,4.4,4.13,20.72,-48.16,-2.35,-43.30,1.49,-10.00
7,7,-1.00,-1.00,-1.00,-1.00,0.1202,2.1,2.25,5.79,25.61,-1.65,-44.60,1.02,-10.00
7,7,-1.00,-1.00,-1.00,-1.00,0.1177,1.9,2.17,5.73,-38.72,2.71,5.05,1.59,-10.00
7,7,-1.00,-1.00,-1.00,-1.00,0.1134,1.9,2.11,5.53,-24.38,1.45,-35.68,3.09,-10.00
7,7,-1.00,-1.00,-1.00,-1.00,0.1096,2.0,2.17,5.56,-43.60,2.11,-18.23,-1.37,-10.00
7,7,26.17,470.44,255.50,546.80,0.1038,2.0,2.18,5.57,-19.38,2.15,35.49,-2.94,-10.00
7,7,-1.00,-1.00,-1.00,-1.00,0.1030,3.5,3.52,12.16,-41.81,0.66,-40.25,1.55,-10.00
7,7,-1.00,-1.00,-1.00,-1.00,0.1000,2.0,2.10,5.60,10.44,0.74,-23.86,0.12,-10.00
8,7,1475.70,0.00,1600.00,900.00,0.8928,3.1,2.57,7.41,3.05,1.48,-0.30,-1.55,-10.00
8,7,-1.00,-1.00,-1.00,-1.00,0.1890,4.1,4.02,19.95,-47.72,-2.89,-44.77,1.49,-10.00
8,7,-1.00,-1.00,-1.00,-1.00,0.1635,3.7,2.80,8.42,36.65,1.04,46.42,1.69,-10.00
8,7,-1.00,-1.00,-1.00,-1.00,0.1634,2.0,2.20,5.46,-26.14,2.08,2.16,-1.56,-10.00
8,7,385.06,446.34,515.92,536.05,0.1624,2.7,2.52,6.50,-12.40,2.19,41.89,-1.59,-10.00
8,7,-1.00,-1.00,-1.00,-1.00,0.1622,2.0,2.25,5.58,-13.16,1.58,-16.51,0.41,-10.00
8,7,-1.00,-1.00,-1.00,-1.00,0.1527,2.9,2.56,7.18,23.62,-0.01,-3.58,0.01,-10.00
8,7,-1.00,-1.00,-1.00,-1.00,0.1493,2.7,2.50,6.29,16.45,0.23,-43.94,-0.03,-10.00
8,7,-1.00,-1.00,-1.00,-1.00,0.1474,2.2,2.43,6.04,-43.95,2.00,-27.82,1.66,-10.00
8,7,55.77,452.97,272.16,541.90,0.1455,2.2,2.48,6.91,-18.11,1.98,34.82,-1.60,-10.00
8,7,-1.00,-1.00,-1.00,-1.00,0.1422,2.1,2.17,5.63,-39.16,2.31,14.15,-1.57,-10.00
8,7,0.00,457.84,179.99,521.98,0.1317,2.0,2.14,5.20,-24.14,1.65,40.62,3.02,-10.00
8,7,-1.00,-1.00,-1.00,-1.00,0.1225,2.0,2.30,6.09,-29.28,1.83,-19.76,1.71,-10.00
8,7,-1.00,-1.00,-1.00,-1.00,0.1096,1.9,2.14,5.39,-23.68,0.90,-24.26,-3.11,-10.00
8,7,-1.00,-1.00,-1.00,-1.00,0.1046,2.2,2.42,6.42,-16.04,0.98,-41.47,1.00,-10.00
8,7,-1.00,-1.00,-1.00,-1.00,0.1031,2.0,2.22,5.84,-32.39,2.05,-19.22,1.75,-10.00
8,7,1126.77,438.69,1321.87,507.48,0.1018,2.1,2.28,5.83,13.26,1.20,42.12,0.07,-10.00
8,7,-1.00,-1.00,-1.00,-1.00,0.1012,2.0,2.22,5.53,-27.49,1.36,-23.17,-2.94,-10.00
9,7,-1.00,-1.00,-1.00,-1.00,0.8328,2.5,2.47,7.35,2.78,1.52,-2.46,-1.57,-10.00
9,7,-1.00,-1.00,-1.00,-1.00,0.3358,1.9,2.10,5.13,21.56,1.51,16.56,0.01,-10.00
9,7,-1.00,-1.00,-1.00,-1.00,0.2137,1.9,2.17,5.48,-13.13,1.66,-19.15,0.41,-10.00
9,7,-1.00,-1.00,-1.00,-1.00,0.1906,3.8,2.93,8.65,36.19,1.45,40.89,1.57,-10.00
9,7,-1.00,-1.00,-1.00,-1.00,0.1806,1.9,2.12,5.46,-43.97,1.52,-33.57,-1.42,-10.00
9,7,-1.00,-1.00,-1.00,-1.00,0.1767,1.9,2.04,5.19,-31.80,2.10,-20.90,1.79,-10.00
9,7,892.40,450.87,968.66,518.20,0.1697,1.9,2.11,5.37,3.29,1.51,40.66,-1.55,-10.00
9,7,-1.00,-1.00,-1.00,-1.00,0.1673,2.4,2.38,5.84,-17.04,1.05,-42.74,-2.36,-10.00
9,7,-1.00,-1.00,-1.00,-1.00,0.1474,2.1,2.27,5.60,50.72,-0.32,7.48,1.62,-10.00
9,7,-1.00,-1.00,-1.00,-1.00,0.1365,2.0,2.18,5.77,3.68,0.99,-49.09,-1.63,-10.00
9,7,-1.00,-1.00,-1.00,-1.00,0.1275,2.0,2.07,5.60,-42.05,2.25,10.07,3.03,-10.00
9,7,-1.00,-1.00,-1.00,-1.00,0.1274,2.0,2.17,5.65,-34.52,2.38,12.24,-1.58,-10.00
9,7,-1.00,-1.00,-1.00,-1.00,0.1245,1.9,2.15,5.65,-39.17,2.20,12.14,-1.57,-10.00
9,7,-1.00,-1.00,-1.00,-1.00,0.1203,1.9,2.21,5.60,-29.65,2.51,9.57,1.62,-10.00
9,7,-1.00,-1.00,-1.00,-1.00,0.1090,1.9,2.31,5.74,-23.45,2.18,-6.59,-1.61,-10.00
9,7,-1.00,-1.00,-1.00,-1.00,0.1006,1.9,2.14,5.55,-29.15,2.22,18.95,1.52,-10.00
10,7,-1.00,-1.00,-1.00,-1.00,0.7381,2.5,2.50,7.32,2.71,1.43,-4.76,-1.57,-10.00
10,7,-1.00,-1.00,-1.00,-1.00,0.5605,1.9,2.11,5.25,21.58,1.67,14.50,0.02,-10.00
10,7,-1.00,-1.00,-1.00,-1.00,0.1771,2.0,2.27,5.64,-39.43,2.17,-3.61,1.62,-10.00
10,7,890.13,452.73,965.89,523.49,0.1639,1.9,2.13,5.49,3.05,1.60,38.55,-1.52,-10.00
10,7,-1.00,-1.00,-1.00,-1.00,0.1316,1.9,2.19,5.68,-13.19,1.65,-21.51,0.32,-10.00
10,7,-1.00,-1.00,-1.00,-1.00,0.1307,1.9,2.05,5.60,10.73,1.20,-5.79,-2.30,-10.00
10,7,-1.00,-1.00,-1.00,-1.00,0.1278,2.0,2.13,5.49,40.61,-0.69,-6.92,-0.02,-10.00
10,7,1428.42,367.31,1600.00,518.89,0.1185,3.7,3.19,11.22,22.58,1.39,38.21,1.60,-10.00
10,7,1163.01,439.10,1372.00,509.25,0.1170,2.0,2.15,5.42,13.07,1.13,37.38,-0.06,-10.00
10,7,-1.00,-1.00,-1.00,-1.00,0.1170,2.0,2.24,5.44,49.14,0.32,-4.63,-3.01,-10.00
10,7,-1.00,-1.00,-1.00,-1.00,0.1157,1.9,2.15,5.23,-32.04,2.20,-23.28,1.83,-10.00
10,7,882.22,453.49,958.09,520.26,0.1149,2.0,2.18,5.57,3.12,1.67,42.99,-1.57,-10.00
10,7,-1.00,-1.00,-1.00,-1.00,0.1124,2.0,2.16,5.52,-34.70,2.41,9.17,-1.59,-10.00
10,7,-1.00,-1.00,-1.00,-1.00,0.1071,2.1,2.27,5.70,-44.18,1.86,-36.66,-1.45,-10.00
10,7,-1.00,-1.00,-1.00,-1.00,0.1058,1.9,2.15,5.38,-29.33,2.61,9.14,-1.53,-10.00
10,7,-1.00,-1.00,-1.00,-1.00,0.1050,2.0,2.25,5.57,4.03,0.76,-51.17,-1.63,-10.00
11,7,-1.00,-1.00,-1.00,-1.00,0.7730,1.9,2.09,5.26,21.51,1.68,12.24,-0.00,-10.00
11,7,-1.00,-1.00,-1.00,-1.00,0.7453,2.7,2.58,7.71,2.78,1.42,-7.32,-1.52,-10.00
11,7,-1.00,-1.00,-1.00,-1.00,0.2330,2.0,2.33,5.83,-39.38,2.22,-5.85,1.53,-10.00
11,7,1540.39,443.12,1600.00,561.68,0.2112,2.0,2.06,5.44,15.87,1.67,23.71,1.68,-10.00
11,7,-1.00,-1.00,-1.00,-1.00,0.1508,2.0,2.17,5.43,27.89,-1.33,-18.51,-2.45,-10.00
11,7,884.91,461.91,960.23,527.77,0.1485,1.9,2.12,5.41,3.05,1.85,40.88,-1.55,-10.00
11,7,-1.00,-1.00,-1.00,-1.00,0.1419,1.9,2.28,5.79,-30.75,2.43,4.13,1.61,-10.00
11,7,-1.00,-1.00,-1.00,-1.00,0.1370,2.0,2.19,5.86,35.89,1.37,22.67,-3.13,-10.00
11,7,-1.00,-1.00,-1.00,-1.00,0.1368,1.9,2.27,5.60,-29.29,1.98,-29.59,1.67,-10.00
11,7,1186.67,437.15,1410.64,511.40,0.1310,1.9,2.15,5.40,13.09,1.11,35.01,-0.00,-10.00
11,7,-1.00,-1.00,-1.00,-1.00,0.1308,2.0,2.19,5.62,48.77,0.52,-6.76,-3.12,-10.00
11,7,-1.00,-1.00,-1.00,-1.00,0.1284,2.0,2.27,5.71,-29.56,2.52,7.09,1.56,-10.00
11,7,-1.00,-1.00,-1.00,-1.00,0.1263,2.0,2.28,5.61,-19.91,2.47,16.14,0.05,-10.00
11,7,-1.00,-1.00,-1.00,-1.00,0.1259,2.0,2.12,5.42,-34.78,2.55,6.97,-1.52,-10.00
11,7,-1.00,-1.00,-1.00,-1.00,0.1242,1.9,2.15,5.76,26.21,1.30,23.49,-1.53,-10.00
11,7,1484.28,375.68,1600.00,511.99,0.1204,3.3,2.70,8.09,22.54,1.12,36.21,1.57,-10.00
11,7,-1.00,-1.00,-1.00,-1.00,0.1168,2.0,2.31,5.64,-44.23,1.97,-30.51,1.74,-10.00
11,7,259.04,440.58,450.68,550.35,0.1154,2.7,2.66,6.83,-12.71,2.16,34.47,-1.57,-10.00
11,7,893.86,460.15,976.72,534.37,0.1126,1.9,2.06,5.72,3.03,1.83,36.02,1.61,-10.00
11,7,-1.00,-1.00,-1.00,-1.00,0.1090,1.9,2.15,5.52,-23.11,2.24,17.55,-1.53,-10.00
11,7,-1.00,-1.00,-1.00,-1.00,0.1087,2.1,2.38,6.24,38.78,-0.40,-8.84,1.60,-10.00
11,7,-1.00,-1.00,-1.00,-1.00,0.1082,1.9,2.14,5.46,-25.05,2.42,25.34,3.12,-10.00
11,7,-1.00,-1.00,-1.00,-1.00,0.1081,1.9,2.22,5.60,-31.89,1.95,-26.18,1.74,-10.00
11,7,0.00,490.11,191.71,573.18,0.1075,1.9,2.19,5.57,-18.94,2.58,32.39,1.57,-10.00
11,7,-1.00,-1.00,-1.00,-1.00,0.1057,1.9,2.17,5.51,-26.01,1.98,-25.89,1.65,-10.00
11,7,-1.00,-1.00,-1.00,-1.00,0.1052,1.9,2.19,5.40,-23.53,2.10,-4.57,-1.60,-10.00
11,7,-1.00,-1.00,-1.00,-1.00,0.1039,2.0,2.10,5.08,-44.71,2.33,-28.23,-2.97,-10.00
11,7,1408.80,427.73,1590.35,504.61,0.1029,1.9,2.12,5.60,19.66,0.94,36.98,1.53,-10.00
11,7,-1.00,-1.00,-1.00,-1.00,0.1022,1.9,2.13,5.49,-29.81,1.51,-36.68,-3.08,-10.00
11,7,-1.00,-1.00,-1.00,-1.00,0.1015,2.0,2.14,5.39,-24.02,1.82,-31.22,-3.11,-10.00
11,7,-1.00,-1.00,-1.00,-1.00,0.1007,2.0,2.06,5.60,18.16,1.74,23.72,1.56,-10.00
12,7,-1.00,-1.00,-1.00,-1.00,0.8908,2.8,2.59,7.36,2.88,1.46,-9.20,-1.57,-10.00
12,7,-1.00,-1.00,-1.00,-1.00,0.5705,2.0,2.15,5.32,22.00,1.22,9.91,-0.03,-10.00
12,7,-1.00,-1.00,-1.00,-1.00,0.2077,2.0,2.30,5.86,-39.16,2.22,-8.44,-1.58,-10.00
12,7,-1.00,-1.00,-1.00,-1.00,0.1943,1.9,2.22,5.69,-23.49,2.13,15.23,-1.51,-10.00
12,7,-1.00,-1.00,-1.00,-1.00,0.1866,1.9,2.05,5.16,-25.15,1.64,-33.10,-3.12,-10.00
12,7,-1.00,-1.00,-1.00,-1.00,0.1610,2.1,2.33,5.68,-23.79,2.03,-7.08,-1.59,-10.00
12,7,-1.00,-1.00,-1.00,-1.00,0.1464,3.3,2.79,8.55,22.30,-0.06,-15.44,-3.14,-10.00
12,7,-1.00,-1.00,-1.00,-1.00,0.1380,1.9,2.18,5.50,-29.64,1.48,-39.18,0.10,-10.00
12,7,-1.00,-1.00,-1.00,-1.00,0.1313,2.1,2.36,5.60,49.26,0.29,-9.05,-3.09,-10.00
12,7,876.03,471.62,952.33,539.13,0.1307,1.9,2.17,5.61,2.64,2.14,38.99,-1.53,-10.00
12,7,-1.00,-1.00,-1.00,-1.00,0.1283,4.0,3.11,9.87,-50.11,-1.45,-50.56,-0.10,-10.00
12,7,-1.00,-1.00,-1.00,-1.00,0.1213,2.1,2.24,5.55,22.12,0.62,-9.36,0.02,-10.00
12,7,-1.00,-1.00,-1.00,-1.00,0.1105,2.0,2.12,5.42,-12.52,1.50,-25.74,3.12,-10.00
12,7,-1.00,-1.00,-1.00,-1.00,0.1049,2.0,2.23,5.66,-34.80,2.54,4.20,1.56,-10.00
12,7,157.37,474.84,383.32,552.54,0.1033,2.1,2.15,5.39,-15.52,2.28,35.14,-3.06,-10.00
12,7,-1.00,-1.00,-1.00,-1.00,0.1020,1.8,2.01,4.81,-31.72,2.51,-27.42,1.72,-10.00
12,7,1201.92,429.82,1448.63,513.44,0.1010,2.0,2.15,5.57,12.99,1.09,32.93,0.02,-10.00
12,7,-1.00,-1.00,-1.00,-1.00,0.1005,2.0,2.16,5.39,-22.56,1.61,-33.94,-3.06,-10.00
13,7,-1.00,-1.00,-1.00,-1.00,0.8168,2.9,2.63,7.48,2.80,1.49,-11.57,-1.58,-10.00
13,7,-1.00,-1.00,-1.00,-1.00,0.3150,2.0,2.17,5.49,21.69,1.58,7.30,0.00,-10.00
13,7,-1.00,-1.00,-1.00,-1.00,0.2582,2.0,2.22,5.74,-13.22,1.14,-28.76,0.23,-10.00
13,7,-1.00,-1.00,-1.00,-1.00,0.2228,2.0,2.20,5.54,-39.35,2.14,-10.85,1.53,-10.00
13,7,-1.00,-1.00,-1.00,-1.00,0.2201,1.8,2.03,5.19,-31.73,2.23,-29.76,1.75,-10.00
13,7,0.00,485.71,147.23,546.68,0.1892,1.9,2.15,5.59,-26.17,2.54,42.04,-3.09,-10.00
13,7,889.74,468.09,978.52,540.76,0.1636,1.9,2.18,5.59,3.03,2.04,36.42,-1.55,-10.00
13,7,-1.00,-1.00,-1.00,-1.00,0.1538,2.0,2.23,5.39,-40.08,2.50,1.64,-1.58,-10.00
13,7,-1.00,-1.00,-1.00,-1.00,0.1530,1.9,2.17,5.46,33.89,1.59,19.55,1.61,-10.00
13,7,-1.00,-1.00,-1.00,-1.00,0.1514,1.9,2.21,5.64,-23.52,1.96,-10.00,-1.61,-10.00
13,7,-1.00,-1.00,-1.00,-1.00,0.1301,1.9,2.10,5.36,-41.24,2.19,-8.66,-3.10,-10.00
13,7,-1.00,-1.00,-1.00,-1.00,0.1249,1.9,2.18,5.44,-35.10,2.43,-0.87,1.63,-10.00
13,7,-1.00,-1.00,-1.00,-1.00,0.1217,1.9,2.19,5.49,48.80,0.21,-11.96,0.03,-10.00
13,7,-1.00,-1.00,-1.00,-1.00,0.1183,2.1,2.13,5.53,-30.88,2.73,20.82,0.13,-10.00
13,7,-1.00,-1.00,-1.00,-1.00,0.1033,2.0,2.17,5.53,-23.57,2.82,22.45,-1.48,-10.00
13,7,-1.00,-1.00,-1.00,-1.00,0.1008,1.9,2.09,5.33,-29.36,2.55,2.28,-1.56,-10.00
13,7,47.48,497.05,220.89,548.38,0.1005,1.9,2.04,5.45,-26.28,2.95,47.68,-3.12,-10.00
14,7,-1.00,-1.00,-1.00,-1.00,0.8207,2.8,2.63,7.91,2.74,1.34,-14.37,-1.56,-10.00
14,7,-1.00,-1.00,-1.00,-1.00,0.6493,2.0,2.18,5.55,21.57,1.73,4.79,-0.04,-10.00
14,7,-1.00,-1.00,-1.00,-1.00,0.2128,2.0,2.27,5.47,-32.58,1.80,-32.60,1.73,-10.00
14,7,-1.00,-1.00,-1.00,-1.00,0.1998,1.9,2.28,5.69,-35.46,2.77,15.58,1.57,-10.00
14,7,-1.00,-1.00,-1.00,-1.00,0.1953,2.0,2.12,5.50,-41.67,2.57,19.81,-1.76,-10.00
14,7,-1.00,-1.00,-1.00,-1.00,0.1743,2.0,2.32,5.77,-39.48,1.98,-13.24,1.57,-10.00
14,7,-1.00,-1.00,-1.00,-1.00,0.1732,2.0,2.15,5.51,-31.73,2.51,18.05,0.03,-10.00
14,7,75.11,462.38,318.84,584.53,0.1473,2.2,2.24,5.89,-12.74,2.25,25.93,-1.61,-10.00
14,7,-1.00,-1.00,-1.00,-1.00,0.1317,1.9,2.14,5.48,34.04,1.39,17.04,-1.66,-10.00
14,7,-1.00,-1.00,-1.00,-1.00,0.1247,2.0,2.19,5.72,-29.46,2.75,20.45,-1.49,-10.00
14,7,-1.00,-1.00,-1.00,-1.00,0.1204,1.9,2.12,5.42,-21.81,2.12,0.09,1.52,-10.00
14,7,-1.00,-1.00,-1.00,-1.00,0.1196,2.0,2.22,5.54,-24.44,2.11,-0.03,1.51,-10.00
14,7,-1.00,-1.00,-1.00,-1.00,0.1179,1.8,2.05,4.95,-12.10,1.19,-24.94,-3.13,-10.00
14,7,-1.00,-1.00,-1.00,-1.00,0.1152,2.0,2.20,5.65,-44.25,1.29,-45.66,1.70,-10.00
14,7,-1.00,-1.00,-1.00,-1.00,0.1132,1.9,2.19,5.42,-28.62,2.02,-12.83,1.52,-10.00
14,7,108.38,498.73,371.50,581.82,0.1100,1.9,2.12,5.29,-13.95,2.62,30.03,-3.12,-10.00
14,7,1322.38,414.70,1600.00,508.48,0.1086,1.9,2.06,5.18,13.96,0.80,27.63,0.04,-10.00
14,7,539.38,449.50,621.86,510.59,0.1061,2.1,2.20,5.51,-9.29,1.48,47.82,-1.60,-10.00
14,7,-1.00,-1.00,-1.00,-1.00,0.1055,1.9,2.23,5.76,43.80,1.61,15.30,1.52,-10.00
14,7,-1.00,-1.00,-1.00,-1.00,0.1008,2.0,2.27,5.68,-29.31,2.22,-9.71,1.57,-10.00
15,7,-1.00,-1.00,-1.00,-1.00,0.9010,3.1,2.65,8.15,2.68,1.44,-16.96,-1.56,-10.00
15,7,-1.00,-1.00,-1.00,-1.00,0.5288,1.9,2.14,5.41,21.22,1.65,2.07,-0.00,-10.00
15,7,-1.00,-1.00,-1.00,-1.00,0.2082,1.9,2.08,5.48,-21.85,2.00,-2.48,1.55,-10.00
15,7,-1.00,-1.00,-1.00,-1.00,0.1976,1.9,2.15,5.40,25.86,1.81,13.31,1.59,-10.00
15,7,-1.00,-1.00,-1.00,-1.00,0.1650,1.9,2.11,5.60,-41.68,2.95,17.15,1.37,-10.00
15,7,-1.00,-1.00,-1.00,-1.00,0.1628,1.9,2.20,5.56,-24.44,2.12,-2.65,1.53,-10.00
15,7,-1.00,-1.00,-1.00,-1.00,0.1555,1.9,2.25,5.58,-12.76,1.66,-14.52,0.00,-10.00
15,7,-1.00,-1.00,-1.00,-1.00,0.1505,2.0,2.28,5.48,-39.55,1.72,-15.66,-1.62,-10.00
15,7,-1.00,-1.00,-1.00,-1.00,0.1310,2.0,2.06,5.44,21.58,0.55,-17.23,0.07,-10.00
15,7,-1.00,-1.00,-1.00,-1.00,0.1254,2.0,2.20,5.70,-44.03,1.69,-39.11,1.78,-10.00
15,7,0.00,486.83,95.31,556.15,0.1139,1.9,2.16,5.43,-24.68,2.56,37.88,-1.62,-10.00
15,7,-1.00,-1.00,-1.00,-1.00,0.1112,1.9,2.12,5.25,-31.24,2.73,15.42,0.03,-10.00
15,7,-1.00,-1.00,-1.00,-1.00,0.1026,1.9,2.28,5.51,-26.52,2.15,-14.15,-1.56,-10.00
15,7,-1.00,-1.00,-1.00,-1.00,0.1023,1.9,2.08,5.28,-12.11,1.37,-30.45,-3.13,-10.00
15,7,-1.00,-1.00,-1.00,-1.00,0.1006,1.9,2.20,5.41,-35.66,2.11,3.70,1.51,-10.00
16,7,-1.00,-1.00,-1.00,-1.00,0.6960,2.8,2.69,7.54,2.62,1.34,-19.85,-1.57,-10.00
16,7,-1.00,-1.00,-1.00,-1.00,0.2881,2.0,2.31,5.37,22.06,1.34,-0.73,0.00,-10.00
16,7,-1.00,-1.00,-1.00,-1.00,0.2136,2.0,2.22,5.42,26.13,1.66,10.15,-1.51,-10.00
16,7,-1.00,-1.00,-1.00,-1.00,0.1805,2.2,2.33,5.54,-45.15,1.86,-46.58,1.75,-10.00
16,7,-1.00,-1.00,-1.00,-1.00,0.1714,2.1,2.18,5.70,-41.41,2.87,14.67,1.47,-10.00
16,7,-1.00,-1.00,-1.00,-1.00,0.1517,1.8,2.06,5.33,-11.76,1.29,-30.49,3.12,-10.00
16,7,-1.00,-1.00,-1.00,-1.00,0.1420,1.9,2.22,5.54,-23.85,2.11,-17.60,-1.59,-10.00
16,7,-1.00,-1.00,-1.00,-1.00,0.1300,2.1,2.25,5.42,-21.81,1.91,-4.96,-1.61,-10.00
16,7,-1.00,-1.00,-1.00,-1.00,0.1169,2.2,2.40,6.42,51.96,1.67,8.80,-3.00,-10.00
16,7,63.00,473.59,357.63,564.91,0.1078,1.9,2.18,5.39,-13.46,2.04,27.67,3.08,-10.00
16,7,0.00,507.93,9.68,587.05,0.1073,2.0,2.19,5.73,-25.54,3.08,33.69,-3.10,-10.00
16,7,502.05,464.21,590.75,527.73,0.1042,1.9,2.12,5.40,-9.28,1.90,41.93,-1.64,-10.00
16,7,-1.00,-1.00,-1.00,-1.00,0.1041,2.0,2.29,5.89,-22.25,2.62,21.49,1.60,-10.00
16,7,0.00,480.81,292.88,587.41,0.1002,1.9,2.19,5.57,-13.74,2.24,24.61,0.02,-10.00
17,7,-1.00,-1.00,-1.00,-1.00,0.6612,2.7,2.67,7.79,2.48,1.33,-22.71,-1.55,-10.00
17,7,-1.00,-1.00,-1.00,-1.00,0.3237,1.8,2.06,5.13,21.09,1.18,-3.98,0.01,-10.00
17,7,-1.00,-1.00,-1.00,-1.00,0.1863,2.0,2.22,5.57,-41.58,2.99,11.26,1.43,-10.00
17,7,-1.00,-1.00,-1.00,-1.00,0.1261,2.0,2.20,5.55,-29.83,2.71,11.32,-1.64,-10.00
17,7,-1.00,-1.00,-1.00,-1.00,0.1181,1.9,2.18,5.46,34.00,1.04,8.20,1.78,-10.00
17,7,19.93,493.57,318.26,586.96,0.1097,1.9,2.06,5.26,-13.96,2.44,26.85,3.12,-10.00
17,7,-1.00,-1.00,-1.00,-1.00,0.1061,2.0,2.35,5.37,31.82,1.39,10.34,-1.46,-10.00
17,7,-1.00,-1.00,-1.00,-1.00,0.1013,2.0,2.38,5.84,-39.98,2.62,-21.58,-1.57,-10.00
17,7,-1.00,-1.00,-1.00,-1.00,0.1012,1.9,2.21,5.57,-21.89,2.81,17.79,1.59,-10.00
18,7,-1.00,-1.00,-1.00,-1.00,0.7413,2.9,2.74,7.79,2.30,1.53,-26.19,-1.57,-10.00
18,7,904.20,455.30,1007.21,536.59,0.4950,2.0,2.20,5.91,3.43,1.82,34.53,-1.57,-10.00
18,7,-1.00,-1.00,-1.00,-1.00,0.3453,1.8,1.95,4.86,20.93,1.25,-7.14,0.02,-10.00
18,7,-1.00,-1.00,-1.00,-1.00,0.1851,3.8,2.93,10.39,22.60,0.03,-32.44,0.02,-10.00
18,7,-1.00,-1.00,-1.00,-1.00,0.1502,1.9,2.13,5.52,-27.02,1.99,-3.21,0.02,-10.00
18,7,0.00,464.94,118.17,611.34,0.1451,2.0,2.15,5.35,-13.70,2.00,18.43,0.05,-10.00
18,7,0.00,475.04,247.17,582.03,0.1365,1.9,2.06,5.54,-14.11,2.03,23.44,3.06,-10.00
18,7,-1.00,-1.00,-1.00,-1.00,0.1253,1.9,2.35,5.68,-39.76,2.21,-22.85,1.60,-10.00
18,7,-1.00,-1.00,-1.00,-1.00,0.1224,2.3,2.35,5.22,-32.43,3.29,30.94,0.09,-10.00
18,7,-1.00,-1.00,-1.00,-1.00,0.1221,2.4,2.40,6.45,27.95,-0.02,-36.77,0.02,-10.00
18,7,928.98,443.07,1095.86,567.57,0.1204,1.9,2.12,5.53,3.04,1.62,21.73,-1.56,-10.00
18,7,-1.00,-1.00,-1.00,-1.00,0.1108,1.9,2.17,5.49,-41.70,2.75,7.44,-1.65,-10.00
18,7,-1.00,-1.00,-1.00,-1.00,0.1079,1.9,2.18,5.52,-29.19,2.49,-24.45,-1.57,-10.00
18,7,166.27,467.57,423.38,549.45,0.1062,1.9,2.09,5.35,-12.81,1.90,30.49,3.07,-10.00
18,7,29.96,469.70,328.35,564.07,0.1060,1.8,2.01,5.12,-13.30,1.91,25.98,-3.13,-10.00
18,7,-1.00,-1.00,-1.00,-1.00,0.1036,1.9,2.18,5.47,-46.91,3.16,7.57,-1.59,-10.00
18,7,-1.00,-1.00,-1.00,-1.00,0.1024,1.8,2.09,5.28,-11.99,1.74,-31.32,-3.06,-10.00
18,7,-1.00,-1.00,-1.00,-1.00,0.1016,2.0,2.29,5.45,38.80,0.95,4.44,1.54,-10.00
19,7,-1.00,-1.00,-1.00,-1.00,0.9180,3.1,2.55,7.10,2.13,1.37,-29.10,-1.56,-10.00
19,7,-1.00,-1.00,-1.00,-1.00,0.5803,1.9,2.04,5.28,20.90,1.26,-10.61,0.04,-10.00
19,7,-1.00,-1.00,-1.00,-1.00,0.2893,2.0,2.34,5.53,-29.44,2.61,-26.96,1.54,-10.00
19,7,926.06,444.66,1032.11,533.94,0.2887,1.9,2.13,5.92,3.61,1.55,30.74,1.62,-10.00
19,7,-1.00,-1.00,-1.00,-1.00,0.1576,2.0,2.22,5.81,-31.81,2.25,-5.99,0.02,-10.00
19,7,-1.00,-1.00,-1.00,-1.00,0.1084,2.0,2.28,5.45,33.67,0.67,0.29,-3.07,-10.00
19,7,-1.00,-1.00,-1.00,-1.00,0.1079,3.4,2.84,8.62,20.86,0.14,-35.83,-3.11,-10.00
19,7,10.51,486.07,324.40,582.79,0.1050,1.8,2.04,5.20,-13.11,2.21,25.18,3.14,-10.00
19,7,-1.00,-1.00,-1.00,-1.00,0.1044,1.9,2.12,5.47,-12.90,1.67,-34.57,0.07,-10.00
19,7,97.48,486.22,380.00,575.59,0.1019,1.9,2.05,5.30,-12.98,2.30,27.95,3.09,-10.00
19,7,-1.00,-1.00,-1.00,-1.00,0.1017,2.0,2.23,5.90,41.34,0.44,0.09,-1.64,-10.00
20,7,-1.00,-1.00,-1.00,-1.00,0.6963,1.9,2.06,5.34,20.92,1.15,-14.11,0.06,-10.00
20,7,-1.00,-1.00,-1.00,-1.00,0.6561,2.9,2.59,6.90,2.00,1.35,-32.45,-1.58,-10.00
20,7,-1.00,-1.00,-1.00,-1.00,0.2080,1.9,2.22,5.56,33.76,0.90,-3.00,-1.60,-10.00
20,7,130.30,465.11,447.83,568.11,0.2024,1.8,2.06,5.22,-10.22,1.84,24.10,-3.09,-10.00
20,7,-1.00,-1.00,-1.00,-1.00,0.1656,1.9,2.33,5.81,-22.07,2.11,-17.86,1.59,-10.00
20,7,-1.00,-1.00,-1.00,-1.00,0.1419,2.1,2.28,5.47,43.07,0.43,-2.25,-3.08,-10.00
20,7,124.21,463.50,394.02,550.23,0.1323,1.9,2.09,5.41,-13.31,1.87,29.68,3.09,-10.00
20,7,-1.00,-1.00,-1.00,-1.00,0.1187,2.0,2.19,5.62,-29.92,2.58,-10.99,-1.55,-10.00
20,7,-1.00,-1.00,-1.00,-1.00,0.1184,1.9,2.26,5.66,29.33,0.97,-16.04,1.61,-10.00
20,7,-1.00,-1.00,-1.00,-1.00,0.1110,2.0,2.26,5.57,-33.84,2.16,6.94,0.00,-10.00
20,7,-1.00,-1.00,-1.00,-1.00,0.1102,2.1,2.20,5.58,-30.79,2.06,-52.15,1.78,-10.00
20,7,-1.00,-1.00,-1.00,-1.00,0.1064,1.9,2.07,5.11,-42.14,2.90,-9.10,-3.05,-10.00
20,7,-1.00,-1.00,-1.00,-1.00,0.1010,2.0,2.15,5.34,-41.89,2.74,1.18,1.53,-10.00
21,7,-1.00,-1.00,-1.00,-1.00,0.8306,3.0,2.72,7.34,1.86,1.39,-36.40,1.58,-10.00
21,7,-1.00,-1.00,-1.00,-1.00,0.4628,2.0,2.24,5.82,21.40,1.09,-17.80,0.05,-10.00
21,7,0.00,470.77,226.38,600.23,0.2420,2.0,2.14,5.47,-13.19,2.07,20.70,3.12,-10.00
21,7,-1.00,-1.00,-1.00,-1.00,0.1895,1.9,2.21,5.50,-37.39,3.01,4.94,1.56,-10.00
21,7,-1.00,-1.00,-1.00,-1.00,0.1728,2.0,2.19,5.80,25.74,1.45,-6.58,-1.60,-10.00
21,7,248.49,476.42,463.97,546.66,0.1652,1.9,2.17,5.47,-13.67,2.21,36.63,-3.09,-10.00
21,7,-1.00,-1.00,-1.00,-1.00,0.1461,1.9,2.28,5.71,23.69,1.41,-7.52,-1.60,-10.00
21,7,0.00,475.87,156.96,613.16,0.1407,1.9,2.10,5.30,-13.16,2.04,18.61,-3.11,-10.00
21,7,-1.00,-1.00,-1.00,-1.00,0.1371,2.2,2.31,5.84,33.10,-1.15,-42.97,-3.14,-10.00
21,7,-1.00,-1.00,-1.00,-1.00,0.1346,1.8,2.13,5.45,20.62,1.08,-7.15,1.56,-10.00
21,7,-1.00,-1.00,-1.00,-1.00,0.1329,1.9,2.13,5.55,-32.09,2.58,5.17,-1.60,-10.00
21,7,-1.00,-1.00,-1.00,-1.00,0.1298,2.0,2.19,5.56,-48.14,3.01,20.12,-1.52,-10.00
21,7,1023.44,439.51,1117.06,513.10,0.1247,2.3,2.23,6.13,8.67,1.48,45.20,-1.55,-10.00
21,7,-1.00,-1.00,-1.00,-1.00,0.1239,1.9,2.20,5.59,-41.67,2.66,-3.75,1.55,-10.00
21,7,-1.00,-1.00,-1.00,-1.00,0.1229,1.9,2.25,5.59,29.28,0.60,-19.42,1.52,-10.00
21,7,-1.00,-1.00,-1.00,-1.00,0.1110,1.9,2.08,5.31,8.65,0.63,-33.17,3.13,-10.00
21,7,910.13,451.39,989.31,518.56,0.1056,1.9,2.08,5.58,3.85,1.50,40.08,-1.55,-10.00
21,7,-1.00,-1.00,-1.00,-1.00,0.1032,2.0,2.26,5.74,33.70,0.68,-19.59,-1.48,-10.00
22,7,-1.00,-1.00,-1.00,-1.00,0.6491,2.3,2.43,6.46,1.61,1.22,-39.37,-1.54,-10.00
22,7,0.00,474.36,124.50,627.67,0.6119,1.9,2.14,5.40,-12.91,2.06,17.14,-3.11,-10.00
22,7,-1.00,-1.00,-1.00,-1.00,0.5420,2.0,2.22,5.58,20.84,1.19,-21.34,0.02,-10.00
22,7,-1.00,-1.00,-1.00,-1.00,0.1725,1.9,2.16,5.60,-48.26,2.67,16.42,-1.44,-10.00
22,7,-1.00,-1.00,-1.00,-1.00,0.1571,3.0,2.46,6.36,10.43,1.10,0.08,0.04,-10.00
22,7,0.00,468.28,265.16,579.78,0.1488,1.9,2.07,5.09,-13.12,1.92,22.54,-3.11,-10.00
22,7,-1.00,-1.00,-1.00,-1.00,0.1355,1.9,2.08,5.44,8.87,0.71,-36.73,3.13,-10.00
22,7,-1.00,-1.00,-1.00,-1.00,0.1258,1.8,2.05,5.09,-24.71,2.15,-7.14,-3.14,-10.00
22,7,658.30,469.00,741.81,528.50,0.1215,1.8,2.10,5.63,-4.09,1.90,41.38,1.59,-10.00
22,7,195.02,466.08,426.72,540.38,0.1196,1.8,2.04,5.20,-13.40,1.82,32.80,3.14,-10.00
22,7,0.00,493.76,186.94,621.44,0.1115,1.9,2.18,5.19,-13.38,2.31,19.99,-0.03,-10.00
22,7,-1.00,-1.00,-1.00,-1.00,0.1032,1.9,2.10,5.17,-31.46,2.47,-16.70,-0.02,-10.00
22,7,-1.00,-1.00,-1.00,-1.00,0.1014,1.9,2.15,5.64,15.23,1.32,-8.81,-1.57,-10.00
23,7,-1.00,-1.00,-1.00,-1.00,0.4556,1.9,2.10,5.28,-13.21,1.85,13.49,-3.12,-10.00
23,7,-1.00,-1.00,-1.00,-1.00,0.4513,2.6,2.45,6.60,1.54,1.29,-43.10,-1.55,-10.00
23,7,-1.00,-1.00,-1.00,-1.00,0.3641,1.9,2.10,5.32,20.56,1.05,-24.87,-3.13,-10.00
23,7,637.03,444.80,748.88,539.93,0.2424,2.0,1.93,5.30,-2.96,1.59,28.79,1.58,-10.00
23,7,-1.00,-1.00,-1.00,-1.00,0.2343,3.4,2.77,7.49,10.46,1.15,-3.88,-2.96,-10.00
23,7,70.11,464.00,366.33,561.75,0.2307,1.9,2.07,5.24,-12.70,1.89,26.38,-3.08,-10.00
23,7,128.09,464.89,394.03,551.46,0.1985,1.9,2.11,5.24,-13.10,1.87,29.27,-3.12,-10.00
23,7,-1.00,-1.00,-1.00,-1.00,0.1654,1.9,2.18,5.89,12.42,1.42,-14.33,1.65,-10.00
23,7,-1.00,-1.00,-1.00,-1.00,0.1536,3.9,2.85,8.92,19.08,0.62,-49.97,-3.12,-10.00
23,7,-1.00,-1.00,-1.00,-1.00,0.1384,2.7,2.59,6.75,12.51,0.40,-49.89,-0.01,-10.00
23,7,0.00,457.59,318.25,565.25,0.1309,1.9,2.12,5.09,-12.84,1.80,24.29,-3.12,-10.00
23,7,-1.00,-1.00,-1.00,-1.00,0.1287,2.0,2.21,5.76,-36.28,2.12,-10.52,1.57,-10.00
23,7,-1.00,-1.00,-1.00,-1.00,0.1127,1.9,2.10,5.42,-21.02,1.77,-4.39,0.24,-10.00
23,7,-1.00,-1.00,-1.00,-1.00,0.1064,1.9,2.12,5.42,-17.35,1.82,-38.02,-3.09,-10.00
23,7,-1.00,-1.00,-1.00,-1.00,0.1031,2.0,2.15,5.44,-24.79,2.25,-10.48,-3.07,-10.00
23,7,-1.00,-1.00,-1.00,-1.00,0.1029,1.9,2.05,5.09,-31.43,1.90,16.84,-0.03,-10.00
23,7,-1.00,-1.00,-1.00,-1.00,0.1019,2.0,2.20,5.44,-24.13,2.14,1.42,-1.61,-10.00
24,7,-1.00,-1.00,-1.00,-1.00,0.6413,1.9,2.08,5.27,-13.20,1.87,10.30,-3.13,-10.00
24,7,-1.00,-1.00,-1.00,-1.00,0.2933,2.5,2.35,6.36,1.40,1.27,-46.65,-1.58,-10.00
24,7,496.21,434.52,704.94,585.83,0.2022,1.9,2.05,5.46,-3.15,1.62,18.71,1.59,-10.00
24,7,-1.00,-1.00,-1.00,-1.00,0.1706,2.0,2.20,5.59,-48.53,2.68,9.50,1.60,-10.00
24,7,-1.00,-1.00,-1.00,-1.00,0.1647,1.9,2.09,5.23,-31.97,2.32,16.17,3.12,-10.00
24,7,235.06,457.39,478.04,537.05,0.1530,1.9,2.13,5.34,-11.70,1.66,31.54,3.04,-10.00
24,7,-1.00,-1.00,-1.00,-1.00,0.1410,1.9,2.08,5.49,9.55,1.29,-15.75,1.53,-10.00
24,7,-1.00,-1.00,-1.00,-1.00,0.1337,2.0,2.24,5.78,-15.45,2.21,-42.91,-1.57,-10.00
24,7,-1.00,-1.00,-1.00,-1.00,0.1267,1.9,2.10,5.56,-24.36,2.05,-5.42,1.63,-10.00
24,7,-1.00,-1.00,-1.00,-1.00,0.1179,2.4,2.36,6.26,1.13,0.60,-50.78,1.59,-10.00
24,7,-1.00,-1.00,-1.00,-1.00,0.1030,1.9,2.19,5.61,-48.42,2.74,13.27,-1.57,-10.00
25,7,-1.00,-1.00,-1.00,-1.00,0.5602,1.9,2.11,5.32,-13.28,1.89,6.34,-3.13,-10.00
25,7,-1.00,-1.00,-1.00,-1.00,0.4907,2.3,2.39,6.18,1.34,0.64,-50.96,-1.50,-10.00
25,7,0.00,460.73,253.40,574.98,0.2109,1.9,2.04,5.20,-13.13,1.79,21.97,-3.11,-10.00
25,7,153.61,453.16,423.67,540.63,0.1459,2.0,2.21,5.52,-12.80,1.67,30.07,-3.08,-10.00
25,7,-1.00,-1.00,-1.00,-1.00,0.1395,2.1,2.33,5.89,-15.20,2.00,-47.09,-1.58,-10.00
25,7,-1.00,-1.00,-1.00,-1.00,0.1316,2.2,2.31,5.63,-49.04,2.68,5.44,-1.43,-10.00
25,7,944.75,454.74,1076.28,554.68,0.1227,1.8,2.02,5.37,3.67,1.71,25.96,1.59,-10.00
25,7,-1.00,-1.00,-1.00,-1.00,0.1170,1.9,2.18,5.44,-25.54,2.06,32.59,-3.09,-10.00
25,7,-1.00,-1.00,-1.00,-1.00,0.1031,3.5,2.97,9.21,-16.54,1.50,-33.94,-3.09,-10.00
25,7,-1.00,-1.00,-1.00,-1.00,0.1013,1.8,2.01,5.20,-13.36,1.57,-40.11,-3.12,-10.00
25,7,-1.00,-1.00,-1.00,-1.00,0.1004,2.0,2.18,5.57,-27.90,2.08,29.09,-1.55,-10.00
26,7,-1.00,-1.00,-1.00,-1.00,0.5896,1.9,2.12,5.34,-13.25,1.83,2.64,-3.09,-10.00
26,7,0.00,483.35,121.01,628.55,0.2513,1.9,2.14,5.34,-13.54,2.21,18.23,0.05,-10.00
26,7,48.75,457.60,349.86,552.38,0.1991,1.9,2.14,5.23,-13.08,1.70,26.42,3.12,-10.00
26,7,-1.00,-1.00,-1.00,-1.00,0.1345,2.0,2.07,5.35,-32.28,2.76,13.34,-0.03,-10.00
26,7,-1.00,-1.00,-1.00,-1.00,0.1344,1.9,2.09,5.33,-14.69,1.81,-49.39,-3.14,-10.00
26,7,-1.00,-1.00,-1.00,-1.00,0.1331,2.0,2.13,5.50,-50.45,2.07,-11.21,-0.02,-10.00
26,7,0.00,455.03,265.27,564.39,0.1242,1.9,2.21,5.48,-13.98,1.76,24.00,-3.06,-10.00
26,7,-1.00,-1.00,-1.00,-1.00,0.1235,2.0,2.05,5.21,-26.00,2.10,28.88,-3.09,-10.00
26,7,273.39,457.68,484.27,527.55,0.1231,1.9,2.10,5.36,-12.79,1.63,36.10,3.04,-10.00
26,7,-1.00,-1.00,-1.00,-1.00,0.1222,1.9,2.11,5.60,-23.06,1.95,-31.30,0.02,-10.00
26,7,-1.00,-1.00,-1.00,-1.00,0.1153,1.9,2.16,5.37,-26.06,1.56,-12.60,3.12,-10.00
26,7,-1.00,-1.00,-1.00,-1.00,0.1144,2.4,2.46,5.80,-48.53,2.32,1.62,1.44,-10.00
26,7,-1.00,-1.00,-1.00,-1.00,0.1136,2.0,2.23,5.76,-43.04,2.24,-13.48,1.68,-10.00
26,7,-1.00,-1.00,-1.00,-1.00,0.1133,2.0,2.15,5.50,-25.99,2.28,13.43,-3.14,-10.00
26,7,-1.00,-1.00,-1.00,-1.00,0.1110,3.5,3.01,10.21,-27.41,2.12,-37.18,0.02,-10.00
26,7,-1.00,-1.00,-1.00,-1.00,0.1077,2.5,2.28,6.03,1.38,1.25,-52.00,-1.49,-10.00
27,7,-1.00,-1.00,-1.00,-1.00,0.6244,1.9,2.10,5.29,-13.34,1.82,-1.17,-3.12,-10.00
27,7,-1.00,-1.00,-1.00,-1.00,0.3884,1.9,2.11,5.27,-31.46,2.65,4.60,3.14,-10.00
27,7,0.00,460.87,267.67,572.43,0.2085,1.9,2.09,5.14,-13.15,1.80,22.65,-3.11,-10.00
27,7,-1.00,-1.00,-1.00,-1.00,0.1766,1.9,2.26,5.82,-24.70,1.48,-17.61,1.58,-10.00
27,7,246.90,444.20,483.09,526.38,0.1734,2.0,2.15,5.39,-12.01,1.44,32.80,-3.03,-10.00
27,7,-1.00,-1.00,-1.00,-1.00,0.1582,3.4,2.95,10.24,-16.94,1.40,-41.55,0.08,-10.00
27,7,22.41,466.65,340.89,568.56,0.1556,1.9,2.02,5.27,-12.67,1.91,24.86,-3.11,-10.00
27,7,-1.00,-1.00,-1.00,-1.00,0.1475,1.9,2.03,5.19,-31.56,2.61,1.95,-3.10,-10.00
27,7,-1.00,-1.00,-1.00,-1.00,0.1449,2.0,2.13,5.27,-25.66,2.56,-4.21,3.13,-10.00
27,7,-1.00,-1.00,-1.00,-1.00,0.1337,1.9,1.99,5.07,-14.16,1.78,-13.65,0.03,-10.00
27,7,-1.00,-1.00,-1.00,-1.00,0.1334,1.9,2.14,5.45,-32.54,2.02,-17.05,-1.56,-10.00
27,7,-1.00,-1.00,-1.00,-1.00,0.1249,1.9,2.17,5.50,-27.24,1.62,-17.92,1.54,-10.00
27,7,-1.00,-1.00,-1.00,-1.00,0.1247,2.1,2.20,5.62,-21.44,2.04,-35.25,-3.12,-10.00
27,7,90.79,469.35,376.95,559.15,0.1161,1.8,1.99,5.19,-12.68,1.88,27.08,3.09,-10.00
27,7,362.44,457.88,549.55,520.23,0.1068,1.9,2.15,5.42,-11.88,1.58,40.48,3.11,-10.00
27,7,-1.00,-1.00,-1.00,-1.00,0.1045,2.2,2.39,5.96,-21.27,1.28,-24.47,-3.03,-10.00
27,7,-1.00,-1.00,-1.00,-1.00,0.1003,2.0,2.19,5.45,-25.93,2.67,9.34,-0.02,-10.00
28,7,-1.00,-1.00,-1.00,-1.00,0.7754,1.9,2.13,5.39,-13.38,1.82,-4.57,-3.09,-10.00
28,7,-1.00,-1.00,-1.00,-1.00,0.5459,1.9,2.03,4.91,-31.45,2.50,0.99,3.13,-10.00
28,7,-1.00,-1.00,-1.00,-1.00,0.4728,1.9,2.10,5.31,-14.32,1.81,-17.01,-3.10,-10.00
28,7,123.90,464.97,383.84,550.36,0.3089,1.9,2.12,5.11,-13.33,1.85,29.38,-3.10,-10.00
28,7,-1.00,-1.00,-1.00,-1.00,0.2681,2.1,2.26,5.75,-20.96,2.18,-38.83,-3.10,-10.00
28,7,-1.00,-1.00,-1.00,-1.00,0.1993,2.5,2.53,6.99,-13.52,1.90,-19.77,-1.57,-10.00
28,7,-1.00,-1.00,-1.00,-1.00,0.1808,3.0,2.54,6.98,11.38,1.07,-7.90,0.00,-10.00
28,7,-1.00,-1.00,-1.00,-1.00,0.1620,2.5,2.37,6.06,11.64,1.26,-5.41,0.13,-10.00
28,7,-1.00,-1.00,-1.00,-1.00,0.1505,1.8,2.00,5.04,-31.53,2.19,-1.59,-3.12,-10.00
28,7,-1.00,-1.00,-1.00,-1.00,0.1341,1.9,2.12,5.36,-26.53,2.39,5.93,-0.01,-10.00
28,7,355.71,446.10,540.66,506.94,0.1287,1.9,2.09,5.57,-12.61,1.19,42.04,3.11,-10.00
28,7,0.00,474.20,249.50,591.71,0.1256,1.9,2.04,5.16,-13.03,2.03,21.63,3.14,-10.00
28,7,57.15,465.02,357.32,559.65,0.1235,1.9,2.10,5.34,-13.11,1.87,26.79,3.13,-10.00
28,7,-1.00,-1.00,-1.00,-1.00,0.1155,2.0,2.24,5.61,-45.11,2.11,-19.35,1.60,-10.00
28,7,0.00,465.25,320.41,569.49,0.1145,1.9,2.07,5.30,-12.80,1.86,24.07,-3.13,-10.00
28,7,-1.00,-1.00,-1.00,-1.00,0.1121,1.9,2.06,5.29,-49.91,3.04,-3.71,0.02,-10.00
28,7,289.68,446.23,504.26,518.31,0.1076,1.9,2.06,5.28,-11.92,1.31,35.03,3.13,-10.00
29,7,-1.00,-1.00,-1.00,-1.00,0.6678,2.0,2.15,5.54,-13.83,1.73,-8.57,-3.13,-10.00
29,7,-1.00,-1.00,-1.00,-1.00,0.2819,1.9,2.05,5.03,-31.66,2.17,-3.07,-3.13,-10.00
29,7,-1.00,-1.00,-1.00,-1.00,0.2578,3.5,2.94,10.31,-15.98,1.10,-48.86,0.10,-10.00
29,7,-1.00,-1.00,-1.00,-1.00,0.2537,1.8,2.07,5.15,-14.29,2.01,-16.12,0.03,-10.00
29,7,-1.00,-1.00,-1.00,-1.00,0.2324,2.0,2.19,5.65,-10.52,1.43,-25.23,1.59,-10.00
29,7,261.88,452.03,492.06,529.62,0.2314,1.9,2.14,5.33,-11.84,1.55,33.28,3.14,-10.00
29,7,-1.00,-1.00,-1.00,-1.00,0.2101,1.9,2.14,5.41,-26.14,2.19,-11.56,-3.13,-10.00
29,7,716.75,454.33,796.50,521.14,0.2054,2.2,2.27,5.83,-2.48,1.83,46.08,1.63,-10.00
29,7,-1.00,-1.00,-1.00,-1.00,0.2025,1.8,2.02,4.95,-31.59,2.04,-5.63,-3.10,-10.00
29,7,-1.00,-1.00,-1.00,-1.00,0.1909,1.8,2.01,5.45,-4.11,1.07,-37.54,1.58,-10.00
29,7,17.61,463.73,327.16,561.12,0.1839,1.8,2.05,5.20,-13.10,1.80,25.31,-3.08,-10.00
29,7,0.00,475.13,110.32,617.81,0.1710,1.8,2.06,5.21,-13.28,1.99,17.63,0.02,-10.00
29,7,181.59,464.71,433.57,545.60,0.1707,1.9,2.03,5.28,-12.55,1.81,30.54,-3.12,-10.00
29,7,-1.00,-1.00,-1.00,-1.00,0.1696,2.0,2.17,5.63,-16.93,0.89,-31.99,3.11,-10.00
29,7,-1.00,-1.00,-1.00,-1.00,0.1444,1.9,2.17,5.44,-13.87,1.89,7.04,-0.02,-10.00
29,7,-1.00,-1.00,-1.00,-1.00,0.1346,1.9,2.25,5.96,-32.33,1.39,-25.15,1.57,-10.00
29,7,0.00,473.72,251.31,583.28,0.1327,1.8,2.04,5.04,-13.42,2.00,22.72,-3.09,-10.00
29,7,102.60,453.78,376.87,544.60,0.1306,1.9,2.05,5.13,-12.91,1.63,27.78,-3.08,-10.00
29,7,-1.00,-1.00,-1.00,-1.00,0.1223,1.9,2.05,5.37,-14.75,1.52,-23.72,-3.10,-10.00
29,7,318.08,459.34,513.59,524.36,0.1170,1.9,2.08,5.31,-12.55,1.64,38.53,-3.13,-10.00
29,7,-1.00,-1.00,-1.00,-1.00,0.1169,2.3,2.29,6.07,-42.82,1.08,-29.44,-1.79,-10.00
29,7,0.00,471.53,3.56,641.38,0.1127,1.9,1.99,5.13,-13.11,1.96,15.07,0.04,-10.00
29,7,-1.00,-1.00,-1.00,-1.00,0.1077,1.9,2.02,5.16,-14.08,1.67,-21.04,0.03,-10.00
29,7,-1.00,-1.00,-1.00,-1.00,0.1066,1.9,2.23,5.64,9.43,1.19,-1.70,1.64,-10.00
29,7,-1.00,-1.00,-1.00,-1.00,0.1049,1.9,1.95,4.88,-13.68,1.89,-11.22,0.07,-10.00
29,7,-1.00,-1.00,-1.00,-1.00,0.1005,2.0,2.20,5.55,-23.68,2.28,15.73,1.50,-10.00
30,7,-1.00,-1.00,-1.00,-1.00,0.5666,2.0,2.23,5.73,-13.52,1.50,-12.34,-3.13,-10.00
30,7,-1.00,-1.00,-1.00,-1.00,0.2729,2.2,2.29,6.09,-10.60,1.44,-28.65,1.64,-10.00
30,7,166.47,442.45,425.37,530.37,0.2503,1.9,2.07,5.16,-12.32,1.38,29.32,-3.11,-10.00
30,7,-1.00,-1.00,-1.00,-1.00,0.2314,2.0,2.26,5.58,-25.36,2.14,13.31,-3.13,-10.00
30,7,905.39,440.73,967.74,504.03,0.2145,2.2,2.14,5.55,4.24,1.25,49.12,-1.53,-10.00
30,7,89.17,466.06,378.23,557.20,0.2011,1.8,1.96,5.15,-12.41,1.80,26.46,-3.13,-10.00
30,7,-1.00,-1.00,-1.00,-1.00,0.1908,1.9,2.04,4.99,-31.70,2.08,-6.74,-3.13,-10.00
30,7,-1.00,-1.00,-1.00,-1.00,0.1781,1.9,1.99,5.38,-4.16,1.24,-48.72,1.58,-10.00
30,7,0.00,456.99,92.65,608.74,0.1489,1.8,2.04,4.94,-12.62,1.72,16.29,-3.12,-10.00
30,7,341.90,420.35,506.95,506.32,0.1474,2.1,2.35,6.06,-11.63,0.98,36.85,1.68,-10.00
30,7,-1.00,-1.00,-1.00,-1.00,0.1454,1.9,2.00,4.99,-13.08,1.75,13.67,0.04,-10.00
30,7,239.75,440.52,467.89,516.58,0.1436,1.9,2.12,5.48,-12.96,1.24,34.58,-3.11,-10.00
30,7,0.00,473.29,103.94,604.26,0.1323,1.8,2.06,5.06,-14.06,1.97,19.01,-3.06,-10.00
30,7,-1.00,-1.00,-1.00,-1.00,0.1311,1.9,2.15,5.26,-30.67,2.05,-12.12,3.10,-10.00
30,7,680.90,442.98,773.65,523.75,0.1300,2.1,2.23,5.65,-2.80,1.53,36.64,1.58,-10.00
30,7,-1.00,-1.00,-1.00,-1.00,0.1251,1.9,2.11,5.29,-14.93,1.41,-51.40,-3.06,-10.00
30,7,-1.00,-1.00,-1.00,-1.00,0.1174,1.9,2.14,5.61,-14.59,1.31,-27.68,-3.11,-10.00
30,7,-1.00,-1.00,-1.00,-1.00,0.1039,1.8,2.04,4.93,-31.50,2.21,-9.44,3.14,-10.00
30,7,1142.97,309.02,1477.19,559.70,0.1030,3.8,2.72,9.40,8.53,1.61,23.77,1.58,-10.00
30,7,0.00,459.31,324.78,565.20,0.1017,1.9,2.06,5.20,-12.74,1.80,24.25,-3.11,-10.00
30,7,361.87,442.10,541.97,504.97,0.1016,1.9,2.10,5.19,-11.97,1.08,40.33,3.09,-10.00
30,7,-1.00,-1.00,-1.00,-1.00,0.1009,1.9,2.03,5.09,-13.99,1.67,-24.90,-0.04,-10.00
30,7,0.00,441.87,214.49,568.56,0.1008,2.0,2.22,5.53,-13.85,1.65,21.58,0.07,-10.00
31,7,-1.00,-1.00,-1.00,-1.00,0.5751,2.0,2.13,5.49,-13.67,1.50,-16.06,-3.10,-10.00
31,7,-1.00,-1.00,-1.00,-1.00,0.5014,1.9,2.13,5.37,-31.93,1.75,-10.44,-3.13,-10.00
31,7,53.84,446.99,360.33,548.06,0.2267,1.9,2.08,5.14,-12.40,1.55,25.35,3.13,-10.00
31,7,-1.00,-1.00,-1.00,-1.00,0.2143,1.9,1.96,5.12,-32.56,2.14,-0.51,-3.14,-10.00
31,7,-1.00,-1.00,-1.00,-1.00,0.1715,1.8,2.02,5.17,-14.28,1.46,-26.09,-3.14,-10.00
31,7,-1.00,-1.00,-1.00,-1.00,0.1454,1.8,2.06,5.36,-14.43,0.87,-34.63,3.08,-10.00
31,7,195.63,446.80,437.24,529.51,0.1405,1.9,2.11,5.03,-12.38,1.43,30.65,-3.12,-10.00
31,7,276.19,443.34,506.57,523.65,0.1347,2.0,2.16,5.31,-11.41,1.38,33.12,-3.11,-10.00
31,7,-1.00,-1.00,-1.00,-1.00,0.1299,2.0,2.09,5.42,-2.94,0.51,-51.33,0.01,-10.00
31,7,0.00,453.28,222.10,579.44,0.1288,1.9,2.03,5.20,-12.84,1.71,20.20,-3.10,-10.00
31,7,-1.00,-1.00,-1.00,-1.00,0.1261,2.0,2.16,5.57,-26.29,1.84,7.73,-3.02,-10.00
31,7,-1.00,-1.00,-1.00,-1.00,0.1164,2.0,2.12,5.34,-32.37,1.89,31.07,-3.10,-10.00
31,7,-1.00,-1.00,-1.00,-1.00,0.1142,1.8,2.06,5.20,-13.45,1.67,9.82,0.02,-10.00
31,7,-1.00,-1.00,-1.00,-1.00,0.1128,1.9,2.13,5.21,-43.82,2.31,-10.21,0.03,-10.00
31,7,334.58,460.42,521.61,522.90,0.1115,1.9,2.09,5.33,-12.66,1.66,40.09,3.09,-10.00
31,7,-1.00,-1.00,-1.00,-1.00,0.1112,2.2,2.37,6.09,-16.27,0.90,-32.02,-3.10,-10.00
31,7,447.91,455.96,550.62,525.67,0.1096,2.1,2.24,5.85,-10.75,1.81,41.62,-1.64,-10.00
31,7,908.46,463.08,989.95,523.26,0.1065,1.9,2.04,5.63,4.32,1.87,45.11,-1.63,-10.00
31,7,-1.00,-1.00,-1.00,-1.00,0.1039,2.0,2.12,5.46,-26.02,1.78,20.24,-3.08,-10.00
32,7,-1.00,-1.00,-1.00,-1.00,0.6110,1.9,2.14,5.43,-13.47,1.49,-19.95,-3.13,-10.00
32,7,-1.00,-1.00,-1.00,-1.00,0.2791,2.4,2.49,6.43,-12.69,1.05,-34.76,1.66,-10.00
32,7,-1.00,-1.00,-1.00,-1.00,0.2637,1.9,2.14,5.37,-25.82,2.10,5.80,0.03,-10.00
32,7,71.78,462.22,368.60,558.86,0.2040,1.9,2.15,5.28,-12.85,1.86,26.81,3.14,-10.00
32,7,-1.00,-1.00,-1.00,-1.00,0.1769,1.9,2.04,4.86,-14.62,1.00,-32.61,-3.11,-10.00
32,7,483.48,432.12,701.11,592.82,0.1705,2.0,2.11,5.59,-3.25,1.70,18.70,1.59,-10.00
32,7,-1.00,-1.00,-1.00,-1.00,0.1331,2.0,2.09,5.15,-14.05,1.17,-30.42,-3.07,-10.00
32,7,-1.00,-1.00,-1.00,-1.00,0.1330,1.8,2.05,5.16,-13.35,1.74,6.06,-0.04,-10.00
32,7,-1.00,-1.00,-1.00,-1.00,0.1320,1.8,2.04,5.12,-46.63,1.63,-34.18,-3.07,-10.00
32,7,344.42,466.43,545.39,535.17,0.1247,1.9,2.02,5.21,-10.98,1.86,36.34,3.12,-10.00
32,7,-1.00,-1.00,-1.00,-1.00,0.1229,1.8,2.07,4.80,-30.77,2.04,-14.61,-3.11,-10.00
32,7,-1.00,-1.00,-1.00,-1.00,0.1221,2.0,2.22,5.70,-13.74,1.84,13.92,0.05,-10.00
32,7,-1.00,-1.00,-1.00,-1.00,0.1137,1.9,2.13,5.22,-30.80,1.86,-19.86,-3.12,-10.00
32,7,0.00,456.76,248.55,575.34,0.1127,1.9,2.00,4.92,-12.83,1.75,21.47,-3.10,-10.00
32,7,-1.00,-1.00,-1.00,-1.00,0.1096,3.2,2.55,6.44,7.09,0.41,-39.74,-1.54,-10.00
32,7,-1.00,-1.00,-1.00,-1.00,0.1093,2.0,2.17,5.57,-31.25,2.03,7.32,1.61,-10.00
32,7,556.71,438.88,701.32,495.61,0.1057,2.1,2.25,5.42,-7.84,0.96,50.11,0.00,-10.00
32,7,879.82,453.32,950.16,512.77,0.1056,1.9,2.14,5.46,3.20,1.52,46.49,-1.58,-10.00
32,7,-1.00,-1.00,-1.00,-1.00,0.1027,2.2,2.20,5.58,-16.90,0.77,-36.05,-3.11,-10.00
32,7,-1.00,-1.00,-1.00,-1.00,0.1008,1.9,2.07,5.11,-31.28,2.07,-17.06,0.04,-10.00
32,7,-1.00,-1.00,-1.00,-1.00,0.1001,2.0,2.13,5.61,-12.90,0.34,-41.13,-0.06,-10.00
33,7,-1.00,-1.00,-1.00,-1.00,0.2570,1.9,2.14,5.26,-13.51,1.51,-23.61,3.11,-10.00
33,7,-1.00,-1.00,-1.00,-1.00,0.2142,1.9,2.14,5.47,-13.66,1.57,10.03,-0.01,-10.00
33,7,-1.00,-1.00,-1.00,-1.00,0.2090,2.0,2.09,5.37,-16.57,0.73,-39.19,-3.08,-10.00
33,7,-1.00,-1.00,-1.00,-1.00,0.1981,2.0,2.08,5.42,-13.44,1.04,-36.48,-3.08,-10.00
33,7,559.49,433.34,716.12,556.83,0.1969,2.0,2.08,5.34,-3.32,1.55,23.13,1.57,-10.00
33,7,0.00,388.73,81.70,511.93,0.1741,3.2,2.69,7.65,-26.32,1.18,38.00,1.59,-10.00
33,7,150.40,457.54,397.90,537.52,0.1673,2.0,2.18,5.50,-14.37,1.74,32.83,-3.13,-10.00
33,7,0.00,438.58,280.81,556.81,0.1672,2.0,2.18,5.36,-13.23,1.56,23.09,3.11,-10.00
33,7,-1.00,-1.00,-1.00,-1.00,0.1612,2.0,2.17,5.72,-21.13,0.53,-47.47,-0.08,-10.00
33,7,-1.00,-1.00,-1.00,-1.00,0.1448,1.9,2.07,5.41,-11.93,0.62,-45.07,3.06,-10.00
33,7,-1.00,-1.00,-1.00,-1.00,0.1424,2.0,2.24,5.56,-26.67,1.63,2.48,0.15,-10.00
33,7,-1.00,-1.00,-1.00,-1.00,0.1420,2.7,2.61,6.26,-28.58,1.11,35.38,-3.11,-10.00
33,7,-1.00,-1.00,-1.00,-1.00,0.1381,1.9,2.02,4.99,-13.53,1.53,-26.02,3.10,-10.00
33,7,-1.00,-1.00,-1.00,-1.00,0.1353,2.0,2.24,5.81,2.86,1.31,-33.04,-1.50,-10.00
33,7,-1.00,-1.00,-1.00,-1.00,0.1238,1.8,2.04,5.12,-32.36,1.28,-21.02,-3.07,-10.00
33,7,-1.00,-1.00,-1.00,-1.00,0.1230,1.9,2.06,5.18,-33.69,1.22,-23.76,-3.11,-10.00
33,7,1225.34,435.81,1394.31,497.80,0.1173,2.3,2.32,5.73,19.08,1.04,49.66,3.13,-10.00
33,7,0.00,424.28,127.21,565.78,0.1138,1.8,1.98,5.04,-12.96,1.31,17.68,-3.13,-10.00
33,7,-1.00,-1.00,-1.00,-1.00,0.1043,1.8,2.03,5.19,-14.25,1.66,-21.40,3.11,-10.00
33,7,894.35,438.35,982.05,515.07,0.1014,2.0,2.11,5.54,3.28,1.30,37.95,-1.58,-10.00
34,7,-1.00,-1.00,-1.00,-1.00,0.2332,1.9,2.06,5.33,-13.24,0.89,-30.04,-3.10,-10.00
34,7,-1.00,-1.00,-1.00,-1.00,0.2251,1.9,2.11,5.21,-13.15,0.93,-27.29,-3.11,-10.00
34,7,-1.00,-1.00,-1.00,-1.00,0.2112,2.1,2.20,5.53,-28.29,0.96,-43.25,3.10,-10.00
34,7,-1.00,-1.00,-1.00,-1.00,0.2025,2.0,2.23,5.58,-28.56,1.31,8.57,-3.09,-10.00
34,7,-1.00,-1.00,-1.00,-1.00,0.1999,2.0,2.22,5.32,-26.30,1.63,-1.98,2.94,-10.00
34,7,-1.00,-1.00,-1.00,-1.00,0.1574,1.8,2.00,5.02,-13.05,1.53,14.02,-3.13,-10.00
34,7,-1.00,-1.00,-1.00,-1.00,0.1499,2.0,2.14,5.62,-15.56,0.55,-40.04,-3.13,-10.00
34,7,-1.00,-1.00,-1.00,-1.00,0.1408,1.9,2.13,5.09,-32.56,1.57,-12.29,0.02,-10.00
34,7,-1.00,-1.00,-1.00,-1.00,0.1395,1.9,2.12,5.29,-13.79,1.88,8.76,0.00,-10.00
34,7,-1.00,-1.00,-1.00,-1.00,0.1359,2.0,2.27,5.66,-48.03,0.64,-44.05,-1.34,-10.00
34,7,-1.00,-1.00,-1.00,-1.00,0.1335,1.9,2.06,5.43,-13.65,1.14,-32.41,0.05,-10.00
34,7,876.41,449.56,939.34,511.53,0.1266,2.1,2.28,5.81,3.18,1.55,48.90,-1.50,-10.00
34,7,-1.00,-1.00,-1.00,-1.00,0.1254,1.9,2.10,5.39,-32.77,1.61,-17.36,0.02,-10.00
34,7,-1.00,-1.00,-1.00,-1.00,0.1234,1.9,2.16,5.45,-31.26,1.44,-25.41,-0.07,-10.00
34,7,-1.00,-1.00,-1.00,-1.00,0.1226,2.0,2.21,5.68,-12.11,-0.03,-48.81,3.11,-10.00
34,7,163.69,458.93,416.79,540.33,0.1177,1.9,2.13,5.46,-13.43,1.75,31.59,-3.09,-10.00
34,7,-1.00,-1.00,-1.00,-1.00,0.1163,2.0,2.13,5.40,-14.33,0.32,-42.78,-3.13,-10.00
34,7,-1.00,-1.00,-1.00,-1.00,0.1155,1.9,2.16,5.42,-30.85,1.64,-19.16,1.55,-10.00
34,7,-1.00,-1.00,-1.00,-1.00,0.1147,2.0,2.11,5.40,2.58,0.76,-42.95,-1.54,-10.00
34,7,0.00,444.05,262.55,566.56,0.1139,2.0,2.17,5.29,-13.01,1.64,21.90,-3.13,-10.00
34,7,-1.00,-1.00,-1.00,-1.00,0.1051,1.9,2.04,5.52,2.96,1.00,-30.57,-1.55,-10.00
34,7,-1.00,-1.00,-1.00,-1.00,0.1039,2.0,2.18,5.37,2.98,0.77,-36.49,-1.54,-10.00
34,7,0.00,461.24,73.59,610.49,0.1038,1.8,1.98,4.81,-13.06,1.79,16.70,-3.13,-10.00
34,7,575.70,477.15,666.98,534.55,0.1007,1.9,2.11,5.51,-7.11,2.25,44.01,1.61,-10.00
35,7,-1.00,-1.00,-1.00,-1.00,0.2207,1.8,2.01,5.07,-13.27,1.63,10.41,3.13,-10.00
35,7,-1.00,-1.00,-1.00,-1.00,0.2005,2.1,2.26,5.59,-27.97,2.12,5.29,-3.07,-10.00
35,7,-1.00,-1.00,-1.00,-1.00,0.1990,2.0,2.11,5.45,-13.78,1.32,-30.82,3.05,-10.00
35,7,0.00,457.66,279.65,564.61,0.1731,2.0,2.15,5.25,-14.13,1.86,25.25,3.13,-10.00
35,7,58.78,440.70,355.56,532.89,0.1616,1.9,2.19,5.52,-13.74,1.38,28.09,3.10,-10.00
35,7,-1.00,-1.00,-1.00,-1.00,0.1549,1.9,2.20,5.45,-28.18,2.18,3.25,-3.13,-10.00
35,7,-1.00,-1.00,-1.00,-1.00,0.1456,2.0,2.22,5.69,-27.25,1.73,-20.75,0.03,-10.00
35,7,218.53,434.62,463.76,514.28,0.1300,1.9,2.10,5.52,-12.45,1.10,32.43,3.09,-10.00
35,7,0.00,465.95,246.75,587.15,0.1269,1.9,2.16,5.50,-13.13,1.92,21.31,3.11,-10.00
35,7,-1.00,-1.00,-1.00,-1.00,0.1203,2.2,2.28,5.58,-51.65,1.58,-18.49,0.01,-10.00
35,7,-1.00,-1.00,-1.00,-1.00,0.1200,2.0,2.24,5.54,-14.20,1.30,-18.11,-3.09,-10.00
35,7,-1.00,-1.00,-1.00,-1.00,0.1148,2.1,2.22,5.37,-27.49,0.91,-47.72,1.59,-10.00
35,7,-1.00,-1.00,-1.00,-1.00,0.1109,2.0,2.09,5.28,-15.17,0.72,-43.64,3.12,-10.00
35,7,-1.00,-1.00,-1.00,-1.00,0.1095,1.8,2.08,5.18,-14.05,1.83,-28.64,3.10,-10.00
35,7,-1.00,-1.00,-1.00,-1.00,0.1069,2.0,2.34,5.56,-31.14,1.57,-18.96,1.59,-10.00
35,7,-1.00,-1.00,-1.00,-1.00,0.1033,1.9,2.14,5.52,-13.71,1.76,5.21,0.01,-10.00
35,7,-1.00,-1.00,-1.00,-1.00,0.1026,2.0,2.13,5.49,2.90,0.59,-40.54,-1.50,-10.00
35,7,-1.00,-1.00,-1.00,-1.00,0.1009,2.0,2.18,5.18,2.14,0.60,-45.70,-1.53,-10.00
36,7,-1.00,-1.00,-1.00,-1.00,0.2089,1.9,2.03,5.15,-27.17,1.70,24.81,3.13,-10.00
36,7,-1.00,-1.00,-1.00,-1.00,0.1802,1.8,2.13,5.43,-13.87,1.40,-21.62,0.02,-10.00
36,7,-1.00,-1.00,-1.00,-1.00,0.1739,1.9,2.18,5.67,2.54,0.65,-42.66,-1.49,-10.00
36,7,883.60,461.55,964.64,530.46,0.1557,2.0,2.24,5.58,3.06,1.92,40.46,-1.56,-10.00
36,7,-1.00,-1.00,-1.00,-1.00,0.1511,2.1,2.27,5.89,-31.80,1.29,-20.34,1.65,-10.00
36,7,-1.00,-1.00,-1.00,-1.00,0.1492,1.9,2.08,5.28,-14.42,1.25,-29.20,-3.13,-10.00
36,7,-1.00,-1.00,-1.00,-1.00,0.1400,2.0,2.28,5.72,-31.06,1.80,-6.63,1.57,-10.00
36,7,-1.00,-1.00,-1.00,-1.00,0.1329,1.9,2.14,5.54,-25.03,2.16,1.53,1.62,-10.00
36,7,0.00,451.54,305.16,559.30,0.1304,2.0,2.20,5.58,-13.55,1.72,24.73,-3.09,-10.00
36,7,-1.00,-1.00,-1.00,-1.00,0.1290,1.9,2.04,5.32,2.80,1.09,-26.73,-1.56,-10.00
36,7,-1.00,-1.00,-1.00,-1.00,0.1248,1.9,1.98,5.41,-3.67,1.56,-4.24,1.59,-10.00
36,7,-1.00,-1.00,-1.00,-1.00,0.1158,1.9,2.19,5.45,-31.62,1.21,-30.72,0.02,-10.00
36,7,71.06,494.03,222.82,557.18,0.1146,2.1,2.31,5.69,-24.57,3.12,45.61,1.59,-10.00
36,7,-1.00,-1.00,-1.00,-1.00,0.1132,1.9,2.10,5.43,-14.28,1.63,-10.99,0.03,-10.00
36,7,-1.00,-1.00,-1.00,-1.00,0.1062,1.9,2.15,5.47,-13.77,1.89,14.94,-0.05,-10.00
37,7,-1.00,-1.00,-1.00,-1.00,0.3395,1.9,2.02,4.87,-27.48,1.71,21.48,3.13,-10.00
37,7,-1.00,-1.00,-1.00,-1.00,0.2441,2.2,2.21,5.84,40.18,0.82,29.17,-1.56,-10.00
37,7,-1.00,-1.00,-1.00,-1.00,0.1510,2.3,2.37,5.76,-51.21,1.30,-41.53,-0.05,-10.00
37,7,891.94,453.29,984.54,527.10,0.1487,1.9,2.18,5.48,3.17,1.64,36.70,-1.57,-10.00
37,7,-1.00,-1.00,-1.00,-1.00,0.1481,3.1,2.76,6.63,42.29,1.21,20.98,-0.04,-10.00
37,7,1021.46,412.44,1306.39,524.95,0.1299,3.6,2.94,8.70,11.18,1.79,42.14,-0.03,-10.00
37,7,0.00,461.20,218.00,588.19,0.1262,2.0,2.17,5.45,-13.56,1.94,21.23,-3.08,-10.00
37,7,-1.00,-1.00,-1.00,-1.00,0.1163,2.0,2.06,5.33,-14.24,0.92,-46.05,-3.09,-10.00
37,7,0.00,487.10,101.17,549.53,0.1160,1.9,2.04,5.38,-26.37,2.50,39.85,-3.13,-10.00
37,7,-1.00,-1.00,-1.00,-1.00,0.1099,1.9,2.09,5.45,2.72,1.32,-25.27,-1.48,-10.00
37,7,-1.00,-1.00,-1.00,-1.00,0.1071,1.9,2.09,5.37,-13.96,1.83,-11.94,-0.02,-10.00
37,7,-1.00,-1.00,-1.00,-1.00,0.1071,2.0,2.11,5.39,-13.52,0.95,-32.77,-3.10,-10.00
37,7,0.00,493.29,43.01,559.08,0.1060,1.9,2.07,5.31,-26.68,2.62,37.37,-3.11,-10.00
37,7,-1.00,-1.00,-1.00,-1.00,0.1041,2.0,2.17,5.53,-31.61,2.00,7.11,1.55,-10.00
38,7,-1.00,-1.00,-1.00,-1.00,0.2714,3.6,2.96,10.70,43.91,0.94,15.86,-3.10,-10.00
38,7,-1.00,-1.00,-1.00,-1.00,0.1826,1.9,2.04,5.21,-14.08,1.24,-28.77,0.02,-10.00
38,7,-1.00,-1.00,-1.00,-1.00,0.1748,2.0,2.08,5.31,-13.80,1.15,-36.47,-3.12,-10.00
38,7,-1.00,-1.00,-1.00,-1.00,0.1643,1.9,2.05,5.12,-14.41,1.32,-26.01,-0.04,-10.00
38,7,-1.00,-1.00,-1.00,-1.00,0.1620,2.2,2.18,5.92,40.20,0.78,25.68,1.55,-10.00
38,7,-1.00,-1.00,-1.00,-1.00,0.1616,1.9,2.06,5.25,-13.68,0.96,-31.37,3.13,-10.00
38,7,-1.00,-1.00,-1.00,-1.00,0.1440,2.1,2.27,5.70,-50.03,1.38,-45.70,-1.52,-10.00
38,7,-1.00,-1.00,-1.00,-1.00,0.1389,1.9,2.08,5.45,-13.92,1.82,-15.56,0.04,-10.00
38,7,-1.00,-1.00,-1.00,-1.00,0.1353,2.0,2.18,5.48,36.09,1.40,4.60,-0.00,-10.00
38,7,-1.00,-1.00,-1.00,-1.00,0.1311,1.8,1.98,5.11,-13.91,1.68,-5.28,-0.01,-10.00
38,7,-1.00,-1.00,-1.00,-1.00,0.1298,2.6,2.57,6.25,43.19,0.79,16.43,-1.58,-10.00
38,7,-1.00,-1.00,-1.00,-1.00,0.1279,1.9,2.05,5.28,-32.95,1.56,-12.63,-3.14,-10.00
38,7,903.76,454.55,1001.82,533.32,0.1272,1.9,2.17,5.66,3.34,1.71,34.32,-1.56,-10.00
38,7,1118.93,434.37,1355.57,515.98,0.1208,1.9,2.03,5.25,10.20,1.11,31.46,0.04,-10.00
38,7,-1.00,-1.00,-1.00,-1.00,0.1174,2.1,2.31,5.83,23.88,1.44,31.56,-3.13,-10.00
38,7,-1.00,-1.00,-1.00,-1.00,0.1159,1.9,2.13,5.51,-4.31,0.81,-34.39,1.59,-10.00
38,7,-1.00,-1.00,-1.00,-1.00,0.1128,2.5,2.45,5.68,40.43,0.95,17.03,-1.50,-10.00
38,7,87.89,497.67,249.95,548.27,0.1121,1.9,2.08,5.37,-26.14,3.09,49.91,0.05,-10.00
38,7,0.00,498.38,157.27,554.06,0.1073,1.8,2.04,5.11,-26.45,2.90,43.70,-3.10,-10.00
38,7,-1.00,-1.00,-1.00,-1.00,0.1067,2.0,2.27,5.65,-27.70,2.69,7.44,1.58,-10.00
38,7,-1.00,-1.00,-1.00,-1.00,0.1060,2.3,2.34,6.81,12.00,0.97,-17.61,1.67,-10.00
38,7,-1.00,-1.00,-1.00,-1.00,0.1035,1.9,2.10,5.35,-13.82,1.72,-7.68,-0.00,-10.00
38,7,1431.13,427.00,1600.00,538.99,0.1026,2.0,2.18,5.62,14.89,1.42,25.97,-1.52,-10.00
38,7,-1.00,-1.00,-1.00,-1.00,0.1021,1.9,2.09,5.29,-14.12,0.69,-38.74,3.12,-10.00
39,7,-1.00,-1.00,-1.00,-1.00,0.5326,3.2,2.73,7.21,40.45,1.87,23.35,-1.54,-10.00
39,7,-1.00,-1.00,-1.00,-1.00,0.2372,2.5,2.49,6.45,43.45,0.92,13.74,-1.49,-10.00
39,7,-1.00,-1.00,-1.00,-1.00,0.2311,2.1,2.21,5.76,-24.64,2.89,29.61,1.53,-10.00
39,7,-1.00,-1.00,-1.00,-1.00,0.2018,1.9,2.09,5.20,-14.51,1.12,-29.32,3.09,-10.00
39,7,-1.00,-1.00,-1.00,-1.00,0.1941,2.0,2.23,5.71,1.91,1.12,-37.91,-1.50,-10.00
39,7,-1.00,-1.00,-1.00,-1.00,0.1875,1.9,2.03,5.10,-14.18,1.07,-32.07,-3.13,-10.00
39,7,-1.00,-1.00,-1.00,-1.00,0.1867,2.4,2.29,5.86,40.41,1.03,13.72,-1.48,-10.00
39,7,910.41,444.96,1025.24,534.47,0.1772,1.9,2.12,5.65,3.30,1.55,30.44,-1.57,-10.00
39,7,-1.00,-1.00,-1.00,-1.00,0.1756,2.1,2.31,5.91,-4.52,0.85,-42.79,1.60,-10.00
39,7,-1.00,-1.00,-1.00,-1.00,0.1638,1.9,2.11,5.38,-14.32,1.48,-24.13,3.11,-10.00
39,7,-1.00,-1.00,-1.00,-1.00,0.1617,2.0,2.15,5.49,-15.18,1.33,-21.67,3.09,-10.00
39,7,-1.00,-1.00,-1.00,-1.00,0.1375,3.4,2.79,7.65,43.10,1.75,20.97,0.03,-10.00
39,7,-1.00,-1.00,-1.00,-1.00,0.1289,1.9,2.12,5.29,-26.10,2.28,-0.40,0.41,-10.00
39,7,-1.00,-1.00,-1.00,-1.00,0.1241,1.9,2.06,5.33,-14.26,0.93,-34.82,-3.10,-10.00
39,7,926.98,460.43,1059.64,562.01,0.1218,1.8,1.95,5.47,3.23,1.80,25.35,1.58,-10.00
39,7,0.00,486.95,103.46,547.29,0.1126,1.9,2.05,5.24,-26.72,2.48,40.73,0.03,-10.00
39,7,-1.00,-1.00,-1.00,-1.00,0.1095,1.9,2.14,5.53,-13.95,1.84,4.37,0.00,-10.00
39,7,-1.00,-1.00,-1.00,-1.00,0.1051,1.9,2.21,5.56,-30.61,2.08,-4.90,1.50,-10.00
39,7,-1.00,-1.00,-1.00,-1.00,0.1026,1.9,2.17,5.45,-26.75,2.44,17.30,0.01,-10.00
