0,7,-1.00,-1.00,-1.00,-1.00,0.8332,3.0,2.80,8.56,-3.88,1.53,-11.87,1.48,-10.00
0,7,-1.00,-1.00,-1.00,-1.00,0.1671,2.3,2.10,5.47,25.32,2.52,28.08,0.36,-10.00
0,7,-1.00,-1.00,-1.00,-1.00,0.1269,2.3,2.31,5.59,31.00,2.90,22.53,3.11,-10.00
0,7,-1.00,-1.00,-1.00,-1.00,0.1156,2.9,2.80,6.80,17.15,2.49,-38.68,-1.57,-10.00
0,7,-1.00,-1.00,-1.00,-1.00,0.1124,2.2,2.14,5.84,-3.08,1.77,-34.14,-1.64,-10.00
1,7,-1.00,-1.00,-1.00,-1.00,0.9605,3.1,2.84,8.60,-3.87,1.41,-12.09,1.50,-10.00
1,7,0.00,407.07,486.76,573.14,0.1169,1.9,2.07,5.26,-7.10,0.98,16.13,3.12,-10.00
2,7,-1.00,-1.00,-1.00,-1.00,0.9675,3.0,2.86,8.58,-3.88,1.43,-12.01,1.50,-10.00
2,7,-1.00,-1.00,-1.00,-1.00,0.3852,1.9,2.00,4.94,44.71,2.23,29.68,-0.21,-10.00
2,7,550.89,418.15,653.91,487.18,0.1213,2.5,2.26,6.10,-8.45,-0.25,50.74,-1.42,-10.00
2,7,214.40,405.90,433.27,489.47,0.1118,3.0,2.47,7.21,-18.36,-0.13,47.52,-0.01,-10.00
3,7,-1.00,-1.00,-1.00,-1.00,0.9721,3.1,2.84,8.49,-3.90,1.41,-12.02,1.52,-10.00
3,7,-1.00,-1.00,-1.00,-1.00,0.6396,1.8,2.08,4.81,43.75,2.63,29.59,-0.12,-10.00
3,7,-1.00,-1.00,-1.00,-1.00,0.2018,2.0,1.99,5.34,-15.50,1.20,15.45,-0.14,-10.00
3,7,-1.00,-1.00,-1.00,-1.00,0.1547,2.0,1.99,5.24,-18.47,1.02,14.70,3.12,-10.00
3,7,-1.00,-1.00,-1.00,-1.00,0.1153,2.1,2.28,5.86,30.87,2.21,26.79,0.21,-10.00
3,7,-1.00,-1.00,-1.00,-1.00,0.1131,2.0,2.14,5.40,-20.84,1.18,-17.67,3.06,-10.00
3,7,-1.00,-1.00,-1.00,-1.00,0.1055,2.0,2.16,5.32,-2.87,1.83,-26.19,-3.03,-10.00
4,7,-1.00,-1.00,-1.00,-1.00,0.9694,3.1,2.84,8.44,-3.90,1.37,-11.96,1.51,-10.00
4,7,-1.00,-1.00,-1.00,-1.00,0.7842,1.8,1.93,4.88,-19.47,0.73,15.03,3.03,-10.00
4,7,-1.00,-1.00,-1.00,-1.00,0.3703,1.9,2.00,5.03,44.32,2.55,29.61,-0.13,-10.00
4,7,-1.00,-1.00,-1.00,-1.00,0.1161,2.5,2.27,5.77,7.33,2.24,-52.49,1.95,-10.00
5,7,-1.00,-1.00,-1.00,-1.00,0.9737,3.1,2.86,8.39,-3.92,1.42,-12.04,1.52,-10.00
5,7,-1.00,-1.00,-1.00,-1.00,0.2515,1.9,2.02,5.12,-24.24,0.85,14.42,3.02,-10.00
5,7,-1.00,-1.00,-1.00,-1.00,0.1081,2.2,2.17,5.76,36.74,2.58,26.07,0.11,-10.00
6,7,-1.00,-1.00,-1.00,-1.00,0.9622,2.9,2.84,8.28,-3.91,1.51,-11.72,1.53,-10.00
6,7,-1.00,-1.00,-1.00,-1.00,0.3830,1.9,2.07,4.81,43.69,2.53,29.55,-0.15,-10.00
6,7,-1.00,-1.00,-1.00,-1.00,0.2476,2.0,2.14,5.43,-28.78,0.88,14.03,3.00,-10.00
6,7,1545.63,499.78,1600.00,598.93,0.1075,2.2,2.12,5.03,20.24,2.39,30.02,0.49,-10.00
6,7,-1.00,-1.00,-1.00,-1.00,0.1050,2.9,2.42,6.53,-48.65,0.63,-12.00,3.10,-10.00
7,7,-1.00,-1.00,-1.00,-1.00,0.9607,3.0,2.85,8.42,-3.89,1.44,-11.61,1.51,-10.00
7,7,-1.00,-1.00,-1.00,-1.00,0.6259,1.9,2.02,4.86,44.10,2.40,29.55,-0.15,-10.00
7,7,-1.00,-1.00,-1.00,-1.00,0.2065,2.0,2.14,5.41,-33.28,0.78,13.61,3.08,-10.00
7,7,-1.00,-1.00,-1.00,-1.00,0.1942,1.9,1.89,4.95,6.57,1.98,-33.59,1.56,-10.00
7,7,-1.00,-1.00,-1.00,-1.00,0.1331,3.3,2.60,6.64,-49.07,1.29,-12.09,2.93,-10.00
7,7,193.02,408.33,425.69,492.50,0.1008,3.0,2.50,7.70,-18.91,-0.01,47.52,0.01,-10.00
8,7,-1.00,-1.00,-1.00,-1.00,0.9476,3.1,2.84,8.44,-3.95,1.46,-11.18,1.53,-10.00
8,7,-1.00,-1.00,-1.00,-1.00,0.2551,1.9,2.04,4.78,44.24,2.15,29.57,-0.15,-10.00
8,7,-1.00,-1.00,-1.00,-1.00,0.2156,1.8,1.84,4.92,6.34,1.94,-19.71,1.59,-10.00
8,7,-1.00,-1.00,-1.00,-1.00,0.1523,2.1,2.10,5.30,25.78,2.45,27.59,0.32,-10.00
8,7,211.16,405.97,437.11,491.20,0.1172,3.0,2.48,7.47,-18.36,-0.06,47.56,-0.03,-10.00
9,7,-1.00,-1.00,-1.00,-1.00,0.9699,3.1,2.83,8.33,-3.95,1.49,-10.84,1.52,-10.00
9,7,-1.00,-1.00,-1.00,-1.00,0.3441,1.9,2.05,4.75,44.26,2.19,29.57,-0.13,-10.00
9,7,-1.00,-1.00,-1.00,-1.00,0.1104,2.0,2.02,5.48,6.48,1.90,-40.06,1.59,-10.00
10,7,-1.00,-1.00,-1.00,-1.00,0.9636,3.1,2.83,8.46,-3.88,1.62,-10.54,1.49,-10.00
10,7,-1.00,-1.00,-1.00,-1.00,0.5323,1.9,2.12,4.80,43.81,2.55,29.58,-0.09,-10.00
10,7,-1.00,-1.00,-1.00,-1.00,0.1623,3.1,2.50,7.48,-46.60,-0.49,-7.24,-0.11,-10.00
10,7,-1.00,-1.00,-1.00,-1.00,0.1495,3.0,2.73,6.77,-48.02,1.80,12.46,-0.08,-10.00
10,7,-1.00,-1.00,-1.00,-1.00,0.1239,2.1,2.01,5.16,31.49,2.36,26.27,0.16,-10.00
11,7,-1.00,-1.00,-1.00,-1.00,0.9755,3.2,2.85,8.36,-3.93,1.56,-10.48,1.50,-10.00
11,7,-1.00,-1.00,-1.00,-1.00,0.3114,2.1,2.13,4.99,44.25,2.49,29.65,-0.12,-10.00
11,7,-1.00,-1.00,-1.00,-1.00,0.1296,2.2,2.25,5.82,-48.71,0.16,12.59,3.10,-10.00
11,7,-1.00,-1.00,-1.00,-1.00,0.1147,2.1,2.14,5.46,-7.20,2.00,-38.65,-1.56,-10.00
11,7,192.27,402.59,423.84,486.70,0.1125,3.0,2.50,7.65,-18.97,-0.23,47.56,-0.01,-10.00
12,7,-1.00,-1.00,-1.00,-1.00,0.9761,3.2,2.87,8.64,-3.97,1.68,-10.30,1.49,-10.00
12,7,-1.00,-1.00,-1.00,-1.00,0.1141,3.0,2.63,6.61,-9.19,1.75,-37.76,-1.57,-10.00
13,7,-1.00,-1.00,-1.00,-1.00,0.9762,3.1,2.88,8.62,-4.00,1.57,-9.80,1.50,-10.00
13,7,-1.00,-1.00,-1.00,-1.00,0.3495,2.0,2.18,5.04,43.71,2.62,29.60,-0.16,-10.00
13,7,-1.00,-1.00,-1.00,-1.00,0.1316,2.1,2.09,5.50,6.37,2.23,-34.78,1.58,-10.00
13,7,-1.00,-1.00,-1.00,-1.00,0.1002,2.2,2.13,5.84,-3.68,1.82,-26.79,1.53,-10.00
14,7,-1.00,-1.00,-1.00,-1.00,0.9837,3.1,2.85,8.33,-4.02,1.54,-9.75,1.52,-10.00
14,7,-1.00,-1.00,-1.00,-1.00,0.5686,1.8,2.06,4.78,43.64,2.51,29.54,-0.10,-10.00
14,7,-1.00,-1.00,-1.00,-1.00,0.1719,2.8,2.27,5.68,-8.84,1.82,-38.86,-1.60,-10.00
14,7,211.16,404.16,434.93,488.71,0.1154,3.0,2.47,7.39,-18.39,-0.16,47.54,-0.03,-10.00
15,7,-1.00,-1.00,-1.00,-1.00,0.9778,3.0,2.85,8.38,-4.05,1.51,-9.26,1.52,-10.00
15,7,-1.00,-1.00,-1.00,-1.00,0.5676,2.0,2.13,5.00,43.96,2.47,29.58,-0.16,-10.00
15,7,-1.00,-1.00,-1.00,-1.00,0.2530,2.9,2.37,6.43,6.10,2.41,-49.31,1.51,-10.00
15,7,212.44,405.66,434.78,491.35,0.1605,3.0,2.48,7.34,-18.39,-0.05,47.56,-0.00,-10.00
15,7,-1.00,-1.00,-1.00,-1.00,0.1152,2.1,2.10,5.69,0.35,1.71,-26.24,3.10,-10.00
15,7,-1.00,-1.00,-1.00,-1.00,0.1110,3.0,2.56,6.33,-9.36,1.71,-37.13,-1.61,-10.00
15,7,-1.00,-1.00,-1.00,-1.00,0.1004,3.4,2.49,7.01,7.56,2.92,-51.74,1.46,-10.00
16,7,-1.00,-1.00,-1.00,-1.00,0.9718,3.0,2.84,8.43,-4.07,1.50,-8.98,1.52,-10.00
16,7,-1.00,-1.00,-1.00,-1.00,0.6235,1.9,2.07,4.92,44.00,2.52,29.56,-0.17,-10.00
16,7,-1.00,-1.00,-1.00,-1.00,0.1484,2.9,2.45,6.22,-9.31,1.39,-37.45,-1.62,-10.00
16,7,-1.00,-1.00,-1.00,-1.00,0.1080,2.1,2.09,5.66,-1.57,1.45,-26.62,0.11,-10.00
17,7,-1.00,-1.00,-1.00,-1.00,0.9648,3.1,2.86,8.19,-4.17,1.48,-8.72,1.52,-10.00
17,7,-1.00,-1.00,-1.00,-1.00,0.5926,1.8,2.04,4.84,43.67,2.53,29.57,-0.10,-10.00
17,7,548.77,415.50,655.46,487.78,0.1388,2.6,2.32,6.35,-8.46,-0.22,50.75,-1.42,-10.00
18,7,-1.00,-1.00,-1.00,-1.00,0.9657,3.1,2.88,8.32,-4.18,1.48,-8.52,1.52,-10.00
18,7,-1.00,-1.00,-1.00,-1.00,0.5661,1.9,2.11,4.89,43.73,2.59,29.58,-0.13,-10.00
18,7,-1.00,-1.00,-1.00,-1.00,0.1766,2.2,2.27,6.11,-4.12,2.03,-47.48,-1.66,-10.00
18,7,-1.00,-1.00,-1.00,-1.00,0.1574,1.9,1.96,4.99,-19.95,0.97,15.10,3.13,-10.00
18,7,-1.00,-1.00,-1.00,-1.00,0.1146,2.7,2.44,7.05,-41.53,-0.32,0.13,-0.08,-10.00
19,7,-1.00,-1.00,-1.00,-1.00,0.9666,3.2,2.86,8.21,-4.22,1.43,-8.33,1.54,-10.00
19,7,-1.00,-1.00,-1.00,-1.00,0.5592,1.9,2.11,4.94,44.22,2.28,29.66,-0.16,-10.00
20,7,-1.00,-1.00,-1.00,-1.00,0.9616,3.2,2.84,8.35,-4.18,1.49,-7.96,1.54,-10.00
20,7,-1.00,-1.00,-1.00,-1.00,0.5514,2.0,2.21,4.97,43.70,2.69,29.59,-0.14,-10.00
20,7,188.57,406.04,431.11,493.56,0.1206,3.1,2.53,8.07,-18.89,0.03,47.53,0.03,-10.00
21,7,-1.00,-1.00,-1.00,-1.00,0.9719,3.2,2.88,8.45,-4.22,1.45,-7.65,1.52,-10.00
21,7,-1.00,-1.00,-1.00,-1.00,0.4377,2.0,2.09,4.97,44.49,2.23,29.70,-0.16,-10.00
21,7,-1.00,-1.00,-1.00,-1.00,0.1660,2.2,2.02,5.38,6.42,2.19,-52.15,1.56,-10.00
21,7,-1.00,-1.00,-1.00,-1.00,0.1368,2.3,2.22,5.52,-8.31,2.22,-51.37,-1.51,-10.00
21,7,-1.00,-1.00,-1.00,-1.00,0.1331,3.7,3.21,9.44,-46.77,0.66,-8.90,-0.13,-10.00
21,7,-1.00,-1.00,-1.00,-1.00,0.1169,3.1,2.58,7.20,-44.70,-0.47,28.08,0.05,-10.00
21,7,-1.00,-1.00,-1.00,-1.00,0.1099,2.1,2.03,5.22,-35.04,0.98,22.02,-0.07,-10.00
22,7,-1.00,-1.00,-1.00,-1.00,0.9688,3.1,2.88,8.25,-4.26,1.49,-7.47,1.54,-10.00
22,7,-1.00,-1.00,-1.00,-1.00,0.5769,1.8,2.07,4.82,43.75,2.47,29.60,-0.08,-10.00
22,7,-1.00,-1.00,-1.00,-1.00,0.2864,1.9,1.96,5.22,-6.69,1.82,-25.18,-1.69,-10.00
22,7,-1.00,-1.00,-1.00,-1.00,0.1985,2.4,2.36,5.99,6.17,2.56,-51.94,-1.43,-10.00
22,7,-1.00,-1.00,-1.00,-1.00,0.1493,2.1,2.07,5.28,-29.68,0.82,22.42,-0.07,-10.00
23,7,-1.00,-1.00,-1.00,-1.00,0.9803,3.3,2.88,8.44,-4.26,1.50,-7.19,1.55,-10.00
23,7,-1.00,-1.00,-1.00,-1.00,0.6235,1.8,2.10,4.85,43.79,2.58,29.59,-0.10,-10.00
23,7,-1.00,-1.00,-1.00,-1.00,0.1985,2.1,2.09,5.54,-0.05,1.80,-26.77,0.15,-10.00
23,7,-1.00,-1.00,-1.00,-1.00,0.1295,2.0,2.04,5.20,-27.67,0.80,22.28,0.00,-10.00
23,7,184.97,400.27,426.59,487.48,0.1099,3.0,2.51,7.98,-19.00,-0.21,47.50,-0.08,-10.00
23,7,-1.00,-1.00,-1.00,-1.00,0.1081,2.0,2.12,6.31,-2.54,1.56,-27.03,1.68,-10.00
24,7,-1.00,-1.00,-1.00,-1.00,0.9735,3.2,2.88,8.45,-4.31,1.43,-6.96,1.55,-10.00
24,7,-1.00,-1.00,-1.00,-1.00,0.6039,1.8,2.01,4.78,43.67,2.58,29.59,-0.10,-10.00
24,7,-1.00,-1.00,-1.00,-1.00,0.1445,3.0,2.77,11.56,-26.61,0.99,22.75,-0.00,-10.00
25,7,-1.00,-1.00,-1.00,-1.00,0.9726,3.2,2.89,8.58,-4.28,1.41,-6.60,1.55,-10.00
25,7,-1.00,-1.00,-1.00,-1.00,0.5313,1.9,2.10,4.86,43.60,2.63,29.53,-0.16,-10.00
25,7,-1.00,-1.00,-1.00,-1.00,0.3173,2.8,2.60,6.35,-9.96,1.81,-27.64,-1.67,-10.00
25,7,-1.00,-1.00,-1.00,-1.00,0.1290,2.1,2.02,5.11,-45.65,0.39,24.40,-0.05,-10.00
26,7,-1.00,-1.00,-1.00,-1.00,0.9673,3.2,2.88,8.65,-4.27,1.38,-6.44,1.54,-10.00
26,7,-1.00,-1.00,-1.00,-1.00,0.5402,2.2,2.28,5.43,-9.67,1.76,-28.00,-1.65,-10.00
26,7,-1.00,-1.00,-1.00,-1.00,0.5248,1.8,2.14,4.76,43.72,2.62,29.62,-0.09,-10.00
26,7,946.17,503.77,1002.96,559.95,0.1452,2.0,2.00,5.43,6.12,2.51,48.48,1.72,-10.00
26,7,-1.00,-1.00,-1.00,-1.00,0.1296,1.9,2.09,5.33,-41.22,0.84,16.78,3.08,-10.00
26,7,209.63,403.89,433.98,488.91,0.1099,3.0,2.48,7.40,-18.44,-0.15,47.55,-0.03,-10.00
27,7,-1.00,-1.00,-1.00,-1.00,0.9707,3.1,2.87,8.32,-4.28,1.40,-6.23,1.56,-10.00
27,7,-1.00,-1.00,-1.00,-1.00,0.5703,2.9,2.59,6.30,-9.91,1.79,-28.66,1.48,-10.00
27,7,-1.00,-1.00,-1.00,-1.00,0.4912,1.9,2.16,4.82,43.78,2.63,29.61,-0.08,-10.00
27,7,931.31,496.29,1033.66,582.23,0.1525,3.0,2.35,5.75,6.16,3.27,47.79,1.43,-10.00
27,7,199.26,407.45,424.81,488.96,0.1134,2.9,2.45,7.45,-18.81,-0.15,47.52,0.00,-10.00
28,7,-1.00,-1.00,-1.00,-1.00,0.9670,3.2,2.89,8.44,-4.31,1.40,-5.99,1.55,-10.00
28,7,-1.00,-1.00,-1.00,-1.00,0.6896,3.0,2.57,6.31,-10.03,1.70,-27.69,-1.63,-10.00
28,7,-1.00,-1.00,-1.00,-1.00,0.5140,1.9,2.14,4.84,43.66,2.61,29.58,-0.12,-10.00
29,7,-1.00,-1.00,-1.00,-1.00,0.9730,3.2,2.86,8.26,-4.26,1.42,-5.56,1.56,-10.00
29,7,-1.00,-1.00,-1.00,-1.00,0.7112,2.9,2.49,5.94,-9.89,1.71,-27.94,-1.65,-10.00
29,7,-1.00,-1.00,-1.00,-1.00,0.4732,1.9,2.13,4.83,43.70,2.57,29.58,-0.13,-10.00
29,7,-1.00,-1.00,-1.00,-1.00,0.1625,2.3,2.15,5.64,-7.64,2.06,-51.21,-1.72,-10.00
30,7,-1.00,-1.00,-1.00,-1.00,0.9654,3.1,2.87,8.54,-4.28,1.38,-5.47,1.55,-10.00
30,7,-1.00,-1.00,-1.00,-1.00,0.9445,2.8,2.54,6.32,-9.95,1.52,-27.45,-1.65,-10.00
30,7,-1.00,-1.00,-1.00,-1.00,0.5572,1.8,2.05,4.75,43.78,2.49,29.59,-0.09,-10.00
31,7,-1.00,-1.00,-1.00,-1.00,0.9663,2.9,2.57,6.16,-9.99,1.56,-27.37,-1.62,-10.00
31,7,-1.00,-1.00,-1.00,-1.00,0.9637,3.0,2.86,8.52,-4.25,1.40,-5.23,1.55,-10.00
31,7,-1.00,-1.00,-1.00,-1.00,0.5390,1.8,2.12,4.87,43.62,2.61,29.57,-0.11,-10.00
32,7,-1.00,-1.00,-1.00,-1.00,0.9685,2.8,2.53,6.30,-9.95,1.48,-27.56,-1.64,-10.00
32,7,-1.00,-1.00,-1.00,-1.00,0.9501,3.0,2.87,8.41,-4.28,1.38,-5.05,1.52,-10.00
32,7,-1.00,-1.00,-1.00,-1.00,0.5684,1.7,2.01,4.74,43.80,2.55,29.61,-0.08,-10.00
33,7,-1.00,-1.00,-1.00,-1.00,0.9686,2.8,2.45,6.38,-9.91,1.62,-27.38,-1.63,-10.00
33,7,-1.00,-1.00,-1.00,-1.00,0.9488,3.1,2.84,8.55,-4.27,1.38,-4.83,1.54,-10.00
33,7,-1.00,-1.00,-1.00,-1.00,0.5718,2.9,2.52,6.18,49.08,2.39,17.53,-3.12,-10.00
33,7,-1.00,-1.00,-1.00,-1.00,0.5516,1.8,2.07,4.77,43.80,2.58,29.58,-0.08,-10.00
34,7,-1.00,-1.00,-1.00,-1.00,0.9694,2.8,2.46,6.47,-9.96,1.63,-27.50,-1.63,-10.00
34,7,-1.00,-1.00,-1.00,-1.00,0.9442,3.1,2.82,8.60,-4.25,1.44,-4.59,1.55,-10.00
34,7,-1.00,-1.00,-1.00,-1.00,0.8962,2.9,2.64,6.86,45.65,2.47,17.49,-3.12,-10.00
34,7,-1.00,-1.00,-1.00,-1.00,0.5768,1.9,2.17,4.92,43.80,2.57,29.63,-0.12,-10.00
35,7,-1.00,-1.00,-1.00,-1.00,0.9621,2.8,2.45,6.44,-9.99,1.56,-27.43,-1.65,-10.00
35,7,-1.00,-1.00,-1.00,-1.00,0.9359,3.1,2.83,8.54,-4.31,1.40,-4.37,1.54,-10.00
35,7,-1.00,-1.00,-1.00,-1.00,0.8839,3.2,2.76,7.00,42.34,2.69,17.23,-3.12,-10.00
35,7,-1.00,-1.00,-1.00,-1.00,0.6530,1.8,2.01,4.75,43.74,2.56,29.61,-0.10,-10.00
35,7,884.16,487.39,1000.01,570.87,0.1011,2.0,2.03,5.26,3.11,1.91,32.47,1.49,-10.00
36,7,-1.00,-1.00,-1.00,-1.00,0.9742,2.8,2.49,6.48,-9.99,1.60,-27.45,-1.64,-10.00
36,7,-1.00,-1.00,-1.00,-1.00,0.9328,3.1,2.86,8.72,-4.28,1.42,-4.03,1.55,-10.00
36,7,-1.00,-1.00,-1.00,-1.00,0.8278,2.8,2.64,7.29,39.35,2.62,17.25,-3.13,-10.00
36,7,-1.00,-1.00,-1.00,-1.00,0.6053,1.8,2.11,4.86,43.78,2.57,29.62,-0.10,-10.00
37,7,-1.00,-1.00,-1.00,-1.00,0.9707,2.8,2.44,6.45,-9.98,1.58,-27.44,-1.64,-10.00
37,7,-1.00,-1.00,-1.00,-1.00,0.9466,3.0,2.88,8.41,-4.38,1.31,-3.76,1.56,-10.00
37,7,-1.00,-1.00,-1.00,-1.00,0.8865,3.0,2.68,7.20,36.07,2.74,17.18,-3.13,-10.00
37,7,-1.00,-1.00,-1.00,-1.00,0.5471,1.9,2.11,4.85,43.70,2.66,29.59,-0.09,-10.00
37,7,876.89,481.76,953.28,554.16,0.1947,2.0,1.89,5.04,2.86,1.78,37.61,1.58,-10.00
37,7,293.92,462.76,592.96,597.71,0.1216,2.3,2.22,5.42,-7.15,1.91,24.92,2.18,-10.00
38,7,-1.00,-1.00,-1.00,-1.00,0.9691,2.8,2.47,6.52,-10.01,1.61,-27.67,-1.63,-10.00
38,7,-1.00,-1.00,-1.00,-1.00,0.9296,3.0,2.84,8.40,-4.39,1.33,-3.58,1.56,-10.00
38,7,-1.00,-1.00,-1.00,-1.00,0.7645,3.1,2.75,7.44,33.59,2.59,17.14,-3.11,-10.00
38,7,-1.00,-1.00,-1.00,-1.00,0.5040,1.9,2.21,4.92,43.66,2.64,29.61,-0.10,-10.00
38,7,883.54,479.78,964.40,553.40,0.2401,1.9,1.90,5.06,2.97,1.67,35.85,1.58,-10.00
38,7,925.17,478.14,1086.32,584.68,0.1850,1.9,2.04,5.44,3.62,1.71,25.30,1.50,-10.00
38,7,-1.00,-1.00,-1.00,-1.00,0.1685,1.8,2.15,5.40,43.87,3.00,0.88,0.29,-10.00
39,7,-1.00,-1.00,-1.00,-1.00,0.9528,2.8,2.45,6.45,-10.05,1.60,-27.62,-1.61,-10.00
39,7,-1.00,-1.00,-1.00,-1.00,0.9128,3.0,2.84,8.17,-4.40,1.39,-3.37,1.54,-10.00
39,7,-1.00,-1.00,-1.00,-1.00,0.8793,3.0,2.67,7.09,31.36,2.12,16.85,-3.13,-10.00
39,7,-1.00,-1.00,-1.00,-1.00,0.4979,1.9,2.13,4.93,43.62,2.57,29.56,-0.13,-10.00
39,7,953.82,472.38,1183.02,603.77,0.2151,2.0,2.13,5.74,4.10,1.73,21.82,1.44,-10.00
39,7,883.81,487.24,989.41,566.64,0.1656,1.9,1.93,5.15,3.06,1.86,33.24,1.50,-10.00
39,7,-1.00,-1.00,-1.00,-1.00,0.1229,2.1,2.05,5.64,0.25,1.77,-26.69,3.13,-10.00
