0,7,-1.00,-1.00,-1.00,-1.00,0.3725,4.5,3.07,11.14,-23.84,-0.93,-30.87,1.60,-10.00
0,7,-1.00,-1.00,-1.00,-1.00,0.2169,3.4,2.93,8.57,-28.07,-1.11,-26.84,0.08,-10.00
0,7,-1.00,-1.00,-1.00,-1.00,0.1689,1.9,2.11,5.40,-37.59,2.33,7.88,0.58,-10.00
0,7,858.95,501.83,936.64,562.80,0.1665,2.1,1.96,5.05,2.88,2.49,45.93,-1.68,-10.00
0,7,-1.00,-1.00,-1.00,-1.00,0.1569,2.0,2.17,5.24,-24.33,2.35,9.59,-0.00,-10.00
0,7,-1.00,-1.00,-1.00,-1.00,0.1526,2.1,2.21,5.69,-29.39,1.28,-0.61,1.39,-10.00
0,7,-1.00,-1.00,-1.00,-1.00,0.1402,1.9,2.04,5.39,3.68,2.31,-31.97,1.52,-10.00
0,7,-1.00,-1.00,-1.00,-1.00,0.1371,2.0,2.02,5.29,-29.53,1.57,5.56,2.96,-10.00
0,7,-1.00,-1.00,-1.00,-1.00,0.1196,1.9,2.04,5.11,-27.86,1.46,3.90,1.52,-10.00
0,7,-1.00,-1.00,-1.00,-1.00,0.1130,3.8,3.24,10.21,-40.34,2.20,20.77,-3.03,-10.00
0,7,-1.00,-1.00,-1.00,-1.00,0.1107,2.2,2.19,5.52,-35.43,3.27,23.45,-1.50,-10.00
1,7,-1.00,-1.00,-1.00,-1.00,0.2463,2.0,2.12,5.21,-41.30,3.06,4.46,1.58,-10.00
1,7,-1.00,-1.00,-1.00,-1.00,0.2300,2.7,2.56,7.69,-35.74,2.44,-4.08,-1.59,-10.00
1,7,-1.00,-1.00,-1.00,-1.00,0.2161,2.0,2.05,5.35,3.69,2.46,-36.41,1.54,-10.00
1,7,-1.00,-1.00,-1.00,-1.00,0.2043,2.0,2.20,5.16,-22.42,2.15,-0.53,-2.90,-10.00
1,7,-1.00,-1.00,-1.00,-1.00,0.1711,2.0,2.05,5.11,-13.98,1.25,-9.45,0.67,-10.00
1,7,867.84,491.84,954.50,560.36,0.1683,2.1,2.20,5.75,3.10,2.21,42.60,1.52,-10.00
1,7,-1.00,-1.00,-1.00,-1.00,0.1289,3.7,2.95,10.49,-27.51,-0.91,-30.89,0.09,-10.00
1,7,-1.00,-1.00,-1.00,-1.00,0.1216,3.3,2.76,7.48,-37.00,2.59,3.21,0.23,-10.00
1,7,-1.00,-1.00,-1.00,-1.00,0.1126,2.7,2.40,6.37,-51.78,2.28,-9.76,-0.19,-10.00
1,7,-1.00,-1.00,-1.00,-1.00,0.1065,2.3,2.19,5.90,-51.73,2.46,10.69,-2.85,-10.00
2,7,881.02,487.18,970.68,571.90,0.7183,2.3,2.16,5.37,3.15,2.25,37.45,1.57,-10.00
2,7,-1.00,-1.00,-1.00,-1.00,0.2153,1.9,2.01,5.39,-47.02,2.21,-27.65,0.01,-10.00
2,7,-1.00,-1.00,-1.00,-1.00,0.1876,2.3,2.28,5.42,-42.70,1.97,-21.34,0.11,-10.00
2,7,-1.00,-1.00,-1.00,-1.00,0.1771,3.8,3.02,12.07,-27.96,-1.65,-35.57,0.01,-10.00
2,7,-1.00,-1.00,-1.00,-1.00,0.1557,1.9,1.97,4.99,-43.85,1.60,-14.05,1.53,-10.00
2,7,-1.00,-1.00,-1.00,-1.00,0.1378,2.3,2.25,5.99,-51.85,1.92,-12.93,-0.30,-10.00
2,7,-1.00,-1.00,-1.00,-1.00,0.1369,1.9,2.08,4.91,-13.79,1.33,-14.11,-2.50,-10.00
2,7,-1.00,-1.00,-1.00,-1.00,0.1335,2.2,2.16,5.84,-35.28,1.75,-12.47,1.59,-10.00
2,7,-1.00,-1.00,-1.00,-1.00,0.1324,2.0,2.20,5.49,-45.31,2.18,-29.55,1.62,-10.00
2,7,-1.00,-1.00,-1.00,-1.00,0.1300,2.3,2.19,5.58,-32.79,1.70,-1.56,3.12,-10.00
2,7,-1.00,-1.00,-1.00,-1.00,0.1214,2.1,2.03,5.28,-46.63,1.70,-12.79,-3.11,-10.00
2,7,-1.00,-1.00,-1.00,-1.00,0.1135,2.2,2.16,5.49,-37.65,2.28,-0.09,-2.59,-10.00
2,7,-1.00,-1.00,-1.00,-1.00,0.1006,3.3,2.70,7.62,-44.14,2.71,5.78,-1.47,-10.00
3,7,890.14,477.29,1018.23,574.51,0.8612,2.3,2.16,5.87,3.41,2.00,32.63,1.48,-10.00
3,7,-1.00,-1.00,-1.00,-1.00,0.1840,1.9,2.01,5.31,2.77,3.16,-45.98,1.62,-10.00
3,7,-1.00,-1.00,-1.00,-1.00,0.1750,2.0,1.94,5.21,-35.79,1.26,-16.47,0.06,-10.00
3,7,-1.00,-1.00,-1.00,-1.00,0.1685,2.8,2.38,6.52,-22.87,-1.86,-40.54,0.08,-10.00
3,7,-1.00,-1.00,-1.00,-1.00,0.1604,2.0,2.06,5.16,-13.99,1.03,-19.40,-2.49,-10.00
3,7,-1.00,-1.00,-1.00,-1.00,0.1343,2.0,2.13,5.45,-28.08,1.24,-22.83,-1.56,-10.00
3,7,-1.00,-1.00,-1.00,-1.00,0.1277,2.2,2.16,5.62,-36.15,1.52,-24.47,0.08,-10.00
3,7,-1.00,-1.00,-1.00,-1.00,0.1261,2.2,2.19,5.46,-28.22,1.68,-26.98,-1.54,-10.00
3,7,-1.00,-1.00,-1.00,-1.00,0.1218,2.0,2.09,5.47,-35.62,1.87,-33.31,0.08,-10.00
3,7,-1.00,-1.00,-1.00,-1.00,0.1211,2.2,2.25,5.49,-40.63,2.02,-39.18,0.02,-10.00
3,7,-1.00,-1.00,-1.00,-1.00,0.1138,3.0,2.35,5.77,-44.88,1.88,-25.52,0.07,-10.00
3,7,-1.00,-1.00,-1.00,-1.00,0.1110,2.2,2.22,5.08,-28.70,0.32,-15.69,-0.04,-10.00
3,7,-1.00,-1.00,-1.00,-1.00,0.1080,2.3,2.43,5.85,-34.90,1.48,-13.46,-1.57,-10.00
4,7,931.96,473.89,1077.03,591.53,0.8774,2.3,2.08,5.70,3.96,2.01,27.68,1.53,-10.00
4,7,-1.00,-1.00,-1.00,-1.00,0.6969,2.3,2.23,5.72,-12.34,1.53,-20.65,-2.46,-10.00
4,7,-1.00,-1.00,-1.00,-1.00,0.2311,2.1,2.18,5.04,1.66,3.46,-50.79,1.64,-10.00
4,7,-1.00,-1.00,-1.00,-1.00,0.1653,2.1,2.13,5.46,-25.74,1.61,-29.76,-0.06,-10.00
4,7,-1.00,-1.00,-1.00,-1.00,0.1642,2.7,2.46,6.75,-12.94,1.59,-24.04,2.24,-10.00
4,7,-1.00,-1.00,-1.00,-1.00,0.1376,2.3,2.24,5.50,-44.69,1.40,-30.89,1.52,-10.00
4,7,-1.00,-1.00,-1.00,-1.00,0.1222,2.0,2.02,5.21,-45.47,1.31,-28.51,-3.10,-10.00
4,7,-1.00,-1.00,-1.00,-1.00,0.1173,3.7,2.91,9.98,-30.23,-2.09,-44.77,0.12,-10.00
5,7,975.51,463.09,1156.38,600.72,0.8291,2.1,2.02,5.45,4.27,1.76,22.62,1.54,-10.00
5,7,239.80,371.00,439.30,507.26,0.1848,3.7,2.99,8.17,-14.39,0.45,39.10,1.58,-10.00
5,7,-1.00,-1.00,-1.00,-1.00,0.1297,2.5,2.29,5.62,-24.69,0.07,-21.13,-3.11,-10.00
5,7,-1.00,-1.00,-1.00,-1.00,0.1254,1.9,2.01,5.06,10.94,1.85,7.00,-1.48,-10.00
5,7,-1.00,-1.00,-1.00,-1.00,0.1231,2.1,2.20,5.28,-42.79,2.67,-48.63,1.73,-10.00
6,7,1031.24,422.96,1300.14,640.78,0.9432,2.6,2.17,5.32,4.59,1.81,17.64,1.55,-10.00
7,7,1123.56,397.84,1510.20,699.38,0.9098,2.4,2.08,5.08,4.66,1.71,12.80,1.61,-10.00
7,7,-1.00,-1.00,-1.00,-1.00,0.1230,2.0,2.13,5.34,-22.42,1.69,-40.40,0.04,-10.00
8,7,1265.32,301.45,1600.00,868.81,0.9305,2.4,2.03,5.08,4.68,1.65,7.99,1.60,-10.00
8,7,-1.00,-1.00,-1.00,-1.00,0.1120,2.0,2.07,5.41,10.89,1.92,-7.93,-1.51,-10.00
9,7,-1.00,-1.00,-1.00,-1.00,0.8950,2.4,1.99,5.02,4.64,1.74,3.16,1.62,-10.00
9,7,513.76,464.85,680.73,526.17,0.2036,2.2,2.25,5.60,-7.93,1.23,46.20,0.07,-10.00
9,7,227.47,444.14,444.36,517.97,0.1632,1.9,2.03,5.19,-13.09,0.70,34.67,-3.00,-10.00
9,7,-1.00,-1.00,-1.00,-1.00,0.1190,3.4,2.79,8.95,-43.44,-2.35,-37.46,-0.27,-10.00
10,7,-1.00,-1.00,-1.00,-1.00,0.9131,2.5,2.10,5.00,4.64,1.77,-1.72,1.56,-10.00
10,7,-1.00,-1.00,-1.00,-1.00,0.1792,3.0,2.41,6.37,-30.00,-1.55,-38.42,0.98,-10.00
11,7,-1.00,-1.00,-1.00,-1.00,0.9198,2.4,2.08,5.31,4.57,1.76,-6.39,1.62,-10.00
11,7,-1.00,-1.00,-1.00,-1.00,0.3339,3.3,2.80,7.84,-17.22,1.51,-0.29,-0.00,-10.00
11,7,-1.00,-1.00,-1.00,-1.00,0.1021,3.4,2.77,7.29,-28.13,-1.45,-45.94,-2.15,-10.00
12,7,-1.00,-1.00,-1.00,-1.00,0.9395,2.1,2.00,5.01,4.52,1.78,-10.74,1.63,-10.00
12,7,847.69,463.24,915.63,522.68,0.2117,2.0,1.97,5.37,2.33,1.12,46.53,1.53,-10.00
13,7,-1.00,-1.00,-1.00,-1.00,0.9436,2.1,1.93,4.87,4.50,1.80,-15.00,1.58,-10.00
13,7,1342.41,334.14,1600.00,498.89,0.1752,3.4,2.85,8.49,16.32,0.12,31.33,-1.60,-10.00
13,7,-1.00,-1.00,-1.00,-1.00,0.1336,1.9,1.92,5.39,6.87,2.52,-41.07,-1.56,-10.00
14,7,-1.00,-1.00,-1.00,-1.00,0.8712,2.0,1.93,5.01,4.37,1.75,-18.94,1.61,-10.00
14,7,1401.55,367.07,1600.00,515.15,0.1498,2.9,2.54,6.59,16.00,0.52,28.56,1.57,-10.00
15,7,-1.00,-1.00,-1.00,-1.00,0.7219,2.0,2.11,5.71,4.34,1.90,-23.20,1.61,-10.00
15,7,-1.00,-1.00,-1.00,-1.00,0.1836,2.0,2.12,5.32,-21.89,0.75,20.79,3.12,-10.00
15,7,1450.79,328.06,1600.00,540.11,0.1241,3.5,2.82,7.64,15.97,0.87,24.89,-1.63,-10.00
16,7,-1.00,-1.00,-1.00,-1.00,0.8670,2.0,1.92,4.93,4.37,1.83,-26.88,1.59,-10.00
16,7,-1.00,-1.00,-1.00,-1.00,0.1655,3.6,2.94,9.21,16.14,0.65,18.61,-1.62,-10.00
16,7,1041.81,463.58,1237.52,536.60,0.1188,2.0,2.02,5.17,9.32,1.28,36.81,-3.14,-10.00
17,7,-1.00,-1.00,-1.00,-1.00,0.9352,1.9,1.90,5.22,4.35,1.93,-30.60,1.58,-10.00
17,7,-1.00,-1.00,-1.00,-1.00,0.1281,3.4,3.00,8.07,-41.91,0.26,11.97,0.05,-10.00
17,7,70.16,495.64,214.70,567.58,0.1122,2.7,2.44,6.36,-26.68,2.87,50.05,0.62,-10.00
18,7,-1.00,-1.00,-1.00,-1.00,0.9428,1.9,1.89,5.15,4.38,1.98,-34.75,1.58,-10.00
18,7,1203.52,435.99,1351.37,542.21,0.1253,3.1,2.58,6.78,14.73,1.56,41.00,-1.53,-10.00
18,7,-1.00,-1.00,-1.00,-1.00,0.1154,3.8,3.06,9.96,-41.91,0.57,7.98,-0.00,-10.00
18,7,1279.76,319.73,1600.00,527.97,0.1065,3.0,2.56,7.03,10.74,0.58,21.80,-1.64,-10.00
18,7,-1.00,-1.00,-1.00,-1.00,0.1054,4.0,3.17,14.17,-46.59,0.15,-0.09,0.01,-10.00
19,7,-1.00,-1.00,-1.00,-1.00,0.9134,1.9,1.95,5.16,4.13,2.32,-39.66,1.64,-10.00
19,7,-1.00,-1.00,-1.00,-1.00,0.1259,3.4,2.50,5.72,-39.90,0.66,2.96,-1.51,-10.00
19,7,-1.00,-1.00,-1.00,-1.00,0.1256,2.1,2.20,5.40,39.95,4.68,9.53,-1.12,-10.00
19,7,-1.00,-1.00,-1.00,-1.00,0.1158,2.9,2.57,5.64,45.06,3.31,11.43,-0.01,-10.00
20,7,-1.00,-1.00,-1.00,-1.00,0.1833,3.0,2.56,6.08,-41.83,0.50,-1.13,-3.02,-10.00
20,7,-1.00,-1.00,-1.00,-1.00,0.1389,2.1,2.05,5.28,3.83,2.07,-44.80,1.69,-10.00
20,7,-1.00,-1.00,-1.00,-1.00,0.1243,2.1,2.22,5.28,43.69,4.48,7.12,1.70,-10.00
20,7,-1.00,-1.00,-1.00,-1.00,0.1020,1.9,2.12,5.17,-21.05,1.57,-16.10,-3.08,-10.00
21,7,-1.00,-1.00,-1.00,-1.00,0.5241,2.1,2.14,5.69,3.55,1.83,-48.97,1.62,-10.00
21,7,1334.53,358.77,1600.00,563.34,0.1582,3.1,2.43,6.04,11.58,1.15,22.45,-1.55,-10.00
21,7,-1.00,-1.00,-1.00,-1.00,0.1549,2.0,2.03,5.23,2.30,2.03,-46.71,-3.04,-10.00
21,7,-1.00,-1.00,-1.00,-1.00,0.1360,1.9,2.01,4.84,-21.41,1.54,-20.13,-3.02,-10.00
21,7,-1.00,-1.00,-1.00,-1.00,0.1302,2.1,2.23,5.71,-41.58,-0.20,-23.79,1.62,-10.00
21,7,589.42,443.34,700.24,518.36,0.1075,2.0,2.18,5.39,-5.18,0.78,37.58,-1.91,-10.00
22,7,-1.00,-1.00,-1.00,-1.00,0.2061,2.2,1.99,5.19,3.33,2.50,-52.13,-1.41,-10.00
22,7,1470.48,377.58,1600.00,585.35,0.1245,3.2,2.75,8.44,15.51,1.52,23.89,-1.46,-10.00
22,7,-1.00,-1.00,-1.00,-1.00,0.1149,2.1,2.20,5.55,-41.58,0.03,-27.38,1.58,-10.00
22,7,-1.00,-1.00,-1.00,-1.00,0.1035,3.2,2.66,6.33,-41.73,0.33,-9.09,-3.03,-10.00
22,7,-1.00,-1.00,-1.00,-1.00,0.1012,2.1,2.29,5.89,45.93,2.55,-7.66,1.76,-10.00
23,7,-1.00,-1.00,-1.00,-1.00,0.2330,1.9,2.11,5.33,-19.71,1.97,-29.01,3.09,-10.00
23,7,-1.00,-1.00,-1.00,-1.00,0.2309,3.3,2.71,6.32,-41.99,0.20,-13.29,-3.03,-10.00
23,7,-1.00,-1.00,-1.00,-1.00,0.1941,2.1,1.97,5.36,1.20,2.38,-52.08,1.51,-10.00
23,7,-1.00,-1.00,-1.00,-1.00,0.1796,2.4,2.05,5.27,-14.37,1.24,-25.41,0.07,-10.00
23,7,-1.00,-1.00,-1.00,-1.00,0.1217,3.0,2.43,5.80,-13.14,1.59,-42.19,-1.60,-10.00
23,7,-1.00,-1.00,-1.00,-1.00,0.1112,2.1,2.18,5.85,6.34,2.97,-49.42,-1.52,-10.00
23,7,910.21,410.91,985.58,496.03,0.1072,3.1,2.57,6.40,5.13,0.12,50.24,-1.53,-10.00
23,7,-1.00,-1.00,-1.00,-1.00,0.1054,2.4,2.31,5.46,33.34,0.92,-12.26,-3.13,-10.00
24,7,-1.00,-1.00,-1.00,-1.00,0.4386,3.1,2.54,6.34,-41.85,-0.33,-17.59,-3.03,-10.00
25,7,333.42,423.35,514.28,500.49,0.3555,2.8,2.44,6.29,-15.14,0.31,49.20,3.07,-10.00
25,7,-1.00,-1.00,-1.00,-1.00,0.3058,3.4,2.67,6.45,-42.22,0.22,-21.94,-3.02,-10.00
25,7,-1.00,-1.00,-1.00,-1.00,0.2546,2.6,2.28,5.40,-14.05,1.10,-33.64,0.03,-10.00
25,7,221.36,419.57,401.07,496.57,0.1112,2.8,2.47,5.91,-19.39,0.16,48.85,3.13,-10.00
25,7,410.86,393.49,690.27,499.81,0.1014,4.0,3.08,10.33,-10.34,0.28,50.02,-3.11,-10.00
26,7,219.43,398.03,455.64,498.51,0.6038,3.4,2.90,7.37,-17.02,0.21,45.47,3.07,-10.00
26,7,-1.00,-1.00,-1.00,-1.00,0.3708,2.9,2.36,5.49,-42.17,-0.37,-25.84,-3.08,-10.00
26,7,-1.00,-1.00,-1.00,-1.00,0.3189,2.0,2.19,5.49,19.52,0.86,2.66,0.06,-10.00
26,7,114.99,426.89,310.85,499.39,0.1868,2.4,2.30,5.79,-21.27,0.24,44.85,3.09,-10.00
27,7,39.03,396.83,387.72,517.59,0.6678,3.7,3.15,9.82,-19.52,0.82,41.54,3.09,-10.00
27,7,-1.00,-1.00,-1.00,-1.00,0.3074,3.0,2.50,5.79,-41.76,-0.59,-29.72,0.04,-10.00
27,7,0.00,416.84,176.61,504.08,0.1801,2.7,2.33,5.55,-24.12,0.38,41.04,3.10,-10.00
27,7,-1.00,-1.00,-1.00,-1.00,0.1674,2.1,2.02,5.19,-13.42,1.31,-41.33,0.05,-10.00
28,7,0.00,392.06,188.24,509.07,0.8748,3.3,2.78,7.21,-22.92,0.49,37.49,3.11,-10.00
28,7,-1.00,-1.00,-1.00,-1.00,0.2666,2.6,2.39,5.86,-41.41,-0.44,-33.62,0.11,-10.00
28,7,0.00,417.23,23.41,492.53,0.1638,2.1,2.20,5.41,-26.89,-0.01,37.52,-3.12,-10.00
29,7,0.00,373.87,46.81,511.86,0.8770,3.5,2.97,7.94,-25.57,0.52,33.96,3.11,-10.00
29,7,674.78,417.81,751.42,519.86,0.7003,3.6,2.70,8.93,-4.00,1.09,49.74,1.50,-10.00
29,7,-1.00,-1.00,-1.00,-1.00,0.4724,2.6,2.39,5.69,-41.77,-0.50,-37.54,-3.02,-10.00
29,7,-1.00,-1.00,-1.00,-1.00,0.2176,2.2,2.16,5.05,-29.89,0.22,33.79,-3.08,-10.00
29,7,-1.00,-1.00,-1.00,-1.00,0.1389,2.6,2.32,6.15,10.99,-0.42,-36.64,-1.66,-10.00
29,7,-1.00,-1.00,-1.00,-1.00,0.1125,2.2,2.29,5.81,16.73,1.84,-9.52,3.14,-10.00
30,7,670.64,407.54,753.74,513.30,0.9180,3.5,2.75,9.66,-4.00,0.80,47.30,1.47,-10.00
30,7,-1.00,-1.00,-1.00,-1.00,0.8939,3.5,3.00,8.40,-28.55,0.36,31.25,3.12,-10.00
30,7,-1.00,-1.00,-1.00,-1.00,0.5761,2.6,2.43,5.89,-41.82,-0.07,-40.19,-3.04,-10.00
30,7,-1.00,-1.00,-1.00,-1.00,0.1557,2.9,2.68,6.68,-33.35,0.38,31.59,-3.09,-10.00
30,7,-1.00,-1.00,-1.00,-1.00,0.1534,3.0,2.66,7.09,-13.48,2.10,-52.36,1.57,-10.00
30,7,-1.00,-1.00,-1.00,-1.00,0.1184,2.0,2.20,5.48,14.98,2.14,2.81,-1.71,-10.00
30,7,-1.00,-1.00,-1.00,-1.00,0.1089,4.1,3.26,14.47,10.51,2.02,-19.69,-1.59,-10.00
30,7,-1.00,-1.00,-1.00,-1.00,0.1066,3.6,2.75,7.77,15.67,1.73,-34.42,-1.62,-10.00
31,7,663.33,411.51,754.73,532.21,0.9147,3.7,2.77,9.63,-3.68,1.33,43.79,1.49,-10.00
31,7,-1.00,-1.00,-1.00,-1.00,0.8684,3.6,2.98,8.18,-31.16,0.61,28.30,-3.14,-10.00
31,7,-1.00,-1.00,-1.00,-1.00,0.2136,2.1,2.16,5.11,-35.15,0.12,28.20,-3.08,-10.00
31,7,-1.00,-1.00,-1.00,-1.00,0.1526,2.1,1.98,5.42,-4.36,2.28,-50.62,1.57,-10.00
31,7,-1.00,-1.00,-1.00,-1.00,0.1364,4.1,3.49,17.08,10.41,1.81,-14.57,1.54,-10.00
31,7,-1.00,-1.00,-1.00,-1.00,0.1334,3.4,2.82,8.10,28.84,0.65,0.14,1.56,-10.00
31,7,-1.00,-1.00,-1.00,-1.00,0.1172,2.7,2.60,6.40,-41.78,0.42,-43.29,-3.04,-10.00
32,7,658.15,401.33,751.00,525.22,0.9509,3.5,2.58,7.39,-3.42,1.01,39.39,1.50,-10.00
32,7,-1.00,-1.00,-1.00,-1.00,0.8755,3.7,3.02,7.94,-34.26,0.33,24.89,-3.11,-10.00
32,7,-1.00,-1.00,-1.00,-1.00,0.1928,3.0,2.52,6.07,-39.02,-0.17,24.89,-3.12,-10.00
32,7,-1.00,-1.00,-1.00,-1.00,0.1728,2.3,2.29,5.37,-42.14,-0.16,-46.72,0.08,-10.00
32,7,-1.00,-1.00,-1.00,-1.00,0.1360,2.4,2.59,6.19,12.57,1.50,5.96,0.02,-10.00
32,7,-1.00,-1.00,-1.00,-1.00,0.1323,3.6,2.98,8.67,28.56,1.18,1.06,-1.58,-10.00
33,7,643.45,399.16,754.49,533.05,0.9483,3.3,2.74,8.92,-3.17,1.11,36.12,1.52,-10.00
33,7,-1.00,-1.00,-1.00,-1.00,0.7985,3.8,3.04,8.41,-38.25,0.25,21.44,-3.14,-10.00
33,7,-1.00,-1.00,-1.00,-1.00,0.1983,2.5,2.41,5.84,-42.53,-0.40,-50.21,-3.04,-10.00
33,7,-1.00,-1.00,-1.00,-1.00,0.1865,2.0,2.10,5.37,2.81,2.48,-41.07,1.58,-10.00
33,7,-1.00,-1.00,-1.00,-1.00,0.1846,2.3,2.28,5.43,10.07,-0.51,-47.71,3.08,-10.00
33,7,-1.00,-1.00,-1.00,-1.00,0.1400,3.0,2.45,6.45,14.81,1.64,-46.28,-1.59,-10.00
33,7,-1.00,-1.00,-1.00,-1.00,0.1319,2.4,2.50,5.85,28.08,1.75,-17.95,-3.13,-10.00
33,7,-1.00,-1.00,-1.00,-1.00,0.1313,2.1,2.18,5.61,22.11,2.08,1.79,3.13,-10.00
33,7,-1.00,-1.00,-1.00,-1.00,0.1305,2.4,2.53,5.86,27.60,2.07,-20.24,-3.14,-10.00
33,7,-1.00,-1.00,-1.00,-1.00,0.1008,2.6,2.30,6.03,9.99,1.39,-34.89,1.58,-10.00
34,7,657.40,386.85,782.77,535.88,0.9292,3.3,2.73,8.83,-2.31,1.05,32.27,1.53,-10.00
34,7,-1.00,-1.00,-1.00,-1.00,0.6832,2.3,2.07,5.26,8.81,-0.27,-48.90,1.56,-10.00
34,7,-1.00,-1.00,-1.00,-1.00,0.6493,3.7,3.08,7.96,-41.45,-0.09,18.93,-3.09,-10.00
34,7,-1.00,-1.00,-1.00,-1.00,0.1231,2.0,2.08,5.20,13.57,2.14,-44.58,0.06,-10.00
34,7,-1.00,-1.00,-1.00,-1.00,0.1061,2.1,2.33,5.45,23.74,1.26,-22.64,1.53,-10.00
35,7,743.28,378.68,886.41,558.77,0.9530,3.5,2.74,9.13,0.08,1.37,29.04,1.59,-10.00
35,7,-1.00,-1.00,-1.00,-1.00,0.5176,3.8,3.29,9.45,-43.19,0.03,18.85,-3.12,-10.00
35,7,666.43,444.70,751.28,525.28,0.1447,2.3,2.23,5.84,-3.24,1.02,39.38,-1.59,-10.00
35,7,-1.00,-1.00,-1.00,-1.00,0.1043,2.0,2.01,5.32,-1.88,2.28,-51.93,1.63,-10.00
35,7,-1.00,-1.00,-1.00,-1.00,0.1021,1.8,2.03,5.18,-45.38,2.49,-0.75,-0.01,-10.00
36,7,896.12,339.72,1062.05,561.72,0.9069,3.7,2.76,9.71,3.44,1.26,26.13,1.72,-10.00
36,7,-1.00,-1.00,-1.00,-1.00,0.2987,3.7,3.21,8.65,-44.49,0.54,21.69,-2.87,-10.00
36,7,-1.00,-1.00,-1.00,-1.00,0.1356,2.3,2.26,5.90,13.26,1.62,-19.79,-2.26,-10.00
36,7,-1.00,-1.00,-1.00,-1.00,0.1281,2.4,2.38,5.61,16.19,1.77,-36.18,-2.95,-10.00
36,7,-1.00,-1.00,-1.00,-1.00,0.1155,3.5,3.01,7.54,-49.06,0.18,27.27,-2.75,-10.00
36,7,-1.00,-1.00,-1.00,-1.00,0.1004,2.5,2.35,6.10,3.97,1.08,-45.77,-3.00,-10.00
37,7,1156.90,317.82,1367.75,582.77,0.8116,3.7,2.82,9.41,7.89,1.35,22.44,1.91,-10.00
37,7,-1.00,-1.00,-1.00,-1.00,0.3526,2.3,2.38,5.59,-44.29,-0.00,26.52,-3.02,-10.00
37,7,-1.00,-1.00,-1.00,-1.00,0.2315,3.6,2.91,6.49,-44.07,0.87,31.79,0.57,-10.00
37,7,-1.00,-1.00,-1.00,-1.00,0.1445,2.3,2.26,5.63,7.90,2.03,-40.29,-2.76,-10.00
37,7,-1.00,-1.00,-1.00,-1.00,0.1345,2.0,2.13,5.38,37.37,1.02,-28.04,-2.56,-10.00
37,7,-1.00,-1.00,-1.00,-1.00,0.1180,3.4,2.92,7.02,-40.06,0.56,26.33,-3.09,-10.00
37,7,-1.00,-1.00,-1.00,-1.00,0.1122,3.6,3.01,8.44,-45.59,0.63,28.55,-2.81,-10.00
38,7,1506.95,255.13,1600.00,612.42,0.8243,3.7,2.81,9.11,11.45,1.35,17.86,2.09,-10.00
38,7,-1.00,-1.00,-1.00,-1.00,0.3689,3.1,2.72,6.66,-42.28,0.15,34.10,-2.71,-10.00
38,7,-1.00,-1.00,-1.00,-1.00,0.1115,3.6,2.90,6.49,-38.56,0.41,32.08,-2.68,-10.00
