0,7,-1.00,-1.00,-1.00,-1.00,0.1142,4.0,3.07,14.64,-32.28,0.24,34.34,0.32,-10.00
1,7,-1.00,-1.00,-1.00,-1.00,0.1179,2.5,2.46,6.05,-14.58,2.93,-52.57,2.29,-10.00
1,7,-1.00,-1.00,-1.00,-1.00,0.1153,1.9,2.05,4.92,-21.76,2.20,-32.78,0.86,-10.00
2,7,-1.00,-1.00,-1.00,-1.00,0.2137,3.5,2.62,6.59,11.82,1.62,-47.10,-0.02,-10.00
2,7,-1.00,-1.00,-1.00,-1.00,0.1525,3.4,2.82,7.99,8.42,2.49,-24.56,1.60,-10.00
2,7,-1.00,-1.00,-1.00,-1.00,0.1475,2.1,2.16,5.74,-25.64,2.57,-35.73,-0.61,-10.00
2,7,-1.00,-1.00,-1.00,-1.00,0.1399,2.2,2.28,5.36,-38.09,1.76,24.53,0.24,-10.00
2,7,575.70,432.01,710.45,487.78,0.1396,2.1,2.16,4.99,-6.76,-0.19,49.84,3.14,-10.00
2,7,-1.00,-1.00,-1.00,-1.00,0.1016,2.3,2.37,5.66,-34.57,3.30,-52.31,2.27,-10.00
3,7,-1.00,-1.00,-1.00,-1.00,0.1434,3.8,2.81,7.29,10.45,2.61,-43.74,0.10,-10.00
3,7,-1.00,-1.00,-1.00,-1.00,0.1228,2.2,2.27,5.70,-33.91,0.13,12.36,-1.37,-10.00
3,7,-1.00,-1.00,-1.00,-1.00,0.1191,2.1,2.26,5.62,-31.76,0.11,11.32,-1.30,-10.00
3,7,-1.00,-1.00,-1.00,-1.00,0.1135,3.3,2.69,7.43,28.51,-1.65,-33.91,-3.01,-10.00
3,7,-1.00,-1.00,-1.00,-1.00,0.1025,2.4,2.13,5.74,17.31,2.87,-52.44,-1.39,-10.00
4,7,-1.00,-1.00,-1.00,-1.00,0.2624,2.1,2.26,5.50,-45.96,-0.32,28.63,-1.34,-10.00
4,7,-1.00,-1.00,-1.00,-1.00,0.2346,2.4,2.36,5.98,-14.06,2.46,-41.87,-0.44,-10.00
4,7,-1.00,-1.00,-1.00,-1.00,0.1555,3.9,2.91,8.70,20.06,-0.32,-30.42,1.65,-10.00
4,7,-1.00,-1.00,-1.00,-1.00,0.1102,2.4,2.35,5.58,-43.47,0.72,9.22,0.15,-10.00
4,7,553.41,418.20,749.22,492.93,0.1005,2.0,2.14,5.31,-4.69,0.01,36.57,-3.11,-10.00
5,7,519.12,424.07,696.52,493.92,0.2915,2.1,2.05,5.24,-6.59,0.04,40.39,-3.08,-10.00
5,7,-1.00,-1.00,-1.00,-1.00,0.2090,2.3,2.17,5.46,-25.11,0.79,9.54,-2.90,-10.00
5,7,642.43,450.67,792.61,509.86,0.1946,2.1,2.28,5.52,-3.67,0.67,47.91,3.12,-10.00
5,7,-1.00,-1.00,-1.00,-1.00,0.1851,2.3,2.12,5.24,-45.81,-0.04,25.75,1.92,-10.00
5,7,-1.00,-1.00,-1.00,-1.00,0.1483,3.3,2.66,7.01,19.85,-0.57,-31.94,-1.38,-10.00
5,7,-1.00,-1.00,-1.00,-1.00,0.1316,2.1,2.06,5.12,8.65,2.39,-50.54,-1.53,-10.00
5,7,-1.00,-1.00,-1.00,-1.00,0.1303,2.5,2.45,5.68,9.17,2.22,-37.05,-3.11,-10.00
5,7,527.65,408.89,667.49,509.14,0.1227,2.2,2.33,6.07,-5.32,0.42,31.77,-1.55,-10.00
5,7,-1.00,-1.00,-1.00,-1.00,0.1038,3.3,2.75,7.75,8.01,2.70,-33.39,1.60,-10.00
6,7,-1.00,-1.00,-1.00,-1.00,0.2767,2.1,2.09,5.54,-47.66,0.78,21.21,0.17,-10.00
6,7,-1.00,-1.00,-1.00,-1.00,0.1456,2.2,2.28,6.40,-41.89,0.61,19.98,0.26,-10.00
6,7,-1.00,-1.00,-1.00,-1.00,0.1115,2.1,2.08,5.13,-24.97,0.87,6.41,0.19,-10.00
6,7,529.50,448.82,713.47,521.59,0.1036,2.1,2.13,5.06,-5.73,0.87,37.71,0.06,-10.00
7,7,-1.00,-1.00,-1.00,-1.00,0.2284,2.1,2.04,5.10,-25.52,0.69,3.56,-2.90,-10.00
7,7,-1.00,-1.00,-1.00,-1.00,0.1472,2.2,2.17,5.41,-47.50,0.43,18.49,0.20,-10.00
7,7,504.36,449.66,705.06,526.97,0.1336,2.0,2.13,5.00,-5.68,0.93,34.41,-3.07,-10.00
7,7,534.36,444.33,670.78,545.60,0.1144,2.1,2.25,6.49,-4.93,1.21,30.28,-1.59,-10.00
7,7,-1.00,-1.00,-1.00,-1.00,0.1136,2.4,2.23,5.52,-12.18,1.19,-50.16,3.09,-10.00
7,7,649.21,449.51,730.64,518.10,0.1104,2.1,2.09,5.51,-3.99,0.84,40.89,1.57,-10.00
8,7,644.90,467.88,728.69,546.44,0.1741,2.2,2.16,5.76,-3.79,1.57,38.07,1.53,-10.00
8,7,-1.00,-1.00,-1.00,-1.00,0.1331,2.0,2.08,5.21,-40.11,1.22,12.96,0.22,-10.00
8,7,-1.00,-1.00,-1.00,-1.00,0.1212,2.2,2.15,5.02,-25.00,0.91,0.07,-2.88,-10.00
8,7,-1.00,-1.00,-1.00,-1.00,0.1032,2.1,2.24,5.56,-31.73,0.84,-3.61,-1.30,-10.00
9,7,-1.00,-1.00,-1.00,-1.00,0.2574,3.2,2.71,6.67,-28.52,0.69,14.11,0.38,-10.00
9,7,423.26,450.31,678.08,542.54,0.1478,1.9,2.01,5.11,-5.77,1.08,27.88,0.09,-10.00
9,7,-1.00,-1.00,-1.00,-1.00,0.1429,2.7,2.40,5.52,-15.07,-0.51,-30.45,0.28,-10.00
9,7,-1.00,-1.00,-1.00,-1.00,0.1055,2.1,2.22,5.58,-31.48,1.25,-6.96,-1.38,-10.00
10,7,-1.00,-1.00,-1.00,-1.00,0.3562,3.2,2.88,7.66,-29.59,0.69,11.62,-2.84,-10.00
10,7,-1.00,-1.00,-1.00,-1.00,0.1065,2.2,2.24,5.72,-20.34,1.37,-47.34,-2.94,-10.00
11,7,-1.00,-1.00,-1.00,-1.00,0.1779,2.2,2.14,5.27,-25.76,0.70,-8.51,0.29,-10.00
11,7,-1.00,-1.00,-1.00,-1.00,0.1352,2.6,2.35,5.72,-33.53,0.12,9.68,-2.87,-10.00
12,7,-1.00,-1.00,-1.00,-1.00,0.1552,4.5,3.22,12.70,-36.36,0.94,3.21,0.36,-10.00
12,7,-1.00,-1.00,-1.00,-1.00,0.1351,3.2,2.59,7.29,-29.32,1.54,5.14,-2.85,-10.00
12,7,-1.00,-1.00,-1.00,-1.00,0.1286,2.0,1.97,4.54,-26.23,0.97,-11.78,0.32,-10.00
12,7,-1.00,-1.00,-1.00,-1.00,0.1240,3.9,3.10,11.71,-37.10,1.11,18.44,0.38,-10.00
12,7,-1.00,-1.00,-1.00,-1.00,0.1128,4.2,3.10,15.18,-36.05,0.65,20.13,0.42,-10.00
12,7,-1.00,-1.00,-1.00,-1.00,0.1096,3.0,2.51,5.74,-33.98,0.56,1.18,-1.28,-10.00
13,7,-1.00,-1.00,-1.00,-1.00,0.1688,2.1,1.97,4.80,-26.59,0.84,-14.50,0.37,-10.00
13,7,-1.00,-1.00,-1.00,-1.00,0.1398,2.5,2.38,5.46,-33.83,0.59,-1.31,1.84,-10.00
14,7,-1.00,-1.00,-1.00,-1.00,0.1678,2.1,1.97,4.65,-25.99,1.05,-17.72,0.36,-10.00
16,7,-1.00,-1.00,-1.00,-1.00,0.1671,3.5,2.67,7.19,-15.89,1.15,-52.28,-1.33,-10.00
16,7,898.50,461.66,978.32,530.91,0.1261,1.9,2.03,5.42,3.61,1.15,38.31,1.60,-10.00
17,7,-1.00,-1.00,-1.00,-1.00,0.1659,2.0,2.16,5.39,-31.97,1.31,-30.35,-1.36,-10.00
17,7,-1.00,-1.00,-1.00,-1.00,0.1506,2.1,2.20,5.58,-21.94,1.78,-41.60,-1.33,-10.00
17,7,55.88,446.57,259.03,520.84,0.1417,2.0,2.06,5.21,-18.85,0.83,36.57,1.89,-10.00
17,7,-1.00,-1.00,-1.00,-1.00,0.1397,1.9,1.97,4.84,-26.78,1.29,-26.40,-2.64,-10.00
17,7,-1.00,-1.00,-1.00,-1.00,0.1027,3.2,2.71,6.95,-27.59,-1.75,-47.82,0.26,-10.00
18,7,-1.00,-1.00,-1.00,-1.00,0.1346,4.0,3.05,9.29,-24.32,-1.24,-50.01,1.94,-10.00
18,7,212.19,428.45,421.93,519.52,0.1340,2.0,2.06,5.37,-11.90,0.67,30.70,1.79,-10.00
19,7,-1.00,-1.00,-1.00,-1.00,0.1267,2.1,2.09,5.09,-26.48,1.63,-32.32,0.36,-10.00
19,7,-1.00,-1.00,-1.00,-1.00,0.1236,1.9,2.08,5.25,-32.22,1.60,-35.86,-1.29,-10.00
19,7,149.31,433.90,387.87,527.05,0.1193,1.9,2.00,5.35,-11.96,0.76,28.18,1.82,-10.00
19,7,-1.00,-1.00,-1.00,-1.00,0.1158,2.5,2.48,5.88,-29.46,-0.37,37.59,-0.04,-10.00
20,7,-1.00,-1.00,-1.00,-1.00,0.1759,3.2,2.63,7.02,7.97,1.89,-49.69,-0.04,-10.00
20,7,-1.00,-1.00,-1.00,-1.00,0.1405,2.0,2.31,5.63,-17.45,0.90,15.87,-3.06,-10.00
21,7,-1.00,-1.00,-1.00,-1.00,0.2600,2.3,2.15,5.17,-26.01,1.41,-38.43,-2.82,-10.00
21,7,-1.00,-1.00,-1.00,-1.00,0.1330,2.6,2.39,6.70,-41.53,-0.35,30.46,0.29,-10.00
21,7,-1.00,-1.00,-1.00,-1.00,0.1291,1.9,2.09,5.33,-14.69,2.65,-31.50,1.81,-10.00
21,7,170.31,436.69,373.38,525.97,0.1207,2.0,2.09,5.61,-12.94,0.80,30.61,1.65,-10.00
21,7,-1.00,-1.00,-1.00,-1.00,0.1193,2.0,2.14,5.47,-26.40,0.46,26.70,1.68,-10.00
22,7,-1.00,-1.00,-1.00,-1.00,0.3787,2.0,2.07,5.40,-5.39,1.93,-27.77,0.00,-10.00
22,7,456.31,429.86,551.58,490.05,0.1401,2.1,2.17,5.48,-11.95,-0.12,48.89,1.60,-10.00
22,7,385.40,426.74,492.24,488.41,0.1264,2.1,2.09,5.30,-14.32,-0.18,48.40,1.66,-10.00
22,7,-1.00,-1.00,-1.00,-1.00,0.1223,2.2,2.22,5.29,-45.40,-0.52,29.20,-2.77,-10.00
23,7,-1.00,-1.00,-1.00,-1.00,0.2640,2.2,2.13,5.32,-25.62,1.31,-43.55,-2.86,-10.00
23,7,258.92,456.88,412.81,519.88,0.1789,1.9,2.07,5.43,-15.71,0.92,41.81,1.79,-10.00
23,7,-1.00,-1.00,-1.00,-1.00,0.1655,1.9,2.08,5.52,-16.39,1.28,6.20,-1.22,-10.00
23,7,-1.00,-1.00,-1.00,-1.00,0.1610,1.9,1.98,5.02,-27.37,0.32,26.40,-3.04,-10.00
23,7,408.45,446.81,542.25,513.64,0.1388,1.9,2.12,5.48,-10.61,0.69,39.94,1.70,-10.00
23,7,-1.00,-1.00,-1.00,-1.00,0.1182,1.9,2.10,5.42,-21.75,0.56,20.57,1.73,-10.00
23,7,1000.38,475.18,1065.80,531.35,0.1157,1.9,2.07,5.17,7.93,1.43,46.73,1.68,-10.00
23,7,47.00,437.51,300.69,543.98,0.1053,2.0,2.06,5.33,-12.93,1.01,25.99,1.67,-10.00
24,7,-1.00,-1.00,-1.00,-1.00,0.3541,2.1,2.17,5.32,-25.80,1.81,-45.95,-2.98,-10.00
24,7,-1.00,-1.00,-1.00,-1.00,0.1391,2.5,2.49,5.85,-49.09,-0.27,33.37,-1.14,-10.00
24,7,-1.00,-1.00,-1.00,-1.00,0.1379,1.9,2.12,5.36,-43.40,0.11,13.90,-1.32,-10.00
24,7,-1.00,-1.00,-1.00,-1.00,0.1140,1.9,2.11,5.28,-28.30,0.04,25.26,-1.39,-10.00
24,7,-1.00,-1.00,-1.00,-1.00,0.1117,2.0,2.10,5.20,-39.58,0.48,13.37,0.25,-10.00
25,7,662.83,433.41,727.95,500.59,0.1817,2.4,2.31,5.86,-4.75,0.32,50.56,-1.62,-10.00
25,7,-1.00,-1.00,-1.00,-1.00,0.1153,2.2,2.30,5.56,-49.13,0.01,30.99,-1.21,-10.00
25,7,-1.00,-1.00,-1.00,-1.00,0.1048,2.0,2.10,5.60,-5.78,1.98,-34.91,0.10,-10.00
25,7,676.71,434.95,829.65,502.15,0.1017,2.5,2.28,5.87,-2.53,0.39,49.90,-0.11,-10.00
26,7,645.72,436.28,783.65,495.28,0.2437,2.0,2.02,4.96,-3.79,0.10,46.81,-0.14,-10.00
26,7,-1.00,-1.00,-1.00,-1.00,0.2237,2.0,2.15,5.50,-32.77,1.50,5.86,0.22,-10.00
26,7,-1.00,-1.00,-1.00,-1.00,0.1885,2.0,2.09,5.01,-44.78,1.47,19.40,-1.29,-10.00
26,7,-1.00,-1.00,-1.00,-1.00,0.1379,2.1,2.23,5.77,-24.05,0.59,15.25,1.72,-10.00
26,7,-1.00,-1.00,-1.00,-1.00,0.1338,2.5,2.43,5.77,-24.54,1.97,-51.56,0.13,-10.00
27,7,605.41,409.59,772.10,504.46,0.2243,3.2,2.48,5.66,-4.51,0.43,44.65,-0.14,-10.00
27,7,-1.00,-1.00,-1.00,-1.00,0.2178,2.1,2.21,5.72,-44.87,1.76,17.75,-1.31,-10.00
27,7,629.40,403.60,720.91,506.23,0.1772,3.5,2.90,8.49,-5.18,0.52,47.86,-1.62,-10.00
27,7,-1.00,-1.00,-1.00,-1.00,0.1693,2.0,2.09,5.31,-18.34,1.41,15.90,1.63,-10.00
27,7,932.15,459.64,1008.95,515.65,0.1280,2.0,2.11,5.38,5.93,0.93,49.32,1.53,-10.00
27,7,-1.00,-1.00,-1.00,-1.00,0.1039,1.9,2.17,5.40,-26.57,1.64,11.66,1.72,-10.00
28,7,-1.00,-1.00,-1.00,-1.00,0.4037,3.1,2.46,6.72,-38.69,-1.16,-1.44,0.42,-10.00
28,7,598.22,403.48,801.10,509.44,0.2797,3.4,2.65,6.54,-3.91,0.57,42.44,-0.12,-10.00
28,7,-1.00,-1.00,-1.00,-1.00,0.1374,2.0,2.07,5.22,-18.57,1.48,13.79,1.62,-10.00
28,7,-1.00,-1.00,-1.00,-1.00,0.1156,2.0,2.16,5.56,-42.96,1.33,3.30,-1.53,-10.00
28,7,-1.00,-1.00,-1.00,-1.00,0.1031,1.9,2.11,5.50,-30.78,1.92,-0.70,-1.50,-10.00
28,7,-1.00,-1.00,-1.00,-1.00,0.1026,1.9,2.14,5.17,-18.40,2.79,-45.47,0.28,-10.00
29,7,553.44,405.74,759.58,511.72,0.3541,3.2,2.64,6.34,-5.05,0.62,40.70,3.06,-10.00
29,7,-1.00,-1.00,-1.00,-1.00,0.1887,2.0,2.19,5.51,-18.53,1.57,12.58,1.70,-10.00
29,7,-1.00,-1.00,-1.00,-1.00,0.1388,2.0,2.09,5.20,-21.28,1.55,12.57,1.68,-10.00
29,7,-1.00,-1.00,-1.00,-1.00,0.1267,2.0,2.21,5.59,-38.98,1.84,0.05,-1.15,-10.00
30,7,527.06,398.15,748.01,501.47,0.4316,3.0,2.50,6.45,-5.37,0.27,38.67,3.05,-10.00
30,7,-1.00,-1.00,-1.00,-1.00,0.1601,1.9,2.17,5.79,-4.38,2.45,-37.30,-1.46,-10.00
30,7,-1.00,-1.00,-1.00,-1.00,0.1587,2.0,2.14,5.35,-18.59,1.55,11.16,1.69,-10.00
30,7,918.16,451.83,1013.81,513.16,0.1388,1.9,2.02,5.34,5.02,0.73,43.28,1.45,-10.00
30,7,-1.00,-1.00,-1.00,-1.00,0.1358,2.0,2.17,5.55,-36.58,1.25,8.59,-1.56,-10.00
30,7,-1.00,-1.00,-1.00,-1.00,0.1042,1.9,2.08,5.08,-21.33,1.40,10.84,-1.54,-10.00
30,7,-1.00,-1.00,-1.00,-1.00,0.1038,1.9,2.03,5.25,-4.82,2.69,-45.34,0.04,-10.00
30,7,-1.00,-1.00,-1.00,-1.00,0.1005,1.9,2.11,5.12,-28.85,0.92,11.73,-1.42,-10.00
31,7,503.83,393.24,725.15,510.59,0.5140,3.2,2.54,6.17,-5.86,0.53,37.17,3.00,-10.00
31,7,-1.00,-1.00,-1.00,-1.00,0.2140,1.9,2.08,5.59,-22.01,0.34,24.77,1.54,-10.00
31,7,-1.00,-1.00,-1.00,-1.00,0.1577,2.1,2.09,5.15,-28.60,1.25,9.99,1.71,-10.00
31,7,-1.00,-1.00,-1.00,-1.00,0.1274,1.9,2.10,5.63,-4.49,2.45,-38.73,-1.39,-10.00
31,7,-1.00,-1.00,-1.00,-1.00,0.1243,2.1,2.19,5.57,-16.68,2.42,-51.37,0.28,-10.00
31,7,-1.00,-1.00,-1.00,-1.00,0.1111,2.0,2.11,5.31,-43.36,1.36,-0.10,1.55,-10.00
32,7,512.77,394.99,752.87,513.77,0.7531,3.2,2.60,6.48,-5.13,0.61,35.99,3.03,-10.00
32,7,-1.00,-1.00,-1.00,-1.00,0.1537,2.6,2.55,7.59,-29.00,1.57,8.27,0.01,-10.00
32,7,-1.00,-1.00,-1.00,-1.00,0.1481,2.0,2.17,5.33,-5.44,2.01,-39.03,-0.11,-10.00
32,7,-1.00,-1.00,-1.00,-1.00,0.1477,1.9,2.03,5.27,-21.68,0.53,23.62,1.61,-10.00
32,7,-1.00,-1.00,-1.00,-1.00,0.1442,2.0,2.15,5.31,-28.55,1.32,10.13,-1.44,-10.00
32,7,-1.00,-1.00,-1.00,-1.00,0.1235,2.0,2.12,5.47,-40.20,1.40,-2.44,0.30,-10.00
33,7,500.49,387.17,751.61,509.56,0.7046,3.2,2.71,6.57,-5.16,0.47,34.96,3.03,-10.00
33,7,-1.00,-1.00,-1.00,-1.00,0.2692,2.4,2.48,6.62,-28.57,1.39,7.51,0.18,-10.00
33,7,-1.00,-1.00,-1.00,-1.00,0.2022,1.9,2.06,5.17,-21.73,0.59,22.65,1.52,-10.00
33,7,-1.00,-1.00,-1.00,-1.00,0.1120,1.9,2.11,5.22,-21.07,1.21,8.30,-1.49,-10.00
34,7,482.14,422.13,759.03,555.32,0.8629,3.4,2.77,7.04,-5.18,1.66,34.08,3.01,-10.00
34,7,-1.00,-1.00,-1.00,-1.00,0.2879,2.2,2.17,5.20,-28.63,1.39,7.67,1.77,-10.00
34,7,912.23,488.97,987.46,549.03,0.1861,2.0,2.10,5.44,4.74,1.99,45.69,1.56,-10.00
34,7,-1.00,-1.00,-1.00,-1.00,0.1682,1.9,2.11,5.67,-21.65,1.17,22.11,1.53,-10.00
34,7,-1.00,-1.00,-1.00,-1.00,0.1365,2.1,2.01,5.33,2.00,1.80,-52.30,1.63,-10.00
34,7,-1.00,-1.00,-1.00,-1.00,0.1110,2.5,2.29,5.71,-42.72,-1.75,-8.00,0.35,-10.00
34,7,-1.00,-1.00,-1.00,-1.00,0.1034,1.9,1.99,4.74,-21.14,1.67,7.07,1.78,-10.00
35,7,484.12,401.49,758.62,536.02,0.8602,3.3,2.77,6.81,-5.02,1.13,33.28,3.04,-10.00
35,7,-1.00,-1.00,-1.00,-1.00,0.2152,3.0,2.55,6.95,-38.50,-1.39,-10.37,0.42,-10.00
35,7,902.53,464.67,1006.85,522.69,0.1872,1.9,1.98,5.24,4.82,1.08,44.99,1.32,-10.00
35,7,-1.00,-1.00,-1.00,-1.00,0.1836,2.1,2.18,5.05,-28.65,1.39,6.91,-1.36,-10.00
35,7,-1.00,-1.00,-1.00,-1.00,0.1482,2.0,2.16,5.75,-21.62,0.79,21.40,1.52,-10.00
35,7,-1.00,-1.00,-1.00,-1.00,0.1265,2.2,2.25,5.71,-28.81,-0.70,-24.42,-3.07,-10.00
35,7,-1.00,-1.00,-1.00,-1.00,0.1172,2.1,2.12,5.58,-4.46,2.55,-51.11,0.11,-10.00
35,7,-1.00,-1.00,-1.00,-1.00,0.1160,1.9,1.99,5.05,-21.16,1.61,6.41,1.75,-10.00
35,7,-1.00,-1.00,-1.00,-1.00,0.1120,2.0,2.16,5.70,-26.62,1.92,-11.67,1.77,-10.00
36,7,505.58,406.39,790.56,540.36,0.8665,3.2,2.72,6.92,-4.26,1.21,32.50,3.01,-10.00
36,7,-1.00,-1.00,-1.00,-1.00,0.3516,2.0,2.20,5.46,-28.51,0.99,6.83,-1.44,-10.00
36,7,-1.00,-1.00,-1.00,-1.00,0.1942,3.1,2.73,7.35,-28.91,-0.43,-26.90,-1.15,-10.00
36,7,-1.00,-1.00,-1.00,-1.00,0.1685,1.9,2.09,5.07,-33.91,1.33,4.81,-2.86,-10.00
36,7,-1.00,-1.00,-1.00,-1.00,0.1609,2.3,2.15,5.76,-5.01,2.38,-51.82,1.61,-10.00
36,7,-1.00,-1.00,-1.00,-1.00,0.1311,1.9,2.15,5.79,-16.76,1.69,-15.15,-1.23,-10.00
37,7,536.24,391.97,829.65,535.98,0.8111,3.4,2.76,6.93,-3.28,1.07,31.56,3.03,-10.00
37,7,-1.00,-1.00,-1.00,-1.00,0.2149,2.2,2.14,5.09,-28.32,1.33,6.65,-1.41,-10.00
37,7,-1.00,-1.00,-1.00,-1.00,0.1503,1.9,2.17,5.37,-33.14,1.02,2.74,1.82,-10.00
37,7,-1.00,-1.00,-1.00,-1.00,0.1390,1.9,2.03,5.36,-39.23,1.09,-5.86,-1.13,-10.00
37,7,-1.00,-1.00,-1.00,-1.00,0.1186,2.4,2.35,5.73,-39.54,-0.71,-31.54,0.39,-10.00
37,7,995.80,460.37,1080.76,520.74,0.1177,1.9,2.09,5.45,7.49,0.98,43.25,1.60,-10.00
37,7,-1.00,-1.00,-1.00,-1.00,0.1129,1.9,2.14,5.62,-6.74,2.27,-44.26,-1.46,-10.00
37,7,-1.00,-1.00,-1.00,-1.00,0.1052,1.9,2.05,5.32,-20.99,1.63,6.17,1.73,-10.00
37,7,-1.00,-1.00,-1.00,-1.00,0.1014,1.9,2.05,5.18,-33.78,1.64,4.97,-2.88,-10.00
37,7,-1.00,-1.00,-1.00,-1.00,0.1009,1.9,2.05,5.40,-20.42,0.87,20.48,1.61,-10.00
38,7,618.98,404.71,915.84,550.79,0.8899,3.3,2.64,6.85,-1.13,1.37,30.66,3.14,-10.00
38,7,-1.00,-1.00,-1.00,-1.00,0.2038,2.0,2.08,5.45,-18.92,0.95,20.61,1.69,-10.00
38,7,-1.00,-1.00,-1.00,-1.00,0.1583,2.0,2.06,5.44,-21.50,1.18,21.48,1.74,-10.00
38,7,-1.00,-1.00,-1.00,-1.00,0.1569,2.0,2.12,5.42,-27.58,1.12,7.35,1.84,-10.00
38,7,-1.00,-1.00,-1.00,-1.00,0.1395,3.2,2.49,7.22,-37.44,-1.20,-9.59,0.48,-10.00
38,7,634.22,477.66,841.08,551.20,0.1239,2.0,2.10,5.54,-2.16,1.63,35.80,0.11,-10.00
38,7,-1.00,-1.00,-1.00,-1.00,0.1090,1.9,1.99,5.14,-39.48,0.83,-4.99,-1.09,-10.00
38,7,-1.00,-1.00,-1.00,-1.00,0.1085,2.1,2.12,5.20,-9.57,1.60,-36.36,0.26,-10.00
39,7,781.00,408.95,1080.13,551.34,0.7381,3.1,2.61,6.54,2.62,1.31,29.18,-3.03,-10.00
39,7,-1.00,-1.00,-1.00,-1.00,0.1396,1.9,2.08,5.28,-45.85,1.22,20.55,2.17,-10.00
39,7,-1.00,-1.00,-1.00,-1.00,0.1390,2.3,2.26,5.86,-33.32,1.79,25.98,0.57,-10.00
39,7,-1.00,-1.00,-1.00,-1.00,0.1380,2.0,2.12,5.48,-41.26,1.09,-1.68,0.40,-10.00
39,7,-1.00,-1.00,-1.00,-1.00,0.1185,2.2,2.28,5.98,-13.11,1.89,-35.71,1.82,-10.00
39,7,-1.00,-1.00,-1.00,-1.00,0.1019,2.1,2.12,5.29,-26.65,1.15,8.95,-1.22,-10.00
