0,7,-1.00,-1.00,-1.00,-1.00,0.3557,1.9,2.18,5.24,-14.17,1.85,-9.70,-3.11,-10.00
0,7,-1.00,-1.00,-1.00,-1.00,0.2562,2.0,2.18,5.52,-14.21,1.68,-25.28,-3.09,-10.00
0,7,-1.00,-1.00,-1.00,-1.00,0.2178,2.1,2.04,5.46,-5.46,0.94,-42.62,-1.59,-10.00
0,7,-1.00,-1.00,-1.00,-1.00,0.2138,2.1,2.20,5.36,34.71,-1.91,-30.93,-2.42,-10.00
0,7,1349.11,409.35,1591.41,511.06,0.1999,3.4,2.79,7.08,22.82,1.40,44.72,-3.12,-10.00
0,7,-1.00,-1.00,-1.00,-1.00,0.1723,2.3,2.29,6.29,10.41,0.53,-45.44,1.57,-10.00
0,7,-1.00,-1.00,-1.00,-1.00,0.1335,2.0,2.42,6.62,-29.82,2.11,-20.24,-1.53,-10.00
0,7,-1.00,-1.00,-1.00,-1.00,0.1304,1.9,2.14,5.16,-13.00,1.68,-4.35,-3.02,-10.00
0,7,-1.00,-1.00,-1.00,-1.00,0.1300,2.1,2.38,6.14,26.54,-0.78,-26.23,1.36,-10.00
0,7,-1.00,-1.00,-1.00,-1.00,0.1258,2.4,2.45,6.94,35.00,0.85,36.99,3.06,-10.00
0,7,-1.00,-1.00,-1.00,-1.00,0.1233,2.3,2.38,6.05,30.11,1.36,37.11,-0.09,-10.00
0,7,-1.00,-1.00,-1.00,-1.00,0.1204,2.4,2.63,7.26,24.73,-0.38,-26.52,1.26,-10.00
0,7,1131.45,482.10,1320.79,544.62,0.1166,1.9,2.15,5.49,12.98,2.41,41.00,-3.09,-10.00
0,7,-1.00,-1.00,-1.00,-1.00,0.1105,3.1,2.67,6.33,1.26,-0.74,-50.74,-0.12,-10.00
0,7,570.66,491.26,653.55,546.60,0.1060,1.9,2.07,5.46,-7.66,2.74,45.27,-1.57,-10.00
0,7,-1.00,-1.00,-1.00,-1.00,0.1040,2.2,2.33,5.18,43.70,-1.89,-24.12,1.90,-10.00
1,7,-1.00,-1.00,-1.00,-1.00,0.5037,2.0,2.22,5.81,-14.55,1.56,-28.20,-3.09,-10.00
1,7,-1.00,-1.00,-1.00,-1.00,0.3831,2.1,2.37,5.73,-32.70,1.41,-47.06,-1.60,-10.00
1,7,-1.00,-1.00,-1.00,-1.00,0.3273,2.2,2.22,5.52,-5.63,0.73,-47.87,1.68,-10.00
1,7,-1.00,-1.00,-1.00,-1.00,0.2534,2.0,2.29,5.86,-30.47,1.99,-20.64,1.64,-10.00
1,7,-1.00,-1.00,-1.00,-1.00,0.1685,1.9,2.29,5.63,-13.44,1.33,-30.50,0.05,-10.00
1,7,-1.00,-1.00,-1.00,-1.00,0.1619,1.9,2.14,5.40,-13.73,1.25,-33.27,0.00,-10.00
1,7,-1.00,-1.00,-1.00,-1.00,0.1552,2.0,2.14,5.35,36.32,0.50,24.22,3.05,-10.00
1,7,-1.00,-1.00,-1.00,-1.00,0.1363,2.1,2.30,5.42,41.44,0.63,33.36,-3.08,-10.00
1,7,1401.00,425.56,1600.00,516.09,0.1333,2.8,2.49,6.15,22.81,1.48,41.70,-3.13,-10.00
1,7,-1.00,-1.00,-1.00,-1.00,0.1265,1.9,2.19,5.52,-31.92,1.76,-22.93,-0.01,-10.00
1,7,528.19,488.03,707.98,547.58,0.1227,2.0,2.23,6.04,-7.43,2.76,45.10,0.04,-10.00
1,7,-1.00,-1.00,-1.00,-1.00,0.1007,1.9,2.14,5.08,-13.31,1.52,-15.62,0.05,-10.00
2,7,-1.00,-1.00,-1.00,-1.00,0.3577,2.0,2.22,5.50,-14.79,1.59,-31.02,-3.09,-10.00
2,7,-1.00,-1.00,-1.00,-1.00,0.2612,1.9,2.22,5.65,-13.15,1.44,-33.50,-3.04,-10.00
2,7,-1.00,-1.00,-1.00,-1.00,0.2112,2.5,2.68,6.10,41.78,0.49,30.98,2.98,-10.00
2,7,-1.00,-1.00,-1.00,-1.00,0.1827,2.9,2.68,6.88,28.26,-1.54,-32.81,2.80,-10.00
2,7,1435.44,410.08,1600.00,512.84,0.1530,3.0,2.51,6.19,22.63,1.28,38.88,3.09,-10.00
2,7,-1.00,-1.00,-1.00,-1.00,0.1460,2.0,2.06,5.24,-12.94,1.59,-10.39,0.03,-10.00
2,7,-1.00,-1.00,-1.00,-1.00,0.1410,1.9,2.14,5.21,-13.93,1.23,-35.60,-3.09,-10.00
2,7,-1.00,-1.00,-1.00,-1.00,0.1367,2.1,2.24,5.64,-13.07,1.19,-46.10,1.62,-10.00
2,7,-1.00,-1.00,-1.00,-1.00,0.1224,2.0,2.36,5.64,-29.69,1.78,-26.92,-1.49,-10.00
2,7,-1.00,-1.00,-1.00,-1.00,0.1030,2.0,2.25,5.48,-33.04,2.12,-49.24,1.63,-10.00
2,7,-1.00,-1.00,-1.00,-1.00,0.1020,2.7,2.66,6.75,28.00,-1.65,-34.65,3.07,-10.00
3,7,-1.00,-1.00,-1.00,-1.00,0.2148,1.8,2.11,5.24,-12.97,1.60,-34.12,-3.10,-10.00
3,7,1444.04,402.37,1600.00,531.48,0.1885,3.6,2.79,6.45,21.92,1.75,36.44,3.09,-10.00
3,7,-1.00,-1.00,-1.00,-1.00,0.1681,2.3,2.36,5.97,24.92,0.78,20.75,-3.02,-10.00
3,7,-1.00,-1.00,-1.00,-1.00,0.1597,2.0,2.33,5.80,-29.87,2.05,-33.80,1.65,-10.00
3,7,-1.00,-1.00,-1.00,-1.00,0.1364,2.1,2.31,5.70,-30.24,2.14,-37.67,1.66,-10.00
3,7,-1.00,-1.00,-1.00,-1.00,0.1337,1.8,2.07,4.99,-12.65,1.58,-25.36,-0.04,-10.00
3,7,-1.00,-1.00,-1.00,-1.00,0.1066,2.1,2.35,5.77,45.43,-0.22,15.86,-3.14,-10.00
3,7,-1.00,-1.00,-1.00,-1.00,0.1040,3.5,2.78,7.28,26.34,-0.75,-51.00,0.04,-10.00
4,7,-1.00,-1.00,-1.00,-1.00,0.2385,2.0,2.11,5.56,-12.35,0.47,-49.26,3.07,-10.00
4,7,1523.84,405.94,1600.00,515.76,0.1904,2.8,2.42,5.97,22.59,1.20,33.98,3.08,-10.00
4,7,-1.00,-1.00,-1.00,-1.00,0.1608,1.8,2.11,5.02,-13.45,1.55,-36.52,3.11,-10.00
4,7,-1.00,-1.00,-1.00,-1.00,0.1576,2.1,2.07,5.55,24.94,0.12,-3.92,0.15,-10.00
4,7,-1.00,-1.00,-1.00,-1.00,0.1400,2.0,2.13,5.55,18.07,0.95,-14.65,1.67,-10.00
4,7,-1.00,-1.00,-1.00,-1.00,0.1383,2.0,2.20,5.54,-31.28,1.92,-39.06,-0.01,-10.00
4,7,-1.00,-1.00,-1.00,-1.00,0.1367,3.4,2.79,7.25,22.17,1.20,16.52,-0.00,-10.00
4,7,-1.00,-1.00,-1.00,-1.00,0.1346,2.2,2.19,5.41,33.67,0.70,39.72,3.14,-10.00
4,7,-1.00,-1.00,-1.00,-1.00,0.1263,2.6,2.74,6.27,40.01,0.31,26.55,0.08,-10.00
4,7,-1.00,-1.00,-1.00,-1.00,0.1261,1.8,2.04,5.05,-12.40,1.65,-18.09,-0.01,-10.00
4,7,-1.00,-1.00,-1.00,-1.00,0.1249,2.4,2.33,6.09,19.16,1.59,3.53,1.58,-10.00
4,7,-1.00,-1.00,-1.00,-1.00,0.1215,1.9,2.02,5.03,-12.87,1.76,-16.07,-0.04,-10.00
4,7,313.12,405.48,478.58,521.83,0.1136,3.9,3.03,9.54,-16.40,1.93,48.65,-1.56,-10.00
4,7,-1.00,-1.00,-1.00,-1.00,0.1132,1.9,2.10,5.26,-12.69,1.55,-23.72,-0.05,-10.00
4,7,-1.00,-1.00,-1.00,-1.00,0.1113,2.1,2.12,5.65,30.11,-1.31,-48.88,3.09,-10.00
4,7,143.01,426.41,424.63,539.89,0.1095,3.9,2.81,8.81,-19.26,2.46,44.85,-3.14,-10.00
4,7,-1.00,-1.00,-1.00,-1.00,0.1055,1.9,2.08,4.98,-12.38,1.46,-30.98,-3.13,-10.00
5,7,-1.00,-1.00,-1.00,-1.00,0.1560,1.9,2.07,5.17,-12.48,1.62,-26.70,3.08,-10.00
5,7,124.29,417.85,397.51,529.11,0.1475,3.5,2.76,7.91,-18.84,1.94,42.03,-3.10,-10.00
5,7,692.04,461.18,799.87,538.98,0.1344,1.9,2.06,5.65,-2.06,1.85,33.84,1.66,-10.00
5,7,-1.00,-1.00,-1.00,-1.00,0.1309,1.9,2.15,5.65,-13.26,1.79,-23.60,-0.03,-10.00
5,7,-1.00,-1.00,-1.00,-1.00,0.1141,2.2,2.23,5.30,38.02,0.20,24.31,3.11,-10.00
5,7,-1.00,-1.00,-1.00,-1.00,0.1077,2.4,2.32,5.69,25.06,-0.07,-6.27,0.02,-10.00
5,7,-1.00,-1.00,-1.00,-1.00,0.1038,3.1,2.83,6.67,36.52,-2.29,-43.64,-2.66,-10.00
6,7,1598.01,380.22,1600.00,487.77,0.1958,2.3,2.33,5.91,21.89,0.35,29.54,3.12,-10.00
6,7,-1.00,-1.00,-1.00,-1.00,0.1799,3.1,2.84,7.12,50.74,-0.92,9.08,-2.92,-10.00
6,7,-1.00,-1.00,-1.00,-1.00,0.1728,2.1,2.24,5.49,38.03,-0.08,22.64,0.01,-10.00
6,7,-1.00,-1.00,-1.00,-1.00,0.1386,1.8,2.07,5.19,-12.69,1.80,-26.37,3.13,-10.00
6,7,-1.00,-1.00,-1.00,-1.00,0.1254,2.1,2.36,6.33,32.47,-0.25,22.22,-3.14,-10.00
6,7,-1.00,-1.00,-1.00,-1.00,0.1066,2.1,2.12,5.50,24.68,-0.29,-8.28,0.06,-10.00
6,7,-1.00,-1.00,-1.00,-1.00,0.1036,1.9,2.15,5.54,31.30,0.70,31.55,3.11,-10.00
7,7,-1.00,-1.00,-1.00,-1.00,0.2354,1.8,2.09,5.06,-12.09,1.81,-26.53,3.11,-10.00
7,7,-1.00,-1.00,-1.00,-1.00,0.1860,1.9,2.03,5.15,-11.93,1.80,-24.25,3.08,-10.00
7,7,510.03,460.95,722.17,595.37,0.1761,1.9,2.09,5.73,-3.21,1.91,20.50,1.65,-10.00
7,7,-1.00,-1.00,-1.00,-1.00,0.1705,1.8,2.06,5.20,-12.54,1.96,-28.96,-3.12,-10.00
7,7,-1.00,-1.00,-1.00,-1.00,0.1367,2.6,2.38,5.86,21.15,0.63,26.82,3.08,-10.00
7,7,-1.00,-1.00,-1.00,-1.00,0.1071,2.1,2.23,5.49,30.82,1.09,32.72,-0.06,-10.00
7,7,-1.00,-1.00,-1.00,-1.00,0.1069,3.0,2.63,6.83,33.03,0.34,19.51,3.10,-10.00
8,7,-1.00,-1.00,-1.00,-1.00,0.2041,2.1,2.01,5.37,24.48,-0.53,-13.57,0.15,-10.00
8,7,1366.85,410.12,1584.49,492.47,0.1650,3.0,2.67,7.12,25.64,0.80,49.82,-2.98,-10.00
8,7,-1.00,-1.00,-1.00,-1.00,0.1383,2.8,2.48,6.11,21.74,0.43,24.29,3.07,-10.00
8,7,-1.00,-1.00,-1.00,-1.00,0.1136,2.0,2.19,5.69,33.78,0.78,26.37,-0.02,-10.00
8,7,-1.00,-1.00,-1.00,-1.00,0.1115,2.0,2.16,5.53,-11.17,1.55,-48.56,-1.50,-10.00
8,7,-1.00,-1.00,-1.00,-1.00,0.1000,2.1,2.35,5.68,49.42,-1.89,-17.10,-3.10,-10.00
9,7,-1.00,-1.00,-1.00,-1.00,0.4496,3.2,2.57,6.53,21.87,0.99,21.51,3.13,-10.00
9,7,1382.01,385.42,1600.00,492.59,0.1325,3.6,2.79,7.50,25.29,0.74,47.24,-2.88,-10.00
9,7,-1.00,-1.00,-1.00,-1.00,0.1228,2.2,2.19,5.88,-4.66,1.49,-52.21,1.68,-10.00
9,7,-1.00,-1.00,-1.00,-1.00,0.1123,2.3,2.43,5.91,50.66,-0.54,0.53,3.02,-10.00
10,7,-1.00,-1.00,-1.00,-1.00,0.1533,2.3,2.08,5.78,24.47,-0.50,-19.07,0.10,-10.00
10,7,1429.71,409.85,1600.00,498.39,0.1017,2.8,2.75,6.72,25.43,0.92,44.47,-2.92,-10.00
10,7,-1.00,-1.00,-1.00,-1.00,0.1009,2.3,2.34,5.80,21.70,0.84,18.87,3.14,-10.00
11,7,308.79,418.13,471.14,524.69,0.2011,2.8,2.47,5.71,-12.65,1.56,36.83,-1.51,-10.00
11,7,-1.00,-1.00,-1.00,-1.00,0.1988,2.4,2.40,5.96,21.58,0.87,16.56,-3.13,-10.00
11,7,1468.89,390.78,1600.00,498.24,0.1651,3.2,2.76,7.00,25.96,0.86,42.41,-2.86,-10.00
11,7,218.97,421.89,425.45,504.54,0.1559,3.0,2.64,7.06,-19.82,1.30,49.52,0.01,-10.00
11,7,-1.00,-1.00,-1.00,-1.00,0.1526,1.9,2.05,5.47,24.53,-0.12,-21.27,0.16,-10.00
12,7,-1.00,-1.00,-1.00,-1.00,0.3638,2.0,2.09,5.15,24.70,-0.28,-22.82,0.13,-10.00
12,7,1470.28,410.42,1600.00,494.24,0.2646,2.5,2.32,5.50,24.41,0.71,40.97,-2.91,-10.00
12,7,-1.00,-1.00,-1.00,-1.00,0.1270,2.2,2.25,5.68,21.39,0.91,15.01,3.10,-10.00
12,7,-1.00,-1.00,-1.00,-1.00,0.1086,2.1,2.19,5.78,48.96,-0.90,-5.12,3.14,-10.00
12,7,0.00,456.89,212.41,525.73,0.1048,1.9,2.05,5.40,-21.60,1.63,37.49,3.13,-10.00
12,7,-1.00,-1.00,-1.00,-1.00,0.1045,1.9,2.14,5.14,27.09,0.61,7.17,3.13,-10.00
12,7,-1.00,-1.00,-1.00,-1.00,0.1018,2.0,2.13,5.38,42.52,0.08,7.76,-0.18,-10.00
13,7,0.00,450.75,248.09,532.93,0.2079,1.9,2.06,5.31,-17.27,1.51,30.58,3.07,-10.00
13,7,-1.00,-1.00,-1.00,-1.00,0.1829,2.2,2.30,5.81,19.92,0.90,14.58,3.03,-10.00
13,7,-1.00,-1.00,-1.00,-1.00,0.1257,1.9,2.16,5.45,-10.01,1.54,-43.30,3.11,-10.00
13,7,165.95,396.22,328.23,506.05,0.1234,3.5,2.89,8.39,-21.57,1.24,47.25,1.48,-10.00
13,7,-1.00,-1.00,-1.00,-1.00,0.1204,2.0,2.24,6.02,-36.42,2.29,14.28,1.61,-10.00
13,7,-1.00,-1.00,-1.00,-1.00,0.1158,2.1,2.28,5.45,37.19,0.79,8.98,-0.11,-10.00
13,7,0.00,410.90,234.59,516.02,0.1062,3.4,2.70,8.37,-25.28,1.53,43.14,-0.11,-10.00
13,7,-1.00,-1.00,-1.00,-1.00,0.1003,2.1,2.35,5.80,48.66,-1.12,-3.11,3.10,-10.00
14,7,-1.00,-1.00,-1.00,-1.00,0.2803,2.0,2.27,5.61,-20.84,1.63,-3.55,-0.07,-10.00
14,7,-1.00,-1.00,-1.00,-1.00,0.2622,2.0,2.13,5.15,29.04,-0.65,-20.92,0.03,-10.00
14,7,-1.00,-1.00,-1.00,-1.00,0.2158,3.3,2.67,7.04,27.90,-0.44,-23.96,1.79,-10.00
14,7,-1.00,-1.00,-1.00,-1.00,0.1694,2.5,2.42,5.92,17.74,0.82,15.33,2.94,-10.00
14,7,-1.00,-1.00,-1.00,-1.00,0.1675,3.3,2.55,6.77,-50.37,2.57,3.60,-1.89,-10.00
14,7,-1.00,-1.00,-1.00,-1.00,0.1568,2.3,2.45,5.80,48.59,-0.23,36.25,2.97,-10.00
14,7,-1.00,-1.00,-1.00,-1.00,0.1566,1.9,2.10,5.43,-2.27,1.32,-47.49,-1.73,-10.00
14,7,0.00,388.73,73.99,515.85,0.1364,3.5,2.97,8.08,-27.39,1.40,40.54,1.32,-10.00
14,7,-1.00,-1.00,-1.00,-1.00,0.1326,2.0,2.21,5.55,48.37,-0.23,14.53,-0.13,-10.00
14,7,-1.00,-1.00,-1.00,-1.00,0.1303,1.9,2.15,5.31,-4.44,1.47,-46.18,2.99,-10.00
14,7,-1.00,-1.00,-1.00,-1.00,0.1111,2.1,2.12,5.56,5.42,1.33,-52.16,1.51,-10.00
15,7,-1.00,-1.00,-1.00,-1.00,0.4732,2.0,2.31,5.88,-37.57,1.48,-17.80,1.24,-10.00
15,7,-1.00,-1.00,-1.00,-1.00,0.3625,2.8,2.41,6.31,15.18,0.97,16.51,2.77,-10.00
15,7,-1.00,-1.00,-1.00,-1.00,0.1807,2.1,2.19,5.49,32.47,0.58,15.99,-0.52,-10.00
15,7,-1.00,-1.00,-1.00,-1.00,0.1447,2.0,2.06,5.61,44.75,0.04,19.80,-0.35,-10.00
15,7,-1.00,-1.00,-1.00,-1.00,0.1287,2.0,2.25,5.68,26.59,-0.45,-23.25,1.32,-10.00
15,7,1047.52,423.79,1266.93,500.45,0.1215,2.0,2.13,5.65,9.33,0.81,35.73,0.01,-10.00
15,7,-1.00,-1.00,-1.00,-1.00,0.1077,2.1,2.29,5.79,47.22,-0.62,8.12,-0.33,-10.00
15,7,-1.00,-1.00,-1.00,-1.00,0.1012,3.7,2.95,8.82,-36.86,1.88,30.37,-0.39,-10.00
16,7,-1.00,-1.00,-1.00,-1.00,0.3120,1.9,2.20,5.61,-33.42,1.32,-26.54,1.02,-10.00
16,7,1471.12,332.60,1600.00,559.51,0.1732,2.6,2.50,6.47,12.04,1.17,17.35,2.58,-10.00
16,7,-1.00,-1.00,-1.00,-1.00,0.1324,2.3,2.23,5.76,36.43,-0.11,-32.02,2.54,-10.00
16,7,381.49,397.49,650.35,526.24,0.1253,3.6,2.85,7.73,-9.52,1.69,38.40,-0.34,-10.00
16,7,-1.00,-1.00,-1.00,-1.00,0.1190,1.9,2.16,5.70,15.13,0.77,-48.35,-2.09,-10.00
16,7,-1.00,-1.00,-1.00,-1.00,0.1068,1.9,2.05,5.33,-15.62,1.65,-12.42,-2.19,-10.00
17,7,-1.00,-1.00,-1.00,-1.00,0.1644,3.7,3.17,9.77,-43.29,2.82,1.89,0.73,-10.00
17,7,-1.00,-1.00,-1.00,-1.00,0.1619,1.9,2.20,5.42,-27.80,1.28,-34.57,0.83,-10.00
17,7,-1.00,-1.00,-1.00,-1.00,0.1434,3.4,2.70,7.26,38.55,0.61,-52.65,0.93,-10.00
17,7,1180.07,349.82,1523.72,566.04,0.1430,2.4,2.39,6.01,7.32,1.22,17.01,2.30,-10.00
17,7,-1.00,-1.00,-1.00,-1.00,0.1164,3.2,2.62,7.60,44.54,0.32,29.44,1.13,-10.00
17,7,-1.00,-1.00,-1.00,-1.00,0.1082,2.1,2.20,5.79,20.75,1.10,-31.59,-2.25,-10.00
17,7,-1.00,-1.00,-1.00,-1.00,0.1035,2.6,2.39,5.87,43.15,-0.59,22.51,-2.26,-10.00
17,7,-1.00,-1.00,-1.00,-1.00,0.1016,1.9,2.03,5.34,-12.59,1.51,-20.11,0.86,-10.00
17,7,-1.00,-1.00,-1.00,-1.00,0.1000,2.0,2.11,5.32,4.52,1.40,-9.43,-2.26,-10.00
18,7,-1.00,-1.00,-1.00,-1.00,0.2909,2.1,2.18,5.44,18.68,0.68,25.78,-0.90,-10.00
18,7,912.26,357.01,1258.22,581.88,0.2449,2.4,2.30,5.76,3.56,1.33,16.12,2.16,-10.00
18,7,-1.00,-1.00,-1.00,-1.00,0.2093,2.9,2.52,6.23,38.75,0.64,34.29,1.00,-10.00
18,7,-1.00,-1.00,-1.00,-1.00,0.1720,2.1,2.18,6.06,-6.51,1.06,-20.90,-0.96,-10.00
18,7,-1.00,-1.00,-1.00,-1.00,0.1559,3.7,2.78,7.19,-38.19,2.52,-41.71,-1.06,-10.00
18,7,-1.00,-1.00,-1.00,-1.00,0.1416,1.9,2.09,5.74,13.99,1.09,17.45,-0.96,-10.00
18,7,-1.00,-1.00,-1.00,-1.00,0.1353,2.7,2.61,6.23,38.62,0.18,28.25,-2.92,-10.00
18,7,-1.00,-1.00,-1.00,-1.00,0.1287,1.9,2.10,5.29,-8.59,1.29,-23.72,-2.46,-10.00
18,7,57.18,384.16,385.25,522.87,0.1170,3.3,2.65,7.43,-15.94,1.38,33.33,-0.65,-10.00
18,7,-1.00,-1.00,-1.00,-1.00,0.1164,2.0,2.25,5.45,-21.37,1.01,-41.05,0.53,-10.00
18,7,-1.00,-1.00,-1.00,-1.00,0.1091,2.5,2.40,5.85,-46.81,0.54,0.24,0.56,-10.00
18,7,-1.00,-1.00,-1.00,-1.00,0.1020,4.2,3.20,12.49,-45.40,2.18,-6.77,0.62,-10.00
19,7,-1.00,-1.00,-1.00,-1.00,0.2638,2.2,2.28,5.53,-22.23,1.46,27.15,2.29,-10.00
19,7,1411.11,411.55,1540.44,521.38,0.2116,2.0,2.12,5.57,13.82,1.07,26.96,-1.15,-10.00
19,7,-1.00,-1.00,-1.00,-1.00,0.1987,3.8,3.34,10.28,-47.06,1.34,-6.48,0.43,-10.00
19,7,641.62,321.00,1039.39,611.09,0.1694,2.5,2.36,6.08,0.52,1.40,14.18,1.97,-10.00
19,7,1475.89,377.83,1600.00,549.24,0.1675,2.0,2.11,6.04,10.71,1.11,18.13,-1.12,-10.00
19,7,-1.00,-1.00,-1.00,-1.00,0.1340,2.0,2.10,5.07,32.05,0.74,38.68,0.75,-10.00
19,7,-1.00,-1.00,-1.00,-1.00,0.1210,2.2,2.38,6.84,-1.69,1.00,-23.72,1.19,-10.00
19,7,-1.00,-1.00,-1.00,-1.00,0.1155,2.0,2.19,5.61,46.17,-0.27,-22.51,-2.72,-10.00
19,7,-1.00,-1.00,-1.00,-1.00,0.1152,3.0,2.50,6.93,26.22,0.76,30.43,0.68,-10.00
20,7,1312.39,416.23,1565.46,603.81,0.2995,2.0,2.11,6.22,7.69,1.58,16.43,-1.25,-10.00
20,7,382.08,323.49,861.72,676.44,0.2708,2.5,2.33,5.66,-1.49,1.63,11.95,1.84,-10.00
20,7,1553.82,431.76,1600.00,504.14,0.1965,2.0,2.17,5.55,26.74,1.01,40.19,0.70,-10.00
20,7,-1.00,-1.00,-1.00,-1.00,0.1662,3.0,2.77,6.67,-25.49,2.52,22.50,2.15,-10.00
20,7,-1.00,-1.00,-1.00,-1.00,0.1483,1.9,2.10,5.38,-1.33,0.51,-29.34,-2.72,-10.00
20,7,-1.00,-1.00,-1.00,-1.00,0.1397,2.2,2.18,5.55,45.14,-0.16,-26.31,0.26,-10.00
20,7,-1.00,-1.00,-1.00,-1.00,0.1281,2.1,2.21,5.65,-5.34,0.42,-51.41,1.85,-10.00
20,7,-1.00,-1.00,-1.00,-1.00,0.1125,2.0,2.22,5.79,-1.21,0.53,-26.53,0.32,-10.00
21,7,-1.00,-1.00,-1.00,-1.00,0.2762,2.4,2.48,6.07,-27.57,2.21,17.75,2.05,-10.00
21,7,1142.88,436.58,1290.13,546.17,0.2535,1.9,1.99,5.23,7.59,1.49,24.92,-1.42,-10.00
21,7,-1.00,-1.00,-1.00,-1.00,0.1704,2.0,2.16,5.76,3.15,0.68,-26.77,0.07,-10.00
21,7,-1.00,-1.00,-1.00,-1.00,0.1584,3.9,3.15,11.53,-37.14,1.40,-30.51,0.22,-10.00
21,7,-1.00,-1.00,-1.00,-1.00,0.1274,3.9,3.30,10.78,-44.45,0.04,-46.87,-2.96,-10.00
21,7,-1.00,-1.00,-1.00,-1.00,0.1161,2.0,2.14,5.60,-30.74,1.34,-13.06,-2.83,-10.00
21,7,-1.00,-1.00,-1.00,-1.00,0.1097,1.9,2.07,5.33,0.42,0.21,-34.49,0.28,-10.00
21,7,-1.00,-1.00,-1.00,-1.00,0.1057,2.6,2.57,5.96,-42.88,0.61,-24.40,-3.01,-10.00
22,7,-1.00,-1.00,-1.00,-1.00,0.1687,2.8,2.68,6.97,-29.14,2.80,12.48,1.93,-10.00
22,7,-1.00,-1.00,-1.00,-1.00,0.1361,3.8,3.25,12.66,-36.10,0.99,-35.81,0.13,-10.00
22,7,-1.00,-1.00,-1.00,-1.00,0.1292,2.1,2.13,5.52,-13.51,0.17,-48.43,0.13,-10.00
22,7,1035.83,460.63,1131.92,536.11,0.1287,1.9,2.05,5.53,7.16,1.85,35.40,-1.47,-10.00
22,7,-1.00,-1.00,-1.00,-1.00,0.1154,3.3,3.03,8.80,-43.20,1.11,-27.11,-3.03,-10.00
22,7,-1.00,-1.00,-1.00,-1.00,0.1148,2.0,2.19,5.55,-36.17,3.22,8.97,0.36,-10.00
22,7,-1.00,-1.00,-1.00,-1.00,0.1097,3.0,2.63,6.13,-39.40,0.73,-30.41,0.07,-10.00
22,7,1165.65,405.28,1517.72,650.00,0.1044,1.9,2.02,5.48,4.72,1.54,12.47,-1.40,-10.00
22,7,-1.00,-1.00,-1.00,-1.00,0.1030,2.4,2.31,5.78,-11.18,0.48,-51.87,-1.61,-10.00
23,7,-1.00,-1.00,-1.00,-1.00,0.1383,2.3,2.35,6.27,-29.82,2.58,7.96,1.90,-10.00
23,7,-1.00,-1.00,-1.00,-1.00,0.1198,3.3,2.69,6.66,-38.87,0.64,-35.38,0.02,-10.00
23,7,-1.00,-1.00,-1.00,-1.00,0.1145,1.9,2.23,5.76,-35.48,3.03,3.74,-1.22,-10.00
23,7,-1.00,-1.00,-1.00,-1.00,0.1119,3.7,3.17,10.67,-32.41,0.60,-40.54,-3.06,-10.00
24,7,-1.00,-1.00,-1.00,-1.00,0.1544,2.0,2.22,5.90,-29.83,1.94,3.60,-1.33,-10.00
24,7,-1.00,-1.00,-1.00,-1.00,0.1009,1.9,2.14,5.39,-38.81,2.31,-6.58,-0.01,-10.00
24,7,1479.25,408.64,1600.00,502.94,0.1006,3.0,2.70,6.88,26.64,1.07,43.09,-0.02,-10.00
25,7,-1.00,-1.00,-1.00,-1.00,0.2411,3.8,3.01,13.89,11.41,0.95,-35.60,-3.14,-10.00
25,7,-1.00,-1.00,-1.00,-1.00,0.1384,2.3,2.42,5.74,35.14,0.12,-0.85,0.09,-10.00
25,7,1195.49,0.00,1600.00,900.00,0.1345,1.9,2.14,6.22,3.10,1.46,3.69,1.57,-10.00
25,7,-1.00,-1.00,-1.00,-1.00,0.1297,1.9,2.10,5.82,-29.88,1.20,-0.08,1.85,-10.00
25,7,-1.00,-1.00,-1.00,-1.00,0.1148,2.1,2.23,6.08,-32.84,1.98,18.90,-1.46,-10.00
25,7,1549.12,438.47,1600.00,512.91,0.1051,2.2,2.36,5.59,26.80,1.33,40.36,-3.13,-10.00
26,7,-1.00,-1.00,-1.00,-1.00,0.3448,2.2,2.20,5.76,-29.95,1.80,-4.08,1.76,-10.00
26,7,-1.00,-1.00,-1.00,-1.00,0.1619,4.1,4.18,20.49,-46.70,-2.84,-47.55,1.55,-10.00
26,7,-1.00,-1.00,-1.00,-1.00,0.1387,2.0,2.20,5.89,-32.81,1.91,16.22,-1.47,-10.00
26,7,-1.00,-1.00,-1.00,-1.00,0.1346,2.2,2.36,6.02,-25.77,1.80,-14.17,1.67,-10.00
26,7,-1.00,-1.00,-1.00,-1.00,0.1077,3.5,2.83,8.38,33.64,0.70,43.18,-2.25,-10.00
27,7,-1.00,-1.00,-1.00,-1.00,0.3623,2.0,2.19,5.64,-30.06,1.78,-7.02,1.82,-10.00
27,7,-1.00,-1.00,-1.00,-1.00,0.1840,2.2,2.37,5.43,33.38,-0.28,-6.24,-1.45,-10.00
27,7,-1.00,-1.00,-1.00,-1.00,0.1512,2.0,2.11,5.36,7.68,0.40,-49.43,0.04,-10.00
27,7,-1.00,-1.00,-1.00,-1.00,0.1337,2.0,2.10,5.97,3.11,1.48,-2.49,1.62,-10.00
27,7,-1.00,-1.00,-1.00,-1.00,0.1148,4.1,3.29,10.85,-14.90,0.88,-51.94,1.64,-10.00
28,7,-1.00,-1.00,-1.00,-1.00,0.2778,2.0,2.19,5.76,-30.03,1.48,-9.29,1.85,-10.00
28,7,-1.00,-1.00,-1.00,-1.00,0.2140,3.4,2.88,7.29,36.52,0.55,33.78,-2.97,-10.00
28,7,-1.00,-1.00,-1.00,-1.00,0.2100,1.9,2.09,5.92,3.38,1.56,-6.03,1.61,-10.00
28,7,-1.00,-1.00,-1.00,-1.00,0.1321,3.1,2.60,6.85,-15.55,-0.03,-43.38,-1.16,-10.00
28,7,-1.00,-1.00,-1.00,-1.00,0.1071,1.9,2.14,5.26,36.70,-0.12,-16.16,0.14,-10.00
28,7,-1.00,-1.00,-1.00,-1.00,0.1056,2.1,2.20,5.78,-32.91,2.26,12.06,-1.39,-10.00
29,7,-1.00,-1.00,-1.00,-1.00,0.1823,1.9,2.17,5.63,-30.57,1.29,-11.43,1.84,-10.00
29,7,-1.00,-1.00,-1.00,-1.00,0.1438,2.0,2.12,6.32,3.35,1.57,-9.38,1.65,-10.00
30,7,-1.00,-1.00,-1.00,-1.00,0.2502,3.0,2.36,5.84,7.94,-0.09,-49.87,-3.10,-10.00
30,7,-1.00,-1.00,-1.00,-1.00,0.1267,1.9,2.02,5.57,-33.00,2.00,4.72,1.79,-10.00
30,7,-1.00,-1.00,-1.00,-1.00,0.1159,2.0,2.10,5.53,-27.80,2.25,9.02,1.61,-10.00
30,7,-1.00,-1.00,-1.00,-1.00,0.1134,2.2,2.10,5.45,-4.88,1.22,-17.92,1.60,-10.00
30,7,-1.00,-1.00,-1.00,-1.00,0.1002,2.2,2.25,5.85,33.88,-0.88,-27.70,-3.07,-10.00
31,7,-1.00,-1.00,-1.00,-1.00,0.5669,2.0,2.13,5.42,-30.78,2.80,15.08,-0.19,-10.00
31,7,-1.00,-1.00,-1.00,-1.00,0.2150,1.9,2.13,5.38,-30.79,0.92,-16.29,1.84,-10.00
31,7,1110.89,454.16,1323.73,535.46,0.1790,2.0,2.19,5.20,10.39,1.74,33.76,-2.96,-10.00
31,7,1119.90,445.54,1600.00,863.64,0.1276,1.9,2.09,5.96,3.64,1.97,8.81,-1.50,-10.00
31,7,-1.00,-1.00,-1.00,-1.00,0.1254,2.2,2.20,5.48,-48.93,3.01,17.54,0.12,-10.00
32,7,-1.00,-1.00,-1.00,-1.00,0.1813,2.0,2.08,5.15,-32.22,2.73,11.74,2.95,-10.00
32,7,-1.00,-1.00,-1.00,-1.00,0.1761,1.9,1.94,4.88,-25.04,0.92,-44.66,0.16,-10.00
32,7,-1.00,-1.00,-1.00,-1.00,0.1543,1.9,2.07,4.93,-30.55,1.21,-18.63,1.84,-10.00
32,7,1172.33,470.70,1415.22,559.41,0.1294,2.0,2.25,5.34,11.27,2.16,30.66,0.28,-10.00
32,7,-1.00,-1.00,-1.00,-1.00,0.1151,2.1,2.32,5.12,44.85,-0.02,46.20,-2.91,-10.00
32,7,-1.00,-1.00,-1.00,-1.00,0.1076,2.3,2.18,5.44,-5.17,1.02,-23.64,1.63,-10.00
32,7,-1.00,-1.00,-1.00,-1.00,0.1015,2.3,2.33,5.39,33.58,-1.36,-24.03,-3.00,-10.00
33,7,-1.00,-1.00,-1.00,-1.00,0.3504,2.2,2.37,6.13,40.47,0.42,22.98,-2.85,-10.00
33,7,-1.00,-1.00,-1.00,-1.00,0.2541,2.0,2.11,5.40,-26.52,0.43,-31.42,1.58,-10.00
33,7,1190.10,430.67,1496.32,550.70,0.2025,2.4,2.33,5.85,11.07,1.73,27.25,0.37,-10.00
33,7,-1.00,-1.00,-1.00,-1.00,0.1899,2.2,2.51,6.92,-22.00,0.96,-47.99,-2.92,-10.00
33,7,-1.00,-1.00,-1.00,-1.00,0.1400,2.0,2.11,5.36,-30.48,1.06,-21.96,1.89,-10.00
33,7,-1.00,-1.00,-1.00,-1.00,0.1149,2.4,2.33,5.49,44.55,-0.19,42.87,-2.92,-10.00
33,7,-1.00,-1.00,-1.00,-1.00,0.1092,1.9,2.02,5.30,32.65,-0.92,-25.07,1.53,-10.00
33,7,1478.49,454.18,1600.00,509.92,0.1077,1.9,2.16,5.18,28.29,1.48,48.52,-2.74,-10.00
34,7,-1.00,-1.00,-1.00,-1.00,0.2699,1.9,2.03,5.27,-30.27,1.78,-25.31,1.85,-10.00
34,7,-1.00,-1.00,-1.00,-1.00,0.1585,2.5,2.28,5.97,-26.38,0.85,-35.26,-1.60,-10.00
34,7,-1.00,-1.00,-1.00,-1.00,0.1475,2.1,2.25,5.84,-43.77,2.28,2.64,1.66,-10.00
34,7,-1.00,-1.00,-1.00,-1.00,0.1404,2.3,2.07,5.19,-4.78,1.55,-30.47,1.59,-10.00
34,7,-1.00,-1.00,-1.00,-1.00,0.1212,2.0,2.15,5.20,-33.89,2.51,-49.98,0.11,-10.00
35,7,-1.00,-1.00,-1.00,-1.00,0.2327,2.4,2.22,5.48,-4.58,1.40,-34.06,1.53,-10.00
35,7,-1.00,-1.00,-1.00,-1.00,0.2124,1.9,2.07,5.83,2.77,1.56,-21.10,-1.49,-10.00
35,7,-1.00,-1.00,-1.00,-1.00,0.1812,2.4,2.38,5.89,36.63,0.14,13.48,-0.53,-10.00
35,7,-1.00,-1.00,-1.00,-1.00,0.1695,1.9,2.14,5.25,-30.40,1.75,-30.21,1.87,-10.00
35,7,-1.00,-1.00,-1.00,-1.00,0.1442,2.1,2.17,5.86,34.76,-0.13,-30.98,0.31,-10.00
35,7,-1.00,-1.00,-1.00,-1.00,0.1188,3.4,2.84,7.75,-41.83,1.89,-6.85,-3.03,-10.00
35,7,-1.00,-1.00,-1.00,-1.00,0.1092,2.5,2.35,5.76,32.66,-0.32,-32.55,1.73,-10.00
36,7,-1.00,-1.00,-1.00,-1.00,0.3222,2.3,2.13,5.36,-4.28,1.56,-37.61,1.55,-10.00
36,7,-1.00,-1.00,-1.00,-1.00,0.2018,2.2,2.23,5.77,35.20,-0.35,-34.57,0.07,-10.00
36,7,-1.00,-1.00,-1.00,-1.00,0.1336,2.0,2.15,5.48,0.01,1.46,-17.28,-1.53,-10.00
36,7,-1.00,-1.00,-1.00,-1.00,0.1196,1.9,2.15,5.49,20.40,0.96,-47.64,-3.14,-10.00
36,7,-1.00,-1.00,-1.00,-1.00,0.1165,2.1,2.27,5.82,29.85,0.93,24.33,-2.76,-10.00
36,7,-1.00,-1.00,-1.00,-1.00,0.1078,2.0,2.06,5.27,-10.55,1.01,-44.81,1.62,-10.00
36,7,1375.20,386.87,1600.00,513.39,0.1077,3.8,2.78,8.13,22.78,1.35,41.29,-2.91,-10.00
37,7,-1.00,-1.00,-1.00,-1.00,0.2751,2.0,2.16,5.44,-25.27,0.77,-46.76,1.52,-10.00
37,7,-1.00,-1.00,-1.00,-1.00,0.1554,2.6,2.52,6.43,33.44,-0.04,-39.23,1.69,-10.00
37,7,-1.00,-1.00,-1.00,-1.00,0.1362,2.2,2.19,5.41,-4.15,1.67,-40.91,1.60,-10.00
37,7,-1.00,-1.00,-1.00,-1.00,0.1183,1.9,2.13,5.38,0.02,1.29,-18.08,-1.57,-10.00
38,7,-1.00,-1.00,-1.00,-1.00,0.2413,2.4,2.22,5.31,-4.56,1.42,-44.60,1.63,-10.00
38,7,850.55,456.97,919.26,514.70,0.1881,1.9,2.18,5.62,2.26,1.61,46.98,1.68,-10.00
38,7,-1.00,-1.00,-1.00,-1.00,0.1065,2.1,2.23,5.52,-25.84,0.84,-50.49,-1.50,-10.00
38,7,-1.00,-1.00,-1.00,-1.00,0.1023,2.0,2.26,5.97,-40.10,2.18,-11.74,-1.47,-10.00
39,7,-1.00,-1.00,-1.00,-1.00,0.3381,3.1,3.01,6.69,2.96,1.19,-46.40,-1.53,-10.00
39,7,-1.00,-1.00,-1.00,-1.00,0.2801,2.3,2.32,5.86,-4.71,1.28,-48.69,1.58,-10.00
39,7,-1.00,-1.00,-1.00,-1.00,0.2017,2.1,2.30,6.09,35.33,0.87,11.81,-3.08,-10.00
39,7,863.91,449.04,939.17,511.43,0.1953,1.9,2.06,5.39,2.67,1.37,43.40,-1.41,-10.00
39,7,-1.00,-1.00,-1.00,-1.00,0.1921,2.2,2.26,5.31,28.22,1.30,13.47,-2.78,-10.00
39,7,660.29,457.99,863.40,534.31,0.1583,2.0,2.21,5.44,-1.88,1.83,36.22,0.41,-10.00
39,7,-1.00,-1.00,-1.00,-1.00,0.1532,2.0,2.18,5.79,33.80,0.96,13.94,1.78,-10.00
39,7,-1.00,-1.00,-1.00,-1.00,0.1308,1.9,2.09,5.61,-12.65,1.18,-46.85,0.00,-10.00
39,7,1264.12,384.72,1381.50,520.93,0.1182,3.7,2.78,6.98,15.03,1.51,38.41,-1.26,-10.00
39,7,818.84,456.58,971.74,512.98,0.1097,2.0,2.15,5.51,2.65,1.59,48.08,-2.88,-10.00
