0,7,649.56,452.92,775.50,546.24,0.4346,2.0,2.23,5.90,-2.64,1.83,30.55,1.62,-10.00
0,7,1070.95,412.28,1321.81,582.32,0.1537,2.2,2.12,5.60,5.32,1.59,18.98,-1.57,-10.00
0,7,-1.00,-1.00,-1.00,-1.00,0.1282,3.8,2.82,7.30,14.36,0.71,-42.82,0.08,-10.00
0,7,-1.00,-1.00,-1.00,-1.00,0.1022,1.9,2.18,5.46,18.83,-0.39,-9.71,-1.53,-10.00
1,7,-1.00,-1.00,-1.00,-1.00,0.3169,2.1,2.24,6.00,5.41,0.99,-33.16,-1.59,-10.00
1,7,320.85,422.21,495.92,528.24,0.2546,3.8,3.14,8.99,-16.48,2.29,50.29,1.68,-10.00
1,7,943.49,451.37,1025.25,513.65,0.1576,2.1,2.25,6.11,5.86,1.58,47.36,1.56,-10.00
1,7,-1.00,-1.00,-1.00,-1.00,0.1341,1.9,2.04,5.19,-11.68,1.37,-24.11,-1.59,-10.00
1,7,0.00,484.66,191.35,544.93,0.1086,2.0,2.14,5.77,-25.43,2.56,43.35,3.14,-10.00
1,7,-1.00,-1.00,-1.00,-1.00,0.1084,3.9,2.88,7.39,13.35,0.33,-51.51,0.03,-10.00
1,7,-1.00,-1.00,-1.00,-1.00,0.1080,1.9,2.16,5.62,4.84,1.01,-49.68,-1.57,-10.00
1,7,1090.07,451.48,1280.36,577.53,0.1054,1.9,2.03,4.90,6.08,1.79,21.92,1.60,-10.00
1,7,99.73,478.74,242.09,538.58,0.1045,2.0,2.17,5.62,-23.35,2.45,44.93,1.56,-10.00
1,7,524.13,439.00,720.97,592.81,0.1045,2.0,2.05,5.53,-2.90,1.75,19.15,1.58,-10.00
1,7,-1.00,-1.00,-1.00,-1.00,0.1009,3.5,2.69,7.70,19.65,0.46,4.14,-3.13,-10.00
1,7,-1.00,-1.00,-1.00,-1.00,0.1001,2.3,2.37,6.41,-29.99,3.04,16.62,1.60,-10.00
2,7,-1.00,-1.00,-1.00,-1.00,0.1892,2.0,2.12,5.46,-13.02,1.42,-49.20,1.57,-10.00
2,7,-1.00,-1.00,-1.00,-1.00,0.1644,2.1,2.40,6.01,-38.19,3.27,4.70,1.57,-10.00
2,7,-1.00,-1.00,-1.00,-1.00,0.1517,2.0,2.13,5.77,5.30,0.99,-37.91,-1.58,-10.00
2,7,-1.00,-1.00,-1.00,-1.00,0.1500,2.9,2.73,7.35,-30.46,2.74,9.59,1.59,-10.00
2,7,0.00,478.80,173.68,546.40,0.1184,2.0,2.18,5.75,-23.52,2.41,40.01,1.60,-10.00
2,7,437.23,464.60,554.79,529.24,0.1078,2.0,2.28,5.92,-11.27,2.01,43.22,1.61,-10.00
2,7,-1.00,-1.00,-1.00,-1.00,0.1052,2.0,2.15,5.36,-21.41,1.73,-0.33,2.04,-10.00
3,7,-1.00,-1.00,-1.00,-1.00,0.3216,2.0,2.30,5.71,-30.38,2.01,-2.36,1.60,-10.00
3,7,-1.00,-1.00,-1.00,-1.00,0.1967,2.0,2.24,5.91,5.02,1.03,-31.56,-1.57,-10.00
3,7,-1.00,-1.00,-1.00,-1.00,0.1879,2.0,2.24,5.69,-32.98,1.90,-2.24,1.55,-10.00
3,7,-1.00,-1.00,-1.00,-1.00,0.1452,2.0,2.19,5.59,4.86,0.41,-50.48,-1.55,-10.00
3,7,-1.00,-1.00,-1.00,-1.00,0.1258,2.0,2.13,6.15,5.13,1.03,-42.94,-1.59,-10.00
3,7,-1.00,-1.00,-1.00,-1.00,0.1145,1.9,2.14,5.33,-33.39,2.19,1.69,-1.57,-10.00
3,7,-1.00,-1.00,-1.00,-1.00,0.1118,2.1,2.21,5.32,14.92,1.08,-1.34,-1.46,-10.00
3,7,-1.00,-1.00,-1.00,-1.00,0.1079,2.8,2.63,6.07,-50.04,2.88,10.68,-0.00,-10.00
3,7,-1.00,-1.00,-1.00,-1.00,0.1047,2.1,2.17,5.53,-47.89,2.88,18.52,0.06,-10.00
4,7,-1.00,-1.00,-1.00,-1.00,0.1956,3.4,2.79,8.68,18.81,1.58,15.03,1.62,-10.00
4,7,-1.00,-1.00,-1.00,-1.00,0.1895,2.1,2.22,5.75,5.04,1.45,-46.86,-1.58,-10.00
4,7,498.31,475.41,600.76,533.84,0.1480,2.1,2.27,5.93,-10.50,2.43,48.02,1.64,-10.00
4,7,-1.00,-1.00,-1.00,-1.00,0.1100,2.0,2.21,5.84,-41.15,2.85,38.42,2.96,-10.00
4,7,-1.00,-1.00,-1.00,-1.00,0.1086,2.3,2.42,6.61,-12.40,1.35,-37.88,1.53,-10.00
4,7,-1.00,-1.00,-1.00,-1.00,0.1078,3.6,2.99,9.89,21.98,-0.21,-9.94,0.09,-10.00
4,7,-1.00,-1.00,-1.00,-1.00,0.1035,2.0,2.19,5.55,-26.35,1.47,6.11,-1.61,-10.00
4,7,-1.00,-1.00,-1.00,-1.00,0.1004,2.1,2.41,6.38,-39.78,2.56,-0.60,1.56,-10.00
5,7,435.87,475.94,550.77,539.72,0.2599,2.0,2.27,5.89,-11.31,2.38,43.04,1.59,-10.00
5,7,-1.00,-1.00,-1.00,-1.00,0.2109,2.0,1.98,5.33,-3.81,0.93,-24.88,1.60,-10.00
5,7,244.63,468.15,463.50,571.57,0.1649,1.9,2.06,5.33,-9.40,1.99,25.52,1.65,-10.00
5,7,-1.00,-1.00,-1.00,-1.00,0.1380,2.1,2.39,6.16,-33.54,2.38,-2.42,-1.61,-10.00
5,7,-1.00,-1.00,-1.00,-1.00,0.1369,2.0,2.13,5.61,4.90,0.71,-40.35,-1.62,-10.00
5,7,-1.00,-1.00,-1.00,-1.00,0.1327,2.0,2.26,5.63,-47.03,2.56,10.98,-1.56,-10.00
5,7,-1.00,-1.00,-1.00,-1.00,0.1295,2.1,2.29,6.06,-12.39,1.13,-42.01,1.57,-10.00
5,7,-1.00,-1.00,-1.00,-1.00,0.1249,3.1,2.66,6.27,-36.73,2.84,36.20,0.07,-10.00
5,7,992.77,456.56,1096.76,533.12,0.1104,1.9,2.11,5.52,6.00,1.75,35.11,-1.53,-10.00
5,7,-1.00,-1.00,-1.00,-1.00,0.1099,2.0,2.25,5.75,-38.02,2.40,28.86,1.61,-10.00
5,7,-1.00,-1.00,-1.00,-1.00,0.1064,2.0,2.24,5.74,-39.36,2.74,3.44,1.58,-10.00
5,7,-1.00,-1.00,-1.00,-1.00,0.1057,2.0,2.01,5.38,4.68,1.33,-4.96,-1.55,-10.00
5,7,-1.00,-1.00,-1.00,-1.00,0.1045,3.0,2.73,8.10,-30.92,1.72,-20.85,1.58,-10.00
5,7,-1.00,-1.00,-1.00,-1.00,0.1015,2.6,2.45,5.90,-50.57,0.42,-0.75,0.01,-10.00
6,7,-1.00,-1.00,-1.00,-1.00,0.2237,3.6,2.99,8.52,-23.32,2.21,25.94,-0.01,-10.00
6,7,-1.00,-1.00,-1.00,-1.00,0.1855,2.1,2.36,5.65,-38.76,2.56,-5.22,1.54,-10.00
6,7,391.24,472.47,525.69,542.47,0.1671,1.9,2.22,5.95,-11.05,2.19,38.17,1.59,-10.00
6,7,1010.40,464.16,1142.98,558.22,0.1437,2.1,2.14,5.67,5.95,2.10,30.55,-1.56,-10.00
6,7,-1.00,-1.00,-1.00,-1.00,0.1377,2.3,2.35,5.88,-36.78,2.24,31.73,0.14,-10.00
6,7,-1.00,-1.00,-1.00,-1.00,0.1237,2.2,2.59,6.43,-31.34,1.39,-29.82,1.59,-10.00
6,7,484.28,475.76,582.78,531.86,0.1179,1.9,2.22,5.78,-10.91,2.30,47.12,1.59,-10.00
6,7,-1.00,-1.00,-1.00,-1.00,0.1149,2.0,2.17,5.36,-37.17,1.99,33.85,3.11,-10.00
6,7,448.65,477.46,554.39,534.39,0.1143,1.8,2.03,5.08,-10.85,2.15,42.22,1.62,-10.00
6,7,-1.00,-1.00,-1.00,-1.00,0.1116,2.3,2.34,5.62,28.20,1.66,24.85,-3.01,-10.00
6,7,-1.00,-1.00,-1.00,-1.00,0.1084,2.0,2.17,5.67,-48.85,1.77,2.25,0.01,-10.00
6,7,946.94,450.15,1018.58,507.17,0.1036,1.9,2.17,5.47,5.94,1.36,48.30,-1.55,-10.00
6,7,-1.00,-1.00,-1.00,-1.00,0.1010,2.0,2.35,6.18,-38.74,2.34,-9.15,1.57,-10.00
6,7,-1.00,-1.00,-1.00,-1.00,0.1010,3.7,2.98,10.30,26.78,-0.57,-11.12,1.62,-10.00
6,7,-1.00,-1.00,-1.00,-1.00,0.1005,2.1,2.34,6.20,-47.15,2.04,5.23,-1.57,-10.00
7,7,-1.00,-1.00,-1.00,-1.00,0.2177,2.2,2.24,5.34,-12.80,1.27,-49.58,-1.53,-10.00
7,7,-1.00,-1.00,-1.00,-1.00,0.2017,2.2,2.21,5.59,4.41,0.56,-50.88,-1.54,-10.00
7,7,-1.00,-1.00,-1.00,-1.00,0.1774,2.0,2.31,5.84,-38.45,1.91,-13.85,1.62,-10.00
7,7,1034.58,449.48,1217.95,563.19,0.1483,2.0,2.20,5.66,5.86,1.82,25.38,-1.59,-10.00
7,7,-1.00,-1.00,-1.00,-1.00,0.1153,3.5,2.86,7.94,-18.77,1.24,-51.67,-1.56,-10.00
7,7,983.66,454.16,1192.59,527.46,0.1125,1.9,2.01,5.41,7.20,1.57,34.97,-3.11,-10.00
7,7,-1.00,-1.00,-1.00,-1.00,0.1104,1.9,2.14,5.72,-39.28,2.22,-5.64,-1.50,-10.00
7,7,0.00,463.51,251.67,642.31,0.1099,1.8,2.05,5.40,-9.57,1.92,15.63,1.63,-10.00
7,7,-1.00,-1.00,-1.00,-1.00,0.1043,2.0,2.12,5.54,4.49,1.40,-14.62,-1.55,-10.00
7,7,478.37,466.91,576.25,526.98,0.1036,1.9,2.13,5.77,-10.48,1.98,44.35,1.56,-10.00
7,7,-1.00,-1.00,-1.00,-1.00,0.1009,1.9,2.06,5.38,-4.72,0.59,-46.23,1.62,-10.00
8,7,-1.00,-1.00,-1.00,-1.00,0.2785,2.0,2.12,5.47,4.36,1.19,-19.65,-1.54,-10.00
8,7,-1.00,-1.00,-1.00,-1.00,0.2381,2.1,2.39,6.27,-33.59,2.27,-2.04,-1.58,-10.00
8,7,-1.00,-1.00,-1.00,-1.00,0.2033,2.0,2.33,5.59,-38.73,1.87,-19.23,1.62,-10.00
8,7,-1.00,-1.00,-1.00,-1.00,0.1408,2.3,2.33,5.85,-5.14,1.13,-52.30,1.66,-10.00
8,7,971.65,458.00,1064.68,530.98,0.1379,2.1,2.20,5.77,5.98,1.91,39.83,-1.54,-10.00
8,7,-1.00,-1.00,-1.00,-1.00,0.1305,1.9,2.06,5.24,-12.21,1.14,-40.11,1.60,-10.00
8,7,966.37,443.94,1044.17,509.41,0.1020,2.0,2.13,5.55,6.27,1.33,44.57,-1.54,-10.00
8,7,-1.00,-1.00,-1.00,-1.00,0.1002,2.1,2.22,5.98,17.20,0.61,13.76,3.06,-10.00
9,7,-1.00,-1.00,-1.00,-1.00,0.4242,1.9,2.08,5.46,4.32,1.21,-24.73,-1.52,-10.00
9,7,-1.00,-1.00,-1.00,-1.00,0.2900,2.3,2.38,6.28,-34.77,1.89,10.52,1.62,-10.00
9,7,-1.00,-1.00,-1.00,-1.00,0.1901,2.0,2.23,5.75,-45.90,2.72,-1.67,-1.56,-10.00
9,7,500.56,468.33,605.80,530.19,0.1839,2.2,2.23,5.97,-10.38,2.28,48.14,1.67,-10.00
9,7,-1.00,-1.00,-1.00,-1.00,0.1601,2.7,2.72,6.84,-47.74,2.52,-13.12,1.60,-10.00
9,7,-1.00,-1.00,-1.00,-1.00,0.1382,3.2,2.71,6.48,-40.81,2.70,33.11,0.19,-10.00
9,7,985.64,452.98,1103.33,530.37,0.1342,1.8,2.07,5.51,5.68,1.58,33.39,-1.59,-10.00
9,7,-1.00,-1.00,-1.00,-1.00,0.1342,1.8,2.06,5.18,-39.92,2.68,7.86,0.03,-10.00
9,7,-1.00,-1.00,-1.00,-1.00,0.1308,2.0,2.13,5.44,-42.90,2.30,-1.05,1.65,-10.00
9,7,207.70,486.74,415.78,583.33,0.1307,1.9,2.14,5.53,-11.15,2.40,27.70,1.61,-10.00
10,7,-1.00,-1.00,-1.00,-1.00,0.3089,2.0,2.19,5.47,-45.74,2.04,-5.67,1.57,-10.00
10,7,-1.00,-1.00,-1.00,-1.00,0.2824,1.9,2.12,5.51,4.22,1.12,-30.05,-1.51,-10.00
10,7,-1.00,-1.00,-1.00,-1.00,0.1700,1.9,2.15,5.47,-12.73,0.95,-50.34,1.61,-10.00
10,7,503.23,470.51,592.20,524.97,0.1324,1.9,2.20,5.61,-10.85,2.12,49.18,1.58,-10.00
10,7,463.43,476.47,570.75,537.37,0.1268,1.9,2.16,5.48,-10.59,2.32,43.36,1.61,-10.00
10,7,246.00,465.05,439.39,552.83,0.1228,1.8,2.18,5.72,-11.12,1.90,29.38,-1.54,-10.00
10,7,950.67,462.52,1031.36,520.79,0.1113,1.9,2.09,5.57,5.99,1.83,46.36,-1.60,-10.00
10,7,-1.00,-1.00,-1.00,-1.00,0.1097,1.9,2.09,5.47,-43.11,1.90,-6.06,-1.54,-10.00
10,7,-1.00,-1.00,-1.00,-1.00,0.1095,4.0,3.09,10.93,32.30,-0.08,-12.83,3.09,-10.00
11,7,964.11,462.15,1057.10,529.02,0.2632,2.0,2.04,5.32,5.92,1.90,41.01,-1.61,-10.00
11,7,-1.00,-1.00,-1.00,-1.00,0.2500,2.0,2.15,5.46,-45.80,2.48,-10.63,1.57,-10.00
11,7,-1.00,-1.00,-1.00,-1.00,0.1889,2.0,2.14,5.46,4.12,1.32,-34.90,-1.51,-10.00
11,7,-1.00,-1.00,-1.00,-1.00,0.1864,2.2,2.26,6.00,-26.20,0.28,-18.53,-0.19,-10.00
11,7,994.30,447.92,1189.15,520.63,0.1289,2.1,2.23,5.65,8.27,1.56,39.52,-3.13,-10.00
11,7,-1.00,-1.00,-1.00,-1.00,0.1247,1.8,2.12,5.38,-24.72,2.14,-11.82,-0.01,-10.00
11,7,442.39,471.46,553.46,537.56,0.1217,2.1,2.19,6.12,-11.07,2.29,42.72,1.57,-10.00
11,7,-1.00,-1.00,-1.00,-1.00,0.1177,3.7,2.93,8.32,44.36,-0.57,-18.48,-3.11,-10.00
11,7,-1.00,-1.00,-1.00,-1.00,0.1059,1.8,2.13,5.48,-43.38,2.46,-11.13,-1.55,-10.00
12,7,-1.00,-1.00,-1.00,-1.00,0.2654,2.0,2.15,5.64,4.17,0.92,-39.97,-1.60,-10.00
12,7,-1.00,-1.00,-1.00,-1.00,0.2605,1.9,2.02,5.10,-45.61,1.89,-15.80,1.64,-10.00
12,7,-1.00,-1.00,-1.00,-1.00,0.2280,2.0,2.27,5.82,-23.81,1.74,-4.50,-1.62,-10.00
12,7,470.53,461.62,578.45,519.34,0.1705,1.9,2.14,5.51,-10.95,1.76,45.91,1.67,-10.00
12,7,-1.00,-1.00,-1.00,-1.00,0.1543,2.0,2.14,5.37,-43.18,1.87,-15.41,1.66,-10.00
12,7,969.19,437.63,1054.40,508.15,0.1118,2.1,2.24,5.87,6.23,1.22,42.86,-1.53,-10.00
12,7,-1.00,-1.00,-1.00,-1.00,0.1077,1.9,2.26,5.92,-38.59,2.10,-5.81,1.54,-10.00
12,7,-1.00,-1.00,-1.00,-1.00,0.1049,1.9,2.22,5.69,-23.31,1.95,-8.74,1.52,-10.00
12,7,-1.00,-1.00,-1.00,-1.00,0.1023,2.1,2.35,5.79,28.85,1.41,16.72,-2.92,-10.00
13,7,-1.00,-1.00,-1.00,-1.00,0.1948,2.0,2.38,5.76,-38.83,2.58,-12.30,1.55,-10.00
13,7,-1.00,-1.00,-1.00,-1.00,0.1614,2.0,2.16,5.34,-9.97,1.71,-14.48,1.62,-10.00
13,7,988.55,438.12,1080.57,513.50,0.1165,2.0,2.21,5.92,6.22,1.26,38.16,-1.50,-10.00
13,7,-1.00,-1.00,-1.00,-1.00,0.1125,1.9,2.13,5.50,5.09,1.18,-37.24,-1.63,-10.00
14,7,-1.00,-1.00,-1.00,-1.00,0.3122,2.0,2.19,5.75,4.08,0.79,-49.82,-1.63,-10.00
14,7,-1.00,-1.00,-1.00,-1.00,0.1824,1.9,2.13,5.57,4.90,1.02,-42.28,-1.54,-10.00
14,7,-1.00,-1.00,-1.00,-1.00,0.1772,3.0,2.67,5.99,22.59,-2.44,-48.93,1.61,-10.00
14,7,397.73,486.14,572.94,549.83,0.1665,2.1,2.24,5.53,-11.97,2.78,44.07,0.22,-10.00
14,7,-1.00,-1.00,-1.00,-1.00,0.1572,2.0,2.34,5.86,17.26,1.30,12.40,0.04,-10.00
14,7,-1.00,-1.00,-1.00,-1.00,0.1258,2.5,2.64,6.65,50.31,-3.67,-42.15,-3.07,-10.00
14,7,936.02,458.67,1016.51,521.52,0.1216,2.3,2.26,5.40,5.95,2.03,50.51,-1.63,-10.00
14,7,338.11,481.71,490.43,561.36,0.1200,2.1,2.20,5.55,-11.48,2.52,35.40,1.63,-10.00
14,7,960.24,449.59,1118.27,507.36,0.1127,2.1,2.24,5.71,8.21,1.40,48.77,3.12,-10.00
14,7,-1.00,-1.00,-1.00,-1.00,0.1011,3.4,2.75,8.42,13.19,0.60,-49.79,1.59,-10.00
15,7,-1.00,-1.00,-1.00,-1.00,0.1903,2.0,2.18,5.83,-12.26,1.20,-22.48,-0.05,-10.00
15,7,-1.00,-1.00,-1.00,-1.00,0.1851,1.9,2.10,5.86,12.87,0.61,-43.56,1.55,-10.00
15,7,434.08,482.78,546.22,547.62,0.1540,1.9,2.18,5.56,-10.67,2.46,40.20,1.55,-10.00
15,7,-1.00,-1.00,-1.00,-1.00,0.1520,3.0,2.70,6.35,37.42,-3.24,-47.24,-3.13,-10.00
15,7,-1.00,-1.00,-1.00,-1.00,0.1502,1.9,2.19,5.79,-9.98,1.43,-24.13,1.50,-10.00
15,7,-1.00,-1.00,-1.00,-1.00,0.1496,2.1,2.27,6.03,4.88,0.87,-47.50,-1.57,-10.00
15,7,-1.00,-1.00,-1.00,-1.00,0.1454,4.0,3.33,11.25,25.57,-1.53,-50.66,-1.59,-10.00
15,7,-1.00,-1.00,-1.00,-1.00,0.1450,2.2,2.30,5.97,-50.69,0.95,-45.36,0.09,-10.00
15,7,-1.00,-1.00,-1.00,-1.00,0.1232,2.1,2.24,5.68,-39.19,2.51,8.94,-0.05,-10.00
15,7,117.71,433.19,316.53,505.05,0.1175,2.4,2.45,6.03,-22.18,1.22,45.82,3.13,-10.00
15,7,259.84,468.68,454.50,559.16,0.1121,2.0,2.18,5.93,-11.29,2.13,30.73,1.64,-10.00
15,7,-1.00,-1.00,-1.00,-1.00,0.1100,2.0,2.19,5.43,-47.39,1.53,-38.17,-1.47,-10.00
15,7,-1.00,-1.00,-1.00,-1.00,0.1093,2.1,2.29,5.73,-48.43,1.16,-47.46,-1.50,-10.00
15,7,1144.43,449.83,1308.66,553.05,0.1053,1.9,2.09,5.48,8.00,1.66,25.65,1.68,-10.00
15,7,-1.00,-1.00,-1.00,-1.00,0.1045,1.9,2.29,5.95,-22.93,1.68,-6.69,1.54,-10.00
15,7,0.00,443.99,191.50,520.79,0.1038,2.1,2.14,5.48,-21.62,1.43,36.15,0.01,-10.00
16,7,-1.00,-1.00,-1.00,-1.00,0.1761,3.9,3.30,14.22,17.25,0.47,-47.53,1.61,-10.00
16,7,-1.00,-1.00,-1.00,-1.00,0.1354,2.0,2.14,5.48,-38.17,2.67,17.27,-1.54,-10.00
16,7,-1.00,-1.00,-1.00,-1.00,0.1280,2.0,2.24,5.62,-20.99,2.02,13.66,1.56,-10.00
16,7,484.90,458.81,594.02,533.78,0.1224,2.6,2.56,6.47,-10.72,2.39,47.41,1.58,-10.00
16,7,-1.00,-1.00,-1.00,-1.00,0.1092,2.1,2.16,5.60,-10.72,1.63,-28.80,1.51,-10.00
16,7,991.87,503.05,1087.56,572.09,0.1004,2.0,2.14,5.46,6.66,3.16,39.79,-1.56,-10.00
17,7,-1.00,-1.00,-1.00,-1.00,0.2996,2.0,2.21,5.74,-10.94,1.25,-34.15,1.57,-10.00
17,7,-1.00,-1.00,-1.00,-1.00,0.2077,3.5,2.72,7.61,17.11,-0.00,-49.37,1.62,-10.00
17,7,1024.25,511.09,1141.13,590.38,0.1616,2.0,2.13,5.31,6.91,3.19,34.43,-1.56,-10.00
17,7,0.00,480.23,108.56,553.48,0.1522,2.4,2.38,5.91,-28.00,2.79,42.47,-3.13,-10.00
17,7,-1.00,-1.00,-1.00,-1.00,0.1345,1.9,2.15,5.46,-21.23,2.67,14.31,1.62,-10.00
17,7,-1.00,-1.00,-1.00,-1.00,0.1039,1.9,2.15,5.50,-20.45,1.42,-1.77,-3.08,-10.00
18,7,491.60,442.55,634.22,552.85,0.6151,3.8,2.87,8.87,-9.92,3.13,48.30,1.66,-10.00
18,7,71.59,497.00,375.90,603.68,0.2809,1.9,2.07,5.29,-11.52,2.48,23.98,0.33,-10.00
18,7,-1.00,-1.00,-1.00,-1.00,0.1857,1.9,2.24,5.49,-38.66,2.07,-2.42,-1.57,-10.00
18,7,-1.00,-1.00,-1.00,-1.00,0.1433,2.5,2.48,7.00,13.73,1.09,-14.09,1.65,-10.00
18,7,0.00,467.99,134.81,656.96,0.1080,1.9,2.15,5.54,-11.39,2.08,15.79,1.59,-10.00
18,7,997.85,508.96,1076.39,572.00,0.1003,2.0,2.27,5.71,7.17,3.43,43.23,1.67,-10.00
19,7,-1.00,-1.00,-1.00,-1.00,0.3948,2.1,2.30,5.96,-12.68,1.35,-40.10,1.60,-10.00
19,7,449.70,441.91,582.75,543.03,0.3234,3.2,2.75,6.56,-10.41,2.46,42.73,1.60,-10.00
19,7,0.00,492.22,261.66,629.26,0.1877,1.9,2.12,5.49,-11.68,2.32,19.20,0.31,-10.00
19,7,-1.00,-1.00,-1.00,-1.00,0.1803,1.9,2.15,5.73,4.74,1.47,-34.84,-1.59,-10.00
19,7,-1.00,-1.00,-1.00,-1.00,0.1723,3.7,3.07,10.44,-33.63,2.39,32.70,0.07,-10.00
19,7,-1.00,-1.00,-1.00,-1.00,0.1687,2.2,2.49,6.18,30.90,0.79,17.62,3.03,-10.00
19,7,-1.00,-1.00,-1.00,-1.00,0.1580,1.9,2.12,5.46,-38.48,2.91,-9.10,1.56,-10.00
19,7,-1.00,-1.00,-1.00,-1.00,0.1552,2.0,2.28,5.95,-21.66,1.93,5.77,1.52,-10.00
19,7,-1.00,-1.00,-1.00,-1.00,0.1389,1.9,2.10,5.58,4.75,1.23,-23.84,-1.57,-10.00
19,7,1024.57,476.91,1141.63,558.80,0.1097,1.9,2.07,5.61,6.53,2.25,32.57,-1.53,-10.00
19,7,-1.00,-1.00,-1.00,-1.00,0.1086,3.2,2.85,6.94,51.43,1.01,42.96,-0.12,-10.00
20,7,-1.00,-1.00,-1.00,-1.00,0.2301,2.0,2.22,5.79,-12.75,1.34,-45.14,1.59,-10.00
20,7,-1.00,-1.00,-1.00,-1.00,0.2226,2.3,2.30,6.44,4.40,1.06,-47.49,-1.60,-10.00
20,7,557.88,484.03,668.23,551.71,0.1604,1.9,2.05,5.54,-6.57,2.52,39.26,1.66,-10.00
20,7,-1.00,-1.00,-1.00,-1.00,0.1552,2.0,2.38,5.92,-21.72,1.31,-2.49,1.56,-10.00
20,7,-1.00,-1.00,-1.00,-1.00,0.1368,2.1,2.18,6.00,5.01,0.84,-39.89,-1.61,-10.00
20,7,-1.00,-1.00,-1.00,-1.00,0.1269,1.9,2.29,5.56,-39.06,1.41,-24.57,-1.56,-10.00
20,7,384.73,439.12,529.82,542.11,0.1225,2.8,2.49,6.14,-10.92,2.15,37.65,1.58,-10.00
20,7,-1.00,-1.00,-1.00,-1.00,0.1209,1.9,2.04,5.40,4.82,1.20,-28.59,-1.55,-10.00
20,7,-1.00,-1.00,-1.00,-1.00,0.1033,2.1,2.42,5.86,-38.70,2.19,2.88,1.58,-10.00
20,7,-1.00,-1.00,-1.00,-1.00,0.1007,2.0,2.38,5.84,-38.15,1.99,-0.64,1.57,-10.00
21,7,611.35,462.38,691.63,528.09,0.2776,2.1,2.14,5.67,-6.04,2.00,43.87,1.55,-10.00
21,7,-1.00,-1.00,-1.00,-1.00,0.2290,2.2,2.17,6.14,4.99,0.89,-45.12,-1.51,-10.00
21,7,-1.00,-1.00,-1.00,-1.00,0.1817,1.9,2.06,5.68,4.96,1.05,-27.05,-1.57,-10.00
21,7,-1.00,-1.00,-1.00,-1.00,0.1778,3.4,2.92,8.16,51.33,1.16,33.81,-3.10,-10.00
21,7,-1.00,-1.00,-1.00,-1.00,0.1559,2.0,2.24,5.36,-38.76,2.73,-9.26,-1.55,-10.00
21,7,-1.00,-1.00,-1.00,-1.00,0.1535,1.9,2.15,5.43,-12.10,1.95,8.92,0.34,-10.00
21,7,-1.00,-1.00,-1.00,-1.00,0.1533,1.9,2.29,5.73,-25.38,1.62,-4.81,1.57,-10.00
21,7,460.50,467.67,623.32,551.08,0.1531,1.9,2.12,5.59,-7.05,2.02,31.76,1.72,-10.00
21,7,-1.00,-1.00,-1.00,-1.00,0.1463,2.0,2.13,5.59,-12.92,1.43,-50.01,1.60,-10.00
21,7,-1.00,-1.00,-1.00,-1.00,0.1416,2.0,2.31,5.86,-38.13,1.89,-2.42,1.54,-10.00
21,7,1177.73,440.39,1342.75,500.15,0.1286,2.0,2.29,5.68,16.25,1.05,47.08,0.35,-10.00
21,7,293.94,433.67,485.99,550.38,0.1251,2.7,2.55,6.58,-11.17,2.06,32.77,1.60,-10.00
21,7,-1.00,-1.00,-1.00,-1.00,0.1204,2.0,2.16,5.74,15.87,0.90,4.43,0.01,-10.00
21,7,969.85,491.73,1059.69,563.38,0.1173,2.1,2.19,5.81,5.87,2.90,39.77,1.61,-10.00
21,7,-1.00,-1.00,-1.00,-1.00,0.1075,2.2,2.29,5.75,-22.88,1.82,15.48,-3.14,-10.00
22,7,-1.00,-1.00,-1.00,-1.00,0.2427,2.0,2.13,5.79,5.10,1.25,-32.09,-1.60,-10.00
22,7,186.28,426.53,435.09,557.57,0.1943,2.6,2.50,6.52,-11.19,1.89,27.97,1.63,-10.00
22,7,317.79,469.92,542.54,582.89,0.1914,1.9,2.04,5.44,-7.53,2.11,24.54,1.71,-10.00
22,7,-1.00,-1.00,-1.00,-1.00,0.1789,3.0,2.58,7.04,-27.87,1.79,29.19,1.51,-10.00
22,7,-1.00,-1.00,-1.00,-1.00,0.1783,2.1,2.28,6.04,4.63,1.32,-39.14,-1.56,-10.00
22,7,-1.00,-1.00,-1.00,-1.00,0.1430,1.9,2.18,5.62,28.16,0.91,-32.10,0.04,-10.00
22,7,-1.00,-1.00,-1.00,-1.00,0.1367,3.4,2.89,7.33,-22.24,2.06,-9.18,1.63,-10.00
22,7,952.77,453.92,1020.69,511.45,0.1353,1.9,2.05,5.54,5.93,1.49,47.01,-1.53,-10.00
22,7,24.80,471.07,234.46,534.47,0.1144,1.9,2.12,5.37,-21.94,2.01,39.67,2.98,-10.00
22,7,-1.00,-1.00,-1.00,-1.00,0.1131,2.0,2.15,5.58,4.08,1.01,-49.88,-1.58,-10.00
22,7,-1.00,-1.00,-1.00,-1.00,0.1034,2.0,2.36,5.80,-40.06,2.23,-13.59,-1.60,-10.00
22,7,-1.00,-1.00,-1.00,-1.00,0.1029,2.0,2.15,5.31,-19.91,1.21,-15.24,3.09,-10.00
22,7,562.50,454.27,669.02,538.20,0.1022,2.1,2.05,5.40,-5.56,1.83,33.75,1.55,-10.00
22,7,-1.00,-1.00,-1.00,-1.00,0.1016,2.2,2.31,5.67,28.04,0.87,5.68,1.42,-10.00
23,7,-1.00,-1.00,-1.00,-1.00,0.2138,2.1,2.21,5.41,-19.97,1.45,-20.15,-3.11,-10.00
23,7,-1.00,-1.00,-1.00,-1.00,0.1611,1.9,2.11,5.79,4.71,1.32,-36.66,-1.54,-10.00
23,7,74.64,469.66,430.33,627.45,0.1583,1.9,2.05,5.36,-7.85,2.06,17.93,1.71,-10.00
23,7,13.55,414.80,346.76,571.60,0.1382,2.4,2.40,6.30,-11.23,1.73,22.57,1.64,-10.00
23,7,1119.35,460.97,1591.27,610.58,0.1285,1.9,2.04,5.49,6.97,1.83,17.04,-3.10,-10.00
23,7,-1.00,-1.00,-1.00,-1.00,0.1260,2.2,2.33,5.76,-22.11,1.48,-15.50,1.59,-10.00
23,7,479.48,449.07,617.26,564.41,0.1118,2.0,1.98,5.30,-5.22,1.76,24.22,1.47,-10.00
23,7,967.45,449.79,1038.08,513.90,0.1115,1.9,2.08,5.62,6.01,1.42,42.27,1.76,-10.00
23,7,-1.00,-1.00,-1.00,-1.00,0.1065,2.0,2.22,5.69,7.16,1.03,-28.69,-1.53,-10.00
23,7,-1.00,-1.00,-1.00,-1.00,0.1048,3.4,2.78,8.15,27.49,1.85,26.84,1.65,-10.00
23,7,-1.00,-1.00,-1.00,-1.00,0.1035,1.8,2.01,4.90,-47.71,2.39,6.25,-3.13,-10.00
24,7,-1.00,-1.00,-1.00,-1.00,0.1733,2.0,2.12,5.28,4.53,0.78,-48.63,-1.56,-10.00
24,7,0.00,392.37,228.40,605.33,0.1631,2.5,2.49,6.43,-11.31,1.73,17.76,1.58,-10.00
24,7,-1.00,-1.00,-1.00,-1.00,0.1625,2.0,2.17,5.50,-27.02,2.00,15.86,1.51,-10.00
24,7,202.39,433.55,542.30,652.19,0.1524,2.0,2.12,5.56,-4.87,1.84,14.50,1.53,-10.00
24,7,-1.00,-1.00,-1.00,-1.00,0.1293,2.0,2.14,5.51,-20.81,1.43,-25.09,3.12,-10.00
24,7,-1.00,-1.00,-1.00,-1.00,0.1186,2.2,2.32,5.87,50.80,0.81,32.58,3.11,-10.00
24,7,-1.00,-1.00,-1.00,-1.00,0.1057,2.1,2.19,6.12,-24.51,1.90,16.69,1.59,-10.00
24,7,963.36,472.12,1054.45,539.56,0.1008,1.9,2.01,5.28,5.36,2.07,37.51,1.59,-10.00
25,7,689.81,414.79,776.25,514.47,0.2399,3.4,2.64,7.49,-3.53,1.65,48.90,-1.55,-10.00
25,7,-1.00,-1.00,-1.00,-1.00,0.2151,2.4,2.43,6.38,-24.69,1.90,12.90,1.60,-10.00
25,7,926.81,457.68,1012.92,518.14,0.2109,2.1,2.15,5.82,5.48,1.82,48.80,-1.66,-10.00
25,7,-1.00,-1.00,-1.00,-1.00,0.1962,3.3,2.86,7.54,29.64,1.16,14.81,0.05,-10.00
25,7,-1.00,-1.00,-1.00,-1.00,0.1927,1.9,2.15,5.54,-21.81,1.46,-26.08,-1.61,-10.00
25,7,496.71,470.53,586.65,527.23,0.1737,2.0,2.19,5.49,-11.01,2.20,48.84,1.58,-10.00
25,7,-1.00,-1.00,-1.00,-1.00,0.1704,3.1,2.87,7.89,17.16,1.26,14.81,0.02,-10.00
25,7,-1.00,-1.00,-1.00,-1.00,0.1560,2.0,2.16,5.52,4.35,1.23,-39.84,-1.46,-10.00
25,7,0.00,364.30,13.66,668.19,0.1177,2.3,2.41,6.26,-11.68,1.70,12.87,1.60,-10.00
25,7,90.44,479.02,382.31,574.72,0.1141,1.9,2.09,5.31,-12.67,2.21,27.15,0.01,-10.00
25,7,-1.00,-1.00,-1.00,-1.00,0.1139,2.1,2.14,5.27,-12.74,0.73,-45.58,1.68,-10.00
25,7,1485.60,459.25,1600.00,517.78,0.1103,1.9,2.09,5.41,26.47,1.64,44.04,0.04,-10.00
25,7,0.00,240.74,148.08,900.00,0.1030,1.9,2.00,5.29,-4.80,1.71,4.41,1.55,-10.00
26,7,-1.00,-1.00,-1.00,-1.00,0.3621,3.0,2.55,7.01,-24.85,2.37,7.86,1.60,-10.00
26,7,-1.00,-1.00,-1.00,-1.00,0.2610,2.2,2.18,5.76,15.65,0.92,-22.26,-0.02,-10.00
26,7,0.00,453.64,126.94,611.29,0.2291,2.1,2.24,6.07,-13.94,2.05,19.89,-1.57,-10.00
26,7,-1.00,-1.00,-1.00,-1.00,0.1951,2.8,2.45,6.44,-11.69,1.93,7.48,1.59,-10.00
26,7,-1.00,-1.00,-1.00,-1.00,0.1380,2.0,2.13,5.26,26.47,1.67,38.49,-1.55,-10.00
26,7,-1.00,-1.00,-1.00,-1.00,0.1369,1.9,2.10,5.26,-44.05,2.29,-5.00,-0.02,-10.00
26,7,-1.00,-1.00,-1.00,-1.00,0.1163,2.1,2.18,5.72,27.24,0.68,-23.26,-0.96,-10.00
26,7,-1.00,-1.00,-1.00,-1.00,0.1136,1.9,2.15,5.69,4.99,0.75,-45.49,-1.50,-10.00
26,7,-1.00,-1.00,-1.00,-1.00,0.1016,2.0,2.22,5.91,6.95,1.19,-43.86,-1.47,-10.00
26,7,933.25,456.51,1025.80,521.52,0.1012,2.0,2.03,5.32,5.13,1.71,42.79,-1.66,-10.00
26,7,-1.00,-1.00,-1.00,-1.00,0.1007,1.8,2.11,5.32,-37.58,2.55,-5.94,-3.03,-10.00
27,7,-1.00,-1.00,-1.00,-1.00,0.1616,2.0,2.26,5.77,26.34,-0.20,-31.16,-1.53,-10.00
27,7,-1.00,-1.00,-1.00,-1.00,0.1513,2.2,2.22,5.74,4.52,0.53,-50.66,-1.59,-10.00
27,7,-1.00,-1.00,-1.00,-1.00,0.1462,1.9,2.19,5.52,28.33,0.83,32.85,-3.05,-10.00
27,7,-1.00,-1.00,-1.00,-1.00,0.1387,2.9,2.66,7.44,-25.19,2.35,2.62,1.61,-10.00
27,7,-1.00,-1.00,-1.00,-1.00,0.1362,1.9,2.09,5.59,5.12,0.94,-31.99,-1.58,-10.00
27,7,-1.00,-1.00,-1.00,-1.00,0.1298,1.9,2.08,5.45,-13.90,2.05,14.55,-1.58,-10.00
27,7,619.54,407.55,725.32,535.24,0.1187,3.5,2.71,6.05,-4.55,1.95,37.97,-1.61,-10.00
28,7,-1.00,-1.00,-1.00,-1.00,0.1509,2.0,2.22,5.29,28.88,-0.16,-26.09,-0.07,-10.00
28,7,592.37,414.21,717.08,546.09,0.1331,3.0,2.46,5.64,-4.11,1.85,31.00,-1.60,-10.00
28,7,-1.00,-1.00,-1.00,-1.00,0.1201,2.3,2.35,6.18,-11.82,1.88,-2.43,1.57,-10.00
28,7,930.76,463.26,1125.42,533.30,0.1196,2.2,2.41,6.03,6.64,2.08,41.82,3.11,-10.00
28,7,-1.00,-1.00,-1.00,-1.00,0.1117,2.0,2.22,5.83,-4.83,1.15,-28.96,1.60,-10.00
28,7,-1.00,-1.00,-1.00,-1.00,0.1085,1.9,2.09,5.45,5.11,1.06,-36.54,-1.69,-10.00
28,7,-1.00,-1.00,-1.00,-1.00,0.1077,2.0,2.16,5.48,28.65,0.00,-29.23,-0.25,-10.00
29,7,-1.00,-1.00,-1.00,-1.00,0.1934,2.8,2.52,6.46,-11.91,1.84,-7.02,1.59,-10.00
29,7,-1.00,-1.00,-1.00,-1.00,0.1841,2.0,2.19,5.73,4.63,0.67,-48.49,-1.58,-10.00
29,7,-1.00,-1.00,-1.00,-1.00,0.1829,1.9,2.10,5.76,5.20,0.79,-41.63,-1.56,-10.00
29,7,-1.00,-1.00,-1.00,-1.00,0.1767,2.4,2.39,6.55,13.92,1.25,15.69,-1.59,-10.00
29,7,-1.00,-1.00,-1.00,-1.00,0.1511,2.0,2.17,5.38,-11.70,1.87,-30.96,0.40,-10.00
29,7,-1.00,-1.00,-1.00,-1.00,0.1495,1.9,2.11,5.33,-5.26,0.94,-39.98,1.57,-10.00
29,7,-1.00,-1.00,-1.00,-1.00,0.1477,2.0,2.20,5.86,-23.12,2.11,11.24,-1.44,-10.00
29,7,1290.97,435.94,1574.93,522.79,0.1303,1.9,2.06,5.55,14.00,1.19,29.19,0.00,-10.00
29,7,946.13,469.68,1029.26,540.82,0.1183,2.0,2.09,5.56,4.95,2.12,37.88,-1.38,-10.00
29,7,-1.00,-1.00,-1.00,-1.00,0.1181,1.9,2.14,5.83,26.78,1.65,25.13,1.86,-10.00
29,7,1008.77,450.47,1079.17,514.74,0.1144,1.9,2.13,5.73,7.50,1.47,42.81,-1.36,-10.00
29,7,-1.00,-1.00,-1.00,-1.00,0.1076,2.1,2.25,5.94,-41.11,4.20,28.81,1.68,-10.00
29,7,-1.00,-1.00,-1.00,-1.00,0.1051,2.0,2.12,5.72,27.06,0.05,-49.98,-1.39,-10.00
30,7,1315.87,445.54,1592.56,532.44,0.4203,2.0,2.22,5.54,15.14,1.49,30.50,0.03,-10.00
30,7,-1.00,-1.00,-1.00,-1.00,0.2477,2.1,2.07,5.63,-5.37,0.79,-51.51,1.59,-10.00
30,7,-1.00,-1.00,-1.00,-1.00,0.1838,2.2,2.31,5.89,-25.23,1.80,-11.32,1.61,-10.00
30,7,-1.00,-1.00,-1.00,-1.00,0.1726,2.0,2.18,5.63,-41.24,3.17,23.21,-1.54,-10.00
30,7,-1.00,-1.00,-1.00,-1.00,0.1571,2.0,2.23,5.66,26.80,1.13,20.03,-1.31,-10.00
30,7,-1.00,-1.00,-1.00,-1.00,0.1486,1.9,2.16,6.09,4.93,0.87,-46.60,-1.61,-10.00
30,7,-1.00,-1.00,-1.00,-1.00,0.1130,1.9,2.08,5.32,-10.62,1.72,-36.28,0.54,-10.00
31,7,1390.58,431.99,1600.00,543.51,0.2534,2.1,2.30,5.90,15.09,1.48,25.76,3.11,-10.00
31,7,-1.00,-1.00,-1.00,-1.00,0.2229,2.2,2.29,5.93,-25.64,1.71,-16.22,1.60,-10.00
31,7,-1.00,-1.00,-1.00,-1.00,0.2052,2.0,2.30,5.48,-42.97,2.38,-33.27,1.57,-10.00
31,7,-1.00,-1.00,-1.00,-1.00,0.1940,1.9,2.05,5.51,4.54,1.14,-27.49,-1.59,-10.00
31,7,-1.00,-1.00,-1.00,-1.00,0.1813,1.9,2.18,5.85,-24.65,2.80,19.94,1.65,-10.00
31,7,-1.00,-1.00,-1.00,-1.00,0.1722,1.8,2.06,4.97,11.72,1.25,-8.87,1.56,-10.00
31,7,-1.00,-1.00,-1.00,-1.00,0.1493,2.0,2.11,5.48,4.13,1.05,-51.27,-1.69,-10.00
31,7,-1.00,-1.00,-1.00,-1.00,0.1412,2.1,2.27,5.48,32.86,0.96,10.75,0.09,-10.00
31,7,-1.00,-1.00,-1.00,-1.00,0.1382,2.0,2.21,5.73,11.61,1.05,-12.57,-1.55,-10.00
31,7,-1.00,-1.00,-1.00,-1.00,0.1283,1.9,2.29,5.69,-30.60,1.76,-41.65,-3.13,-10.00
31,7,-1.00,-1.00,-1.00,-1.00,0.1222,2.1,2.26,5.81,4.28,1.38,-34.34,-1.51,-10.00
31,7,446.72,478.44,582.63,540.34,0.1202,2.0,2.10,5.60,-10.62,2.41,43.19,1.83,-10.00
31,7,-1.00,-1.00,-1.00,-1.00,0.1194,2.8,2.58,6.62,-12.28,1.75,-16.24,1.60,-10.00
31,7,-1.00,-1.00,-1.00,-1.00,0.1077,2.1,2.13,5.57,-51.47,2.21,-17.25,-0.19,-10.00
31,7,-1.00,-1.00,-1.00,-1.00,0.1045,2.2,2.41,5.62,26.33,0.41,-34.38,-1.60,-10.00
32,7,1576.71,412.32,1600.00,555.76,0.2876,2.1,2.23,5.53,15.63,1.35,20.24,0.11,-10.00
32,7,-1.00,-1.00,-1.00,-1.00,0.1385,2.0,2.21,5.80,11.62,0.96,-13.95,-1.56,-10.00
32,7,-1.00,-1.00,-1.00,-1.00,0.1375,2.2,2.35,5.94,19.28,0.70,-16.89,1.61,-10.00
32,7,231.29,451.23,370.88,520.50,0.1356,2.3,2.37,6.16,-19.07,1.79,45.88,1.60,-10.00
32,7,-1.00,-1.00,-1.00,-1.00,0.1331,2.0,2.11,5.23,17.57,1.72,6.90,-2.16,-10.00
32,7,-1.00,-1.00,-1.00,-1.00,0.1302,2.0,2.16,5.67,-41.24,3.40,14.93,-1.47,-10.00
32,7,-1.00,-1.00,-1.00,-1.00,0.1271,2.0,2.13,5.35,-42.76,3.06,-24.41,-1.35,-10.00
32,7,-1.00,-1.00,-1.00,-1.00,0.1173,1.9,2.29,5.74,-24.68,2.71,14.96,1.57,-10.00
32,7,-1.00,-1.00,-1.00,-1.00,0.1162,2.0,2.26,5.27,32.35,0.65,5.92,0.13,-10.00
32,7,-1.00,-1.00,-1.00,-1.00,0.1115,2.0,2.17,5.73,-11.30,1.71,-48.10,1.35,-10.00
32,7,-1.00,-1.00,-1.00,-1.00,0.1057,1.9,2.16,5.80,-33.24,2.88,12.79,-1.54,-10.00
32,7,408.80,474.18,530.06,545.17,0.1052,2.0,2.16,5.40,-10.86,2.29,38.55,1.57,-10.00
33,7,-1.00,-1.00,-1.00,-1.00,0.3514,2.2,2.07,5.08,15.15,1.34,15.33,0.07,-10.00
33,7,-1.00,-1.00,-1.00,-1.00,0.2420,1.9,2.04,5.28,-24.09,2.70,16.14,1.59,-10.00
33,7,-1.00,-1.00,-1.00,-1.00,0.2387,2.1,2.34,6.02,-26.16,1.38,-25.11,1.65,-10.00
33,7,-1.00,-1.00,-1.00,-1.00,0.1635,1.9,2.10,5.82,3.77,1.14,-31.07,-1.57,-10.00
33,7,-1.00,-1.00,-1.00,-1.00,0.1333,2.0,2.18,5.49,-45.75,1.70,5.98,-3.02,-10.00
33,7,-1.00,-1.00,-1.00,-1.00,0.1310,1.9,2.23,5.61,-40.93,3.37,10.44,-1.46,-10.00
33,7,-1.00,-1.00,-1.00,-1.00,0.1259,2.8,2.55,6.74,-12.84,1.70,-25.72,1.66,-10.00
33,7,-1.00,-1.00,-1.00,-1.00,0.1156,2.0,2.18,5.69,39.24,0.16,-6.57,0.56,-10.00
33,7,-1.00,-1.00,-1.00,-1.00,0.1149,2.1,2.23,6.04,-32.64,2.60,8.67,-1.57,-10.00
33,7,-1.00,-1.00,-1.00,-1.00,0.1123,2.0,2.09,4.94,25.87,0.59,-30.00,-0.24,-10.00
33,7,1074.10,422.21,1195.89,507.27,0.1111,2.0,2.04,5.46,8.21,0.93,33.90,-1.54,-10.00
33,7,-1.00,-1.00,-1.00,-1.00,0.1108,2.1,2.20,5.68,-48.63,4.03,29.03,-0.99,-10.00
33,7,0.00,477.36,147.45,548.38,0.1094,1.9,2.11,5.60,-22.96,2.23,36.17,-3.08,-10.00
33,7,-1.00,-1.00,-1.00,-1.00,0.1011,1.9,2.20,6.04,-22.21,2.49,5.87,1.53,-10.00
34,7,232.68,527.57,446.73,629.21,0.2209,2.1,2.14,5.38,-10.96,3.38,28.00,-2.44,-10.00
34,7,-1.00,-1.00,-1.00,-1.00,0.2107,2.0,2.24,5.77,-26.52,1.41,-29.56,1.61,-10.00
34,7,-1.00,-1.00,-1.00,-1.00,0.2024,2.0,2.42,5.73,-41.03,2.97,5.54,1.63,-10.00
34,7,-1.00,-1.00,-1.00,-1.00,0.1920,2.8,2.64,7.15,-13.54,1.79,-30.77,1.63,-10.00
34,7,-1.00,-1.00,-1.00,-1.00,0.1552,2.0,2.15,5.52,-11.02,1.91,-45.35,-1.53,-10.00
34,7,1088.94,449.14,1205.35,523.97,0.1548,1.9,2.07,5.40,8.85,1.47,35.09,-1.52,-10.00
34,7,1051.79,450.68,1155.55,516.59,0.1542,1.8,2.13,5.42,8.58,1.41,39.33,-1.55,-10.00
34,7,-1.00,-1.00,-1.00,-1.00,0.1426,2.2,2.37,5.45,45.80,-0.01,-13.52,-1.63,-10.00
34,7,-1.00,-1.00,-1.00,-1.00,0.1420,1.9,2.12,5.46,-24.02,2.55,11.66,1.62,-10.00
34,7,-1.00,-1.00,-1.00,-1.00,0.1415,3.3,2.85,7.70,28.57,0.36,-17.98,0.06,-10.00
34,7,-1.00,-1.00,-1.00,-1.00,0.1387,2.1,1.99,5.37,14.99,1.00,9.98,0.11,-10.00
34,7,1103.76,442.00,1234.18,525.85,0.1284,1.9,2.07,5.31,8.51,1.38,31.66,1.62,-10.00
34,7,-1.00,-1.00,-1.00,-1.00,0.1206,2.1,2.22,5.56,-51.73,2.42,-14.14,0.01,-10.00
34,7,-1.00,-1.00,-1.00,-1.00,0.1152,1.9,2.15,5.46,-25.54,2.18,-11.27,-1.45,-10.00
34,7,-1.00,-1.00,-1.00,-1.00,0.1144,3.5,2.84,8.63,17.45,0.93,-29.12,0.02,-10.00
34,7,-1.00,-1.00,-1.00,-1.00,0.1039,2.0,2.21,5.54,43.66,0.15,-12.37,0.05,-10.00
35,7,-1.00,-1.00,-1.00,-1.00,0.2322,2.3,2.33,6.38,13.25,0.91,-13.90,1.63,-10.00
35,7,-1.00,-1.00,-1.00,-1.00,0.1452,2.5,2.45,6.03,36.54,-0.61,-38.35,-3.11,-10.00
35,7,-1.00,-1.00,-1.00,-1.00,0.1444,2.4,2.32,6.15,-13.55,1.72,-34.50,1.63,-10.00
35,7,-1.00,-1.00,-1.00,-1.00,0.1306,1.9,2.24,5.54,-13.92,1.89,-46.82,-1.46,-10.00
35,7,-1.00,-1.00,-1.00,-1.00,0.1244,3.0,2.77,7.86,16.63,1.85,13.25,0.13,-10.00
35,7,-1.00,-1.00,-1.00,-1.00,0.1170,1.9,2.22,5.79,-24.45,1.90,1.59,-1.60,-10.00
35,7,-1.00,-1.00,-1.00,-1.00,0.1168,2.0,2.15,5.58,3.05,1.76,-40.10,-1.52,-10.00
35,7,-1.00,-1.00,-1.00,-1.00,0.1108,1.8,2.09,5.21,-31.53,2.16,-49.39,-1.50,-10.00
35,7,-1.00,-1.00,-1.00,-1.00,0.1032,3.9,2.88,7.88,15.79,0.68,-41.50,0.09,-10.00
35,7,-1.00,-1.00,-1.00,-1.00,0.1007,1.9,2.20,5.59,-28.20,1.76,-45.36,1.65,-10.00
36,7,-1.00,-1.00,-1.00,-1.00,0.1790,1.9,2.12,5.62,27.83,1.01,-11.68,0.08,-10.00
36,7,-1.00,-1.00,-1.00,-1.00,0.1703,2.0,2.20,5.64,-24.11,2.42,3.92,1.63,-10.00
36,7,-1.00,-1.00,-1.00,-1.00,0.1443,2.6,2.25,5.63,-13.63,1.73,-39.41,1.65,-10.00
36,7,1110.06,445.08,1278.29,533.97,0.1292,1.9,2.06,5.68,8.73,1.53,30.40,1.51,-10.00
36,7,-1.00,-1.00,-1.00,-1.00,0.1257,2.7,2.48,5.98,-28.95,2.44,37.71,-3.08,-10.00
36,7,-1.00,-1.00,-1.00,-1.00,0.1149,2.1,2.13,5.43,-13.92,1.82,-51.96,-1.56,-10.00
36,7,-1.00,-1.00,-1.00,-1.00,0.1104,2.5,2.56,6.99,13.20,1.19,-19.37,-1.52,-10.00
36,7,-1.00,-1.00,-1.00,-1.00,0.1095,2.1,2.40,5.86,-42.49,2.79,-19.35,-1.41,-10.00
36,7,-1.00,-1.00,-1.00,-1.00,0.1056,3.8,2.78,7.49,23.96,0.81,-40.28,-0.02,-10.00
36,7,-1.00,-1.00,-1.00,-1.00,0.1021,2.0,2.23,5.54,-28.20,1.45,-36.71,0.02,-10.00
37,7,-1.00,-1.00,-1.00,-1.00,0.2566,1.9,2.21,5.45,-24.60,1.89,-8.59,1.65,-10.00
37,7,-1.00,-1.00,-1.00,-1.00,0.2235,2.1,2.04,5.49,14.85,1.16,-9.51,0.10,-10.00
37,7,464.54,472.89,583.13,543.01,0.1861,1.9,2.11,5.44,-8.96,2.17,37.61,1.60,-10.00
37,7,-1.00,-1.00,-1.00,-1.00,0.1681,1.9,2.15,5.22,-27.57,1.82,-42.01,-3.05,-10.00
37,7,-1.00,-1.00,-1.00,-1.00,0.1465,2.7,2.33,6.18,-13.39,1.43,-44.39,1.63,-10.00
37,7,-1.00,-1.00,-1.00,-1.00,0.1418,3.1,2.70,6.99,46.04,-1.71,-48.75,0.09,-10.00
37,7,574.23,473.00,661.89,529.97,0.1342,2.1,2.16,5.69,-8.16,2.35,49.62,1.64,-10.00
37,7,972.05,452.43,1041.27,517.50,0.1315,2.3,2.31,5.35,7.09,1.84,49.87,-1.50,-10.00
37,7,-1.00,-1.00,-1.00,-1.00,0.1206,2.0,2.06,5.16,-34.64,2.34,31.90,3.08,-10.00
37,7,-1.00,-1.00,-1.00,-1.00,0.1195,1.9,2.16,5.75,-26.57,1.67,-31.82,1.74,-10.00
37,7,-1.00,-1.00,-1.00,-1.00,0.1108,2.2,2.25,5.78,-47.84,3.14,7.92,-0.00,-10.00
37,7,-1.00,-1.00,-1.00,-1.00,0.1096,2.1,2.15,5.56,26.25,0.85,-17.62,1.73,-10.00
37,7,-1.00,-1.00,-1.00,-1.00,0.1076,2.0,2.20,5.81,3.80,1.32,-39.46,-1.40,-10.00
37,7,-1.00,-1.00,-1.00,-1.00,0.1041,2.6,2.43,6.19,41.67,-0.56,-33.08,0.00,-10.00
37,7,-1.00,-1.00,-1.00,-1.00,0.1031,2.3,2.35,5.67,-47.99,3.21,12.08,-1.59,-10.00
38,7,-1.00,-1.00,-1.00,-1.00,0.2097,2.0,2.16,5.52,4.59,1.11,-31.93,-1.54,-10.00
38,7,-1.00,-1.00,-1.00,-1.00,0.2014,2.0,2.16,5.57,10.93,0.65,-43.42,1.60,-10.00
38,7,-1.00,-1.00,-1.00,-1.00,0.1704,2.0,2.26,5.52,-24.26,1.86,-8.20,1.58,-10.00
38,7,-1.00,-1.00,-1.00,-1.00,0.1611,3.5,2.87,11.03,-23.29,1.95,11.79,0.12,-10.00
38,7,-1.00,-1.00,-1.00,-1.00,0.1582,1.9,2.25,5.58,-42.10,2.57,-29.84,1.67,-10.00
38,7,963.70,459.80,1040.48,519.63,0.1435,1.9,2.21,5.77,6.29,1.75,45.53,-1.52,-10.00
38,7,-1.00,-1.00,-1.00,-1.00,0.1371,2.0,2.37,5.84,-47.04,3.29,3.48,-1.59,-10.00
38,7,-1.00,-1.00,-1.00,-1.00,0.1310,2.1,2.18,5.86,4.65,0.87,-44.21,-1.77,-10.00
38,7,-1.00,-1.00,-1.00,-1.00,0.1157,2.9,2.75,6.92,-50.97,2.66,-16.31,-1.89,-10.00
38,7,-1.00,-1.00,-1.00,-1.00,0.1106,2.5,2.32,6.03,-13.01,1.13,-49.87,1.61,-10.00
38,7,1027.88,458.59,1120.04,523.57,0.1097,2.0,2.18,5.96,8.43,1.81,43.28,1.61,-10.00
38,7,-1.00,-1.00,-1.00,-1.00,0.1042,2.1,2.30,5.58,40.44,0.24,-2.92,-1.57,-10.00
38,7,-1.00,-1.00,-1.00,-1.00,0.1042,2.0,2.38,5.88,-41.20,2.64,-12.65,1.60,-10.00
38,7,-1.00,-1.00,-1.00,-1.00,0.1018,2.0,2.37,5.60,-41.70,2.49,-16.56,1.65,-10.00
39,7,-1.00,-1.00,-1.00,-1.00,0.3277,2.1,2.40,5.87,-33.19,2.49,-21.62,1.59,-10.00
39,7,-1.00,-1.00,-1.00,-1.00,0.2725,2.0,2.21,5.71,4.65,1.00,-36.88,-1.60,-10.00
39,7,-1.00,-1.00,-1.00,-1.00,0.1683,2.0,2.19,5.66,27.71,0.34,-25.48,3.13,-10.00
39,7,-1.00,-1.00,-1.00,-1.00,0.1479,3.3,2.57,7.47,-51.10,2.26,-22.43,-1.85,-10.00
39,7,-1.00,-1.00,-1.00,-1.00,0.1458,2.0,2.17,5.48,-23.97,1.40,-26.01,0.02,-10.00
39,7,-1.00,-1.00,-1.00,-1.00,0.1416,2.0,2.12,5.39,-51.55,2.38,-16.21,0.06,-10.00
39,7,-1.00,-1.00,-1.00,-1.00,0.1414,2.0,2.16,5.49,4.23,1.15,-48.91,-1.56,-10.00
39,7,-1.00,-1.00,-1.00,-1.00,0.1187,1.9,2.24,5.73,-24.50,1.97,-19.39,-1.50,-10.00
39,7,-1.00,-1.00,-1.00,-1.00,0.1164,1.9,2.09,5.20,-28.98,2.72,21.81,-3.08,-10.00
39,7,-1.00,-1.00,-1.00,-1.00,0.1133,2.4,2.32,5.76,13.48,0.26,-33.88,-1.62,-10.00
39,7,-1.00,-1.00,-1.00,-1.00,0.1097,2.0,2.12,5.30,38.36,-0.28,-34.88,-2.93,-10.00
39,7,-1.00,-1.00,-1.00,-1.00,0.1019,2.0,2.29,5.51,40.10,0.02,-8.13,-1.57,-10.00
39,7,-1.00,-1.00,-1.00,-1.00,0.1017,1.9,2.19,5.46,-28.06,2.59,14.21,-1.58,-10.00
39,7,1041.71,428.91,1162.27,514.39,0.1006,2.3,2.33,5.63,8.35,1.30,38.61,-1.59,-10.00
40,7,-1.00,-1.00,-1.00,-1.00,0.1514,2.1,2.23,5.99,7.05,0.77,-40.51,-1.49,-10.00
40,7,-1.00,-1.00,-1.00,-1.00,0.1473,3.8,2.97,8.29,-51.16,2.36,-27.63,-1.97,-10.00
40,7,-1.00,-1.00,-1.00,-1.00,0.1257,2.0,2.18,5.59,4.99,1.04,-41.77,-1.59,-10.00
40,7,970.07,461.66,1075.26,535.41,0.1219,1.9,1.97,5.14,5.47,1.85,35.67,-1.61,-10.00
40,7,-1.00,-1.00,-1.00,-1.00,0.1142,3.1,2.75,7.78,15.86,0.69,-24.68,0.15,-10.00
40,7,-1.00,-1.00,-1.00,-1.00,0.1142,1.9,2.17,5.33,-29.14,2.42,16.90,-3.11,-10.00
40,7,-1.00,-1.00,-1.00,-1.00,0.1122,2.1,2.15,5.17,-35.92,2.43,16.89,-0.00,-10.00
40,7,-1.00,-1.00,-1.00,-1.00,0.1038,1.9,2.18,5.38,-24.06,1.53,-30.69,0.00,-10.00
40,7,-1.00,-1.00,-1.00,-1.00,0.1034,1.9,2.13,5.40,41.53,0.32,-10.94,0.08,-10.00
40,7,-1.00,-1.00,-1.00,-1.00,0.1007,1.8,2.10,5.18,-29.35,2.32,7.53,0.04,-10.00
40,7,-1.00,-1.00,-1.00,-1.00,0.1005,1.9,2.06,5.37,-24.44,1.78,-18.14,-1.54,-10.00
