0,7,-1.00,-1.00,-1.00,-1.00,0.4209,3.6,2.98,8.31,21.16,0.95,-45.14,-3.14,-10.00
0,7,-1.00,-1.00,-1.00,-1.00,0.3382,2.1,2.23,5.68,-20.47,1.08,10.17,-3.12,-10.00
0,7,-1.00,-1.00,-1.00,-1.00,0.3162,3.6,3.04,8.75,-30.15,-0.63,-38.16,0.01,-10.00
0,7,-1.00,-1.00,-1.00,-1.00,0.2564,2.0,2.31,5.80,20.05,1.75,-15.10,-1.54,-10.00
0,7,-1.00,-1.00,-1.00,-1.00,0.2520,3.8,3.16,10.06,-23.88,0.57,-38.60,-3.11,-10.00
0,7,-1.00,-1.00,-1.00,-1.00,0.2489,2.0,2.32,5.74,22.82,1.81,-15.36,-1.56,-10.00
0,7,-1.00,-1.00,-1.00,-1.00,0.1999,2.1,2.30,5.41,11.72,1.63,-14.99,-1.52,-10.00
0,7,-1.00,-1.00,-1.00,-1.00,0.1703,2.1,2.27,5.79,23.38,2.26,23.96,3.14,-10.00
0,7,365.18,450.71,577.36,526.43,0.1558,2.1,2.15,5.66,-10.30,1.62,36.73,-0.08,-10.00
0,7,-1.00,-1.00,-1.00,-1.00,0.1507,3.8,3.00,11.88,17.52,1.13,-21.12,0.03,-10.00
0,7,1008.96,451.25,1187.72,519.71,0.1398,2.1,2.14,5.37,8.80,1.58,40.95,0.03,-10.00
0,7,295.55,447.35,552.77,535.27,0.1360,2.1,2.20,5.83,-10.15,1.63,31.85,0.12,-10.00
0,7,500.76,457.81,664.92,516.52,0.1359,2.0,2.20,5.47,-8.65,1.62,44.84,-0.02,-10.00
0,7,-1.00,-1.00,-1.00,-1.00,0.1270,2.0,2.24,5.77,-13.44,1.01,-43.34,1.55,-10.00
0,7,-1.00,-1.00,-1.00,-1.00,0.1181,3.8,3.15,11.55,-21.11,0.65,-42.09,1.59,-10.00
0,7,349.22,459.38,575.69,536.39,0.1164,2.0,2.10,5.56,-9.77,1.77,34.00,-0.05,-10.00
0,7,-1.00,-1.00,-1.00,-1.00,0.1069,2.8,2.52,6.78,-21.08,0.49,-25.17,0.04,-10.00
0,7,-1.00,-1.00,-1.00,-1.00,0.1059,1.9,2.13,5.35,21.87,2.36,16.00,-3.10,-10.00
0,7,-1.00,-1.00,-1.00,-1.00,0.1053,2.0,2.10,5.59,6.15,1.40,-14.25,-1.50,-10.00
1,7,-1.00,-1.00,-1.00,-1.00,0.3215,1.9,2.19,5.49,19.94,1.78,-19.63,-1.56,-10.00
1,7,-1.00,-1.00,-1.00,-1.00,0.2755,2.2,2.19,5.60,-20.51,1.14,5.94,-3.11,-10.00
1,7,-1.00,-1.00,-1.00,-1.00,0.2368,3.1,2.78,7.89,20.67,0.51,-49.62,-3.13,-10.00
1,7,-1.00,-1.00,-1.00,-1.00,0.2304,1.9,2.22,5.58,23.16,2.18,-19.66,-1.59,-10.00
1,7,378.97,453.48,577.53,524.76,0.2272,2.0,2.08,5.40,-10.47,1.62,37.93,0.03,-10.00
1,7,-1.00,-1.00,-1.00,-1.00,0.2223,2.0,2.19,5.70,-14.64,1.20,-48.30,0.15,-10.00
1,7,302.26,448.52,551.57,529.24,0.1996,2.0,2.13,5.78,-10.23,1.50,32.46,-0.05,-10.00
1,7,-1.00,-1.00,-1.00,-1.00,0.1848,2.5,2.47,6.22,41.94,-0.95,-20.34,-1.56,-10.00
1,7,-1.00,-1.00,-1.00,-1.00,0.1625,3.9,3.24,11.68,-27.13,0.49,-42.65,-3.08,-10.00
1,7,264.32,461.56,518.88,547.67,0.1603,1.9,2.05,5.31,-10.13,1.80,29.56,-0.07,-10.00
1,7,464.25,455.91,634.72,516.48,0.1546,2.0,2.15,5.53,-9.55,1.58,43.59,-0.07,-10.00
1,7,486.04,461.24,633.31,512.70,0.1543,1.9,2.13,5.39,-10.41,1.63,49.21,3.09,-10.00
1,7,1173.95,441.21,1571.75,569.28,0.1491,2.0,2.18,5.56,8.83,1.58,20.61,-0.06,-10.00
1,7,470.78,460.66,629.62,515.26,0.1438,1.9,2.11,5.42,-10.14,1.63,46.30,3.12,-10.00
1,7,-1.00,-1.00,-1.00,-1.00,0.1264,1.9,2.12,5.28,22.93,2.50,19.39,3.10,-10.00
1,7,339.62,453.82,553.88,528.58,0.1263,2.0,2.08,5.39,-10.60,1.62,35.29,-0.01,-10.00
1,7,415.68,452.77,601.56,517.71,0.1250,2.0,2.08,5.49,-10.21,1.50,40.56,-0.02,-10.00
1,7,-1.00,-1.00,-1.00,-1.00,0.1227,2.2,2.35,5.68,-14.58,1.18,-46.75,-0.03,-10.00
1,7,-1.00,-1.00,-1.00,-1.00,0.1209,1.9,2.20,5.56,14.65,1.67,-4.65,1.51,-10.00
1,7,1033.29,447.30,1242.69,519.58,0.1139,2.0,2.15,5.61,9.10,1.42,36.99,0.00,-10.00
1,7,-1.00,-1.00,-1.00,-1.00,0.1127,3.9,2.95,11.14,17.36,1.71,-25.28,-0.01,-10.00
1,7,-1.00,-1.00,-1.00,-1.00,0.1119,2.2,2.34,5.90,-21.64,0.84,-34.40,-3.14,-10.00
1,7,1029.34,455.21,1209.87,521.58,0.1092,2.0,2.12,5.27,9.31,1.61,40.15,0.03,-10.00
1,7,136.43,455.78,451.91,561.07,0.1088,1.9,2.04,5.24,-10.21,1.73,24.34,0.00,-10.00
1,7,1067.95,440.92,1319.69,527.54,0.1077,1.9,2.14,5.40,8.73,1.35,30.18,0.02,-10.00
1,7,-1.00,-1.00,-1.00,-1.00,0.1060,1.9,1.98,5.14,6.07,1.35,-18.44,-1.50,-10.00
1,7,-1.00,-1.00,-1.00,-1.00,0.1044,2.0,2.21,5.75,-21.80,1.01,-35.94,-0.06,-10.00
1,7,-1.00,-1.00,-1.00,-1.00,0.1005,2.5,2.50,6.61,38.33,1.56,5.76,1.64,-10.00
2,7,-1.00,-1.00,-1.00,-1.00,0.6284,2.1,2.09,5.25,-20.49,1.17,1.83,-3.09,-10.00
2,7,-1.00,-1.00,-1.00,-1.00,0.2353,3.9,3.19,11.11,-24.37,0.43,-46.79,-3.09,-10.00
2,7,-1.00,-1.00,-1.00,-1.00,0.1920,1.9,2.28,5.58,19.97,1.67,-23.68,-1.54,-10.00
2,7,-1.00,-1.00,-1.00,-1.00,0.1633,3.2,2.64,7.33,30.82,1.00,2.36,3.14,-10.00
2,7,284.76,438.48,537.41,521.83,0.1596,1.9,2.09,5.55,-10.12,1.24,30.89,-0.06,-10.00
2,7,-1.00,-1.00,-1.00,-1.00,0.1553,2.1,2.19,5.36,-14.98,1.37,-50.74,0.03,-10.00
2,7,473.82,462.15,631.83,514.66,0.1462,1.9,2.09,5.62,-10.44,1.67,48.09,-0.01,-10.00
2,7,456.90,459.95,618.95,515.55,0.1324,1.9,2.09,5.43,-10.26,1.59,44.90,3.04,-10.00
2,7,-1.00,-1.00,-1.00,-1.00,0.1270,2.0,2.18,5.49,10.12,1.61,4.48,3.14,-10.00
2,7,167.02,456.61,465.27,556.93,0.1248,1.9,2.02,5.22,-10.27,1.73,25.51,-0.01,-10.00
2,7,-1.00,-1.00,-1.00,-1.00,0.1240,2.2,2.39,6.13,29.22,0.97,-7.11,1.58,-10.00
2,7,439.49,453.70,614.97,512.61,0.1193,1.8,2.10,5.41,-10.02,1.39,42.28,-0.00,-10.00
2,7,-1.00,-1.00,-1.00,-1.00,0.1169,2.0,2.18,5.28,23.25,2.09,15.48,3.07,-10.00
2,7,-1.00,-1.00,-1.00,-1.00,0.1157,1.9,2.11,5.48,14.69,1.40,-8.77,-1.48,-10.00
2,7,-1.00,-1.00,-1.00,-1.00,0.1077,1.9,2.16,5.41,26.60,1.43,-7.75,-1.62,-10.00
2,7,336.07,453.14,561.32,528.88,0.1072,1.9,2.04,5.33,-9.90,1.53,33.14,-0.00,-10.00
2,7,-1.00,-1.00,-1.00,-1.00,0.1070,1.9,2.07,5.11,22.85,2.22,12.82,-3.09,-10.00
2,7,-1.00,-1.00,-1.00,-1.00,0.1050,2.1,2.22,5.75,17.46,1.85,-42.93,-3.12,-10.00
2,7,397.99,453.00,591.75,518.85,0.1047,2.0,2.16,5.59,-10.40,1.51,39.65,-0.05,-10.00
2,7,372.27,451.82,584.33,523.35,0.1018,2.0,2.11,5.66,-10.01,1.52,36.43,-0.11,-10.00
2,7,213.77,450.30,490.75,542.08,0.1011,2.0,2.06,5.44,-10.55,1.60,28.21,-0.04,-10.00
3,7,-1.00,-1.00,-1.00,-1.00,0.2840,1.9,2.17,5.60,14.45,1.34,-12.66,1.68,-10.00
3,7,-1.00,-1.00,-1.00,-1.00,0.2633,2.0,2.13,5.39,-20.52,1.35,-2.28,-3.13,-10.00
3,7,1127.71,436.68,1496.95,560.32,0.1749,2.0,2.17,5.64,8.44,1.55,22.19,-0.01,-10.00
3,7,434.02,461.55,600.66,521.14,0.1712,1.9,2.07,5.26,-10.71,1.74,43.67,0.04,-10.00
3,7,486.53,467.20,638.28,518.36,0.1649,1.9,2.12,5.51,-10.33,1.86,49.28,0.01,-10.00
3,7,468.15,469.75,621.58,523.85,0.1592,1.9,2.03,5.20,-10.38,1.96,46.42,0.02,-10.00
3,7,-1.00,-1.00,-1.00,-1.00,0.1549,2.0,2.21,5.71,26.91,0.97,-14.82,1.61,-10.00
3,7,338.78,451.61,555.94,525.44,0.1548,1.9,2.13,5.43,-10.49,1.51,34.99,-0.04,-10.00
3,7,370.19,455.91,572.09,524.76,0.1534,2.0,2.14,5.49,-10.68,1.62,37.95,0.02,-10.00
3,7,-1.00,-1.00,-1.00,-1.00,0.1493,1.9,1.96,4.99,22.62,2.25,16.36,-3.09,-10.00
3,7,-1.00,-1.00,-1.00,-1.00,0.1451,1.9,2.17,5.70,-12.33,1.73,-21.23,-0.03,-10.00
3,7,259.16,453.25,513.52,538.43,0.1412,1.9,2.03,5.26,-10.27,1.59,29.51,0.03,-10.00
3,7,395.52,460.25,577.81,523.30,0.1368,1.9,2.08,5.40,-11.00,1.70,40.87,-0.04,-10.00
3,7,-1.00,-1.00,-1.00,-1.00,0.1366,1.9,2.14,5.62,13.19,1.31,-26.23,0.02,-10.00
3,7,-1.00,-1.00,-1.00,-1.00,0.1290,3.9,3.06,10.09,-24.50,0.36,-51.17,-3.09,-10.00
3,7,-1.00,-1.00,-1.00,-1.00,0.1284,2.0,2.19,5.59,15.39,1.18,-47.32,0.12,-10.00
3,7,-1.00,-1.00,-1.00,-1.00,0.1231,1.9,2.21,5.80,11.50,1.28,-12.81,-1.52,-10.00
3,7,-1.00,-1.00,-1.00,-1.00,0.1207,1.9,2.12,5.28,40.05,0.94,-22.30,0.09,-10.00
3,7,-1.00,-1.00,-1.00,-1.00,0.1182,1.9,2.09,5.14,46.24,1.04,-27.44,0.03,-10.00
3,7,-1.00,-1.00,-1.00,-1.00,0.1169,1.9,2.12,5.48,21.61,2.22,3.44,0.06,-10.00
3,7,1230.73,448.14,1419.26,511.91,0.1160,1.9,2.06,5.27,16.06,1.31,40.62,-3.03,-10.00
3,7,296.90,454.87,539.78,534.69,0.1148,1.9,2.12,5.58,-10.44,1.64,32.38,-0.02,-10.00
3,7,-1.00,-1.00,-1.00,-1.00,0.1138,2.0,2.25,5.87,17.14,1.34,-13.07,-1.52,-10.00
3,7,-1.00,-1.00,-1.00,-1.00,0.1066,1.9,2.09,5.25,23.03,2.29,18.87,-3.09,-10.00
3,7,1245.54,433.00,1600.00,594.55,0.1026,2.0,2.17,5.63,8.90,1.62,17.03,0.01,-10.00
3,7,-1.00,-1.00,-1.00,-1.00,0.1013,1.9,2.07,5.14,-21.24,1.21,-43.57,-0.01,-10.00
3,7,-1.00,-1.00,-1.00,-1.00,0.1005,2.0,2.23,6.13,14.95,1.10,-49.82,-1.43,-10.00
4,7,-1.00,-1.00,-1.00,-1.00,0.4902,2.1,2.19,5.71,-20.69,1.32,-6.74,-3.13,-10.00
4,7,-1.00,-1.00,-1.00,-1.00,0.4500,1.9,2.14,5.64,14.47,1.26,-17.22,1.63,-10.00
4,7,-1.00,-1.00,-1.00,-1.00,0.2251,2.0,2.19,5.74,26.79,0.88,-22.75,-1.53,-10.00
4,7,420.87,462.66,594.06,521.21,0.2184,1.8,2.06,5.28,-10.62,1.68,42.01,-0.01,-10.00
4,7,-1.00,-1.00,-1.00,-1.00,0.2005,2.0,2.21,5.76,11.50,1.08,-31.94,-1.58,-10.00
4,7,1094.67,432.65,1416.02,539.92,0.1885,2.1,2.25,5.87,8.77,1.43,26.08,0.02,-10.00
4,7,229.87,452.00,513.33,544.34,0.1846,2.0,2.12,5.57,-10.05,1.63,28.05,-0.05,-10.00
4,7,-1.00,-1.00,-1.00,-1.00,0.1491,1.9,2.07,5.49,-12.35,1.61,-25.42,-0.08,-10.00
4,7,26.60,424.75,405.96,545.00,0.1479,2.0,2.16,5.68,-10.73,1.31,22.42,-0.05,-10.00
4,7,-1.00,-1.00,-1.00,-1.00,0.1453,2.0,2.24,5.87,36.05,-0.03,-16.56,0.03,-10.00
4,7,450.49,457.31,613.80,514.33,0.1423,1.9,2.08,5.36,-10.44,1.54,44.73,-0.03,-10.00
4,7,1178.14,431.08,1424.31,510.30,0.1388,2.1,2.25,6.30,13.74,1.12,36.64,0.07,-10.00
4,7,-1.00,-1.00,-1.00,-1.00,0.1368,1.9,1.99,5.25,22.65,1.97,6.82,-3.12,-10.00
4,7,-1.00,-1.00,-1.00,-1.00,0.1336,2.1,2.51,5.39,45.52,0.97,-31.50,1.55,-10.00
4,7,-1.00,-1.00,-1.00,-1.00,0.1275,3.7,2.83,11.60,17.42,1.21,-37.96,-0.03,-10.00
4,7,470.21,456.86,626.28,512.48,0.1172,2.0,2.12,5.39,-10.42,1.55,47.21,0.01,-10.00
4,7,338.65,453.47,546.52,526.88,0.1170,2.0,2.12,5.45,-11.04,1.62,36.40,-0.10,-10.00
4,7,-1.00,-1.00,-1.00,-1.00,0.1133,2.0,2.17,5.52,6.23,1.12,-35.44,-3.12,-10.00
4,7,386.93,460.32,570.46,524.60,0.1105,1.9,2.03,5.18,-10.85,1.68,39.35,0.02,-10.00
4,7,51.00,415.86,257.70,510.00,0.1098,2.2,2.25,5.75,-17.91,1.00,33.82,-1.53,-10.00
4,7,-1.00,-1.00,-1.00,-1.00,0.1088,2.0,2.17,5.91,8.38,1.43,-16.83,1.57,-10.00
4,7,-1.00,-1.00,-1.00,-1.00,0.1000,2.0,2.04,5.31,6.07,1.13,-31.22,1.59,-10.00
5,7,-1.00,-1.00,-1.00,-1.00,0.2446,2.1,2.28,5.59,25.50,1.81,28.79,3.10,-10.00
5,7,-1.00,-1.00,-1.00,-1.00,0.2055,1.9,2.15,5.70,14.42,1.16,-20.96,1.56,-10.00
5,7,-1.00,-1.00,-1.00,-1.00,0.1931,1.9,2.10,5.44,9.26,1.83,7.98,-0.08,-10.00
5,7,393.72,457.63,592.53,524.70,0.1626,1.9,2.12,5.50,-10.14,1.64,38.39,0.02,-10.00
5,7,-1.00,-1.00,-1.00,-1.00,0.1620,1.9,2.20,5.76,26.66,0.43,-38.37,-1.58,-10.00
5,7,-1.00,-1.00,-1.00,-1.00,0.1586,2.1,2.24,5.93,-20.93,1.44,-10.72,3.10,-10.00
5,7,-1.00,-1.00,-1.00,-1.00,0.1573,2.0,2.21,5.71,31.61,2.56,25.93,1.65,-10.00
5,7,184.28,442.97,474.84,544.21,0.1501,2.0,2.15,5.29,-10.41,1.55,26.58,-0.02,-10.00
5,7,424.08,456.22,602.65,517.61,0.1456,2.0,2.14,5.67,-10.74,1.61,43.32,-0.05,-10.00
5,7,-1.00,-1.00,-1.00,-1.00,0.1432,2.0,2.19,6.06,10.28,1.32,-21.64,-1.55,-10.00
5,7,1236.25,446.68,1556.34,550.44,0.1399,1.9,2.10,5.33,11.16,1.56,24.84,-0.01,-10.00
5,7,1169.45,426.05,1540.13,544.75,0.1368,1.9,2.10,5.50,9.01,1.27,21.76,0.00,-10.00
5,7,-1.00,-1.00,-1.00,-1.00,0.1357,2.0,2.16,5.58,-35.65,0.19,-16.75,1.60,-10.00
5,7,-1.00,-1.00,-1.00,-1.00,0.1339,2.0,2.13,5.46,-19.21,0.87,-47.14,-3.13,-10.00
5,7,233.51,446.24,500.24,535.88,0.1192,2.0,2.16,5.48,-10.73,1.53,29.56,0.02,-10.00
5,7,-1.00,-1.00,-1.00,-1.00,0.1131,1.9,2.13,5.54,-12.23,1.51,-29.58,-0.04,-10.00
5,7,-1.00,-1.00,-1.00,-1.00,0.1102,2.0,2.20,5.80,7.84,1.23,-33.86,-3.11,-10.00
5,7,413.25,456.36,593.66,518.96,0.1056,1.9,2.12,5.33,-10.42,1.55,40.74,-0.03,-10.00
5,7,-1.00,-1.00,-1.00,-1.00,0.1028,1.9,2.20,5.56,16.78,1.17,-19.61,0.04,-10.00
5,7,1169.53,427.78,1458.42,527.10,0.1009,2.0,2.17,5.46,10.60,1.22,27.59,0.01,-10.00
6,7,-1.00,-1.00,-1.00,-1.00,0.3356,2.0,2.11,5.35,-20.69,1.04,-14.67,-3.13,-10.00
6,7,-1.00,-1.00,-1.00,-1.00,0.2364,1.8,2.03,5.15,22.42,1.53,-1.16,-3.08,-10.00
6,7,-1.00,-1.00,-1.00,-1.00,0.2209,3.8,3.07,9.38,-18.61,2.12,7.03,-1.60,-10.00
6,7,-1.00,-1.00,-1.00,-1.00,0.2091,2.0,2.23,5.84,8.35,1.31,-24.61,1.53,-10.00
6,7,328.51,448.73,548.15,524.75,0.1802,1.9,2.12,5.32,-10.46,1.45,34.09,-0.03,-10.00
6,7,466.02,468.96,620.72,523.83,0.1693,2.0,2.18,5.42,-10.71,2.01,47.72,-0.03,-10.00
6,7,-1.00,-1.00,-1.00,-1.00,0.1689,2.0,2.17,5.73,-12.10,1.26,-33.50,-0.01,-10.00
6,7,406.58,455.86,591.94,521.20,0.1659,2.1,2.19,5.67,-10.96,1.69,42.28,-0.00,-10.00
6,7,1302.13,422.82,1585.58,514.28,0.1600,2.0,2.15,5.50,14.31,0.99,29.30,0.00,-10.00
6,7,-1.00,-1.00,-1.00,-1.00,0.1580,2.4,2.46,6.78,20.15,0.50,-43.48,-3.13,-10.00
6,7,-1.00,-1.00,-1.00,-1.00,0.1466,2.0,2.08,5.81,6.48,0.77,-43.19,-3.12,-10.00
6,7,354.85,453.27,559.02,524.73,0.1380,2.0,2.09,5.36,-10.70,1.56,36.60,-0.04,-10.00
6,7,541.64,452.38,628.87,516.09,0.1353,2.3,2.37,6.28,-9.63,1.79,50.57,-1.58,-10.00
6,7,384.39,455.06,571.19,520.72,0.1331,1.9,2.07,5.30,-10.89,1.56,39.43,-0.01,-10.00
6,7,-1.00,-1.00,-1.00,-1.00,0.1251,3.4,2.92,10.28,21.08,0.53,-45.98,0.02,-10.00
6,7,1279.96,446.50,1600.00,566.63,0.1230,1.9,2.07,5.21,10.53,1.55,20.78,-0.05,-10.00
6,7,-1.00,-1.00,-1.00,-1.00,0.1147,2.0,2.19,5.54,8.72,1.51,3.89,3.07,-10.00
6,7,-1.00,-1.00,-1.00,-1.00,0.1134,2.0,2.12,5.62,-11.83,1.26,-27.79,-0.00,-10.00
6,7,264.42,450.56,506.74,532.78,0.1079,1.9,2.05,5.32,-10.88,1.54,31.25,-0.05,-10.00
6,7,0.00,437.90,303.21,588.38,0.1072,1.9,2.09,5.56,-10.45,1.56,17.28,-0.04,-10.00
6,7,0.00,437.53,372.98,567.83,0.1044,1.9,2.09,5.52,-10.40,1.51,20.05,-0.04,-10.00
6,7,1108.46,437.89,1405.35,534.98,0.1003,1.9,2.09,5.33,8.73,1.31,25.70,-0.09,-10.00
7,7,-1.00,-1.00,-1.00,-1.00,0.5075,2.0,2.15,5.49,-21.20,1.28,-18.91,-3.09,-10.00
7,7,-1.00,-1.00,-1.00,-1.00,0.1926,2.0,2.07,5.68,8.58,0.97,-29.11,1.59,-10.00
7,7,-1.00,-1.00,-1.00,-1.00,0.1789,1.9,2.08,5.44,-12.22,1.66,-37.50,0.00,-10.00
7,7,252.46,468.16,507.08,555.83,0.1739,2.0,2.04,5.34,-10.58,2.01,29.96,0.01,-10.00
7,7,-1.00,-1.00,-1.00,-1.00,0.1570,1.9,2.09,5.39,8.84,1.62,-0.01,-0.16,-10.00
7,7,299.20,457.48,539.47,538.17,0.1541,2.0,2.12,5.61,-10.42,1.74,32.50,-0.12,-10.00
7,7,461.83,462.44,618.42,518.09,0.1376,1.9,2.08,5.31,-10.57,1.74,46.49,0.02,-10.00
7,7,-1.00,-1.00,-1.00,-1.00,0.1373,1.9,2.05,5.22,22.46,1.34,-5.15,-3.10,-10.00
7,7,421.40,466.05,590.49,526.03,0.1260,2.0,2.12,5.42,-11.07,1.92,43.60,3.05,-10.00
7,7,-1.00,-1.00,-1.00,-1.00,0.1205,2.0,2.14,5.50,-12.05,1.44,-32.02,0.01,-10.00
7,7,-1.00,-1.00,-1.00,-1.00,0.1198,2.0,2.11,5.67,12.25,0.54,-27.20,-0.02,-10.00
7,7,-1.00,-1.00,-1.00,-1.00,0.1180,2.1,2.26,5.89,41.81,2.02,37.74,3.14,-10.00
7,7,-1.00,-1.00,-1.00,-1.00,0.1164,2.0,2.16,5.54,7.27,0.99,-41.90,-3.13,-10.00
7,7,-1.00,-1.00,-1.00,-1.00,0.1158,2.1,2.23,5.44,33.42,0.27,-52.19,-1.43,-10.00
7,7,399.30,465.34,599.07,536.30,0.1104,2.0,2.12,5.51,-9.78,1.97,37.79,-0.05,-10.00
7,7,353.18,454.60,556.71,527.84,0.1104,2.0,2.09,5.33,-10.35,1.60,35.34,-0.20,-10.00
7,7,1366.76,427.31,1600.00,533.54,0.1099,1.9,2.11,5.42,13.90,1.24,24.94,-2.93,-10.00
7,7,-1.00,-1.00,-1.00,-1.00,0.1081,2.0,2.15,5.90,11.49,0.64,-29.79,0.02,-10.00
7,7,-1.00,-1.00,-1.00,-1.00,0.1048,2.0,2.17,5.69,7.06,0.85,-43.86,0.07,-10.00
7,7,480.21,467.11,627.06,519.14,0.1014,1.9,2.05,5.31,-10.59,1.88,48.91,-0.03,-10.00
7,7,-1.00,-1.00,-1.00,-1.00,0.1006,2.0,2.21,5.64,-35.47,0.69,-27.84,1.52,-10.00
8,7,-1.00,-1.00,-1.00,-1.00,0.3255,2.3,2.19,5.61,-20.93,1.64,-22.91,3.10,-10.00
8,7,526.85,461.39,679.08,517.15,0.2258,2.0,2.17,5.38,-8.41,1.75,47.50,0.00,-10.00
8,7,401.29,466.26,596.49,535.32,0.2198,2.2,2.31,6.00,-11.06,2.19,42.60,0.03,-10.00
8,7,-1.00,-1.00,-1.00,-1.00,0.2119,1.9,2.18,5.72,5.95,1.12,-47.27,1.59,-10.00
8,7,-1.00,-1.00,-1.00,-1.00,0.1536,2.0,2.17,5.67,-12.23,1.29,-41.95,-0.01,-10.00
8,7,288.82,418.34,425.86,506.14,0.1276,3.0,2.63,7.06,-18.39,1.33,49.63,1.59,-10.00
8,7,-1.00,-1.00,-1.00,-1.00,0.1180,2.2,2.12,5.39,15.85,0.25,-51.67,-2.93,-10.00
8,7,0.00,447.44,335.42,573.96,0.1151,1.9,2.09,5.52,-11.19,1.63,20.42,-0.06,-10.00
8,7,-1.00,-1.00,-1.00,-1.00,0.1102,2.1,2.23,5.82,43.72,1.89,33.74,3.12,-10.00
8,7,-1.00,-1.00,-1.00,-1.00,0.1069,1.9,2.01,5.23,3.01,0.81,-51.62,3.09,-10.00
8,7,480.61,469.02,664.11,533.55,0.1069,1.9,2.07,5.39,-7.95,1.98,39.59,-0.02,-10.00
9,7,474.31,461.61,649.65,527.41,0.3072,2.2,2.23,5.62,-9.04,1.95,43.25,3.10,-10.00
9,7,-1.00,-1.00,-1.00,-1.00,0.2707,2.1,2.15,5.45,-20.77,1.41,-27.16,3.12,-10.00
9,7,-1.00,-1.00,-1.00,-1.00,0.2633,2.1,2.31,6.00,-26.54,0.41,-30.66,1.64,-10.00
9,7,-1.00,-1.00,-1.00,-1.00,0.1601,1.8,2.02,4.99,22.50,0.86,-15.51,-3.13,-10.00
9,7,-1.00,-1.00,-1.00,-1.00,0.1270,2.1,2.20,5.58,43.26,1.99,29.74,-3.14,-10.00
9,7,235.76,403.74,402.72,513.90,0.1269,3.6,2.89,7.80,-18.65,1.55,46.70,1.59,-10.00
9,7,90.71,467.48,407.72,567.86,0.1128,1.8,2.03,5.27,-11.22,1.88,24.66,-0.02,-10.00
9,7,1324.99,375.29,1600.00,574.06,0.1125,1.9,2.17,5.33,7.52,1.14,14.78,-1.35,-10.00
9,7,-1.00,-1.00,-1.00,-1.00,0.1089,1.9,2.06,5.41,7.66,1.14,-29.06,0.05,-10.00
9,7,0.00,461.43,194.77,614.82,0.1051,1.8,2.03,5.30,-11.44,1.79,16.35,-0.07,-10.00
10,7,400.61,456.77,596.76,527.68,0.3491,2.1,2.18,5.57,-10.18,1.77,39.26,3.13,-10.00
10,7,-1.00,-1.00,-1.00,-1.00,0.3191,2.1,2.23,5.82,-19.85,1.19,-31.62,3.14,-10.00
10,7,-1.00,-1.00,-1.00,-1.00,0.2357,1.9,1.98,5.17,8.73,1.01,-11.85,3.00,-10.00
10,7,-1.00,-1.00,-1.00,-1.00,0.1439,2.0,2.17,5.37,-38.70,2.41,-8.40,-1.67,-10.00
10,7,-1.00,-1.00,-1.00,-1.00,0.1391,2.1,2.08,5.96,18.10,0.36,-38.85,0.04,-10.00
10,7,-1.00,-1.00,-1.00,-1.00,0.1331,1.9,2.13,5.70,-12.26,1.13,-37.77,-0.07,-10.00
10,7,-1.00,-1.00,-1.00,-1.00,0.1304,2.0,2.11,5.57,9.70,0.90,-27.57,3.13,-10.00
10,7,-1.00,-1.00,-1.00,-1.00,0.1298,1.9,2.05,5.22,21.52,0.69,-24.33,3.13,-10.00
10,7,-1.00,-1.00,-1.00,-1.00,0.1259,2.4,2.26,5.78,-21.79,0.56,-35.87,3.11,-10.00
10,7,0.00,443.22,290.81,571.64,0.1187,1.9,2.13,5.65,-11.89,1.57,20.08,-0.05,-10.00
10,7,-1.00,-1.00,-1.00,-1.00,0.1149,2.2,2.20,5.73,-14.49,1.10,-29.96,3.04,-10.00
10,7,-1.00,-1.00,-1.00,-1.00,0.1114,2.3,2.33,5.98,-22.82,1.37,-26.47,1.56,-10.00
10,7,-1.00,-1.00,-1.00,-1.00,0.1092,2.1,2.18,5.75,-25.45,0.49,-36.90,-1.58,-10.00
10,7,-1.00,-1.00,-1.00,-1.00,0.1079,1.9,2.16,5.47,17.94,1.02,20.58,-2.58,-10.00
10,7,-1.00,-1.00,-1.00,-1.00,0.1070,1.9,2.08,5.44,21.93,0.82,-26.86,3.09,-10.00
10,7,0.00,446.59,344.92,558.32,0.1049,1.9,2.10,5.57,-11.94,1.56,22.75,-0.10,-10.00
10,7,-1.00,-1.00,-1.00,-1.00,0.1037,2.0,2.14,5.46,-11.05,1.79,-42.05,-0.06,-10.00
11,7,253.07,453.99,493.66,538.32,0.5849,2.2,2.31,5.85,-12.46,1.87,34.82,3.08,-10.00
11,7,-1.00,-1.00,-1.00,-1.00,0.3520,2.2,2.17,5.70,-18.89,1.28,-36.27,3.07,-10.00
11,7,-1.00,-1.00,-1.00,-1.00,0.3271,1.9,2.06,5.25,23.21,1.05,-19.52,3.13,-10.00
11,7,-1.00,-1.00,-1.00,-1.00,0.2433,2.0,2.15,5.52,16.53,1.38,17.77,-2.30,-10.00
11,7,-1.00,-1.00,-1.00,-1.00,0.2417,2.0,2.15,5.70,8.08,0.91,-24.15,-0.09,-10.00
11,7,-1.00,-1.00,-1.00,-1.00,0.1727,2.1,2.20,5.70,10.62,0.66,-31.54,-0.07,-10.00
11,7,-1.00,-1.00,-1.00,-1.00,0.1590,2.1,2.07,5.63,19.41,0.41,-41.95,0.02,-10.00
11,7,-1.00,-1.00,-1.00,-1.00,0.1521,2.1,2.22,5.79,-8.94,1.10,-49.53,-0.05,-10.00
11,7,-1.00,-1.00,-1.00,-1.00,0.1494,2.0,2.09,5.49,9.34,0.75,-15.46,-0.09,-10.00
11,7,-1.00,-1.00,-1.00,-1.00,0.1438,2.0,2.22,5.79,50.43,1.45,25.00,3.12,-10.00
11,7,0.00,466.88,213.22,590.10,0.1430,1.9,2.08,5.42,-13.43,1.91,20.81,-0.16,-10.00
11,7,115.53,464.34,386.83,554.07,0.1375,2.0,2.08,5.38,-13.39,1.94,29.43,-0.05,-10.00
11,7,-1.00,-1.00,-1.00,-1.00,0.1216,2.0,2.27,5.85,42.31,1.57,26.19,1.50,-10.00
11,7,-1.00,-1.00,-1.00,-1.00,0.1214,1.9,2.23,5.59,39.77,1.66,26.18,-1.60,-10.00
11,7,-1.00,-1.00,-1.00,-1.00,0.1153,1.9,2.12,5.37,-21.66,2.44,8.43,3.13,-10.00
11,7,-1.00,-1.00,-1.00,-1.00,0.1095,2.0,2.12,5.42,-9.38,1.38,-46.26,-0.04,-10.00
11,7,-1.00,-1.00,-1.00,-1.00,0.1074,1.9,2.02,5.11,23.52,0.93,-22.13,3.11,-10.00
11,7,-1.00,-1.00,-1.00,-1.00,0.1074,2.0,2.27,5.64,37.37,1.25,12.63,3.10,-10.00
11,7,-1.00,-1.00,-1.00,-1.00,0.1042,2.0,2.18,5.67,-17.01,1.33,-27.86,3.07,-10.00
12,7,70.11,445.23,373.85,544.66,0.7364,2.3,2.40,6.11,-14.37,1.76,30.19,3.01,-10.00
12,7,-1.00,-1.00,-1.00,-1.00,0.2884,2.3,2.33,6.04,-16.01,1.01,-41.38,3.06,-10.00
12,7,-1.00,-1.00,-1.00,-1.00,0.2241,2.0,2.09,5.60,21.91,0.00,-44.36,3.06,-10.00
12,7,-1.00,-1.00,-1.00,-1.00,0.1971,3.4,2.88,8.19,-16.80,0.84,-44.54,1.45,-10.00
12,7,-1.00,-1.00,-1.00,-1.00,0.1758,2.0,2.19,5.69,-9.29,1.55,-21.62,-0.06,-10.00
12,7,-1.00,-1.00,-1.00,-1.00,0.1752,1.9,2.00,5.27,24.01,0.98,-22.01,3.11,-10.00
12,7,-1.00,-1.00,-1.00,-1.00,0.1550,3.7,2.86,9.09,-24.10,1.84,-3.01,2.97,-10.00
12,7,-1.00,-1.00,-1.00,-1.00,0.1460,2.0,2.26,5.75,40.45,1.39,24.55,1.45,-10.00
12,7,0.00,467.86,215.89,572.23,0.1416,1.9,2.00,5.16,-15.11,1.95,24.66,-0.13,-10.00
12,7,-1.00,-1.00,-1.00,-1.00,0.1248,1.9,2.02,5.06,24.42,1.19,-24.51,3.08,-10.00
12,7,-1.00,-1.00,-1.00,-1.00,0.1103,1.9,2.10,5.49,12.35,0.73,-18.41,-0.09,-10.00
12,7,-1.00,-1.00,-1.00,-1.00,0.1102,1.9,2.15,5.30,39.10,1.04,43.12,3.10,-10.00
12,7,-1.00,-1.00,-1.00,-1.00,0.1093,2.1,2.26,5.88,48.44,1.22,24.19,3.09,-10.00
12,7,-1.00,-1.00,-1.00,-1.00,0.1040,2.0,2.27,5.64,38.01,1.37,24.80,1.50,-10.00
12,7,-1.00,-1.00,-1.00,-1.00,0.1030,1.9,2.10,5.01,-5.46,1.58,-50.64,-0.06,-10.00
13,7,418.58,421.05,522.75,530.16,0.4187,3.9,2.82,9.06,-14.05,2.36,50.16,1.43,-10.00
13,7,-1.00,-1.00,-1.00,-1.00,0.3359,2.1,2.11,5.66,-8.06,1.40,-25.95,-0.17,-10.00
13,7,-1.00,-1.00,-1.00,-1.00,0.2525,2.3,2.23,5.99,-32.00,1.60,-6.70,2.96,-10.00
13,7,183.70,485.81,410.29,559.40,0.2215,2.0,2.19,5.63,-15.05,2.51,35.95,2.96,-10.00
13,7,-1.00,-1.00,-1.00,-1.00,0.2214,1.9,2.04,5.49,-13.74,0.63,-46.24,2.96,-10.00
13,7,-1.00,-1.00,-1.00,-1.00,0.1746,1.9,2.08,5.16,26.20,1.01,-26.43,3.02,-10.00
13,7,-1.00,-1.00,-1.00,-1.00,0.1627,2.0,2.14,5.60,11.44,0.89,-30.83,-3.10,-10.00
13,7,-1.00,-1.00,-1.00,-1.00,0.1481,2.1,2.16,5.66,14.97,0.75,-51.29,-1.73,-10.00
13,7,-1.00,-1.00,-1.00,-1.00,0.1227,2.1,2.34,6.11,41.20,0.59,12.34,1.64,-10.00
13,7,-1.00,-1.00,-1.00,-1.00,0.1119,2.0,2.15,5.69,-13.01,0.66,-36.70,2.96,-10.00
13,7,-1.00,-1.00,-1.00,-1.00,0.1111,1.9,2.11,5.19,25.65,0.78,-23.64,3.00,-10.00
13,7,-1.00,-1.00,-1.00,-1.00,0.1089,1.9,2.15,5.43,-20.11,0.43,-50.45,3.00,-10.00
13,7,-1.00,-1.00,-1.00,-1.00,0.1078,2.1,2.23,5.66,-22.95,0.38,-26.96,2.96,-10.00
13,7,-1.00,-1.00,-1.00,-1.00,0.1064,2.0,2.09,5.42,-3.92,1.34,-49.91,-0.18,-10.00
13,7,-1.00,-1.00,-1.00,-1.00,0.1010,1.9,2.13,5.59,38.55,1.11,24.03,-1.80,-10.00
13,7,-1.00,-1.00,-1.00,-1.00,0.1002,2.0,2.11,5.23,14.59,1.57,11.78,0.62,-10.00
14,7,371.55,425.70,452.89,521.47,0.8044,3.2,2.70,9.30,-16.07,1.92,48.63,1.25,-10.00
14,7,254.18,407.98,365.37,530.39,0.6890,3.9,2.75,10.08,-18.53,2.14,45.48,1.27,-10.00
14,7,-1.00,-1.00,-1.00,-1.00,0.5674,2.4,2.33,6.01,-18.68,1.89,20.44,2.88,-10.00
14,7,-1.00,-1.00,-1.00,-1.00,0.1798,2.1,2.07,5.47,-10.32,0.29,-51.19,2.91,-10.00
14,7,-1.00,-1.00,-1.00,-1.00,0.1504,2.0,2.17,5.63,-2.25,1.03,-42.27,-0.17,-10.00
14,7,-1.00,-1.00,-1.00,-1.00,0.1464,2.0,2.25,5.72,44.38,1.17,24.15,3.02,-10.00
14,7,-1.00,-1.00,-1.00,-1.00,0.1300,2.2,2.46,6.27,-22.32,-0.65,-29.79,2.86,-10.00
14,7,-1.00,-1.00,-1.00,-1.00,0.1264,2.1,2.15,5.70,-9.58,0.43,-41.17,2.98,-10.00
14,7,0.00,488.13,241.86,570.96,0.1182,1.9,2.11,5.49,-17.61,2.42,30.84,2.90,-10.00
14,7,-1.00,-1.00,-1.00,-1.00,0.1164,2.0,2.17,5.65,36.51,1.36,23.43,1.31,-10.00
14,7,-1.00,-1.00,-1.00,-1.00,0.1130,2.1,2.14,5.44,33.73,1.29,-37.38,-0.27,-10.00
14,7,-1.00,-1.00,-1.00,-1.00,0.1090,2.0,2.14,5.63,33.80,1.25,23.43,1.39,-10.00
14,7,-1.00,-1.00,-1.00,-1.00,0.1047,1.9,2.15,5.56,41.88,1.05,25.21,1.35,-10.00
15,7,-1.00,-1.00,-1.00,-1.00,0.7413,2.3,2.32,5.93,-20.42,1.99,15.41,2.75,-10.00
15,7,188.67,424.53,286.01,532.25,0.6814,3.3,2.61,8.41,-20.11,2.10,43.13,1.18,-10.00
15,7,41.93,408.78,207.99,548.39,0.6568,4.0,2.84,10.53,-22.55,2.52,40.92,1.24,-10.00
15,7,-1.00,-1.00,-1.00,-1.00,0.2627,3.3,2.86,7.87,-30.30,1.84,14.73,-1.90,-10.00
15,7,-1.00,-1.00,-1.00,-1.00,0.2025,2.8,2.63,7.05,-18.06,-2.85,-43.75,2.71,-10.00
15,7,-1.00,-1.00,-1.00,-1.00,0.1579,2.0,2.17,5.86,-3.14,0.95,-33.63,-0.25,-10.00
15,7,-1.00,-1.00,-1.00,-1.00,0.1506,2.1,2.17,5.78,-4.12,1.02,-31.51,-0.34,-10.00
15,7,-1.00,-1.00,-1.00,-1.00,0.1317,1.9,2.04,5.38,-7.05,1.15,-23.68,-0.33,-10.00
15,7,-1.00,-1.00,-1.00,-1.00,0.1302,2.0,2.12,5.70,14.52,0.84,-26.70,-0.42,-10.00
15,7,-1.00,-1.00,-1.00,-1.00,0.1129,2.4,2.42,6.14,-31.38,0.89,-3.20,1.25,-10.00
15,7,-1.00,-1.00,-1.00,-1.00,0.1102,1.9,2.14,5.61,31.19,0.83,-20.73,1.37,-10.00
15,7,-1.00,-1.00,-1.00,-1.00,0.1075,2.0,2.08,5.48,50.42,0.57,10.50,2.81,-10.00
15,7,-1.00,-1.00,-1.00,-1.00,0.1053,2.0,2.11,5.26,-10.40,0.33,-50.78,2.96,-10.00
15,7,-1.00,-1.00,-1.00,-1.00,0.1046,2.4,2.40,5.87,39.75,0.93,49.77,2.73,-10.00
15,7,-1.00,-1.00,-1.00,-1.00,0.1044,1.9,2.03,5.22,11.85,1.07,-20.20,-0.35,-10.00
15,7,-1.00,-1.00,-1.00,-1.00,0.1025,2.0,2.17,5.64,17.05,0.32,-35.71,-0.12,-10.00
15,7,-1.00,-1.00,-1.00,-1.00,0.1000,2.1,2.24,5.49,-26.48,2.26,25.77,2.86,-10.00
16,7,0.00,396.26,14.82,532.04,0.7457,3.2,2.76,9.08,-25.56,1.70,35.34,1.18,-10.00
16,7,-1.00,-1.00,-1.00,-1.00,0.6001,2.3,2.29,5.89,-21.66,1.82,10.92,2.69,-10.00
16,7,0.00,391.19,112.81,516.55,0.5706,3.3,2.59,7.94,-23.55,1.35,38.41,1.08,-10.00
16,7,-1.00,-1.00,-1.00,-1.00,0.1556,2.2,2.25,5.76,50.43,0.41,11.34,-0.29,-10.00
16,7,-1.00,-1.00,-1.00,-1.00,0.1417,2.0,2.17,5.61,17.44,1.29,-37.87,-0.26,-10.00
16,7,-1.00,-1.00,-1.00,-1.00,0.1310,2.0,2.18,5.68,16.19,0.98,-28.75,-0.59,-10.00
16,7,-1.00,-1.00,-1.00,-1.00,0.1256,3.7,2.94,8.90,32.77,-1.36,-28.86,-1.95,-10.00
16,7,-1.00,-1.00,-1.00,-1.00,0.1229,2.0,2.08,5.56,-1.56,1.74,-34.41,-0.39,-10.00
16,7,-1.00,-1.00,-1.00,-1.00,0.1227,2.2,2.31,6.26,42.21,0.63,27.75,1.14,-10.00
16,7,0.00,404.97,256.51,528.98,0.1087,2.4,2.33,5.45,-15.55,1.26,27.20,-0.57,-10.00
17,7,-1.00,-1.00,-1.00,-1.00,0.7347,3.8,2.85,10.04,-29.08,2.65,29.71,1.04,-10.00
17,7,-1.00,-1.00,-1.00,-1.00,0.5522,2.4,2.32,6.01,-22.74,2.22,5.66,2.62,-10.00
17,7,-1.00,-1.00,-1.00,-1.00,0.4804,3.7,2.86,10.31,-27.33,2.72,33.33,1.00,-10.00
17,7,-1.00,-1.00,-1.00,-1.00,0.2107,2.1,2.17,5.32,34.23,0.60,-26.49,2.69,-10.00
17,7,-1.00,-1.00,-1.00,-1.00,0.1919,2.0,2.24,5.19,39.60,0.71,27.85,-2.15,-10.00
17,7,-1.00,-1.00,-1.00,-1.00,0.1394,2.5,2.52,6.30,21.79,0.57,-37.77,1.26,-10.00
17,7,-1.00,-1.00,-1.00,-1.00,0.1360,2.0,2.14,5.27,32.55,0.62,-24.56,2.74,-10.00
17,7,-1.00,-1.00,-1.00,-1.00,0.1274,2.1,2.21,5.75,47.52,-0.27,13.13,2.84,-10.00
17,7,-1.00,-1.00,-1.00,-1.00,0.1233,1.9,2.05,5.02,27.70,1.50,0.39,2.61,-10.00
17,7,-1.00,-1.00,-1.00,-1.00,0.1228,2.0,2.11,5.36,35.28,0.38,-28.63,2.61,-10.00
17,7,-1.00,-1.00,-1.00,-1.00,0.1186,2.3,2.31,5.91,-34.64,1.43,-2.40,1.10,-10.00
17,7,-1.00,-1.00,-1.00,-1.00,0.1174,2.1,2.25,5.56,39.89,0.28,8.69,2.79,-10.00
17,7,-1.00,-1.00,-1.00,-1.00,0.1166,2.1,2.15,5.57,15.48,0.55,-23.21,-0.48,-10.00
17,7,-1.00,-1.00,-1.00,-1.00,0.1121,2.0,2.17,5.59,31.37,0.64,-22.06,2.70,-10.00
17,7,-1.00,-1.00,-1.00,-1.00,0.1020,2.1,2.20,5.57,48.42,0.88,31.48,2.79,-10.00
18,7,-1.00,-1.00,-1.00,-1.00,0.7529,3.7,2.85,9.82,-32.24,2.02,23.61,0.96,-10.00
18,7,-1.00,-1.00,-1.00,-1.00,0.5354,2.6,2.44,6.44,-23.28,1.94,0.17,2.52,-10.00
18,7,-1.00,-1.00,-1.00,-1.00,0.5307,3.4,2.61,8.22,-30.33,1.99,26.87,0.89,-10.00
18,7,-1.00,-1.00,-1.00,-1.00,0.3773,2.0,2.24,5.91,35.82,0.82,29.36,0.99,-10.00
18,7,-1.00,-1.00,-1.00,-1.00,0.2757,3.0,2.41,5.85,36.64,-0.54,-25.79,2.56,-10.00
18,7,-1.00,-1.00,-1.00,-1.00,0.1832,2.0,2.07,5.36,6.92,0.87,-39.50,-0.62,-10.00
18,7,-1.00,-1.00,-1.00,-1.00,0.1631,3.8,3.16,11.40,-0.79,0.72,-45.01,0.85,-10.00
18,7,-1.00,-1.00,-1.00,-1.00,0.1628,1.9,2.04,5.17,3.78,0.96,-38.01,-0.59,-10.00
18,7,-1.00,-1.00,-1.00,-1.00,0.1428,1.9,2.12,5.62,13.75,0.95,-33.26,-2.16,-10.00
18,7,-1.00,-1.00,-1.00,-1.00,0.1369,1.9,2.21,5.49,39.02,0.98,-33.92,-0.93,-10.00
18,7,-1.00,-1.00,-1.00,-1.00,0.1263,2.7,2.58,6.40,-34.50,1.24,-9.05,0.94,-10.00
18,7,-1.00,-1.00,-1.00,-1.00,0.1239,2.0,2.23,5.67,22.75,1.49,19.72,-2.08,-10.00
18,7,-1.00,-1.00,-1.00,-1.00,0.1210,2.1,2.20,5.56,35.71,0.26,-24.00,2.51,-10.00
18,7,-1.00,-1.00,-1.00,-1.00,0.1206,2.0,2.15,5.64,19.44,0.70,-32.32,-1.80,-10.00
18,7,-1.00,-1.00,-1.00,-1.00,0.1189,2.0,2.25,5.66,29.85,1.37,6.24,-2.28,-10.00
18,7,-1.00,-1.00,-1.00,-1.00,0.1176,1.9,2.10,5.67,24.86,1.10,21.06,-2.25,-10.00
18,7,-1.00,-1.00,-1.00,-1.00,0.1147,2.0,2.10,6.00,12.43,0.95,-22.16,-2.29,-10.00
18,7,-1.00,-1.00,-1.00,-1.00,0.1091,2.5,2.44,5.90,-44.83,3.80,46.81,-0.56,-10.00
18,7,-1.00,-1.00,-1.00,-1.00,0.1059,2.6,2.59,6.84,51.24,0.83,34.14,1.00,-10.00
18,7,-1.00,-1.00,-1.00,-1.00,0.1053,2.0,2.17,5.84,25.03,0.56,-40.21,1.15,-10.00
18,7,-1.00,-1.00,-1.00,-1.00,0.1050,2.0,2.21,5.77,27.87,1.57,20.54,2.59,-10.00
18,7,-1.00,-1.00,-1.00,-1.00,0.1012,2.0,2.14,5.65,41.85,0.74,-37.10,-2.24,-10.00
18,7,-1.00,-1.00,-1.00,-1.00,0.1009,2.1,2.20,5.83,0.02,0.78,-33.62,-0.50,-10.00
19,7,-1.00,-1.00,-1.00,-1.00,0.4550,2.6,2.43,6.33,-23.28,1.77,-6.70,2.40,-10.00
19,7,-1.00,-1.00,-1.00,-1.00,0.4316,3.4,2.75,7.43,-33.42,2.10,18.58,0.78,-10.00
19,7,-1.00,-1.00,-1.00,-1.00,0.3732,3.9,3.01,9.85,-35.13,2.12,15.81,0.84,-10.00
19,7,-1.00,-1.00,-1.00,-1.00,0.3289,1.9,2.15,5.64,-5.03,1.40,-27.25,-0.81,-10.00
19,7,-1.00,-1.00,-1.00,-1.00,0.2509,2.1,2.19,5.58,30.79,1.20,31.41,0.83,-10.00
19,7,-1.00,-1.00,-1.00,-1.00,0.1702,2.1,2.16,5.58,14.88,1.27,-49.64,1.31,-10.00
19,7,-1.00,-1.00,-1.00,-1.00,0.1471,2.0,2.15,5.64,34.79,1.24,-18.22,2.45,-10.00
19,7,-1.00,-1.00,-1.00,-1.00,0.1319,2.1,2.16,5.42,20.39,1.55,18.77,-2.75,-10.00
19,7,-1.00,-1.00,-1.00,-1.00,0.1182,2.0,2.21,5.64,43.58,0.66,16.95,2.62,-10.00
19,7,-1.00,-1.00,-1.00,-1.00,0.1162,2.0,2.06,5.33,4.61,0.83,-36.66,-0.67,-10.00
19,7,-1.00,-1.00,-1.00,-1.00,0.1151,2.1,2.34,5.84,13.11,1.09,-43.19,-2.17,-10.00
19,7,-1.00,-1.00,-1.00,-1.00,0.1131,1.9,2.16,5.36,29.06,1.10,-5.61,-2.15,-10.00
19,7,-1.00,-1.00,-1.00,-1.00,0.1125,2.5,2.44,5.54,-33.43,1.06,-19.36,2.29,-10.00
19,7,-1.00,-1.00,-1.00,-1.00,0.1011,3.2,2.65,6.67,38.28,0.21,-51.32,0.92,-10.00
19,7,-1.00,-1.00,-1.00,-1.00,0.1007,1.9,2.16,5.64,12.48,1.27,-28.13,-2.26,-10.00
20,7,-1.00,-1.00,-1.00,-1.00,0.4981,2.6,2.46,6.24,-22.05,1.69,-12.40,2.26,-10.00
20,7,-1.00,-1.00,-1.00,-1.00,0.4217,3.7,2.92,9.33,-36.29,2.04,12.04,0.66,-10.00
20,7,-1.00,-1.00,-1.00,-1.00,0.3993,4.0,2.97,9.96,-36.96,2.16,8.24,0.64,-10.00
20,7,-1.00,-1.00,-1.00,-1.00,0.2975,2.0,2.21,5.68,28.07,0.68,30.87,0.73,-10.00
20,7,1005.08,415.70,1183.58,510.06,0.2715,3.3,2.78,6.68,10.59,1.52,50.16,-2.25,-10.00
20,7,-1.00,-1.00,-1.00,-1.00,0.1949,2.0,2.18,5.85,5.02,0.96,-35.69,-0.88,-10.00
20,7,-1.00,-1.00,-1.00,-1.00,0.1824,1.9,2.09,5.43,9.99,1.46,-2.49,0.18,-10.00
20,7,-1.00,-1.00,-1.00,-1.00,0.1384,3.4,2.75,7.09,-30.92,1.45,-26.80,2.23,-10.00
20,7,-1.00,-1.00,-1.00,-1.00,0.1331,2.0,2.20,5.82,11.90,0.83,-41.06,-0.99,-10.00
20,7,-1.00,-1.00,-1.00,-1.00,0.1271,1.9,2.16,5.31,28.12,1.38,-51.84,-2.69,-10.00
20,7,-1.00,-1.00,-1.00,-1.00,0.1236,2.0,2.10,5.36,-48.73,1.91,22.46,0.68,-10.00
20,7,-1.00,-1.00,-1.00,-1.00,0.1186,2.0,2.25,5.92,13.62,1.32,-28.26,-2.49,-10.00
20,7,-1.00,-1.00,-1.00,-1.00,0.1172,2.0,2.24,5.82,-7.93,1.46,-26.01,-0.86,-10.00
20,7,-1.00,-1.00,-1.00,-1.00,0.1163,1.9,2.08,5.50,0.36,1.45,-30.56,-2.53,-10.00
20,7,-1.00,-1.00,-1.00,-1.00,0.1149,2.0,2.11,5.33,41.94,-1.28,-22.41,2.27,-10.00
20,7,-1.00,-1.00,-1.00,-1.00,0.1115,2.0,2.17,5.54,-26.75,1.60,-2.67,-0.86,-10.00
20,7,-1.00,-1.00,-1.00,-1.00,0.1095,1.9,2.07,5.25,17.67,1.11,18.12,-2.42,-10.00
20,7,-1.00,-1.00,-1.00,-1.00,0.1070,1.9,1.98,5.14,27.36,0.91,33.41,2.33,-10.00
20,7,-1.00,-1.00,-1.00,-1.00,0.1021,2.0,2.15,5.45,37.90,0.98,-18.92,2.31,-10.00
21,7,-1.00,-1.00,-1.00,-1.00,0.6085,2.9,2.69,7.05,-20.85,1.68,-18.34,2.15,-10.00
21,7,-1.00,-1.00,-1.00,-1.00,0.5807,3.4,2.69,7.85,-36.54,1.88,4.16,0.53,-10.00
21,7,-1.00,-1.00,-1.00,-1.00,0.5265,2.1,2.28,5.90,23.65,0.98,30.91,0.61,-10.00
21,7,-1.00,-1.00,-1.00,-1.00,0.4610,3.8,2.81,8.38,-37.10,1.96,0.58,0.54,-10.00
21,7,782.12,404.31,1068.52,512.43,0.4246,3.6,2.86,10.74,3.58,1.50,47.84,0.55,-10.00
21,7,-1.00,-1.00,-1.00,-1.00,0.2937,1.9,2.06,5.30,14.49,1.45,17.32,-2.49,-10.00
21,7,-1.00,-1.00,-1.00,-1.00,0.2254,1.9,2.03,5.00,40.14,0.12,30.38,0.72,-10.00
21,7,-1.00,-1.00,-1.00,-1.00,0.1930,2.0,2.10,5.27,38.63,0.14,28.76,0.64,-10.00
21,7,-1.00,-1.00,-1.00,-1.00,0.1753,3.4,2.71,7.12,15.59,0.50,-51.34,0.54,-10.00
21,7,-1.00,-1.00,-1.00,-1.00,0.1745,3.3,2.81,7.33,-27.65,1.24,-24.38,-2.59,-10.00
21,7,-1.00,-1.00,-1.00,-1.00,0.1434,1.9,2.12,5.33,44.34,0.03,-20.83,2.23,-10.00
21,7,-1.00,-1.00,-1.00,-1.00,0.1395,3.2,2.62,7.13,-27.63,1.47,-33.31,2.03,-10.00
21,7,-1.00,-1.00,-1.00,-1.00,0.1361,1.8,2.10,5.55,42.29,0.81,-19.12,2.21,-10.00
21,7,-1.00,-1.00,-1.00,-1.00,0.1289,2.0,2.18,5.64,8.73,1.15,-36.29,-2.46,-10.00
21,7,-1.00,-1.00,-1.00,-1.00,0.1242,2.2,2.26,5.75,33.33,0.51,-52.25,-1.63,-10.00
21,7,1540.66,430.36,1600.00,515.55,0.1127,2.0,2.25,5.79,23.25,1.19,34.54,0.73,-10.00
21,7,-1.00,-1.00,-1.00,-1.00,0.1117,1.9,2.12,5.57,38.62,1.06,-15.56,2.18,-10.00
21,7,-1.00,-1.00,-1.00,-1.00,0.1071,2.6,2.36,6.00,40.64,0.14,33.15,0.60,-10.00
21,7,-1.00,-1.00,-1.00,-1.00,0.1017,1.9,2.05,5.22,21.22,1.06,26.26,0.56,-10.00
21,7,-1.00,-1.00,-1.00,-1.00,0.1010,2.1,2.22,5.49,50.34,0.88,-26.57,2.12,-10.00
21,7,-1.00,-1.00,-1.00,-1.00,0.1003,1.9,2.22,5.89,1.74,0.92,-34.15,2.10,-10.00
22,7,-1.00,-1.00,-1.00,-1.00,0.8428,3.8,2.79,6.81,-35.92,1.99,-7.11,0.41,-10.00
22,7,657.36,403.09,917.73,512.39,0.7730,3.4,2.82,8.91,-1.46,1.41,44.62,0.42,-10.00
22,7,-1.00,-1.00,-1.00,-1.00,0.7308,3.2,2.70,7.85,-37.05,2.16,-3.12,0.39,-10.00
22,7,-1.00,-1.00,-1.00,-1.00,0.5378,2.5,2.58,6.87,-18.50,1.88,-23.41,2.01,-10.00
22,7,1515.87,402.08,1600.00,500.86,0.3340,2.1,2.17,5.61,19.96,0.66,30.28,0.45,-10.00
22,7,-1.00,-1.00,-1.00,-1.00,0.2344,2.6,2.44,6.14,21.38,0.12,-51.67,-2.57,-10.00
22,7,-1.00,-1.00,-1.00,-1.00,0.1978,3.4,2.78,8.43,-23.56,1.77,-40.35,1.86,-10.00
22,7,-1.00,-1.00,-1.00,-1.00,0.1611,3.6,2.86,8.64,44.11,0.37,32.21,1.94,-10.00
22,7,469.27,398.50,780.96,516.38,0.1563,3.9,3.08,11.68,-7.70,1.64,47.30,0.38,-10.00
22,7,-1.00,-1.00,-1.00,-1.00,0.1543,3.6,2.89,8.92,-36.74,2.34,-10.15,0.33,-10.00
22,7,-1.00,-1.00,-1.00,-1.00,0.1366,2.0,2.23,5.92,27.41,0.94,-45.51,-2.02,-10.00
22,7,1597.57,420.00,1600.00,549.53,0.1325,1.9,2.05,5.30,16.23,1.32,21.16,0.50,-10.00
22,7,906.61,408.27,1125.64,512.01,0.1278,3.2,2.56,7.10,6.57,1.39,43.92,0.54,-10.00
22,7,-1.00,-1.00,-1.00,-1.00,0.1195,1.9,2.17,5.71,21.77,0.81,-21.43,-0.93,-10.00
22,7,-1.00,-1.00,-1.00,-1.00,0.1141,2.0,2.24,5.89,5.46,1.03,-36.91,2.05,-10.00
22,7,-1.00,-1.00,-1.00,-1.00,0.1134,2.0,2.19,5.76,35.91,0.28,-29.07,1.86,-10.00
22,7,-1.00,-1.00,-1.00,-1.00,0.1113,2.0,2.27,6.04,18.40,0.89,-42.44,2.00,-10.00
22,7,-1.00,-1.00,-1.00,-1.00,0.1093,2.0,2.25,5.92,15.99,0.89,-41.23,1.98,-10.00
22,7,-1.00,-1.00,-1.00,-1.00,0.1088,1.9,2.05,5.32,14.98,1.18,-38.92,-2.69,-10.00
22,7,-1.00,-1.00,-1.00,-1.00,0.1072,2.0,2.24,5.72,23.87,0.97,-44.51,-1.26,-10.00
22,7,-1.00,-1.00,-1.00,-1.00,0.1018,1.9,2.15,5.37,43.31,0.53,-30.23,0.32,-10.00
23,7,1396.84,400.04,1600.00,506.19,0.7099,2.1,2.34,6.06,16.74,0.77,29.26,0.38,-10.00
23,7,-1.00,-1.00,-1.00,-1.00,0.5567,3.8,2.88,7.43,-35.29,1.37,-14.16,0.31,-10.00
23,7,506.45,401.67,786.79,521.07,0.5161,3.5,2.96,8.71,-5.92,1.60,41.12,0.34,-10.00
23,7,-1.00,-1.00,-1.00,-1.00,0.4320,3.2,2.72,7.11,-19.22,0.96,-44.98,-1.30,-10.00
23,7,-1.00,-1.00,-1.00,-1.00,0.4163,2.4,2.48,6.43,-15.77,1.57,-28.61,1.92,-10.00
23,7,-1.00,-1.00,-1.00,-1.00,0.2836,3.1,2.67,6.44,-35.51,1.77,-10.60,0.28,-10.00
23,7,-1.00,-1.00,-1.00,-1.00,0.1912,2.0,2.23,5.90,17.77,0.68,-41.03,-1.28,-10.00
23,7,380.11,425.10,643.06,522.40,0.1623,3.3,2.97,9.49,-11.87,1.90,47.18,0.32,-10.00
23,7,-1.00,-1.00,-1.00,-1.00,0.1593,2.2,2.20,5.44,-20.12,0.85,-42.09,-2.86,-10.00
23,7,1463.49,411.91,1600.00,574.46,0.1193,1.9,2.04,5.51,11.70,1.34,16.55,0.28,-10.00
23,7,-1.00,-1.00,-1.00,-1.00,0.1102,2.0,2.18,5.77,26.29,-0.08,-29.33,1.87,-10.00
23,7,-1.00,-1.00,-1.00,-1.00,0.1062,2.0,2.14,5.46,-32.54,1.13,-43.20,-2.87,-10.00
23,7,-1.00,-1.00,-1.00,-1.00,0.1047,3.8,2.90,9.18,34.20,1.21,6.64,-1.26,-10.00
23,7,-1.00,-1.00,-1.00,-1.00,0.1042,1.9,2.06,5.53,26.91,0.73,-43.41,0.41,-10.00
23,7,-1.00,-1.00,-1.00,-1.00,0.1035,1.9,2.17,5.49,11.98,1.46,-37.28,-1.39,-10.00
23,7,-1.00,-1.00,-1.00,-1.00,0.1034,3.5,2.85,8.17,9.24,0.54,-51.30,-1.26,-10.00
24,7,333.18,394.77,643.07,514.65,0.8502,3.2,2.87,8.82,-10.18,1.26,37.74,0.30,-10.00
24,7,1285.72,416.50,1598.12,521.62,0.6929,2.1,2.31,5.92,13.53,1.11,28.06,0.29,-10.00
24,7,-1.00,-1.00,-1.00,-1.00,0.5845,2.5,2.56,6.54,-13.14,1.63,-32.54,1.79,-10.00
24,7,-1.00,-1.00,-1.00,-1.00,0.3591,3.2,2.68,6.56,-14.91,1.03,-49.18,-1.40,-10.00
24,7,-1.00,-1.00,-1.00,-1.00,0.2800,3.3,2.75,5.83,-32.82,1.36,-20.18,0.23,-10.00
24,7,-1.00,-1.00,-1.00,-1.00,0.2621,2.2,2.20,5.73,-16.37,0.88,-46.48,-2.94,-10.00
24,7,-1.00,-1.00,-1.00,-1.00,0.2088,3.5,2.81,7.89,36.67,1.23,2.87,1.73,-10.00
24,7,207.76,452.20,396.12,517.15,0.2014,2.1,2.27,5.80,-18.25,1.59,43.67,-2.91,-10.00
24,7,-1.00,-1.00,-1.00,-1.00,0.1880,3.8,2.96,10.56,36.83,0.62,34.28,1.60,-10.00
24,7,-1.00,-1.00,-1.00,-1.00,0.1719,2.1,2.27,5.77,-27.77,0.98,-48.50,-2.92,-10.00
24,7,-1.00,-1.00,-1.00,-1.00,0.1713,3.6,2.89,8.99,33.31,1.20,7.19,-1.38,-10.00
24,7,-1.00,-1.00,-1.00,-1.00,0.1404,2.0,2.20,5.66,11.29,1.34,-38.39,-2.86,-10.00
24,7,-1.00,-1.00,-1.00,-1.00,0.1364,1.7,2.15,5.60,35.86,1.05,-43.59,1.76,-10.00
24,7,-1.00,-1.00,-1.00,-1.00,0.1286,2.1,2.21,5.63,31.60,1.50,-42.88,-2.88,-10.00
24,7,-1.00,-1.00,-1.00,-1.00,0.1278,2.0,2.25,5.84,18.75,1.18,-41.74,-1.37,-10.00
24,7,-1.00,-1.00,-1.00,-1.00,0.1224,2.0,2.25,5.71,12.97,1.13,-40.93,1.79,-10.00
24,7,-1.00,-1.00,-1.00,-1.00,0.1203,3.1,2.65,7.31,31.52,0.68,-52.03,-2.88,-10.00
24,7,-1.00,-1.00,-1.00,-1.00,0.1189,1.9,2.20,5.89,21.75,1.32,-41.36,1.69,-10.00
24,7,-1.00,-1.00,-1.00,-1.00,0.1148,3.1,2.70,6.63,-17.05,1.13,-40.98,-2.91,-10.00
24,7,502.08,393.15,648.58,520.24,0.1088,3.5,2.86,8.95,-7.83,1.54,40.38,1.58,-10.00
24,7,-1.00,-1.00,-1.00,-1.00,0.1079,2.4,2.32,5.98,-26.30,0.69,-51.31,1.74,-10.00
24,7,-1.00,-1.00,-1.00,-1.00,0.1051,1.8,2.10,5.26,41.21,1.31,-15.29,1.77,-10.00
24,7,-1.00,-1.00,-1.00,-1.00,0.1038,1.9,2.28,5.99,-29.50,1.88,-29.94,1.78,-10.00
24,7,-1.00,-1.00,-1.00,-1.00,0.1018,1.9,2.15,5.36,43.32,1.34,-13.82,0.20,-10.00
25,7,137.71,386.37,491.26,521.06,0.9340,3.2,2.75,8.59,-13.59,1.30,33.46,0.19,-10.00
25,7,1204.02,415.59,1516.11,521.89,0.6743,2.0,2.20,5.53,10.90,1.04,26.05,0.14,-10.00
25,7,-1.00,-1.00,-1.00,-1.00,0.6690,2.7,2.54,6.83,-10.33,1.44,-36.72,1.71,-10.00
25,7,-1.00,-1.00,-1.00,-1.00,0.2024,3.5,2.85,8.02,36.49,1.16,2.03,-1.40,-10.00
25,7,1491.14,381.80,1600.00,498.68,0.2023,3.4,2.80,8.45,26.62,0.87,44.17,1.71,-10.00
25,7,-1.00,-1.00,-1.00,-1.00,0.1819,2.1,2.45,6.08,43.24,0.79,-26.14,-1.50,-10.00
25,7,-1.00,-1.00,-1.00,-1.00,0.1737,3.5,2.88,8.28,31.81,0.89,3.17,1.71,-10.00
25,7,-1.00,-1.00,-1.00,-1.00,0.1721,3.1,2.79,7.57,-10.25,1.13,-51.91,1.67,-10.00
25,7,-1.00,-1.00,-1.00,-1.00,0.1532,1.9,2.27,5.78,25.36,0.97,-42.78,-1.44,-10.00
25,7,-1.00,-1.00,-1.00,-1.00,0.1500,1.9,2.26,6.04,16.76,0.87,-42.21,1.71,-10.00
25,7,-1.00,-1.00,-1.00,-1.00,0.1465,3.6,2.97,10.20,-16.33,1.50,-48.67,-1.36,-10.00
25,7,-1.00,-1.00,-1.00,-1.00,0.1452,1.9,2.10,5.28,26.08,0.91,34.61,-2.93,-10.00
25,7,1532.41,433.86,1600.00,502.86,0.1409,2.0,2.17,5.43,26.04,0.99,40.20,-3.00,-10.00
25,7,-1.00,-1.00,-1.00,-1.00,0.1406,2.0,2.24,5.84,22.48,0.83,-43.30,-1.45,-10.00
25,7,-1.00,-1.00,-1.00,-1.00,0.1296,3.7,2.97,9.99,6.13,1.44,-49.16,-2.99,-10.00
25,7,0.00,443.44,221.29,528.29,0.1273,2.4,2.47,6.55,-22.61,1.77,38.90,-3.01,-10.00
25,7,-1.00,-1.00,-1.00,-1.00,0.1242,2.0,2.27,5.95,19.08,1.35,-41.32,-3.01,-10.00
25,7,-1.00,-1.00,-1.00,-1.00,0.1236,2.0,2.34,5.92,49.53,0.76,-27.03,-1.74,-10.00
25,7,-1.00,-1.00,-1.00,-1.00,0.1147,1.9,2.21,5.59,30.26,0.91,-43.10,1.72,-10.00
25,7,0.00,373.60,330.57,523.91,0.1058,3.7,2.98,12.74,-20.37,1.40,34.38,0.15,-10.00
25,7,-1.00,-1.00,-1.00,-1.00,0.1028,3.2,2.57,6.65,-16.17,1.35,-44.98,0.16,-10.00
26,7,0.00,381.73,378.57,531.88,0.9228,3.3,2.85,8.97,-15.75,1.44,30.13,0.09,-10.00
26,7,1145.27,422.46,1470.83,533.10,0.8094,1.9,2.13,5.41,9.02,1.18,23.96,0.13,-10.00
26,7,-1.00,-1.00,-1.00,-1.00,0.5931,2.4,2.49,6.35,-8.04,1.36,-39.43,1.65,-10.00
26,7,-1.00,-1.00,-1.00,-1.00,0.3305,3.4,2.75,7.65,36.30,1.04,1.17,-1.50,-10.00
26,7,-1.00,-1.00,-1.00,-1.00,0.2435,3.3,2.79,7.52,-13.29,0.83,-50.72,1.64,-10.00
26,7,1137.29,435.38,1375.19,515.32,0.2353,1.9,2.13,5.32,10.94,1.12,32.17,3.10,-10.00
26,7,1447.52,407.86,1600.00,509.64,0.1585,3.0,2.55,7.27,23.91,1.25,42.58,1.67,-10.00
26,7,-1.00,-1.00,-1.00,-1.00,0.1570,2.1,2.32,5.80,24.90,0.79,28.78,-0.18,-10.00
26,7,1592.52,430.94,1600.00,508.26,0.1556,1.9,2.08,5.23,23.86,0.97,33.59,-3.06,-10.00
26,7,-1.00,-1.00,-1.00,-1.00,0.1372,2.0,2.40,6.13,44.66,0.96,-26.08,-1.49,-10.00
26,7,-1.00,-1.00,-1.00,-1.00,0.1312,2.6,2.46,5.77,22.71,0.12,-51.81,-2.91,-10.00
26,7,-1.00,-1.00,-1.00,-1.00,0.1213,2.0,2.17,5.48,24.32,0.90,30.79,3.13,-10.00
26,7,-1.00,-1.00,-1.00,-1.00,0.1176,3.4,2.79,7.86,-0.80,1.25,-50.66,0.12,-10.00
26,7,-1.00,-1.00,-1.00,-1.00,0.1130,2.6,2.41,6.84,5.24,0.91,-51.37,-2.98,-10.00
26,7,-1.00,-1.00,-1.00,-1.00,0.1105,3.4,2.90,8.24,38.64,1.11,-1.88,0.15,-10.00
26,7,1508.74,423.87,1600.00,504.56,0.1095,2.4,2.33,5.96,25.71,1.05,40.45,0.09,-10.00
26,7,-1.00,-1.00,-1.00,-1.00,0.1049,3.6,2.93,8.49,31.39,1.04,1.80,1.64,-10.00
27,7,0.00,396.16,301.30,553.88,0.9263,3.1,2.80,7.96,-15.92,1.76,27.10,0.08,-10.00
27,7,1157.08,422.91,1547.42,551.29,0.7844,2.0,2.26,5.74,8.84,1.37,21.61,0.09,-10.00
27,7,-1.00,-1.00,-1.00,-1.00,0.6941,2.9,2.60,6.61,-7.61,0.63,-42.38,1.59,-10.00
27,7,-1.00,-1.00,-1.00,-1.00,0.2144,2.0,2.24,6.09,16.31,0.33,-44.39,0.12,-10.00
27,7,-1.00,-1.00,-1.00,-1.00,0.1680,2.1,2.27,6.01,27.26,-0.12,-45.28,-3.07,-10.00
27,7,-1.00,-1.00,-1.00,-1.00,0.1651,2.0,2.21,5.51,23.15,1.15,31.54,3.12,-10.00
27,7,-1.00,-1.00,-1.00,-1.00,0.1526,2.2,2.43,5.84,23.67,0.71,12.44,-2.14,-10.00
27,7,-1.00,-1.00,-1.00,-1.00,0.1516,2.2,2.37,5.94,13.53,0.68,-15.88,-0.60,-10.00
27,7,1416.88,388.92,1600.00,513.56,0.1458,3.6,2.76,8.04,22.71,1.36,41.65,-1.50,-10.00
27,7,-1.00,-1.00,-1.00,-1.00,0.1421,3.5,3.02,9.04,38.87,0.44,-4.15,0.12,-10.00
27,7,-1.00,-1.00,-1.00,-1.00,0.1324,1.9,2.22,5.69,11.06,0.22,-45.55,1.67,-10.00
27,7,-1.00,-1.00,-1.00,-1.00,0.1309,2.1,2.35,5.94,34.67,0.33,-27.69,-1.56,-10.00
27,7,1158.69,431.94,1420.34,519.84,0.1242,1.9,2.10,5.34,10.78,1.13,29.50,0.02,-10.00
27,7,-1.00,-1.00,-1.00,-1.00,0.1166,2.1,2.28,5.60,17.09,0.35,-24.70,-2.54,-10.00
27,7,-1.00,-1.00,-1.00,-1.00,0.1154,3.3,2.59,6.37,-12.09,1.20,-51.54,0.04,-10.00
27,7,-1.00,-1.00,-1.00,-1.00,0.1080,3.0,2.62,6.65,-14.62,0.90,-51.38,1.67,-10.00
27,7,-1.00,-1.00,-1.00,-1.00,0.1036,2.0,2.13,5.49,29.54,-0.23,-46.23,1.62,-10.00
27,7,-1.00,-1.00,-1.00,-1.00,0.1019,2.0,2.24,5.74,28.75,0.25,-25.87,-1.41,-10.00
27,7,-1.00,-1.00,-1.00,-1.00,0.1016,3.5,2.80,7.89,31.42,0.61,0.72,-1.51,-10.00
28,7,0.00,355.51,231.51,522.35,0.9446,2.9,2.71,8.60,-16.62,0.97,24.78,0.12,-10.00
28,7,1183.24,339.22,1600.00,499.82,0.7457,2.1,2.31,5.88,8.72,0.39,19.21,0.10,-10.00
28,7,-1.00,-1.00,-1.00,-1.00,0.4654,2.2,2.30,6.12,-7.32,2.15,-44.98,1.62,-10.00
28,7,0.00,324.26,7.02,533.24,0.2007,3.7,3.03,13.51,-24.01,1.19,24.99,0.04,-10.00
28,7,-1.00,-1.00,-1.00,-1.00,0.1981,2.0,2.34,5.98,26.38,1.24,-48.68,1.65,-10.00
28,7,-1.00,-1.00,-1.00,-1.00,0.1871,2.0,2.25,5.53,17.10,2.39,-48.49,1.60,-10.00
28,7,-1.00,-1.00,-1.00,-1.00,0.1529,2.1,2.26,5.80,14.05,1.00,-18.38,-0.70,-10.00
28,7,-1.00,-1.00,-1.00,-1.00,0.1511,1.9,2.27,5.95,19.97,1.54,-47.41,1.55,-10.00
28,7,1153.35,381.75,1443.21,496.12,0.1425,2.2,2.15,5.42,10.06,0.50,27.13,0.06,-10.00
28,7,-1.00,-1.00,-1.00,-1.00,0.1424,3.7,2.79,8.14,31.34,0.21,-2.49,-1.52,-10.00
28,7,1448.64,334.51,1600.00,486.27,0.1249,4.0,2.90,7.80,23.00,0.34,39.51,-1.55,-10.00
28,7,1143.50,399.58,1410.16,504.72,0.1247,2.3,2.20,5.48,10.57,0.77,29.76,0.00,-10.00
28,7,-1.00,-1.00,-1.00,-1.00,0.1246,2.0,2.28,5.77,31.89,0.92,-29.30,-1.37,-10.00
28,7,-1.00,-1.00,-1.00,-1.00,0.1206,2.0,2.27,5.69,-19.40,2.60,-45.67,-1.48,-10.00
28,7,-1.00,-1.00,-1.00,-1.00,0.1197,2.1,2.23,5.79,22.01,0.82,-23.99,-2.87,-10.00
28,7,-1.00,-1.00,-1.00,-1.00,0.1179,2.0,2.11,5.69,30.28,1.18,-46.93,-0.02,-10.00
28,7,-1.00,-1.00,-1.00,-1.00,0.1160,2.1,2.26,5.85,47.21,0.56,-28.36,3.03,-10.00
28,7,1480.85,345.52,1600.00,467.74,0.1159,3.2,2.67,6.65,22.94,-0.17,36.10,0.01,-10.00
28,7,-1.00,-1.00,-1.00,-1.00,0.1156,1.9,2.06,5.05,22.92,-0.24,29.24,0.02,-10.00
28,7,-1.00,-1.00,-1.00,-1.00,0.1131,3.5,2.86,8.33,36.10,0.45,-2.61,-1.49,-10.00
28,7,-1.00,-1.00,-1.00,-1.00,0.1130,2.7,2.54,7.20,-24.38,1.36,29.26,0.08,-10.00
28,7,-1.00,-1.00,-1.00,-1.00,0.1048,2.0,2.00,5.07,23.61,-0.09,26.54,3.12,-10.00
28,7,-1.00,-1.00,-1.00,-1.00,0.1046,1.9,2.22,5.77,14.59,1.49,-47.83,1.63,-10.00
28,7,-1.00,-1.00,-1.00,-1.00,0.1044,1.9,2.20,5.58,29.16,0.77,-28.26,-1.48,-10.00
28,7,-1.00,-1.00,-1.00,-1.00,0.1040,1.9,2.20,5.68,34.58,0.37,-29.82,1.78,-10.00
28,7,-1.00,-1.00,-1.00,-1.00,0.1021,1.9,2.14,5.57,23.42,1.66,-47.32,-3.10,-10.00
28,7,-1.00,-1.00,-1.00,-1.00,0.1009,2.0,2.09,5.46,23.85,0.12,24.02,-0.04,-10.00
29,7,0.00,396.30,197.34,580.46,0.9464,3.0,2.93,8.86,-16.43,1.90,22.51,0.08,-10.00
29,7,1222.05,398.00,1600.00,562.19,0.7941,2.0,2.22,5.65,8.54,1.21,17.02,0.09,-10.00
29,7,-1.00,-1.00,-1.00,-1.00,0.5126,2.1,2.26,5.89,-7.21,0.76,-46.79,1.64,-10.00
29,7,-1.00,-1.00,-1.00,-1.00,0.2389,1.9,2.05,5.10,23.24,0.59,27.24,-3.11,-10.00
29,7,1163.34,419.43,1477.10,521.37,0.1992,1.9,2.09,5.48,9.86,1.00,25.29,3.05,-10.00
29,7,-1.00,-1.00,-1.00,-1.00,0.1650,1.9,2.05,5.29,-18.46,1.20,-41.01,-2.96,-10.00
29,7,-1.00,-1.00,-1.00,-1.00,0.1590,2.0,2.24,5.89,28.49,-0.20,-49.11,-0.02,-10.00
29,7,-1.00,-1.00,-1.00,-1.00,0.1548,2.0,2.21,5.69,8.06,0.02,-50.20,-1.42,-10.00
29,7,-1.00,-1.00,-1.00,-1.00,0.1485,2.1,2.20,5.62,14.49,-0.83,-50.67,-1.49,-10.00
29,7,-1.00,-1.00,-1.00,-1.00,0.1442,2.2,2.36,5.93,34.04,-0.95,-35.20,-3.01,-10.00
29,7,-1.00,-1.00,-1.00,-1.00,0.1345,1.8,2.10,5.19,-17.88,1.29,-38.89,-3.01,-10.00
29,7,-1.00,-1.00,-1.00,-1.00,0.1241,2.0,2.24,5.93,26.10,-0.46,-51.05,-1.64,-10.00
29,7,1135.14,421.94,1402.38,514.58,0.1214,1.9,2.07,5.27,9.88,0.97,28.21,-0.15,-10.00
29,7,-1.00,-1.00,-1.00,-1.00,0.1211,2.0,2.20,5.60,28.01,-0.25,-30.41,2.04,-10.00
29,7,1083.63,439.08,1300.99,519.69,0.1186,1.9,2.12,5.35,9.67,1.28,33.38,-2.86,-10.00
29,7,-1.00,-1.00,-1.00,-1.00,0.1173,1.9,2.17,5.52,6.01,0.44,-48.26,-3.03,-10.00
29,7,-1.00,-1.00,-1.00,-1.00,0.1132,2.1,2.20,5.68,16.99,-0.34,-51.39,-1.48,-10.00
29,7,521.68,436.35,622.14,531.63,0.1111,3.5,2.77,7.09,-10.43,2.46,50.80,1.19,-10.00
29,7,-1.00,-1.00,-1.00,-1.00,0.1108,2.2,2.25,5.98,0.50,0.68,-51.25,1.66,-10.00
29,7,-1.00,-1.00,-1.00,-1.00,0.1085,3.6,2.89,8.25,31.25,0.14,-5.20,1.69,-10.00
29,7,-1.00,-1.00,-1.00,-1.00,0.1071,2.1,2.22,5.66,23.65,0.36,24.39,3.03,-10.00
29,7,-1.00,-1.00,-1.00,-1.00,0.1038,2.1,2.29,5.89,34.53,-0.15,-31.80,-1.45,-10.00
29,7,-1.00,-1.00,-1.00,-1.00,0.1031,2.0,2.21,5.54,22.61,0.85,29.61,-3.06,-10.00
29,7,-1.00,-1.00,-1.00,-1.00,0.1019,2.0,2.25,5.83,-18.96,1.01,-48.20,1.66,-10.00
29,7,-1.00,-1.00,-1.00,-1.00,0.1015,2.0,2.27,5.82,46.87,-0.67,-30.20,-3.08,-10.00
30,7,0.00,355.22,109.01,588.43,0.8795,3.3,2.88,7.95,-16.15,1.80,19.95,0.10,-10.00
30,7,1271.59,376.01,1600.00,568.39,0.7706,2.0,2.20,5.55,8.38,1.10,14.67,0.09,-10.00
30,7,-1.00,-1.00,-1.00,-1.00,0.5091,3.2,2.72,7.48,-7.20,0.51,-50.23,-1.52,-10.00
30,7,-1.00,-1.00,-1.00,-1.00,0.2405,2.1,2.24,5.78,9.74,0.51,-50.74,-3.10,-10.00
30,7,-1.00,-1.00,-1.00,-1.00,0.2277,3.7,3.00,8.99,31.27,0.14,-8.02,1.61,-10.00
30,7,-1.00,-1.00,-1.00,-1.00,0.1940,2.1,2.35,5.87,32.19,-0.01,-33.38,-1.54,-10.00
30,7,-1.00,-1.00,-1.00,-1.00,0.1928,3.7,3.05,10.02,-10.32,1.33,-47.74,0.00,-10.00
30,7,-1.00,-1.00,-1.00,-1.00,0.1504,2.0,2.22,5.79,13.72,0.23,-22.41,-0.94,-10.00
30,7,-1.00,-1.00,-1.00,-1.00,0.1420,3.5,2.78,7.90,35.62,0.20,-7.95,-1.44,-10.00
30,7,-1.00,-1.00,-1.00,-1.00,0.1346,2.1,2.30,5.64,29.16,-0.20,-33.13,1.60,-10.00
30,7,-1.00,-1.00,-1.00,-1.00,0.1188,1.9,2.18,5.30,-18.55,0.99,-49.87,1.56,-10.00
30,7,-1.00,-1.00,-1.00,-1.00,0.1187,2.4,2.39,6.18,34.60,-0.02,1.02,-1.63,-10.00
30,7,-1.00,-1.00,-1.00,-1.00,0.1174,2.2,2.21,5.72,18.19,0.39,-51.59,0.09,-10.00
30,7,-1.00,-1.00,-1.00,-1.00,0.1160,2.1,2.26,5.91,19.93,-0.57,-32.58,-3.08,-10.00
30,7,-1.00,-1.00,-1.00,-1.00,0.1149,1.9,2.19,5.49,22.92,0.62,24.72,-3.09,-10.00
30,7,-1.00,-1.00,-1.00,-1.00,0.1137,3.4,2.74,7.32,29.69,0.38,25.09,-1.50,-10.00
30,7,-1.00,-1.00,-1.00,-1.00,0.1123,1.9,2.10,5.52,-25.87,1.84,-5.74,1.62,-10.00
30,7,-1.00,-1.00,-1.00,-1.00,0.1122,2.0,2.16,5.68,25.59,0.56,-17.23,-1.48,-10.00
30,7,-1.00,-1.00,-1.00,-1.00,0.1075,2.2,2.41,6.51,48.94,-0.75,-20.31,1.64,-10.00
30,7,-1.00,-1.00,-1.00,-1.00,0.1046,2.3,2.24,6.06,14.97,0.23,-51.82,-1.50,-10.00
30,7,1090.96,420.82,1242.30,522.16,0.1043,2.0,2.10,5.35,7.44,1.12,28.01,-1.53,-10.00
30,7,1536.12,346.07,1600.00,506.17,0.1016,3.6,2.71,7.25,22.23,0.86,33.58,-1.48,-10.00
30,7,-1.00,-1.00,-1.00,-1.00,0.1014,1.9,2.03,5.20,-17.44,1.18,-36.86,3.13,-10.00
31,7,-1.00,-1.00,-1.00,-1.00,0.9567,3.1,2.98,8.35,-17.20,2.13,17.22,0.06,-10.00
31,7,1313.34,352.49,1600.00,585.90,0.7176,2.0,2.22,5.63,8.07,1.08,12.38,0.08,-10.00
31,7,-1.00,-1.00,-1.00,-1.00,0.2268,2.2,2.32,6.02,-6.32,0.83,-51.54,1.63,-10.00
31,7,-1.00,-1.00,-1.00,-1.00,0.2153,2.4,2.62,7.01,-27.14,1.61,-11.67,1.55,-10.00
31,7,-1.00,-1.00,-1.00,-1.00,0.2011,2.0,2.13,5.37,22.53,0.30,22.72,3.12,-10.00
31,7,-1.00,-1.00,-1.00,-1.00,0.1771,1.8,2.13,5.53,-17.01,1.37,-44.81,3.13,-10.00
31,7,-1.00,-1.00,-1.00,-1.00,0.1484,2.2,2.27,5.85,11.83,0.38,-27.56,-1.67,-10.00
31,7,-1.00,-1.00,-1.00,-1.00,0.1340,2.0,2.10,5.49,24.75,0.19,-15.89,3.02,-10.00
31,7,1259.11,414.29,1498.92,494.56,0.1295,2.2,2.30,5.95,16.06,0.66,36.65,-0.04,-10.00
31,7,-1.00,-1.00,-1.00,-1.00,0.1188,2.0,2.16,5.46,21.78,0.20,-6.89,3.13,-10.00
31,7,-1.00,-1.00,-1.00,-1.00,0.1101,2.2,2.18,5.59,-17.47,1.52,-52.04,-1.49,-10.00
31,7,-1.00,-1.00,-1.00,-1.00,0.1081,2.2,2.37,6.10,35.38,-1.22,-35.69,-1.46,-10.00
32,7,-1.00,-1.00,-1.00,-1.00,0.8767,3.1,2.98,9.18,-17.79,2.19,14.11,0.04,-10.00
32,7,1400.27,300.14,1600.00,599.07,0.7754,2.0,2.17,5.64,7.81,0.93,9.74,0.08,-10.00
32,7,1225.21,395.75,1600.00,538.10,0.2254,1.9,2.09,5.28,8.70,0.95,17.92,-3.14,-10.00
32,7,-1.00,-1.00,-1.00,-1.00,0.1652,2.0,2.19,5.37,23.73,-0.61,-32.54,-2.84,-10.00
32,7,-1.00,-1.00,-1.00,-1.00,0.1609,1.9,2.15,5.12,22.39,0.07,20.15,3.12,-10.00
32,7,-1.00,-1.00,-1.00,-1.00,0.1575,3.6,2.86,8.52,31.22,-0.22,-12.62,-1.56,-10.00
32,7,-1.00,-1.00,-1.00,-1.00,0.1166,2.5,2.67,7.61,-27.03,1.45,-13.94,-1.56,-10.00
32,7,1085.64,413.52,1426.04,527.38,0.1150,2.0,2.14,5.55,7.85,1.03,23.34,-0.02,-10.00
32,7,-1.00,-1.00,-1.00,-1.00,0.1073,2.0,2.11,5.40,14.85,-0.40,-26.89,-0.48,-10.00
32,7,-1.00,-1.00,-1.00,-1.00,0.1044,2.1,2.23,5.76,48.71,-1.96,-35.08,3.02,-10.00
32,7,0.00,427.22,38.38,559.31,0.1029,2.1,2.18,5.72,-16.98,1.49,21.52,-3.00,-10.00
32,7,-1.00,-1.00,-1.00,-1.00,0.1021,2.0,2.15,5.53,22.30,0.19,17.44,3.13,-10.00
32,7,-1.00,-1.00,-1.00,-1.00,0.1010,2.1,2.28,6.19,-26.80,1.12,-19.06,-1.53,-10.00
33,7,-1.00,-1.00,-1.00,-1.00,0.9378,3.5,2.97,8.73,-17.36,2.32,11.27,0.02,-10.00
33,7,1530.99,276.18,1600.00,720.19,0.7725,2.1,2.21,5.84,7.63,1.25,7.16,0.04,-10.00
33,7,256.63,451.63,502.15,559.29,0.6147,4.0,3.10,8.44,-17.31,3.42,48.87,0.07,-10.00
33,7,-1.00,-1.00,-1.00,-1.00,0.1812,2.1,2.27,5.85,14.37,-0.21,-29.79,2.58,-10.00
33,7,-1.00,-1.00,-1.00,-1.00,0.1601,2.0,2.16,5.64,32.09,-0.74,-37.62,0.07,-10.00
33,7,-1.00,-1.00,-1.00,-1.00,0.1471,2.9,2.62,6.55,36.81,0.11,11.11,-3.09,-10.00
33,7,-1.00,-1.00,-1.00,-1.00,0.1184,2.0,2.29,5.85,27.97,-0.26,-18.93,3.13,-10.00
33,7,-1.00,-1.00,-1.00,-1.00,0.1179,2.2,2.28,5.86,-26.96,0.32,-24.07,1.56,-10.00
33,7,-1.00,-1.00,-1.00,-1.00,0.1121,2.0,2.19,5.55,22.39,0.60,15.18,-3.13,-10.00
33,7,1173.74,400.95,1323.18,506.73,0.1009,3.4,2.76,7.43,15.50,1.26,46.68,-1.60,-10.00
34,7,-1.00,-1.00,-1.00,-1.00,0.9215,3.3,2.89,8.51,-17.44,2.29,7.98,0.02,-10.00
34,7,-1.00,-1.00,-1.00,-1.00,0.8174,2.1,2.22,5.75,7.48,1.19,4.09,0.09,-10.00
34,7,230.25,430.93,498.03,539.73,0.6498,3.7,3.07,8.53,-16.58,2.48,45.36,0.02,-10.00
34,7,-1.00,-1.00,-1.00,-1.00,0.1904,2.9,2.72,7.67,31.14,-0.57,-17.61,1.59,-10.00
34,7,1079.36,494.99,1244.23,550.56,0.1807,2.0,2.09,5.61,12.57,3.00,47.26,-0.00,-10.00
34,7,-1.00,-1.00,-1.00,-1.00,0.1493,2.0,2.26,5.72,33.68,-1.08,-42.70,1.59,-10.00
34,7,1066.00,480.00,1149.25,537.02,0.1457,2.1,2.24,5.42,11.06,2.65,49.70,-1.53,-10.00
34,7,-1.00,-1.00,-1.00,-1.00,0.1407,2.1,2.33,5.96,36.46,-0.89,-43.12,1.59,-10.00
34,7,-1.00,-1.00,-1.00,-1.00,0.1267,3.7,3.17,13.03,-22.60,1.76,12.51,0.07,-10.00
34,7,310.53,480.22,499.94,546.97,0.1193,2.1,2.18,5.53,-13.90,2.52,41.59,-3.14,-10.00
34,7,-1.00,-1.00,-1.00,-1.00,0.1179,2.0,2.14,5.54,23.85,-1.00,-37.92,-2.75,-10.00
35,7,-1.00,-1.00,-1.00,-1.00,0.9216,3.6,2.95,8.20,-17.37,2.13,5.21,0.01,-10.00
35,7,193.06,438.40,532.35,563.47,0.8050,4.0,3.00,10.41,-15.51,3.09,42.33,0.08,-10.00
35,7,-1.00,-1.00,-1.00,-1.00,0.8008,2.1,2.20,5.74,7.42,1.11,1.29,0.09,-10.00
35,7,274.11,470.93,511.21,565.57,0.1645,2.8,2.49,6.47,-13.34,2.91,38.88,-0.01,-10.00
35,7,-1.00,-1.00,-1.00,-1.00,0.1457,3.5,2.82,8.42,37.07,0.22,0.87,-1.51,-10.00
35,7,-1.00,-1.00,-1.00,-1.00,0.1252,2.0,2.24,5.51,35.63,-0.18,4.27,0.23,-10.00
35,7,1592.85,381.23,1600.00,499.18,0.1234,3.3,2.68,7.67,28.49,0.82,38.76,-3.06,-10.00
35,7,-1.00,-1.00,-1.00,-1.00,0.1216,3.5,2.77,7.29,33.04,-0.76,-49.78,-0.06,-10.00
35,7,-1.00,-1.00,-1.00,-1.00,0.1115,2.0,2.16,5.47,30.42,-1.84,-44.67,1.57,-10.00
35,7,1549.61,380.46,1600.00,493.76,0.1078,3.7,2.91,8.38,30.94,0.76,44.72,-3.11,-10.00
36,7,-1.00,-1.00,-1.00,-1.00,0.9217,3.1,2.93,8.24,-17.44,1.82,2.47,0.01,-10.00
36,7,168.85,420.62,532.64,560.32,0.8872,4.1,2.95,10.39,-14.82,2.78,39.48,0.07,-10.00
36,7,-1.00,-1.00,-1.00,-1.00,0.7260,2.1,2.21,5.82,7.59,1.25,-1.53,0.04,-10.00
36,7,-1.00,-1.00,-1.00,-1.00,0.4279,3.7,2.93,8.25,31.03,1.12,41.83,-3.14,-10.00
36,7,1041.49,469.18,1203.04,525.26,0.1769,2.0,2.18,5.38,10.93,2.02,46.57,-0.10,-10.00
36,7,1296.22,455.06,1491.82,519.03,0.1718,2.1,2.28,5.96,20.32,1.72,45.13,0.15,-10.00
36,7,-1.00,-1.00,-1.00,-1.00,0.1484,2.1,2.23,5.81,26.77,0.05,-29.89,1.70,-10.00
36,7,921.86,477.76,1081.12,534.66,0.1324,2.0,2.14,5.57,6.52,2.38,46.64,0.30,-10.00
36,7,-1.00,-1.00,-1.00,-1.00,0.1214,2.0,2.19,5.78,0.44,0.99,-25.98,-1.64,-10.00
36,7,-1.00,-1.00,-1.00,-1.00,0.1209,2.4,2.52,6.05,27.26,0.18,-27.80,0.01,-10.00
36,7,-1.00,-1.00,-1.00,-1.00,0.1170,2.0,2.20,5.56,30.33,-0.57,-48.08,1.58,-10.00
36,7,40.44,508.45,278.54,578.92,0.1163,1.9,2.22,5.55,-18.87,3.04,35.64,3.14,-10.00
36,7,-1.00,-1.00,-1.00,-1.00,0.1152,2.0,2.19,5.57,-28.28,-0.17,-33.07,-3.13,-10.00
36,7,-1.00,-1.00,-1.00,-1.00,0.1106,2.1,2.21,5.91,31.82,-0.40,-29.50,1.61,-10.00
36,7,-1.00,-1.00,-1.00,-1.00,0.1066,3.0,2.61,6.61,32.15,0.26,-1.80,-1.42,-10.00
36,7,-1.00,-1.00,-1.00,-1.00,0.1044,2.1,2.30,5.89,48.74,-0.80,-47.14,-3.02,-10.00
36,7,306.89,448.60,539.75,546.47,0.1034,3.5,2.81,7.77,-14.96,2.81,46.85,0.07,-10.00
36,7,1242.88,470.46,1435.47,539.52,0.1019,2.2,2.16,5.51,17.11,2.31,42.03,-0.01,-10.00
36,7,-1.00,-1.00,-1.00,-1.00,0.1009,2.0,2.18,5.61,25.15,0.75,2.31,-1.68,-10.00
36,7,1401.96,444.28,1596.34,503.89,0.1003,2.0,2.20,5.73,23.82,1.15,44.51,-0.07,-10.00
37,7,-1.00,-1.00,-1.00,-1.00,0.8813,3.8,3.03,8.06,-17.34,1.81,0.13,0.02,-10.00
37,7,140.29,409.02,518.38,552.47,0.8276,4.0,2.91,10.12,-14.59,2.39,37.23,0.07,-10.00
37,7,-1.00,-1.00,-1.00,-1.00,0.7408,2.1,2.24,5.86,7.46,1.15,-3.72,0.01,-10.00
37,7,-1.00,-1.00,-1.00,-1.00,0.3700,4.1,3.13,10.07,-22.90,1.78,0.46,-0.06,-10.00
37,7,-1.00,-1.00,-1.00,-1.00,0.3244,2.1,2.23,5.85,38.86,-0.76,-35.36,3.04,-10.00
37,7,-1.00,-1.00,-1.00,-1.00,0.2348,3.5,2.85,8.04,31.69,0.97,39.48,-3.13,-10.00
37,7,-1.00,-1.00,-1.00,-1.00,0.1904,2.0,2.28,5.71,22.19,0.69,-23.27,-3.12,-10.00
37,7,127.63,421.39,499.20,577.64,0.1680,4.0,2.98,8.82,-13.71,2.83,34.05,-0.00,-10.00
37,7,-1.00,-1.00,-1.00,-1.00,0.1469,2.2,2.31,5.81,27.91,-0.01,-32.51,0.07,-10.00
37,7,-1.00,-1.00,-1.00,-1.00,0.1467,1.9,2.19,5.78,0.50,1.01,-26.26,-1.64,-10.00
37,7,-1.00,-1.00,-1.00,-1.00,0.1441,1.9,2.10,5.44,23.76,0.54,-37.86,-3.13,-10.00
37,7,-1.00,-1.00,-1.00,-1.00,0.1362,1.9,2.13,5.44,32.55,0.34,-48.91,0.14,-10.00
37,7,-1.00,-1.00,-1.00,-1.00,0.1225,2.1,2.24,5.86,21.63,-0.18,-47.01,-1.39,-10.00
37,7,-1.00,-1.00,-1.00,-1.00,0.1175,3.8,2.89,8.09,29.16,-0.35,-7.88,-1.55,-10.00
37,7,-1.00,-1.00,-1.00,-1.00,0.1129,2.1,2.17,5.65,9.41,-0.44,-43.43,0.15,-10.00
37,7,-1.00,-1.00,-1.00,-1.00,0.1083,2.5,2.50,6.43,-52.07,2.59,-20.15,-0.19,-10.00
37,7,-1.00,-1.00,-1.00,-1.00,0.1039,2.0,2.12,5.53,17.38,-1.34,-50.79,0.05,-10.00
37,7,-1.00,-1.00,-1.00,-1.00,0.1020,2.1,2.23,5.77,27.49,0.14,-34.78,-3.09,-10.00
37,7,1260.96,475.33,1493.28,549.44,0.1019,2.2,2.37,6.22,17.25,2.47,39.52,-0.00,-10.00
37,7,1.89,478.30,265.61,574.70,0.1009,2.0,2.29,5.99,-15.77,2.32,28.46,-2.66,-10.00
38,7,-1.00,-1.00,-1.00,-1.00,0.9149,3.2,2.74,7.59,-17.19,1.50,-2.56,0.02,-10.00
38,7,107.87,410.35,514.36,564.33,0.8992,3.9,2.89,10.06,-13.93,2.51,34.28,0.10,-10.00
38,7,-1.00,-1.00,-1.00,-1.00,0.8036,2.1,2.26,5.95,7.35,1.22,-6.56,0.05,-10.00
38,7,0.00,401.98,28.29,567.30,0.5613,4.2,3.07,11.67,-29.29,2.58,34.69,-0.24,-10.00
38,7,-1.00,-1.00,-1.00,-1.00,0.2482,2.0,2.25,5.80,-0.17,1.04,-26.79,-1.59,-10.00
38,7,-1.00,-1.00,-1.00,-1.00,0.2041,2.1,2.32,6.11,36.51,-0.02,-6.86,1.67,-10.00
38,7,-1.00,-1.00,-1.00,-1.00,0.1540,2.0,2.22,5.69,26.77,-0.02,-35.60,0.10,-10.00
38,7,0.00,504.68,47.94,587.18,0.1523,1.9,2.13,5.64,-22.68,2.82,30.85,0.00,-10.00
38,7,961.46,486.19,1128.88,555.50,0.1514,2.1,2.30,6.23,7.13,2.81,41.80,1.13,-10.00
38,7,1022.65,477.92,1203.30,542.90,0.1467,2.0,2.18,5.43,9.44,2.38,41.37,-0.32,-10.00
38,7,-1.00,-1.00,-1.00,-1.00,0.1231,1.9,2.19,5.69,-24.66,2.58,27.55,0.94,-10.00
38,7,-1.00,-1.00,-1.00,-1.00,0.1117,2.0,2.19,5.68,26.26,0.14,-32.51,0.01,-10.00
38,7,-1.00,-1.00,-1.00,-1.00,0.1113,1.9,2.07,5.55,7.71,0.98,-22.87,-3.03,-10.00
38,7,1535.20,414.16,1600.00,526.72,0.1109,3.3,2.72,7.44,27.08,1.84,41.62,-1.57,-10.00
38,7,-1.00,-1.00,-1.00,-1.00,0.1086,1.9,2.23,5.38,19.69,0.77,-26.04,3.01,-10.00
38,7,-1.00,-1.00,-1.00,-1.00,0.1033,2.0,2.24,5.55,23.07,0.06,-35.24,-2.98,-10.00
38,7,1459.30,457.61,1600.00,534.39,0.1026,2.3,2.33,5.66,22.91,2.06,40.52,-1.49,-10.00
38,7,153.42,435.06,500.03,579.61,0.1024,3.4,2.72,7.46,-12.15,2.63,31.03,-0.05,-10.00
39,7,46.86,404.55,486.26,572.96,0.8849,3.9,2.92,9.94,-13.97,2.53,31.68,0.10,-10.00
39,7,-1.00,-1.00,-1.00,-1.00,0.8556,3.2,2.90,7.72,-17.24,1.40,-5.33,0.05,-10.00
39,7,-1.00,-1.00,-1.00,-1.00,0.8474,2.1,2.24,5.89,7.35,1.24,-9.15,0.04,-10.00
39,7,-1.00,-1.00,-1.00,-1.00,0.5286,4.0,3.09,12.20,-28.85,2.58,31.99,-0.23,-10.00
39,7,1512.77,443.23,1600.00,532.89,0.1739,2.6,2.46,6.58,24.79,1.87,37.91,-3.12,-10.00
39,7,-1.00,-1.00,-1.00,-1.00,0.1722,3.1,2.74,7.07,22.22,0.78,12.41,0.04,-10.00
39,7,-1.00,-1.00,-1.00,-1.00,0.1390,2.0,2.13,5.84,0.40,1.09,-27.23,-1.47,-10.00
39,7,1069.10,480.70,1268.86,548.95,0.1337,2.0,2.14,5.51,10.45,2.40,38.57,3.13,-10.00
39,7,-1.00,-1.00,-1.00,-1.00,0.1336,2.1,2.13,5.66,23.63,-0.04,-50.93,-3.04,-10.00
39,7,1340.70,490.25,1596.24,570.66,0.1317,2.1,2.25,5.86,17.58,2.71,34.51,3.09,-10.00
39,7,394.72,467.51,579.47,548.11,0.1269,3.0,2.72,6.39,-13.01,2.98,48.41,-0.01,-10.00
39,7,-1.00,-1.00,-1.00,-1.00,0.1186,3.1,2.65,7.05,29.28,1.94,37.24,-3.13,-10.00
39,7,-1.00,-1.00,-1.00,-1.00,0.1172,2.2,2.35,5.92,-30.98,2.59,27.84,3.11,-10.00
39,7,-1.00,-1.00,-1.00,-1.00,0.1148,2.5,2.30,5.98,9.22,-0.82,-48.73,0.08,-10.00
39,7,-1.00,-1.00,-1.00,-1.00,0.1086,2.0,2.11,5.76,-21.09,2.58,24.66,0.90,-10.00
39,7,56.09,420.34,424.78,582.37,0.1080,3.5,2.69,7.09,-13.15,2.48,28.54,0.01,-10.00
39,7,-1.00,-1.00,-1.00,-1.00,0.1055,3.0,2.58,6.55,30.26,1.82,33.96,0.00,-10.00
39,7,-1.00,-1.00,-1.00,-1.00,0.1016,2.0,2.24,5.41,-28.16,-0.59,-38.57,-3.11,-10.00
39,7,-1.00,-1.00,-1.00,-1.00,0.1010,2.2,2.34,5.90,34.59,0.18,-8.71,1.53,-10.00
