0,7,-1.00,-1.00,-1.00,-1.00,0.8251,3.9,3.01,7.10,-29.80,2.16,14.48,-0.06,-10.00
0,7,-1.00,-1.00,-1.00,-1.00,0.7356,4.2,2.82,7.25,27.51,0.60,30.14,-3.14,-10.00
0,7,446.73,422.44,802.55,559.27,0.4153,2.2,2.33,5.90,-3.57,1.55,22.66,2.58,-10.00
0,7,-1.00,-1.00,-1.00,-1.00,0.2838,2.0,2.18,5.72,-6.70,1.33,-22.25,-1.20,-10.00
0,7,-1.00,-1.00,-1.00,-1.00,0.2180,3.2,2.91,6.73,-31.56,2.23,41.29,1.66,-10.00
0,7,-1.00,-1.00,-1.00,-1.00,0.1614,2.1,2.13,5.53,-1.04,0.71,-46.66,-1.50,-10.00
0,7,-1.00,-1.00,-1.00,-1.00,0.1199,2.2,2.19,5.70,-29.00,1.87,17.67,-0.12,-10.00
1,7,-1.00,-1.00,-1.00,-1.00,0.9298,3.9,2.86,6.90,-29.65,2.05,13.64,-0.04,-10.00
1,7,-1.00,-1.00,-1.00,-1.00,0.7521,4.0,2.61,7.26,22.46,0.70,28.62,3.11,-10.00
1,7,270.54,436.95,674.28,582.41,0.5996,2.0,2.16,5.80,-5.50,1.69,20.02,2.48,-10.00
1,7,-1.00,-1.00,-1.00,-1.00,0.4667,2.1,2.22,5.64,-5.89,1.26,-20.60,-1.29,-10.00
1,7,-1.00,-1.00,-1.00,-1.00,0.1590,3.4,2.78,6.69,34.41,0.85,11.09,1.85,-10.00
1,7,1361.27,420.81,1600.00,501.26,0.1352,1.9,2.21,5.56,17.07,0.75,32.32,3.14,-10.00
1,7,-1.00,-1.00,-1.00,-1.00,0.1210,2.3,2.39,5.84,38.69,1.62,19.79,-0.05,-10.00
1,7,-1.00,-1.00,-1.00,-1.00,0.1157,3.4,2.77,8.42,45.95,-0.46,20.63,0.22,-10.00
1,7,-1.00,-1.00,-1.00,-1.00,0.1073,3.6,2.90,7.80,34.90,1.07,-2.78,-1.41,-10.00
1,7,-1.00,-1.00,-1.00,-1.00,0.1053,2.2,2.33,6.00,30.37,-0.74,-14.09,0.01,-10.00
1,7,1215.37,423.93,1462.34,508.61,0.1023,2.0,2.16,5.46,13.17,0.95,32.48,-3.13,-10.00
2,7,-1.00,-1.00,-1.00,-1.00,0.9538,3.9,2.89,7.12,-29.64,2.16,13.42,-0.04,-10.00
2,7,1414.31,313.79,1600.00,509.07,0.7338,4.1,2.72,7.42,17.50,0.81,27.94,3.09,-10.00
2,7,-1.00,-1.00,-1.00,-1.00,0.7111,2.0,2.22,5.62,-5.24,1.33,-18.53,-1.39,-10.00
2,7,105.37,442.46,546.07,613.31,0.6405,2.0,2.11,5.52,-6.84,1.86,17.83,2.21,-10.00
2,7,-1.00,-1.00,-1.00,-1.00,0.2058,4.0,3.12,12.09,45.69,-0.31,20.18,-0.05,-10.00
2,7,-1.00,-1.00,-1.00,-1.00,0.1495,2.5,2.41,6.30,40.14,0.68,19.12,-0.01,-10.00
2,7,628.37,460.08,694.88,530.74,0.1391,2.6,2.22,5.23,-6.43,2.36,49.33,-1.63,-10.00
2,7,-1.00,-1.00,-1.00,-1.00,0.1218,3.7,2.94,8.17,34.83,0.81,-2.81,1.53,-10.00
2,7,-1.00,-1.00,-1.00,-1.00,0.1146,3.6,2.89,7.83,34.09,0.66,3.20,-1.68,-10.00
2,7,-1.00,-1.00,-1.00,-1.00,0.1140,4.2,3.38,14.87,-37.11,2.21,12.91,-0.05,-10.00
2,7,522.79,431.14,606.95,525.89,0.1084,3.4,2.56,6.16,-10.34,2.15,49.12,1.25,-10.00
3,7,-1.00,-1.00,-1.00,-1.00,0.9351,4.0,2.89,7.22,-29.75,2.15,13.17,-0.02,-10.00
3,7,1200.48,307.34,1598.48,502.97,0.7163,4.0,2.65,7.39,12.33,0.65,27.43,3.12,-10.00
3,7,0.00,431.32,381.00,637.79,0.6787,2.0,2.12,5.45,-8.24,1.79,15.12,2.02,-10.00
3,7,-1.00,-1.00,-1.00,-1.00,0.5027,2.0,2.21,5.47,-4.75,1.31,-16.33,-1.40,-10.00
3,7,-1.00,-1.00,-1.00,-1.00,0.1562,4.3,3.40,13.00,45.61,0.41,20.22,-0.11,-10.00
3,7,-1.00,-1.00,-1.00,-1.00,0.1430,3.3,2.75,6.69,40.51,0.69,20.71,-0.14,-10.00
3,7,-1.00,-1.00,-1.00,-1.00,0.1361,2.6,2.48,6.12,25.29,0.17,-7.99,-3.13,-10.00
3,7,544.30,434.80,613.25,521.41,0.1087,3.1,2.54,6.77,-10.06,2.01,50.46,-1.79,-10.00
3,7,-1.00,-1.00,-1.00,-1.00,0.1010,3.0,2.69,7.88,43.23,-0.40,43.50,2.94,-10.00
4,7,-1.00,-1.00,-1.00,-1.00,0.9337,4.1,2.86,7.65,-29.93,1.93,13.15,-0.00,-10.00
4,7,960.69,306.88,1336.46,510.82,0.7767,4.1,2.66,7.45,6.83,0.83,27.42,-3.13,-10.00
4,7,-1.00,-1.00,-1.00,-1.00,0.6014,2.0,2.21,5.68,-4.58,1.28,-14.63,-1.39,-10.00
4,7,0.00,444.09,235.38,692.81,0.5434,1.9,2.11,5.53,-8.97,1.90,12.76,1.88,-10.00
4,7,-1.00,-1.00,-1.00,-1.00,0.1799,2.3,2.35,5.71,42.77,0.45,19.53,-0.08,-10.00
4,7,-1.00,-1.00,-1.00,-1.00,0.1011,2.2,2.20,5.52,-40.48,2.59,28.35,3.07,-10.00
5,7,-1.00,-1.00,-1.00,-1.00,0.8811,4.0,3.06,7.66,-29.50,1.99,13.17,-0.04,-10.00
5,7,-1.00,-1.00,-1.00,-1.00,0.7984,2.1,2.23,5.72,-4.35,1.30,-13.08,-1.43,-10.00
5,7,708.38,319.62,1069.93,521.90,0.7451,4.1,2.64,7.39,1.28,1.07,27.08,-3.13,-10.00
5,7,0.00,454.56,28.65,787.70,0.7014,1.9,2.11,5.45,-9.59,1.97,10.06,1.78,-10.00
5,7,-1.00,-1.00,-1.00,-1.00,0.2649,2.9,2.53,6.53,43.93,0.51,20.12,-0.05,-10.00
5,7,-1.00,-1.00,-1.00,-1.00,0.2433,3.8,2.63,7.07,48.66,0.26,29.14,3.05,-10.00
5,7,-1.00,-1.00,-1.00,-1.00,0.1189,1.9,2.24,5.59,-41.78,1.79,28.28,3.08,-10.00
6,7,-1.00,-1.00,-1.00,-1.00,0.7521,3.6,2.89,7.63,-28.69,1.83,13.35,-0.03,-10.00
6,7,433.58,337.19,800.85,536.28,0.7494,4.0,2.66,7.45,-4.31,1.39,26.99,3.13,-10.00
6,7,-1.00,-1.00,-1.00,-1.00,0.7287,2.1,2.23,5.93,-4.21,1.36,-11.81,-1.43,-10.00
6,7,-1.00,-1.00,-1.00,-1.00,0.4033,1.9,2.08,5.57,-10.14,1.91,7.69,1.70,-10.00
6,7,-1.00,-1.00,-1.00,-1.00,0.2433,3.6,2.61,7.04,44.78,0.50,29.04,3.12,-10.00
6,7,-1.00,-1.00,-1.00,-1.00,0.1955,3.4,2.82,7.73,44.39,0.79,20.56,-0.02,-10.00
6,7,-1.00,-1.00,-1.00,-1.00,0.1229,3.4,2.80,7.07,48.80,0.04,19.94,0.06,-10.00
6,7,266.92,405.73,567.02,525.39,0.1046,2.4,2.18,5.65,-8.46,1.13,26.40,3.05,-10.00
6,7,-1.00,-1.00,-1.00,-1.00,0.1003,2.7,2.52,8.11,-29.54,1.98,16.06,-0.07,-10.00
7,7,-1.00,-1.00,-1.00,-1.00,0.7564,2.0,2.18,5.99,-3.97,1.34,-10.65,-1.49,-10.00
7,7,-1.00,-1.00,-1.00,-1.00,0.6919,3.5,2.79,7.35,-27.91,1.81,13.04,-0.04,-10.00
7,7,130.13,345.82,515.07,547.76,0.6612,4.0,2.59,7.11,-10.52,1.61,26.71,3.13,-10.00
7,7,-1.00,-1.00,-1.00,-1.00,0.3457,1.9,2.10,5.65,-10.39,1.94,4.32,1.65,-10.00
7,7,-1.00,-1.00,-1.00,-1.00,0.2098,3.3,2.76,7.64,43.39,0.89,20.73,0.04,-10.00
7,7,-1.00,-1.00,-1.00,-1.00,0.2090,3.8,2.72,7.21,39.73,0.50,28.84,3.12,-10.00
7,7,-1.00,-1.00,-1.00,-1.00,0.1750,2.7,2.45,6.32,47.65,0.34,20.26,-0.06,-10.00
7,7,544.79,436.81,613.03,521.39,0.1204,3.1,2.48,6.24,-10.11,2.03,50.77,-1.80,-10.00
7,7,-1.00,-1.00,-1.00,-1.00,0.1108,2.0,2.07,5.34,34.54,0.75,32.88,3.10,-10.00
8,7,-1.00,-1.00,-1.00,-1.00,0.8695,2.1,2.18,6.01,-4.01,1.32,-10.04,-1.50,-10.00
8,7,-1.00,-1.00,-1.00,-1.00,0.7119,3.8,2.94,8.16,-27.25,2.21,13.06,-0.05,-10.00
8,7,0.00,323.57,321.34,540.95,0.6169,4.4,2.72,7.66,-15.18,1.47,26.71,3.11,-10.00
8,7,-1.00,-1.00,-1.00,-1.00,0.3637,2.0,2.19,5.75,-10.60,1.92,1.66,1.68,-10.00
8,7,-1.00,-1.00,-1.00,-1.00,0.2643,3.1,2.62,6.52,48.88,0.14,20.74,-0.05,-10.00
8,7,-1.00,-1.00,-1.00,-1.00,0.2551,3.5,2.98,8.24,44.08,0.67,21.42,0.19,-10.00
8,7,-1.00,-1.00,-1.00,-1.00,0.2016,2.0,2.20,5.84,-26.41,1.99,16.86,0.02,-10.00
8,7,-1.00,-1.00,-1.00,-1.00,0.1712,3.6,2.61,6.95,36.78,0.63,28.51,3.11,-10.00
8,7,-1.00,-1.00,-1.00,-1.00,0.1010,2.1,2.08,5.19,29.21,0.84,32.46,3.10,-10.00
9,7,-1.00,-1.00,-1.00,-1.00,0.8285,3.8,2.94,8.36,-26.34,2.18,13.03,-0.04,-10.00
9,7,-1.00,-1.00,-1.00,-1.00,0.7750,2.1,2.15,5.80,-3.93,1.29,-9.26,-1.52,-10.00
9,7,0.00,340.79,35.60,545.64,0.6526,4.0,2.72,7.61,-21.38,1.55,26.38,3.14,-10.00
9,7,-1.00,-1.00,-1.00,-1.00,0.4357,2.0,2.17,5.71,-10.65,1.77,-1.35,1.63,-10.00
9,7,-1.00,-1.00,-1.00,-1.00,0.3375,3.5,2.90,8.43,47.67,0.35,20.32,-0.20,-10.00
9,7,-1.00,-1.00,-1.00,-1.00,0.2167,3.8,2.73,7.23,31.96,0.55,28.42,3.12,-10.00
9,7,-1.00,-1.00,-1.00,-1.00,0.1684,2.0,2.20,5.73,-24.92,2.06,16.77,-0.08,-10.00
9,7,-1.00,-1.00,-1.00,-1.00,0.1184,3.5,2.99,9.55,44.25,0.02,21.84,0.15,-10.00
9,7,-1.00,-1.00,-1.00,-1.00,0.1049,2.3,2.60,5.98,27.33,0.54,32.32,3.08,-10.00
10,7,-1.00,-1.00,-1.00,-1.00,0.8350,3.9,2.97,8.14,-25.14,2.10,13.02,0.02,-10.00
10,7,-1.00,-1.00,-1.00,-1.00,0.7479,2.0,2.12,5.66,-3.89,1.25,-8.94,-1.52,-10.00
10,7,-1.00,-1.00,-1.00,-1.00,0.5058,4.0,2.78,7.51,-27.05,1.74,26.30,-3.13,-10.00
10,7,-1.00,-1.00,-1.00,-1.00,0.4846,1.9,2.17,5.70,-10.78,1.67,-4.17,1.59,-10.00
10,7,-1.00,-1.00,-1.00,-1.00,0.2104,2.0,2.27,5.84,-20.32,1.84,16.91,-0.01,-10.00
10,7,-1.00,-1.00,-1.00,-1.00,0.1264,3.6,2.84,10.60,44.86,0.52,20.25,-0.05,-10.00
10,7,-1.00,-1.00,-1.00,-1.00,0.1236,3.1,2.47,6.73,-31.69,1.56,26.39,-3.07,-10.00
10,7,-1.00,-1.00,-1.00,-1.00,0.1220,3.0,2.68,6.11,40.72,-0.01,44.23,1.49,-10.00
10,7,-1.00,-1.00,-1.00,-1.00,0.1047,2.1,2.43,6.27,43.73,0.24,33.31,3.08,-10.00
11,7,-1.00,-1.00,-1.00,-1.00,0.7959,2.0,2.13,5.78,-3.92,1.25,-8.79,-1.51,-10.00
11,7,-1.00,-1.00,-1.00,-1.00,0.7743,4.0,2.97,8.49,-24.00,2.19,12.99,0.02,-10.00
11,7,-1.00,-1.00,-1.00,-1.00,0.5162,1.9,2.09,5.43,-10.87,1.57,-7.30,1.59,-10.00
11,7,-1.00,-1.00,-1.00,-1.00,0.4316,3.9,2.63,7.28,-33.74,1.93,25.93,-3.13,-10.00
11,7,1567.08,348.11,1600.00,507.55,0.1485,3.3,2.57,6.90,20.82,0.78,28.01,3.13,-10.00
11,7,-1.00,-1.00,-1.00,-1.00,0.1378,2.1,2.19,5.72,-16.49,2.09,17.13,0.04,-10.00
11,7,1140.05,427.98,1404.77,509.07,0.1337,1.9,2.14,5.80,11.02,0.93,31.31,3.14,-10.00
11,7,-1.00,-1.00,-1.00,-1.00,0.1052,2.9,2.53,6.22,-37.98,1.86,26.52,-3.11,-10.00
12,7,-1.00,-1.00,-1.00,-1.00,0.7956,4.0,2.97,7.84,-22.07,2.21,13.24,0.06,-10.00
12,7,-1.00,-1.00,-1.00,-1.00,0.7937,2.0,2.11,5.75,-3.91,1.22,-8.56,-1.50,-10.00
12,7,-1.00,-1.00,-1.00,-1.00,0.7563,2.0,2.18,5.73,-11.18,1.50,-10.38,1.63,-10.00
12,7,-1.00,-1.00,-1.00,-1.00,0.2648,3.9,2.73,7.43,-38.62,1.63,26.18,-3.10,-10.00
12,7,1361.21,352.80,1600.00,515.74,0.1820,3.3,2.59,7.00,15.91,0.96,27.68,3.11,-10.00
12,7,826.69,438.98,1060.02,524.63,0.1411,2.0,2.13,5.49,2.79,1.31,30.95,3.11,-10.00
12,7,-1.00,-1.00,-1.00,-1.00,0.1207,3.6,2.96,7.92,31.99,0.48,43.68,3.10,-10.00
12,7,0.00,465.63,161.33,624.95,0.1175,2.0,2.04,5.32,-12.36,2.01,17.18,-0.07,-10.00
12,7,-1.00,-1.00,-1.00,-1.00,0.1174,2.0,2.18,5.44,31.29,0.75,32.40,3.04,-10.00
13,7,-1.00,-1.00,-1.00,-1.00,0.7701,4.0,2.99,7.84,-20.49,2.17,13.22,0.04,-10.00
13,7,-1.00,-1.00,-1.00,-1.00,0.7343,2.1,2.14,5.84,-3.89,1.28,-8.53,-1.51,-10.00
13,7,-1.00,-1.00,-1.00,-1.00,0.6812,2.0,2.15,5.68,-11.68,1.43,-13.40,1.68,-10.00
13,7,-1.00,-1.00,-1.00,-1.00,0.1667,4.3,2.95,9.58,-37.69,1.80,25.71,3.00,-10.00
13,7,1136.03,373.71,1491.79,520.28,0.1452,3.0,2.48,6.72,10.45,1.05,27.34,3.13,-10.00
13,7,32.71,448.97,509.88,602.36,0.1245,2.0,2.13,5.71,-7.57,1.77,17.55,0.01,-10.00
14,7,-1.00,-1.00,-1.00,-1.00,0.8316,3.9,2.94,7.71,-18.68,1.99,13.20,0.01,-10.00
14,7,-1.00,-1.00,-1.00,-1.00,0.8054,2.1,2.14,5.75,-3.88,1.23,-8.38,-1.52,-10.00
14,7,-1.00,-1.00,-1.00,-1.00,0.4576,1.9,2.12,5.57,-12.25,1.43,-16.37,1.77,-10.00
14,7,429.13,437.96,847.39,587.85,0.1772,2.0,2.14,5.57,-2.53,1.61,17.83,-0.01,-10.00
14,7,938.52,408.94,1228.51,516.19,0.1248,2.2,2.27,5.87,5.50,0.97,27.49,-3.13,-10.00
14,7,196.55,445.39,468.02,545.44,0.1117,2.3,2.20,5.64,-11.72,1.78,30.08,3.07,-10.00
15,7,-1.00,-1.00,-1.00,-1.00,0.7697,4.0,2.89,7.99,-16.68,2.08,13.01,0.02,-10.00
15,7,-1.00,-1.00,-1.00,-1.00,0.5959,2.1,2.16,5.68,-3.86,1.30,-8.33,-1.52,-10.00
15,7,-1.00,-1.00,-1.00,-1.00,0.2634,1.9,2.08,5.51,-12.91,1.43,-19.35,1.82,-10.00
15,7,830.18,429.52,1241.68,588.35,0.1900,2.1,2.16,5.46,2.82,1.62,17.92,-0.02,-10.00
15,7,655.13,370.94,1171.85,550.16,0.1272,3.6,3.01,10.62,1.77,1.69,27.36,3.14,-10.00
15,7,-1.00,-1.00,-1.00,-1.00,0.1037,2.1,2.23,5.75,-13.49,1.47,-41.40,-1.13,-10.00
16,7,-1.00,-1.00,-1.00,-1.00,0.8168,4.0,2.89,7.95,-14.34,1.91,12.99,0.02,-10.00
16,7,-1.00,-1.00,-1.00,-1.00,0.7489,2.1,2.15,5.70,-3.88,1.22,-8.20,-1.52,-10.00
16,7,-1.00,-1.00,-1.00,-1.00,0.2191,2.1,2.29,6.54,-13.91,1.59,-19.49,1.88,-10.00
16,7,-1.00,-1.00,-1.00,-1.00,0.1485,2.2,2.33,6.03,-10.94,1.38,-38.04,-1.03,-10.00
16,7,1186.43,403.49,1600.00,562.32,0.1389,2.1,2.23,5.51,8.31,1.29,18.17,0.02,-10.00
16,7,418.88,421.57,695.68,525.35,0.1381,2.1,2.13,5.53,-5.68,1.16,27.02,3.11,-10.00
16,7,-1.00,-1.00,-1.00,-1.00,0.1070,2.2,2.20,6.07,-12.86,1.50,-20.85,1.77,-10.00
16,7,-1.00,-1.00,-1.00,-1.00,0.1042,2.5,2.50,6.51,25.18,0.11,-8.05,3.09,-10.00
17,7,0.00,234.94,152.80,669.87,0.8108,4.0,2.92,8.18,-12.03,1.89,13.20,-0.02,-10.00
17,7,-1.00,-1.00,-1.00,-1.00,0.7270,2.1,2.17,5.84,-3.89,1.19,-8.08,-1.52,-10.00
17,7,-1.00,-1.00,-1.00,-1.00,0.3128,2.0,2.09,5.39,14.79,1.16,18.16,0.02,-10.00
17,7,-1.00,-1.00,-1.00,-1.00,0.2135,2.0,2.21,5.58,-8.94,1.14,-34.37,-1.11,-10.00
17,7,124.84,357.45,528.71,556.29,0.1879,4.0,2.74,7.57,-10.55,1.80,27.02,-3.14,-10.00
17,7,0.00,388.52,276.49,568.03,0.1248,3.6,2.52,6.69,-15.73,2.04,26.89,-3.12,-10.00
18,7,0.00,221.51,313.07,652.64,0.7327,4.0,2.88,8.31,-10.19,1.73,13.20,-0.04,-10.00
18,7,-1.00,-1.00,-1.00,-1.00,0.7191,2.1,2.15,6.02,-3.88,1.25,-7.90,-1.54,-10.00
18,7,-1.00,-1.00,-1.00,-1.00,0.2060,2.4,2.40,7.30,-16.19,1.12,-26.68,2.12,-10.00
18,7,0.00,394.02,315.55,547.04,0.1718,3.1,2.47,6.41,-14.65,1.61,26.78,-3.13,-10.00
18,7,-1.00,-1.00,-1.00,-1.00,0.1402,2.1,2.13,5.64,18.42,1.30,18.20,-0.01,-10.00
18,7,-1.00,-1.00,-1.00,-1.00,0.1097,2.2,2.29,6.49,-13.77,1.36,-24.29,2.01,-10.00
18,7,-1.00,-1.00,-1.00,-1.00,0.1093,2.1,2.15,5.44,-23.95,2.73,23.12,-0.02,-10.00
19,7,0.00,213.32,570.49,637.72,0.8383,4.0,2.85,8.10,-7.04,1.61,13.26,-0.02,-10.00
19,7,-1.00,-1.00,-1.00,-1.00,0.7353,2.1,2.15,5.98,-3.87,1.27,-7.85,-1.55,-10.00
19,7,-1.00,-1.00,-1.00,-1.00,0.3080,2.0,2.21,5.63,-5.88,1.59,-28.02,-1.09,-10.00
19,7,-1.00,-1.00,-1.00,-1.00,0.1566,2.2,2.37,5.14,-21.74,4.10,26.36,-0.07,-10.00
19,7,-1.00,-1.00,-1.00,-1.00,0.1535,2.0,2.18,5.56,-18.42,2.62,17.48,-0.04,-10.00
19,7,-1.00,-1.00,-1.00,-1.00,0.1398,2.3,2.21,5.60,27.77,0.97,18.27,0.05,-10.00
19,7,0.00,0.00,1600.00,900.00,0.1149,2.8,2.86,11.86,3.04,1.13,1.27,0.04,-10.00
19,7,0.00,460.98,28.53,621.18,0.1039,2.0,2.07,5.30,-14.29,1.98,17.22,0.01,-10.00
20,7,24.68,222.22,846.07,655.98,0.7977,4.1,2.92,7.69,-3.73,1.80,13.43,-0.04,-10.00
20,7,-1.00,-1.00,-1.00,-1.00,0.7146,2.1,2.14,5.96,-3.87,1.29,-7.87,-1.54,-10.00
20,7,-1.00,-1.00,-1.00,-1.00,0.3027,3.7,2.84,7.29,-50.28,1.66,12.38,0.02,-10.00
20,7,0.00,474.73,425.28,637.56,0.1670,2.1,2.18,5.75,-8.86,2.23,17.60,-0.04,-10.00
20,7,-1.00,-1.00,-1.00,-1.00,0.1591,2.2,2.30,5.47,-21.14,4.44,26.30,-0.02,-10.00
20,7,-1.00,-1.00,-1.00,-1.00,0.1461,2.5,2.27,5.70,-49.84,2.87,26.05,2.96,-10.00
20,7,-1.00,-1.00,-1.00,-1.00,0.1282,2.1,2.12,5.56,34.12,0.49,18.20,-0.06,-10.00
20,7,0.00,489.22,169.31,645.08,0.1222,2.0,2.15,5.25,-12.46,2.35,17.65,0.02,-10.00
20,7,-1.00,-1.00,-1.00,-1.00,0.1173,2.1,2.17,5.47,-34.14,2.49,22.62,0.01,-10.00
21,7,363.81,233.18,1171.03,645.94,0.8728,3.9,2.83,7.72,-0.58,1.73,13.51,-0.01,-10.00
21,7,-1.00,-1.00,-1.00,-1.00,0.7428,2.1,2.14,5.94,-3.87,1.30,-7.82,-1.55,-10.00
21,7,-1.00,-1.00,-1.00,-1.00,0.4927,3.8,2.94,7.32,-47.51,2.01,12.40,-0.09,-10.00
21,7,416.31,429.42,876.04,602.96,0.2391,2.3,2.34,6.09,-2.42,1.80,17.88,-0.02,-10.00
21,7,-1.00,-1.00,-1.00,-1.00,0.2342,3.6,2.62,7.01,-36.19,2.08,25.81,3.12,-10.00
21,7,-1.00,-1.00,-1.00,-1.00,0.1042,2.3,2.41,5.96,-22.63,1.48,-5.90,-0.52,-10.00
22,7,682.46,224.57,1440.34,630.57,0.9189,3.9,2.83,7.33,2.26,1.60,13.63,-0.01,-10.00
22,7,-1.00,-1.00,-1.00,-1.00,0.7481,2.1,2.15,6.00,-3.84,1.31,-7.83,-1.54,-10.00
22,7,-1.00,-1.00,-1.00,-1.00,0.5208,3.9,2.89,10.24,-47.50,1.73,12.47,-0.09,-10.00
22,7,-1.00,-1.00,-1.00,-1.00,0.4082,4.0,2.70,7.32,-41.50,2.47,25.47,3.14,-10.00
22,7,657.08,408.23,1088.83,572.54,0.2544,2.2,2.22,5.85,0.60,1.42,18.12,-0.03,-10.00
22,7,1287.72,440.18,1600.00,603.81,0.1205,1.9,2.18,5.87,9.35,1.69,16.48,0.21,-10.00
22,7,-1.00,-1.00,-1.00,-1.00,0.1163,2.2,2.37,5.96,-37.15,2.24,29.85,-2.97,-10.00
22,7,-1.00,-1.00,-1.00,-1.00,0.1056,2.0,2.11,5.36,-27.15,2.07,13.69,0.02,-10.00
23,7,950.52,223.98,1600.00,620.53,0.8879,3.9,2.83,7.42,5.27,1.52,13.82,-0.03,-10.00
23,7,-1.00,-1.00,-1.00,-1.00,0.7371,2.1,2.16,6.05,-3.80,1.29,-7.84,-1.55,-10.00
23,7,-1.00,-1.00,-1.00,-1.00,0.6001,4.1,3.03,12.00,-45.84,2.26,12.43,-0.03,-10.00
23,7,1409.59,403.44,1600.00,555.61,0.3765,2.1,2.09,5.24,11.60,1.20,18.21,-0.04,-10.00
23,7,-1.00,-1.00,-1.00,-1.00,0.1876,3.8,2.65,7.20,-47.31,2.38,25.18,3.09,-10.00
23,7,-1.00,-1.00,-1.00,-1.00,0.1444,2.0,2.21,5.68,-24.60,2.28,13.59,0.03,-10.00
23,7,-1.00,-1.00,-1.00,-1.00,0.1415,2.0,1.99,5.03,-16.57,0.15,-40.81,-1.07,-10.00
23,7,-1.00,-1.00,-1.00,-1.00,0.1343,3.4,2.68,6.60,-42.54,2.58,25.38,3.09,-10.00
23,7,1126.20,385.45,1600.00,556.98,0.1107,2.2,2.35,6.12,7.61,1.19,17.80,0.03,-10.00
24,7,1238.56,214.43,1600.00,607.73,0.9125,3.9,2.78,7.50,8.81,1.41,13.87,0.01,-10.00
24,7,-1.00,-1.00,-1.00,-1.00,0.7348,2.1,2.14,5.96,-3.86,1.30,-7.84,-1.55,-10.00
24,7,-1.00,-1.00,-1.00,-1.00,0.6421,3.4,2.84,7.29,-39.76,2.33,12.63,-0.09,-10.00
24,7,-1.00,-1.00,-1.00,-1.00,0.3214,2.9,2.62,7.03,-14.89,0.94,-37.96,-1.08,-10.00
24,7,-1.00,-1.00,-1.00,-1.00,0.2023,2.4,2.33,6.03,18.63,1.20,18.41,-0.03,-10.00
24,7,-1.00,-1.00,-1.00,-1.00,0.1768,3.4,2.51,6.41,-50.06,2.30,24.76,3.03,-10.00
24,7,1303.39,390.36,1537.90,500.03,0.1603,3.4,2.80,7.02,20.42,0.93,43.39,-2.70,-10.00
24,7,-1.00,-1.00,-1.00,-1.00,0.1475,4.0,3.20,12.10,-47.07,1.95,12.17,-0.05,-10.00
24,7,-1.00,-1.00,-1.00,-1.00,0.1044,2.1,2.21,5.72,-22.00,2.17,13.30,0.00,-10.00
25,7,1530.47,208.85,1600.00,591.69,0.9044,3.8,2.77,7.72,12.60,1.26,14.01,0.02,-10.00
25,7,-1.00,-1.00,-1.00,-1.00,0.7316,2.1,2.14,5.96,-3.86,1.33,-7.82,-1.55,-10.00
25,7,-1.00,-1.00,-1.00,-1.00,0.6572,3.7,2.91,9.62,-38.32,2.62,12.68,-0.11,-10.00
25,7,-1.00,-1.00,-1.00,-1.00,0.4476,2.5,2.50,6.58,-12.84,0.79,-34.67,-1.08,-10.00
25,7,-1.00,-1.00,-1.00,-1.00,0.1640,2.1,2.16,5.76,21.39,0.91,18.58,0.02,-10.00
25,7,-1.00,-1.00,-1.00,-1.00,0.1408,2.0,2.07,5.15,-36.73,2.68,22.65,-0.00,-10.00
25,7,1425.17,400.30,1600.00,494.30,0.1195,2.9,2.62,6.61,23.75,0.73,41.37,-3.14,-10.00
26,7,-1.00,-1.00,-1.00,-1.00,0.9120,3.8,2.76,7.26,16.25,1.18,13.96,-0.00,-10.00
26,7,-1.00,-1.00,-1.00,-1.00,0.7314,2.1,2.13,5.91,-3.87,1.28,-7.84,-1.55,-10.00
26,7,-1.00,-1.00,-1.00,-1.00,0.6437,3.9,2.95,11.05,-36.14,2.51,12.76,-0.03,-10.00
26,7,-1.00,-1.00,-1.00,-1.00,0.5673,2.2,2.27,5.78,-10.81,0.84,-31.20,-1.04,-10.00
26,7,-1.00,-1.00,-1.00,-1.00,0.2430,2.8,2.48,6.76,28.26,0.93,18.40,0.09,-10.00
26,7,-1.00,-1.00,-1.00,-1.00,0.1181,1.9,2.11,5.50,-1.33,1.50,-12.51,-1.41,-10.00
26,7,-1.00,-1.00,-1.00,-1.00,0.1061,2.6,2.44,6.63,21.49,1.00,14.47,-0.11,-10.00
27,7,-1.00,-1.00,-1.00,-1.00,0.8657,3.9,2.80,7.31,20.43,0.93,13.89,-0.03,-10.00
27,7,-1.00,-1.00,-1.00,-1.00,0.6716,2.0,2.12,5.81,-3.86,1.26,-7.80,-1.54,-10.00
27,7,-1.00,-1.00,-1.00,-1.00,0.6258,3.9,2.97,9.20,-31.65,2.21,12.97,-0.04,-10.00
27,7,-1.00,-1.00,-1.00,-1.00,0.5159,2.3,2.35,6.04,-9.52,0.99,-28.54,-1.13,-10.00
27,7,-1.00,-1.00,-1.00,-1.00,0.1475,3.4,2.86,8.81,25.45,0.84,15.20,-0.29,-10.00
27,7,-1.00,-1.00,-1.00,-1.00,0.1203,2.1,2.12,5.40,38.28,0.16,18.65,-0.00,-10.00
28,7,-1.00,-1.00,-1.00,-1.00,0.7626,4.0,2.76,7.43,24.37,0.76,13.87,-0.04,-10.00
28,7,-1.00,-1.00,-1.00,-1.00,0.6778,2.1,2.14,5.82,-3.84,1.29,-7.86,-1.54,-10.00
28,7,-1.00,-1.00,-1.00,-1.00,0.5907,3.2,2.75,7.50,-8.44,1.33,-26.53,-1.18,-10.00
28,7,-1.00,-1.00,-1.00,-1.00,0.5743,4.1,2.99,10.98,-29.25,2.19,13.03,-0.03,-10.00
28,7,-1.00,-1.00,-1.00,-1.00,0.1412,3.5,2.81,7.71,29.81,0.22,14.89,-0.27,-10.00
29,7,-1.00,-1.00,-1.00,-1.00,0.7614,4.1,2.81,7.44,28.88,0.62,14.00,-0.09,-10.00
29,7,-1.00,-1.00,-1.00,-1.00,0.6234,2.1,2.15,5.81,-3.82,1.34,-7.81,-1.54,-10.00
29,7,-1.00,-1.00,-1.00,-1.00,0.6152,4.1,2.99,10.75,-24.48,2.19,13.11,-0.04,-10.00
29,7,-1.00,-1.00,-1.00,-1.00,0.4615,3.1,2.79,8.58,-7.60,1.19,-24.44,-1.28,-10.00
29,7,-1.00,-1.00,-1.00,-1.00,0.1681,3.3,2.72,7.67,34.32,0.17,14.76,-0.17,-10.00
30,7,-1.00,-1.00,-1.00,-1.00,0.6423,2.1,2.14,5.75,-3.82,1.35,-7.79,-1.55,-10.00
30,7,-1.00,-1.00,-1.00,-1.00,0.5809,3.8,2.77,7.69,33.04,0.04,14.04,-0.08,-10.00
30,7,-1.00,-1.00,-1.00,-1.00,0.5767,3.2,2.81,7.69,-6.82,1.34,-22.11,-1.26,-10.00
30,7,-1.00,-1.00,-1.00,-1.00,0.5609,3.9,2.99,10.65,-21.18,1.98,13.33,-0.02,-10.00
31,7,-1.00,-1.00,-1.00,-1.00,0.6818,3.9,2.98,9.82,-16.54,1.78,13.41,0.00,-10.00
31,7,-1.00,-1.00,-1.00,-1.00,0.6128,2.1,2.14,5.77,-3.80,1.36,-7.76,-1.55,-10.00
31,7,-1.00,-1.00,-1.00,-1.00,0.5237,3.3,2.91,8.81,-6.55,1.34,-21.00,-1.29,-10.00
31,7,-1.00,-1.00,-1.00,-1.00,0.4751,3.8,2.86,8.07,36.72,0.05,14.07,-0.10,-10.00
31,7,-1.00,-1.00,-1.00,-1.00,0.1513,3.1,2.72,6.87,37.82,0.25,26.39,-3.12,-10.00
32,7,0.00,236.87,228.41,655.50,0.7977,4.0,2.95,8.82,-11.61,1.82,13.54,0.00,-10.00
32,7,-1.00,-1.00,-1.00,-1.00,0.7152,2.1,2.12,5.77,-3.81,1.35,-7.75,-1.55,-10.00
32,7,-1.00,-1.00,-1.00,-1.00,0.6949,3.3,2.80,8.51,-6.39,1.21,-19.76,-1.26,-10.00
32,7,-1.00,-1.00,-1.00,-1.00,0.4512,3.9,2.82,7.63,34.16,0.42,26.07,3.12,-10.00
32,7,-1.00,-1.00,-1.00,-1.00,0.1746,3.9,2.74,7.57,-22.55,1.72,13.29,-3.13,-10.00
32,7,-1.00,-1.00,-1.00,-1.00,0.1682,3.5,2.82,8.23,40.70,-0.09,14.35,-0.12,-10.00
33,7,0.00,229.73,581.23,646.98,0.8364,4.0,2.96,8.84,-7.38,1.75,13.58,0.02,-10.00
33,7,-1.00,-1.00,-1.00,-1.00,0.6893,3.2,2.84,8.17,-6.03,1.46,-18.74,-1.26,-10.00
33,7,-1.00,-1.00,-1.00,-1.00,0.6499,4.0,2.90,7.99,29.60,0.62,25.90,3.09,-10.00
33,7,-1.00,-1.00,-1.00,-1.00,0.6135,2.1,2.14,5.77,-3.80,1.36,-7.79,-1.55,-10.00
33,7,-1.00,-1.00,-1.00,-1.00,0.1539,3.7,2.90,9.17,41.23,0.13,14.08,-0.04,-10.00
33,7,-1.00,-1.00,-1.00,-1.00,0.1042,2.5,2.50,6.50,24.85,0.06,-8.04,-0.12,-10.00
34,7,-1.00,-1.00,-1.00,-1.00,0.7930,3.1,2.74,7.89,-5.62,1.40,-17.96,-1.37,-10.00
34,7,23.24,257.44,996.96,651.15,0.7798,3.8,2.96,9.51,-3.10,1.81,13.77,0.01,-10.00
34,7,-1.00,-1.00,-1.00,-1.00,0.7404,3.8,2.80,7.41,24.89,0.62,25.60,3.10,-10.00
34,7,-1.00,-1.00,-1.00,-1.00,0.6232,2.1,2.16,5.84,-3.79,1.37,-7.84,-1.55,-10.00
34,7,-1.00,-1.00,-1.00,-1.00,0.1357,2.1,2.39,6.13,42.07,0.43,32.15,3.08,-10.00
35,7,437.83,248.48,1468.37,635.27,0.8383,3.7,2.92,10.09,1.22,1.66,13.83,0.00,-10.00
35,7,-1.00,-1.00,-1.00,-1.00,0.7751,3.9,2.80,7.32,20.67,0.62,25.37,-3.14,-10.00
35,7,-1.00,-1.00,-1.00,-1.00,0.7694,3.1,2.76,7.73,-5.98,1.56,-17.52,-1.22,-10.00
35,7,-1.00,-1.00,-1.00,-1.00,0.5975,2.1,2.15,5.80,-3.82,1.37,-7.82,-1.55,-10.00
35,7,-1.00,-1.00,-1.00,-1.00,0.1409,3.8,2.83,7.65,43.81,0.26,14.97,-0.08,-10.00
35,7,-1.00,-1.00,-1.00,-1.00,0.1078,2.6,2.45,5.91,42.87,0.16,39.93,-2.93,-10.00
35,7,-1.00,-1.00,-1.00,-1.00,0.1075,3.7,2.92,8.41,47.74,0.18,13.44,0.10,-10.00
35,7,-1.00,-1.00,-1.00,-1.00,0.1056,2.4,2.40,6.46,23.20,1.15,14.35,-0.02,-10.00
36,7,747.37,238.00,1600.00,638.90,0.7778,3.9,2.94,10.86,4.66,1.69,13.85,0.00,-10.00
36,7,-1.00,-1.00,-1.00,-1.00,0.7129,3.2,2.82,8.13,-5.90,1.56,-17.31,-1.30,-10.00
36,7,1472.37,299.71,1600.00,502.21,0.6418,3.7,2.68,7.35,17.37,0.58,25.14,3.11,-10.00
36,7,-1.00,-1.00,-1.00,-1.00,0.5988,2.1,2.14,5.76,-3.82,1.37,-7.79,-1.55,-10.00
36,7,-1.00,-1.00,-1.00,-1.00,0.2245,3.3,2.65,7.33,45.56,-0.12,15.87,-0.21,-10.00
36,7,-1.00,-1.00,-1.00,-1.00,0.1465,3.1,2.57,7.10,47.92,0.04,14.76,-0.06,-10.00
36,7,-1.00,-1.00,-1.00,-1.00,0.1440,2.6,2.87,7.77,30.08,0.87,31.79,-3.14,-10.00
37,7,-1.00,-1.00,-1.00,-1.00,0.7372,3.2,2.81,8.35,-5.93,1.64,-17.40,-1.29,-10.00
37,7,-1.00,-1.00,-1.00,-1.00,0.7025,2.1,2.14,5.83,-3.82,1.30,-7.80,-1.55,-10.00
37,7,1132.95,221.82,1600.00,630.94,0.5915,4.0,2.96,10.64,9.13,1.63,13.96,0.02,-10.00
37,7,1370.88,342.94,1600.00,554.02,0.1555,3.9,2.85,8.29,15.65,1.61,24.94,3.12,-10.00
37,7,-1.00,-1.00,-1.00,-1.00,0.1390,2.6,2.49,5.96,51.25,0.81,32.20,2.94,-10.00
37,7,-1.00,-1.00,-1.00,-1.00,0.1256,3.2,2.60,7.15,51.35,-0.50,14.64,-0.16,-10.00
37,7,-1.00,-1.00,-1.00,-1.00,0.1015,2.2,2.17,5.37,46.24,0.59,31.58,2.99,-10.00
38,7,1433.50,196.90,1600.00,595.31,0.7395,3.9,2.96,10.24,12.66,1.28,13.92,0.02,-10.00
38,7,-1.00,-1.00,-1.00,-1.00,0.6993,3.1,2.80,8.29,-5.94,1.61,-17.35,-1.27,-10.00
38,7,-1.00,-1.00,-1.00,-1.00,0.6261,2.1,2.15,5.86,-3.80,1.34,-7.80,-1.55,-10.00
38,7,1124.34,349.17,1526.09,529.61,0.4907,3.3,2.59,6.73,9.54,1.13,24.49,3.11,-10.00
39,7,980.98,312.41,1396.76,521.27,0.7904,3.7,2.69,7.20,6.87,0.95,24.35,3.03,-10.00
39,7,-1.00,-1.00,-1.00,-1.00,0.7368,4.0,2.94,9.99,17.89,1.32,14.00,0.02,-10.00
39,7,-1.00,-1.00,-1.00,-1.00,0.7021,3.2,2.76,7.08,-5.71,1.65,-17.22,-1.32,-10.00
39,7,-1.00,-1.00,-1.00,-1.00,0.6418,2.1,2.15,5.83,-3.79,1.30,-7.78,-1.54,-10.00
39,7,-1.00,-1.00,-1.00,-1.00,0.1177,3.1,2.62,6.98,23.26,0.90,14.41,-0.10,-10.00
39,7,-1.00,-1.00,-1.00,-1.00,0.1016,1.9,2.23,5.53,-35.87,2.15,-31.50,0.16,-10.00
40,7,863.90,317.13,1279.52,530.92,0.8429,3.7,2.74,7.17,4.54,1.12,23.76,2.92,-10.00
40,7,-1.00,-1.00,-1.00,-1.00,0.7280,3.2,2.82,8.43,-5.89,1.64,-17.58,-1.31,-10.00
40,7,-1.00,-1.00,-1.00,-1.00,0.6698,2.1,2.16,5.86,-3.77,1.36,-7.74,-1.55,-10.00
40,7,-1.00,-1.00,-1.00,-1.00,0.6446,4.0,2.98,10.45,21.86,0.96,14.04,0.02,-10.00
40,7,-1.00,-1.00,-1.00,-1.00,0.1035,2.1,2.26,5.33,-23.92,1.82,23.30,-0.05,-10.00
