0,7,-1.00,-1.00,-1.00,-1.00,0.1530,3.4,2.81,7.31,-29.56,0.59,14.95,-2.81,-10.00
0,7,-1.00,-1.00,-1.00,-1.00,0.1416,3.2,2.66,6.76,-14.94,1.23,-36.38,1.83,-10.00
0,7,-1.00,-1.00,-1.00,-1.00,0.1167,3.7,3.09,8.00,-51.12,0.23,-3.59,-2.85,-10.00
0,7,963.29,408.12,1216.37,517.76,0.1126,2.5,2.26,5.51,6.45,0.61,30.31,3.08,-10.00
0,7,547.24,429.74,713.70,544.58,0.1021,2.2,2.30,6.15,-3.80,1.06,27.22,-1.51,-10.00
1,7,-1.00,-1.00,-1.00,-1.00,0.3351,3.5,2.84,7.33,-29.31,0.65,11.24,-2.90,-10.00
1,7,-1.00,-1.00,-1.00,-1.00,0.1044,2.1,2.14,5.43,-18.86,1.72,-47.30,-2.88,-10.00
2,7,-1.00,-1.00,-1.00,-1.00,0.5487,3.2,2.62,6.22,-28.97,0.49,7.90,-2.96,-10.00
2,7,-1.00,-1.00,-1.00,-1.00,0.1315,1.9,1.88,5.04,3.32,1.69,-2.82,1.56,-10.00
4,7,-1.00,-1.00,-1.00,-1.00,0.1320,2.0,2.03,4.92,-21.65,1.16,-30.53,-2.97,-10.00
4,7,-1.00,-1.00,-1.00,-1.00,0.1150,2.9,2.44,5.58,-28.83,0.71,-0.05,0.10,-10.00
5,7,317.77,467.79,464.72,533.09,0.1089,2.0,2.08,5.35,-13.91,1.33,41.85,-1.34,-10.00
5,7,-1.00,-1.00,-1.00,-1.00,0.1013,3.2,2.64,6.40,5.63,-1.42,-48.69,-0.00,-10.00
6,7,251.22,443.73,418.43,513.12,0.2149,1.9,2.04,5.31,-14.30,0.63,38.03,1.80,-10.00
6,7,503.51,438.97,569.56,508.19,0.1794,2.6,2.24,5.57,-11.29,0.65,50.81,-1.85,-10.00
6,7,91.43,453.64,407.32,562.65,0.1284,2.0,2.10,5.47,-11.00,1.31,24.68,0.25,-10.00
6,7,-1.00,-1.00,-1.00,-1.00,0.1259,4.2,3.18,11.03,-22.77,-1.33,-43.34,1.89,-10.00
7,7,462.98,442.84,544.10,506.88,0.6700,2.2,2.02,4.98,-11.70,0.56,47.15,-2.00,-10.00
7,7,-1.00,-1.00,-1.00,-1.00,0.2376,2.5,2.35,5.90,-26.39,-1.37,-48.69,1.78,-10.00
7,7,-1.00,-1.00,-1.00,-1.00,0.1404,3.6,2.88,7.49,-22.76,-1.40,-46.13,1.89,-10.00
7,7,-1.00,-1.00,-1.00,-1.00,0.1179,2.0,2.06,5.34,-28.29,1.14,-17.80,1.71,-10.00
8,7,413.90,428.20,523.71,500.32,0.7645,2.3,2.10,5.63,-12.35,0.28,44.72,-2.15,-10.00
8,7,-1.00,-1.00,-1.00,-1.00,0.1607,2.0,2.11,5.48,-21.80,2.03,-43.23,1.98,-10.00
8,7,114.11,435.59,340.87,520.24,0.1458,1.9,2.03,5.45,-14.22,0.69,31.04,1.82,-10.00
8,7,0.00,463.43,155.68,620.38,0.1426,1.9,2.09,4.98,-11.72,1.58,17.22,0.39,-10.00
9,7,343.76,454.97,472.56,516.55,0.5540,1.9,2.01,5.25,-13.60,0.81,42.00,-2.32,-10.00
9,7,-1.00,-1.00,-1.00,-1.00,0.2482,2.3,2.26,5.37,-30.73,1.50,-44.85,-2.75,-10.00
9,7,-1.00,-1.00,-1.00,-1.00,0.1218,1.9,2.07,5.11,-32.30,1.79,-48.49,0.38,-10.00
9,7,-1.00,-1.00,-1.00,-1.00,0.1131,2.0,2.18,5.81,-15.07,1.94,-28.82,1.83,-10.00
10,7,265.14,428.56,418.76,499.40,0.7072,2.0,2.05,5.08,-14.71,0.22,39.15,-2.48,-10.00
10,7,-1.00,-1.00,-1.00,-1.00,0.2586,3.6,3.00,7.53,-35.86,-0.75,41.46,-2.84,-10.00
10,7,-1.00,-1.00,-1.00,-1.00,0.2257,2.0,2.20,5.44,-21.86,0.63,13.24,1.70,-10.00
10,7,-1.00,-1.00,-1.00,-1.00,0.1754,1.9,2.03,4.78,-18.65,1.02,13.09,-1.17,-10.00
10,7,-1.00,-1.00,-1.00,-1.00,0.1240,2.2,2.40,6.01,-7.68,2.11,-47.85,0.37,-10.00
10,7,-1.00,-1.00,-1.00,-1.00,0.1112,2.1,2.10,5.27,-35.69,0.11,17.96,0.40,-10.00
11,7,184.89,431.45,352.91,504.89,0.6664,2.0,2.00,4.96,-15.79,0.37,36.46,-2.57,-10.00
11,7,-1.00,-1.00,-1.00,-1.00,0.2872,3.2,2.66,6.53,-35.20,-0.68,37.77,-2.87,-10.00
11,7,611.36,456.39,766.07,514.70,0.2010,2.2,2.22,5.71,-4.87,0.88,49.02,0.02,-10.00
11,7,-1.00,-1.00,-1.00,-1.00,0.1632,2.0,2.17,5.32,-35.49,0.05,14.31,-1.17,-10.00
11,7,-1.00,-1.00,-1.00,-1.00,0.1446,1.9,2.03,5.13,-21.86,0.65,10.57,-1.35,-10.00
11,7,-1.00,-1.00,-1.00,-1.00,0.1204,2.1,2.20,5.57,-25.35,0.45,30.20,1.81,-10.00
11,7,-1.00,-1.00,-1.00,-1.00,0.1162,1.9,2.12,5.53,-28.76,1.88,-43.46,-0.94,-10.00
12,7,73.99,436.64,273.99,519.00,0.8565,2.1,2.09,5.41,-17.48,0.73,34.41,-2.65,-10.00
12,7,611.81,472.70,765.97,534.01,0.2172,2.1,2.17,5.44,-4.57,1.51,46.06,-0.05,-10.00
12,7,-1.00,-1.00,-1.00,-1.00,0.1996,2.5,2.28,5.71,-35.47,0.77,12.08,1.91,-10.00
12,7,-1.00,-1.00,-1.00,-1.00,0.1713,1.9,2.07,5.18,-18.69,1.15,6.80,1.83,-10.00
12,7,-1.00,-1.00,-1.00,-1.00,0.1538,2.3,2.10,5.25,-37.20,0.33,24.76,-1.22,-10.00
12,7,0.00,419.48,48.24,525.79,0.1459,2.0,2.15,5.42,-18.68,0.65,25.21,3.12,-10.00
12,7,-1.00,-1.00,-1.00,-1.00,0.1416,2.1,2.20,5.43,-45.74,0.45,25.75,-2.88,-10.00
12,7,-1.00,-1.00,-1.00,-1.00,0.1415,1.9,2.03,5.05,-28.97,2.35,-45.58,-0.09,-10.00
12,7,-1.00,-1.00,-1.00,-1.00,0.1308,2.0,2.07,5.53,-20.17,1.36,-36.84,-1.30,-10.00
12,7,-1.00,-1.00,-1.00,-1.00,0.1298,2.4,2.27,5.47,-37.80,0.66,12.76,1.85,-10.00
12,7,-1.00,-1.00,-1.00,-1.00,0.1283,3.4,2.86,8.05,-35.43,-0.06,35.09,0.30,-10.00
12,7,686.59,461.52,752.62,524.71,0.1123,2.3,2.40,6.19,-3.72,1.27,49.59,-1.63,-10.00
12,7,-1.00,-1.00,-1.00,-1.00,0.1080,1.9,2.04,5.31,-32.40,0.53,23.52,-1.21,-10.00
12,7,-1.00,-1.00,-1.00,-1.00,0.1010,2.3,2.49,6.16,-46.61,-0.46,13.54,-1.20,-10.00
13,7,0.00,435.12,180.15,523.95,0.6694,2.1,2.06,5.35,-18.67,0.78,31.71,-2.69,-10.00
13,7,-1.00,-1.00,-1.00,-1.00,0.1470,2.1,2.20,5.05,-45.53,0.76,22.54,0.27,-10.00
13,7,-1.00,-1.00,-1.00,-1.00,0.1332,2.4,2.23,5.57,-15.92,1.47,-41.86,-1.07,-10.00
13,7,-1.00,-1.00,-1.00,-1.00,0.1304,1.9,1.98,4.99,-23.90,1.20,5.61,1.81,-10.00
14,7,0.00,435.04,60.68,533.66,0.5820,2.1,2.03,5.13,-20.24,0.93,29.31,-2.75,-10.00
14,7,-1.00,-1.00,-1.00,-1.00,0.1909,2.0,2.13,5.38,-36.69,1.18,7.99,0.34,-10.00
14,7,-1.00,-1.00,-1.00,-1.00,0.1192,2.1,2.09,5.11,-37.51,0.76,18.48,1.94,-10.00
15,7,-1.00,-1.00,-1.00,-1.00,0.8135,2.0,2.07,5.43,-22.31,0.97,27.32,-2.82,-10.00
15,7,-1.00,-1.00,-1.00,-1.00,0.2033,3.4,2.91,7.36,-36.12,0.15,26.80,-2.81,-10.00
15,7,-1.00,-1.00,-1.00,-1.00,0.1640,2.0,2.24,5.68,-37.93,-0.74,-14.51,-1.29,-10.00
15,7,-1.00,-1.00,-1.00,-1.00,0.1477,2.1,2.13,4.95,-35.48,1.38,21.18,1.86,-10.00
15,7,-1.00,-1.00,-1.00,-1.00,0.1248,2.0,2.10,5.26,-20.84,1.18,17.02,1.77,-10.00
15,7,547.62,464.89,743.62,534.97,0.1087,2.0,2.14,5.64,-5.03,1.27,37.92,-0.08,-10.00
15,7,-1.00,-1.00,-1.00,-1.00,0.1019,2.0,2.14,5.43,-29.10,-0.24,-12.85,-0.17,-10.00
16,7,-1.00,-1.00,-1.00,-1.00,0.7042,1.9,1.99,5.13,-24.43,0.74,25.53,-2.83,-10.00
16,7,529.20,455.28,733.70,528.62,0.2793,1.9,2.08,5.42,-5.03,1.00,35.02,-0.09,-10.00
16,7,-1.00,-1.00,-1.00,-1.00,0.1999,2.0,2.13,5.20,-20.78,1.19,14.69,-1.41,-10.00
16,7,-1.00,-1.00,-1.00,-1.00,0.1888,2.0,2.09,5.39,-5.40,2.18,-36.91,0.03,-10.00
16,7,-1.00,-1.00,-1.00,-1.00,0.1306,2.0,2.16,5.35,-17.88,2.90,-45.76,0.21,-10.00
17,7,-1.00,-1.00,-1.00,-1.00,0.7660,2.1,2.13,5.64,-26.56,0.54,24.06,-2.84,-10.00
17,7,505.28,450.36,720.03,528.19,0.2307,1.9,2.05,5.40,-5.25,0.94,33.29,-0.08,-10.00
17,7,943.43,469.90,1035.08,529.54,0.1739,1.9,2.03,5.17,5.94,1.29,44.15,1.47,-10.00
17,7,-1.00,-1.00,-1.00,-1.00,0.1585,2.1,2.26,5.73,-29.00,-0.57,-15.32,-2.93,-10.00
17,7,-1.00,-1.00,-1.00,-1.00,0.1475,1.9,2.15,5.55,-40.26,1.92,0.40,1.75,-10.00
17,7,-1.00,-1.00,-1.00,-1.00,0.1236,1.9,2.09,5.32,-4.87,2.17,-39.16,-0.16,-10.00
17,7,-1.00,-1.00,-1.00,-1.00,0.1180,2.0,2.19,5.49,-20.85,1.27,12.05,-1.38,-10.00
18,7,-1.00,-1.00,-1.00,-1.00,0.6837,2.0,2.05,5.41,-28.33,0.57,22.81,-2.87,-10.00
18,7,493.66,452.60,723.06,535.75,0.3755,1.9,2.05,5.33,-5.00,1.05,31.09,-0.04,-10.00
18,7,-1.00,-1.00,-1.00,-1.00,0.1113,2.0,2.11,5.65,-5.74,2.34,-41.42,-0.45,-10.00
18,7,950.64,453.29,1041.09,516.12,0.1057,2.0,2.13,5.62,6.00,0.83,43.02,1.54,-10.00
19,7,491.11,453.97,714.64,539.21,0.2730,1.9,1.97,4.97,-4.90,1.08,29.56,-0.11,-10.00
19,7,-1.00,-1.00,-1.00,-1.00,0.1413,2.0,2.08,5.45,-16.94,1.44,1.30,1.86,-10.00
19,7,-1.00,-1.00,-1.00,-1.00,0.1330,3.1,2.71,6.87,-35.88,-0.16,18.49,-2.88,-10.00
19,7,-1.00,-1.00,-1.00,-1.00,0.1225,2.0,2.22,5.48,-39.88,1.15,-2.29,1.67,-10.00
19,7,-1.00,-1.00,-1.00,-1.00,0.1202,2.0,2.03,5.09,-30.23,0.61,21.70,-2.87,-10.00
19,7,627.31,430.73,730.75,488.26,0.1106,1.9,2.18,5.62,-5.12,-0.19,48.22,1.80,-10.00
19,7,-1.00,-1.00,-1.00,-1.00,0.1009,2.2,2.13,5.21,-37.36,1.01,9.04,1.84,-10.00
20,7,-1.00,-1.00,-1.00,-1.00,0.8307,1.9,2.05,5.39,-31.64,0.26,21.15,-2.84,-10.00
20,7,474.55,450.03,715.43,539.49,0.4797,1.9,2.03,5.09,-4.90,1.05,28.65,-0.01,-10.00
20,7,-1.00,-1.00,-1.00,-1.00,0.3868,3.1,2.60,6.42,-35.66,-0.15,17.31,-2.83,-10.00
20,7,-1.00,-1.00,-1.00,-1.00,0.1328,2.1,2.21,5.65,-34.90,0.76,7.34,-1.29,-10.00
20,7,-1.00,-1.00,-1.00,-1.00,0.1200,2.0,2.05,5.27,-28.04,-0.18,-21.70,-3.10,-10.00
20,7,-1.00,-1.00,-1.00,-1.00,0.1148,1.9,2.04,5.05,-48.15,0.40,-0.87,-2.81,-10.00
20,7,-1.00,-1.00,-1.00,-1.00,0.1118,1.9,2.04,4.96,-37.68,0.77,6.58,1.79,-10.00
20,7,-1.00,-1.00,-1.00,-1.00,0.1031,1.9,2.07,5.19,-32.90,0.69,5.82,-1.25,-10.00
21,7,-1.00,-1.00,-1.00,-1.00,0.7379,2.0,2.01,5.17,-33.42,0.28,20.76,-2.82,-10.00
21,7,118.35,417.67,422.32,521.76,0.2230,2.0,2.11,5.40,-11.25,0.61,26.42,3.10,-10.00
21,7,-1.00,-1.00,-1.00,-1.00,0.1859,2.2,2.35,6.28,-34.78,0.50,5.78,0.22,-10.00
21,7,-1.00,-1.00,-1.00,-1.00,0.1519,1.9,2.15,5.34,-35.47,0.94,-5.83,-1.21,-10.00
21,7,541.26,451.08,705.89,510.57,0.1410,2.0,2.22,5.52,-6.73,0.65,44.77,-0.04,-10.00
21,7,-1.00,-1.00,-1.00,-1.00,0.1176,2.0,2.18,5.42,-32.74,0.82,3.82,1.78,-10.00
21,7,-1.00,-1.00,-1.00,-1.00,0.1164,2.0,2.04,5.08,-24.69,1.18,-9.36,-1.18,-10.00
21,7,-1.00,-1.00,-1.00,-1.00,0.1093,2.2,2.30,6.06,-39.15,-1.49,-27.16,-1.29,-10.00
22,7,-1.00,-1.00,-1.00,-1.00,0.5961,1.9,1.92,4.90,-34.95,0.35,20.51,-2.87,-10.00
22,7,465.31,479.44,716.36,572.52,0.1630,1.9,1.99,5.07,-4.71,1.68,26.99,-0.11,-10.00
22,7,-1.00,-1.00,-1.00,-1.00,0.1472,1.9,2.11,5.51,-32.74,1.36,4.00,1.82,-10.00
22,7,-1.00,-1.00,-1.00,-1.00,0.1438,1.9,1.95,4.99,-35.61,0.53,-7.06,2.05,-10.00
22,7,639.57,478.00,705.27,541.04,0.1300,2.1,2.16,5.61,-5.15,1.73,45.97,1.49,-10.00
22,7,-1.00,-1.00,-1.00,-1.00,0.1070,2.1,2.07,5.23,-20.79,1.15,6.55,-1.38,-10.00
23,7,-1.00,-1.00,-1.00,-1.00,0.7722,2.0,2.05,5.18,-37.04,0.62,20.30,-2.89,-10.00
23,7,538.05,458.95,707.14,520.30,0.2290,2.0,2.10,5.50,-6.55,0.96,43.35,-0.04,-10.00
23,7,937.55,470.75,1021.38,530.72,0.2235,2.0,1.96,5.08,5.65,1.34,44.47,1.50,-10.00
23,7,-1.00,-1.00,-1.00,-1.00,0.1086,1.9,2.01,5.29,-35.62,0.86,-7.95,1.94,-10.00
24,7,-1.00,-1.00,-1.00,-1.00,0.8334,2.1,2.11,5.30,-38.83,0.35,20.08,-2.90,-10.00
24,7,-1.00,-1.00,-1.00,-1.00,0.1660,3.2,2.78,7.58,-42.86,0.65,20.92,-3.02,-10.00
24,7,-1.00,-1.00,-1.00,-1.00,0.1443,2.0,2.05,5.17,-20.86,1.00,5.29,1.70,-10.00
24,7,-1.00,-1.00,-1.00,-1.00,0.1265,2.0,2.30,6.14,-21.29,0.98,21.12,1.61,-10.00
25,7,-1.00,-1.00,-1.00,-1.00,0.7946,2.0,2.02,5.12,-40.26,-0.05,20.15,-2.91,-10.00
25,7,567.67,449.07,737.02,513.22,0.3140,2.0,2.07,5.37,-5.32,0.70,41.73,-0.05,-10.00
25,7,-1.00,-1.00,-1.00,-1.00,0.2769,1.9,2.11,5.28,-20.84,1.09,4.71,-1.45,-10.00
25,7,437.69,444.14,731.37,548.88,0.1908,1.9,2.03,5.42,-4.38,1.08,24.70,-0.07,-10.00
25,7,-1.00,-1.00,-1.00,-1.00,0.1751,1.9,2.03,5.17,-18.20,0.95,4.03,1.75,-10.00
25,7,-1.00,-1.00,-1.00,-1.00,0.1569,2.0,2.29,5.84,-32.93,0.62,2.86,1.89,-10.00
25,7,-1.00,-1.00,-1.00,-1.00,0.1070,2.0,2.17,5.56,-5.48,2.28,-39.43,1.66,-10.00
25,7,961.46,453.30,1059.91,513.81,0.1029,1.9,2.01,5.40,6.47,0.75,42.77,1.47,-10.00
26,7,-1.00,-1.00,-1.00,-1.00,0.8226,2.1,2.10,5.29,-40.50,0.78,21.64,-2.84,-10.00
26,7,-1.00,-1.00,-1.00,-1.00,0.3161,2.0,2.10,5.36,-20.56,1.74,3.83,-1.39,-10.00
26,7,620.17,482.90,793.92,545.51,0.1151,1.9,2.08,5.41,-3.47,1.70,41.02,0.01,-10.00
26,7,-1.00,-1.00,-1.00,-1.00,0.1078,2.0,2.14,5.55,-42.71,0.33,16.68,-1.42,-10.00
27,7,-1.00,-1.00,-1.00,-1.00,0.5633,2.1,2.23,5.39,-39.89,1.11,25.13,-2.75,-10.00
27,7,-1.00,-1.00,-1.00,-1.00,0.1727,1.9,2.13,5.24,-19.78,1.54,5.16,1.93,-10.00
27,7,-1.00,-1.00,-1.00,-1.00,0.1523,3.0,2.50,6.94,-41.11,-1.31,-6.45,0.55,-10.00
27,7,-1.00,-1.00,-1.00,-1.00,0.1340,2.4,2.52,5.87,-50.70,1.60,5.20,-1.48,-10.00
27,7,-1.00,-1.00,-1.00,-1.00,0.1275,2.0,2.16,5.72,-17.39,1.56,20.89,1.82,-10.00
27,7,-1.00,-1.00,-1.00,-1.00,0.1272,1.9,2.06,5.07,-24.27,1.41,7.74,-1.23,-10.00
27,7,-1.00,-1.00,-1.00,-1.00,0.1186,1.9,2.08,5.23,-31.79,1.43,5.52,-1.07,-10.00
27,7,-1.00,-1.00,-1.00,-1.00,0.1153,2.0,2.11,5.48,-44.96,1.23,-0.42,-1.54,-10.00
28,7,-1.00,-1.00,-1.00,-1.00,0.6354,1.9,2.04,5.18,-36.86,0.87,30.46,-2.61,-10.00
28,7,-1.00,-1.00,-1.00,-1.00,0.2613,2.0,2.15,5.37,-22.93,1.01,9.60,-0.93,-10.00
28,7,-1.00,-1.00,-1.00,-1.00,0.1552,1.9,2.12,5.60,-30.12,1.44,9.46,-0.88,-10.00
28,7,-1.00,-1.00,-1.00,-1.00,0.1334,2.1,2.10,5.51,-49.94,1.62,11.28,0.31,-10.00
28,7,-1.00,-1.00,-1.00,-1.00,0.1067,2.0,2.03,5.00,-25.53,1.42,-9.58,-0.90,-10.00
28,7,-1.00,-1.00,-1.00,-1.00,0.1057,3.0,2.54,5.98,-39.20,1.83,23.51,0.68,-10.00
28,7,832.94,487.40,1181.25,612.95,0.1034,1.9,2.07,5.41,3.14,1.85,20.84,0.23,-10.00
29,7,-1.00,-1.00,-1.00,-1.00,0.3553,1.8,1.95,4.91,-30.95,0.71,36.06,-2.51,-10.00
29,7,0.00,448.17,22.13,508.49,0.1137,2.0,2.17,5.68,-30.40,0.56,43.23,0.23,-10.00
29,7,-1.00,-1.00,-1.00,-1.00,0.1073,1.8,2.05,5.23,-16.71,1.18,8.77,-0.79,-10.00
30,7,67.34,435.28,175.44,511.21,0.5933,2.3,2.10,5.32,-23.09,0.64,41.98,-2.27,-10.00
30,7,-1.00,-1.00,-1.00,-1.00,0.2230,1.8,2.04,5.31,-14.29,1.40,10.31,-0.55,-10.00
30,7,-1.00,-1.00,-1.00,-1.00,0.1959,1.9,2.09,5.36,-34.30,1.08,10.50,-0.43,-10.00
30,7,-1.00,-1.00,-1.00,-1.00,0.1772,3.8,3.05,8.43,36.92,1.72,43.13,0.64,-10.00
30,7,-1.00,-1.00,-1.00,-1.00,0.1635,1.9,2.15,5.68,-17.37,1.50,15.19,-0.13,-10.00
30,7,-1.00,-1.00,-1.00,-1.00,0.1193,2.0,2.09,5.31,-24.48,1.21,17.09,2.69,-10.00
30,7,-1.00,-1.00,-1.00,-1.00,0.1152,1.9,2.03,5.28,31.79,1.69,19.44,2.35,-10.00
30,7,-1.00,-1.00,-1.00,-1.00,0.1089,2.3,2.22,5.69,-45.72,-0.67,11.52,-2.16,-10.00
31,7,396.34,436.75,473.85,505.63,0.7287,2.3,2.16,5.61,-13.95,0.49,46.12,-1.96,-10.00
31,7,145.03,469.10,356.62,546.28,0.1075,2.1,2.05,5.12,-15.72,1.51,35.51,2.89,-10.00
31,7,-1.00,-1.00,-1.00,-1.00,0.1003,3.8,3.13,8.27,45.52,1.75,31.44,-2.24,-10.00
32,7,680.83,454.77,745.14,515.59,0.8510,2.1,2.05,5.30,-3.95,0.90,47.70,-1.72,-10.00
32,7,561.77,403.59,671.65,533.56,0.1433,3.3,2.66,7.00,-5.47,1.13,35.74,-1.67,-10.00
32,7,-1.00,-1.00,-1.00,-1.00,0.1273,3.7,2.97,10.60,-34.20,-0.27,41.26,-1.65,-10.00
32,7,767.57,459.15,835.11,519.53,0.1246,1.9,2.01,5.65,-0.59,0.96,43.99,1.50,-10.00
32,7,420.31,464.64,630.64,539.39,0.1224,2.0,2.11,5.68,-8.22,1.34,36.31,-0.13,-10.00
32,7,-1.00,-1.00,-1.00,-1.00,0.1150,3.5,3.03,8.40,50.73,2.21,20.27,-2.03,-10.00
32,7,-1.00,-1.00,-1.00,-1.00,0.1049,2.0,2.18,5.74,-25.78,1.55,3.10,-0.00,-10.00
33,7,860.05,465.66,917.40,520.85,0.3881,1.9,1.93,5.08,2.66,1.08,47.45,-1.55,-10.00
33,7,-1.00,-1.00,-1.00,-1.00,0.1878,1.9,2.09,5.38,-24.05,1.37,16.82,0.15,-10.00
33,7,-1.00,-1.00,-1.00,-1.00,0.1116,2.0,2.16,5.61,-42.53,0.79,-13.21,1.56,-10.00
33,7,824.24,409.68,923.48,514.74,0.1015,2.5,2.38,5.98,1.54,0.61,33.64,-1.52,-10.00
34,7,890.57,406.40,993.73,516.56,0.2216,2.5,2.36,6.39,3.13,0.63,32.39,-1.50,-10.00
34,7,925.52,464.81,994.96,528.40,0.2000,2.2,2.14,5.69,5.29,1.34,47.23,-1.53,-10.00
34,7,-1.00,-1.00,-1.00,-1.00,0.1275,1.9,2.04,5.23,-22.30,1.41,21.12,-2.95,-10.00
34,7,-1.00,-1.00,-1.00,-1.00,0.1268,2.1,2.18,5.56,-36.14,0.06,15.02,-3.00,-10.00
34,7,0.00,450.02,353.23,578.17,0.1049,1.9,2.04,5.01,-10.29,1.30,20.30,-2.96,-10.00
34,7,1141.15,503.63,1328.98,568.71,0.1013,2.0,2.16,5.40,13.37,2.41,40.52,-0.26,-10.00
35,7,981.07,469.17,1040.12,528.66,0.2911,2.1,2.04,5.34,7.24,1.35,47.14,-1.41,-10.00
35,7,929.81,384.46,1053.33,532.32,0.2860,3.0,2.52,6.57,4.06,0.90,29.50,-1.44,-10.00
35,7,1098.88,450.09,1231.58,545.45,0.1380,2.0,2.10,5.46,8.00,1.19,29.58,1.67,-10.00
35,7,-1.00,-1.00,-1.00,-1.00,0.1287,2.0,2.05,5.60,-22.60,1.09,20.43,0.19,-10.00
35,7,-1.00,-1.00,-1.00,-1.00,0.1201,2.0,2.22,5.38,-43.27,0.91,-13.76,-1.57,-10.00
35,7,-1.00,-1.00,-1.00,-1.00,0.1119,2.0,2.14,5.55,28.99,1.79,-15.47,2.98,-10.00
35,7,-1.00,-1.00,-1.00,-1.00,0.1000,3.8,2.98,9.58,-47.03,0.03,8.57,0.12,-10.00
36,7,994.69,444.06,1054.39,508.01,0.8011,2.2,2.03,5.14,7.58,0.58,46.45,-1.43,-10.00
36,7,936.56,416.01,1045.52,517.33,0.2490,2.1,2.20,5.93,3.96,0.58,28.89,-1.44,-10.00
36,7,-1.00,-1.00,-1.00,-1.00,0.2107,2.0,2.15,5.49,-28.30,1.50,1.87,1.77,-10.00
36,7,-1.00,-1.00,-1.00,-1.00,0.1881,2.0,2.14,5.66,-22.92,1.00,18.69,-2.99,-10.00
36,7,1118.79,450.12,1262.64,564.72,0.1462,2.0,2.10,5.52,7.10,1.30,24.55,1.75,-10.00
36,7,-1.00,-1.00,-1.00,-1.00,0.1219,2.1,2.18,5.82,-20.32,0.73,24.82,0.11,-10.00
36,7,-1.00,-1.00,-1.00,-1.00,0.1186,2.0,2.22,5.44,-40.92,1.29,-15.13,1.49,-10.00
36,7,-1.00,-1.00,-1.00,-1.00,0.1127,2.8,2.67,6.73,-43.45,-0.18,6.71,-1.44,-10.00
36,7,976.72,435.06,1043.92,514.93,0.1118,2.9,2.41,5.76,7.71,0.91,49.86,-1.38,-10.00
36,7,0.00,409.59,167.85,492.51,0.1076,2.3,2.38,5.85,-22.80,-0.01,37.69,0.11,-10.00
37,7,992.18,459.76,1055.23,518.42,0.5865,2.0,1.99,5.11,7.65,0.98,46.38,-1.35,-10.00
37,7,847.65,415.92,990.39,549.47,0.2558,2.5,2.42,6.05,2.32,1.13,26.72,-1.39,-10.00
37,7,-1.00,-1.00,-1.00,-1.00,0.2004,2.1,2.11,5.53,-20.43,1.10,22.07,0.25,-10.00
37,7,-1.00,-1.00,-1.00,-1.00,0.1495,2.0,2.13,5.60,-23.30,1.31,17.25,0.17,-10.00
37,7,-1.00,-1.00,-1.00,-1.00,0.1383,2.0,2.19,5.47,32.92,2.20,-6.11,-1.56,-10.00
37,7,-1.00,-1.00,-1.00,-1.00,0.1233,2.0,2.14,5.29,-40.74,1.17,-16.77,1.53,-10.00
37,7,1217.24,466.28,1400.15,540.34,0.1087,2.0,2.10,5.31,13.98,1.35,35.86,-0.57,-10.00
37,7,171.88,391.58,359.09,494.65,0.1070,3.6,2.96,8.28,-21.70,0.05,50.57,1.70,-10.00
37,7,-1.00,-1.00,-1.00,-1.00,0.1040,1.9,2.15,5.30,-38.27,0.85,-17.64,1.51,-10.00
37,7,-1.00,-1.00,-1.00,-1.00,0.1033,2.3,2.38,5.98,-37.46,0.36,11.20,0.18,-10.00
37,7,0.00,411.14,139.00,504.52,0.1027,2.5,2.58,6.74,-23.51,0.34,36.38,0.05,-10.00
37,7,405.59,442.22,646.42,526.18,0.1013,2.0,2.18,5.56,-7.31,0.85,32.26,-3.06,-10.00
38,7,986.13,454.40,1050.48,517.03,0.6379,2.2,2.09,5.53,7.52,0.93,46.74,-1.37,-10.00
38,7,-1.00,-1.00,-1.00,-1.00,0.3219,1.9,2.10,5.45,-22.06,1.53,15.02,0.20,-10.00
38,7,956.08,378.43,1097.38,539.47,0.1296,2.8,2.40,6.12,4.02,0.88,24.96,-1.44,-10.00
38,7,-1.00,-1.00,-1.00,-1.00,0.1239,1.9,2.08,5.28,35.99,2.09,-18.03,2.96,-10.00
38,7,1249.41,481.62,1441.09,560.24,0.1178,2.0,2.09,5.31,14.36,1.79,34.29,-0.55,-10.00
38,7,843.02,413.75,981.15,554.13,0.1139,2.4,2.29,5.93,2.01,1.11,24.49,-1.43,-10.00
39,7,968.32,443.71,1034.47,515.25,0.6519,2.5,2.17,5.47,6.74,0.87,46.64,-1.47,-10.00
39,7,820.90,341.84,989.60,558.81,0.2980,3.6,2.79,7.27,1.97,1.18,24.83,1.71,-10.00
39,7,-1.00,-1.00,-1.00,-1.00,0.1804,1.9,1.97,5.10,-38.25,0.75,-19.97,3.04,-10.00
39,7,-1.00,-1.00,-1.00,-1.00,0.1078,1.9,2.09,5.23,33.29,1.81,-7.47,1.32,-10.00
39,7,301.73,436.48,565.51,524.63,0.1043,1.9,2.11,5.39,-8.72,0.73,29.11,-3.01,-10.00
