0,2,-1.00,-1.00,-1.00,-1.00,0.9015,1.8,2.03,4.77,0.17,1.29,-14.02,-1.55,-10.00
0,2,-1.00,-1.00,-1.00,-1.00,0.6603,1.8,1.99,4.68,14.86,0.86,-16.63,0.00,-10.00
0,2,-1.00,-1.00,-1.00,-1.00,0.6347,1.9,2.17,5.46,-10.43,1.88,-1.18,1.53,-10.00
0,2,-1.00,-1.00,-1.00,-1.00,0.5899,2.0,2.07,4.97,-16.59,2.33,-4.12,1.45,-10.00
0,2,-1.00,-1.00,-1.00,-1.00,0.5642,1.9,1.98,4.70,3.10,1.07,-28.19,-1.59,-10.00
0,2,-1.00,-1.00,-1.00,-1.00,0.3791,1.7,1.91,4.46,14.34,0.92,-2.02,-0.04,-10.00
0,2,-1.00,-1.00,-1.00,-1.00,0.2725,1.8,1.98,4.59,13.57,0.73,-20.75,-0.06,-10.00
0,2,-1.00,-1.00,-1.00,-1.00,0.2695,1.6,1.90,4.41,18.95,1.23,23.23,3.11,-10.00
0,2,903.37,453.46,970.97,509.00,0.2473,1.8,1.99,4.75,3.99,1.36,45.90,-1.58,-10.00
0,2,-1.00,-1.00,-1.00,-1.00,0.1784,2.0,2.12,5.11,14.54,0.81,-25.40,3.12,-10.00
0,2,-1.00,-1.00,-1.00,-1.00,0.1759,1.8,2.06,4.75,16.09,0.25,-52.55,-1.48,-10.00
0,2,-1.00,-1.00,-1.00,-1.00,0.1412,1.7,1.94,4.60,-7.38,1.28,-30.49,1.60,-10.00
0,2,315.78,505.79,421.03,564.46,0.1368,1.7,1.96,4.65,-14.18,2.89,39.05,1.47,-10.00
0,2,1057.01,459.21,1192.78,514.02,0.1296,1.8,1.98,4.59,10.45,1.51,43.80,2.56,-10.00
0,2,-1.00,-1.00,-1.00,-1.00,0.1284,1.7,1.95,4.55,42.83,0.54,-13.11,1.43,-10.00
0,2,236.29,511.11,332.62,563.90,0.1231,1.7,1.98,4.57,-18.20,3.11,42.29,1.39,-10.00
0,2,-1.00,-1.00,-1.00,-1.00,0.1230,1.8,1.97,4.61,6.90,-2.00,-48.31,1.52,-10.00
0,2,-1.00,-1.00,-1.00,-1.00,0.1119,1.7,1.93,4.55,-17.97,1.29,-52.26,1.56,-10.00
0,2,-1.00,-1.00,-1.00,-1.00,0.1118,1.7,1.96,4.68,-13.41,2.05,-1.97,-1.66,-10.00
0,2,1297.25,438.66,1471.35,503.54,0.1106,1.6,1.90,4.60,16.27,0.92,36.83,-1.95,-10.00
0,2,-1.00,-1.00,-1.00,-1.00,0.1097,1.7,1.97,4.74,-30.53,1.68,-33.26,-1.59,-10.00
0,2,819.52,463.71,951.45,514.73,0.1090,1.7,1.97,4.57,2.09,1.55,44.65,-3.09,-10.00
0,2,1142.53,431.70,1315.10,505.94,0.1044,1.7,1.99,4.75,10.62,0.90,33.52,-1.87,-10.00
0,2,-1.00,-1.00,-1.00,-1.00,0.1031,1.7,1.98,4.59,13.87,0.56,-27.93,0.03,-10.00
1,2,-1.00,-1.00,-1.00,-1.00,0.9053,1.9,2.09,4.85,-0.07,1.31,-13.86,-1.58,-10.00
1,2,-1.00,-1.00,-1.00,-1.00,0.8961,1.8,1.96,4.60,14.60,0.92,-5.53,-0.06,-10.00
1,2,-1.00,-1.00,-1.00,-1.00,0.8937,1.8,1.97,4.83,-10.59,1.68,-13.62,1.61,-10.00
1,2,-1.00,-1.00,-1.00,-1.00,0.8831,1.7,2.01,4.71,2.88,1.20,-25.45,-1.55,-10.00
1,2,-1.00,-1.00,-1.00,-1.00,0.6406,2.2,2.21,5.46,-16.67,2.25,-6.47,1.56,-10.00
1,2,-1.00,-1.00,-1.00,-1.00,0.4537,1.8,2.10,5.03,14.40,0.67,-28.61,3.07,-10.00
1,2,-1.00,-1.00,-1.00,-1.00,0.3526,1.7,1.86,4.29,29.82,0.26,-4.92,0.27,-10.00
1,2,-1.00,-1.00,-1.00,-1.00,0.3321,1.9,2.04,4.83,14.70,0.99,-19.89,-0.02,-10.00
1,2,744.69,476.81,824.79,528.89,0.2436,1.6,1.91,4.49,-1.37,1.99,42.90,-1.41,-10.00
1,2,-1.00,-1.00,-1.00,-1.00,0.1509,1.8,2.07,4.69,-16.74,1.73,-49.32,1.60,-10.00
1,2,-1.00,-1.00,-1.00,-1.00,0.1268,1.7,1.95,4.63,-7.72,1.06,-33.50,-1.52,-10.00
1,2,-1.00,-1.00,-1.00,-1.00,0.1256,1.6,1.85,4.35,29.84,0.27,-8.08,0.92,-10.00
1,2,268.96,509.45,399.47,572.01,0.1159,1.6,1.92,4.59,-13.82,2.82,35.48,-1.58,-10.00
1,2,-1.00,-1.00,-1.00,-1.00,0.1148,2.4,2.14,5.33,15.98,0.84,12.04,-1.66,-10.00
1,2,101.76,531.74,211.39,578.42,0.1080,1.7,1.95,4.63,-25.63,4.08,48.12,1.51,-10.00
2,2,-1.00,-1.00,-1.00,-1.00,0.9343,1.8,1.97,4.64,14.23,1.04,-9.03,-0.04,-10.00
2,2,-1.00,-1.00,-1.00,-1.00,0.9013,1.7,1.95,4.65,2.42,1.21,-23.46,-1.54,-10.00
2,2,-1.00,-1.00,-1.00,-1.00,0.9000,1.8,2.08,4.82,-0.45,1.36,-13.64,-1.56,-10.00
2,2,-1.00,-1.00,-1.00,-1.00,0.8259,1.8,1.99,4.91,-11.42,1.41,-25.66,1.62,-10.00
2,2,-1.00,-1.00,-1.00,-1.00,0.7723,1.8,2.02,4.79,14.13,1.01,-23.22,0.05,-10.00
2,2,-1.00,-1.00,-1.00,-1.00,0.6390,2.1,2.33,5.85,-16.96,2.23,-9.08,1.61,-10.00
2,2,-1.00,-1.00,-1.00,-1.00,0.3226,1.7,1.98,4.65,-7.23,1.23,-23.47,-1.49,-10.00
2,2,1443.68,433.17,1548.23,501.28,0.2638,1.7,1.98,4.60,19.37,0.84,36.16,-0.94,-10.00
2,2,-1.00,-1.00,-1.00,-1.00,0.2031,1.7,1.98,4.60,14.48,0.67,-26.62,0.04,-10.00
2,2,-1.00,-1.00,-1.00,-1.00,0.1780,1.9,2.08,5.04,13.24,0.67,-31.98,3.09,-10.00
2,2,-1.00,-1.00,-1.00,-1.00,0.1593,1.7,1.97,4.57,12.47,0.88,-24.88,1.60,-10.00
2,2,296.79,512.72,409.49,567.17,0.1583,1.7,1.96,4.69,-15.68,3.18,41.78,1.57,-10.00
2,2,1292.90,435.36,1442.96,497.02,0.1148,1.8,2.00,4.70,17.66,0.83,40.85,-0.51,-10.00
2,2,55.71,536.74,212.16,585.16,0.1070,1.6,1.93,4.45,-24.52,4.03,44.47,-0.01,-10.00
2,2,-1.00,-1.00,-1.00,-1.00,0.1044,2.0,2.27,4.80,50.30,-1.22,-12.79,-1.82,-10.00
3,2,-1.00,-1.00,-1.00,-1.00,0.9309,1.6,1.90,4.53,2.12,1.17,-21.05,-1.51,-10.00
3,2,-1.00,-1.00,-1.00,-1.00,0.9179,1.8,1.98,4.67,13.93,1.07,-12.43,0.01,-10.00
3,2,-1.00,-1.00,-1.00,-1.00,0.8842,1.8,2.07,4.78,-0.74,1.32,-13.44,-1.51,-10.00
3,2,-1.00,-1.00,-1.00,-1.00,0.7294,2.2,2.21,5.50,-17.25,2.00,-11.64,1.61,-10.00
3,2,-1.00,-1.00,-1.00,-1.00,0.6903,1.8,1.97,4.81,-12.70,1.29,-38.89,1.62,-10.00
3,2,-1.00,-1.00,-1.00,-1.00,0.5649,1.8,2.06,4.86,13.60,1.02,-26.62,0.03,-10.00
3,2,-1.00,-1.00,-1.00,-1.00,0.5031,1.7,1.94,4.56,12.38,0.68,-35.51,3.14,-10.00
3,2,-1.00,-1.00,-1.00,-1.00,0.2487,1.7,1.98,4.66,25.22,0.98,33.98,-0.29,-10.00
3,2,-1.00,-1.00,-1.00,-1.00,0.2321,1.6,1.99,4.66,12.02,0.88,-28.31,1.58,-10.00
3,2,-1.00,-1.00,-1.00,-1.00,0.1705,1.5,1.89,4.38,11.93,0.93,-23.64,-0.02,-10.00
3,2,-1.00,-1.00,-1.00,-1.00,0.1581,1.7,2.02,4.72,12.12,0.40,-38.29,0.03,-10.00
3,2,51.98,494.86,170.30,541.51,0.1520,1.8,2.02,4.76,-28.91,2.89,50.83,1.58,-10.00
3,2,1483.09,393.55,1600.00,498.76,0.1370,1.7,1.97,4.61,14.03,0.49,24.49,-1.07,-10.00
3,2,88.76,516.58,256.08,567.81,0.1338,1.7,1.98,4.60,-22.08,3.27,42.42,-0.01,-10.00
3,2,-1.00,-1.00,-1.00,-1.00,0.1277,1.8,2.00,4.70,25.87,0.86,32.82,-0.08,-10.00
3,2,-1.00,-1.00,-1.00,-1.00,0.1241,1.8,2.04,4.74,-49.37,1.82,29.18,-2.87,-10.00
3,2,-1.00,-1.00,-1.00,-1.00,0.1081,1.7,2.00,4.75,47.23,-0.91,-52.13,1.53,-10.00
3,2,-1.00,-1.00,-1.00,-1.00,0.1050,1.9,2.03,4.79,-7.54,1.21,-52.28,-1.50,-10.00
3,2,-1.00,-1.00,-1.00,-1.00,0.1038,1.7,2.00,4.68,-46.89,2.07,-10.11,0.02,-10.00
4,2,-1.00,-1.00,-1.00,-1.00,0.9211,1.7,1.93,4.66,2.21,1.22,-19.11,-1.51,-10.00
4,2,-1.00,-1.00,-1.00,-1.00,0.9063,1.7,1.98,4.67,13.76,1.12,-14.95,0.04,-10.00
4,2,-1.00,-1.00,-1.00,-1.00,0.8838,1.8,2.07,4.82,-0.79,1.32,-13.33,-1.51,-10.00
4,2,-1.00,-1.00,-1.00,-1.00,0.7672,2.2,2.27,5.82,-17.36,1.93,-13.75,1.62,-10.00
4,2,-1.00,-1.00,-1.00,-1.00,0.6423,1.7,1.95,4.56,12.93,0.90,-29.28,0.13,-10.00
4,2,1003.69,466.29,1128.17,511.64,0.5965,1.7,2.01,4.48,9.36,1.60,49.25,-3.14,-10.00
4,2,1215.94,449.03,1347.87,495.76,0.4789,1.7,1.93,4.40,17.75,0.96,48.98,3.10,-10.00
4,2,-1.00,-1.00,-1.00,-1.00,0.3521,1.8,2.01,4.85,-14.31,0.94,-49.47,1.61,-10.00
4,2,-1.00,-1.00,-1.00,-1.00,0.2599,1.9,2.05,4.92,11.74,0.69,-37.95,-3.14,-10.00
4,2,1187.57,453.56,1269.73,499.41,0.2329,1.6,1.87,4.40,16.07,1.10,50.29,1.58,-10.00
4,2,-1.00,-1.00,-1.00,-1.00,0.2108,1.7,2.03,4.86,-13.98,1.08,-46.26,1.62,-10.00
4,2,-1.00,-1.00,-1.00,-1.00,0.2063,1.6,1.96,4.68,11.24,0.76,-30.95,1.70,-10.00
4,2,-1.00,-1.00,-1.00,-1.00,0.1629,2.0,2.06,4.85,32.87,-0.08,47.98,-3.11,-10.00
4,2,-1.00,-1.00,-1.00,-1.00,0.1547,1.7,1.91,4.45,8.07,0.81,-52.43,-1.50,-10.00
4,2,-1.00,-1.00,-1.00,-1.00,0.1430,1.8,1.94,4.48,28.92,0.99,-15.36,0.20,-10.00
4,2,-1.00,-1.00,-1.00,-1.00,0.1355,1.6,1.87,4.52,-13.75,1.58,-32.69,-1.51,-10.00
4,2,246.81,491.24,311.83,537.35,0.1347,1.8,2.05,4.82,-22.49,2.74,51.39,-2.06,-10.00
4,2,47.17,522.93,186.81,577.15,0.1322,1.7,1.93,4.55,-23.26,3.45,41.29,-1.55,-10.00
4,2,139.07,524.90,311.80,579.60,0.1279,1.7,2.00,4.61,-19.26,3.47,40.25,-3.05,-10.00
4,2,-1.00,-1.00,-1.00,-1.00,0.1232,1.7,1.94,4.65,15.44,0.91,-30.57,1.60,-10.00
4,2,-1.00,-1.00,-1.00,-1.00,0.1169,1.7,1.83,4.27,27.68,0.88,-18.09,2.47,-10.00
4,2,-1.00,-1.00,-1.00,-1.00,0.1141,1.7,1.94,4.56,24.51,0.92,29.64,2.78,-10.00
4,2,-1.00,-1.00,-1.00,-1.00,0.1082,1.6,1.93,4.49,14.09,1.29,-9.91,-3.08,-10.00
4,2,-1.00,-1.00,-1.00,-1.00,0.1076,1.6,1.98,4.56,-2.05,1.05,-26.48,-1.52,-10.00
4,2,1289.34,448.96,1431.97,497.19,0.1070,1.7,2.02,4.66,20.79,1.01,48.92,0.03,-10.00
4,2,-1.00,-1.00,-1.00,-1.00,0.1043,1.7,1.92,4.59,-9.14,1.20,-49.57,1.61,-10.00
4,2,32.60,498.67,153.54,546.08,0.1031,1.7,1.94,4.70,-28.54,2.95,48.94,1.57,-10.00
5,2,-1.00,-1.00,-1.00,-1.00,0.9436,1.5,1.88,4.57,2.42,1.27,-16.81,-1.52,-10.00
5,2,-1.00,-1.00,-1.00,-1.00,0.8954,1.8,1.97,4.62,13.63,1.18,-17.44,0.03,-10.00
5,2,-1.00,-1.00,-1.00,-1.00,0.8651,1.8,2.04,4.80,-0.77,1.32,-13.18,-1.50,-10.00
5,2,-1.00,-1.00,-1.00,-1.00,0.7847,2.1,2.24,5.93,-17.54,1.86,-16.03,1.65,-10.00
5,2,1015.45,453.01,1151.04,504.06,0.7374,1.8,2.01,4.71,9.55,1.22,46.92,-3.08,-10.00
5,2,-1.00,-1.00,-1.00,-1.00,0.5916,1.7,1.97,4.59,12.76,1.01,-31.79,0.12,-10.00
5,2,1238.28,444.83,1385.07,494.45,0.3994,1.7,2.00,4.63,17.94,0.85,46.50,-3.14,-10.00
5,2,-1.00,-1.00,-1.00,-1.00,0.3044,1.6,1.96,4.54,13.44,1.44,-22.09,0.06,-10.00
5,2,1127.99,462.24,1255.94,507.94,0.2566,1.7,2.01,4.48,14.33,1.45,49.34,-3.07,-10.00
5,2,-1.00,-1.00,-1.00,-1.00,0.2216,1.9,2.03,4.59,33.20,-0.24,45.53,-3.05,-10.00
5,2,-1.00,-1.00,-1.00,-1.00,0.2212,1.7,1.95,4.62,11.23,0.82,-40.44,0.01,-10.00
5,2,-1.00,-1.00,-1.00,-1.00,0.2184,1.6,1.89,4.41,12.46,0.87,-34.33,3.12,-10.00
5,2,-1.00,-1.00,-1.00,-1.00,0.1733,1.6,1.92,4.48,13.35,1.18,-29.14,-2.99,-10.00
5,2,0.00,515.69,161.07,575.20,0.1532,1.8,2.00,4.62,-23.43,3.22,38.86,0.16,-10.00
5,2,-1.00,-1.00,-1.00,-1.00,0.1501,1.7,1.92,4.63,3.47,1.29,-39.91,-1.49,-10.00
5,2,-1.00,-1.00,-1.00,-1.00,0.1462,1.7,2.01,4.66,11.32,0.60,-43.14,0.02,-10.00
5,2,-1.00,-1.00,-1.00,-1.00,0.1433,1.7,1.99,4.75,-9.54,1.18,-51.31,1.65,-10.00
5,2,-1.00,-1.00,-1.00,-1.00,0.1290,1.7,1.93,4.52,14.28,1.63,-10.34,-3.07,-10.00
5,2,18.63,487.04,155.16,536.55,0.1193,1.7,1.95,4.71,-27.65,2.49,47.04,1.68,-10.00
5,2,141.72,515.09,323.37,570.99,0.1152,1.6,1.96,4.58,-17.79,2.99,37.63,0.14,-10.00
5,2,-1.00,-1.00,-1.00,-1.00,0.1130,1.6,1.94,4.51,13.33,1.35,-26.68,0.12,-10.00
5,2,-1.00,-1.00,-1.00,-1.00,0.1105,1.7,1.96,4.51,14.16,1.69,-12.39,-3.12,-10.00
5,2,-1.00,-1.00,-1.00,-1.00,0.1016,1.7,1.99,4.61,-2.07,1.09,-26.60,-1.51,-10.00
6,2,-1.00,-1.00,-1.00,-1.00,0.9412,1.7,1.96,4.61,13.83,1.07,-19.70,0.04,-10.00
6,2,-1.00,-1.00,-1.00,-1.00,0.9025,1.6,1.89,4.62,2.84,1.36,-14.73,-1.53,-10.00
6,2,-1.00,-1.00,-1.00,-1.00,0.8846,1.8,2.04,4.73,-0.54,1.34,-13.12,-1.52,-10.00
6,2,-1.00,-1.00,-1.00,-1.00,0.8123,2.1,2.24,5.78,-17.39,1.82,-18.53,1.63,-10.00
6,2,1016.40,448.57,1157.55,501.77,0.7148,1.7,1.99,4.65,9.22,1.08,44.65,-3.09,-10.00
6,2,1124.23,457.40,1259.20,506.43,0.4561,1.7,1.93,4.54,13.67,1.32,47.14,-3.06,-10.00
6,2,1247.91,440.41,1400.95,493.56,0.4023,1.7,1.97,4.59,17.50,0.77,44.21,-3.09,-10.00
6,2,-1.00,-1.00,-1.00,-1.00,0.3889,1.6,1.96,4.56,13.76,1.09,-24.38,0.04,-10.00
6,2,-1.00,-1.00,-1.00,-1.00,0.2542,1.7,1.92,4.47,12.93,1.22,-34.00,0.07,-10.00
6,2,1351.26,448.59,1456.31,499.49,0.1778,1.7,1.98,4.74,22.35,1.06,48.73,-1.54,-10.00
6,2,-1.00,-1.00,-1.00,-1.00,0.1742,1.6,1.90,4.52,-17.38,1.56,-30.57,1.60,-10.00
6,2,1073.42,461.12,1152.31,522.92,0.1741,1.6,1.88,4.49,8.23,1.50,36.34,-1.42,-10.00
6,2,-1.00,-1.00,-1.00,-1.00,0.1500,2.2,2.20,5.13,33.41,-0.10,43.64,-3.09,-10.00
6,2,-1.00,-1.00,-1.00,-1.00,0.1312,1.8,2.07,4.89,-15.75,1.29,-37.37,1.72,-10.00
6,2,1012.44,449.60,1146.44,501.66,0.1227,1.8,2.06,4.77,9.58,1.15,47.78,-3.06,-10.00
6,2,-1.00,-1.00,-1.00,-1.00,0.1211,1.9,2.01,4.83,11.24,0.66,-42.76,-3.12,-10.00
6,2,-1.00,-1.00,-1.00,-1.00,0.1149,1.7,1.94,4.55,28.97,0.85,-22.17,2.54,-10.00
6,2,-1.00,-1.00,-1.00,-1.00,0.1140,1.7,2.00,4.53,-1.64,1.16,-26.51,-1.52,-10.00
6,2,0.00,501.26,99.22,553.85,0.1119,1.8,1.96,4.65,-28.22,2.94,44.50,1.59,-10.00
6,2,1007.94,455.40,1094.17,514.49,0.1104,1.7,1.96,4.61,7.12,1.37,40.18,-1.56,-10.00
6,2,-1.00,-1.00,-1.00,-1.00,0.1092,1.7,1.93,4.45,13.59,1.12,-31.14,0.06,-10.00
6,2,-1.00,-1.00,-1.00,-1.00,0.1069,1.7,1.99,4.63,4.53,1.33,-38.50,-1.55,-10.00
6,2,-1.00,-1.00,-1.00,-1.00,0.1040,1.8,1.95,4.72,-49.49,0.54,32.15,-2.07,-10.00
6,2,-1.00,-1.00,-1.00,-1.00,0.1036,1.6,1.89,4.47,3.89,1.17,-29.83,-1.53,-10.00
6,2,0.00,503.48,43.62,557.27,0.1017,1.8,2.00,4.68,-29.80,2.96,42.95,-3.10,-10.00
6,2,-1.00,-1.00,-1.00,-1.00,0.1010,1.7,1.98,4.56,12.78,1.17,-36.72,0.06,-10.00
7,2,-1.00,-1.00,-1.00,-1.00,0.9256,1.5,1.84,4.45,3.18,1.28,-12.40,-1.54,-10.00
7,2,-1.00,-1.00,-1.00,-1.00,0.8442,1.8,2.06,4.82,-0.29,1.27,-13.04,-1.54,-10.00
7,2,-1.00,-1.00,-1.00,-1.00,0.7636,1.7,1.94,4.60,13.96,0.92,-21.60,0.01,-10.00
7,2,1005.49,445.58,1153.25,501.22,0.7271,1.7,1.98,4.63,8.52,1.01,42.55,-3.10,-10.00
7,2,-1.00,-1.00,-1.00,-1.00,0.6151,2.1,2.18,5.64,-17.19,1.85,-21.01,1.63,-10.00
7,2,1113.08,447.95,1259.90,501.00,0.3734,1.8,2.03,4.72,12.94,1.07,45.28,-3.10,-10.00
7,2,-1.00,-1.00,-1.00,-1.00,0.3421,1.7,1.95,4.81,-15.10,0.84,-45.77,1.64,-10.00
7,2,-1.00,-1.00,-1.00,-1.00,0.3287,1.7,1.95,4.58,12.44,0.66,-44.67,-3.14,-10.00
7,2,1247.97,438.34,1413.17,494.80,0.3211,1.8,2.03,4.71,16.94,0.78,42.28,3.13,-10.00
7,2,-1.00,-1.00,-1.00,-1.00,0.2507,1.7,1.98,4.61,13.54,1.05,-36.02,0.08,-10.00
7,2,-1.00,-1.00,-1.00,-1.00,0.2414,1.6,1.92,4.47,14.24,1.17,-26.38,0.09,-10.00
7,2,-1.00,-1.00,-1.00,-1.00,0.2287,1.7,1.93,4.63,2.08,1.20,-38.83,-1.54,-10.00
7,2,-1.00,-1.00,-1.00,-1.00,0.2059,1.7,2.00,4.67,-27.70,2.60,34.56,0.43,-10.00
7,2,-1.00,-1.00,-1.00,-1.00,0.1911,1.8,2.03,4.69,32.01,-0.22,45.22,-3.06,-10.00
7,2,-1.00,-1.00,-1.00,-1.00,0.1769,1.8,1.96,4.66,-17.80,1.58,-37.38,1.68,-10.00
7,2,-1.00,-1.00,-1.00,-1.00,0.1665,1.9,2.03,4.60,32.21,-0.06,42.00,-3.03,-10.00
7,2,1475.10,433.28,1600.00,490.33,0.1509,1.7,1.99,4.61,24.41,0.62,41.65,-3.14,-10.00
7,2,-1.00,-1.00,-1.00,-1.00,0.1499,1.6,1.94,4.47,13.77,1.25,-33.22,0.03,-10.00
7,2,-1.00,-1.00,-1.00,-1.00,0.1333,1.6,1.91,4.35,15.72,1.39,1.33,-3.11,-10.00
7,2,-1.00,-1.00,-1.00,-1.00,0.1322,1.7,1.98,4.57,39.64,-0.01,47.99,3.12,-10.00
7,2,1381.94,436.35,1552.00,493.99,0.1308,1.9,2.15,4.99,23.05,0.81,45.22,3.10,-10.00
7,2,-1.00,-1.00,-1.00,-1.00,0.1234,1.7,2.00,4.63,-30.40,2.86,40.95,0.45,-10.00
7,2,1000.14,444.79,1139.70,499.85,0.1221,1.8,2.04,4.73,8.75,1.03,45.42,-3.06,-10.00
7,2,1091.99,438.35,1226.79,489.47,0.1216,1.8,1.99,4.63,12.75,0.69,48.23,-3.13,-10.00
7,2,-1.00,-1.00,-1.00,-1.00,0.1125,1.7,1.98,4.52,-0.88,1.14,-25.78,-1.54,-10.00
7,2,-1.00,-1.00,-1.00,-1.00,0.1008,1.6,1.92,4.58,5.18,1.09,-24.63,-1.54,-10.00
8,2,-1.00,-1.00,-1.00,-1.00,0.9301,1.5,1.87,4.54,3.58,1.40,-10.06,-1.55,-10.00
8,2,-1.00,-1.00,-1.00,-1.00,0.8450,1.8,2.09,4.88,-0.07,1.35,-12.87,-1.58,-10.00
8,2,-1.00,-1.00,-1.00,-1.00,0.7152,2.0,2.17,5.52,-16.78,1.70,-23.60,1.61,-10.00
8,2,-1.00,-1.00,-1.00,-1.00,0.6628,1.7,1.99,4.73,14.45,1.02,-23.63,3.09,-10.00
8,2,984.34,454.74,1133.68,512.53,0.5529,1.7,1.95,4.54,7.45,1.33,40.53,-3.06,-10.00
8,2,1107.37,449.79,1259.67,504.99,0.5130,1.8,2.00,4.67,12.27,1.16,43.30,-3.12,-10.00
8,2,-1.00,-1.00,-1.00,-1.00,0.4502,1.7,1.97,4.62,14.16,0.93,-37.88,0.06,-10.00
8,2,-1.00,-1.00,-1.00,-1.00,0.4159,1.9,2.11,4.92,-28.76,2.06,31.33,0.12,-10.00
8,2,1483.06,439.50,1600.00,497.51,0.2820,1.7,1.94,4.48,23.57,0.82,39.66,-3.11,-10.00
8,2,-1.00,-1.00,-1.00,-1.00,0.2335,1.8,2.02,4.62,31.34,0.22,40.35,-3.11,-10.00
8,2,-1.00,-1.00,-1.00,-1.00,0.2281,1.7,1.96,4.59,12.89,0.96,-46.60,-0.08,-10.00
8,2,-1.00,-1.00,-1.00,-1.00,0.2117,1.9,2.06,4.78,30.79,-0.05,43.92,3.07,-10.00
8,2,-1.00,-1.00,-1.00,-1.00,0.1910,1.7,2.00,4.63,14.73,1.34,-28.32,0.03,-10.00
8,2,-1.00,-1.00,-1.00,-1.00,0.1646,1.7,1.93,4.42,14.30,1.12,-35.13,0.05,-10.00
8,2,1237.13,443.36,1406.34,500.98,0.1576,1.7,1.98,4.60,15.83,0.95,40.22,3.12,-10.00
8,2,-1.00,-1.00,-1.00,-1.00,0.1554,1.7,2.01,4.77,-16.93,1.46,-26.98,1.57,-10.00
8,2,-1.00,-1.00,-1.00,-1.00,0.1404,1.6,1.92,4.36,-22.55,2.73,25.68,0.07,-10.00
8,2,-1.00,-1.00,-1.00,-1.00,0.1274,1.7,1.96,4.70,-8.71,1.10,-51.26,1.58,-10.00
8,2,-1.00,-1.00,-1.00,-1.00,0.1233,1.6,1.92,4.53,12.43,0.78,-39.34,1.68,-10.00
8,2,-1.00,-1.00,-1.00,-1.00,0.1225,1.7,1.99,4.71,-16.68,1.47,-44.50,1.57,-10.00
8,2,-1.00,-1.00,-1.00,-1.00,0.1188,2.0,2.15,5.25,-14.44,1.07,-52.01,1.60,-10.00
8,2,-1.00,-1.00,-1.00,-1.00,0.1185,1.7,1.98,4.55,14.02,0.88,-40.73,0.04,-10.00
8,2,-1.00,-1.00,-1.00,-1.00,0.1114,1.8,2.04,4.74,35.09,0.44,47.56,-3.12,-10.00
8,2,89.17,482.92,209.98,535.02,0.1108,1.7,1.98,4.60,-24.14,2.31,44.89,-1.62,-10.00
8,2,-1.00,-1.00,-1.00,-1.00,0.1075,1.6,1.94,4.50,14.72,1.23,-26.27,-3.13,-10.00
8,2,-1.00,-1.00,-1.00,-1.00,0.1063,1.6,1.91,4.61,-24.28,2.62,26.52,-1.67,-10.00
8,2,0.00,496.19,17.17,552.86,0.1061,1.8,1.96,4.66,-28.98,2.72,41.66,1.34,-10.00
8,2,1365.46,433.02,1528.61,488.78,0.1058,1.8,1.98,4.59,21.38,0.59,43.32,-3.11,-10.00
9,2,-1.00,-1.00,-1.00,-1.00,0.9308,1.6,1.88,4.52,3.73,1.38,-7.94,-1.55,-10.00
9,2,-1.00,-1.00,-1.00,-1.00,0.8532,1.8,2.08,4.84,0.06,1.30,-12.78,-1.55,-10.00
9,2,983.42,466.44,1135.75,521.71,0.7205,1.6,1.86,4.37,7.15,1.57,38.76,0.03,-10.00
9,2,-1.00,-1.00,-1.00,-1.00,0.7150,1.8,2.05,4.81,30.33,0.81,38.68,-3.14,-10.00
9,2,-1.00,-1.00,-1.00,-1.00,0.6241,1.6,2.01,4.78,14.66,1.01,-25.41,-0.05,-10.00
9,2,-1.00,-1.00,-1.00,-1.00,0.5501,2.2,2.17,5.90,-16.54,1.61,-25.70,1.53,-10.00
9,2,-1.00,-1.00,-1.00,-1.00,0.4626,1.7,1.96,4.50,30.18,0.75,42.06,3.08,-10.00
9,2,-1.00,-1.00,-1.00,-1.00,0.3744,2.0,2.14,5.16,-29.38,2.04,29.02,0.12,-10.00
9,2,-1.00,-1.00,-1.00,-1.00,0.3601,1.8,2.02,4.67,39.06,0.51,38.42,3.13,-10.00
9,2,-1.00,-1.00,-1.00,-1.00,0.2834,1.7,1.93,4.48,13.43,0.96,-48.38,3.06,-10.00
9,2,1237.51,446.13,1406.23,503.67,0.2747,1.7,1.94,4.45,15.34,1.01,38.93,3.01,-10.00
9,2,-1.00,-1.00,-1.00,-1.00,0.2554,1.7,1.96,4.54,39.52,0.66,41.54,3.06,-10.00
9,2,-1.00,-1.00,-1.00,-1.00,0.2427,1.8,2.02,4.72,14.67,0.92,-39.59,0.02,-10.00
9,2,1378.52,431.17,1561.83,495.33,0.2381,2.0,2.13,4.98,21.44,0.79,41.88,3.11,-10.00
9,2,1095.47,459.44,1249.86,513.59,0.2231,1.7,1.93,4.54,11.38,1.40,41.41,-3.14,-10.00
9,2,1467.51,439.16,1600.00,499.05,0.1738,1.7,1.97,4.58,22.67,0.85,38.84,3.07,-10.00
9,2,-1.00,-1.00,-1.00,-1.00,0.1301,1.5,1.83,4.20,-22.74,2.55,23.30,0.14,-10.00
9,2,-1.00,-1.00,-1.00,-1.00,0.1236,1.7,1.97,4.71,-16.71,1.35,-37.21,1.56,-10.00
9,2,1287.61,441.33,1428.37,502.79,0.1226,1.7,1.92,4.48,16.98,0.99,40.29,-1.77,-10.00
9,2,1140.54,445.92,1266.06,513.52,0.1204,1.6,1.91,4.61,10.25,1.14,34.46,-1.60,-10.00
9,2,-1.00,-1.00,-1.00,-1.00,0.1193,1.6,1.91,4.50,6.85,1.32,-14.78,-1.58,-10.00
9,2,-1.00,-1.00,-1.00,-1.00,0.1102,1.7,1.99,4.61,-5.88,0.82,-49.58,-1.56,-10.00
9,2,-1.00,-1.00,-1.00,-1.00,0.1099,1.7,1.98,4.63,-7.63,1.05,-52.21,1.61,-10.00
9,2,1583.71,430.18,1600.00,482.34,0.1084,1.7,1.99,4.59,30.20,0.39,45.16,3.09,-10.00
9,2,-1.00,-1.00,-1.00,-1.00,0.1080,1.7,1.93,4.68,12.78,0.75,-27.00,1.45,-10.00
9,2,-1.00,-1.00,-1.00,-1.00,0.1055,1.6,1.97,4.57,14.77,1.31,-28.39,3.12,-10.00
9,2,582.09,499.72,643.41,543.71,0.1012,1.7,1.90,4.49,-8.44,2.91,49.75,1.52,-10.00
9,2,-1.00,-1.00,-1.00,-1.00,0.1003,1.7,1.96,4.51,14.49,0.99,-36.80,3.11,-10.00
9,2,-1.00,-1.00,-1.00,-1.00,0.1002,1.7,1.91,4.56,13.07,0.76,-41.21,1.61,-10.00
10,2,-1.00,-1.00,-1.00,-1.00,0.9104,1.6,1.89,4.59,3.83,1.42,-5.72,-1.56,-10.00
10,2,-1.00,-1.00,-1.00,-1.00,0.8632,1.9,2.08,4.81,0.15,1.33,-12.61,-1.58,-10.00
10,2,-1.00,-1.00,-1.00,-1.00,0.7576,1.8,2.03,4.75,29.80,0.80,37.30,3.11,-10.00
10,2,963.45,462.22,1132.96,527.22,0.6375,1.8,1.95,4.61,6.50,1.67,37.13,3.11,-10.00
10,2,-1.00,-1.00,-1.00,-1.00,0.6068,1.7,1.97,4.54,38.66,0.46,36.98,3.11,-10.00
10,2,-1.00,-1.00,-1.00,-1.00,0.5284,1.8,2.02,4.64,38.50,0.54,40.17,3.10,-10.00
10,2,1089.22,464.87,1244.95,521.20,0.5165,1.7,1.89,4.44,10.76,1.59,39.83,-3.09,-10.00
10,2,-1.00,-1.00,-1.00,-1.00,0.4598,1.8,2.00,4.61,29.78,0.76,40.34,3.14,-10.00
10,2,-1.00,-1.00,-1.00,-1.00,0.4587,2.4,2.30,5.79,-30.12,2.39,26.98,0.03,-10.00
10,2,-1.00,-1.00,-1.00,-1.00,0.4459,1.7,1.98,4.56,30.83,0.97,-28.54,2.95,-10.00
10,2,-1.00,-1.00,-1.00,-1.00,0.4278,1.8,2.05,5.04,-16.35,1.40,-27.12,1.62,-10.00
10,2,1511.52,432.87,1600.00,500.17,0.3202,1.8,2.01,4.66,22.91,0.83,36.57,-3.10,-10.00
10,2,1393.11,432.42,1572.59,495.08,0.2864,1.9,2.02,4.67,20.98,0.75,40.17,3.08,-10.00
10,2,-1.00,-1.00,-1.00,-1.00,0.2337,2.0,2.09,4.99,14.50,1.04,-26.99,-0.06,-10.00
10,2,-1.00,-1.00,-1.00,-1.00,0.2056,1.7,1.92,4.43,30.04,1.03,-26.10,2.86,-10.00
10,2,-1.00,-1.00,-1.00,-1.00,0.1758,1.7,1.95,4.54,-14.90,1.00,-52.35,1.54,-10.00
10,2,-1.00,-1.00,-1.00,-1.00,0.1754,1.8,2.04,4.79,15.01,0.97,-41.54,-0.09,-10.00
10,2,-1.00,-1.00,-1.00,-1.00,0.1751,1.6,1.92,4.60,12.14,0.75,-42.59,1.52,-10.00
10,2,-1.00,-1.00,-1.00,-1.00,0.1352,1.7,2.00,4.70,-49.98,1.14,-8.85,-0.03,-10.00
10,2,-1.00,-1.00,-1.00,-1.00,0.1329,1.7,1.97,4.59,14.44,1.10,-24.37,-3.12,-10.00
10,2,1350.77,440.20,1514.28,496.56,0.1324,1.8,1.98,4.61,20.68,0.86,42.87,-0.07,-10.00
10,2,-1.00,-1.00,-1.00,-1.00,0.1316,1.7,1.93,4.58,13.28,0.72,-51.52,-1.59,-10.00
10,2,-1.00,-1.00,-1.00,-1.00,0.1283,1.8,2.10,4.75,-6.30,0.97,-48.12,-1.53,-10.00
10,2,-1.00,-1.00,-1.00,-1.00,0.1172,1.7,1.94,4.48,38.93,0.34,34.37,3.11,-10.00
10,2,-1.00,-1.00,-1.00,-1.00,0.1062,1.7,1.95,4.51,15.55,1.11,-29.97,3.07,-10.00
10,2,120.14,509.62,287.42,585.72,0.1056,1.7,1.97,4.81,-15.09,2.73,30.69,1.50,-10.00
10,2,207.41,507.96,345.77,575.05,0.1046,1.7,1.98,4.72,-15.07,2.82,34.63,1.51,-10.00
11,2,-1.00,-1.00,-1.00,-1.00,0.8926,1.7,1.91,4.62,4.07,1.38,-3.45,-1.49,-10.00
11,2,-1.00,-1.00,-1.00,-1.00,0.8771,1.8,2.05,4.73,0.13,1.33,-12.42,-1.57,-10.00
11,2,946.16,469.57,1126.68,535.93,0.8460,1.8,2.02,4.73,5.89,1.85,35.61,3.11,-10.00
11,2,-1.00,-1.00,-1.00,-1.00,0.7584,1.7,1.95,4.59,14.91,0.83,-28.51,-0.05,-10.00
11,2,-1.00,-1.00,-1.00,-1.00,0.7316,1.8,2.04,4.76,29.62,0.75,35.76,-3.14,-10.00
11,2,1077.05,461.14,1253.62,524.26,0.5063,1.8,2.06,4.82,10.34,1.64,38.52,3.12,-10.00
11,2,-1.00,-1.00,-1.00,-1.00,0.4790,1.7,1.96,4.52,38.48,0.38,35.61,-0.05,-10.00
11,2,1411.37,432.20,1595.45,495.51,0.4740,1.8,1.96,4.56,20.77,0.73,38.58,3.12,-10.00
11,2,-1.00,-1.00,-1.00,-1.00,0.4446,1.8,2.02,4.67,38.36,0.77,38.66,3.10,-10.00
11,2,-1.00,-1.00,-1.00,-1.00,0.4144,1.7,1.96,4.53,29.84,0.72,38.80,-3.12,-10.00
11,2,1533.41,424.58,1600.00,493.70,0.3414,1.8,1.98,4.58,22.77,0.62,35.27,3.10,-10.00
11,2,-1.00,-1.00,-1.00,-1.00,0.3171,2.4,2.30,5.78,-30.29,2.22,25.40,0.05,-10.00
11,2,-1.00,-1.00,-1.00,-1.00,0.2579,1.7,1.97,4.66,-16.22,1.60,-29.00,1.61,-10.00
11,2,-1.00,-1.00,-1.00,-1.00,0.2329,1.8,1.94,4.52,30.37,0.92,-31.52,0.87,-10.00
11,2,1114.56,481.07,1257.73,530.78,0.2170,1.7,1.97,4.54,12.92,2.17,45.20,-0.03,-10.00
11,2,-1.00,-1.00,-1.00,-1.00,0.2031,1.7,1.91,4.48,-25.89,2.32,19.67,-0.13,-10.00
11,2,-1.00,-1.00,-1.00,-1.00,0.1965,1.8,1.97,4.61,39.50,0.66,41.11,-2.87,-10.00
11,2,1414.41,435.01,1600.00,501.49,0.1862,1.7,2.01,4.69,19.57,0.84,35.65,-3.06,-10.00
11,2,-1.00,-1.00,-1.00,-1.00,0.1593,1.8,2.00,4.68,14.98,0.90,-42.73,3.14,-10.00
11,2,-1.00,-1.00,-1.00,-1.00,0.1573,1.8,2.00,4.64,30.47,0.57,33.10,3.11,-10.00
11,2,-1.00,-1.00,-1.00,-1.00,0.1545,1.7,1.95,4.58,50.11,-0.13,35.03,-1.49,-10.00
11,2,-1.00,-1.00,-1.00,-1.00,0.1478,1.6,1.95,4.50,15.36,0.98,-31.16,-0.09,-10.00
11,2,-1.00,-1.00,-1.00,-1.00,0.1309,1.8,2.01,4.70,37.05,0.71,41.89,3.01,-10.00
11,2,-1.00,-1.00,-1.00,-1.00,0.1269,1.7,1.94,4.70,-11.65,1.30,-51.63,1.55,-10.00
11,2,-1.00,-1.00,-1.00,-1.00,0.1174,1.8,1.96,4.63,28.63,0.85,40.70,-1.59,-10.00
11,2,1363.28,437.80,1535.39,496.78,0.1143,1.8,2.02,4.67,20.64,0.84,41.67,-0.02,-10.00
11,2,-1.00,-1.00,-1.00,-1.00,0.1131,1.6,1.96,4.56,15.72,0.78,-33.53,3.12,-10.00
11,2,-1.00,-1.00,-1.00,-1.00,0.1109,1.8,2.01,4.71,14.06,0.86,-52.09,-1.64,-10.00
11,2,-1.00,-1.00,-1.00,-1.00,0.1071,1.7,1.99,4.70,-16.17,1.41,-25.83,1.59,-10.00
11,2,-1.00,-1.00,-1.00,-1.00,0.1062,1.8,2.08,4.99,-32.38,3.21,34.46,-3.09,-10.00
11,2,-1.00,-1.00,-1.00,-1.00,0.1053,1.7,1.98,4.61,-49.88,1.64,-4.45,-3.14,-10.00
11,2,929.08,479.73,986.98,527.11,0.1048,1.7,1.95,4.66,5.20,2.25,50.07,1.60,-10.00
12,2,-1.00,-1.00,-1.00,-1.00,0.8710,1.8,2.07,4.76,0.04,1.37,-12.28,-1.55,-10.00
12,2,931.29,465.13,1117.70,534.15,0.8293,1.8,2.00,4.72,5.32,1.72,34.13,3.13,-10.00
12,2,-1.00,-1.00,-1.00,-1.00,0.8256,1.8,2.04,4.77,30.03,0.76,34.17,3.14,-10.00
12,2,-1.00,-1.00,-1.00,-1.00,0.7871,1.6,1.87,4.56,4.84,1.45,-1.03,-1.37,-10.00
12,2,-1.00,-1.00,-1.00,-1.00,0.5427,1.7,1.97,4.66,14.67,0.81,-30.04,-3.11,-10.00
12,2,1442.81,439.16,1600.00,503.49,0.4960,1.8,1.96,4.61,21.03,0.94,37.03,3.14,-10.00
12,2,-1.00,-1.00,-1.00,-1.00,0.4744,1.8,2.00,4.57,28.96,1.00,38.86,-1.53,-10.00
12,2,-1.00,-1.00,-1.00,-1.00,0.3110,1.7,1.97,4.51,38.70,0.33,33.89,3.11,-10.00
12,2,1081.52,456.34,1262.72,522.24,0.3101,1.8,2.02,4.75,10.14,1.51,37.04,3.14,-10.00
12,2,-1.00,-1.00,-1.00,-1.00,0.2775,1.8,2.00,4.67,39.12,0.46,36.76,-3.10,-10.00
12,2,1570.03,430.37,1600.00,500.48,0.2217,1.7,1.93,4.37,22.75,0.77,33.65,3.11,-10.00
12,2,-1.00,-1.00,-1.00,-1.00,0.1965,1.7,1.91,4.43,30.18,0.70,37.00,-3.09,-10.00
12,2,-1.00,-1.00,-1.00,-1.00,0.1915,2.4,2.36,5.97,-30.58,2.22,24.28,0.01,-10.00
12,2,-1.00,-1.00,-1.00,-1.00,0.1768,1.7,1.94,4.53,14.76,1.04,-44.03,-0.05,-10.00
12,2,-1.00,-1.00,-1.00,-1.00,0.1711,1.8,2.03,4.72,-31.14,2.33,30.18,0.03,-10.00
12,2,-1.00,-1.00,-1.00,-1.00,0.1568,1.9,2.12,5.17,-16.54,1.58,-30.60,1.60,-10.00
12,2,-1.00,-1.00,-1.00,-1.00,0.1429,1.8,2.08,4.81,-45.08,0.97,-13.59,-1.54,-10.00
12,2,-1.00,-1.00,-1.00,-1.00,0.1404,1.8,2.02,4.77,39.93,0.58,39.10,-2.89,-10.00
12,2,-1.00,-1.00,-1.00,-1.00,0.1382,1.7,2.02,4.60,13.99,0.78,-32.73,-3.12,-10.00
12,2,-1.00,-1.00,-1.00,-1.00,0.1318,1.7,1.97,4.64,33.64,0.77,19.51,-0.21,-10.00
12,2,984.64,466.07,1162.13,531.03,0.1309,1.8,2.00,4.73,7.14,1.76,36.60,3.11,-10.00
12,2,-1.00,-1.00,-1.00,-1.00,0.1229,1.8,1.99,4.64,44.46,2.08,-19.50,-0.05,-10.00
12,2,-1.00,-1.00,-1.00,-1.00,0.1170,1.7,1.98,4.56,17.29,1.16,-45.43,1.54,-10.00
12,2,1292.27,459.10,1377.09,523.08,0.1147,1.6,1.90,4.50,14.16,1.46,35.11,1.90,-10.00
12,2,-1.00,-1.00,-1.00,-1.00,0.1053,1.8,1.99,4.63,51.66,0.16,28.56,-0.10,-10.00
12,2,-1.00,-1.00,-1.00,-1.00,0.1019,1.7,1.94,4.34,26.29,0.92,38.67,1.64,-10.00
12,2,-1.00,-1.00,-1.00,-1.00,0.1006,1.7,1.94,4.50,14.58,1.19,-27.18,-3.08,-10.00
13,2,-1.00,-1.00,-1.00,-1.00,0.8611,1.8,2.08,4.79,-0.05,1.35,-12.13,-1.58,-10.00
13,2,-1.00,-1.00,-1.00,-1.00,0.8429,1.6,1.86,4.51,5.99,1.33,1.02,-1.19,-10.00
13,2,-1.00,-1.00,-1.00,-1.00,0.8376,1.8,2.00,4.70,30.38,0.75,32.65,-3.11,-10.00
13,2,903.69,464.44,1094.59,533.52,0.8100,1.7,2.00,4.74,4.44,1.64,32.84,-3.12,-10.00
13,2,-1.00,-1.00,-1.00,-1.00,0.4256,1.8,2.02,4.65,30.62,0.85,35.81,-3.11,-10.00
13,2,1002.78,462.52,1182.44,530.32,0.3692,1.8,2.01,4.75,7.50,1.69,35.75,-3.07,-10.00
13,2,-1.00,-1.00,-1.00,-1.00,0.3160,1.8,2.02,4.66,23.09,0.66,32.00,-3.14,-10.00
13,2,-1.00,-1.00,-1.00,-1.00,0.2621,1.9,2.07,5.10,-16.72,1.59,-32.02,1.60,-10.00
13,2,-1.00,-1.00,-1.00,-1.00,0.2447,2.7,2.45,6.39,-29.99,2.52,23.23,0.08,-10.00
13,2,1477.28,439.99,1600.00,505.02,0.2339,1.7,1.91,4.49,21.16,0.95,35.41,3.14,-10.00
13,2,-1.00,-1.00,-1.00,-1.00,0.1646,1.8,2.00,4.49,38.11,0.63,33.52,1.56,-10.00
13,2,1224.83,462.86,1322.99,519.02,0.1502,1.8,1.93,4.60,15.49,1.66,43.65,-1.52,-10.00
13,2,-1.00,-1.00,-1.00,-1.00,0.1353,1.8,2.02,4.69,39.74,0.48,31.91,-3.13,-10.00
13,2,-1.00,-1.00,-1.00,-1.00,0.1306,1.8,2.02,4.67,35.79,0.52,35.52,3.13,-10.00
13,2,-1.00,-1.00,-1.00,-1.00,0.1275,1.8,1.97,4.73,-16.40,1.25,-52.36,1.63,-10.00
13,2,-1.00,-1.00,-1.00,-1.00,0.1265,1.6,1.92,4.65,2.28,1.15,-28.65,-1.50,-10.00
13,2,-1.00,-1.00,-1.00,-1.00,0.1184,1.8,1.96,4.57,38.72,0.76,35.42,3.07,-10.00
13,2,-1.00,-1.00,-1.00,-1.00,0.1002,1.9,2.13,5.12,-45.17,1.15,-11.81,-1.52,-10.00
14,2,-1.00,-1.00,-1.00,-1.00,0.8878,1.8,2.06,4.70,-0.21,1.38,-12.02,-1.56,-10.00
14,2,-1.00,-1.00,-1.00,-1.00,0.8609,1.6,1.89,4.62,7.96,1.31,3.18,-1.03,-10.00
14,2,-1.00,-1.00,-1.00,-1.00,0.8091,1.8,2.02,4.75,30.80,0.75,31.12,-3.11,-10.00
14,2,868.96,466.48,1064.31,536.76,0.7622,1.7,1.95,4.62,3.46,1.66,31.57,3.10,-10.00
14,2,1288.15,461.74,1507.96,529.93,0.6881,1.6,1.94,4.59,14.26,1.48,31.46,3.13,-10.00
14,2,1119.47,469.42,1291.52,529.06,0.6199,1.7,1.93,4.51,11.23,1.73,37.36,-3.14,-10.00
14,2,983.67,459.13,1170.41,527.88,0.5140,1.8,1.99,4.71,6.83,1.57,34.53,3.13,-10.00
14,2,-1.00,-1.00,-1.00,-1.00,0.4678,2.6,2.30,5.88,-29.42,2.25,22.52,0.07,-10.00
14,2,-1.00,-1.00,-1.00,-1.00,0.4355,1.7,1.91,4.54,-17.07,1.30,-33.08,1.63,-10.00
14,2,-1.00,-1.00,-1.00,-1.00,0.3870,1.7,1.96,4.54,30.95,0.86,34.30,-3.11,-10.00
14,2,-1.00,-1.00,-1.00,-1.00,0.3238,1.7,1.93,4.54,14.00,1.15,-32.73,0.02,-10.00
14,2,-1.00,-1.00,-1.00,-1.00,0.2657,1.8,2.01,4.65,13.52,1.18,-46.80,-0.03,-10.00
14,2,-1.00,-1.00,-1.00,-1.00,0.2218,1.7,1.92,4.44,13.52,1.55,-41.24,0.06,-10.00
14,2,-1.00,-1.00,-1.00,-1.00,0.2200,1.8,2.05,4.71,-31.42,2.47,28.98,0.17,-10.00
14,2,-1.00,-1.00,-1.00,-1.00,0.1846,1.7,1.96,4.53,22.50,0.82,31.94,1.66,-10.00
14,2,1500.68,437.37,1600.00,508.82,0.1747,1.8,2.03,4.74,21.31,1.01,34.11,-3.12,-10.00
14,2,-1.00,-1.00,-1.00,-1.00,0.1488,1.6,1.90,4.55,-8.64,1.32,-28.64,-1.48,-10.00
14,2,-1.00,-1.00,-1.00,-1.00,0.1392,1.9,2.00,4.60,-0.45,1.05,-30.52,-1.55,-10.00
14,2,-1.00,-1.00,-1.00,-1.00,0.1382,1.6,1.97,4.80,15.72,1.47,-33.86,1.54,-10.00
14,2,1538.24,431.16,1600.00,505.31,0.1308,1.7,1.95,4.50,20.61,0.83,31.28,-2.98,-10.00
14,2,121.82,500.58,294.68,575.14,0.1272,1.7,1.95,4.70,-15.09,2.52,30.92,1.56,-10.00
14,2,-1.00,-1.00,-1.00,-1.00,0.1168,1.7,1.98,4.56,13.99,1.07,-43.97,0.02,-10.00
14,2,1424.79,478.33,1526.46,533.86,0.1135,1.7,1.99,4.63,21.49,2.11,41.68,1.83,-10.00
14,2,-1.00,-1.00,-1.00,-1.00,0.1130,1.6,1.96,4.68,12.05,1.23,-48.55,1.57,-10.00
14,2,-1.00,-1.00,-1.00,-1.00,0.1054,1.7,1.98,4.70,-17.13,1.23,-36.16,1.59,-10.00
14,2,1007.43,472.41,1182.40,533.19,0.1044,1.7,2.02,4.76,7.93,1.86,37.36,-3.13,-10.00
14,2,-1.00,-1.00,-1.00,-1.00,0.1030,1.9,2.07,4.84,-0.21,1.37,-27.45,-1.56,-10.00
14,2,123.69,492.76,233.35,540.11,0.1002,1.7,1.91,4.60,-24.49,2.65,47.54,1.53,-10.00
15,2,-1.00,-1.00,-1.00,-1.00,0.8891,1.8,2.06,4.71,-0.29,1.39,-11.88,-1.56,-10.00
15,2,-1.00,-1.00,-1.00,-1.00,0.8474,1.5,1.90,4.66,10.41,1.22,5.05,-0.91,-10.00
15,2,1279.06,458.12,1507.46,530.23,0.7113,1.6,1.93,4.57,13.54,1.42,30.15,-3.12,-10.00
15,2,806.98,465.61,1013.76,539.40,0.7038,1.7,1.96,4.64,1.96,1.65,30.20,2.99,-10.00
15,2,1503.16,436.07,1600.00,509.42,0.6985,1.8,2.04,4.83,20.77,0.99,32.90,-3.10,-10.00
15,2,-1.00,-1.00,-1.00,-1.00,0.6247,2.3,2.26,5.69,-29.17,2.02,21.74,0.05,-10.00
15,2,1071.96,482.37,1247.90,541.26,0.5994,1.6,1.92,4.56,9.55,2.04,36.19,-3.11,-10.00
15,2,-1.00,-1.00,-1.00,-1.00,0.5204,1.8,1.93,4.54,31.55,0.62,29.66,-3.11,-10.00
15,2,-1.00,-1.00,-1.00,-1.00,0.4570,1.7,1.93,4.60,-17.56,1.30,-33.61,1.60,-10.00
15,2,949.14,470.44,1134.89,534.36,0.3502,1.6,1.94,4.63,5.66,1.69,33.40,-3.11,-10.00
15,2,-1.00,-1.00,-1.00,-1.00,0.2964,1.7,1.96,4.63,13.05,0.96,-48.39,0.19,-10.00
15,2,-1.00,-1.00,-1.00,-1.00,0.2466,1.7,1.95,4.69,12.68,1.15,-35.14,-1.62,-10.00
15,2,-1.00,-1.00,-1.00,-1.00,0.2288,1.7,1.94,4.79,14.98,1.30,-34.91,1.56,-10.00
15,2,-1.00,-1.00,-1.00,-1.00,0.2110,2.0,2.15,5.04,-0.54,1.40,-26.89,-1.53,-10.00
15,2,901.95,448.68,970.55,506.48,0.2005,1.8,2.00,4.70,3.89,1.25,45.19,-1.58,-10.00
15,2,-1.00,-1.00,-1.00,-1.00,0.1945,1.7,2.00,4.61,-28.90,2.72,27.80,-0.04,-10.00
15,2,932.65,474.41,1105.85,535.98,0.1740,1.7,2.03,4.80,5.54,1.90,36.54,-3.08,-10.00
15,2,1473.77,451.81,1600.00,516.85,0.1585,1.7,1.96,4.53,21.18,1.29,35.56,-3.08,-10.00
15,2,-1.00,-1.00,-1.00,-1.00,0.1424,1.7,1.99,4.68,1.93,1.65,-29.36,-1.52,-10.00
15,2,-1.00,-1.00,-1.00,-1.00,0.1349,1.6,1.94,4.50,13.40,1.03,-45.22,0.02,-10.00
15,2,992.24,466.89,1067.22,518.11,0.1254,1.7,1.96,4.66,7.59,1.77,47.23,-1.59,-10.00
15,2,813.80,494.59,872.85,538.29,0.1248,1.7,1.92,4.62,0.73,2.76,50.91,-1.46,-10.00
15,2,-1.00,-1.00,-1.00,-1.00,0.1231,1.7,1.99,4.70,-17.57,1.32,-36.97,1.57,-10.00
15,2,-1.00,-1.00,-1.00,-1.00,0.1215,1.6,1.82,4.27,30.38,1.20,32.80,-3.12,-10.00
15,2,-1.00,-1.00,-1.00,-1.00,0.1199,1.8,1.97,4.56,41.10,0.45,28.64,2.66,-10.00
15,2,-1.00,-1.00,-1.00,-1.00,0.1198,1.8,1.99,4.58,41.23,0.83,32.20,3.04,-10.00
15,2,-1.00,-1.00,-1.00,-1.00,0.1175,1.9,2.07,4.97,-29.07,2.35,18.54,0.07,-10.00
15,2,-1.00,-1.00,-1.00,-1.00,0.1127,1.6,1.86,4.43,12.22,1.31,-43.36,1.54,-10.00
15,2,-1.00,-1.00,-1.00,-1.00,0.1114,1.9,2.03,4.86,-1.68,0.85,-29.78,-1.53,-10.00
15,2,595.88,481.87,660.30,526.25,0.1112,1.7,1.91,4.49,-8.00,2.25,50.84,1.57,-10.00
15,2,-1.00,-1.00,-1.00,-1.00,0.1063,1.7,1.97,4.49,26.29,0.65,29.66,3.10,-10.00
15,2,1376.98,452.62,1575.27,516.60,0.1049,1.7,2.00,4.67,18.64,1.31,36.09,3.06,-10.00
15,2,-1.00,-1.00,-1.00,-1.00,0.1040,1.8,2.05,4.76,-17.85,1.47,-40.33,1.58,-10.00
15,2,-1.00,-1.00,-1.00,-1.00,0.1024,1.6,1.94,4.58,6.80,1.16,-50.24,-1.57,-10.00
16,2,-1.00,-1.00,-1.00,-1.00,0.8963,1.8,2.04,4.72,-0.36,1.43,-11.66,-1.54,-10.00
16,2,719.74,469.57,938.93,546.86,0.7621,1.7,1.95,4.62,0.04,1.73,28.59,2.85,-10.00
16,2,649.67,474.95,831.73,540.83,0.7127,1.6,1.92,4.58,-2.17,1.82,32.65,-3.13,-10.00
16,2,1234.70,462.87,1477.06,539.50,0.6790,1.7,2.00,4.75,12.22,1.60,29.17,-3.12,-10.00
16,2,-1.00,-1.00,-1.00,-1.00,0.6638,2.5,2.23,5.63,-28.86,2.02,21.09,0.08,-10.00
16,2,-1.00,-1.00,-1.00,-1.00,0.6311,1.7,1.94,4.66,-17.76,1.25,-34.24,1.65,-10.00
16,2,-1.00,-1.00,-1.00,-1.00,0.6110,1.5,1.89,4.55,13.51,1.17,7.17,-0.74,-10.00
16,2,1034.27,470.20,1213.89,532.57,0.5783,1.6,1.98,4.69,8.30,1.74,35.35,-3.04,-10.00
16,2,-1.00,-1.00,-1.00,-1.00,0.5161,1.7,1.93,4.52,13.29,1.14,-34.70,0.05,-10.00
16,2,-1.00,-1.00,-1.00,-1.00,0.4145,1.7,1.95,4.60,32.14,0.87,28.39,-3.13,-10.00
16,2,1493.71,438.85,1600.00,517.33,0.3528,1.8,2.14,5.08,20.16,1.16,31.94,-3.08,-10.00
16,2,-1.00,-1.00,-1.00,-1.00,0.3183,1.7,2.00,4.66,-29.42,2.55,26.95,0.03,-10.00
16,2,-1.00,-1.00,-1.00,-1.00,0.2894,1.7,1.96,4.55,12.66,1.16,-48.86,-0.01,-10.00
16,2,-1.00,-1.00,-1.00,-1.00,0.2834,1.6,1.94,4.55,10.53,1.53,-44.20,1.54,-10.00
16,2,-1.00,-1.00,-1.00,-1.00,0.2434,1.7,1.91,4.56,28.17,1.07,-38.91,-2.03,-10.00
16,2,1434.90,458.93,1600.00,522.49,0.2099,1.7,1.95,4.55,19.90,1.44,35.26,-3.10,-10.00
16,2,-1.00,-1.00,-1.00,-1.00,0.1742,1.7,1.95,4.52,22.81,1.11,28.40,3.07,-10.00
16,2,608.45,488.78,679.28,533.38,0.1605,1.7,1.90,4.44,-7.27,2.53,50.25,1.64,-10.00
16,2,1085.39,461.09,1248.43,519.36,0.1494,1.8,2.04,4.73,11.18,1.60,41.34,3.01,-10.00
16,2,-1.00,-1.00,-1.00,-1.00,0.1258,1.6,1.92,4.47,13.57,1.18,-31.90,0.05,-10.00
16,2,-1.00,-1.00,-1.00,-1.00,0.1230,1.7,1.98,4.67,-17.92,1.16,-37.75,1.58,-10.00
16,2,283.83,456.65,366.72,505.73,0.1122,1.8,1.98,4.51,-20.49,1.40,51.40,-1.68,-10.00
16,2,-1.00,-1.00,-1.00,-1.00,0.1081,1.8,2.05,4.73,-19.19,1.97,-51.70,1.59,-10.00
16,2,-1.00,-1.00,-1.00,-1.00,0.1065,1.6,1.91,4.46,12.56,1.34,-43.60,0.05,-10.00
16,2,-1.00,-1.00,-1.00,-1.00,0.1018,1.8,2.00,4.70,-30.63,2.34,24.12,-0.06,-10.00
17,2,-1.00,-1.00,-1.00,-1.00,0.8967,1.8,2.09,4.80,-0.41,1.44,-11.40,-1.53,-10.00
17,2,-1.00,-1.00,-1.00,-1.00,0.7934,1.7,1.93,4.63,17.14,1.05,8.91,-0.60,-10.00
17,2,605.83,461.07,840.80,546.63,0.7404,1.7,1.93,4.58,-2.18,1.60,26.65,2.67,-10.00
17,2,975.09,464.37,1156.12,529.86,0.7241,1.7,1.99,4.72,6.50,1.62,34.57,-3.04,-10.00
17,2,-1.00,-1.00,-1.00,-1.00,0.6884,2.6,2.32,5.91,-28.57,2.08,20.58,0.05,-10.00
17,2,478.09,473.21,679.16,543.62,0.6430,1.7,1.97,4.70,-6.26,1.86,32.00,-3.10,-10.00
17,2,1183.72,454.08,1434.63,533.34,0.6087,1.7,2.03,4.86,10.82,1.41,28.40,-3.11,-10.00
17,2,-1.00,-1.00,-1.00,-1.00,0.5674,1.8,2.00,4.79,-18.17,1.51,-34.89,1.62,-10.00
17,2,-1.00,-1.00,-1.00,-1.00,0.4740,1.8,2.04,4.84,21.88,0.97,27.35,3.14,-10.00
17,2,1474.15,444.32,1600.00,522.22,0.3999,1.8,2.11,5.00,19.06,1.25,30.90,-3.10,-10.00
17,2,-1.00,-1.00,-1.00,-1.00,0.3732,1.8,2.07,4.73,2.13,1.09,-50.51,-1.49,-10.00
17,2,1083.20,459.36,1251.82,521.69,0.2541,1.9,2.10,4.91,11.11,1.66,40.92,2.84,-10.00
17,2,-1.00,-1.00,-1.00,-1.00,0.2060,1.8,1.96,4.82,12.65,1.24,-36.59,1.60,-10.00
17,2,609.40,483.53,676.76,531.57,0.2006,1.8,1.98,4.66,-7.19,2.41,49.54,-1.57,-10.00
17,2,-1.00,-1.00,-1.00,-1.00,0.1945,1.8,2.05,4.76,32.40,0.57,28.40,-2.95,-10.00
17,2,-1.00,-1.00,-1.00,-1.00,0.1855,1.7,1.94,4.59,12.19,1.00,-49.95,0.06,-10.00
17,2,1039.24,466.62,1265.78,546.04,0.1603,1.7,1.99,4.68,7.31,1.70,28.52,-3.07,-10.00
17,2,-1.00,-1.00,-1.00,-1.00,0.1545,1.8,2.04,4.78,34.14,1.01,33.48,-3.13,-10.00
17,2,859.70,474.82,911.73,521.64,0.1501,1.7,1.96,4.59,2.35,2.02,49.94,-1.53,-10.00
17,2,1332.42,453.18,1545.25,520.76,0.1493,1.7,2.02,4.76,16.58,1.35,34.09,3.11,-10.00
17,2,-1.00,-1.00,-1.00,-1.00,0.1466,1.7,1.99,4.69,-18.32,1.37,-38.21,1.57,-10.00
17,2,-1.00,-1.00,-1.00,-1.00,0.1438,1.8,2.01,4.73,32.75,1.39,37.10,-3.08,-10.00
17,2,1453.56,458.24,1600.00,526.03,0.1405,1.7,1.96,4.58,19.83,1.49,34.01,-3.08,-10.00
17,2,-1.00,-1.00,-1.00,-1.00,0.1376,1.7,1.97,4.63,31.95,0.71,30.74,-3.07,-10.00
17,2,-1.00,-1.00,-1.00,-1.00,0.1303,1.8,2.02,4.70,44.88,1.10,21.69,-0.12,-10.00
17,2,-1.00,-1.00,-1.00,-1.00,0.1294,1.7,2.01,4.58,-19.19,1.62,-50.51,1.60,-10.00
17,2,-1.00,-1.00,-1.00,-1.00,0.1292,1.8,2.00,4.63,39.10,0.34,27.45,-2.91,-10.00
17,2,-1.00,-1.00,-1.00,-1.00,0.1222,1.9,2.03,4.85,-29.61,2.50,26.19,-3.13,-10.00
17,2,-1.00,-1.00,-1.00,-1.00,0.1205,2.6,2.27,6.06,16.29,1.35,-19.64,1.54,-10.00
17,2,-1.00,-1.00,-1.00,-1.00,0.1201,1.8,2.04,4.82,-47.20,0.25,-23.18,-0.25,-10.00
17,2,1049.40,467.55,1204.23,520.20,0.1182,1.7,2.05,4.81,10.45,1.72,43.76,2.93,-10.00
17,2,-1.00,-1.00,-1.00,-1.00,0.1173,1.8,1.98,4.58,41.89,0.21,2.22,-0.01,-10.00
17,2,1581.13,465.70,1600.00,527.05,0.1142,1.7,1.97,4.54,25.53,1.68,37.54,-3.07,-10.00
17,2,-1.00,-1.00,-1.00,-1.00,0.1119,1.8,1.98,4.57,-30.88,2.27,23.78,-0.02,-10.00
17,2,-1.00,-1.00,-1.00,-1.00,0.1115,1.7,1.95,4.54,26.80,0.99,27.18,-0.03,-10.00
17,2,-1.00,-1.00,-1.00,-1.00,0.1103,1.8,2.01,4.68,-18.63,1.66,-44.03,1.60,-10.00
17,2,-1.00,-1.00,-1.00,-1.00,0.1090,1.8,1.97,4.53,38.55,-0.43,-5.32,-0.07,-10.00
17,2,-1.00,-1.00,-1.00,-1.00,0.1084,1.8,1.96,4.58,28.95,0.82,29.15,-3.03,-10.00
17,2,-1.00,-1.00,-1.00,-1.00,0.1062,1.7,2.01,4.64,41.63,0.84,21.85,-3.11,-10.00
17,2,275.48,450.15,364.65,499.11,0.1037,1.7,1.99,4.51,-20.45,1.10,50.78,1.51,-10.00
17,2,-1.00,-1.00,-1.00,-1.00,0.1015,1.7,1.92,4.42,-35.54,2.46,22.58,0.21,-10.00
17,2,-1.00,-1.00,-1.00,-1.00,0.1004,1.7,1.96,4.57,14.53,1.43,-35.59,-3.09,-10.00
18,2,-1.00,-1.00,-1.00,-1.00,0.8890,1.8,2.10,4.86,-0.45,1.49,-11.01,-1.53,-10.00
18,2,-1.00,-1.00,-1.00,-1.00,0.7465,1.6,1.89,4.49,20.92,0.82,10.06,-0.49,-10.00
18,2,462.73,452.79,731.56,550.65,0.7226,1.7,1.99,4.74,-4.38,1.53,24.32,2.48,-10.00
18,2,1115.80,447.58,1357.69,528.16,0.7004,1.7,1.97,4.69,8.98,1.26,27.74,-3.11,-10.00
18,2,-1.00,-1.00,-1.00,-1.00,0.6626,1.8,1.96,4.62,31.67,0.32,26.69,-3.07,-10.00
18,2,878.54,461.93,1059.38,527.26,0.6601,1.7,1.99,4.74,3.80,1.53,34.15,-3.10,-10.00
18,2,-1.00,-1.00,-1.00,-1.00,0.5832,2.5,2.23,5.63,-28.59,2.09,20.16,0.05,-10.00
18,2,-1.00,-1.00,-1.00,-1.00,0.4705,1.8,2.01,4.71,31.68,0.60,29.95,-3.09,-10.00
18,2,-1.00,-1.00,-1.00,-1.00,0.4618,1.7,1.96,4.65,19.98,0.96,26.58,3.12,-10.00
18,2,1364.11,433.68,1600.00,514.20,0.4599,1.8,2.09,4.99,16.03,1.03,30.44,-3.07,-10.00
18,2,264.00,469.61,486.22,542.15,0.4114,1.7,2.04,4.86,-11.31,1.80,31.64,-3.12,-10.00
18,2,-1.00,-1.00,-1.00,-1.00,0.2947,1.7,1.99,4.53,1.68,1.41,-45.57,-1.58,-10.00
18,2,-1.00,-1.00,-1.00,-1.00,0.2832,1.7,1.98,4.64,-18.35,1.47,-38.63,1.59,-10.00
18,2,-1.00,-1.00,-1.00,-1.00,0.2688,1.7,1.97,4.62,12.81,1.55,-36.32,0.12,-10.00
18,2,-1.00,-1.00,-1.00,-1.00,0.2365,1.7,2.05,4.79,-30.95,2.38,23.35,-0.08,-10.00
18,2,-1.00,-1.00,-1.00,-1.00,0.2187,1.8,1.96,4.61,31.15,0.93,32.82,-3.08,-10.00
18,2,-1.00,-1.00,-1.00,-1.00,0.2025,1.8,1.97,4.60,-18.34,1.61,-35.51,1.64,-10.00
18,2,-1.00,-1.00,-1.00,-1.00,0.1874,1.8,2.01,4.60,-35.75,2.69,22.59,0.31,-10.00
18,2,1463.19,445.03,1600.00,529.64,0.1857,1.7,1.99,4.70,16.73,1.27,27.25,-3.08,-10.00
18,2,-1.00,-1.00,-1.00,-1.00,0.1840,1.7,1.98,4.63,-28.92,2.46,26.15,0.07,-10.00
18,2,-1.00,-1.00,-1.00,-1.00,0.1514,1.7,1.99,4.75,20.93,0.95,23.60,3.00,-10.00
18,2,-1.00,-1.00,-1.00,-1.00,0.1318,1.8,2.01,4.70,-47.31,0.68,-21.70,0.17,-10.00
18,2,-1.00,-1.00,-1.00,-1.00,0.1182,1.8,2.03,4.73,2.45,1.40,-47.71,-1.53,-10.00
18,2,848.47,489.14,906.40,533.42,0.1173,1.7,1.87,4.55,1.98,2.51,50.02,-1.62,-10.00
18,2,-1.00,-1.00,-1.00,-1.00,0.1141,1.7,2.00,4.61,0.57,1.43,-42.92,-1.59,-10.00
18,2,-1.00,-1.00,-1.00,-1.00,0.1119,1.7,1.98,4.56,41.96,-0.04,1.41,-0.00,-10.00
18,2,-1.00,-1.00,-1.00,-1.00,0.1094,1.7,1.94,4.51,9.62,1.16,-52.04,1.60,-10.00
18,2,-1.00,-1.00,-1.00,-1.00,0.1049,1.8,1.99,4.65,12.10,1.66,-45.21,0.13,-10.00
18,2,282.14,452.98,373.66,501.97,0.1028,1.7,1.96,4.58,-20.06,1.22,50.62,1.54,-10.00
18,2,1249.66,442.49,1480.29,517.89,0.1022,1.7,1.99,4.67,12.89,1.12,30.25,-3.07,-10.00
19,2,-1.00,-1.00,-1.00,-1.00,0.8932,1.8,2.10,4.88,-0.47,1.49,-10.59,-1.51,-10.00
19,2,1021.57,445.75,1267.91,530.72,0.7911,1.7,2.01,4.77,6.81,1.29,27.19,3.10,-10.00
19,2,-1.00,-1.00,-1.00,-1.00,0.7311,1.8,2.03,4.77,30.81,0.29,26.27,-3.11,-10.00
19,2,1511.34,419.82,1600.00,504.01,0.6649,1.6,1.88,4.40,17.13,0.67,26.30,-3.09,-10.00
19,2,765.72,466.22,940.79,531.16,0.6538,1.6,1.94,4.59,0.76,1.63,33.86,-3.07,-10.00
19,2,-1.00,-1.00,-1.00,-1.00,0.6327,1.8,2.01,4.68,30.78,0.27,29.52,-3.12,-10.00
19,2,-1.00,-1.00,-1.00,-1.00,0.6195,2.5,2.30,5.93,-28.42,2.28,19.84,0.07,-10.00
19,2,264.96,454.83,575.71,571.48,0.5734,1.8,1.95,4.68,-6.83,1.67,21.46,2.33,-10.00
19,2,-1.00,-1.00,-1.00,-1.00,0.4176,1.7,1.92,4.39,39.10,0.02,25.55,-3.14,-10.00
19,2,-1.00,-1.00,-1.00,-1.00,0.3947,2.1,2.13,5.11,-18.49,1.78,-35.27,1.61,-10.00
19,2,-1.00,-1.00,-1.00,-1.00,0.3931,1.6,1.98,4.74,25.24,0.16,11.13,-0.27,-10.00
19,2,-1.00,-1.00,-1.00,-1.00,0.3469,1.8,1.99,4.64,1.84,1.51,-41.26,-1.52,-10.00
19,2,-1.00,-1.00,-1.00,-1.00,0.3159,1.7,1.93,4.51,-29.81,2.51,25.90,-0.01,-10.00
19,2,-1.00,-1.00,-1.00,-1.00,0.3147,1.9,2.06,4.82,27.79,0.42,32.73,3.12,-10.00
19,2,-1.00,-1.00,-1.00,-1.00,0.3118,1.7,1.99,4.63,39.56,-0.08,28.35,-2.99,-10.00
19,2,-1.00,-1.00,-1.00,-1.00,0.3043,1.6,1.90,4.47,12.74,1.44,-36.74,-0.02,-10.00
19,2,-1.00,-1.00,-1.00,-1.00,0.2574,1.7,1.97,4.68,-18.33,1.78,-39.75,1.64,-10.00
19,2,97.86,459.68,345.19,544.45,0.2237,2.0,2.13,5.17,-15.13,1.85,31.55,-3.12,-10.00
19,2,1274.55,421.88,1537.01,509.89,0.2219,1.9,2.16,5.24,13.78,0.91,30.09,-3.08,-10.00
19,2,-1.00,-1.00,-1.00,-1.00,0.2141,1.7,1.95,4.55,-30.42,2.31,23.36,-0.01,-10.00
19,2,-1.00,-1.00,-1.00,-1.00,0.2019,1.7,1.93,4.49,12.11,1.54,-45.58,0.11,-10.00
19,2,861.45,474.78,911.32,519.91,0.1641,1.6,1.90,4.59,2.39,1.97,50.46,-1.53,-10.00
19,2,0.00,465.00,124.72,515.49,0.1457,1.8,1.93,4.68,-29.75,1.72,48.88,1.61,-10.00
19,2,-1.00,-1.00,-1.00,-1.00,0.1317,1.6,1.92,4.63,14.53,1.68,-38.15,1.57,-10.00
19,2,671.60,474.57,734.87,523.99,0.1295,1.6,1.98,4.79,-4.44,1.93,45.66,1.54,-10.00
19,2,-1.00,-1.00,-1.00,-1.00,0.1293,1.7,1.92,4.41,44.96,0.17,0.98,0.05,-10.00
19,2,-1.00,-1.00,-1.00,-1.00,0.1283,1.7,1.97,4.58,36.99,0.43,29.07,-3.06,-10.00
19,2,1053.47,454.23,1204.35,509.97,0.1245,1.8,2.03,4.70,10.29,1.32,42.93,-3.09,-10.00
19,2,-1.00,-1.00,-1.00,-1.00,0.1080,1.7,2.00,4.60,-1.25,1.47,-22.60,-1.54,-10.00
19,2,557.99,478.54,632.74,528.04,0.1057,1.7,1.92,4.62,-8.53,2.13,46.61,1.57,-10.00
19,2,-1.00,-1.00,-1.00,-1.00,0.1006,1.7,1.95,4.58,25.93,0.34,34.07,-1.64,-10.00
20,2,-1.00,-1.00,-1.00,-1.00,0.9030,1.8,2.08,4.95,-0.46,1.52,-9.91,-1.52,-10.00
20,2,0.00,451.77,401.61,594.80,0.7533,1.8,2.02,4.98,-8.92,1.69,18.24,2.16,-10.00
20,2,912.37,448.29,1158.44,533.36,0.7317,1.7,2.00,4.75,4.37,1.32,26.65,3.00,-10.00
20,2,619.20,468.21,800.60,532.01,0.7288,1.6,1.95,4.62,-3.10,1.65,33.88,-3.07,-10.00
20,2,-1.00,-1.00,-1.00,-1.00,0.7254,1.8,2.01,4.73,30.36,0.18,26.01,-3.10,-10.00
20,2,-1.00,-1.00,-1.00,-1.00,0.6571,1.8,2.00,4.67,29.99,0.26,29.41,3.10,-10.00
20,2,-1.00,-1.00,-1.00,-1.00,0.6433,1.7,1.94,4.52,38.90,-0.06,25.06,-3.05,-10.00
20,2,-1.00,-1.00,-1.00,-1.00,0.5890,2.0,2.21,5.53,-18.47,2.01,-35.53,1.63,-10.00
20,2,0.00,473.13,103.39,548.94,0.5731,1.8,2.04,4.77,-21.21,1.97,31.67,-3.03,-10.00
20,2,-1.00,-1.00,-1.00,-1.00,0.5251,2.5,2.26,5.76,-28.73,2.11,19.58,0.07,-10.00
20,2,1406.24,416.69,1600.00,505.13,0.5158,1.7,1.99,4.68,15.04,0.69,26.40,-3.08,-10.00
20,2,-1.00,-1.00,-1.00,-1.00,0.4719,1.6,1.91,4.35,39.30,-0.10,28.21,-3.06,-10.00
20,2,-1.00,-1.00,-1.00,-1.00,0.4097,1.8,2.01,4.63,1.83,1.58,-36.49,-1.56,-10.00
20,2,-1.00,-1.00,-1.00,-1.00,0.3763,2.0,2.16,5.23,-30.90,2.28,26.50,-2.98,-10.00
20,2,-1.00,-1.00,-1.00,-1.00,0.3031,1.8,1.97,4.55,-27.76,2.30,26.11,-0.01,-10.00
20,2,-1.00,-1.00,-1.00,-1.00,0.2923,1.9,2.15,5.14,27.19,0.23,32.55,3.06,-10.00
20,2,-1.00,-1.00,-1.00,-1.00,0.2850,1.6,1.87,4.40,-24.31,2.94,29.32,-3.10,-10.00
20,2,583.68,474.91,663.43,530.86,0.2717,1.6,1.84,4.31,-6.34,1.90,39.56,1.56,-10.00
20,2,-1.00,-1.00,-1.00,-1.00,0.2588,1.6,1.92,4.53,12.38,1.41,-36.86,-0.05,-10.00
20,2,-1.00,-1.00,-1.00,-1.00,0.2203,1.8,2.05,4.83,29.81,0.24,22.73,-3.13,-10.00
20,2,-1.00,-1.00,-1.00,-1.00,0.1857,1.7,1.95,4.57,-29.25,2.77,28.85,0.05,-10.00
20,2,-1.00,-1.00,-1.00,-1.00,0.1729,1.7,1.94,4.50,12.15,1.78,-45.69,0.04,-10.00
20,2,1189.79,429.82,1291.50,491.14,0.1522,1.7,1.89,4.52,13.38,0.59,40.77,1.60,-10.00
20,2,-1.00,-1.00,-1.00,-1.00,0.1215,1.8,2.01,4.63,-37.35,2.28,21.44,0.09,-10.00
20,2,1267.60,448.91,1477.98,519.80,0.1154,1.7,2.00,4.62,14.31,1.28,33.00,3.11,-10.00
20,2,-1.00,-1.00,-1.00,-1.00,0.1136,1.7,1.97,4.67,29.68,-0.21,11.97,-0.23,-10.00
20,2,-1.00,-1.00,-1.00,-1.00,0.1062,1.7,2.00,4.66,-14.29,2.23,-47.94,1.58,-10.00
20,2,-1.00,-1.00,-1.00,-1.00,0.1060,1.7,1.96,4.59,15.71,1.60,-37.22,0.09,-10.00
20,2,-1.00,-1.00,-1.00,-1.00,0.1054,1.7,2.00,4.69,-17.79,1.80,-29.52,1.65,-10.00
20,2,869.15,464.44,919.71,512.87,0.1019,1.8,1.94,4.72,2.74,1.69,51.09,-1.53,-10.00
20,2,-1.00,-1.00,-1.00,-1.00,0.1014,1.7,1.97,4.54,10.84,1.87,-52.20,1.57,-10.00
20,2,-1.00,-1.00,-1.00,-1.00,0.1014,1.6,1.98,4.64,-0.88,1.54,-24.02,-1.56,-10.00
20,2,484.30,467.74,677.00,535.43,0.1009,1.7,2.02,4.76,-6.59,1.75,33.91,-3.09,-10.00
21,2,-1.00,-1.00,-1.00,-1.00,0.9015,1.8,2.06,4.78,-0.37,1.54,-9.15,-1.55,-10.00
21,2,-1.00,-1.00,-1.00,-1.00,0.7909,1.7,1.97,4.59,2.09,1.61,-32.19,-1.49,-10.00
21,2,0.00,463.03,184.98,639.86,0.6851,1.7,2.02,5.04,-10.66,1.82,15.06,2.01,-10.00
21,2,810.26,442.50,1067.55,533.89,0.6708,1.8,2.05,4.87,2.30,1.30,25.97,2.83,-10.00
21,2,463.88,471.55,654.26,534.54,0.6533,1.6,1.97,4.69,-7.19,1.73,33.99,-3.08,-10.00
21,2,-1.00,-1.00,-1.00,-1.00,0.6233,1.8,1.98,4.63,29.04,0.21,29.28,-3.12,-10.00
21,2,-1.00,-1.00,-1.00,-1.00,0.6221,1.8,2.04,4.69,-18.44,2.17,-36.09,1.60,-10.00
21,2,1321.62,434.43,1594.05,522.04,0.5489,1.7,1.98,4.67,13.16,1.06,26.38,-3.06,-10.00
21,2,-1.00,-1.00,-1.00,-1.00,0.5202,1.8,2.03,4.78,29.24,0.22,26.01,-3.12,-10.00
21,2,-1.00,-1.00,-1.00,-1.00,0.4442,1.8,2.03,4.77,33.65,-0.18,12.26,3.04,-10.00
21,2,-1.00,-1.00,-1.00,-1.00,0.4418,1.8,2.06,4.86,-24.96,2.23,31.70,-3.11,-10.00
21,2,-1.00,-1.00,-1.00,-1.00,0.4068,1.9,2.11,4.98,-31.02,2.24,26.06,-3.06,-10.00
21,2,-1.00,-1.00,-1.00,-1.00,0.3672,2.5,2.24,5.69,-28.21,2.05,19.38,0.09,-10.00
21,2,1214.70,432.66,1419.83,503.44,0.3611,1.7,1.99,4.70,13.09,0.85,33.67,-3.10,-10.00
21,2,-1.00,-1.00,-1.00,-1.00,0.3090,1.9,2.11,4.78,-0.67,-1.27,-52.39,-1.36,-10.00
21,2,-1.00,-1.00,-1.00,-1.00,0.2972,1.8,2.09,4.93,25.27,0.60,32.32,-3.12,-10.00
21,2,992.44,429.26,1211.27,513.21,0.2628,1.9,2.03,4.81,6.52,1.00,30.13,-3.11,-10.00
21,2,-1.00,-1.00,-1.00,-1.00,0.2226,1.7,1.97,4.65,12.25,1.37,-37.15,-0.07,-10.00
21,2,1540.22,437.87,1600.00,504.09,0.1676,1.8,2.01,4.64,23.96,0.95,36.90,-3.02,-10.00
21,2,-1.00,-1.00,-1.00,-1.00,0.1588,1.6,2.00,4.65,-26.96,2.37,25.69,-3.09,-10.00
21,2,-1.00,-1.00,-1.00,-1.00,0.1525,1.6,1.91,4.42,-24.01,2.61,29.22,0.03,-10.00
21,2,-1.00,-1.00,-1.00,-1.00,0.1481,1.9,2.09,4.93,30.03,0.53,32.36,3.13,-10.00
21,2,-1.00,-1.00,-1.00,-1.00,0.1381,1.8,2.01,4.64,39.23,0.07,25.18,-3.10,-10.00
21,2,564.97,468.98,643.64,525.82,0.1326,1.7,1.97,4.65,-7.46,1.82,41.72,1.26,-10.00
21,2,-1.00,-1.00,-1.00,-1.00,0.1298,1.8,1.99,4.63,38.69,0.49,27.90,-3.12,-10.00
21,2,-1.00,-1.00,-1.00,-1.00,0.1200,1.9,1.99,4.65,28.84,-0.04,3.94,3.00,-10.00
21,2,-1.00,-1.00,-1.00,-1.00,0.1076,1.8,2.07,4.58,8.02,2.12,-52.71,-1.46,-10.00
21,2,-1.00,-1.00,-1.00,-1.00,0.1031,1.8,1.98,4.63,-29.39,2.57,28.82,0.04,-10.00
21,2,866.89,465.68,923.78,512.72,0.1016,1.7,1.92,4.64,2.75,1.68,51.03,-1.60,-10.00
21,2,583.80,469.41,670.00,527.77,0.1001,1.7,1.96,4.50,-6.24,1.80,39.62,1.58,-10.00
22,2,-1.00,-1.00,-1.00,-1.00,0.9042,1.8,2.12,4.97,-0.30,1.48,-8.42,-1.56,-10.00
22,2,-1.00,-1.00,-1.00,-1.00,0.8559,1.7,1.98,4.55,2.31,1.52,-26.84,-1.54,-10.00
22,2,658.57,454.73,922.51,546.05,0.7621,1.7,2.01,4.78,-0.69,1.47,24.64,2.66,-10.00
22,2,1156.14,436.09,1414.17,523.17,0.6994,1.7,1.99,4.71,9.60,1.09,26.55,-3.09,-10.00
22,2,-1.00,-1.00,-1.00,-1.00,0.6629,1.7,1.95,4.59,37.60,0.11,25.09,-3.09,-10.00
22,2,-1.00,-1.00,-1.00,-1.00,0.6610,1.8,2.00,4.73,27.05,0.42,26.04,-3.09,-10.00
22,2,-1.00,-1.00,-1.00,-1.00,0.6200,1.7,1.96,4.59,27.76,0.42,29.48,3.12,-10.00
22,2,-1.00,-1.00,-1.00,-1.00,0.6189,1.8,1.99,4.75,39.66,-0.29,12.48,0.01,-10.00
22,2,235.17,477.96,441.23,543.96,0.5877,1.7,2.02,4.85,-13.32,2.00,34.35,-3.08,-10.00
22,2,-1.00,-1.00,-1.00,-1.00,0.5553,1.8,2.08,4.92,-18.46,1.78,-35.54,1.63,-10.00
22,2,847.55,437.16,1055.27,517.89,0.5468,1.8,2.02,4.81,2.94,1.12,30.26,-3.11,-10.00
22,2,-1.00,-1.00,-1.00,-1.00,0.5066,1.9,2.03,5.17,-12.09,1.98,10.59,1.76,-10.00
22,2,-1.00,-1.00,-1.00,-1.00,0.4770,1.8,1.98,4.63,36.49,-0.02,28.44,-3.11,-10.00
22,2,1597.92,421.92,1600.00,501.21,0.3919,1.9,2.08,4.93,23.33,0.76,32.76,-3.11,-10.00
22,2,-1.00,-1.00,-1.00,-1.00,0.3237,2.6,2.22,5.59,-28.20,2.31,19.44,0.09,-10.00
22,2,98.54,490.77,308.77,554.57,0.2735,1.6,1.99,4.69,-16.84,2.26,34.06,3.12,-10.00
22,2,-1.00,-1.00,-1.00,-1.00,0.2675,1.7,1.94,4.64,-18.18,1.49,-28.94,1.60,-10.00
22,2,-1.00,-1.00,-1.00,-1.00,0.2278,1.6,1.91,4.47,12.49,1.28,-37.14,0.01,-10.00
22,2,-1.00,-1.00,-1.00,-1.00,0.2073,1.7,1.96,4.61,33.70,0.39,22.43,-3.02,-10.00
22,2,-1.00,-1.00,-1.00,-1.00,0.1441,1.8,2.02,4.66,37.52,0.23,31.47,-2.98,-10.00
22,2,-1.00,-1.00,-1.00,-1.00,0.1439,1.7,2.00,4.68,-28.14,2.36,25.71,0.10,-10.00
22,2,-1.00,-1.00,-1.00,-1.00,0.1414,1.7,1.99,4.68,-28.46,2.42,31.33,-3.08,-10.00
22,2,-1.00,-1.00,-1.00,-1.00,0.1309,1.7,1.98,4.56,-40.81,1.01,29.13,3.14,-10.00
22,2,-1.00,-1.00,-1.00,-1.00,0.1282,1.8,2.00,4.67,-33.37,2.19,33.50,1.59,-10.00
22,2,1592.57,437.74,1600.00,505.80,0.1260,1.8,2.05,4.77,25.09,0.98,36.02,-3.07,-10.00
22,2,-1.00,-1.00,-1.00,-1.00,0.1187,2.0,2.12,5.14,42.97,-0.45,12.31,0.02,-10.00
22,2,-1.00,-1.00,-1.00,-1.00,0.1160,1.8,2.01,4.77,-29.08,2.39,16.06,0.16,-10.00
22,2,-1.00,-1.00,-1.00,-1.00,0.1076,1.8,2.08,4.93,-25.11,2.78,31.64,0.02,-10.00
22,2,1489.03,440.10,1600.00,505.13,0.1016,1.7,2.01,4.69,21.85,0.97,36.01,2.95,-10.00
22,2,1081.39,443.43,1264.07,513.51,0.1004,1.7,1.98,4.65,9.40,1.14,34.29,-2.90,-10.00
23,2,-1.00,-1.00,-1.00,-1.00,0.9086,1.8,2.09,4.84,-0.24,1.50,-7.79,-1.57,-10.00
23,2,-1.00,-1.00,-1.00,-1.00,0.7815,1.7,1.90,4.62,2.54,1.47,-21.13,-1.55,-10.00
23,2,-1.00,-1.00,-1.00,-1.00,0.7318,1.8,1.98,4.90,-12.81,2.07,4.59,1.65,-10.00
23,2,990.04,438.88,1236.61,524.11,0.6599,1.7,1.97,4.67,6.01,1.12,26.55,3.02,-10.00
23,2,-1.00,-1.00,-1.00,-1.00,0.6382,1.7,1.98,4.67,25.63,0.57,29.61,-3.12,-10.00
23,2,-1.00,-1.00,-1.00,-1.00,0.6297,1.7,1.98,4.63,36.50,0.24,25.34,-3.06,-10.00
23,2,-1.00,-1.00,-1.00,-1.00,0.6054,1.8,2.00,4.73,24.13,0.49,26.11,-3.10,-10.00
23,2,468.98,460.83,752.09,560.92,0.5962,1.6,1.95,4.64,-3.77,1.57,22.38,2.42,-10.00
23,2,655.36,455.83,860.36,533.45,0.5631,1.8,2.02,4.82,-1.60,1.52,30.53,-3.11,-10.00
23,2,-1.00,-1.00,-1.00,-1.00,0.5401,1.7,1.94,4.58,34.65,0.07,28.41,-3.11,-10.00
23,2,-1.00,-1.00,-1.00,-1.00,0.5089,2.1,2.19,5.26,-18.44,1.90,-35.48,1.59,-10.00
23,2,929.96,461.20,1109.84,522.59,0.4394,1.6,1.96,4.66,5.50,1.47,35.84,-2.58,-10.00
23,2,-1.00,-1.00,-1.00,-1.00,0.4230,1.9,2.06,4.99,45.60,-0.26,12.55,0.01,-10.00
23,2,1532.03,413.52,1600.00,492.98,0.3578,1.9,2.04,4.84,21.53,0.54,32.83,-3.11,-10.00
23,2,-1.00,-1.00,-1.00,-1.00,0.3452,1.7,1.98,4.59,30.15,-0.06,4.31,3.12,-10.00
23,2,-1.00,-1.00,-1.00,-1.00,0.2443,1.8,2.02,4.69,33.08,0.31,31.91,-3.09,-10.00
23,2,-1.00,-1.00,-1.00,-1.00,0.2269,1.8,2.05,4.80,36.11,0.46,31.48,-3.08,-10.00
23,2,0.00,491.28,72.18,558.35,0.1948,1.7,2.07,4.87,-23.86,2.40,34.54,-3.11,-10.00
23,2,13.05,483.03,227.75,549.28,0.1658,1.7,2.07,4.79,-19.56,2.18,34.86,-3.12,-10.00
23,2,-1.00,-1.00,-1.00,-1.00,0.1570,2.4,2.23,5.59,-28.65,2.10,19.46,0.14,-10.00
23,2,1174.13,434.29,1282.11,494.54,0.1549,1.7,1.87,4.56,13.00,0.71,40.87,1.53,-10.00
23,2,-1.00,-1.00,-1.00,-1.00,0.1517,1.8,2.05,4.84,-38.48,2.07,33.88,-3.11,-10.00
23,2,-1.00,-1.00,-1.00,-1.00,0.1468,1.8,2.01,4.65,28.97,0.44,22.41,-3.14,-10.00
23,2,617.93,459.57,676.10,510.83,0.1463,1.9,2.00,4.65,-7.24,1.60,50.89,-1.64,-10.00
23,2,-1.00,-1.00,-1.00,-1.00,0.1461,1.7,1.94,4.64,-18.14,1.98,-28.87,1.57,-10.00
23,2,-1.00,-1.00,-1.00,-1.00,0.1354,1.8,1.96,4.49,-39.95,1.34,30.30,1.44,-10.00
23,2,133.19,481.49,279.88,547.53,0.1344,1.8,1.96,4.58,-17.72,2.21,36.07,1.56,-10.00
23,2,-1.00,-1.00,-1.00,-1.00,0.1289,1.6,1.95,4.52,-35.27,2.36,28.57,3.13,-10.00
23,2,-1.00,-1.00,-1.00,-1.00,0.1254,1.7,2.02,4.67,-34.60,2.19,32.44,1.44,-10.00
23,2,-1.00,-1.00,-1.00,-1.00,0.1123,1.8,2.00,4.68,-34.95,2.13,35.52,1.54,-10.00
23,2,457.16,477.22,539.83,527.83,0.1103,1.8,2.00,4.63,-12.86,2.25,49.40,1.58,-10.00
23,2,275.63,452.98,372.12,506.99,0.1096,1.9,2.05,4.72,-20.07,1.42,50.24,1.55,-10.00
23,2,560.17,469.27,645.04,527.00,0.1083,1.7,2.01,4.67,-7.33,1.86,41.46,1.56,-10.00
23,2,1410.82,427.42,1600.00,498.79,0.1053,1.7,2.00,4.70,18.01,0.70,32.55,3.06,-10.00
23,2,1104.89,440.05,1269.06,498.62,0.1041,1.7,1.97,4.52,11.30,0.86,39.44,3.03,-10.00
23,2,150.17,483.65,356.25,549.92,0.1023,1.8,2.03,4.80,-15.86,2.19,34.89,-0.10,-10.00
24,2,-1.00,-1.00,-1.00,-1.00,0.9447,1.8,2.08,4.92,-0.27,1.49,-7.46,-1.55,-10.00
24,2,-1.00,-1.00,-1.00,-1.00,0.8494,1.8,2.01,4.78,2.79,1.48,-16.76,-1.49,-10.00
24,2,293.74,471.92,626.23,583.47,0.8142,1.5,1.95,4.82,-5.59,1.69,19.74,2.21,-10.00
24,2,-1.00,-1.00,-1.00,-1.00,0.7259,2.1,2.24,5.41,-18.39,1.91,-35.59,1.59,-10.00
24,2,-1.00,-1.00,-1.00,-1.00,0.7065,1.9,2.03,5.21,-13.32,2.01,-0.73,1.66,-10.00
24,2,873.99,442.60,1127.33,533.59,0.6847,1.8,2.00,4.75,3.55,1.29,25.88,2.90,-10.00
24,2,-1.00,-1.00,-1.00,-1.00,0.6180,1.7,1.95,4.61,35.04,0.22,25.18,-3.11,-10.00
24,2,-1.00,-1.00,-1.00,-1.00,0.5815,1.8,1.99,4.70,21.29,0.46,26.15,-3.10,-10.00
24,2,460.90,460.06,680.16,536.68,0.5185,1.8,2.05,4.90,-6.19,1.61,30.68,-3.10,-10.00
24,2,-1.00,-1.00,-1.00,-1.00,0.5166,1.7,2.02,4.74,32.71,0.40,28.67,-3.07,-10.00
24,2,-1.00,-1.00,-1.00,-1.00,0.4290,1.9,2.06,4.93,49.68,-0.58,12.49,0.01,-10.00
24,2,-1.00,-1.00,-1.00,-1.00,0.4090,2.4,2.25,5.68,-28.25,2.32,19.48,0.11,-10.00
24,2,668.39,486.78,727.97,539.24,0.3057,1.8,1.98,4.58,-4.51,2.45,44.52,1.50,-10.00
24,2,-1.00,-1.00,-1.00,-1.00,0.2859,1.8,1.98,4.67,44.75,-0.34,24.72,3.14,-10.00
24,2,0.00,488.75,17.49,555.55,0.2753,1.8,2.06,4.86,-25.68,2.35,34.98,-3.09,-10.00
24,2,1349.43,425.37,1572.70,500.85,0.2741,1.8,2.02,4.78,16.59,0.76,32.97,-3.08,-10.00
24,2,-1.00,-1.00,-1.00,-1.00,0.2703,1.6,1.96,4.56,-34.98,2.48,28.58,-3.09,-10.00
24,2,-1.00,-1.00,-1.00,-1.00,0.2694,1.7,2.00,4.67,22.83,0.65,29.63,-3.07,-10.00
24,2,866.05,464.35,1042.19,528.60,0.2613,1.7,2.03,4.81,3.72,1.70,37.03,-2.48,-10.00
24,2,468.97,483.80,549.54,533.24,0.2271,1.8,1.95,4.60,-12.47,2.48,49.53,1.59,-10.00
24,2,-1.00,-1.00,-1.00,-1.00,0.2000,1.8,2.02,4.74,33.83,0.64,31.55,-3.10,-10.00
24,2,-1.00,-1.00,-1.00,-1.00,0.1556,1.7,1.95,4.65,-18.14,1.91,-28.87,1.57,-10.00
24,2,76.17,477.89,197.47,530.50,0.1318,1.7,1.95,4.54,-24.02,2.09,43.84,-1.64,-10.00
24,2,-1.00,-1.00,-1.00,-1.00,0.1265,1.8,1.99,4.64,45.78,0.09,30.63,-3.11,-10.00
24,2,1560.58,417.40,1600.00,499.89,0.1197,1.7,2.01,4.74,20.12,0.64,29.21,-3.08,-10.00
24,2,-1.00,-1.00,-1.00,-1.00,0.1134,1.8,2.06,4.81,31.35,0.22,32.34,3.13,-10.00
24,2,-1.00,-1.00,-1.00,-1.00,0.1112,1.8,2.01,4.67,28.98,0.51,22.39,-3.13,-10.00
24,2,617.29,463.49,676.70,514.85,0.1087,1.9,2.04,4.69,-7.23,1.77,50.84,-1.64,-10.00
24,2,-1.00,-1.00,-1.00,-1.00,0.1076,1.8,2.00,4.64,12.09,1.50,-45.60,0.00,-10.00
24,2,765.05,472.30,926.02,533.41,0.1025,1.7,2.00,4.72,0.54,1.93,38.65,-2.46,-10.00
24,2,-1.00,-1.00,-1.00,-1.00,0.1016,1.8,1.99,4.60,47.90,0.62,29.42,-3.09,-10.00
24,2,865.34,466.67,924.65,515.03,0.1011,1.8,1.95,4.76,2.73,1.78,50.99,-1.61,-10.00
25,2,-1.00,-1.00,-1.00,-1.00,0.9587,1.8,2.06,4.87,-0.25,1.46,-7.38,-1.54,-10.00
25,2,-1.00,-1.00,-1.00,-1.00,0.8551,1.7,1.93,4.74,-13.59,1.96,-6.56,1.61,-10.00
25,2,-1.00,-1.00,-1.00,-1.00,0.8358,1.8,2.01,4.81,3.47,1.40,-12.54,-1.36,-10.00
25,2,48.51,472.94,460.61,614.95,0.8269,1.6,1.94,4.82,-7.22,1.74,16.48,2.00,-10.00
25,2,-1.00,-1.00,-1.00,-1.00,0.6331,2.1,2.22,5.36,-18.42,1.92,-35.59,1.60,-10.00
25,2,755.14,442.85,1016.40,539.65,0.6293,1.8,2.01,4.76,1.18,1.35,24.77,2.68,-10.00
25,2,-1.00,-1.00,-1.00,-1.00,0.6083,1.7,1.97,4.65,33.00,0.20,25.20,-3.07,-10.00
25,2,-1.00,-1.00,-1.00,-1.00,0.6031,1.7,2.00,4.73,30.61,0.41,28.70,-3.09,-10.00
25,2,1546.02,408.95,1600.00,499.85,0.5401,1.7,2.00,4.73,18.14,0.57,26.39,-3.10,-10.00
25,2,-1.00,-1.00,-1.00,-1.00,0.5284,1.7,1.99,4.71,29.59,0.66,32.12,-3.07,-10.00
25,2,-1.00,-1.00,-1.00,-1.00,0.3151,2.4,2.25,5.68,-28.44,2.17,19.50,0.13,-10.00
25,2,-1.00,-1.00,-1.00,-1.00,0.2782,1.7,2.01,4.74,-31.89,2.38,35.38,-3.04,-10.00
25,2,234.83,449.53,471.23,530.54,0.2605,1.9,2.09,5.05,-11.65,1.47,31.10,-3.13,-10.00
25,2,-1.00,-1.00,-1.00,-1.00,0.2534,1.7,2.00,4.64,-35.10,2.50,28.23,3.14,-10.00
25,2,-1.00,-1.00,-1.00,-1.00,0.2425,1.8,2.00,4.64,43.29,-0.65,25.01,-3.09,-10.00
25,2,-1.00,-1.00,-1.00,-1.00,0.2407,1.8,2.02,4.74,23.26,0.60,29.64,-3.08,-10.00
25,2,448.44,484.48,531.29,534.53,0.1814,1.8,2.00,4.61,-13.18,2.52,49.34,1.58,-10.00
25,2,92.44,479.58,332.91,559.56,0.1493,1.9,2.09,4.97,-15.20,2.19,31.19,-3.07,-10.00
25,2,-1.00,-1.00,-1.00,-1.00,0.1403,1.8,2.04,4.71,47.48,0.62,31.00,3.05,-10.00
25,2,420.36,488.24,511.27,539.35,0.1384,1.8,1.96,4.52,-13.22,2.55,46.21,1.59,-10.00
25,2,-1.00,-1.00,-1.00,-1.00,0.1340,1.8,2.04,4.74,44.18,0.27,30.61,3.06,-10.00
25,2,-1.00,-1.00,-1.00,-1.00,0.1223,1.6,2.00,4.70,-30.06,2.30,36.13,-2.95,-10.00
25,2,1255.30,431.28,1494.67,521.53,0.1221,2.2,2.15,5.29,14.32,1.32,32.96,-3.14,-10.00
25,2,-1.00,-1.00,-1.00,-1.00,0.1147,1.7,1.96,4.66,-18.16,1.89,-28.87,1.59,-10.00
25,2,-1.00,-1.00,-1.00,-1.00,0.1070,1.7,1.99,4.65,-29.53,2.51,28.53,0.05,-10.00
25,2,-1.00,-1.00,-1.00,-1.00,0.1017,1.6,2.00,4.73,-30.14,2.29,34.30,3.08,-10.00
25,2,-1.00,-1.00,-1.00,-1.00,0.1010,1.8,2.04,4.78,26.09,0.48,22.43,3.10,-10.00
25,2,-1.00,-1.00,-1.00,-1.00,0.1003,1.7,1.96,4.70,-29.01,2.29,37.68,-1.97,-10.00
26,2,-1.00,-1.00,-1.00,-1.00,0.9676,1.8,2.03,4.83,-0.22,1.47,-7.30,-1.53,-10.00
26,2,0.00,476.51,246.89,674.10,0.8191,1.6,1.94,4.83,-8.49,1.82,12.89,1.82,-10.00
26,2,-1.00,-1.00,-1.00,-1.00,0.7687,1.8,1.94,4.74,-13.80,1.87,-12.48,1.60,-10.00
26,2,-1.00,-1.00,-1.00,-1.00,0.7677,1.8,1.99,4.83,4.57,1.40,-8.56,-1.27,-10.00
26,2,1396.92,418.12,1600.00,510.47,0.7367,1.8,2.02,4.76,14.93,0.81,26.49,-3.09,-10.00
26,2,-1.00,-1.00,-1.00,-1.00,0.6409,2.1,2.20,5.30,-18.45,1.88,-35.57,1.60,-10.00
26,2,-1.00,-1.00,-1.00,-1.00,0.5876,1.7,1.96,4.62,28.10,0.44,28.82,-3.09,-10.00
26,2,-1.00,-1.00,-1.00,-1.00,0.5713,1.7,1.97,4.66,30.65,0.21,25.23,-3.09,-10.00
26,2,555.48,453.49,831.82,553.69,0.4816,1.6,1.96,4.64,-2.29,1.46,22.42,2.41,-10.00
26,2,-1.00,-1.00,-1.00,-1.00,0.4590,1.7,1.91,4.51,26.63,0.69,32.18,-3.12,-10.00
26,2,-1.00,-1.00,-1.00,-1.00,0.4527,2.4,2.22,5.56,-28.37,2.19,19.47,0.10,-10.00
26,2,1502.10,419.05,1600.00,501.34,0.4425,1.8,2.04,4.81,19.19,0.69,30.02,-3.04,-10.00
26,2,-1.00,-1.00,-1.00,-1.00,0.3940,1.8,2.00,4.72,42.11,0.35,30.97,-3.10,-10.00
26,2,802.63,463.19,891.57,519.11,0.3892,1.7,1.96,4.63,0.62,1.62,42.56,-1.79,-10.00
26,2,-1.00,-1.00,-1.00,-1.00,0.3321,1.8,2.02,4.73,42.19,-0.46,25.03,-3.11,-10.00
26,2,5.74,457.86,262.36,547.67,0.2399,2.1,2.11,5.23,-17.14,1.90,31.19,-3.09,-10.00
26,2,-1.00,-1.00,-1.00,-1.00,0.2245,1.7,1.99,4.61,-35.06,2.50,28.22,-3.12,-10.00
26,2,221.65,485.42,318.77,539.09,0.2238,1.8,1.93,4.60,-19.73,2.45,44.64,1.44,-10.00
26,2,631.07,489.31,699.45,541.52,0.2049,1.7,1.98,4.60,-5.69,2.54,44.69,1.54,-10.00
26,2,915.26,450.15,1108.48,521.76,0.1922,1.8,2.07,4.84,4.85,1.34,33.41,-3.12,-10.00
26,2,721.37,472.69,877.70,530.48,0.1895,1.8,2.03,4.77,-0.91,1.98,41.49,-2.67,-10.00
26,2,1045.35,442.74,1243.00,516.92,0.1595,1.8,2.00,4.72,8.30,1.20,33.08,-3.10,-10.00
26,2,408.17,475.74,485.28,524.42,0.1329,1.8,1.98,4.64,-15.20,2.15,50.37,1.50,-10.00
26,2,-1.00,-1.00,-1.00,-1.00,0.1293,1.7,1.95,4.63,-18.14,1.93,-28.86,1.58,-10.00
26,2,-1.00,-1.00,-1.00,-1.00,0.1293,1.8,2.02,4.71,-50.97,1.82,-28.53,0.02,-10.00
26,2,-1.00,-1.00,-1.00,-1.00,0.1279,1.7,2.01,4.63,-28.56,2.54,28.89,0.01,-10.00
26,2,704.75,471.17,776.09,525.70,0.1262,1.8,2.04,4.81,-2.98,1.93,44.24,1.60,-10.00
26,2,-1.00,-1.00,-1.00,-1.00,0.1231,1.7,1.97,4.54,29.80,-0.02,4.34,3.02,-10.00
26,2,657.02,484.70,728.11,537.19,0.1172,1.7,1.99,4.56,-4.53,2.29,42.94,1.56,-10.00
26,2,-1.00,-1.00,-1.00,-1.00,0.1052,1.7,1.99,4.63,29.46,0.38,22.34,-3.05,-10.00
26,2,-1.00,-1.00,-1.00,-1.00,0.1000,1.7,1.95,4.62,9.81,1.18,-39.02,-1.54,-10.00
27,2,-1.00,-1.00,-1.00,-1.00,0.9647,1.8,2.04,4.82,-0.22,1.46,-7.30,-1.55,-10.00
27,2,-1.00,-1.00,-1.00,-1.00,0.8519,1.7,1.95,4.81,-13.93,1.81,-17.21,1.60,-10.00
27,2,-1.00,-1.00,-1.00,-1.00,0.8347,1.5,1.89,4.68,-9.19,1.90,9.33,1.73,-10.00
27,2,419.96,458.41,722.53,567.77,0.7568,1.6,1.92,4.64,-3.98,1.52,20.27,2.24,-10.00
27,2,-1.00,-1.00,-1.00,-1.00,0.7443,2.0,2.20,5.23,-18.36,1.85,-35.59,1.59,-10.00
27,2,-1.00,-1.00,-1.00,-1.00,0.6684,1.8,1.97,4.85,5.75,1.35,-5.36,-1.18,-10.00
27,2,-1.00,-1.00,-1.00,-1.00,0.6222,1.7,1.96,4.65,28.68,0.30,25.30,-3.06,-10.00
27,2,-1.00,-1.00,-1.00,-1.00,0.5993,1.6,1.91,4.53,26.04,0.59,28.83,-3.08,-10.00
27,2,749.99,458.45,853.32,513.53,0.5926,1.7,1.95,4.68,-0.96,1.49,44.37,-2.00,-10.00
27,2,1273.30,431.76,1560.66,524.24,0.5451,1.8,2.09,5.04,12.37,1.11,26.57,-3.08,-10.00
27,2,-1.00,-1.00,-1.00,-1.00,0.4722,2.4,2.24,5.62,-28.24,2.21,19.46,0.10,-10.00
27,2,-1.00,-1.00,-1.00,-1.00,0.4354,1.7,2.02,4.81,23.30,0.78,32.42,-3.09,-10.00
27,2,1401.39,435.04,1600.00,515.68,0.3933,1.8,2.07,4.86,16.70,1.05,30.00,-3.09,-10.00
27,2,929.46,449.07,1129.88,525.35,0.3651,1.9,2.07,4.98,5.31,1.44,33.34,-3.13,-10.00
27,2,-1.00,-1.00,-1.00,-1.00,0.3525,1.7,1.98,4.71,40.11,0.44,31.02,-3.07,-10.00
27,2,-1.00,-1.00,-1.00,-1.00,0.2673,1.6,1.99,4.60,-35.11,2.48,28.58,-3.12,-10.00
27,2,-1.00,-1.00,-1.00,-1.00,0.2625,1.8,2.01,4.63,40.87,-0.87,25.09,-3.13,-10.00
27,2,566.85,483.02,645.75,533.63,0.2551,1.7,1.97,4.68,-8.01,2.32,46.00,1.59,-10.00
27,2,803.26,461.00,988.43,532.94,0.2332,1.8,2.03,4.76,1.84,1.65,33.43,-3.07,-10.00
27,2,779.25,460.50,893.57,515.66,0.1916,1.6,1.89,4.54,0.25,1.47,41.59,-2.04,-10.00
27,2,-1.00,-1.00,-1.00,-1.00,0.1445,1.7,1.95,4.63,-18.14,1.95,-28.89,1.57,-10.00
27,2,576.62,474.00,648.15,532.90,0.1419,1.8,1.97,4.50,-6.91,2.03,40.83,1.47,-10.00
27,2,618.21,461.76,675.82,513.66,0.1393,1.9,2.04,4.76,-7.23,1.71,50.82,1.49,-10.00
27,2,-1.00,-1.00,-1.00,-1.00,0.1390,1.7,2.00,4.70,-24.85,2.50,31.59,-3.04,-10.00
27,2,-1.00,-1.00,-1.00,-1.00,0.1304,1.7,2.00,4.62,39.94,0.56,29.63,-3.08,-10.00
27,2,-1.00,-1.00,-1.00,-1.00,0.1185,1.8,2.03,4.71,-19.15,2.04,-45.12,1.58,-10.00
27,2,-1.00,-1.00,-1.00,-1.00,0.1153,1.7,2.00,4.60,-28.43,2.58,28.88,-0.02,-10.00
27,2,1391.81,449.58,1600.00,520.35,0.1118,1.7,2.03,4.78,17.87,1.30,33.25,-3.06,-10.00
27,2,-1.00,-1.00,-1.00,-1.00,0.1117,1.7,2.04,4.77,-19.19,2.02,-40.14,1.66,-10.00
27,2,-1.00,-1.00,-1.00,-1.00,0.1083,1.7,1.92,4.65,11.81,1.36,-38.28,1.58,-10.00
27,2,-1.00,-1.00,-1.00,-1.00,0.1047,1.7,1.96,4.69,-49.85,1.90,-27.68,1.64,-10.00
27,2,489.77,491.32,582.03,541.78,0.1022,1.7,2.03,4.70,-10.44,2.58,45.38,1.62,-10.00
27,2,589.03,481.27,724.25,531.55,0.1007,1.7,1.97,4.59,-6.01,2.17,44.73,3.12,-10.00
28,2,-1.00,-1.00,-1.00,-1.00,0.9601,1.8,2.04,4.83,-0.21,1.47,-7.29,-1.55,-10.00
28,2,-1.00,-1.00,-1.00,-1.00,0.8784,1.7,1.96,4.83,-14.06,1.79,-22.82,1.61,-10.00
28,2,-1.00,-1.00,-1.00,-1.00,0.8373,1.6,1.93,4.84,-9.69,1.93,5.42,1.63,-10.00
28,2,216.75,460.97,582.20,595.38,0.7911,1.6,1.93,4.70,-5.74,1.63,17.52,2.10,-10.00
28,2,-1.00,-1.00,-1.00,-1.00,0.6992,1.8,1.96,4.79,7.42,1.20,-2.31,-1.08,-10.00
28,2,-1.00,-1.00,-1.00,-1.00,0.6872,1.6,1.98,4.70,26.02,0.45,25.53,-3.06,-10.00
28,2,-1.00,-1.00,-1.00,-1.00,0.6645,1.9,2.02,4.86,-18.34,1.74,-35.41,1.57,-10.00
28,2,-1.00,-1.00,-1.00,-1.00,0.5401,1.7,1.96,4.64,24.09,0.57,28.91,-3.11,-10.00
28,2,-1.00,-1.00,-1.00,-1.00,0.5220,1.7,2.07,4.92,-26.92,2.56,31.78,3.13,-10.00
28,2,1311.38,442.62,1553.87,521.42,0.5184,1.8,2.03,4.79,14.46,1.20,30.14,-3.07,-10.00
28,2,1121.68,446.34,1380.65,534.16,0.5087,1.7,2.04,4.89,8.97,1.35,26.89,-3.04,-10.00
28,2,726.81,459.13,811.81,511.05,0.5042,1.8,1.94,4.59,-2.23,1.50,47.48,-1.92,-10.00
28,2,-1.00,-1.00,-1.00,-1.00,0.4410,1.7,2.01,4.79,37.10,0.68,31.39,-3.04,-10.00
28,2,1484.15,439.29,1600.00,507.62,0.3709,1.6,1.96,4.67,19.99,0.93,32.59,-3.09,-10.00
28,2,753.21,446.43,960.06,526.00,0.3087,2.0,2.15,5.31,0.79,1.46,33.37,-3.12,-10.00
28,2,-1.00,-1.00,-1.00,-1.00,0.3084,2.0,2.14,5.19,39.21,-0.11,25.07,-3.11,-10.00
28,2,-1.00,-1.00,-1.00,-1.00,0.2776,2.4,2.23,5.63,-28.56,2.16,19.50,0.15,-10.00
28,2,745.71,463.44,839.99,516.04,0.2472,1.7,1.91,4.63,-1.26,1.57,44.10,-1.93,-10.00
28,2,-1.00,-1.00,-1.00,-1.00,0.2344,1.7,2.01,4.69,-35.00,2.57,28.24,3.13,-10.00
28,2,625.47,460.15,816.28,531.31,0.1793,1.8,2.06,4.84,-2.76,1.61,33.51,-3.09,-10.00
28,2,528.20,481.36,604.48,530.36,0.1648,1.7,1.95,4.59,-9.75,2.25,47.30,1.56,-10.00
28,2,-1.00,-1.00,-1.00,-1.00,0.1450,1.7,2.03,4.73,10.06,1.26,-38.89,-1.58,-10.00
28,2,556.90,481.72,629.42,533.03,0.1321,1.8,2.00,4.65,-8.52,2.30,46.10,1.52,-10.00
28,2,-1.00,-1.00,-1.00,-1.00,0.1274,1.7,1.95,4.55,29.54,0.43,22.31,-3.11,-10.00
28,2,429.36,480.97,521.49,532.81,0.1149,1.8,2.03,4.57,-12.82,2.29,46.04,1.59,-10.00
28,2,-1.00,-1.00,-1.00,-1.00,0.1139,1.7,2.00,4.66,-29.93,2.53,28.56,-3.12,-10.00
28,2,-1.00,-1.00,-1.00,-1.00,0.1116,1.8,2.03,4.69,-19.15,2.06,-45.20,1.58,-10.00
28,2,-1.00,-1.00,-1.00,-1.00,0.1114,1.7,1.94,4.63,-18.17,1.83,-28.84,1.58,-10.00
28,2,865.83,462.14,923.70,510.97,0.1109,1.8,1.97,4.78,2.72,1.61,51.07,-1.59,-10.00
28,2,1240.77,456.09,1457.28,526.93,0.1082,1.8,2.07,4.84,13.79,1.48,33.30,-3.13,-10.00
28,2,-1.00,-1.00,-1.00,-1.00,0.1066,1.7,2.02,4.67,26.32,0.60,22.42,-3.11,-10.00
29,2,-1.00,-1.00,-1.00,-1.00,0.9630,1.8,2.04,4.87,-0.20,1.46,-7.31,-1.56,-10.00
29,2,-1.00,-1.00,-1.00,-1.00,0.8369,1.6,1.93,4.85,-10.07,1.88,0.22,1.64,-10.00
29,2,-1.00,-1.00,-1.00,-1.00,0.8305,1.7,1.94,4.78,-14.37,1.78,-29.10,1.60,-10.00
29,2,947.00,449.28,1182.93,532.05,0.8168,1.7,2.03,4.85,5.11,1.33,27.33,-3.01,-10.00
29,2,-1.00,-1.00,-1.00,-1.00,0.7772,1.8,2.00,4.90,9.62,1.00,0.89,-0.95,-10.00
29,2,0.00,458.21,387.82,648.91,0.7389,1.7,1.99,4.95,-7.40,1.75,13.94,1.95,-10.00
29,2,-1.00,-1.00,-1.00,-1.00,0.7343,1.6,1.92,4.54,22.77,0.53,25.63,-3.04,-10.00
29,2,1162.72,441.99,1391.96,517.88,0.6609,1.7,2.03,4.81,10.79,1.12,30.31,-3.07,-10.00
29,2,-1.00,-1.00,-1.00,-1.00,0.5872,1.7,1.97,4.68,21.71,0.66,28.98,-3.11,-10.00
29,2,579.15,456.79,782.23,529.21,0.5360,1.8,2.11,5.12,-3.82,1.55,33.45,-3.11,-10.00
29,2,-1.00,-1.00,-1.00,-1.00,0.4358,1.7,2.01,4.78,34.33,0.75,31.46,-3.10,-10.00
29,2,-1.00,-1.00,-1.00,-1.00,0.4264,2.5,2.33,6.00,-28.47,2.39,19.47,0.09,-10.00
29,2,-1.00,-1.00,-1.00,-1.00,0.4214,2.1,2.18,5.35,36.38,-0.01,25.44,-3.12,-10.00
29,2,1226.76,447.72,1436.00,517.65,0.3911,1.7,1.99,4.66,13.22,1.22,33.01,3.13,-10.00
29,2,-1.00,-1.00,-1.00,-1.00,0.3405,1.9,2.10,5.07,-18.60,1.81,-35.63,1.64,-10.00
29,2,-1.00,-1.00,-1.00,-1.00,0.2705,2.0,2.11,5.05,-32.38,2.57,32.23,-3.11,-10.00
29,2,-1.00,-1.00,-1.00,-1.00,0.2640,1.7,1.96,4.54,-35.22,2.39,28.22,-3.04,-10.00
29,2,1349.01,444.16,1568.86,512.88,0.2096,1.7,1.97,4.67,16.38,1.08,32.63,-3.12,-10.00
29,2,-1.00,-1.00,-1.00,-1.00,0.1813,1.7,1.94,4.57,11.14,1.24,-37.55,-0.02,-10.00
29,2,616.48,465.53,677.15,515.96,0.1219,1.9,2.02,4.72,-7.24,1.81,50.86,1.52,-10.00
29,2,-1.00,-1.00,-1.00,-1.00,0.1190,1.7,2.00,4.63,29.94,0.47,22.34,-3.12,-10.00
29,2,869.83,469.65,920.05,517.51,0.1185,1.8,1.93,4.63,2.75,1.89,50.96,-1.53,-10.00
29,2,-1.00,-1.00,-1.00,-1.00,0.1185,1.7,1.99,4.79,-14.55,1.90,-32.93,1.64,-10.00
29,2,461.21,471.70,662.09,541.00,0.1130,1.8,2.08,4.91,-7.09,1.89,33.85,-3.05,-10.00
29,2,-1.00,-1.00,-1.00,-1.00,0.1091,1.8,2.01,4.74,-18.20,1.99,-28.48,1.61,-10.00
29,2,-1.00,-1.00,-1.00,-1.00,0.1076,1.7,2.00,4.65,-29.98,2.48,28.54,-3.09,-10.00
29,2,242.23,485.03,357.17,538.31,0.1060,1.8,1.93,4.55,-18.47,2.40,44.18,1.62,-10.00
29,2,-1.00,-1.00,-1.00,-1.00,0.1039,1.9,2.05,4.73,-19.10,2.19,-46.90,1.60,-10.00
30,2,-1.00,-1.00,-1.00,-1.00,0.9616,1.8,2.03,4.82,-0.20,1.45,-7.26,-1.56,-10.00
30,2,-1.00,-1.00,-1.00,-1.00,0.8971,1.6,1.91,4.73,-10.30,1.78,-5.03,1.61,-10.00
30,2,762.29,453.20,992.37,538.61,0.8423,1.8,2.04,4.90,1.17,1.50,27.76,-3.03,-10.00
30,2,-1.00,-1.00,-1.00,-1.00,0.7453,1.8,2.00,4.95,-14.63,1.73,-36.12,1.63,-10.00
30,2,1006.08,452.07,1212.85,528.17,0.7331,1.7,1.98,4.72,6.79,1.39,30.57,-3.02,-10.00
30,2,0.00,478.12,65.62,771.42,0.7142,1.7,1.94,4.80,-8.73,1.85,9.69,1.84,-10.00
30,2,-1.00,-1.00,-1.00,-1.00,0.5366,1.9,2.07,4.88,34.14,0.21,25.47,-3.10,-10.00
30,2,-1.00,-1.00,-1.00,-1.00,0.5295,2.1,2.17,5.18,-18.56,1.77,-35.50,1.66,-10.00
30,2,-1.00,-1.00,-1.00,-1.00,0.5200,1.7,1.95,4.72,12.24,0.95,3.85,-0.82,-10.00
30,2,-1.00,-1.00,-1.00,-1.00,0.4810,1.7,2.04,4.85,19.50,0.44,25.86,-3.10,-10.00
30,2,1520.18,423.36,1600.00,503.46,0.4647,1.7,1.98,4.69,19.12,0.73,29.25,3.14,-10.00
30,2,-1.00,-1.00,-1.00,-1.00,0.4416,2.4,2.23,5.64,-28.25,2.29,19.43,0.07,-10.00
30,2,-1.00,-1.00,-1.00,-1.00,0.4324,1.7,2.03,4.84,30.49,0.62,31.74,-3.08,-10.00
30,2,-1.00,-1.00,-1.00,-1.00,0.2158,1.8,2.03,4.69,-18.61,2.05,-42.24,1.61,-10.00
30,2,-1.00,-1.00,-1.00,-1.00,0.2133,1.6,1.92,4.41,2.83,1.37,-24.11,-1.52,-10.00
30,2,-1.00,-1.00,-1.00,-1.00,0.2118,1.6,1.96,4.56,-35.07,2.47,28.25,-3.02,-10.00
30,2,326.33,474.90,529.92,541.49,0.2094,1.7,2.01,4.80,-10.62,1.89,33.64,-3.10,-10.00
30,2,-1.00,-1.00,-1.00,-1.00,0.1891,1.7,2.01,4.72,-24.73,2.77,31.78,-0.04,-10.00
30,2,1245.21,449.05,1465.48,524.40,0.1442,1.9,2.08,4.93,13.98,1.41,33.35,3.12,-10.00
30,2,455.78,484.36,539.20,533.31,0.1393,1.8,1.98,4.69,-12.86,2.47,49.27,1.59,-10.00
30,2,-1.00,-1.00,-1.00,-1.00,0.1388,1.8,2.06,4.76,-19.14,1.91,-45.05,1.60,-10.00
30,2,562.69,481.04,643.17,531.08,0.1320,1.7,1.93,4.58,-8.16,2.23,46.12,1.62,-10.00
30,2,-1.00,-1.00,-1.00,-1.00,0.1308,1.7,2.02,4.70,-28.57,2.60,28.55,0.00,-10.00
30,2,420.11,487.30,512.86,540.90,0.1266,1.9,1.99,4.56,-13.26,2.61,46.43,1.60,-10.00
30,2,615.99,463.46,676.63,515.13,0.1234,1.9,2.03,4.69,-7.26,1.78,50.82,1.52,-10.00
30,2,-1.00,-1.00,-1.00,-1.00,0.1206,1.7,1.96,4.70,-36.63,1.73,35.41,-2.28,-10.00
30,2,-1.00,-1.00,-1.00,-1.00,0.1200,1.7,2.03,4.70,-18.97,1.79,-38.80,1.57,-10.00
30,2,-1.00,-1.00,-1.00,-1.00,0.1173,1.8,1.97,4.54,33.00,0.39,5.51,0.08,-10.00
30,2,867.49,460.53,1069.70,535.78,0.1141,1.7,2.03,4.78,3.50,1.60,30.99,-3.02,-10.00
30,2,-1.00,-1.00,-1.00,-1.00,0.1131,1.7,1.98,4.63,-18.37,2.00,-28.74,1.56,-10.00
30,2,-1.00,-1.00,-1.00,-1.00,0.1095,1.7,2.00,4.65,23.34,0.69,7.98,3.09,-10.00
30,2,867.02,466.32,922.98,514.95,0.1091,1.8,1.96,4.76,2.73,1.78,51.04,-1.58,-10.00
30,2,1323.83,453.33,1550.03,526.90,0.1029,1.7,1.97,4.58,14.94,1.37,30.83,3.08,-10.00
30,2,-1.00,-1.00,-1.00,-1.00,0.1028,1.8,2.03,4.82,26.19,0.59,25.57,0.05,-10.00
30,2,-1.00,-1.00,-1.00,-1.00,0.1008,1.7,1.97,4.61,44.70,-0.03,24.35,3.03,-10.00
31,2,-1.00,-1.00,-1.00,-1.00,0.9630,1.8,2.03,4.83,-0.23,1.44,-7.29,-1.53,-10.00
31,2,-1.00,-1.00,-1.00,-1.00,0.9402,1.5,1.89,4.62,-10.52,1.69,-10.29,1.61,-10.00
31,2,-1.00,-1.00,-1.00,-1.00,0.8427,1.7,1.92,4.61,-9.27,1.80,5.28,1.66,-10.00
31,2,568.62,457.99,803.59,537.98,0.8327,1.7,2.04,4.91,-3.10,1.51,28.21,-3.02,-10.00
31,2,821.18,456.00,1020.59,527.67,0.8296,1.6,1.99,4.75,2.34,1.40,31.03,-3.03,-10.00
31,2,-1.00,-1.00,-1.00,-1.00,0.6484,1.8,1.98,4.85,-14.93,1.72,-42.60,1.63,-10.00
31,2,-1.00,-1.00,-1.00,-1.00,0.6365,2.1,2.23,5.57,-18.53,1.85,-35.61,1.62,-10.00
31,2,-1.00,-1.00,-1.00,-1.00,0.5971,1.9,2.08,4.97,31.49,0.15,25.62,-3.12,-10.00
31,2,1455.69,412.43,1600.00,502.45,0.4926,1.7,1.98,4.70,15.96,0.62,26.03,-3.10,-10.00
31,2,-1.00,-1.00,-1.00,-1.00,0.4762,1.6,1.99,4.76,15.52,0.78,6.05,-0.65,-10.00
31,2,918.37,454.10,1105.09,521.89,0.4597,1.7,2.05,4.81,4.91,1.36,33.77,-3.05,-10.00
31,2,-1.00,-1.00,-1.00,-1.00,0.4004,1.7,2.00,4.72,26.49,0.81,31.98,-3.10,-10.00
31,2,54.98,477.92,264.58,545.88,0.3610,1.8,2.06,4.84,-18.28,2.06,34.45,-2.95,-10.00
31,2,-1.00,-1.00,-1.00,-1.00,0.3602,2.4,2.22,5.58,-28.35,2.20,19.44,0.11,-10.00
31,2,1391.66,429.97,1600.00,509.85,0.3524,1.7,1.98,4.69,16.03,0.89,29.30,3.13,-10.00
31,2,-1.00,-1.00,-1.00,-1.00,0.2709,1.8,1.98,4.70,44.37,0.26,24.69,-3.12,-10.00
31,2,802.01,465.47,863.42,521.25,0.2401,1.7,1.96,4.52,0.24,1.70,42.52,-1.55,-10.00
31,2,-1.00,-1.00,-1.00,-1.00,0.1390,1.7,2.02,4.74,-19.08,1.87,-39.33,1.69,-10.00
31,2,670.75,479.40,741.69,531.95,0.1304,1.7,1.96,4.59,-4.16,2.15,43.94,1.59,-10.00
31,2,-1.00,-1.00,-1.00,-1.00,0.1273,1.6,2.01,4.60,-28.50,2.56,28.90,-0.04,-10.00
31,2,1581.76,437.94,1600.00,513.19,0.1259,1.8,2.03,4.76,22.59,1.07,32.41,-3.06,-10.00
31,2,1336.36,441.88,1568.26,517.82,0.1254,1.7,1.98,4.61,15.17,1.13,30.56,3.13,-10.00
31,2,-1.00,-1.00,-1.00,-1.00,0.1159,1.7,1.98,4.65,-24.74,2.76,31.69,0.09,-10.00
31,2,0.00,484.46,216.02,552.41,0.1069,1.7,2.02,4.80,-18.95,2.13,32.94,3.00,-10.00
31,2,-1.00,-1.00,-1.00,-1.00,0.1066,1.8,1.99,4.65,-39.88,1.11,30.97,1.48,-10.00
31,2,179.79,453.02,406.32,530.16,0.1050,2.0,2.16,5.27,-14.53,1.62,34.34,-3.09,-10.00
31,2,-1.00,-1.00,-1.00,-1.00,0.1043,1.8,2.03,4.74,-3.03,1.75,-35.46,1.58,-10.00
32,2,-1.00,-1.00,-1.00,-1.00,0.9566,1.8,2.05,4.86,-0.20,1.47,-7.33,-1.55,-10.00
32,2,-1.00,-1.00,-1.00,-1.00,0.8616,1.6,1.90,4.66,-10.67,1.79,-16.08,1.61,-10.00
32,2,640.85,467.25,835.33,533.50,0.8235,1.5,1.94,4.61,-2.15,1.56,31.33,-3.07,-10.00
32,2,384.26,470.14,620.13,549.54,0.8068,1.7,2.01,4.83,-7.33,1.79,28.65,-3.09,-10.00
32,2,-1.00,-1.00,-1.00,-1.00,0.7355,1.7,1.97,4.85,-9.69,1.84,-0.04,1.65,-10.00
32,2,-1.00,-1.00,-1.00,-1.00,0.7080,2.1,2.23,5.32,-18.47,1.88,-35.53,1.61,-10.00
32,2,1569.41,434.96,1600.00,505.14,0.7051,1.7,2.00,4.79,22.27,0.86,32.43,-3.09,-10.00
32,2,1318.46,422.24,1595.04,511.21,0.7010,1.7,1.99,4.72,13.03,0.81,26.19,-3.02,-10.00
32,2,-1.00,-1.00,-1.00,-1.00,0.6139,1.8,1.96,4.80,-15.10,1.43,-49.38,1.55,-10.00
32,2,-1.00,-1.00,-1.00,-1.00,0.5231,1.7,1.96,4.62,18.75,0.67,8.16,-0.51,-10.00
32,2,-1.00,-1.00,-1.00,-1.00,0.4568,1.7,2.00,4.77,40.86,0.43,25.06,-3.06,-10.00
32,2,-1.00,-1.00,-1.00,-1.00,0.4404,2.0,2.12,5.16,28.27,0.27,25.85,-3.10,-10.00
32,2,-1.00,-1.00,-1.00,-1.00,0.3955,1.8,1.96,4.69,2.77,1.50,-32.90,-1.47,-10.00
32,2,-1.00,-1.00,-1.00,-1.00,0.3892,2.4,2.22,5.59,-28.27,2.14,19.47,0.13,-10.00
32,2,796.53,457.36,982.33,527.31,0.3492,1.8,2.03,4.84,1.67,1.52,33.81,-3.11,-10.00
32,2,0.00,465.30,81.02,530.39,0.3431,1.7,2.00,4.70,-23.64,1.66,34.93,-2.97,-10.00
32,2,-1.00,-1.00,-1.00,-1.00,0.2788,1.7,1.99,4.62,-34.88,2.60,28.23,-3.11,-10.00
32,2,683.33,456.08,867.72,525.75,0.2410,1.8,2.06,4.87,-1.33,1.49,34.24,-3.10,-10.00
32,2,1348.25,433.26,1589.99,513.89,0.2080,1.8,2.00,4.63,15.13,1.00,29.71,-3.09,-10.00
32,2,456.81,477.23,540.19,527.28,0.1879,1.8,1.97,4.64,-12.85,2.23,49.35,1.59,-10.00
32,2,616.79,458.59,676.32,511.24,0.1862,1.9,2.03,4.70,-7.25,1.61,50.82,1.50,-10.00
32,2,-1.00,-1.00,-1.00,-1.00,0.1846,1.7,2.03,4.68,-28.15,2.58,28.88,0.02,-10.00
32,2,628.81,478.35,724.60,532.28,0.1731,1.7,1.95,4.66,-4.91,2.06,41.73,1.73,-10.00
32,2,-1.00,-1.00,-1.00,-1.00,0.1638,1.7,1.98,4.69,1.60,1.45,-32.09,-1.45,-10.00
32,2,-1.00,-1.00,-1.00,-1.00,0.1433,1.7,2.01,4.71,3.44,1.70,-30.12,-1.45,-10.00
32,2,-1.00,-1.00,-1.00,-1.00,0.1282,1.8,1.99,4.75,-19.44,2.08,-45.21,1.58,-10.00
32,2,0.00,453.12,173.36,522.56,0.1227,1.8,2.02,4.73,-20.67,1.40,34.16,-3.02,-10.00
32,2,-1.00,-1.00,-1.00,-1.00,0.1223,1.8,1.97,4.58,29.48,0.44,22.36,-3.13,-10.00
32,2,512.43,481.23,585.10,531.60,0.1217,1.8,2.00,4.69,-10.47,2.31,47.54,1.50,-10.00
32,2,-1.00,-1.00,-1.00,-1.00,0.1183,1.7,1.96,4.51,29.79,-0.01,4.35,3.04,-10.00
32,2,1184.49,442.37,1292.92,504.49,0.1171,1.8,1.96,4.65,13.42,1.06,41.10,1.57,-10.00
32,2,988.74,460.64,1054.09,509.78,0.1149,1.7,1.95,4.54,7.62,1.51,49.41,1.60,-10.00
32,2,-1.00,-1.00,-1.00,-1.00,0.1036,1.7,1.97,4.63,-18.14,1.89,-28.49,1.61,-10.00
33,2,-1.00,-1.00,-1.00,-1.00,0.9593,1.8,2.04,4.86,-0.21,1.46,-7.31,-1.54,-10.00
33,2,-1.00,-1.00,-1.00,-1.00,0.9033,1.6,1.86,4.52,-9.94,1.65,-5.36,1.61,-10.00
33,2,-1.00,-1.00,-1.00,-1.00,0.8365,1.6,1.91,4.72,-10.94,1.76,-21.96,1.61,-10.00
33,2,1136.21,445.58,1392.46,530.12,0.8035,1.7,1.98,4.73,9.14,1.24,26.51,-3.06,-10.00
33,2,470.42,473.78,667.38,538.37,0.7836,1.5,1.90,4.53,-6.42,1.70,31.56,-3.11,-10.00
33,2,180.99,478.75,422.20,555.52,0.7240,1.7,2.00,4.76,-12.07,1.95,28.99,-3.03,-10.00
33,2,1419.57,438.30,1600.00,511.14,0.6334,1.7,2.05,4.89,18.40,1.02,32.61,-3.08,-10.00
33,2,-1.00,-1.00,-1.00,-1.00,0.6127,2.0,2.15,5.14,-18.46,1.83,-35.56,1.60,-10.00
33,2,-1.00,-1.00,-1.00,-1.00,0.5845,1.7,1.99,4.74,37.90,0.24,25.24,-3.09,-10.00
33,2,-1.00,-1.00,-1.00,-1.00,0.5759,1.8,2.05,4.95,24.80,0.46,25.91,-3.11,-10.00
33,2,-1.00,-1.00,-1.00,-1.00,0.4896,2.4,2.25,5.67,-28.50,2.20,19.45,0.11,-10.00
33,2,621.83,467.02,803.96,534.22,0.3844,1.7,2.01,4.75,-3.04,1.73,34.21,-3.12,-10.00
33,2,668.37,481.99,735.51,531.85,0.3820,1.7,1.90,4.50,-4.42,2.20,45.02,1.58,-10.00
33,2,-1.00,-1.00,-1.00,-1.00,0.3479,1.7,2.10,4.56,-4.98,1.52,-31.34,-1.48,-10.00
33,2,54.93,486.52,297.66,563.20,0.3165,1.7,2.03,4.79,-15.27,2.16,29.55,-2.98,-10.00
33,2,575.18,469.77,657.26,528.86,0.3153,1.8,1.97,4.60,-7.00,1.95,42.14,1.58,-10.00
33,2,-1.00,-1.00,-1.00,-1.00,0.3110,1.6,1.92,4.54,22.38,0.48,10.02,-0.38,-10.00
33,2,-1.00,-1.00,-1.00,-1.00,0.3028,1.7,1.98,4.58,-35.11,2.46,28.57,-3.09,-10.00
33,2,-1.00,-1.00,-1.00,-1.00,0.1735,1.7,1.92,4.66,-18.14,1.90,-28.88,1.58,-10.00
33,2,467.62,480.60,548.59,531.17,0.1602,1.9,1.95,4.55,-12.50,2.39,49.46,1.59,-10.00
33,2,505.86,466.13,697.48,533.04,0.1568,1.7,2.07,4.85,-6.17,1.72,34.72,-3.06,-10.00
33,2,-1.00,-1.00,-1.00,-1.00,0.1422,1.8,2.04,4.68,-28.13,2.52,28.88,0.02,-10.00
33,2,577.59,476.45,652.56,527.36,0.1380,1.7,1.91,4.42,-7.73,2.08,46.15,1.60,-10.00
33,2,616.68,463.70,676.32,513.82,0.1354,1.8,1.99,4.54,-7.25,1.72,50.83,1.52,-10.00
33,2,-1.00,-1.00,-1.00,-1.00,0.1316,1.8,2.00,4.69,-19.54,1.60,-49.15,1.65,-10.00
33,2,0.00,491.67,160.32,559.61,0.1271,1.7,1.96,4.56,-19.86,2.33,33.29,1.54,-10.00
33,2,868.93,467.82,921.23,515.58,0.1255,1.8,1.92,4.64,2.74,1.80,50.96,-1.56,-10.00
33,2,-1.00,-1.00,-1.00,-1.00,0.1255,1.8,2.00,4.68,26.25,0.75,22.78,-3.08,-10.00
33,2,1181.63,439.02,1293.22,501.79,0.1152,1.8,2.00,4.73,13.40,0.97,41.20,1.55,-10.00
33,2,1336.72,449.10,1578.73,526.88,0.1139,1.7,2.00,4.67,14.87,1.32,29.73,-3.14,-10.00
33,2,-1.00,-1.00,-1.00,-1.00,0.1095,1.7,1.96,4.57,-26.69,2.78,31.40,1.57,-10.00
33,2,1302.62,453.42,1543.31,531.39,0.1045,1.7,1.94,4.52,13.53,1.38,28.63,-3.14,-10.00
33,2,-1.00,-1.00,-1.00,-1.00,0.1029,1.8,1.97,4.56,29.91,0.60,22.35,-3.12,-10.00
34,2,-1.00,-1.00,-1.00,-1.00,0.9623,1.8,2.04,4.83,-0.21,1.47,-7.30,-1.55,-10.00
34,2,-1.00,-1.00,-1.00,-1.00,0.9154,1.6,1.91,4.71,-10.29,1.66,-11.70,1.61,-10.00
34,2,314.49,477.92,521.65,545.26,0.8253,1.6,1.93,4.58,-10.24,1.87,31.65,-3.11,-10.00
34,2,961.07,445.41,1208.75,529.52,0.7670,1.7,2.00,4.75,5.34,1.22,26.38,3.12,-10.00
34,2,0.00,486.03,234.53,561.91,0.7303,1.7,2.04,4.90,-16.91,2.14,29.66,-3.00,-10.00
34,2,-1.00,-1.00,-1.00,-1.00,0.6947,2.1,2.21,5.33,-18.50,1.77,-35.52,1.62,-10.00
34,2,-1.00,-1.00,-1.00,-1.00,0.6671,1.9,2.08,5.01,21.27,0.53,26.10,-3.08,-10.00
34,2,-1.00,-1.00,-1.00,-1.00,0.6424,1.7,1.95,4.79,-11.04,1.83,-28.84,1.59,-10.00
34,2,-1.00,-1.00,-1.00,-1.00,0.6235,1.6,1.88,4.48,-5.14,1.52,-26.54,-1.47,-10.00
34,2,-1.00,-1.00,-1.00,-1.00,0.5696,1.7,2.02,4.81,33.84,0.44,25.52,-3.10,-10.00
34,2,1143.40,449.06,1364.57,522.72,0.5314,1.6,1.92,4.55,10.01,1.21,29.64,-3.10,-10.00
34,2,-1.00,-1.00,-1.00,-1.00,0.5261,2.5,2.25,5.72,-28.24,2.24,19.44,0.10,-10.00
34,2,-1.00,-1.00,-1.00,-1.00,0.4676,1.7,2.00,4.72,36.01,0.54,31.11,-3.00,-10.00
34,2,1244.52,441.78,1462.66,514.68,0.4344,1.8,2.05,4.82,13.75,1.13,32.92,-3.10,-10.00
34,2,380.57,468.91,468.01,526.09,0.3058,1.9,1.95,4.60,-14.18,1.96,44.42,1.49,-10.00
34,2,-1.00,-1.00,-1.00,-1.00,0.3046,1.6,1.96,4.53,-35.13,2.44,28.59,-3.09,-10.00
34,2,159.56,483.90,364.85,549.35,0.2665,1.7,2.03,4.79,-15.62,2.18,34.83,-3.07,-10.00
34,2,1017.22,450.53,1237.90,528.17,0.2517,1.7,2.00,4.72,6.97,1.34,29.46,-3.09,-10.00
34,2,-1.00,-1.00,-1.00,-1.00,0.2361,1.7,1.95,4.54,-11.00,1.75,-32.25,1.61,-10.00
34,2,594.70,456.75,693.46,525.88,0.1799,1.8,1.95,4.58,-5.09,1.55,35.54,-1.53,-10.00
34,2,-1.00,-1.00,-1.00,-1.00,0.1608,1.8,2.02,4.73,3.48,1.45,-25.01,-1.49,-10.00
34,2,-1.00,-1.00,-1.00,-1.00,0.1576,1.8,2.01,4.75,-30.58,2.16,34.91,-2.94,-10.00
34,2,-1.00,-1.00,-1.00,-1.00,0.1511,1.7,2.01,4.65,-29.89,2.51,28.55,-3.12,-10.00
34,2,-1.00,-1.00,-1.00,-1.00,0.1463,1.7,2.04,4.68,-18.64,1.62,-39.28,1.59,-10.00
34,2,474.09,464.53,663.14,532.31,0.1444,1.7,2.01,4.70,-7.01,1.68,34.37,-3.06,-10.00
34,2,-1.00,-1.00,-1.00,-1.00,0.1421,1.9,2.13,5.01,-35.95,1.97,-10.47,1.69,-10.00
34,2,-1.00,-1.00,-1.00,-1.00,0.1391,1.7,2.02,4.67,10.17,1.34,-38.82,-1.61,-10.00
34,2,0.00,489.26,9.69,560.91,0.1363,1.9,2.00,4.67,-25.82,2.51,35.28,1.76,-10.00
34,2,869.92,469.61,920.33,517.40,0.1230,1.8,1.93,4.64,2.74,1.88,50.98,-1.54,-10.00
34,2,505.70,482.99,596.54,534.41,0.1212,1.7,2.00,4.74,-9.69,2.27,44.46,1.61,-10.00
34,2,439.63,472.74,531.67,525.26,0.1193,1.8,2.04,4.63,-12.87,2.07,47.61,1.62,-10.00
34,2,-1.00,-1.00,-1.00,-1.00,0.1181,1.8,2.08,4.79,-19.08,1.71,-44.92,1.62,-10.00
34,2,-1.00,-1.00,-1.00,-1.00,0.1160,1.7,1.97,4.58,12.09,1.61,-45.61,0.01,-10.00
34,2,-1.00,-1.00,-1.00,-1.00,0.1154,1.8,2.02,4.73,26.16,0.37,22.77,3.14,-10.00
34,2,-1.00,-1.00,-1.00,-1.00,0.1139,1.8,2.05,4.78,-33.48,2.01,34.66,-3.09,-10.00
34,2,267.13,474.09,468.48,540.76,0.1115,1.7,2.03,4.77,-12.55,1.92,34.48,-3.09,-10.00
34,2,-1.00,-1.00,-1.00,-1.00,0.1014,1.8,2.04,5.02,11.87,1.20,-38.73,1.56,-10.00
34,2,78.57,486.06,306.04,555.58,0.1011,1.7,2.09,4.94,-16.75,2.24,33.30,3.09,-10.00
34,2,277.68,454.78,371.19,508.98,0.1008,1.9,2.06,4.81,-20.03,1.50,50.21,1.51,-10.00
35,2,-1.00,-1.00,-1.00,-1.00,0.9606,1.8,2.04,4.83,-0.21,1.46,-7.31,-1.54,-10.00
35,2,-1.00,-1.00,-1.00,-1.00,0.8395,1.7,1.95,4.78,-10.58,1.67,-17.93,1.61,-10.00
35,2,-1.00,-1.00,-1.00,-1.00,0.8240,1.6,1.93,4.59,-4.74,1.48,-21.98,-1.49,-10.00
35,2,-1.00,-1.00,-1.00,-1.00,0.7392,2.2,2.28,5.48,-18.43,1.93,-35.59,1.59,-10.00
35,2,800.87,451.28,1052.14,536.44,0.7362,1.6,1.97,4.70,2.00,1.33,25.55,2.87,-10.00
35,2,161.23,477.22,374.47,543.43,0.6836,1.6,1.92,4.56,-14.16,1.85,31.94,-3.13,-10.00
35,2,-1.00,-1.00,-1.00,-1.00,0.6819,1.6,1.99,4.75,30.40,0.48,25.62,-3.10,-10.00
35,2,-1.00,-1.00,-1.00,-1.00,0.6291,1.6,1.91,4.67,-11.39,1.64,-35.13,1.62,-10.00
35,2,0.00,485.78,55.45,559.60,0.6284,1.7,1.93,4.60,-21.40,2.12,30.12,-3.05,-10.00
35,2,951.54,457.82,1160.68,530.35,0.6093,1.6,1.95,4.61,5.35,1.40,29.68,-3.11,-10.00
35,2,1521.72,408.13,1600.00,503.18,0.5932,1.8,2.04,4.80,17.69,0.65,26.45,-3.07,-10.00
35,2,-1.00,-1.00,-1.00,-1.00,0.4915,1.8,2.03,4.81,32.33,0.51,31.15,-3.09,-10.00
35,2,-1.00,-1.00,-1.00,-1.00,0.4763,2.4,2.21,5.58,-28.30,2.16,19.41,0.09,-10.00
35,2,90.89,473.62,298.43,537.48,0.4041,1.7,2.00,4.75,-17.56,1.86,34.99,3.14,-10.00
35,2,0.00,482.93,174.49,547.98,0.3102,1.7,2.03,4.81,-21.11,2.14,34.87,3.12,-10.00
35,2,-1.00,-1.00,-1.00,-1.00,0.2877,1.6,1.96,4.53,-35.18,2.46,28.57,-3.11,-10.00
35,2,1032.04,446.72,1230.86,517.65,0.1730,1.7,2.02,4.75,7.93,1.21,32.96,-3.09,-10.00
35,2,-1.00,-1.00,-1.00,-1.00,0.1710,1.7,1.99,4.81,-37.95,1.55,-11.05,-2.26,-10.00
35,2,-1.00,-1.00,-1.00,-1.00,0.1536,1.7,2.00,4.65,-28.51,2.55,28.56,0.01,-10.00
35,2,-1.00,-1.00,-1.00,-1.00,0.1532,1.6,1.86,4.35,-24.37,2.68,31.71,0.11,-10.00
35,2,-1.00,-1.00,-1.00,-1.00,0.1477,1.6,1.90,4.57,-18.41,2.10,-28.75,1.58,-10.00
35,2,-1.00,-1.00,-1.00,-1.00,0.1379,1.7,1.97,4.43,9.85,1.36,-38.60,-1.53,-10.00
35,2,616.50,462.50,677.39,514.12,0.1347,1.9,2.04,4.74,-7.23,1.73,50.83,1.51,-10.00
35,2,-1.00,-1.00,-1.00,-1.00,0.1321,1.8,2.05,4.81,28.58,0.90,31.55,-3.02,-10.00
35,2,-1.00,-1.00,-1.00,-1.00,0.1189,1.7,1.98,4.60,12.12,1.70,-45.61,-0.01,-10.00
35,2,-1.00,-1.00,-1.00,-1.00,0.1185,1.8,2.06,4.87,-38.71,2.12,35.50,-2.63,-10.00
35,2,867.99,465.77,920.34,513.78,0.1156,1.8,1.95,4.73,2.70,1.73,51.04,-1.55,-10.00
35,2,-1.00,-1.00,-1.00,-1.00,0.1131,1.8,2.02,4.85,-34.70,2.34,33.85,-2.67,-10.00
35,2,-1.00,-1.00,-1.00,-1.00,0.1050,1.8,1.98,4.62,-9.78,1.86,-40.13,1.53,-10.00
35,2,274.46,455.40,370.66,509.02,0.1042,1.9,2.05,4.81,-20.07,1.50,50.13,1.53,-10.00
35,2,-1.00,-1.00,-1.00,-1.00,0.1024,1.8,2.02,4.77,-37.81,1.93,36.95,-2.20,-10.00
35,2,665.76,479.18,728.33,532.41,0.1020,1.8,1.95,4.56,-4.59,2.22,44.92,1.53,-10.00
36,2,-1.00,-1.00,-1.00,-1.00,0.9633,1.8,2.05,4.86,-0.21,1.47,-7.32,-1.55,-10.00
36,2,-1.00,-1.00,-1.00,-1.00,0.9264,1.5,1.87,4.49,-4.47,1.48,-17.58,-1.53,-10.00
36,2,-1.00,-1.00,-1.00,-1.00,0.8028,1.6,1.91,4.68,-10.85,1.72,-24.22,1.62,-10.00
36,2,842.33,453.67,1050.36,528.66,0.7369,1.7,1.90,4.49,2.73,1.34,29.17,3.02,-10.00
36,2,635.80,448.80,901.94,541.94,0.7271,1.6,1.97,4.70,-1.07,1.35,23.96,2.60,-10.00
36,2,17.97,486.37,237.44,552.67,0.6412,1.6,1.93,4.58,-17.86,2.09,32.14,-3.07,-10.00
36,2,1380.00,404.88,1600.00,499.72,0.6244,1.8,2.02,4.80,14.63,0.57,26.62,-3.06,-10.00
36,2,-1.00,-1.00,-1.00,-1.00,0.5721,1.7,2.01,4.78,27.12,0.39,25.81,-3.09,-10.00
36,2,-1.00,-1.00,-1.00,-1.00,0.5202,1.8,2.01,4.80,-25.82,2.41,30.60,-3.03,-10.00
36,2,-1.00,-1.00,-1.00,-1.00,0.5107,2.3,2.19,5.48,-28.20,2.15,19.46,0.09,-10.00
36,2,-1.00,-1.00,-1.00,-1.00,0.5100,2.0,2.14,5.09,-18.55,1.77,-35.38,1.66,-10.00
36,2,-1.00,-1.00,-1.00,-1.00,0.4968,1.7,1.92,4.72,-11.53,1.50,-41.85,1.59,-10.00
36,2,992.90,463.90,1181.20,529.28,0.4769,1.6,1.92,4.58,6.78,1.53,33.02,-3.10,-10.00
36,2,-1.00,-1.00,-1.00,-1.00,0.4506,1.7,2.01,4.79,27.18,0.65,31.60,-3.08,-10.00
36,2,0.00,480.61,88.94,547.45,0.2768,1.8,2.05,4.88,-23.82,2.15,35.28,-3.10,-10.00
36,2,932.35,454.73,1000.28,512.35,0.2412,1.7,1.93,4.53,4.66,1.38,42.35,-1.53,-10.00
36,2,-1.00,-1.00,-1.00,-1.00,0.2282,1.7,1.97,4.56,-35.04,2.41,28.60,-3.04,-10.00
36,2,867.94,460.48,1057.31,531.13,0.1782,1.8,2.04,4.84,3.57,1.60,33.35,-3.06,-10.00
36,2,-1.00,-1.00,-1.00,-1.00,0.1409,1.8,2.03,4.74,-37.77,1.50,-15.44,0.08,-10.00
36,2,-1.00,-1.00,-1.00,-1.00,0.1404,1.8,2.04,4.80,-27.11,2.46,35.31,-3.10,-10.00
36,2,-1.00,-1.00,-1.00,-1.00,0.1363,1.7,1.98,4.63,29.45,0.32,22.32,-3.11,-10.00
36,2,665.49,481.73,727.53,533.71,0.1215,1.7,1.96,4.62,-4.60,2.26,44.86,1.52,-10.00
36,2,-1.00,-1.00,-1.00,-1.00,0.1152,1.7,2.03,4.80,-28.82,2.32,31.28,-3.04,-10.00
36,2,-1.00,-1.00,-1.00,-1.00,0.1080,1.8,2.00,4.67,-29.37,2.62,28.52,0.05,-10.00
36,2,471.10,476.48,552.69,526.48,0.1051,1.8,1.99,4.54,-12.43,2.21,49.79,1.60,-10.00
36,2,-1.00,-1.00,-1.00,-1.00,0.1048,1.7,1.96,4.68,-5.74,2.10,-30.49,-1.50,-10.00
36,2,616.91,464.19,677.20,515.50,0.1009,1.9,2.04,4.73,-7.23,1.79,50.85,1.51,-10.00
36,2,-1.00,-1.00,-1.00,-1.00,0.1003,1.7,2.02,4.73,27.21,0.95,30.18,-3.10,-10.00
36,2,0.00,474.62,201.95,540.08,0.1000,1.8,2.00,4.72,-20.61,1.97,35.56,-0.01,-10.00
37,2,-1.00,-1.00,-1.00,-1.00,0.9605,1.8,2.04,4.85,-0.19,1.48,-7.30,-1.56,-10.00
37,2,-1.00,-1.00,-1.00,-1.00,0.9078,1.5,1.87,4.47,-4.26,1.51,-13.90,-1.52,-10.00
37,2,-1.00,-1.00,-1.00,-1.00,0.7582,2.0,2.15,5.19,-18.44,1.71,-35.51,1.58,-10.00
37,2,720.99,469.70,943.51,542.02,0.7258,1.6,1.95,4.67,0.11,1.62,28.50,2.83,-10.00
37,2,1598.48,431.99,1600.00,502.28,0.6936,1.6,1.95,4.64,22.53,0.77,31.73,-3.08,-10.00
37,2,450.87,454.86,738.20,558.56,0.5113,1.6,1.91,4.61,-3.86,1.47,21.50,2.32,-10.00
37,2,-1.00,-1.00,-1.00,-1.00,0.5041,1.7,2.04,4.88,23.74,0.44,26.02,-3.10,-10.00
37,2,1243.28,423.59,1510.40,515.98,0.4921,1.8,2.01,4.77,11.64,0.94,26.79,-3.09,-10.00
37,2,-1.00,-1.00,-1.00,-1.00,0.4806,1.6,1.92,4.64,-10.84,1.76,-29.25,1.62,-10.00
37,2,-1.00,-1.00,-1.00,-1.00,0.4356,1.8,1.96,4.77,-12.65,1.27,-48.40,1.68,-10.00
37,2,-1.00,-1.00,-1.00,-1.00,0.4221,2.5,2.24,5.66,-28.23,2.28,19.47,0.10,-10.00
37,2,-1.00,-1.00,-1.00,-1.00,0.3397,1.6,1.94,4.49,-35.22,2.32,28.58,-3.11,-10.00
37,2,-1.00,-1.00,-1.00,-1.00,0.3283,1.9,2.07,4.86,-30.57,2.39,31.02,-3.07,-10.00
37,2,0.00,482.91,96.43,551.23,0.1562,1.7,1.98,4.63,-21.97,2.10,32.78,-3.05,-10.00
37,2,-1.00,-1.00,-1.00,-1.00,0.1410,1.7,1.94,4.63,9.82,1.39,-38.89,-1.55,-10.00
37,2,617.08,463.56,677.08,513.48,0.1386,1.8,1.98,4.59,-7.24,1.71,50.93,-1.62,-10.00
37,2,-1.00,-1.00,-1.00,-1.00,0.1371,1.6,1.97,4.63,-9.43,1.67,-29.09,1.57,-10.00
37,2,-1.00,-1.00,-1.00,-1.00,0.1326,1.7,2.00,4.65,-30.42,2.37,27.77,-3.09,-10.00
37,2,-1.00,-1.00,-1.00,-1.00,0.1312,1.7,1.96,4.65,-18.15,1.85,-28.84,1.59,-10.00
37,2,466.58,480.76,548.51,531.43,0.1301,1.9,1.97,4.54,-12.49,2.40,49.35,1.59,-10.00
37,2,565.98,473.36,650.06,530.78,0.1271,1.7,1.94,4.53,-7.00,1.94,40.55,1.57,-10.00
37,2,-1.00,-1.00,-1.00,-1.00,0.1210,1.8,1.97,4.81,-11.27,1.26,-48.81,1.48,-10.00
37,2,-1.00,-1.00,-1.00,-1.00,0.1204,1.7,1.95,4.57,-10.62,1.54,-26.02,1.60,-10.00
37,2,-1.00,-1.00,-1.00,-1.00,0.1196,1.8,2.09,4.77,-12.03,1.30,-44.99,1.56,-10.00
37,2,87.05,480.53,168.84,528.56,0.1036,1.8,1.95,4.70,-28.42,2.36,51.11,1.27,-10.00
38,2,-1.00,-1.00,-1.00,-1.00,0.9610,1.8,2.02,4.78,-0.17,1.47,-7.28,-1.56,-10.00
38,2,-1.00,-1.00,-1.00,-1.00,0.9293,1.5,1.83,4.42,-4.01,1.50,-10.52,-1.53,-10.00
38,2,215.47,462.47,577.40,591.53,0.8136,1.6,1.95,4.80,-6.02,1.65,18.19,2.13,-10.00
38,2,529.49,470.01,716.58,534.72,0.7209,1.6,1.95,4.66,-5.38,1.71,33.56,-3.11,-10.00
38,2,585.04,465.36,822.62,544.91,0.6865,1.6,1.99,4.74,-2.66,1.60,27.23,2.71,-10.00
38,2,1127.18,429.94,1378.95,520.56,0.6696,1.8,1.99,4.70,9.03,1.05,26.86,-3.09,-10.00
38,2,-1.00,-1.00,-1.00,-1.00,0.6660,1.7,2.03,4.81,20.23,0.47,26.16,-3.05,-10.00
38,2,-1.00,-1.00,-1.00,-1.00,0.6273,1.6,1.97,4.70,-26.12,2.32,33.26,-3.01,-10.00
38,2,1424.92,433.97,1600.00,505.60,0.5775,1.7,2.00,4.73,18.23,0.86,32.15,-3.08,-10.00
38,2,-1.00,-1.00,-1.00,-1.00,0.5145,2.1,2.19,5.25,-18.50,1.87,-35.50,1.63,-10.00
38,2,-1.00,-1.00,-1.00,-1.00,0.4685,2.4,2.19,5.51,-28.19,2.21,19.46,0.08,-10.00
38,2,-1.00,-1.00,-1.00,-1.00,0.3222,1.8,2.00,4.68,-34.87,2.00,31.75,-3.00,-10.00
38,2,-1.00,-1.00,-1.00,-1.00,0.2432,1.7,2.03,4.83,-32.37,1.64,35.99,3.07,-10.00
38,2,-1.00,-1.00,-1.00,-1.00,0.1779,1.7,1.97,4.59,-35.18,2.47,27.81,3.11,-10.00
38,2,418.03,477.28,616.74,545.84,0.1729,1.7,1.99,4.73,-8.13,1.98,33.23,-3.07,-10.00
38,2,-1.00,-1.00,-1.00,-1.00,0.1727,1.7,2.03,4.77,-36.30,1.97,35.82,3.01,-10.00
38,2,-1.00,-1.00,-1.00,-1.00,0.1604,1.7,1.95,4.66,-12.82,1.25,-51.85,1.59,-10.00
38,2,-1.00,-1.00,-1.00,-1.00,0.1591,1.7,1.97,4.64,-31.56,2.23,31.02,-3.03,-10.00
38,2,617.81,450.42,676.02,502.56,0.1568,1.9,2.00,4.66,-7.25,1.25,50.91,-1.64,-10.00
38,2,-1.00,-1.00,-1.00,-1.00,0.1353,1.8,1.98,4.54,-40.89,1.21,29.08,3.08,-10.00
38,2,1174.44,438.93,1286.80,498.70,0.1326,1.7,1.93,4.53,13.11,0.86,40.96,1.51,-10.00
38,2,-1.00,-1.00,-1.00,-1.00,0.1287,1.7,1.98,4.60,-28.15,2.45,28.60,0.02,-10.00
38,2,868.57,466.67,922.32,515.59,0.1232,1.8,1.93,4.65,2.75,1.80,50.91,1.58,-10.00
38,2,-1.00,-1.00,-1.00,-1.00,0.1133,1.7,1.96,4.56,12.15,1.57,-45.61,-0.02,-10.00
38,2,-1.00,-1.00,-1.00,-1.00,0.1127,1.6,1.92,4.64,-18.16,1.82,-28.81,1.59,-10.00
38,2,-1.00,-1.00,-1.00,-1.00,0.1086,1.7,2.02,4.72,26.68,0.40,22.41,3.06,-10.00
38,2,170.91,470.87,244.98,518.52,0.1057,1.8,2.04,4.78,-25.25,1.93,51.06,-2.17,-10.00
39,2,-1.00,-1.00,-1.00,-1.00,0.9630,1.8,2.03,4.81,-0.19,1.47,-7.30,-1.56,-10.00
39,2,-1.00,-1.00,-1.00,-1.00,0.9302,1.5,1.85,4.49,-3.79,1.57,-7.68,-1.51,-10.00
39,2,0.00,472.93,345.77,650.07,0.8261,1.6,1.90,4.65,-7.78,1.79,14.01,1.92,-10.00
39,2,462.36,460.43,712.98,546.25,0.7261,1.6,1.95,4.64,-4.84,1.53,25.64,2.53,-10.00
39,2,-1.00,-1.00,-1.00,-1.00,0.7198,1.7,1.93,4.71,-11.74,1.41,-44.61,1.59,-10.00
39,2,-1.00,-1.00,-1.00,-1.00,0.6782,2.2,2.23,5.44,-18.40,1.90,-35.64,1.60,-10.00
39,2,1006.16,428.50,1252.18,521.36,0.6579,1.9,1.98,4.68,6.37,1.06,26.73,3.07,-10.00
39,2,358.41,467.89,561.74,535.73,0.6179,1.7,2.02,4.84,-9.76,1.74,33.64,-3.10,-10.00
39,2,-1.00,-1.00,-1.00,-1.00,0.5617,1.8,2.00,4.72,-30.50,2.38,33.87,-3.00,-10.00
39,2,1474.87,406.20,1600.00,500.35,0.4285,1.8,2.01,4.77,16.67,0.59,26.52,-3.10,-10.00
39,2,-1.00,-1.00,-1.00,-1.00,0.3960,2.4,2.20,5.53,-28.23,2.13,19.48,0.11,-10.00
39,2,237.84,477.32,447.78,545.32,0.2678,1.7,2.04,4.82,-12.88,1.99,33.57,-3.09,-10.00
39,2,617.68,453.97,675.93,506.45,0.1912,1.9,2.03,4.63,-7.24,1.41,50.80,1.50,-10.00
39,2,692.41,479.07,755.75,531.33,0.1656,1.8,1.98,4.74,-3.66,2.20,45.45,1.55,-10.00
39,2,-1.00,-1.00,-1.00,-1.00,0.1457,1.7,1.95,4.67,-18.15,1.92,-28.90,1.59,-10.00
39,2,-1.00,-1.00,-1.00,-1.00,0.1329,1.8,1.96,4.64,26.41,0.76,25.97,0.09,-10.00
39,2,701.48,481.27,841.16,533.78,0.1314,1.7,2.04,4.77,-1.89,2.21,43.88,3.14,-10.00
39,2,-1.00,-1.00,-1.00,-1.00,0.1102,1.7,1.90,4.43,22.84,0.23,5.23,2.90,-10.00
39,2,868.94,467.71,919.49,516.17,0.1077,1.8,1.94,4.63,2.70,1.83,50.90,1.61,-10.00
39,2,-1.00,-1.00,-1.00,-1.00,0.1058,1.7,2.03,4.68,10.13,1.36,-38.87,-1.61,-10.00
39,2,-1.00,-1.00,-1.00,-1.00,0.1052,1.7,1.94,4.51,-35.27,2.37,28.21,-3.08,-10.00
39,2,-1.00,-1.00,-1.00,-1.00,0.1030,1.7,2.01,4.64,-11.46,1.62,-33.93,-1.54,-10.00
