0,2,-1.00,-1.00,-1.00,-1.00,0.3746,1.6,1.86,4.30,29.63,1.07,-3.90,-3.07,-10.00
0,2,-1.00,-1.00,-1.00,-1.00,0.2470,1.7,1.98,4.49,-5.57,1.30,-52.65,-1.54,-10.00
0,2,-1.00,-1.00,-1.00,-1.00,0.2092,1.8,2.05,4.64,-46.95,-0.05,-8.84,1.55,-10.00
0,2,-1.00,-1.00,-1.00,-1.00,0.1947,1.7,1.93,4.43,18.60,0.61,20.13,-0.08,-10.00
0,2,-1.00,-1.00,-1.00,-1.00,0.1781,1.6,1.91,4.43,17.89,1.22,22.56,-0.03,-10.00
0,2,-1.00,-1.00,-1.00,-1.00,0.1676,1.7,1.83,4.45,7.35,1.29,-36.76,1.59,-10.00
0,2,-1.00,-1.00,-1.00,-1.00,0.1512,1.7,1.93,4.37,29.71,0.92,-1.43,-3.04,-10.00
0,2,-1.00,-1.00,-1.00,-1.00,0.1422,1.7,1.92,4.45,15.02,1.64,-18.15,0.04,-10.00
0,2,-1.00,-1.00,-1.00,-1.00,0.1305,1.7,1.92,4.44,-36.70,0.89,-22.15,-0.00,-10.00
0,2,-1.00,-1.00,-1.00,-1.00,0.1255,1.7,1.94,4.51,-27.64,0.60,-20.48,-3.12,-10.00
0,2,-1.00,-1.00,-1.00,-1.00,0.1234,1.7,1.89,4.46,-7.97,1.41,-47.29,-1.54,-10.00
0,2,-1.00,-1.00,-1.00,-1.00,0.1218,1.6,1.88,4.40,-24.85,0.81,-22.52,0.04,-10.00
0,2,-1.00,-1.00,-1.00,-1.00,0.1193,1.7,1.92,4.49,18.99,1.66,-32.67,-3.11,-10.00
0,2,-1.00,-1.00,-1.00,-1.00,0.1104,1.6,1.92,4.44,0.38,2.00,-42.36,1.55,-10.00
0,2,1173.37,464.92,1355.34,528.58,0.1087,1.7,1.97,4.54,12.87,1.04,36.52,-0.11,-10.00
0,2,-1.00,-1.00,-1.00,-1.00,0.1027,1.7,1.97,4.58,-25.08,0.06,-13.69,-1.52,-10.00
1,2,-1.00,-1.00,-1.00,-1.00,0.7854,1.6,1.83,4.39,-29.88,0.68,-13.92,1.65,-10.00
1,2,-1.00,-1.00,-1.00,-1.00,0.5547,1.7,1.92,4.44,18.97,0.76,15.27,0.09,-10.00
1,2,-1.00,-1.00,-1.00,-1.00,0.5378,1.6,1.86,4.27,29.57,0.90,-8.62,-3.10,-10.00
1,2,-1.00,-1.00,-1.00,-1.00,0.4911,1.7,1.91,4.40,29.76,0.67,-6.18,-3.10,-10.00
1,2,-1.00,-1.00,-1.00,-1.00,0.4294,1.9,1.98,4.63,16.89,0.77,-45.43,0.03,-10.00
1,2,-1.00,-1.00,-1.00,-1.00,0.3359,1.5,1.90,4.45,-40.35,0.39,-24.28,0.03,-10.00
1,2,-1.00,-1.00,-1.00,-1.00,0.2884,1.7,1.87,4.31,30.13,0.44,0.62,3.03,-10.00
1,2,-1.00,-1.00,-1.00,-1.00,0.2775,1.8,1.98,4.60,-45.61,-0.07,-23.59,-3.10,-10.00
1,2,-1.00,-1.00,-1.00,-1.00,0.2586,1.7,1.88,4.39,30.09,-0.23,2.99,-3.09,-10.00
1,2,-1.00,-1.00,-1.00,-1.00,0.2083,1.6,1.86,4.34,29.87,1.04,-3.79,-3.07,-10.00
1,2,-1.00,-1.00,-1.00,-1.00,0.1809,1.7,1.92,4.40,19.48,1.15,0.54,0.08,-10.00
1,2,1313.24,456.78,1504.20,519.74,0.1807,1.8,2.00,4.65,17.29,0.81,37.12,0.02,-10.00
1,2,-1.00,-1.00,-1.00,-1.00,0.1755,1.6,1.90,4.52,-6.86,1.55,-51.17,0.06,-10.00
1,2,-1.00,-1.00,-1.00,-1.00,0.1664,1.6,1.90,4.38,18.79,0.85,12.60,0.09,-10.00
1,2,-1.00,-1.00,-1.00,-1.00,0.1664,1.7,1.89,4.36,-32.21,0.41,-13.57,1.65,-10.00
1,2,-1.00,-1.00,-1.00,-1.00,0.1610,1.7,1.92,4.50,19.12,1.00,17.78,0.09,-10.00
1,2,-1.00,-1.00,-1.00,-1.00,0.1490,1.8,1.94,4.53,40.41,0.55,-19.15,-3.04,-10.00
1,2,-1.00,-1.00,-1.00,-1.00,0.1330,1.5,1.88,4.43,-12.21,1.63,-30.13,0.07,-10.00
1,2,1211.87,484.61,1439.15,559.65,0.1294,1.6,1.90,4.44,11.57,1.51,28.99,0.01,-10.00
1,2,-1.00,-1.00,-1.00,-1.00,0.1225,1.7,1.94,4.53,-46.07,0.24,-26.37,0.05,-10.00
1,2,1341.96,468.51,1544.77,531.54,0.1216,1.6,1.93,4.45,16.64,1.04,33.81,0.09,-10.00
1,2,-1.00,-1.00,-1.00,-1.00,0.1211,1.6,1.82,4.28,-26.16,0.49,-20.48,-3.00,-10.00
1,2,-1.00,-1.00,-1.00,-1.00,0.1211,1.7,1.98,4.54,-35.88,0.76,-23.27,-1.51,-10.00
2,2,-1.00,-1.00,-1.00,-1.00,0.6891,1.6,1.83,4.41,-29.89,1.04,-18.57,1.66,-10.00
2,2,-1.00,-1.00,-1.00,-1.00,0.3164,1.6,1.83,4.37,-32.30,0.78,-18.26,-1.45,-10.00
2,2,-1.00,-1.00,-1.00,-1.00,0.1630,1.7,1.95,4.52,18.84,0.55,10.22,-0.03,-10.00
2,2,-1.00,-1.00,-1.00,-1.00,0.1428,1.7,1.91,4.45,19.80,0.67,5.76,0.07,-10.00
2,2,-1.00,-1.00,-1.00,-1.00,0.1315,1.6,1.92,4.47,19.05,0.40,8.54,-0.02,-10.00
2,2,-1.00,-1.00,-1.00,-1.00,0.1270,1.7,1.95,4.46,19.85,0.39,3.41,0.07,-10.00
2,2,-1.00,-1.00,-1.00,-1.00,0.1260,1.6,1.86,4.37,-15.48,1.56,-22.88,3.11,-10.00
2,2,-1.00,-1.00,-1.00,-1.00,0.1200,1.7,1.94,4.57,-22.07,1.04,-32.03,-3.14,-10.00
2,2,-1.00,-1.00,-1.00,-1.00,0.1095,1.7,1.95,4.51,-34.47,-0.49,47.67,2.98,-10.00
2,2,-1.00,-1.00,-1.00,-1.00,0.1076,1.7,1.96,4.57,-39.98,1.34,-31.59,-3.11,-10.00
2,2,61.48,402.02,163.14,466.38,0.1001,1.7,1.87,4.37,-21.73,-0.87,39.26,-1.87,-10.00
3,2,-1.00,-1.00,-1.00,-1.00,0.4588,1.6,1.92,4.38,-30.04,1.08,-22.81,1.64,-10.00
3,2,-1.00,-1.00,-1.00,-1.00,0.4564,1.6,1.87,4.37,-25.58,1.03,-29.28,0.06,-10.00
3,2,378.22,434.04,475.96,490.58,0.4120,1.9,2.04,4.97,-14.74,-0.09,48.29,-1.54,-10.00
3,2,237.40,437.52,336.15,486.74,0.3568,1.7,1.90,4.50,-20.09,-0.24,48.25,-1.58,-10.00
3,2,-1.00,-1.00,-1.00,-1.00,0.3158,1.6,1.88,4.39,-26.51,1.16,-26.14,0.05,-10.00
3,2,-1.00,-1.00,-1.00,-1.00,0.2319,1.6,1.91,4.44,-16.48,1.63,-26.52,3.13,-10.00
3,2,455.55,438.15,535.86,487.71,0.2307,1.7,1.89,4.52,-12.11,-0.20,48.12,-1.57,-10.00
3,2,306.59,437.66,400.19,488.90,0.2171,1.8,1.95,4.61,-17.56,-0.15,48.27,-1.59,-10.00
3,2,-1.00,-1.00,-1.00,-1.00,0.2052,1.7,1.92,4.47,18.48,0.60,6.72,0.01,-10.00
3,2,-1.00,-1.00,-1.00,-1.00,0.1533,1.6,1.86,4.35,-32.29,0.76,-22.08,1.65,-10.00
3,2,-1.00,-1.00,-1.00,-1.00,0.1509,1.7,1.88,4.39,29.24,1.01,-15.53,-3.13,-10.00
3,2,-1.00,-1.00,-1.00,-1.00,0.1509,1.7,1.88,4.37,29.42,0.77,-16.94,-3.04,-10.00
3,2,517.40,434.43,596.31,485.65,0.1418,1.7,1.94,4.78,-9.61,-0.28,47.29,1.57,-10.00
3,2,0.00,389.52,154.75,461.18,0.1394,1.7,1.95,4.48,-20.90,-0.93,35.15,2.66,-10.00
3,2,1382.87,462.37,1600.00,573.41,0.1349,1.7,1.92,4.47,11.70,1.25,20.21,-0.03,-10.00
3,2,-1.00,-1.00,-1.00,-1.00,0.1311,1.7,1.98,4.63,-33.86,1.61,-35.57,0.03,-10.00
3,2,150.03,430.85,298.23,478.85,0.1172,1.6,1.95,4.54,-21.83,-0.51,46.81,3.13,-10.00
3,2,-1.00,-1.00,-1.00,-1.00,0.1097,1.6,1.92,4.40,-32.90,-1.98,38.32,-1.66,-10.00
3,2,-1.00,-1.00,-1.00,-1.00,0.1039,1.7,1.95,4.48,18.78,0.88,-0.26,-0.01,-10.00
4,2,310.15,438.50,421.18,494.12,0.7733,1.7,1.90,4.49,-14.95,0.04,42.28,-1.52,-10.00
4,2,-1.00,-1.00,-1.00,-1.00,0.5077,1.8,1.91,4.45,18.91,1.16,-13.56,0.03,-10.00
4,2,-1.00,-1.00,-1.00,-1.00,0.3561,1.8,1.95,4.54,18.58,0.75,1.05,0.04,-10.00
4,2,391.25,440.13,494.79,494.04,0.3123,1.6,1.88,4.59,-12.40,0.04,42.40,-1.52,-10.00
4,2,212.14,426.57,338.40,490.51,0.2859,1.9,1.98,4.67,-17.75,-0.08,41.82,-1.53,-10.00
4,2,-1.00,-1.00,-1.00,-1.00,0.2380,1.7,1.95,4.46,18.52,0.79,-3.86,-0.02,-10.00
4,2,-1.00,-1.00,-1.00,-1.00,0.2162,1.7,1.93,4.42,18.49,0.79,-2.19,-0.02,-10.00
4,2,-1.00,-1.00,-1.00,-1.00,0.2112,1.6,1.91,4.33,18.49,1.09,-15.81,0.06,-10.00
4,2,-1.00,-1.00,-1.00,-1.00,0.1935,1.7,1.90,4.44,18.68,1.20,-11.01,0.02,-10.00
4,2,-1.00,-1.00,-1.00,-1.00,0.1916,1.7,1.93,4.48,-16.18,1.46,-41.76,0.04,-10.00
4,2,134.25,424.24,268.10,482.93,0.1746,1.7,1.97,4.55,-20.43,-0.35,42.31,-1.49,-10.00
4,2,-1.00,-1.00,-1.00,-1.00,0.1619,1.7,1.98,4.56,-30.01,1.09,-28.79,-1.55,-10.00
4,2,-1.00,-1.00,-1.00,-1.00,0.1584,1.8,1.96,4.53,18.52,0.73,-0.55,0.04,-10.00
4,2,-1.00,-1.00,-1.00,-1.00,0.1240,1.6,1.91,4.46,-10.93,1.38,-41.80,0.03,-10.00
4,2,-1.00,-1.00,-1.00,-1.00,0.1202,1.8,1.99,4.68,-38.82,0.88,-41.21,3.11,-10.00
4,2,-1.00,-1.00,-1.00,-1.00,0.1200,1.7,1.94,4.47,19.05,1.26,-8.61,0.03,-10.00
4,2,440.64,435.79,615.09,495.80,0.1144,1.6,1.87,4.31,-7.96,0.10,35.11,-2.92,-10.00
4,2,-1.00,-1.00,-1.00,-1.00,0.1071,1.7,1.94,4.47,29.63,0.72,-13.41,3.14,-10.00
4,2,1118.09,448.01,1250.02,494.72,0.1030,1.7,1.96,4.50,14.06,0.09,48.59,-3.13,-10.00
5,2,229.48,444.31,357.36,509.08,0.6626,1.8,1.89,4.48,-15.27,0.50,37.26,-1.57,-10.00
5,2,328.73,451.64,443.00,510.92,0.6618,1.6,1.88,4.50,-12.59,0.56,37.35,-1.59,-10.00
5,2,39.41,452.64,192.60,514.16,0.5034,1.7,1.88,4.54,-20.60,0.66,37.49,-1.54,-10.00
5,2,-1.00,-1.00,-1.00,-1.00,0.4310,1.8,2.03,4.73,18.88,0.85,-3.47,0.06,-10.00
5,2,-1.00,-1.00,-1.00,-1.00,0.3684,1.7,1.93,4.50,18.08,1.00,-8.56,0.06,-10.00
5,2,-1.00,-1.00,-1.00,-1.00,0.3603,1.7,1.88,4.35,19.03,0.79,-18.20,-0.03,-10.00
5,2,-1.00,-1.00,-1.00,-1.00,0.2885,1.7,1.88,4.26,-29.68,0.79,-33.26,1.60,-10.00
5,2,-1.00,-1.00,-1.00,-1.00,0.2696,1.7,1.95,4.53,18.16,0.80,-15.53,-0.04,-10.00
5,2,0.00,448.21,52.80,500.65,0.2553,1.8,2.03,4.76,-30.93,0.31,46.47,-2.99,-10.00
5,2,-1.00,-1.00,-1.00,-1.00,0.2464,1.6,1.91,4.37,18.63,0.68,-10.93,0.03,-10.00
5,2,126.23,436.51,277.06,511.27,0.2267,2.0,1.96,4.77,-17.95,0.57,37.27,-1.54,-10.00
5,2,-1.00,-1.00,-1.00,-1.00,0.2159,1.7,1.92,4.43,18.64,0.83,-5.83,0.00,-10.00
5,2,-1.00,-1.00,-1.00,-1.00,0.1764,1.6,1.92,4.38,17.81,0.78,-20.52,0.07,-10.00
5,2,-1.00,-1.00,-1.00,-1.00,0.1758,1.7,1.96,4.50,19.14,0.92,-13.02,0.05,-10.00
5,2,-1.00,-1.00,-1.00,-1.00,0.1510,1.6,1.84,4.21,-30.62,0.87,9.55,-0.12,-10.00
5,2,1258.67,422.19,1392.49,498.32,0.1492,1.7,1.93,4.49,12.42,0.13,31.18,1.68,-10.00
5,2,0.00,455.39,130.94,513.12,0.1280,1.6,1.91,4.45,-22.23,0.60,36.00,-3.13,-10.00
5,2,-1.00,-1.00,-1.00,-1.00,0.1263,1.6,1.96,4.50,22.17,1.02,-4.85,-1.58,-10.00
5,2,-1.00,-1.00,-1.00,-1.00,0.1077,1.7,1.95,4.53,19.40,0.91,-7.45,-0.00,-10.00
5,2,-1.00,-1.00,-1.00,-1.00,0.1070,1.7,1.92,4.47,30.34,0.68,0.96,-0.04,-10.00
5,2,-1.00,-1.00,-1.00,-1.00,0.1054,1.6,1.92,4.44,-22.68,1.33,-37.34,0.04,-10.00
5,2,-1.00,-1.00,-1.00,-1.00,0.1032,1.6,1.94,4.28,-31.69,0.45,-32.66,1.65,-10.00
5,2,-1.00,-1.00,-1.00,-1.00,0.1024,1.7,1.92,4.45,-33.69,0.01,-28.01,3.03,-10.00
6,2,238.63,501.33,389.78,573.83,0.7597,1.7,1.92,4.58,-12.83,2.01,32.70,-1.53,-10.00
6,2,131.84,495.85,289.72,577.28,0.6571,1.9,1.91,4.42,-15.45,2.09,32.60,-1.57,-10.00
6,2,-1.00,-1.00,-1.00,-1.00,0.6167,1.7,1.96,4.54,18.58,0.23,-8.27,0.05,-10.00
6,2,323.83,510.69,469.13,578.53,0.4013,1.6,1.88,4.56,-10.45,2.07,31.92,1.64,-10.00
6,2,-1.00,-1.00,-1.00,-1.00,0.3746,1.6,1.89,4.37,-29.69,0.07,-38.39,1.60,-10.00
6,2,0.00,514.34,95.52,586.57,0.3723,1.7,1.95,4.63,-20.89,2.31,32.61,-1.56,-10.00
6,2,-1.00,-1.00,-1.00,-1.00,0.3483,1.7,1.91,4.43,18.59,-0.06,-13.49,0.11,-10.00
6,2,-1.00,-1.00,-1.00,-1.00,0.2713,1.7,1.92,4.43,18.67,0.10,-10.96,0.07,-10.00
6,2,-1.00,-1.00,-1.00,-1.00,0.2368,1.6,1.92,4.35,18.59,-0.20,-15.74,0.02,-10.00
6,2,0.97,484.76,189.31,578.12,0.1931,2.2,2.02,4.82,-18.24,2.08,32.35,-1.57,-10.00
6,2,-1.00,-1.00,-1.00,-1.00,0.1635,1.6,1.89,4.33,-32.22,-0.03,-37.70,1.65,-10.00
6,2,-1.00,-1.00,-1.00,-1.00,0.1377,1.7,1.93,4.49,-34.05,-0.22,-49.99,-2.56,-10.00
6,2,-1.00,-1.00,-1.00,-1.00,0.1176,1.7,1.90,4.40,-32.60,-0.14,-32.86,3.09,-10.00
6,2,-1.00,-1.00,-1.00,-1.00,0.1116,1.6,1.91,4.46,-22.92,-0.13,-41.69,-3.11,-10.00
7,2,-1.00,-1.00,-1.00,-1.00,0.6375,1.6,1.93,4.52,31.57,0.48,-0.67,-3.08,-10.00
7,2,-1.00,-1.00,-1.00,-1.00,0.5908,1.6,1.85,4.35,-20.85,1.58,27.61,-1.54,-10.00
7,2,-1.00,-1.00,-1.00,-1.00,0.5657,1.8,1.93,4.47,18.60,0.29,-13.02,0.04,-10.00
7,2,0.00,469.71,200.52,566.89,0.5585,1.9,1.94,4.40,-15.52,1.55,27.68,-1.57,-10.00
7,2,135.67,481.85,317.50,559.67,0.5288,1.6,1.87,4.45,-12.74,1.41,27.69,-1.57,-10.00
7,2,-1.00,-1.00,-1.00,-1.00,0.2491,1.6,1.91,4.44,30.53,0.22,-3.43,-3.00,-10.00
7,2,0.00,462.87,86.52,567.42,0.2292,2.1,1.98,4.81,-18.29,1.55,27.62,-1.58,-10.00
7,2,-1.00,-1.00,-1.00,-1.00,0.1993,1.7,1.93,4.40,18.21,0.42,-15.43,0.02,-10.00
7,2,-1.00,-1.00,-1.00,-1.00,0.1821,1.6,1.89,4.24,24.28,0.87,-13.21,1.59,-10.00
7,2,-1.00,-1.00,-1.00,-1.00,0.1809,1.7,1.93,4.43,18.54,0.22,-18.20,-0.01,-10.00
7,2,-1.00,-1.00,-1.00,-1.00,0.1554,1.8,1.92,4.55,-30.87,1.74,36.46,-3.07,-10.00
7,2,246.74,480.39,426.90,564.02,0.1552,1.6,1.89,4.57,-10.15,1.46,27.22,1.63,-10.00
7,2,967.12,478.39,1047.75,525.70,0.1391,1.6,1.87,4.36,6.74,1.19,45.10,1.49,-10.00
7,2,-1.00,-1.00,-1.00,-1.00,0.1329,1.7,1.93,4.48,-17.01,0.88,-46.15,3.10,-10.00
7,2,-1.00,-1.00,-1.00,-1.00,0.1097,1.7,1.91,4.42,29.27,-0.22,-27.82,-2.96,-10.00
8,2,0.00,468.11,88.91,586.28,0.8603,1.9,1.90,4.41,-15.48,1.59,23.06,-1.57,-10.00
8,2,0.00,484.74,215.16,578.82,0.7075,1.5,1.82,4.35,-12.87,1.47,22.95,1.58,-10.00
8,2,-1.00,-1.00,-1.00,-1.00,0.6347,1.6,1.88,4.39,31.58,0.29,-5.52,-3.09,-10.00
8,2,-1.00,-1.00,-1.00,-1.00,0.5217,1.8,1.96,4.58,-20.93,1.87,23.25,-1.56,-10.00
8,2,-1.00,-1.00,-1.00,-1.00,0.3351,1.7,1.92,4.47,18.27,1.04,-17.79,0.08,-10.00
8,2,-1.00,-1.00,-1.00,-1.00,0.2516,2.2,1.99,4.79,-18.24,1.77,22.85,-1.57,-10.00
8,2,-1.00,-1.00,-1.00,-1.00,0.2482,1.7,1.92,4.44,18.78,0.55,-23.04,0.00,-10.00
8,2,-1.00,-1.00,-1.00,-1.00,0.1969,1.7,1.86,4.34,29.13,-0.44,-41.71,-3.05,-10.00
8,2,-1.00,-1.00,-1.00,-1.00,0.1637,1.7,1.93,4.46,-40.98,2.62,24.61,-3.07,-10.00
8,2,85.14,480.60,312.71,577.98,0.1516,1.6,1.86,4.50,-10.87,1.43,22.73,1.57,-10.00
8,2,269.74,486.98,420.22,550.43,0.1482,1.5,1.79,4.32,-12.08,1.46,32.78,1.71,-10.00
8,2,-1.00,-1.00,-1.00,-1.00,0.1366,1.6,1.89,4.40,18.41,0.80,-20.59,0.00,-10.00
8,2,-1.00,-1.00,-1.00,-1.00,0.1136,1.7,1.89,4.38,29.46,-0.21,-40.28,3.11,-10.00
8,2,-1.00,-1.00,-1.00,-1.00,0.1032,1.8,1.93,4.41,-33.32,2.08,31.93,-3.07,-10.00
8,2,-1.00,-1.00,-1.00,-1.00,0.1001,1.7,1.94,4.51,26.17,0.74,-17.07,-3.13,-10.00
9,2,0.00,466.99,80.12,587.89,0.8074,1.5,1.81,4.32,-12.87,1.27,18.44,-1.58,-10.00
9,2,-1.00,-1.00,-1.00,-1.00,0.7625,1.7,1.90,4.51,-20.93,1.81,18.58,-1.58,-10.00
9,2,-1.00,-1.00,-1.00,-1.00,0.7016,1.6,1.92,4.49,31.43,0.69,-10.14,-3.10,-10.00
9,2,-1.00,-1.00,-1.00,-1.00,0.4517,1.8,1.99,4.70,-15.49,1.39,18.52,-1.56,-10.00
9,2,-1.00,-1.00,-1.00,-1.00,0.3914,1.7,1.92,4.45,37.00,0.34,-10.21,-3.13,-10.00
9,2,-1.00,-1.00,-1.00,-1.00,0.3664,1.6,1.89,4.43,42.35,0.30,-9.93,3.06,-10.00
9,2,-1.00,-1.00,-1.00,-1.00,0.2559,2.1,2.04,5.08,-18.48,1.55,18.52,-1.59,-10.00
9,2,0.00,457.36,214.76,588.65,0.1694,1.6,1.87,4.63,-10.58,1.23,17.85,1.60,-10.00
9,2,-1.00,-1.00,-1.00,-1.00,0.1623,1.7,1.97,4.55,-43.89,0.94,-42.80,-1.60,-10.00
9,2,1076.31,460.07,1200.89,502.61,0.1561,1.6,1.90,4.36,12.33,0.40,48.65,-3.08,-10.00
9,2,-1.00,-1.00,-1.00,-1.00,0.1463,1.8,1.94,4.48,-41.10,2.59,19.92,2.73,-10.00
9,2,0.00,460.83,134.99,552.84,0.1315,1.5,1.88,4.34,-14.70,1.04,22.31,-0.04,-10.00
9,2,1281.40,436.70,1483.43,503.91,0.1280,1.6,1.89,4.34,14.47,0.30,32.53,-0.01,-10.00
9,2,1116.92,455.98,1260.09,504.94,0.1214,1.6,1.88,4.34,12.71,0.44,43.42,3.12,-10.00
9,2,-1.00,-1.00,-1.00,-1.00,0.1213,1.7,1.93,4.52,35.85,0.67,-1.74,-3.09,-10.00
9,2,-1.00,-1.00,-1.00,-1.00,0.1160,1.6,1.91,4.37,-31.16,1.39,-41.71,1.59,-10.00
9,2,-1.00,-1.00,-1.00,-1.00,0.1140,1.6,1.91,4.41,-34.45,2.29,-26.46,0.10,-10.00
9,2,0.00,481.31,213.10,560.86,0.1088,1.5,1.89,4.38,-14.78,1.36,25.53,2.94,-10.00
9,2,-1.00,-1.00,-1.00,-1.00,0.1019,1.6,1.84,4.38,-7.12,2.11,-36.52,1.52,-10.00
10,2,-1.00,-1.00,-1.00,-1.00,0.7667,1.9,1.93,4.54,-15.53,1.34,13.89,-1.57,-10.00
10,2,-1.00,-1.00,-1.00,-1.00,0.7527,1.5,1.81,4.46,-12.95,1.30,13.79,-1.52,-10.00
10,2,-1.00,-1.00,-1.00,-1.00,0.6179,1.5,1.85,4.33,31.36,1.14,-14.71,0.05,-10.00
10,2,-1.00,-1.00,-1.00,-1.00,0.2942,1.7,1.90,4.47,36.95,0.64,-14.66,-3.08,-10.00
10,2,-1.00,-1.00,-1.00,-1.00,0.2404,1.7,1.96,4.54,-20.85,1.21,14.03,-1.46,-10.00
10,2,-1.00,-1.00,-1.00,-1.00,0.1430,2.0,2.03,4.93,-18.25,1.35,13.74,-1.50,-10.00
10,2,-1.00,-1.00,-1.00,-1.00,0.1410,1.6,1.90,4.33,-41.17,1.93,15.94,-0.17,-10.00
10,2,223.15,408.75,527.20,529.28,0.1298,2.8,2.55,6.72,-10.92,0.90,31.63,-2.99,-10.00
10,2,-1.00,-1.00,-1.00,-1.00,0.1191,1.7,1.85,4.38,-7.17,1.31,-41.24,1.54,-10.00
10,2,346.40,474.48,531.45,535.34,0.1051,1.6,1.91,4.46,-10.31,1.17,34.79,-3.03,-10.00
10,2,-1.00,-1.00,-1.00,-1.00,0.1015,2.1,2.19,5.31,-42.57,1.95,23.12,0.03,-10.00
11,2,-1.00,-1.00,-1.00,-1.00,0.8563,1.5,1.78,4.31,-13.03,1.02,8.69,-1.57,-10.00
11,2,-1.00,-1.00,-1.00,-1.00,0.7976,1.9,1.92,4.61,-15.68,1.07,8.77,-1.57,-10.00
11,2,-1.00,-1.00,-1.00,-1.00,0.3787,1.7,1.93,4.51,-21.09,0.91,8.80,-1.54,-10.00
11,2,-1.00,-1.00,-1.00,-1.00,0.2912,1.7,1.86,4.33,38.52,0.85,-19.58,0.03,-10.00
11,2,-1.00,-1.00,-1.00,-1.00,0.2310,1.7,1.83,4.36,-6.83,1.56,-46.28,1.49,-10.00
11,2,-1.00,-1.00,-1.00,-1.00,0.2012,1.6,1.93,4.46,-36.53,0.09,17.70,-3.11,-10.00
11,2,-1.00,-1.00,-1.00,-1.00,0.1988,1.7,1.95,4.57,-41.59,0.29,17.78,0.03,-10.00
11,2,-1.00,-1.00,-1.00,-1.00,0.1850,2.0,2.00,4.99,-18.49,0.96,9.01,-1.58,-10.00
11,2,-1.00,-1.00,-1.00,-1.00,0.1667,1.7,1.92,4.43,-41.49,1.10,9.92,3.13,-10.00
11,2,105.15,401.87,459.90,541.78,0.1638,2.8,2.47,6.53,-11.15,1.00,26.71,-2.99,-10.00
11,2,1196.11,472.06,1312.40,540.87,0.1476,1.8,1.89,4.58,12.01,1.31,35.04,-1.51,-10.00
11,2,500.19,468.79,563.09,515.29,0.1344,1.6,1.85,4.43,-10.38,0.86,46.45,1.44,-10.00
11,2,-1.00,-1.00,-1.00,-1.00,0.1184,1.6,1.88,4.31,44.01,0.74,-19.55,-3.12,-10.00
11,2,265.27,462.83,485.54,535.27,0.1028,1.6,1.90,4.44,-10.20,0.99,29.50,-3.05,-10.00
12,2,-1.00,-1.00,-1.00,-1.00,0.8692,1.6,1.86,4.44,-13.18,1.03,4.12,-1.59,-10.00
12,2,-1.00,-1.00,-1.00,-1.00,0.6975,2.0,1.98,4.85,-15.83,1.01,4.25,-1.59,-10.00
12,2,-1.00,-1.00,-1.00,-1.00,0.5206,1.7,1.91,4.50,-21.31,0.98,3.93,-1.61,-10.00
12,2,-1.00,-1.00,-1.00,-1.00,0.2338,1.8,1.94,4.58,-18.76,0.93,4.42,1.58,-10.00
12,2,-1.00,-1.00,-1.00,-1.00,0.1372,1.7,1.94,4.52,-31.02,0.73,12.79,0.02,-10.00
12,2,0.00,375.66,388.73,553.13,0.1286,2.9,2.55,6.83,-11.34,1.01,22.19,-3.02,-10.00
12,2,-1.00,-1.00,-1.00,-1.00,0.1034,1.6,1.85,4.33,-34.63,0.67,-11.07,1.52,-10.00
13,2,-1.00,-1.00,-1.00,-1.00,0.8820,1.6,1.79,4.38,-13.18,1.05,-0.36,-1.59,-10.00
13,2,-1.00,-1.00,-1.00,-1.00,0.8143,1.9,1.90,4.49,-15.87,0.99,-0.41,-1.63,-10.00
13,2,-1.00,-1.00,-1.00,-1.00,0.1819,2.0,1.93,4.69,-18.55,0.68,-0.66,-1.59,-10.00
13,2,1020.23,480.05,1155.57,526.76,0.1419,1.6,1.92,4.50,9.80,1.25,45.93,0.01,-10.00
13,2,-1.00,-1.00,-1.00,-1.00,0.1192,1.6,1.92,4.54,6.42,2.32,-50.58,-1.60,-10.00
14,2,-1.00,-1.00,-1.00,-1.00,0.9293,1.5,1.79,4.35,-13.22,1.00,-5.48,-1.53,-10.00
14,2,-1.00,-1.00,-1.00,-1.00,0.8967,1.8,1.90,4.58,-15.91,0.91,-5.71,-1.55,-10.00
14,2,1037.83,490.06,1187.31,542.56,0.6595,1.6,1.87,4.39,9.48,1.61,40.77,-3.13,-10.00
14,2,-1.00,-1.00,-1.00,-1.00,0.3740,1.6,1.87,4.50,-21.37,0.69,-5.52,-1.57,-10.00
14,2,-1.00,-1.00,-1.00,-1.00,0.3065,2.0,1.99,5.02,-18.56,0.65,-5.99,-1.59,-10.00
14,2,1153.22,516.34,1291.62,562.59,0.1852,1.6,1.94,4.48,14.85,2.55,46.49,0.04,-10.00
14,2,-1.00,-1.00,-1.00,-1.00,0.1663,1.7,1.93,4.44,-30.92,0.90,26.40,-3.12,-10.00
14,2,1125.45,511.99,1291.29,566.19,0.1210,1.5,1.86,4.34,11.50,2.15,37.37,-3.11,-10.00
14,2,-1.00,-1.00,-1.00,-1.00,0.1160,1.6,1.90,4.41,-33.00,1.40,-14.47,-1.73,-10.00
14,2,-1.00,-1.00,-1.00,-1.00,0.1061,1.5,1.89,4.41,-25.34,0.93,3.16,3.11,-10.00
14,2,0.00,456.65,163.54,570.43,0.1049,1.6,1.90,4.42,-12.39,1.12,18.77,3.11,-10.00
14,2,-1.00,-1.00,-1.00,-1.00,0.1029,1.6,1.84,4.28,-30.01,0.08,-38.54,-3.01,-10.00
15,2,-1.00,-1.00,-1.00,-1.00,0.8879,1.7,1.87,4.49,-15.90,0.73,-9.06,-1.59,-10.00
15,2,-1.00,-1.00,-1.00,-1.00,0.8875,1.5,1.77,4.32,-13.19,0.94,-8.89,-1.57,-10.00
15,2,1058.11,489.01,1223.13,548.12,0.7525,1.7,1.88,4.39,9.51,1.63,37.38,-3.13,-10.00
15,2,-1.00,-1.00,-1.00,-1.00,0.5531,1.6,1.86,4.49,-21.04,0.54,-9.44,-1.62,-10.00
15,2,-1.00,-1.00,-1.00,-1.00,0.3900,1.6,1.89,4.48,-23.44,0.35,-10.06,1.43,-10.00
15,2,-1.00,-1.00,-1.00,-1.00,0.3209,1.9,2.01,4.84,-18.61,0.30,-9.45,-1.57,-10.00
15,2,-1.00,-1.00,-1.00,-1.00,0.1035,1.5,1.88,4.45,13.66,2.27,-35.13,-1.57,-10.00
15,2,-1.00,-1.00,-1.00,-1.00,0.1030,1.7,1.95,4.48,-42.49,-0.39,-0.32,0.02,-10.00
15,2,-1.00,-1.00,-1.00,-1.00,0.1029,1.7,1.98,4.61,15.90,1.84,-27.82,0.01,-10.00
15,2,503.11,467.64,568.62,510.71,0.1025,1.6,1.82,4.44,-11.19,0.76,50.78,1.52,-10.00
16,2,-1.00,-1.00,-1.00,-1.00,0.9014,1.5,1.80,4.42,-13.31,0.71,-13.22,-1.58,-10.00
16,2,-1.00,-1.00,-1.00,-1.00,0.8952,1.8,1.88,4.54,-16.01,0.61,-13.39,-1.58,-10.00
16,2,1076.63,491.56,1268.98,558.00,0.7659,1.7,1.90,4.47,9.26,1.69,33.12,3.10,-10.00
16,2,-1.00,-1.00,-1.00,-1.00,0.6686,1.6,1.85,4.43,-21.38,0.42,-13.59,-1.56,-10.00
16,2,-1.00,-1.00,-1.00,-1.00,0.3418,1.9,1.92,4.53,-18.68,0.27,-13.21,-1.57,-10.00
16,2,-1.00,-1.00,-1.00,-1.00,0.1307,1.7,1.94,4.50,-20.39,0.15,-15.65,3.11,-10.00
16,2,-1.00,-1.00,-1.00,-1.00,0.1200,1.7,1.94,4.58,19.74,2.65,-43.93,-3.13,-10.00
16,2,1236.71,527.21,1409.11,588.08,0.1174,1.8,1.96,4.53,15.53,2.90,39.00,-3.10,-10.00
16,2,-1.00,-1.00,-1.00,-1.00,0.1147,1.7,1.93,4.54,-29.63,-0.34,-20.51,0.06,-10.00
16,2,-1.00,-1.00,-1.00,-1.00,0.1122,1.6,1.81,4.21,-36.93,-0.35,-4.07,-3.07,-10.00
16,2,-1.00,-1.00,-1.00,-1.00,0.1032,1.6,1.91,4.40,-21.09,0.00,-18.05,3.07,-10.00
16,2,1255.56,525.41,1475.31,598.41,0.1031,1.6,1.89,4.35,12.84,2.44,29.80,0.01,-10.00
16,2,-1.00,-1.00,-1.00,-1.00,0.1005,1.6,1.96,4.47,5.95,2.37,-51.75,-1.56,-10.00
17,2,-1.00,-1.00,-1.00,-1.00,0.8529,1.5,1.75,4.24,-13.30,0.53,-17.38,-1.58,-10.00
17,2,1115.31,503.27,1333.00,575.67,0.8100,1.6,1.85,4.37,9.24,1.86,28.93,3.14,-10.00
17,2,-1.00,-1.00,-1.00,-1.00,0.8014,1.8,1.91,4.69,-16.08,0.38,-17.54,-1.58,-10.00
17,2,-1.00,-1.00,-1.00,-1.00,0.6607,1.6,1.85,4.52,-21.31,0.18,-17.73,-1.59,-10.00
17,2,-1.00,-1.00,-1.00,-1.00,0.4876,1.9,1.97,4.97,-18.77,0.04,-17.70,1.57,-10.00
17,2,-1.00,-1.00,-1.00,-1.00,0.2515,1.6,1.90,4.55,-24.99,0.46,-8.03,-1.56,-10.00
17,2,1314.32,531.17,1507.08,594.19,0.1579,1.6,1.89,4.43,16.31,2.76,34.90,-0.03,-10.00
17,2,-1.00,-1.00,-1.00,-1.00,0.1398,1.7,1.96,4.57,14.81,1.61,-31.08,1.54,-10.00
17,2,-1.00,-1.00,-1.00,-1.00,0.1064,1.6,1.91,4.46,-29.61,-0.74,-25.72,0.06,-10.00
17,2,-1.00,-1.00,-1.00,-1.00,0.1057,1.6,1.92,4.38,19.49,2.48,15.58,2.20,-10.00
18,2,-1.00,-1.00,-1.00,-1.00,0.8230,1.6,1.87,4.39,-13.41,0.79,-21.46,-1.56,-10.00
18,2,-1.00,-1.00,-1.00,-1.00,0.8076,1.9,1.93,4.60,-16.10,0.67,-21.60,-1.59,-10.00
18,2,1166.84,496.26,1423.43,580.93,0.7742,1.6,1.83,4.31,9.26,1.68,24.73,-3.14,-10.00
18,2,-1.00,-1.00,-1.00,-1.00,0.5960,1.6,1.84,4.37,-21.37,0.50,-21.76,-1.64,-10.00
18,2,-1.00,-1.00,-1.00,-1.00,0.2293,1.7,1.94,4.50,20.14,2.31,8.96,-0.00,-10.00
18,2,-1.00,-1.00,-1.00,-1.00,0.1804,1.7,1.83,4.32,13.09,2.98,8.39,-1.57,-10.00
18,2,-1.00,-1.00,-1.00,-1.00,0.1540,2.0,2.02,5.00,-18.94,0.43,-22.08,1.59,-10.00
18,2,-1.00,-1.00,-1.00,-1.00,0.1536,1.7,1.93,4.49,-20.38,0.10,-25.24,3.05,-10.00
18,2,-1.00,-1.00,-1.00,-1.00,0.1294,1.7,1.95,4.50,20.14,2.56,11.40,-0.07,-10.00
18,2,1141.64,486.36,1355.64,557.95,0.1285,1.6,1.89,4.38,9.95,1.49,29.43,0.09,-10.00
18,2,-1.00,-1.00,-1.00,-1.00,0.1047,1.8,1.90,4.40,-31.06,0.04,-14.51,3.10,-10.00
19,2,-1.00,-1.00,-1.00,-1.00,0.9100,1.9,1.88,4.49,-16.15,0.49,-25.65,-1.58,-10.00
19,2,1230.08,498.08,1551.04,607.07,0.8681,1.7,1.87,4.37,9.23,1.80,20.62,3.14,-10.00
19,2,-1.00,-1.00,-1.00,-1.00,0.8555,1.6,1.84,4.44,-13.49,0.65,-25.54,-1.55,-10.00
19,2,-1.00,-1.00,-1.00,-1.00,0.7106,1.6,1.88,4.63,-21.48,0.18,-26.00,-1.63,-10.00
19,2,-1.00,-1.00,-1.00,-1.00,0.2298,1.7,1.98,4.71,13.54,2.07,-51.19,0.05,-10.00
19,2,-1.00,-1.00,-1.00,-1.00,0.2130,1.9,1.90,4.48,-19.00,0.28,-25.65,1.58,-10.00
19,2,-1.00,-1.00,-1.00,-1.00,0.1206,1.5,1.88,4.38,-12.31,0.52,-21.27,-3.14,-10.00
19,2,-1.00,-1.00,-1.00,-1.00,0.1159,1.7,1.97,4.59,-21.52,-0.13,-28.42,3.10,-10.00
20,2,1343.71,506.56,1600.00,637.50,0.9051,1.6,1.84,4.33,9.40,1.79,16.45,-3.13,-10.00
20,2,-1.00,-1.00,-1.00,-1.00,0.8274,1.6,1.87,4.43,-13.74,0.86,-29.66,-1.53,-10.00
20,2,-1.00,-1.00,-1.00,-1.00,0.7845,1.8,1.85,4.34,-16.35,0.59,-29.65,-1.60,-10.00
20,2,-1.00,-1.00,-1.00,-1.00,0.2419,1.5,1.87,4.34,-12.63,0.66,-22.89,-3.07,-10.00
20,2,-1.00,-1.00,-1.00,-1.00,0.1886,2.0,2.07,5.16,-19.29,0.36,-30.40,-1.56,-10.00
20,2,-1.00,-1.00,-1.00,-1.00,0.1278,1.7,1.96,4.58,-12.87,0.65,-20.92,-3.13,-10.00
20,2,0.00,421.61,154.89,541.90,0.1185,1.6,1.88,4.44,-12.18,0.71,19.16,-1.53,-10.00
20,2,-1.00,-1.00,-1.00,-1.00,0.1158,1.7,1.98,4.64,48.32,-0.10,-44.35,3.04,-10.00
20,2,-1.00,-1.00,-1.00,-1.00,0.1120,1.6,1.91,4.44,-24.79,0.48,-14.84,-0.01,-10.00
20,2,-1.00,-1.00,-1.00,-1.00,0.1071,1.6,1.94,4.70,-11.06,1.01,-29.65,1.62,-10.00
21,2,1509.03,523.79,1600.00,720.50,0.9033,1.7,1.87,4.41,9.39,2.04,12.20,3.13,-10.00
21,2,-1.00,-1.00,-1.00,-1.00,0.8861,1.8,1.89,4.34,-16.60,0.26,-33.64,-1.57,-10.00
21,2,-1.00,-1.00,-1.00,-1.00,0.7851,1.6,1.79,4.31,-13.85,0.56,-33.59,-1.65,-10.00
21,2,-1.00,-1.00,-1.00,-1.00,0.1921,1.5,1.86,4.38,-12.47,0.53,-26.80,-3.08,-10.00
21,2,-1.00,-1.00,-1.00,-1.00,0.1452,2.0,2.04,4.99,-19.26,0.21,-33.96,-1.54,-10.00
21,2,0.00,427.50,133.26,588.10,0.1177,1.7,1.90,4.55,-10.57,1.04,15.43,1.61,-10.00
22,2,-1.00,-1.00,-1.00,-1.00,0.8775,1.6,1.83,4.29,9.39,1.89,7.93,-3.10,-10.00
22,2,353.75,436.76,506.73,489.03,0.4916,1.6,1.94,4.46,-12.78,-0.12,42.11,0.03,-10.00
22,2,-1.00,-1.00,-1.00,-1.00,0.3460,1.5,1.87,4.37,-13.05,0.86,-30.85,-3.07,-10.00
22,2,-1.00,-1.00,-1.00,-1.00,0.2472,1.5,1.87,4.38,-12.99,0.84,-33.38,-3.06,-10.00
22,2,-1.00,-1.00,-1.00,-1.00,0.1859,2.0,1.92,4.65,-17.12,0.78,-37.88,-1.57,-10.00
22,2,-1.00,-1.00,-1.00,-1.00,0.1691,1.6,1.85,4.40,-14.58,0.97,-37.64,-1.53,-10.00
22,2,-1.00,-1.00,-1.00,-1.00,0.1196,1.9,2.01,4.82,-19.98,0.46,-36.94,-1.55,-10.00
22,2,-1.00,-1.00,-1.00,-1.00,0.1130,1.8,2.04,4.73,50.32,2.69,-22.33,0.07,-10.00
22,2,-1.00,-1.00,-1.00,-1.00,0.1098,1.6,1.93,4.56,-12.84,0.87,-40.56,-2.98,-10.00
22,2,-1.00,-1.00,-1.00,-1.00,0.1047,1.7,1.99,4.60,50.36,4.18,18.40,0.09,-10.00
23,2,-1.00,-1.00,-1.00,-1.00,0.9019,1.6,1.84,4.33,9.29,1.81,3.62,-3.10,-10.00
23,2,328.20,429.09,499.25,485.71,0.2727,1.6,1.95,4.51,-12.06,-0.21,38.16,0.00,-10.00
23,2,-1.00,-1.00,-1.00,-1.00,0.1668,1.8,2.02,4.47,47.89,4.19,10.05,1.57,-10.00
23,2,-1.00,-1.00,-1.00,-1.00,0.1285,1.8,1.95,4.45,34.37,3.91,6.01,1.56,-10.00
24,2,-1.00,-1.00,-1.00,-1.00,0.8553,1.5,1.84,4.36,8.86,1.79,-0.76,-3.08,-10.00
24,2,-1.00,-1.00,-1.00,-1.00,0.1715,1.8,2.03,4.43,34.55,3.77,1.05,-1.58,-10.00
24,2,-1.00,-1.00,-1.00,-1.00,0.1422,1.7,1.92,4.45,31.48,4.01,-3.61,-3.06,-10.00
24,2,-1.00,-1.00,-1.00,-1.00,0.1189,1.8,2.03,4.68,49.04,4.10,4.14,0.07,-10.00
25,2,-1.00,-1.00,-1.00,-1.00,0.9052,1.6,1.85,4.35,8.26,1.80,-5.13,-3.10,-10.00
25,2,-1.00,-1.00,-1.00,-1.00,0.4546,1.7,1.92,4.46,26.80,3.85,-6.71,-3.09,-10.00
25,2,-1.00,-1.00,-1.00,-1.00,0.2387,1.9,2.02,4.50,47.76,4.44,0.82,-1.51,-10.00
25,2,-1.00,-1.00,-1.00,-1.00,0.1647,1.7,1.89,4.41,-16.24,0.15,-31.05,-1.25,-10.00
26,2,-1.00,-1.00,-1.00,-1.00,0.9111,1.6,1.85,4.38,7.39,1.86,-9.40,-3.03,-10.00
26,2,-1.00,-1.00,-1.00,-1.00,0.6532,1.7,1.95,4.57,25.28,3.80,-10.88,-3.00,-10.00
27,2,-1.00,-1.00,-1.00,-1.00,0.9044,1.7,1.89,4.45,6.32,1.70,-13.67,-2.94,-10.00
28,2,-1.00,-1.00,-1.00,-1.00,0.9229,1.7,1.87,4.42,5.02,1.49,-17.65,-2.77,-10.00
28,2,-1.00,-1.00,-1.00,-1.00,0.1355,1.7,1.91,4.45,18.68,2.57,16.12,-2.91,-10.00
29,2,-1.00,-1.00,-1.00,-1.00,0.8238,1.7,1.84,4.36,3.80,1.10,-21.35,-2.57,-10.00
29,2,-1.00,-1.00,-1.00,-1.00,0.3346,1.6,1.90,4.52,12.47,1.97,-41.02,-1.54,-10.00
30,2,-1.00,-1.00,-1.00,-1.00,0.7856,1.7,1.85,4.38,2.42,1.16,-24.34,-2.44,-10.00
30,2,-1.00,-1.00,-1.00,-1.00,0.1107,1.6,1.92,4.53,-0.38,1.35,-49.64,1.59,-10.00
31,2,-1.00,-1.00,-1.00,-1.00,0.8562,1.6,1.88,4.50,1.25,0.72,-27.75,-2.22,-10.00
31,2,-1.00,-1.00,-1.00,-1.00,0.1678,1.7,1.91,4.53,12.62,0.74,-49.86,-1.51,-10.00
31,2,1425.45,423.17,1562.41,470.96,0.1572,1.7,2.03,4.34,26.30,-0.84,49.30,-2.89,-10.00
32,2,-1.00,-1.00,-1.00,-1.00,0.8168,1.8,1.93,4.60,0.22,0.58,-30.84,-2.01,-10.00
32,2,-1.00,-1.00,-1.00,-1.00,0.1400,1.6,1.89,4.46,9.15,0.03,-40.47,-3.10,-10.00
32,2,0.00,434.50,78.44,557.10,0.1133,1.6,1.88,4.33,-12.78,0.85,17.82,-2.75,-10.00
32,2,79.17,460.66,328.70,553.88,0.1086,1.6,1.84,4.49,-11.76,1.14,24.71,1.85,-10.00
32,2,-1.00,-1.00,-1.00,-1.00,0.1072,1.7,1.95,4.52,17.78,0.87,6.53,0.06,-10.00
33,2,-1.00,-1.00,-1.00,-1.00,0.8233,1.7,1.93,4.66,-0.33,0.95,-33.13,-1.81,-10.00
33,2,-1.00,-1.00,-1.00,-1.00,0.1887,1.5,1.84,4.37,-21.04,1.00,1.72,-1.54,-10.00
34,2,-1.00,-1.00,-1.00,-1.00,0.6110,1.8,1.94,4.65,-0.43,0.97,-35.54,-1.67,-10.00
34,2,-1.00,-1.00,-1.00,-1.00,0.1756,1.6,1.88,4.45,1.19,1.34,-44.40,1.60,-10.00
34,2,1191.66,470.78,1310.39,526.81,0.1188,1.7,1.92,4.62,14.00,1.12,41.07,-1.66,-10.00
35,2,-1.00,-1.00,-1.00,-1.00,0.8407,1.7,1.92,4.61,-0.37,0.85,-37.63,-1.69,-10.00
35,2,0.00,455.59,128.80,526.12,0.2508,1.6,1.89,4.64,-19.72,0.85,32.12,-1.53,-10.00
35,2,-1.00,-1.00,-1.00,-1.00,0.1805,1.7,1.96,4.56,25.27,-0.34,30.28,-2.91,-10.00
36,2,-1.00,-1.00,-1.00,-1.00,0.8530,1.8,1.90,4.40,-0.28,0.95,-39.51,-1.56,-10.00
36,2,-1.00,-1.00,-1.00,-1.00,0.1290,1.6,1.88,4.37,2.06,1.06,-46.58,-1.50,-10.00
36,2,1012.29,491.96,1131.16,567.73,0.1220,1.6,1.86,4.42,5.84,1.68,29.48,1.57,-10.00
36,2,-1.00,-1.00,-1.00,-1.00,0.1195,1.6,1.92,4.44,-30.41,-0.69,21.98,2.89,-10.00
37,2,-1.00,-1.00,-1.00,-1.00,0.8481,1.6,1.88,4.44,-0.25,0.43,-41.58,-1.59,-10.00
37,2,-1.00,-1.00,-1.00,-1.00,0.1943,1.7,1.96,4.62,-30.75,-0.76,-24.87,3.11,-10.00
37,2,301.24,469.10,393.11,512.15,0.1132,1.6,1.90,4.55,-18.87,0.82,51.17,1.60,-10.00
38,2,-1.00,-1.00,-1.00,-1.00,0.4234,1.7,1.90,4.41,-0.36,0.64,-43.28,-1.55,-10.00
38,2,-1.00,-1.00,-1.00,-1.00,0.1598,1.7,1.94,4.50,26.52,1.14,15.45,-2.72,-10.00
39,2,-1.00,-1.00,-1.00,-1.00,0.5741,1.9,2.00,4.80,-0.41,0.48,-45.29,-1.54,-10.00
