0,2,-1.00,-1.00,-1.00,-1.00,0.9113,1.8,1.97,4.61,1.04,1.36,-7.22,-1.65,-10.00
0,2,25.42,450.15,341.37,563.00,0.9028,1.8,1.92,4.54,-10.78,1.54,21.11,-2.92,-10.00
0,2,505.65,437.41,591.01,515.94,0.3781,1.8,1.93,4.53,-7.07,1.13,32.19,1.40,-10.00
0,2,-1.00,-1.00,-1.00,-1.00,0.3228,1.7,2.00,4.73,24.47,0.74,14.79,-3.05,-10.00
0,2,-1.00,-1.00,-1.00,-1.00,0.2944,1.7,1.99,4.42,-14.52,2.39,-33.73,-1.24,-10.00
0,2,-1.00,-1.00,-1.00,-1.00,0.1667,1.7,1.92,4.63,-13.05,2.17,-42.52,1.65,-10.00
0,2,-1.00,-1.00,-1.00,-1.00,0.1327,1.7,1.97,4.61,20.66,0.87,15.56,-3.00,-10.00
0,2,-1.00,-1.00,-1.00,-1.00,0.1239,1.7,2.00,4.68,24.15,0.64,13.36,-2.83,-10.00
0,2,477.49,459.31,561.82,510.41,0.1188,1.8,1.93,4.57,-12.07,1.54,49.59,-1.50,-10.00
0,2,748.43,457.38,809.49,512.02,0.1166,1.7,1.91,4.57,-1.71,1.40,43.56,-1.65,-10.00
0,2,-1.00,-1.00,-1.00,-1.00,0.1070,1.6,1.95,4.34,-12.01,2.38,-23.29,-1.31,-10.00
1,2,-1.00,-1.00,-1.00,-1.00,0.9276,1.8,1.99,4.65,1.07,1.37,-7.23,-1.66,-10.00
1,2,0.00,453.73,234.11,562.51,0.8609,1.7,1.99,4.73,-13.02,1.58,21.84,-2.85,-10.00
1,2,507.12,435.55,587.53,511.44,0.5624,1.7,1.87,4.49,-7.16,1.01,32.17,1.35,-10.00
1,2,-1.00,-1.00,-1.00,-1.00,0.4566,1.7,1.90,4.28,-14.44,2.29,-33.54,-1.24,-10.00
1,2,1084.28,394.25,1482.97,540.44,0.2888,1.9,2.10,5.12,6.37,0.99,18.14,-2.93,-10.00
1,2,-1.00,-1.00,-1.00,-1.00,0.2434,1.7,2.02,4.70,23.55,0.77,14.39,-3.01,-10.00
1,2,-1.00,-1.00,-1.00,-1.00,0.1540,1.7,1.97,4.64,19.40,0.90,15.55,-3.00,-10.00
1,2,599.82,429.08,696.20,505.09,0.1296,1.7,2.01,4.80,-4.67,0.83,32.21,1.34,-10.00
1,2,543.48,458.93,624.25,511.98,0.1251,1.7,1.94,4.68,-8.90,1.49,46.33,1.60,-10.00
1,2,-1.00,-1.00,-1.00,-1.00,0.1110,1.6,1.97,4.36,-16.16,2.03,-39.39,-1.28,-10.00
1,2,-1.00,-1.00,-1.00,-1.00,0.1065,1.9,2.04,4.68,37.69,-1.92,-13.62,3.05,-10.00
2,2,-1.00,-1.00,-1.00,-1.00,0.9361,1.8,1.98,4.63,1.05,1.36,-7.20,-1.67,-10.00
2,2,0.00,453.95,114.05,560.73,0.8622,1.8,1.98,4.69,-15.48,1.59,22.39,-2.88,-10.00
2,2,503.75,433.30,589.14,508.87,0.5641,1.7,1.88,4.52,-7.13,0.94,32.26,1.41,-10.00
2,2,-1.00,-1.00,-1.00,-1.00,0.3947,1.7,1.91,4.32,-14.42,2.25,-33.61,-1.34,-10.00
2,2,866.62,405.57,1223.27,540.49,0.3482,1.8,2.06,4.98,3.26,1.04,18.86,-2.92,-10.00
2,2,-1.00,-1.00,-1.00,-1.00,0.1938,1.6,1.96,4.58,20.34,0.81,16.07,-3.14,-10.00
2,2,-1.00,-1.00,-1.00,-1.00,0.1890,1.7,2.01,4.41,-16.11,2.28,-39.08,-1.27,-10.00
2,2,-1.00,-1.00,-1.00,-1.00,0.1627,1.7,1.85,4.24,45.02,-0.72,-10.42,-1.71,-10.00
2,2,-1.00,-1.00,-1.00,-1.00,0.1521,1.7,1.98,4.72,-14.64,2.61,-48.64,1.61,-10.00
2,2,544.90,460.90,624.54,513.29,0.1497,1.7,1.97,4.71,-8.84,1.54,46.20,1.58,-10.00
2,2,604.35,424.63,692.00,502.61,0.1109,1.7,2.04,4.90,-4.67,0.76,32.22,1.39,-10.00
2,2,-1.00,-1.00,-1.00,-1.00,0.1093,1.9,2.00,4.78,5.20,1.17,-18.98,-1.48,-10.00
2,2,-1.00,-1.00,-1.00,-1.00,0.1049,1.8,2.02,4.73,32.07,0.56,13.50,-3.12,-10.00
2,2,600.82,456.83,682.45,509.13,0.1042,1.7,2.01,4.72,-6.90,1.41,47.21,1.66,-10.00
3,2,-1.00,-1.00,-1.00,-1.00,0.9292,1.8,2.00,4.64,1.04,1.35,-7.27,-1.66,-10.00
3,2,0.00,456.94,7.34,566.34,0.7421,1.9,2.03,4.86,-17.96,1.74,23.04,-2.90,-10.00
3,2,-1.00,-1.00,-1.00,-1.00,0.5376,1.6,1.95,4.60,17.48,0.98,16.02,-2.94,-10.00
3,2,507.45,441.30,589.15,517.40,0.4780,1.7,1.90,4.50,-7.10,1.17,32.14,1.37,-10.00
3,2,676.92,414.17,1011.26,545.57,0.4176,1.8,2.04,4.83,0.33,1.14,19.35,-2.93,-10.00
3,2,-1.00,-1.00,-1.00,-1.00,0.4151,1.6,1.88,4.27,-14.17,2.12,-33.07,-1.39,-10.00
3,2,-1.00,-1.00,-1.00,-1.00,0.1300,1.7,1.95,4.57,29.24,0.50,13.15,-2.88,-10.00
3,2,-1.00,-1.00,-1.00,-1.00,0.1113,1.7,2.05,4.79,24.74,0.62,14.38,-3.02,-10.00
3,2,-1.00,-1.00,-1.00,-1.00,0.1043,1.6,1.95,4.29,-15.26,2.51,-35.18,-1.29,-10.00
3,2,-1.00,-1.00,-1.00,-1.00,0.1014,1.7,1.97,4.63,-14.69,2.24,-48.51,1.65,-10.00
4,2,-1.00,-1.00,-1.00,-1.00,0.9253,1.8,2.00,4.62,1.04,1.35,-7.26,-1.66,-10.00
4,2,-1.00,-1.00,-1.00,-1.00,0.8549,1.7,1.91,4.51,14.55,0.84,16.64,-2.92,-10.00
4,2,-1.00,-1.00,-1.00,-1.00,0.7010,1.8,1.98,4.69,-20.05,1.86,23.63,-2.90,-10.00
4,2,502.95,437.61,594.69,512.15,0.4584,1.7,1.86,4.44,-7.18,1.03,32.09,1.25,-10.00
4,2,-1.00,-1.00,-1.00,-1.00,0.3635,1.6,1.86,4.31,-14.18,2.10,-33.30,-1.40,-10.00
4,2,-1.00,-1.00,-1.00,-1.00,0.2963,1.7,2.01,4.72,26.97,0.71,14.34,-2.98,-10.00
4,2,492.86,416.44,842.66,551.24,0.2672,1.9,2.09,5.09,-2.45,1.26,19.87,-2.95,-10.00
4,2,-1.00,-1.00,-1.00,-1.00,0.2190,1.6,1.99,4.70,23.63,0.69,14.81,-2.99,-10.00
4,2,-1.00,-1.00,-1.00,-1.00,0.1559,1.8,2.04,4.69,37.59,-1.99,-13.62,3.04,-10.00
4,2,-1.00,-1.00,-1.00,-1.00,0.1426,1.7,1.96,4.61,20.84,0.75,12.04,0.26,-10.00
4,2,-1.00,-1.00,-1.00,-1.00,0.1348,1.7,1.95,4.62,-14.71,2.38,-48.51,1.65,-10.00
4,2,542.22,460.35,622.93,513.55,0.1212,1.7,1.95,4.67,-8.89,1.55,46.05,1.59,-10.00
4,2,591.96,427.07,723.94,504.87,0.1173,1.7,2.01,4.76,-4.34,0.81,31.53,1.15,-10.00
4,2,-1.00,-1.00,-1.00,-1.00,0.1165,1.7,1.97,4.54,40.17,-1.86,-10.20,2.99,-10.00
4,2,-1.00,-1.00,-1.00,-1.00,0.1075,1.6,1.93,4.54,24.23,0.84,13.17,-3.02,-10.00
5,2,-1.00,-1.00,-1.00,-1.00,0.9324,1.8,1.98,4.63,1.04,1.35,-7.25,-1.65,-10.00
5,2,1455.19,391.93,1600.00,536.75,0.5377,1.8,2.04,4.87,11.66,0.90,17.36,-2.93,-10.00
5,2,-1.00,-1.00,-1.00,-1.00,0.4476,1.7,1.92,4.30,-14.41,2.23,-33.60,-1.32,-10.00
5,2,-1.00,-1.00,-1.00,-1.00,0.4330,1.7,1.96,4.62,-22.16,1.71,24.82,-2.70,-10.00
5,2,-1.00,-1.00,-1.00,-1.00,0.3621,1.6,1.94,4.59,24.36,0.81,14.07,-3.00,-10.00
5,2,335.46,426.41,679.59,557.42,0.3147,2.0,2.08,5.06,-5.16,1.40,20.53,-2.92,-10.00
5,2,-1.00,-1.00,-1.00,-1.00,0.1798,1.7,1.99,4.70,-14.65,2.51,-48.70,1.61,-10.00
5,2,-1.00,-1.00,-1.00,-1.00,0.1623,1.6,1.94,4.56,20.63,0.83,15.18,-3.02,-10.00
5,2,-1.00,-1.00,-1.00,-1.00,0.1597,1.6,1.97,4.62,24.32,0.78,15.47,3.11,-10.00
5,2,472.34,460.83,542.84,511.69,0.1574,1.8,1.96,4.65,-12.52,1.59,49.42,1.48,-10.00
5,2,465.82,449.28,595.09,524.93,0.1410,1.7,1.91,4.58,-7.48,1.38,32.15,1.65,-10.00
6,2,-1.00,-1.00,-1.00,-1.00,0.9155,1.8,2.00,4.64,1.06,1.36,-7.28,-1.67,-10.00
6,2,1188.86,402.28,1577.46,533.05,0.7363,1.7,1.98,4.74,7.83,0.89,18.11,-2.98,-10.00
6,2,-1.00,-1.00,-1.00,-1.00,0.4582,1.7,1.89,4.26,-14.40,2.21,-33.56,-1.32,-10.00
6,2,507.60,440.56,591.55,514.79,0.4210,1.7,1.89,4.50,-7.02,1.10,32.12,1.40,-10.00
6,2,-1.00,-1.00,-1.00,-1.00,0.2681,1.7,2.01,4.73,19.82,0.85,15.20,-2.97,-10.00
6,2,-1.00,-1.00,-1.00,-1.00,0.1853,1.7,1.98,4.63,22.70,0.75,14.38,-2.97,-10.00
6,2,472.05,459.24,543.48,510.80,0.1629,1.8,1.95,4.60,-12.53,1.55,49.52,1.50,-10.00
6,2,546.42,461.91,623.68,514.41,0.1571,1.7,1.95,4.68,-8.85,1.59,46.29,1.57,-10.00
6,2,146.11,431.94,493.79,564.13,0.1463,2.0,2.09,5.13,-8.48,1.55,21.15,-2.93,-10.00
6,2,0.00,467.89,166.75,531.06,0.1046,1.7,2.01,4.73,-22.35,1.77,36.97,-3.04,-10.00
6,2,-1.00,-1.00,-1.00,-1.00,0.1003,1.6,1.91,4.48,22.33,0.73,12.84,-2.92,-10.00
7,2,-1.00,-1.00,-1.00,-1.00,0.9375,1.8,1.98,4.64,1.05,1.35,-7.23,-1.66,-10.00
7,2,965.82,417.88,1302.91,545.87,0.7642,1.7,1.95,4.62,4.51,1.11,18.76,-2.93,-10.00
7,2,-1.00,-1.00,-1.00,-1.00,0.5160,1.6,2.01,4.77,18.18,0.97,15.32,-3.07,-10.00
7,2,509.72,441.56,590.38,516.47,0.4931,1.7,1.88,4.53,-7.09,1.15,32.26,1.37,-10.00
7,2,-1.00,-1.00,-1.00,-1.00,0.4007,1.6,1.85,4.27,-14.19,2.16,-33.48,-1.42,-10.00
7,2,19.37,441.71,354.42,559.63,0.2813,1.9,2.08,5.02,-11.04,1.52,21.74,-2.90,-10.00
7,2,-1.00,-1.00,-1.00,-1.00,0.2152,1.6,2.00,4.75,18.16,1.04,16.66,3.00,-10.00
7,2,545.49,460.86,622.65,513.15,0.1609,1.7,1.95,4.65,-8.88,1.54,46.27,1.57,-10.00
7,2,-1.00,-1.00,-1.00,-1.00,0.1499,1.7,1.97,4.67,-14.68,2.36,-48.76,1.61,-10.00
7,2,-1.00,-1.00,-1.00,-1.00,0.1463,1.6,1.91,4.45,23.69,0.68,13.20,-2.90,-10.00
7,2,-1.00,-1.00,-1.00,-1.00,0.1415,1.6,2.00,4.70,21.32,0.84,14.84,-2.92,-10.00
7,2,609.48,423.00,709.12,499.94,0.1284,1.6,2.01,4.77,-4.34,0.68,31.85,1.33,-10.00
7,2,-1.00,-1.00,-1.00,-1.00,0.1046,1.7,2.00,4.65,24.39,0.82,14.34,-3.07,-10.00
8,2,-1.00,-1.00,-1.00,-1.00,0.9216,1.8,2.00,4.62,1.05,1.35,-7.27,-1.67,-10.00
8,2,741.24,427.52,1057.78,547.89,0.8492,1.7,1.96,4.66,1.19,1.18,19.48,-2.94,-10.00
8,2,-1.00,-1.00,-1.00,-1.00,0.8491,1.6,1.90,4.50,14.34,0.91,16.61,-2.88,-10.00
8,2,-1.00,-1.00,-1.00,-1.00,0.5777,1.7,1.93,4.57,33.61,0.36,12.31,2.99,-10.00
8,2,508.36,436.94,589.59,513.01,0.4851,1.7,1.89,4.47,-7.10,1.05,32.14,1.36,-10.00
8,2,-1.00,-1.00,-1.00,-1.00,0.4422,1.6,1.89,4.30,-14.19,2.21,-33.04,-1.42,-10.00
8,2,541.05,461.63,624.27,514.55,0.1920,1.7,1.97,4.70,-8.87,1.58,45.96,1.61,-10.00
8,2,-1.00,-1.00,-1.00,-1.00,0.1839,1.7,1.98,4.68,-14.66,2.43,-48.73,1.61,-10.00
8,2,611.11,421.46,709.19,499.57,0.1521,1.7,2.00,4.81,-4.32,0.67,31.88,1.34,-10.00
8,2,-1.00,-1.00,-1.00,-1.00,0.1178,1.7,1.95,4.57,20.83,0.72,12.06,0.26,-10.00
8,2,-1.00,-1.00,-1.00,-1.00,0.1052,1.9,2.03,4.78,5.20,1.17,-19.10,-1.45,-10.00
9,2,-1.00,-1.00,-1.00,-1.00,0.9463,1.8,1.95,4.60,1.04,1.35,-7.25,-1.65,-10.00
9,2,1431.80,408.55,1600.00,537.79,0.8487,1.6,1.96,4.70,11.18,0.91,17.33,-2.91,-10.00
9,2,535.74,427.36,852.05,542.38,0.8411,1.7,1.97,4.67,-2.06,1.14,20.12,-2.96,-10.00
9,2,-1.00,-1.00,-1.00,-1.00,0.6790,1.7,2.00,4.74,30.71,0.36,12.69,-2.89,-10.00
9,2,504.82,434.90,588.12,511.05,0.5680,1.7,1.89,4.51,-7.12,1.00,32.21,1.40,-10.00
9,2,-1.00,-1.00,-1.00,-1.00,0.4176,1.7,1.91,4.28,-14.21,2.28,-33.59,-1.36,-10.00
9,2,0.00,452.53,35.58,555.75,0.2646,1.8,2.00,4.77,-17.51,1.56,23.25,-2.90,-10.00
9,2,-1.00,-1.00,-1.00,-1.00,0.2089,1.7,1.97,4.68,-13.12,2.10,-42.81,1.62,-10.00
9,2,742.75,450.40,830.31,512.62,0.1310,1.8,1.96,4.84,-1.39,1.34,41.07,-1.80,-10.00
9,2,481.07,457.16,541.87,507.70,0.1230,1.8,1.98,4.61,-12.48,1.44,49.84,1.40,-10.00
9,2,734.92,459.37,803.59,512.93,0.1195,1.7,1.88,4.52,-2.10,1.47,44.60,-1.74,-10.00
9,2,-1.00,-1.00,-1.00,-1.00,0.1126,1.8,2.04,4.67,37.71,-1.93,-13.61,3.02,-10.00
9,2,604.01,429.13,691.31,505.83,0.1006,1.7,2.02,4.86,-4.68,0.85,32.22,1.39,-10.00
10,2,-1.00,-1.00,-1.00,-1.00,0.9296,1.8,2.00,4.64,1.03,1.35,-7.28,-1.65,-10.00
10,2,361.89,434.36,678.12,546.12,0.8736,1.7,1.96,4.67,-5.00,1.23,20.68,-2.93,-10.00
10,2,1210.04,412.51,1600.00,536.25,0.7077,1.6,1.99,4.75,8.05,0.92,17.90,-2.92,-10.00
10,2,-1.00,-1.00,-1.00,-1.00,0.6590,1.7,2.01,4.80,27.73,0.72,13.39,-2.86,-10.00
10,2,507.32,440.46,589.80,516.64,0.4829,1.7,1.91,4.53,-7.12,1.15,32.09,1.35,-10.00
10,2,-1.00,-1.00,-1.00,-1.00,0.4188,1.7,1.93,4.38,-14.44,2.28,-33.96,-1.29,-10.00
10,2,0.00,456.92,17.27,568.24,0.3807,1.9,2.09,5.03,-18.06,1.81,23.44,-2.86,-10.00
10,2,-1.00,-1.00,-1.00,-1.00,0.1299,1.7,1.96,4.55,17.53,0.68,14.45,-3.09,-10.00
10,2,-1.00,-1.00,-1.00,-1.00,0.1258,1.7,1.98,4.70,-14.67,2.43,-48.69,1.62,-10.00
10,2,612.39,430.23,706.29,507.07,0.1219,1.7,2.03,4.82,-4.32,0.87,31.77,1.37,-10.00
11,2,-1.00,-1.00,-1.00,-1.00,0.9286,1.8,2.00,4.62,1.03,1.36,-7.26,-1.67,-10.00
11,2,202.95,442.15,509.85,549.06,0.8452,1.7,1.91,4.53,-7.91,1.31,21.26,-2.95,-10.00
11,2,972.48,426.29,1307.76,542.30,0.8383,1.6,1.95,4.66,4.72,1.07,18.93,-2.80,-10.00
11,2,-1.00,-1.00,-1.00,-1.00,0.7056,1.6,2.02,4.81,24.94,0.65,14.06,-2.90,-10.00
11,2,500.85,440.38,597.53,517.52,0.5498,1.7,1.93,4.55,-6.99,1.17,31.97,1.46,-10.00
11,2,-1.00,-1.00,-1.00,-1.00,0.4386,1.7,1.90,4.31,-14.19,2.26,-33.76,-1.46,-10.00
11,2,-1.00,-1.00,-1.00,-1.00,0.2895,1.9,2.09,5.02,-19.41,1.72,23.74,-2.87,-10.00
11,2,574.99,444.42,642.17,499.26,0.1293,2.0,2.04,4.96,-8.85,1.11,51.25,-1.61,-10.00
11,2,-1.00,-1.00,-1.00,-1.00,0.1280,1.6,1.96,4.41,-16.23,2.19,-40.91,-1.41,-10.00
11,2,594.73,424.23,703.96,503.61,0.1188,1.7,2.02,4.90,-4.35,0.77,31.49,1.58,-10.00
11,2,548.67,460.11,621.00,513.02,0.1133,1.7,1.96,4.78,-8.86,1.53,46.30,1.52,-10.00
11,2,-1.00,-1.00,-1.00,-1.00,0.1125,1.8,2.04,4.68,37.60,-1.93,-13.61,3.01,-10.00
11,2,475.98,453.12,551.35,504.18,0.1113,1.8,2.07,4.70,-12.41,1.29,49.99,1.51,-10.00
11,2,-1.00,-1.00,-1.00,-1.00,0.1036,1.7,1.97,4.63,-14.32,2.46,-48.59,1.61,-10.00
12,2,-1.00,-1.00,-1.00,-1.00,0.9211,1.8,2.02,4.69,1.12,1.37,-7.24,-1.67,-10.00
12,2,77.13,463.46,383.46,565.29,0.8320,1.6,1.92,4.53,-10.29,1.62,21.77,-2.95,-10.00
12,2,824.22,435.91,1137.68,545.28,0.7939,1.6,1.94,4.60,2.44,1.19,20.19,-2.62,-10.00
12,2,-1.00,-1.00,-1.00,-1.00,0.4455,1.7,1.90,4.28,-14.45,2.27,-33.49,-1.31,-10.00
12,2,497.73,440.05,588.98,518.80,0.4297,1.8,1.94,4.45,-7.12,1.20,31.87,1.42,-10.00
12,2,-1.00,-1.00,-1.00,-1.00,0.3940,1.7,2.04,4.83,22.14,0.75,14.75,-2.88,-10.00
12,2,-1.00,-1.00,-1.00,-1.00,0.3661,1.9,2.05,4.90,-20.62,1.86,24.06,-2.89,-10.00
12,2,562.20,441.78,628.14,502.71,0.2964,2.1,2.20,5.09,-8.90,1.19,48.57,1.45,-10.00
12,2,-1.00,-1.00,-1.00,-1.00,0.1350,1.8,2.04,4.69,37.67,-1.82,-13.68,3.02,-10.00
12,2,-1.00,-1.00,-1.00,-1.00,0.1158,1.7,2.00,4.65,39.95,-1.81,-10.22,-0.22,-10.00
13,2,-1.00,-1.00,-1.00,-1.00,0.9482,1.8,1.97,4.64,1.04,1.35,-7.23,-1.66,-10.00
13,2,0.00,449.77,286.16,556.85,0.8180,1.7,1.96,4.62,-12.25,1.51,22.20,-2.91,-10.00
13,2,706.90,421.28,983.74,530.37,0.6419,1.7,1.96,4.66,0.24,1.03,21.94,-2.43,-10.00
13,2,490.54,433.74,593.64,513.63,0.5283,1.8,1.97,4.46,-7.06,1.04,31.51,1.48,-10.00
13,2,-1.00,-1.00,-1.00,-1.00,0.4983,1.7,1.95,4.57,-21.27,1.66,24.13,-2.82,-10.00
13,2,-1.00,-1.00,-1.00,-1.00,0.4652,1.6,1.92,4.53,20.82,0.85,14.81,-2.93,-10.00
13,2,-1.00,-1.00,-1.00,-1.00,0.4562,1.7,1.92,4.28,-14.42,2.28,-33.49,-1.29,-10.00
13,2,-1.00,-1.00,-1.00,-1.00,0.2954,1.7,2.03,4.80,34.71,0.52,11.89,3.14,-10.00
13,2,-1.00,-1.00,-1.00,-1.00,0.1853,1.7,1.95,4.62,-14.69,2.41,-48.55,1.63,-10.00
13,2,-1.00,-1.00,-1.00,-1.00,0.1779,1.8,2.03,4.78,23.86,0.57,14.36,0.21,-10.00
13,2,-1.00,-1.00,-1.00,-1.00,0.1329,1.9,2.03,4.79,5.16,1.23,-19.13,-1.45,-10.00
13,2,561.23,443.31,628.36,502.49,0.1179,2.0,2.13,5.17,-8.91,1.18,48.53,1.47,-10.00
13,2,-1.00,-1.00,-1.00,-1.00,0.1051,1.8,2.03,4.74,39.84,-1.65,-10.26,-0.21,-10.00
14,2,-1.00,-1.00,-1.00,-1.00,0.9319,1.8,1.98,4.59,1.04,1.34,-7.23,-1.66,-10.00
14,2,657.55,426.10,878.18,527.01,0.7854,1.7,1.96,4.77,-1.26,1.07,24.16,-2.19,-10.00
14,2,0.00,459.69,208.75,562.76,0.7769,1.7,1.94,4.60,-13.79,1.63,22.48,-2.93,-10.00
14,2,491.03,433.38,589.04,513.12,0.5164,1.7,1.96,4.51,-7.03,1.02,31.13,1.44,-10.00
14,2,-1.00,-1.00,-1.00,-1.00,0.4103,1.7,2.02,4.78,18.57,0.90,15.64,-2.94,-10.00
14,2,-1.00,-1.00,-1.00,-1.00,0.4010,1.6,1.86,4.34,-14.12,2.15,-32.79,-1.43,-10.00
14,2,-1.00,-1.00,-1.00,-1.00,0.3675,1.7,1.98,4.68,31.50,0.48,12.38,-2.87,-10.00
14,2,-1.00,-1.00,-1.00,-1.00,0.2555,1.6,1.96,4.57,22.45,0.70,14.80,-3.05,-10.00
14,2,-1.00,-1.00,-1.00,-1.00,0.1723,1.6,1.95,4.59,27.87,0.63,13.93,-2.84,-10.00
14,2,-1.00,-1.00,-1.00,-1.00,0.1607,1.6,1.90,4.44,22.84,0.64,13.24,-2.83,-10.00
14,2,-1.00,-1.00,-1.00,-1.00,0.1508,1.7,1.95,4.55,-14.68,2.18,-48.01,1.69,-10.00
14,2,-1.00,-1.00,-1.00,-1.00,0.1291,1.7,2.01,4.74,20.88,0.80,12.06,0.32,-10.00
14,2,-1.00,-1.00,-1.00,-1.00,0.1249,1.8,2.00,4.72,-22.27,1.76,24.09,-2.96,-10.00
14,2,-1.00,-1.00,-1.00,-1.00,0.1141,1.6,1.96,4.66,18.31,0.92,17.14,2.94,-10.00
15,2,-1.00,-1.00,-1.00,-1.00,0.9296,1.8,2.00,4.60,1.03,1.35,-7.26,-1.66,-10.00
15,2,633.43,426.78,792.51,515.87,0.7404,1.7,1.93,4.70,-2.57,0.94,27.08,-2.01,-10.00
15,2,0.00,455.54,164.67,561.98,0.6826,1.8,1.99,4.69,-14.75,1.64,22.72,-2.90,-10.00
15,2,-1.00,-1.00,-1.00,-1.00,0.6649,1.7,1.94,4.56,16.77,0.98,16.13,-2.91,-10.00
15,2,-1.00,-1.00,-1.00,-1.00,0.4488,1.6,1.97,4.65,29.40,0.63,12.80,-2.98,-10.00
15,2,-1.00,-1.00,-1.00,-1.00,0.4071,1.6,1.88,4.32,-14.16,2.15,-32.85,-1.37,-10.00
15,2,487.22,430.63,597.32,516.08,0.3675,1.8,2.02,4.67,-7.07,1.08,30.81,1.21,-10.00
15,2,-1.00,-1.00,-1.00,-1.00,0.2317,1.7,1.96,4.60,-23.05,1.68,25.65,-2.72,-10.00
15,2,-1.00,-1.00,-1.00,-1.00,0.1916,1.7,2.00,4.72,24.74,0.75,13.95,-2.88,-10.00
15,2,-1.00,-1.00,-1.00,-1.00,0.1478,1.6,1.94,4.56,20.91,0.79,12.03,0.27,-10.00
15,2,-1.00,-1.00,-1.00,-1.00,0.1367,1.9,2.03,4.66,37.63,-1.94,-13.62,3.04,-10.00
15,2,583.99,427.04,725.35,507.25,0.1357,1.6,1.94,4.70,-4.22,0.83,30.08,-2.04,-10.00
15,2,-1.00,-1.00,-1.00,-1.00,0.1148,1.7,1.96,4.28,-15.24,2.35,-35.04,-1.26,-10.00
15,2,486.17,453.84,557.28,505.66,0.1052,1.8,1.97,4.63,-12.10,1.35,50.00,1.51,-10.00
16,2,-1.00,-1.00,-1.00,-1.00,0.9242,1.8,2.01,4.65,1.05,1.38,-7.26,-1.67,-10.00
16,2,0.00,459.59,137.20,565.13,0.8383,1.8,1.96,4.62,-15.29,1.70,22.78,-2.94,-10.00
16,2,650.53,438.61,759.49,519.65,0.8144,1.7,1.89,4.56,-3.01,1.15,30.10,-1.83,-10.00
16,2,-1.00,-1.00,-1.00,-1.00,0.6856,1.7,1.92,4.51,15.54,1.04,16.35,-2.86,-10.00
16,2,498.23,445.86,616.98,524.43,0.4842,1.7,1.91,4.60,-6.43,1.29,30.45,1.57,-10.00
16,2,-1.00,-1.00,-1.00,-1.00,0.4169,1.7,1.94,4.38,-14.53,2.10,-33.52,-1.43,-10.00
16,2,-1.00,-1.00,-1.00,-1.00,0.4104,1.6,2.02,4.75,27.31,0.82,13.53,-3.00,-10.00
16,2,-1.00,-1.00,-1.00,-1.00,0.2042,1.7,1.95,4.64,-14.70,2.19,-48.62,1.64,-10.00
16,2,548.84,462.96,607.22,512.52,0.1687,1.7,2.00,4.72,-9.71,1.61,49.26,-1.71,-10.00
16,2,504.45,451.76,600.93,517.33,0.1449,1.8,1.94,4.63,-8.12,1.37,37.58,1.56,-10.00
16,2,-1.00,-1.00,-1.00,-1.00,0.1162,1.6,1.98,4.60,23.47,0.82,14.45,-2.95,-10.00
16,2,583.60,466.04,642.24,513.66,0.1148,1.7,1.96,4.57,-8.51,1.70,50.20,-1.66,-10.00
17,2,-1.00,-1.00,-1.00,-1.00,0.9257,1.8,2.01,4.82,1.03,1.35,-7.56,-1.62,-10.00
17,2,-1.00,-1.00,-1.00,-1.00,0.8357,1.7,1.94,4.59,14.40,1.07,16.40,-2.90,-10.00
17,2,0.00,461.19,97.25,570.59,0.7689,1.8,1.97,4.62,-15.95,1.77,22.58,-2.98,-10.00
17,2,643.24,442.49,727.29,513.63,0.6806,1.7,1.88,4.54,-3.84,1.11,33.41,-1.76,-10.00
17,2,-1.00,-1.00,-1.00,-1.00,0.6193,1.7,1.93,4.34,-14.30,1.94,-33.50,-1.37,-10.00
17,2,-1.00,-1.00,-1.00,-1.00,0.3384,1.7,1.95,4.46,-16.17,1.74,-40.52,-1.37,-10.00
17,2,485.21,452.77,581.67,531.14,0.3274,1.6,1.93,4.62,-6.75,1.40,29.28,1.40,-10.00
17,2,466.47,458.83,546.82,510.92,0.2632,1.8,1.99,4.67,-12.49,1.55,49.20,1.56,-10.00
17,2,-1.00,-1.00,-1.00,-1.00,0.2480,1.8,2.05,4.82,38.96,0.41,11.09,-3.04,-10.00
17,2,-1.00,-1.00,-1.00,-1.00,0.2422,1.7,1.96,4.56,24.47,1.05,13.96,-2.97,-10.00
17,2,529.92,465.14,609.15,515.37,0.2411,1.6,1.96,4.71,-9.37,1.62,46.05,1.57,-10.00
17,2,736.82,459.27,802.79,509.94,0.1777,1.7,1.91,4.63,-2.17,1.43,46.73,-1.74,-10.00
17,2,-1.00,-1.00,-1.00,-1.00,0.1695,1.7,1.93,4.38,-13.27,2.08,-29.95,-1.24,-10.00
17,2,-1.00,-1.00,-1.00,-1.00,0.1572,1.7,1.98,4.66,-14.35,1.50,-48.68,1.67,-10.00
17,2,380.59,460.21,507.90,538.83,0.1382,1.7,1.92,4.51,-8.69,1.58,28.88,1.48,-10.00
17,2,-1.00,-1.00,-1.00,-1.00,0.1365,1.7,1.94,4.50,-11.30,1.48,-34.00,1.78,-10.00
17,2,-1.00,-1.00,-1.00,-1.00,0.1312,1.7,1.88,4.45,26.56,-0.48,-10.59,1.45,-10.00
17,2,-1.00,-1.00,-1.00,-1.00,0.1259,1.8,2.03,4.77,39.10,0.41,12.61,3.10,-10.00
17,2,-1.00,-1.00,-1.00,-1.00,0.1166,1.7,1.96,4.60,21.62,0.75,14.80,-2.94,-10.00
17,2,403.71,469.23,491.70,517.69,0.1052,1.8,1.96,4.67,-15.30,1.89,50.87,-1.52,-10.00
17,2,-1.00,-1.00,-1.00,-1.00,0.1037,1.6,1.90,4.47,1.17,1.30,-21.24,-1.59,-10.00
17,2,-1.00,-1.00,-1.00,-1.00,0.1007,2.1,2.16,5.24,37.31,-2.38,-11.12,2.98,-10.00
18,2,-1.00,-1.00,-1.00,-1.00,0.9069,1.8,2.10,5.02,1.16,1.41,-8.30,-1.63,-10.00
18,2,-1.00,-1.00,-1.00,-1.00,0.8363,1.7,1.94,4.58,13.37,1.07,15.88,-2.91,-10.00
18,2,0.00,469.86,12.17,584.68,0.7932,1.9,1.99,4.67,-17.08,1.95,21.86,-2.97,-10.00
18,2,629.61,443.13,700.22,511.31,0.7640,1.8,1.92,4.63,-4.73,1.15,36.65,-1.70,-10.00
18,2,448.64,452.55,566.22,538.07,0.6158,1.7,1.93,4.73,-6.84,1.47,27.31,1.44,-10.00
18,2,-1.00,-1.00,-1.00,-1.00,0.4417,1.7,1.95,4.39,-14.12,1.97,-34.38,-1.37,-10.00
18,2,530.84,452.92,606.00,507.46,0.2775,1.8,2.00,4.71,-9.63,1.33,46.46,1.21,-10.00
18,2,-1.00,-1.00,-1.00,-1.00,0.2706,1.6,1.90,4.40,-15.86,1.97,-41.91,-1.43,-10.00
18,2,-1.00,-1.00,-1.00,-1.00,0.2200,1.8,1.99,4.54,36.49,0.56,11.33,-3.11,-10.00
18,2,497.98,459.01,590.61,525.30,0.2065,1.7,1.88,4.58,-7.87,1.53,35.32,1.50,-10.00
18,2,-1.00,-1.00,-1.00,-1.00,0.1704,1.8,1.91,4.49,-11.44,1.77,-37.48,1.82,-10.00
18,2,-1.00,-1.00,-1.00,-1.00,0.1601,1.6,1.86,4.42,1.21,1.42,-22.01,-1.63,-10.00
18,2,-1.00,-1.00,-1.00,-1.00,0.1520,1.7,1.92,4.60,9.82,1.02,-31.72,-1.66,-10.00
18,2,-1.00,-1.00,-1.00,-1.00,0.1496,1.7,1.94,4.66,-13.93,1.39,-49.79,1.61,-10.00
18,2,-1.00,-1.00,-1.00,-1.00,0.1400,1.8,2.03,4.69,38.08,-2.10,-12.95,-1.54,-10.00
18,2,-1.00,-1.00,-1.00,-1.00,0.1375,1.7,1.92,4.44,40.89,-2.05,-10.58,-0.04,-10.00
18,2,-1.00,-1.00,-1.00,-1.00,0.1193,1.7,1.90,4.44,21.68,-0.46,-17.06,1.15,-10.00
18,2,409.78,466.57,478.07,514.95,0.1126,1.7,1.91,4.48,-14.51,1.66,47.71,-1.74,-10.00
18,2,453.10,453.37,562.75,526.65,0.1121,1.7,1.94,4.54,-8.20,1.44,32.65,1.51,-10.00
18,2,708.00,461.14,760.35,508.90,0.1079,1.7,1.91,4.64,-3.68,1.50,50.47,-1.60,-10.00
19,2,-1.00,-1.00,-1.00,-1.00,0.8802,1.8,2.12,4.92,1.18,1.36,-9.10,-1.63,-10.00
19,2,606.70,457.26,674.03,516.31,0.7855,1.7,1.88,4.51,-5.97,1.42,39.77,-1.77,-10.00
19,2,-1.00,-1.00,-1.00,-1.00,0.7805,1.7,1.97,4.66,12.67,0.99,14.98,-2.91,-10.00
19,2,-1.00,-1.00,-1.00,-1.00,0.7716,1.7,1.91,4.29,-13.80,2.02,-35.92,-1.38,-10.00
19,2,-1.00,-1.00,-1.00,-1.00,0.7180,1.8,2.00,4.70,-17.72,1.97,20.67,-2.94,-10.00
19,2,418.44,453.20,542.31,545.95,0.5718,1.7,1.89,4.49,-6.72,1.48,24.75,1.41,-10.00
19,2,-1.00,-1.00,-1.00,-1.00,0.4317,1.7,1.93,4.64,-11.08,1.68,-39.02,1.68,-10.00
19,2,518.03,453.26,591.98,509.64,0.3341,1.8,2.01,4.75,-9.76,1.37,45.38,1.49,-10.00
19,2,-1.00,-1.00,-1.00,-1.00,0.2710,1.8,2.01,4.70,-19.40,2.15,16.41,0.06,-10.00
19,2,-1.00,-1.00,-1.00,-1.00,0.2447,1.6,1.96,4.34,-15.45,1.70,-42.99,-1.41,-10.00
19,2,-1.00,-1.00,-1.00,-1.00,0.2145,1.7,1.95,4.55,22.60,0.71,14.03,-3.13,-10.00
19,2,-1.00,-1.00,-1.00,-1.00,0.2052,1.7,1.86,4.53,9.09,1.07,-33.51,-1.60,-10.00
19,2,-1.00,-1.00,-1.00,-1.00,0.1637,1.7,1.94,4.65,-13.92,1.68,-51.46,1.62,-10.00
19,2,-1.00,-1.00,-1.00,-1.00,0.1562,1.7,1.98,4.65,-11.95,1.73,-51.48,1.53,-10.00
19,2,-1.00,-1.00,-1.00,-1.00,0.1453,1.7,2.00,4.41,-14.53,1.84,-38.77,-1.36,-10.00
19,2,-1.00,-1.00,-1.00,-1.00,0.1434,1.7,1.86,4.56,8.74,1.03,-27.90,-1.63,-10.00
19,2,423.94,461.73,513.61,515.14,0.1432,1.8,1.99,4.62,-13.40,1.65,47.21,1.59,-10.00
19,2,-1.00,-1.00,-1.00,-1.00,0.1387,1.8,1.95,4.64,22.39,-0.26,-17.72,-1.99,-10.00
19,2,-1.00,-1.00,-1.00,-1.00,0.1362,1.8,2.01,4.65,34.41,0.73,10.33,3.14,-10.00
19,2,370.07,459.46,480.90,529.48,0.1232,1.7,1.92,4.65,-10.57,1.56,33.36,1.46,-10.00
19,2,-1.00,-1.00,-1.00,-1.00,0.1199,1.8,1.93,4.53,-11.97,1.60,-46.11,1.57,-10.00
19,2,703.52,460.94,755.66,509.59,0.1170,1.7,1.90,4.52,-3.73,1.47,48.30,-1.64,-10.00
19,2,-1.00,-1.00,-1.00,-1.00,0.1168,1.8,1.97,4.59,-0.22,1.56,-40.58,-1.69,-10.00
19,2,-1.00,-1.00,-1.00,-1.00,0.1161,1.8,1.97,4.53,14.14,-1.60,-41.98,1.51,-10.00
19,2,-1.00,-1.00,-1.00,-1.00,0.1137,1.6,1.94,4.52,22.36,0.57,12.49,-2.77,-10.00
19,2,-1.00,-1.00,-1.00,-1.00,0.1072,1.7,1.98,4.62,10.73,0.67,-31.93,3.05,-10.00
19,2,-1.00,-1.00,-1.00,-1.00,0.1069,1.9,2.08,4.61,17.98,0.01,-22.60,1.39,-10.00
19,2,-1.00,-1.00,-1.00,-1.00,0.1047,1.7,1.89,4.55,-9.44,1.68,-33.10,1.66,-10.00
19,2,-1.00,-1.00,-1.00,-1.00,0.1023,1.9,2.01,4.73,20.29,-0.25,-17.47,2.87,-10.00
20,2,-1.00,-1.00,-1.00,-1.00,0.9303,1.7,1.95,4.63,12.39,1.00,13.76,-2.95,-10.00
20,2,-1.00,-1.00,-1.00,-1.00,0.8892,1.8,2.11,4.90,1.20,1.30,-10.16,-1.64,-10.00
20,2,-1.00,-1.00,-1.00,-1.00,0.7454,1.7,1.91,4.35,-13.48,1.99,-37.18,-1.38,-10.00
20,2,-1.00,-1.00,-1.00,-1.00,0.7452,1.8,1.93,4.54,-19.13,1.96,19.30,-2.98,-10.00
20,2,586.54,456.54,647.06,514.45,0.6876,1.8,1.94,4.68,-7.24,1.47,42.99,-1.76,-10.00
20,2,372.86,441.81,508.55,557.31,0.6218,1.8,1.99,4.82,-6.70,1.47,21.66,1.25,-10.00
20,2,-1.00,-1.00,-1.00,-1.00,0.4504,1.7,1.98,4.60,21.87,0.80,11.88,-2.98,-10.00
20,2,-1.00,-1.00,-1.00,-1.00,0.4367,1.7,2.03,4.76,-19.69,2.07,14.80,-0.02,-10.00
20,2,490.77,448.22,554.35,508.37,0.3029,1.8,2.02,4.60,-10.58,1.27,43.39,1.31,-10.00
20,2,416.58,452.54,530.11,528.81,0.2940,1.7,1.92,4.57,-8.64,1.43,31.04,1.47,-10.00
20,2,-1.00,-1.00,-1.00,-1.00,0.1697,1.7,1.96,4.45,-15.06,1.73,-44.11,-1.35,-10.00
20,2,-1.00,-1.00,-1.00,-1.00,0.1642,1.6,1.94,4.59,-13.20,1.15,-52.03,1.72,-10.00
20,2,-1.00,-1.00,-1.00,-1.00,0.1574,1.7,1.94,4.54,46.30,0.21,6.62,3.14,-10.00
20,2,-1.00,-1.00,-1.00,-1.00,0.1395,1.7,1.98,4.44,-14.52,2.00,-41.19,-1.34,-10.00
20,2,-1.00,-1.00,-1.00,-1.00,0.1263,1.7,1.91,4.45,21.42,0.71,4.88,-3.05,-10.00
20,2,-1.00,-1.00,-1.00,-1.00,0.1217,1.6,1.92,4.54,1.19,1.26,-24.56,-1.59,-10.00
20,2,-1.00,-1.00,-1.00,-1.00,0.1210,1.7,1.93,4.72,-10.68,1.53,-39.45,1.70,-10.00
20,2,442.81,456.67,557.57,535.14,0.1189,1.7,1.94,4.49,-7.55,1.51,29.40,1.47,-10.00
20,2,-1.00,-1.00,-1.00,-1.00,0.1168,1.8,1.97,4.55,17.94,0.09,-24.34,1.56,-10.00
20,2,-1.00,-1.00,-1.00,-1.00,0.1160,1.8,2.00,4.53,25.84,-0.37,-33.86,1.45,-10.00
20,2,693.11,460.30,754.75,516.60,0.1102,1.7,1.94,4.55,-3.39,1.51,42.00,-1.63,-10.00
20,2,-1.00,-1.00,-1.00,-1.00,0.1079,1.6,1.89,4.55,-9.42,1.52,-34.75,1.66,-10.00
20,2,-1.00,-1.00,-1.00,-1.00,0.1028,1.8,1.94,4.52,23.13,-0.40,-18.75,0.43,-10.00
20,2,604.50,448.12,674.59,501.90,0.1022,1.8,1.95,4.60,-6.92,1.12,46.79,-1.57,-10.00
21,2,-1.00,-1.00,-1.00,-1.00,0.9357,1.6,1.90,4.48,11.31,1.00,12.69,-3.01,-10.00
21,2,-1.00,-1.00,-1.00,-1.00,0.8891,1.8,2.09,4.95,1.64,1.24,-11.12,-1.69,-10.00
21,2,-1.00,-1.00,-1.00,-1.00,0.8214,1.8,2.02,4.77,20.28,0.83,11.47,-2.99,-10.00
21,2,-1.00,-1.00,-1.00,-1.00,0.7930,1.7,1.92,4.58,-21.73,2.16,16.41,-3.02,-10.00
21,2,483.27,460.92,544.81,515.26,0.7356,1.8,1.94,4.67,-11.53,1.61,46.04,-1.87,-10.00
21,2,-1.00,-1.00,-1.00,-1.00,0.6651,1.7,1.89,4.40,-11.12,1.84,-40.03,-1.53,-10.00
21,2,237.48,452.18,413.52,598.25,0.6512,1.7,1.95,4.66,-7.03,1.65,17.28,1.13,-10.00
21,2,-1.00,-1.00,-1.00,-1.00,0.5602,1.8,2.05,4.79,-20.53,2.09,12.09,0.14,-10.00
21,2,379.16,454.51,456.32,515.12,0.4201,1.7,1.91,4.52,-13.07,1.40,40.27,1.35,-10.00
21,2,-1.00,-1.00,-1.00,-1.00,0.2223,1.7,1.92,4.57,-9.11,1.00,-49.16,1.60,-10.00
21,2,-1.00,-1.00,-1.00,-1.00,0.2205,1.6,1.87,4.48,2.34,1.05,-26.27,-1.64,-10.00
21,2,-1.00,-1.00,-1.00,-1.00,0.1982,2.5,2.25,5.64,2.17,1.06,-20.51,-1.75,-10.00
21,2,8.23,450.72,201.61,515.46,0.1463,1.8,1.99,4.60,-21.15,1.31,36.95,2.82,-10.00
21,2,266.90,465.36,428.38,553.09,0.1302,1.7,1.89,4.59,-9.97,1.72,26.48,1.51,-10.00
21,2,-1.00,-1.00,-1.00,-1.00,0.1221,1.6,1.89,4.67,-8.01,1.35,-41.95,1.64,-10.00
21,2,-1.00,-1.00,-1.00,-1.00,0.1162,1.6,1.89,4.33,-12.40,1.05,-46.63,-1.44,-10.00
21,2,-1.00,-1.00,-1.00,-1.00,0.1043,1.6,1.93,4.32,-10.51,2.08,-34.50,-1.40,-10.00
21,2,-1.00,-1.00,-1.00,-1.00,0.1029,1.7,2.02,4.68,-32.57,2.62,16.15,0.19,-10.00
22,2,1531.00,389.23,1600.00,574.29,0.8998,1.6,1.93,4.55,9.58,0.95,11.96,-3.10,-10.00
22,2,-1.00,-1.00,-1.00,-1.00,0.8170,1.8,2.09,4.87,2.59,1.19,-11.83,-1.80,-10.00
22,2,-1.00,-1.00,-1.00,-1.00,0.7253,1.7,2.03,4.73,-22.12,2.14,7.47,-0.00,-10.00
22,2,-1.00,-1.00,-1.00,-1.00,0.7197,1.8,1.92,4.55,-25.72,2.27,11.80,-3.13,-10.00
22,2,0.00,461.24,195.20,655.67,0.6908,1.6,1.98,4.75,-8.21,1.71,13.08,0.91,-10.00
22,2,291.11,463.16,350.42,516.16,0.6427,1.8,1.95,4.67,-19.00,1.69,47.20,-1.93,-10.00
22,2,-1.00,-1.00,-1.00,-1.00,0.5586,1.6,1.90,4.33,-6.33,1.62,-42.78,-1.54,-10.00
22,2,-1.00,-1.00,-1.00,-1.00,0.4741,1.9,2.04,4.79,18.26,0.90,11.94,-3.11,-10.00
22,2,-1.00,-1.00,-1.00,-1.00,0.4409,1.6,1.89,4.37,27.06,0.66,11.94,3.05,-10.00
22,2,146.04,451.71,255.64,523.18,0.4209,1.8,2.01,4.66,-17.87,1.49,36.00,1.28,-10.00
22,2,-1.00,-1.00,-1.00,-1.00,0.4008,1.8,2.03,4.72,-31.11,2.42,7.67,0.10,-10.00
22,2,-1.00,-1.00,-1.00,-1.00,0.2139,1.8,2.00,4.69,21.47,-0.11,-23.20,3.02,-10.00
22,2,9.71,467.48,200.36,561.93,0.2044,1.7,1.95,4.48,-14.01,1.76,24.65,1.36,-10.00
22,2,-1.00,-1.00,-1.00,-1.00,0.1864,1.7,1.89,4.45,14.86,0.57,-38.24,-0.16,-10.00
22,2,-1.00,-1.00,-1.00,-1.00,0.1770,1.7,1.95,4.47,4.37,1.07,-28.11,-1.75,-10.00
22,2,-1.00,-1.00,-1.00,-1.00,0.1733,1.8,1.98,4.67,-2.69,1.19,-42.95,1.45,-10.00
22,2,368.92,454.71,446.85,516.31,0.1535,1.9,2.05,4.76,-14.48,1.56,43.57,-1.78,-10.00
22,2,-1.00,-1.00,-1.00,-1.00,0.1500,1.7,1.92,4.44,-6.73,0.92,-49.91,-1.48,-10.00
22,2,-1.00,-1.00,-1.00,-1.00,0.1239,1.6,1.91,4.52,21.17,0.07,-16.81,-2.41,-10.00
22,2,-1.00,-1.00,-1.00,-1.00,0.1191,1.7,1.96,4.59,-1.39,1.27,-42.84,1.31,-10.00
22,2,-1.00,-1.00,-1.00,-1.00,0.1134,1.7,1.93,4.57,-3.60,0.81,-51.22,-0.25,-10.00
22,2,303.35,463.57,371.37,514.44,0.1111,1.8,2.05,4.81,-19.68,1.74,50.59,-1.84,-10.00
22,2,-1.00,-1.00,-1.00,-1.00,0.1081,1.6,1.95,4.39,-6.25,1.87,-37.89,-1.64,-10.00
22,2,-1.00,-1.00,-1.00,-1.00,0.1054,1.7,1.93,4.45,35.63,0.71,-0.88,0.34,-10.00
22,2,0.00,477.10,140.81,585.44,0.1041,1.7,1.92,4.50,-13.55,1.92,21.84,1.27,-10.00
22,2,-1.00,-1.00,-1.00,-1.00,0.1034,2.6,2.44,6.28,4.36,0.66,-22.01,-1.81,-10.00
22,2,-1.00,-1.00,-1.00,-1.00,0.1030,1.8,2.08,4.74,-42.46,2.29,14.51,1.30,-10.00
22,2,-1.00,-1.00,-1.00,-1.00,0.1009,1.7,1.93,4.51,-38.51,1.23,16.23,2.96,-10.00
23,2,1353.56,417.82,1600.00,616.66,0.9300,1.6,1.92,4.55,7.45,1.23,11.35,3.00,-10.00
23,2,-1.00,-1.00,-1.00,-1.00,0.8115,1.8,1.99,4.69,15.44,1.13,12.70,3.01,-10.00
23,2,-1.00,-1.00,-1.00,-1.00,0.7601,1.9,2.07,4.92,3.92,1.15,-11.96,-1.97,-10.00
23,2,-1.00,-1.00,-1.00,-1.00,0.6824,1.6,2.00,4.71,-22.92,2.04,1.63,-0.14,-10.00
23,2,-1.00,-1.00,-1.00,-1.00,0.6806,1.7,1.97,4.67,-9.20,1.60,8.66,0.65,-10.00
23,2,-1.00,-1.00,-1.00,-1.00,0.6683,1.8,1.97,4.66,-29.74,2.01,5.04,2.94,-10.00
23,2,-1.00,-1.00,-1.00,-1.00,0.5987,1.8,2.01,4.72,24.02,0.87,14.29,3.01,-10.00
23,2,-1.00,-1.00,-1.00,-1.00,0.5520,1.8,1.95,4.70,-23.55,1.78,30.03,1.07,-10.00
23,2,-1.00,-1.00,-1.00,-1.00,0.5134,1.6,1.92,4.36,0.94,0.97,-45.52,-1.76,-10.00
23,2,-1.00,-1.00,-1.00,-1.00,0.4366,1.7,1.95,4.52,-32.27,2.13,-0.18,-0.37,-10.00
23,2,-1.00,-1.00,-1.00,-1.00,0.3858,1.9,1.95,4.57,28.01,0.78,2.30,-0.33,-10.00
23,2,0.00,466.04,63.43,519.88,0.3846,1.8,1.97,4.75,-29.29,1.78,45.83,-2.05,-10.00
23,2,-1.00,-1.00,-1.00,-1.00,0.2998,1.9,2.05,4.72,-15.96,1.89,15.95,1.14,-10.00
23,2,-1.00,-1.00,-1.00,-1.00,0.2456,2.3,2.33,5.88,-43.46,2.61,-1.87,1.99,-10.00
23,2,-1.00,-1.00,-1.00,-1.00,0.1915,1.8,1.99,4.65,-29.05,1.56,33.21,1.05,-10.00
23,2,-1.00,-1.00,-1.00,-1.00,0.1880,1.8,2.03,4.81,35.41,0.70,15.52,3.02,-10.00
23,2,-1.00,-1.00,-1.00,-1.00,0.1783,1.7,1.99,4.68,-31.69,2.19,1.39,0.58,-10.00
23,2,-1.00,-1.00,-1.00,-1.00,0.1729,1.7,1.95,4.58,33.20,0.94,16.54,-1.80,-10.00
23,2,-1.00,-1.00,-1.00,-1.00,0.1592,1.7,1.94,4.76,3.70,0.66,-44.79,1.39,-10.00
23,2,-1.00,-1.00,-1.00,-1.00,0.1516,1.7,1.92,4.56,-25.92,1.66,28.60,0.93,-10.00
23,2,-1.00,-1.00,-1.00,-1.00,0.1458,2.7,2.49,6.48,7.29,1.00,-21.99,-1.86,-10.00
23,2,-1.00,-1.00,-1.00,-1.00,0.1433,1.7,1.95,4.53,21.90,0.46,-35.71,-1.75,-10.00
23,2,-1.00,-1.00,-1.00,-1.00,0.1408,1.7,1.94,4.52,12.76,0.55,-25.11,1.22,-10.00
23,2,-1.00,-1.00,-1.00,-1.00,0.1304,1.7,1.93,4.62,22.27,0.24,-38.92,-1.80,-10.00
23,2,-1.00,-1.00,-1.00,-1.00,0.1211,1.7,2.02,4.59,-34.18,2.47,-0.02,-1.85,-10.00
23,2,-1.00,-1.00,-1.00,-1.00,0.1040,1.8,1.99,4.68,35.57,0.75,13.89,-2.79,-10.00
23,2,-1.00,-1.00,-1.00,-1.00,0.1020,1.7,1.95,4.50,-38.28,2.66,-2.53,0.43,-10.00
24,2,1097.97,446.19,1600.00,664.65,0.8902,1.5,1.93,4.58,4.80,1.45,10.60,2.76,-10.00
24,2,-1.00,-1.00,-1.00,-1.00,0.8709,1.8,2.01,4.75,12.23,1.58,13.43,2.82,-10.00
24,2,-1.00,-1.00,-1.00,-1.00,0.7703,1.9,2.03,4.80,5.15,1.07,-11.59,-2.19,-10.00
24,2,-1.00,-1.00,-1.00,-1.00,0.7281,1.7,1.92,4.55,-33.07,1.63,-4.08,2.81,-10.00
24,2,-1.00,-1.00,-1.00,-1.00,0.7170,1.7,2.00,4.77,-9.69,1.58,4.18,0.31,-10.00
24,2,-1.00,-1.00,-1.00,-1.00,0.6716,1.7,1.93,4.52,19.83,1.58,16.43,2.84,-10.00
24,2,-1.00,-1.00,-1.00,-1.00,0.6251,1.7,2.01,4.75,-23.00,1.64,-5.28,-0.36,-10.00
24,2,-1.00,-1.00,-1.00,-1.00,0.4822,1.9,2.06,4.93,-28.85,1.94,21.92,0.93,-10.00
24,2,-1.00,-1.00,-1.00,-1.00,0.4340,1.7,1.99,4.64,-31.86,1.55,-8.64,-0.38,-10.00
24,2,-1.00,-1.00,-1.00,-1.00,0.3446,1.9,2.18,5.07,-41.94,1.56,-14.61,1.58,-10.00
24,2,-1.00,-1.00,-1.00,-1.00,0.3342,1.7,1.91,4.47,-34.33,2.22,23.53,-2.34,-10.00
24,2,-1.00,-1.00,-1.00,-1.00,0.2867,1.7,1.98,4.75,-41.82,2.42,40.60,-2.29,-10.00
24,2,-1.00,-1.00,-1.00,-1.00,0.2607,1.9,2.09,5.01,-17.89,1.64,9.30,0.72,-10.00
24,2,-1.00,-1.00,-1.00,-1.00,0.2424,1.8,1.96,4.61,41.75,-1.19,-22.98,0.51,-10.00
24,2,-1.00,-1.00,-1.00,-1.00,0.2036,1.8,2.10,4.97,-48.51,2.61,40.34,-0.45,-10.00
24,2,-1.00,-1.00,-1.00,-1.00,0.2023,2.7,2.38,6.51,11.56,0.44,-21.52,-2.26,-10.00
24,2,-1.00,-1.00,-1.00,-1.00,0.1981,1.7,1.93,4.48,30.67,1.59,19.89,-0.24,-10.00
24,2,-1.00,-1.00,-1.00,-1.00,0.1795,2.0,2.12,5.02,49.07,0.14,32.98,0.93,-10.00
24,2,-1.00,-1.00,-1.00,-1.00,0.1672,1.8,2.04,4.75,17.18,0.40,-28.84,-2.29,-10.00
24,2,-1.00,-1.00,-1.00,-1.00,0.1664,1.8,1.98,4.68,-50.88,1.14,-9.55,-0.52,-10.00
24,2,-1.00,-1.00,-1.00,-1.00,0.1664,1.7,1.96,4.57,15.97,0.09,-45.98,2.79,-10.00
24,2,-1.00,-1.00,-1.00,-1.00,0.1534,1.8,2.02,4.65,10.18,0.36,-46.75,1.09,-10.00
24,2,-1.00,-1.00,-1.00,-1.00,0.1472,1.9,1.96,4.56,-36.32,1.61,21.90,0.83,-10.00
24,2,-1.00,-1.00,-1.00,-1.00,0.1333,1.7,1.94,4.52,-32.45,2.29,24.14,-0.84,-10.00
24,2,-1.00,-1.00,-1.00,-1.00,0.1202,1.7,1.98,4.70,16.04,0.34,-24.85,-2.11,-10.00
24,2,-1.00,-1.00,-1.00,-1.00,0.1191,1.8,1.97,4.44,24.63,0.07,-38.75,1.10,-10.00
24,2,-1.00,-1.00,-1.00,-1.00,0.1164,1.7,1.94,4.45,12.65,0.37,-41.73,1.18,-10.00
24,2,-1.00,-1.00,-1.00,-1.00,0.1105,1.7,1.94,4.55,-35.86,1.69,-6.23,-0.45,-10.00
24,2,-1.00,-1.00,-1.00,-1.00,0.1087,1.7,1.95,4.51,46.37,1.11,20.56,-0.35,-10.00
24,2,-1.00,-1.00,-1.00,-1.00,0.1083,1.7,1.96,4.50,-35.82,1.75,-8.89,1.17,-10.00
24,2,-1.00,-1.00,-1.00,-1.00,0.1071,1.7,1.95,4.63,-31.31,1.53,-7.10,0.52,-10.00
24,2,-1.00,-1.00,-1.00,-1.00,0.1067,1.8,2.02,4.97,12.09,0.42,-46.41,1.19,-10.00
24,2,-1.00,-1.00,-1.00,-1.00,0.1010,1.8,2.00,4.64,-38.88,1.80,31.04,0.13,-10.00
25,2,810.99,456.91,1454.82,731.67,0.8820,1.6,1.99,4.74,2.42,1.61,9.40,2.55,-10.00
25,2,1415.76,434.14,1600.00,637.52,0.7978,1.9,2.03,4.83,8.87,1.65,13.74,2.58,-10.00
25,2,-1.00,-1.00,-1.00,-1.00,0.7213,1.7,2.01,4.78,-8.97,1.63,0.21,-0.01,-10.00
25,2,-1.00,-1.00,-1.00,-1.00,0.7133,1.6,1.93,4.57,15.45,1.62,18.16,2.56,-10.00
25,2,-1.00,-1.00,-1.00,-1.00,0.6792,1.8,1.93,4.57,-34.68,1.57,-14.54,2.64,-10.00
25,2,-1.00,-1.00,-1.00,-1.00,0.5898,1.9,2.05,4.89,-31.73,2.35,12.63,0.58,-10.00
25,2,-1.00,-1.00,-1.00,-1.00,0.5805,1.7,1.97,4.68,-21.51,1.55,-11.66,-0.55,-10.00
25,2,-1.00,-1.00,-1.00,-1.00,0.5372,1.9,2.02,4.85,6.14,0.97,-11.07,-2.38,-10.00
25,2,-1.00,-1.00,-1.00,-1.00,0.4791,1.9,2.06,4.97,-18.59,1.90,2.87,0.61,-10.00
25,2,-1.00,-1.00,-1.00,-1.00,0.4471,1.8,2.00,4.64,-38.72,2.68,13.88,0.53,-10.00
25,2,-1.00,-1.00,-1.00,-1.00,0.4178,2.0,2.10,5.07,-37.22,1.36,-28.05,1.23,-10.00
25,2,-1.00,-1.00,-1.00,-1.00,0.3903,1.7,1.94,4.55,24.13,1.42,22.89,2.45,-10.00
25,2,-1.00,-1.00,-1.00,-1.00,0.3780,1.7,1.94,4.52,19.39,-0.85,-45.38,0.95,-10.00
25,2,-1.00,-1.00,-1.00,-1.00,0.3350,1.7,1.94,4.59,-29.13,1.52,-17.43,-0.67,-10.00
25,2,-1.00,-1.00,-1.00,-1.00,0.3001,1.7,1.89,4.48,21.11,-0.26,-22.38,0.79,-10.00
25,2,-1.00,-1.00,-1.00,-1.00,0.2250,2.6,2.30,5.92,14.92,-0.00,-19.98,-2.44,-10.00
25,2,-1.00,-1.00,-1.00,-1.00,0.1928,1.7,2.01,4.53,34.53,-0.24,1.45,1.03,-10.00
25,2,-1.00,-1.00,-1.00,-1.00,0.1858,1.7,1.95,4.39,22.03,-0.45,-26.45,-2.36,-10.00
25,2,-1.00,-1.00,-1.00,-1.00,0.1803,1.8,2.04,4.75,41.41,1.50,33.78,2.78,-10.00
25,2,-1.00,-1.00,-1.00,-1.00,0.1760,1.7,2.01,4.83,21.36,-0.61,-43.36,0.97,-10.00
25,2,-1.00,-1.00,-1.00,-1.00,0.1698,1.8,1.96,4.70,-50.85,1.53,-24.96,2.27,-10.00
25,2,-1.00,-1.00,-1.00,-1.00,0.1675,1.6,1.89,4.40,-31.11,2.20,19.80,0.63,-10.00
25,2,-1.00,-1.00,-1.00,-1.00,0.1572,1.7,1.99,4.64,-41.55,2.96,20.31,0.92,-10.00
25,2,-1.00,-1.00,-1.00,-1.00,0.1544,1.6,1.86,4.35,21.21,-0.21,-19.97,2.30,-10.00
25,2,-1.00,-1.00,-1.00,-1.00,0.1516,1.7,2.00,4.67,-50.81,2.86,29.12,0.56,-10.00
25,2,-1.00,-1.00,-1.00,-1.00,0.1482,1.7,1.94,4.38,40.58,1.43,25.04,0.96,-10.00
25,2,-1.00,-1.00,-1.00,-1.00,0.1429,1.7,1.94,4.58,22.70,-0.47,-23.59,2.32,-10.00
25,2,-1.00,-1.00,-1.00,-1.00,0.1382,1.8,2.04,4.67,-41.60,3.05,17.43,2.23,-10.00
25,2,-1.00,-1.00,-1.00,-1.00,0.1353,1.8,1.98,4.66,-46.12,3.19,38.69,0.66,-10.00
25,2,-1.00,-1.00,-1.00,-1.00,0.1343,1.8,1.94,4.55,-33.59,2.04,8.11,0.48,-10.00
25,2,-1.00,-1.00,-1.00,-1.00,0.1309,1.7,1.92,4.56,27.67,-0.25,-22.43,-2.44,-10.00
25,2,-1.00,-1.00,-1.00,-1.00,0.1297,1.8,2.01,4.46,-47.00,3.19,35.53,-0.78,-10.00
25,2,-1.00,-1.00,-1.00,-1.00,0.1271,1.7,1.96,4.57,-33.64,2.25,10.14,0.64,-10.00
25,2,-1.00,-1.00,-1.00,-1.00,0.1269,1.7,1.95,4.57,-29.08,1.61,-15.57,0.55,-10.00
25,2,-1.00,-1.00,-1.00,-1.00,0.1225,1.7,1.96,4.62,48.76,-2.92,-27.33,2.05,-10.00
25,2,-1.00,-1.00,-1.00,-1.00,0.1218,1.8,1.99,4.64,-50.47,3.04,35.18,0.59,-10.00
25,2,-1.00,-1.00,-1.00,-1.00,0.1141,1.8,1.99,4.65,-51.30,3.14,25.15,2.48,-10.00
25,2,-1.00,-1.00,-1.00,-1.00,0.1131,1.6,1.93,4.50,-20.35,1.66,1.24,0.68,-10.00
25,2,-1.00,-1.00,-1.00,-1.00,0.1105,1.6,1.93,4.62,19.75,-0.19,-40.75,-2.18,-10.00
25,2,-1.00,-1.00,-1.00,-1.00,0.1104,1.7,1.94,4.54,39.08,1.35,34.60,-2.04,-10.00
25,2,-1.00,-1.00,-1.00,-1.00,0.1054,1.7,1.94,4.54,39.70,1.31,32.28,2.79,-10.00
25,2,-1.00,-1.00,-1.00,-1.00,0.1027,1.7,1.93,4.50,44.32,-1.97,-24.80,-1.01,-10.00
25,2,-1.00,-1.00,-1.00,-1.00,0.1010,1.8,1.94,4.59,42.82,1.05,25.31,-1.50,-10.00
26,2,-1.00,-1.00,-1.00,-1.00,0.7949,1.7,1.95,4.67,-7.43,1.44,-2.93,-0.34,-10.00
26,2,-1.00,-1.00,-1.00,-1.00,0.6906,1.9,2.03,4.87,6.75,0.99,-10.48,-2.53,-10.00
26,2,-1.00,-1.00,-1.00,-1.00,0.6819,1.9,2.01,4.74,-32.57,2.13,3.35,0.43,-10.00
26,2,439.64,495.30,1204.74,856.03,0.6682,1.5,1.92,4.72,0.28,1.75,7.68,2.34,-10.00
26,2,1134.65,447.49,1537.62,656.40,0.6097,1.8,2.04,4.86,5.54,1.73,13.28,2.39,-10.00
26,2,1445.77,481.30,1600.00,603.05,0.5230,1.6,1.92,4.56,11.23,1.87,18.86,2.38,-10.00
26,2,-1.00,-1.00,-1.00,-1.00,0.5190,1.8,1.92,4.58,-33.84,1.19,-25.12,2.48,-10.00
26,2,-1.00,-1.00,-1.00,-1.00,0.4884,1.8,2.05,4.88,-19.19,1.29,-17.59,-0.58,-10.00
26,2,-1.00,-1.00,-1.00,-1.00,0.4593,1.8,2.06,4.98,-16.52,1.68,-3.57,0.31,-10.00
26,2,-1.00,-1.00,-1.00,-1.00,0.4319,1.9,2.07,4.90,32.17,1.51,38.51,2.31,-10.00
26,2,-1.00,-1.00,-1.00,-1.00,0.3902,1.6,1.92,4.56,17.83,1.68,24.40,-0.78,-10.00
26,2,-1.00,-1.00,-1.00,-1.00,0.3013,1.7,1.91,4.56,21.48,0.24,-22.20,-0.72,-10.00
26,2,-1.00,-1.00,-1.00,-1.00,0.2310,1.7,1.93,4.42,43.36,-0.55,-17.98,2.00,-10.00
26,2,-1.00,-1.00,-1.00,-1.00,0.2178,1.8,1.97,4.63,-42.30,2.37,7.58,0.35,-10.00
26,2,-1.00,-1.00,-1.00,-1.00,0.2167,1.8,1.99,4.71,-32.25,1.04,-37.79,2.48,-10.00
26,2,-1.00,-1.00,-1.00,-1.00,0.2021,1.8,1.97,4.65,26.67,-0.39,-22.83,-2.81,-10.00
26,2,-1.00,-1.00,-1.00,-1.00,0.1997,1.7,1.94,4.57,-39.58,2.42,6.23,0.50,-10.00
26,2,-1.00,-1.00,-1.00,-1.00,0.1909,1.7,1.99,4.69,-25.38,1.09,-24.61,2.56,-10.00
26,2,-1.00,-1.00,-1.00,-1.00,0.1843,1.7,1.89,4.49,42.55,1.20,30.97,-0.96,-10.00
26,2,-1.00,-1.00,-1.00,-1.00,0.1710,1.8,2.04,4.65,-31.35,1.24,-35.94,0.84,-10.00
26,2,-1.00,-1.00,-1.00,-1.00,0.1659,1.7,1.96,4.58,-20.38,1.31,-20.40,0.05,-10.00
26,2,-1.00,-1.00,-1.00,-1.00,0.1597,1.8,1.94,4.52,25.87,0.27,-2.36,-2.74,-10.00
26,2,-1.00,-1.00,-1.00,-1.00,0.1576,2.8,2.44,6.34,16.99,0.08,-17.70,-2.56,-10.00
26,2,-1.00,-1.00,-1.00,-1.00,0.1503,1.8,2.00,4.75,-43.87,0.70,-4.58,-1.96,-10.00
26,2,-1.00,-1.00,-1.00,-1.00,0.1496,1.7,1.94,4.42,40.01,-1.20,-21.76,2.08,-10.00
26,2,-1.00,-1.00,-1.00,-1.00,0.1455,1.7,1.99,4.68,-29.86,1.00,-38.55,1.03,-10.00
26,2,-1.00,-1.00,-1.00,-1.00,0.1326,1.8,1.96,4.55,26.45,0.29,-1.21,-2.74,-10.00
26,2,-1.00,-1.00,-1.00,-1.00,0.1306,1.8,2.01,4.59,48.02,-2.31,-16.60,-1.44,-10.00
26,2,-1.00,-1.00,-1.00,-1.00,0.1302,1.8,1.93,4.56,-36.08,0.98,-23.36,-0.66,-10.00
26,2,-1.00,-1.00,-1.00,-1.00,0.1283,1.6,1.90,4.31,23.19,-0.13,-20.05,2.30,-10.00
26,2,-1.00,-1.00,-1.00,-1.00,0.1273,1.7,1.91,4.42,28.28,0.21,1.57,-3.13,-10.00
26,2,-1.00,-1.00,-1.00,-1.00,0.1266,1.8,1.95,4.53,20.79,-0.56,-15.11,-2.57,-10.00
26,2,-1.00,-1.00,-1.00,-1.00,0.1264,1.8,1.97,4.65,-44.33,0.46,-6.79,2.74,-10.00
26,2,-1.00,-1.00,-1.00,-1.00,0.1246,1.7,1.93,4.53,-40.84,2.46,4.19,0.57,-10.00
26,2,-1.00,-1.00,-1.00,-1.00,0.1231,1.7,2.01,4.66,-42.91,2.15,10.30,1.09,-10.00
26,2,-1.00,-1.00,-1.00,-1.00,0.1190,1.7,1.95,4.54,26.29,-0.35,-21.22,2.66,-10.00
26,2,-1.00,-1.00,-1.00,-1.00,0.1171,1.7,1.91,4.46,24.28,0.33,-3.15,-1.59,-10.00
26,2,-1.00,-1.00,-1.00,-1.00,0.1141,1.7,1.95,4.57,-25.22,1.23,-22.73,0.60,-10.00
26,2,-1.00,-1.00,-1.00,-1.00,0.1112,1.8,1.99,4.67,42.57,1.71,41.77,-0.63,-10.00
26,2,-1.00,-1.00,-1.00,-1.00,0.1100,1.8,1.99,4.56,51.15,2.07,46.53,-3.05,-10.00
26,2,-1.00,-1.00,-1.00,-1.00,0.1079,1.6,1.93,4.49,-17.73,1.14,-19.63,-0.69,-10.00
26,2,-1.00,-1.00,-1.00,-1.00,0.1068,1.8,2.03,4.72,-44.02,2.16,9.39,0.48,-10.00
26,2,-1.00,-1.00,-1.00,-1.00,0.1040,1.7,1.95,4.53,-51.46,1.02,-33.26,0.58,-10.00
27,2,0.00,459.98,986.67,900.00,0.9185,1.6,1.95,4.87,-1.26,1.70,5.79,2.17,-10.00
27,2,907.53,447.75,1333.18,704.87,0.8513,1.9,2.03,5.07,3.03,1.87,11.92,2.22,-10.00
27,2,-1.00,-1.00,-1.00,-1.00,0.8124,1.9,2.04,4.90,-14.52,1.43,-8.49,0.08,-10.00
27,2,-1.00,-1.00,-1.00,-1.00,0.7838,1.9,2.04,4.89,7.05,1.09,-10.23,-2.66,-10.00
27,2,-1.00,-1.00,-1.00,-1.00,0.7590,1.6,1.94,4.60,-5.52,1.41,-5.19,-0.69,-10.00
27,2,1383.01,471.36,1532.98,564.98,0.6596,1.7,1.88,4.53,12.44,1.80,24.53,2.19,-10.00
27,2,1208.13,494.13,1415.62,616.64,0.6462,1.6,1.91,4.71,7.31,2.01,18.57,2.15,-10.00
27,2,-1.00,-1.00,-1.00,-1.00,0.5744,1.7,1.93,4.65,-30.87,0.80,-36.00,2.25,-10.00
27,2,-1.00,-1.00,-1.00,-1.00,0.5057,1.9,2.11,5.11,-31.17,1.81,-5.03,0.27,-10.00
27,2,1507.17,455.85,1600.00,526.50,0.4463,2.1,2.16,5.28,23.84,1.82,40.87,2.20,-10.00
27,2,-1.00,-1.00,-1.00,-1.00,0.3776,1.7,1.96,4.62,-42.85,2.00,-2.60,-0.27,-10.00
27,2,-1.00,-1.00,-1.00,-1.00,0.3501,1.9,1.94,4.45,32.91,0.21,-9.22,1.73,-10.00
27,2,-1.00,-1.00,-1.00,-1.00,0.3294,1.8,2.02,4.87,-15.59,0.98,-23.03,-0.99,-10.00
27,2,-1.00,-1.00,-1.00,-1.00,0.2699,1.6,1.87,4.43,20.40,0.62,-6.85,0.35,-10.00
27,2,-1.00,-1.00,-1.00,-1.00,0.2369,1.9,2.04,4.79,-45.27,2.21,-4.98,0.14,-10.00
27,2,-1.00,-1.00,-1.00,-1.00,0.1783,1.7,1.96,4.55,16.43,1.74,22.86,-1.02,-10.00
27,2,-1.00,-1.00,-1.00,-1.00,0.1712,1.7,1.89,4.40,45.68,0.26,-12.05,1.82,-10.00
27,2,-1.00,-1.00,-1.00,-1.00,0.1341,1.7,1.98,4.51,29.96,1.22,34.70,0.53,-10.00
27,2,-1.00,-1.00,-1.00,-1.00,0.1156,1.7,1.91,4.60,35.64,-0.07,-9.39,-1.26,-10.00
27,2,-1.00,-1.00,-1.00,-1.00,0.1076,1.7,1.93,4.54,26.11,1.53,27.50,0.49,-10.00
27,2,-1.00,-1.00,-1.00,-1.00,0.1019,1.8,2.03,4.64,32.28,0.59,38.00,-2.93,-10.00
27,2,1549.50,468.24,1600.00,567.95,0.1019,1.7,1.99,4.81,14.88,1.77,23.47,-0.99,-10.00
27,2,-1.00,-1.00,-1.00,-1.00,0.1018,1.7,1.96,4.52,27.06,1.40,32.30,-2.71,-10.00
28,2,0.00,317.20,671.14,900.00,0.9357,1.6,1.90,4.71,-2.45,1.63,3.43,1.98,-10.00
28,2,640.64,451.56,1114.92,744.20,0.9294,1.8,2.00,4.87,0.73,1.79,10.20,2.04,-10.00
28,2,-1.00,-1.00,-1.00,-1.00,0.8164,1.6,1.91,4.66,-3.74,1.41,-6.66,-0.90,-10.00
28,2,996.11,488.69,1203.40,622.22,0.8109,1.6,1.90,4.70,3.99,1.97,17.65,1.99,-10.00
28,2,-1.00,-1.00,-1.00,-1.00,0.7964,1.9,2.04,4.90,7.32,1.24,-10.31,-2.76,-10.00
28,2,1162.86,470.52,1295.70,564.63,0.7599,1.6,1.87,4.54,7.74,1.75,23.82,1.99,-10.00
28,2,-1.00,-1.00,-1.00,-1.00,0.6727,1.8,2.02,4.85,-11.86,1.33,-12.68,-0.11,-10.00
28,2,-1.00,-1.00,-1.00,-1.00,0.6571,1.7,1.89,4.54,-25.98,0.68,-45.90,2.00,-10.00
28,2,-1.00,-1.00,-1.00,-1.00,0.5143,1.9,2.05,4.88,-28.47,1.50,-12.36,0.09,-10.00
28,2,1259.34,454.07,1355.35,526.20,0.4724,2.2,2.19,5.43,15.91,1.83,41.28,2.07,-10.00
28,2,-1.00,-1.00,-1.00,-1.00,0.3790,1.8,2.00,4.76,-11.36,1.14,-27.45,-1.26,-10.00
28,2,-1.00,-1.00,-1.00,-1.00,0.3476,1.8,2.02,4.78,-41.44,1.71,-11.80,-0.33,-10.00
28,2,-1.00,-1.00,-1.00,-1.00,0.3161,1.8,1.94,4.53,33.81,0.28,-4.92,-1.55,-10.00
28,2,-1.00,-1.00,-1.00,-1.00,0.2338,2.4,2.27,5.79,18.66,0.79,-13.67,-2.97,-10.00
28,2,1593.78,441.93,1600.00,523.49,0.1679,1.7,1.96,4.47,20.56,1.20,28.88,0.85,-10.00
28,2,-1.00,-1.00,-1.00,-1.00,0.1663,1.7,1.97,4.43,44.77,-0.42,-12.05,1.75,-10.00
28,2,1437.81,477.61,1524.67,524.28,0.1658,1.7,1.95,4.59,25.96,2.13,49.84,-1.33,-10.00
28,2,-1.00,-1.00,-1.00,-1.00,0.1647,1.8,1.96,4.48,-40.26,0.97,-16.87,-2.80,-10.00
28,2,-1.00,-1.00,-1.00,-1.00,0.1506,1.7,1.95,4.65,29.80,1.26,39.10,-1.13,-10.00
28,2,-1.00,-1.00,-1.00,-1.00,0.1358,1.8,1.97,4.58,-46.95,0.85,-14.11,0.26,-10.00
28,2,-1.00,-1.00,-1.00,-1.00,0.1280,1.7,1.92,4.49,47.00,0.21,-5.03,1.66,-10.00
28,2,-1.00,-1.00,-1.00,-1.00,0.1171,1.8,2.02,4.85,-17.06,1.49,-47.94,2.00,-10.00
28,2,-1.00,-1.00,-1.00,-1.00,0.1148,1.7,1.92,4.43,47.62,-2.09,-22.08,0.97,-10.00
28,2,-1.00,-1.00,-1.00,-1.00,0.1133,1.7,1.92,4.59,28.56,0.22,36.27,-1.22,-10.00
28,2,-1.00,-1.00,-1.00,-1.00,0.1113,1.7,2.00,4.65,-18.37,1.01,-47.24,2.12,-10.00
29,2,305.05,442.82,914.14,813.17,0.9519,1.7,1.99,4.80,-0.97,1.72,8.38,1.88,-10.00
29,2,0.00,522.68,265.18,900.00,0.9482,1.6,1.91,4.77,-3.04,1.60,1.31,1.82,-10.00
29,2,-1.00,-1.00,-1.00,-1.00,0.8599,1.6,1.90,4.52,-2.26,1.44,-7.42,-1.17,-10.00
29,2,793.91,488.98,1018.12,624.81,0.8245,1.5,1.86,4.62,1.19,1.82,16.14,1.87,-10.00
29,2,969.75,463.47,1090.21,564.80,0.8151,1.6,1.83,4.40,3.77,1.66,22.66,1.80,-10.00
29,2,-1.00,-1.00,-1.00,-1.00,0.8010,1.9,2.02,4.83,7.23,1.36,-10.61,-2.80,-10.00
29,2,-1.00,-1.00,-1.00,-1.00,0.7465,1.8,2.02,4.81,-8.88,1.24,-15.66,-0.37,-10.00
29,2,-1.00,-1.00,-1.00,-1.00,0.5082,1.7,1.91,4.49,-37.45,1.14,-21.71,0.02,-10.00
29,2,1060.28,456.46,1154.15,530.05,0.4689,2.2,2.16,5.51,9.09,1.91,40.24,1.93,-10.00
29,2,-1.00,-1.00,-1.00,-1.00,0.4405,1.9,2.11,5.07,-25.22,1.39,-18.23,-0.06,-10.00
29,2,-1.00,-1.00,-1.00,-1.00,0.3376,1.7,1.94,4.53,-7.33,1.28,-30.45,-1.34,-10.00
29,2,-1.00,-1.00,-1.00,-1.00,0.2820,2.7,2.42,6.34,19.31,0.64,-12.77,-3.07,-10.00
29,2,-1.00,-1.00,-1.00,-1.00,0.2084,1.7,1.94,4.61,-21.90,1.08,-48.57,1.84,-10.00
29,2,-1.00,-1.00,-1.00,-1.00,0.2039,1.8,1.99,4.72,30.87,0.06,-14.02,-2.82,-10.00
29,2,-1.00,-1.00,-1.00,-1.00,0.1882,1.7,1.91,4.45,-44.41,0.65,-22.51,0.03,-10.00
29,2,-1.00,-1.00,-1.00,-1.00,0.1240,1.6,1.84,4.27,36.30,0.34,-6.97,3.08,-10.00
29,2,-1.00,-1.00,-1.00,-1.00,0.1146,1.7,1.98,4.67,-28.42,1.76,-18.03,3.07,-10.00
29,2,-1.00,-1.00,-1.00,-1.00,0.1057,1.8,1.97,4.57,50.82,-2.10,-16.23,0.42,-10.00
30,2,-1.00,-1.00,-1.00,-1.00,0.9616,1.5,1.93,4.92,-3.24,1.56,-1.06,1.71,-10.00
30,2,0.00,375.64,721.24,900.00,0.9254,1.8,2.00,4.77,-2.14,1.66,6.25,1.76,-10.00
30,2,-1.00,-1.00,-1.00,-1.00,0.8992,1.6,1.91,4.53,-1.11,1.50,-8.02,-1.38,-10.00
30,2,591.50,473.86,853.46,643.63,0.8799,1.6,1.88,4.70,-0.95,1.76,14.17,1.73,-10.00
30,2,794.13,470.81,941.31,578.73,0.8537,1.6,1.84,4.48,0.80,1.72,20.78,1.74,-10.00
30,2,-1.00,-1.00,-1.00,-1.00,0.7746,1.9,2.00,4.79,7.28,1.44,-11.25,-2.87,-10.00
30,2,-1.00,-1.00,-1.00,-1.00,0.6448,1.8,2.03,4.85,-5.92,1.29,-18.09,-0.56,-10.00
30,2,907.79,463.41,992.94,530.27,0.5202,1.8,1.95,4.69,3.77,1.78,37.42,1.79,-10.00
30,2,-1.00,-1.00,-1.00,-1.00,0.3519,1.9,2.12,5.17,-21.06,1.45,-22.91,-0.11,-10.00
30,2,-1.00,-1.00,-1.00,-1.00,0.2450,1.7,1.94,4.58,30.42,0.34,-12.08,3.07,-10.00
30,2,-1.00,-1.00,-1.00,-1.00,0.1725,1.6,1.90,4.46,-2.58,1.57,-32.44,-1.40,-10.00
30,2,-1.00,-1.00,-1.00,-1.00,0.1674,1.7,1.95,4.58,-6.26,1.08,-42.18,-1.43,-10.00
30,2,1113.56,449.38,1191.33,513.60,0.1433,1.6,1.89,4.58,9.42,1.22,36.51,-1.38,-10.00
30,2,-1.00,-1.00,-1.00,-1.00,0.1151,1.8,1.92,4.51,41.27,0.76,-21.00,-2.97,-10.00
30,2,822.26,479.68,947.74,566.21,0.1025,1.6,1.92,4.61,1.33,1.96,26.35,1.78,-10.00
30,2,-1.00,-1.00,-1.00,-1.00,0.1008,1.6,1.93,4.58,-3.75,0.99,-34.53,1.77,-10.00
30,2,-1.00,-1.00,-1.00,-1.00,0.1006,1.7,1.95,4.56,0.43,1.23,-46.23,0.18,-10.00
31,2,-1.00,-1.00,-1.00,-1.00,0.9510,1.6,1.89,4.81,-3.19,1.58,-3.28,1.64,-10.00
31,2,0.00,198.37,525.07,900.00,0.9418,1.8,2.04,4.92,-2.76,1.61,4.02,1.65,-10.00
31,2,376.24,473.99,719.15,675.81,0.9264,1.5,1.89,4.63,-2.32,1.68,11.83,1.65,-10.00
31,2,-1.00,-1.00,-1.00,-1.00,0.9067,1.6,1.89,4.49,-0.38,1.50,-8.20,-1.50,-10.00
31,2,-1.00,-1.00,-1.00,-1.00,0.8437,1.8,2.02,4.83,7.13,1.38,-12.32,-2.88,-10.00
31,2,655.94,464.67,822.08,588.79,0.8433,1.6,1.84,4.51,-1.16,1.67,18.62,1.64,-10.00
31,2,-1.00,-1.00,-1.00,-1.00,0.5643,1.8,1.99,4.73,-3.42,1.26,-19.83,-0.72,-10.00
31,2,772.43,457.52,869.61,528.37,0.4864,1.8,1.94,4.56,-0.07,1.58,34.38,1.73,-10.00
31,2,-1.00,-1.00,-1.00,-1.00,0.4291,1.9,2.05,4.86,-17.65,1.63,-26.54,-0.24,-10.00
31,2,-1.00,-1.00,-1.00,-1.00,0.1090,1.7,1.99,4.49,0.61,1.46,-34.62,-1.42,-10.00
32,2,-1.00,-1.00,-1.00,-1.00,0.9619,1.6,1.90,4.70,-3.19,1.56,-5.55,1.62,-10.00
32,2,0.00,450.91,271.31,900.00,0.9409,1.9,1.98,4.79,-2.97,1.67,1.81,1.63,-10.00
32,2,168.60,469.86,658.65,734.38,0.9301,1.5,1.93,4.71,-2.77,1.68,9.78,1.66,-10.00
32,2,-1.00,-1.00,-1.00,-1.00,0.8966,1.6,1.84,4.37,-0.16,1.48,-8.25,-1.54,-10.00
32,2,-1.00,-1.00,-1.00,-1.00,0.8444,1.9,2.04,4.87,6.55,1.35,-13.70,-2.78,-10.00
32,2,566.45,446.34,774.97,597.16,0.8335,1.7,1.88,4.47,-1.87,1.56,16.48,1.64,-10.00
32,2,-1.00,-1.00,-1.00,-1.00,0.6946,1.8,1.99,4.77,-2.48,1.30,-21.36,-0.82,-10.00
32,2,718.18,456.59,838.42,535.40,0.5721,1.8,1.97,4.77,-1.11,1.63,31.40,1.76,-10.00
32,2,-1.00,-1.00,-1.00,-1.00,0.5393,2.0,2.04,4.87,-14.88,1.46,-28.69,-0.18,-10.00
32,2,-1.00,-1.00,-1.00,-1.00,0.2727,1.7,1.95,4.65,34.51,0.20,-19.33,-3.06,-10.00
32,2,-1.00,-1.00,-1.00,-1.00,0.1324,1.6,1.94,4.58,9.08,1.12,-17.90,-2.99,-10.00
32,2,-1.00,-1.00,-1.00,-1.00,0.1011,1.8,1.97,4.54,-8.81,-2.44,-51.91,-1.42,-10.00
32,2,-1.00,-1.00,-1.00,-1.00,0.1006,1.7,1.98,4.65,18.34,0.79,-18.81,3.09,-10.00
33,2,0.00,464.89,575.57,871.95,0.9545,1.6,1.95,4.76,-3.01,1.70,7.32,1.61,-10.00
33,2,-1.00,-1.00,-1.00,-1.00,0.9512,1.6,1.85,4.59,-3.19,1.49,-7.88,1.60,-10.00
33,2,-1.00,-1.00,-1.00,-1.00,0.9264,1.8,1.97,4.79,-3.06,1.58,-0.50,1.60,-10.00
33,2,502.98,461.25,748.77,633.75,0.9249,1.6,1.86,4.28,-2.04,1.66,14.04,1.62,-10.00
33,2,-1.00,-1.00,-1.00,-1.00,0.8984,1.6,1.89,4.47,-0.04,1.45,-8.70,-1.57,-10.00
33,2,-1.00,-1.00,-1.00,-1.00,0.7353,1.8,2.07,4.94,5.51,1.28,-15.33,-2.65,-10.00
33,2,687.02,450.30,816.34,541.34,0.5897,1.8,1.95,4.72,-1.57,1.58,28.12,1.72,-10.00
33,2,-1.00,-1.00,-1.00,-1.00,0.5508,2.0,2.10,5.04,-1.96,1.43,-23.28,-0.93,-10.00
33,2,-1.00,-1.00,-1.00,-1.00,0.4408,2.0,2.06,5.01,-13.12,1.32,-30.82,-0.25,-10.00
33,2,-1.00,-1.00,-1.00,-1.00,0.1339,1.6,1.94,4.58,9.30,1.26,-20.80,2.71,-10.00
34,2,-1.00,-1.00,-1.00,-1.00,0.9620,1.6,1.88,4.62,-3.12,1.40,-10.53,1.59,-10.00
34,2,0.00,463.68,461.05,900.00,0.9582,1.5,1.92,4.83,-3.15,1.63,4.74,1.62,-10.00
34,2,-1.00,-1.00,-1.00,-1.00,0.9464,1.8,1.97,4.85,-3.08,1.56,-2.85,1.62,-10.00
34,2,375.96,453.72,702.40,681.65,0.9432,1.7,1.86,4.40,-2.33,1.66,11.41,1.60,-10.00
34,2,-1.00,-1.00,-1.00,-1.00,0.9064,1.6,1.86,4.41,-0.01,1.42,-9.07,-1.55,-10.00
34,2,638.19,440.78,779.10,551.87,0.7545,2.0,2.06,5.22,-2.23,1.60,25.14,1.63,-10.00
34,2,-1.00,-1.00,-1.00,-1.00,0.6855,1.9,2.08,5.02,4.47,1.33,-16.95,-2.49,-10.00
34,2,-1.00,-1.00,-1.00,-1.00,0.5578,1.8,1.97,4.66,-11.44,1.12,-33.00,-0.31,-10.00
34,2,-1.00,-1.00,-1.00,-1.00,0.4825,1.9,2.04,5.01,-1.12,1.18,-24.48,-1.00,-10.00
34,2,685.36,473.00,792.26,550.49,0.2594,1.6,1.95,4.71,-1.95,1.84,29.20,1.62,-10.00
34,2,-1.00,-1.00,-1.00,-1.00,0.2004,2.5,2.35,5.99,15.35,0.78,-19.01,2.91,-10.00
34,2,-1.00,-1.00,-1.00,-1.00,0.1572,1.7,1.93,4.51,16.78,0.77,-15.09,3.02,-10.00
34,2,-1.00,-1.00,-1.00,-1.00,0.1213,1.7,2.00,4.54,0.54,1.11,-41.47,-1.53,-10.00
35,2,0.00,516.13,192.43,900.00,0.9651,1.5,1.93,4.89,-3.20,1.58,1.89,1.59,-10.00
35,2,-1.00,-1.00,-1.00,-1.00,0.9506,1.5,1.84,4.53,-2.94,1.30,-13.38,1.55,-10.00
35,2,126.30,453.09,642.34,790.43,0.9501,1.7,1.89,4.47,-2.56,1.73,8.57,1.58,-10.00
35,2,-1.00,-1.00,-1.00,-1.00,0.9265,1.8,2.00,4.93,-3.09,1.46,-5.89,1.60,-10.00
35,2,-1.00,-1.00,-1.00,-1.00,0.8973,1.6,1.87,4.50,0.08,1.46,-9.62,-1.56,-10.00
35,2,578.73,438.40,744.51,568.58,0.7503,2.0,2.07,5.14,-2.68,1.63,21.64,1.59,-10.00
35,2,-1.00,-1.00,-1.00,-1.00,0.5779,1.6,1.92,4.55,-10.09,0.95,-35.77,-0.36,-10.00
35,2,-1.00,-1.00,-1.00,-1.00,0.4518,1.8,1.99,4.74,3.90,1.22,-18.56,-2.42,-10.00
35,2,-1.00,-1.00,-1.00,-1.00,0.2899,1.7,1.89,4.50,2.90,0.84,-45.70,-1.59,-10.00
35,2,705.95,469.84,771.96,525.22,0.1981,1.7,1.97,4.62,-2.88,1.82,42.02,1.55,-10.00
35,2,-1.00,-1.00,-1.00,-1.00,0.1364,1.6,1.95,4.56,6.29,1.10,-27.90,-1.57,-10.00
35,2,-1.00,-1.00,-1.00,-1.00,0.1320,1.6,1.89,4.54,-1.34,1.24,-29.55,-1.50,-10.00
35,2,-1.00,-1.00,-1.00,-1.00,0.1288,1.8,2.01,4.68,25.46,1.90,33.22,0.08,-10.00
35,2,1247.01,448.92,1364.84,508.13,0.1165,1.8,1.99,4.56,16.28,1.24,42.83,-1.64,-10.00
35,2,-1.00,-1.00,-1.00,-1.00,0.1117,1.6,1.87,4.38,3.01,0.76,-42.41,-1.62,-10.00
35,2,-1.00,-1.00,-1.00,-1.00,0.1114,1.5,1.85,4.46,3.76,1.11,-39.86,-1.54,-10.00
35,2,694.15,471.52,778.19,541.58,0.1099,1.6,1.97,4.69,-2.24,1.81,31.93,-1.62,-10.00
35,2,-1.00,-1.00,-1.00,-1.00,0.1026,1.6,1.93,4.54,-0.03,1.17,-20.22,-1.59,-10.00
35,2,-1.00,-1.00,-1.00,-1.00,0.1024,1.6,1.98,4.64,-0.08,1.02,-25.50,-1.43,-10.00
36,2,-1.00,-1.00,-1.00,-1.00,0.9638,1.5,1.95,4.97,-3.27,1.57,-0.97,1.58,-10.00
36,2,0.00,407.94,539.31,900.00,0.9492,1.7,1.84,4.32,-2.70,1.62,5.57,1.58,-10.00
36,2,-1.00,-1.00,-1.00,-1.00,0.9394,1.5,1.86,4.67,-2.89,1.29,-16.41,1.56,-10.00
36,2,-1.00,-1.00,-1.00,-1.00,0.9256,1.8,1.98,4.85,-3.06,1.40,-8.87,1.60,-10.00
36,2,-1.00,-1.00,-1.00,-1.00,0.9165,1.6,1.85,4.45,0.14,1.46,-10.05,-1.60,-10.00
36,2,493.98,415.12,718.92,590.26,0.8494,2.1,2.12,5.38,-2.95,1.62,18.16,1.61,-10.00
36,2,-1.00,-1.00,-1.00,-1.00,0.6748,1.9,2.00,4.75,3.13,1.22,-20.25,-2.24,-10.00
36,2,630.75,473.89,729.05,555.17,0.4765,1.6,1.94,4.71,-3.11,1.81,27.23,1.49,-10.00
36,2,783.07,459.13,846.52,510.89,0.2375,1.8,2.00,4.66,-0.40,1.51,48.11,-1.49,-10.00
36,2,-1.00,-1.00,-1.00,-1.00,0.2031,1.7,1.98,4.65,-8.44,0.98,-38.15,-0.46,-10.00
36,2,680.25,461.88,754.97,522.82,0.1991,1.7,1.96,4.57,-3.37,1.57,38.06,1.42,-10.00
36,2,718.03,459.85,799.60,522.01,0.1342,1.7,1.93,4.64,-2.17,1.57,38.79,1.39,-10.00
36,2,-1.00,-1.00,-1.00,-1.00,0.1330,1.8,2.02,4.70,47.70,-3.32,-52.50,-1.75,-10.00
36,2,800.60,460.13,927.66,511.15,0.1273,1.8,2.01,4.62,1.42,1.49,46.72,-3.09,-10.00
36,2,-1.00,-1.00,-1.00,-1.00,0.1250,1.7,1.98,4.58,-0.92,1.19,-28.30,-1.59,-10.00
36,2,-1.00,-1.00,-1.00,-1.00,0.1194,1.8,2.04,4.71,-24.26,-3.04,-42.47,-1.48,-10.00
36,2,-1.00,-1.00,-1.00,-1.00,0.1171,1.7,1.96,4.47,-0.08,1.09,-26.50,-1.62,-10.00
36,2,656.01,461.23,747.89,529.52,0.1004,1.7,2.01,4.62,-3.40,1.64,35.04,1.59,-10.00
37,2,-1.00,-1.00,-1.00,-1.00,0.9662,1.5,1.90,4.71,-3.31,1.48,-4.02,1.56,-10.00
37,2,0.00,0.00,362.10,900.00,0.9513,1.8,1.92,4.51,-2.77,1.59,2.56,1.57,-10.00
37,2,-1.00,-1.00,-1.00,-1.00,0.9176,1.8,1.97,4.78,-3.03,1.31,-11.90,1.57,-10.00
37,2,-1.00,-1.00,-1.00,-1.00,0.8979,1.5,1.83,4.54,-2.85,1.09,-19.28,1.54,-10.00
37,2,-1.00,-1.00,-1.00,-1.00,0.8853,1.7,1.95,4.57,0.09,1.42,-10.46,-1.60,-10.00
37,2,371.61,401.56,679.75,629.31,0.8470,2.1,2.16,5.50,-3.18,1.65,14.65,1.59,-10.00
37,2,575.49,488.32,719.11,578.82,0.7525,1.5,1.82,4.47,-3.19,1.93,23.15,1.62,-10.00
37,2,-1.00,-1.00,-1.00,-1.00,0.7341,1.8,2.02,4.83,2.35,1.00,-21.62,-2.09,-10.00
37,2,656.85,472.80,739.19,538.94,0.4457,1.6,1.94,4.62,-3.39,1.85,33.76,1.53,-10.00
37,2,-1.00,-1.00,-1.00,-1.00,0.3309,1.7,1.94,4.55,1.05,0.89,-28.60,-1.61,-10.00
37,2,-1.00,-1.00,-1.00,-1.00,0.1326,1.6,1.98,4.58,-2.52,0.82,-25.18,1.49,-10.00
37,2,-1.00,-1.00,-1.00,-1.00,0.1279,1.7,1.97,4.58,0.35,0.94,-25.87,-1.77,-10.00
37,2,-1.00,-1.00,-1.00,-1.00,0.1206,1.6,1.89,4.62,-8.64,1.00,-42.71,1.51,-10.00
37,2,872.18,462.49,939.70,518.15,0.1165,1.8,1.94,4.61,2.72,1.64,43.96,-1.60,-10.00
37,2,217.81,618.64,335.66,687.89,0.1128,1.7,1.94,4.65,-16.90,6.44,38.76,-1.66,-10.00
37,2,-1.00,-1.00,-1.00,-1.00,0.1048,1.6,1.96,4.60,1.77,0.97,-26.67,-1.80,-10.00
38,2,-1.00,-1.00,-1.00,-1.00,0.9577,1.5,1.91,4.90,-3.41,1.45,-7.48,1.58,-10.00
38,2,-1.00,-1.00,-1.00,-1.00,0.9533,1.7,1.88,4.54,-2.80,1.53,-0.91,1.56,-10.00
38,2,-1.00,-1.00,-1.00,-1.00,0.9075,1.6,1.90,4.51,0.00,1.41,-10.73,-1.61,-10.00
38,2,-1.00,-1.00,-1.00,-1.00,0.8964,1.8,1.98,4.75,-3.12,1.33,-15.47,1.59,-10.00
38,2,125.03,360.40,641.26,713.93,0.8774,2.2,2.19,5.52,-3.20,1.67,10.64,1.62,-10.00
38,2,-1.00,-1.00,-1.00,-1.00,0.8326,1.6,1.93,4.89,-2.95,1.23,-23.07,1.52,-10.00
38,2,506.99,489.20,691.08,607.71,0.7036,1.5,1.82,4.41,-3.24,1.93,18.74,1.60,-10.00
38,2,621.24,469.40,755.86,548.13,0.4520,1.7,1.93,4.63,-3.09,1.78,29.04,1.73,-10.00
38,2,-1.00,-1.00,-1.00,-1.00,0.4184,1.9,2.03,5.03,1.53,1.07,-23.27,-1.98,-10.00
38,2,794.87,461.12,855.61,518.71,0.2786,1.7,1.91,4.60,-0.07,1.59,41.93,-1.58,-10.00
38,2,599.88,462.22,655.23,512.70,0.1747,1.7,1.92,4.66,-7.66,1.58,47.95,-1.76,-10.00
38,2,-1.00,-1.00,-1.00,-1.00,0.1410,2.1,2.22,5.50,10.31,0.36,-31.96,2.71,-10.00
38,2,715.96,465.69,787.40,520.84,0.1396,1.7,1.96,4.55,-2.47,1.68,42.42,-1.53,-10.00
38,2,1123.20,445.44,1291.75,530.65,0.1209,1.7,1.99,4.53,8.52,1.35,28.51,-1.69,-10.00
38,2,-1.00,-1.00,-1.00,-1.00,0.1110,1.7,1.99,4.79,1.51,0.70,-30.88,-1.60,-10.00
38,2,-1.00,-1.00,-1.00,-1.00,0.1012,1.7,1.99,4.67,-1.73,0.92,-43.37,0.15,-10.00
38,2,-1.00,-1.00,-1.00,-1.00,0.1004,1.7,1.94,4.44,20.12,1.35,19.41,1.71,-10.00
39,2,-1.00,-1.00,-1.00,-1.00,0.9547,1.7,1.88,4.57,-2.89,1.49,-4.07,1.58,-10.00
39,2,-1.00,-1.00,-1.00,-1.00,0.9503,1.5,1.92,4.91,-3.48,1.51,-10.85,1.59,-10.00
39,2,0.00,268.82,557.88,900.00,0.9032,2.2,2.17,5.48,-3.22,1.73,6.84,1.60,-10.00
39,2,-1.00,-1.00,-1.00,-1.00,0.9010,1.6,1.89,4.37,-0.09,1.47,-10.91,-1.59,-10.00
39,2,-1.00,-1.00,-1.00,-1.00,0.7873,1.6,1.96,4.86,-3.14,1.30,-26.26,1.55,-10.00
39,2,414.85,491.24,657.32,648.05,0.7832,1.6,1.78,4.32,-3.21,1.90,14.76,1.59,-10.00
39,2,-1.00,-1.00,-1.00,-1.00,0.7684,1.8,2.01,4.90,-3.31,1.24,-18.89,1.58,-10.00
39,2,601.77,469.20,715.34,562.47,0.7169,1.7,1.96,4.69,-3.47,1.81,25.18,-1.77,-10.00
39,2,-1.00,-1.00,-1.00,-1.00,0.3443,1.9,2.03,4.98,0.93,1.02,-24.77,-1.86,-10.00
39,2,-1.00,-1.00,-1.00,-1.00,0.2990,1.8,2.02,4.81,-4.49,0.85,-46.22,-0.33,-10.00
39,2,872.54,457.59,987.49,521.57,0.1585,1.7,1.89,4.50,2.98,1.49,37.22,-1.86,-10.00
39,2,-1.00,-1.00,-1.00,-1.00,0.1461,1.8,1.96,4.63,27.74,1.02,9.20,1.61,-10.00
39,2,-1.00,-1.00,-1.00,-1.00,0.1383,1.6,1.89,4.54,4.29,0.96,-25.60,-1.68,-10.00
39,2,-1.00,-1.00,-1.00,-1.00,0.1074,1.7,1.96,4.63,-3.02,1.47,-32.98,1.50,-10.00
