0,2,876.97,386.47,1089.26,536.02,0.2277,2.2,2.13,5.61,2.41,1.09,21.13,-1.71,-10.00
0,2,-1.00,-1.00,-1.00,-1.00,0.2193,2.0,2.02,4.98,-50.58,0.91,1.35,-0.89,-10.00
0,2,-1.00,-1.00,-1.00,-1.00,0.2062,1.8,1.98,4.62,-42.67,1.41,38.38,-2.54,-10.00
0,2,-1.00,-1.00,-1.00,-1.00,0.1828,1.7,1.98,4.61,-44.14,2.22,35.60,-2.52,-10.00
0,2,-1.00,-1.00,-1.00,-1.00,0.1824,1.8,1.98,4.69,-49.72,1.39,-36.50,-0.34,-10.00
0,2,-1.00,-1.00,-1.00,-1.00,0.1742,1.8,2.04,4.86,-18.50,1.50,-1.62,-2.41,-10.00
0,2,-1.00,-1.00,-1.00,-1.00,0.1723,1.7,1.97,4.69,-36.78,1.18,-25.42,-0.88,-10.00
0,2,-1.00,-1.00,-1.00,-1.00,0.1519,1.7,1.94,4.69,-22.19,2.80,-40.26,1.68,-10.00
0,2,-1.00,-1.00,-1.00,-1.00,0.1489,1.8,2.06,4.88,33.12,-2.67,-47.92,2.44,-10.00
0,2,-1.00,-1.00,-1.00,-1.00,0.1369,1.8,1.97,4.56,28.96,1.06,30.64,-1.56,-10.00
0,2,-1.00,-1.00,-1.00,-1.00,0.1367,1.7,1.97,4.61,-32.17,1.43,-13.48,-0.65,-10.00
0,2,-1.00,-1.00,-1.00,-1.00,0.1334,1.8,1.96,4.65,-40.87,1.05,-6.50,-0.34,-10.00
0,2,-1.00,-1.00,-1.00,-1.00,0.1319,1.8,1.92,4.61,-21.59,1.62,-20.90,0.87,-10.00
0,2,-1.00,-1.00,-1.00,-1.00,0.1279,1.5,1.90,4.63,-29.96,1.33,-14.96,2.11,-10.00
0,2,-1.00,-1.00,-1.00,-1.00,0.1212,1.7,1.95,4.62,-18.01,1.56,-0.04,0.64,-10.00
0,2,-1.00,-1.00,-1.00,-1.00,0.1204,1.6,1.95,4.56,11.86,2.00,-35.51,1.29,-10.00
0,2,-1.00,-1.00,-1.00,-1.00,0.1184,1.7,1.97,4.65,-9.13,0.96,-48.53,1.54,-10.00
0,2,-1.00,-1.00,-1.00,-1.00,0.1145,1.7,1.99,4.60,-32.41,1.60,-9.01,-0.69,-10.00
0,2,-1.00,-1.00,-1.00,-1.00,0.1057,1.6,1.92,4.65,-38.46,0.95,-23.61,-0.82,-10.00
0,2,-1.00,-1.00,-1.00,-1.00,0.1036,1.7,1.95,4.59,-35.07,1.24,-13.13,-1.94,-10.00
0,2,-1.00,-1.00,-1.00,-1.00,0.1032,1.7,1.97,4.58,-31.56,1.27,-16.24,0.32,-10.00
0,2,-1.00,-1.00,-1.00,-1.00,0.1017,1.8,2.01,4.73,-25.67,1.48,-17.10,-2.42,-10.00
0,2,-1.00,-1.00,-1.00,-1.00,0.1001,1.8,2.00,4.85,-48.41,0.91,-2.27,-0.91,-10.00
1,2,857.00,439.48,1053.32,597.59,0.6956,2.2,2.20,5.64,1.90,1.95,20.61,-1.65,-10.00
1,2,-1.00,-1.00,-1.00,-1.00,0.6445,1.6,1.94,4.67,-36.32,0.74,-29.29,-0.91,-10.00
1,2,-1.00,-1.00,-1.00,-1.00,0.4774,1.8,1.97,4.82,-32.81,0.88,-17.49,-0.86,-10.00
1,2,-1.00,-1.00,-1.00,-1.00,0.3887,1.5,1.93,4.73,-38.27,0.81,-27.50,-0.86,-10.00
1,2,-1.00,-1.00,-1.00,-1.00,0.3626,1.7,1.93,4.62,-37.71,0.32,-50.30,-0.93,-10.00
1,2,-1.00,-1.00,-1.00,-1.00,0.3257,1.7,1.94,4.60,-46.16,1.38,-6.15,-0.64,-10.00
1,2,-1.00,-1.00,-1.00,-1.00,0.3192,1.8,2.06,4.77,-43.50,1.35,-8.42,-0.88,-10.00
1,2,-1.00,-1.00,-1.00,-1.00,0.3169,1.6,1.89,4.60,-36.32,0.97,-15.08,-0.85,-10.00
1,2,-1.00,-1.00,-1.00,-1.00,0.2651,1.7,1.90,4.60,-37.85,0.72,-35.34,2.03,-10.00
1,2,-1.00,-1.00,-1.00,-1.00,0.2191,1.9,2.14,5.24,-18.63,1.54,-5.66,-2.43,-10.00
1,2,-1.00,-1.00,-1.00,-1.00,0.1950,1.8,2.07,4.86,18.42,-2.25,-32.95,2.48,-10.00
1,2,-1.00,-1.00,-1.00,-1.00,0.1740,2.3,2.13,5.48,-50.65,1.24,-2.47,-0.91,-10.00
1,2,-1.00,-1.00,-1.00,-1.00,0.1719,2.0,2.12,5.10,-24.31,1.04,-25.95,-2.41,-10.00
1,2,-1.00,-1.00,-1.00,-1.00,0.1627,1.8,2.03,4.81,-42.38,0.73,-11.46,-0.84,-10.00
1,2,778.85,479.23,842.01,535.74,0.1542,1.7,1.91,4.60,-0.54,2.10,40.35,-1.59,-10.00
1,2,-1.00,-1.00,-1.00,-1.00,0.1425,1.7,2.00,4.65,-38.73,0.80,-13.87,-0.87,-10.00
1,2,994.86,457.63,1156.77,518.33,0.1425,1.8,1.97,4.55,7.62,1.45,38.62,-0.02,-10.00
1,2,-1.00,-1.00,-1.00,-1.00,0.1364,1.7,1.93,4.56,-34.37,0.37,-51.91,-1.65,-10.00
1,2,-1.00,-1.00,-1.00,-1.00,0.1132,1.7,1.97,4.46,31.54,-0.64,41.28,3.06,-10.00
1,2,-1.00,-1.00,-1.00,-1.00,0.1126,1.7,1.94,4.60,-32.96,0.50,-32.93,-0.86,-10.00
1,2,-1.00,-1.00,-1.00,-1.00,0.1049,2.0,2.05,4.83,24.28,0.94,4.45,0.06,-10.00
2,2,839.09,419.03,1029.29,575.73,0.4516,2.2,2.10,5.52,1.54,1.62,20.28,-1.66,-10.00
2,2,-1.00,-1.00,-1.00,-1.00,0.4176,1.7,1.95,4.73,-36.57,1.04,-33.18,-0.89,-10.00
2,2,-1.00,-1.00,-1.00,-1.00,0.3708,1.6,1.93,4.67,-38.33,1.05,-31.24,-0.85,-10.00
2,2,-1.00,-1.00,-1.00,-1.00,0.3692,1.7,1.98,4.89,-32.83,1.15,-21.28,-0.86,-10.00
2,2,-1.00,-1.00,-1.00,-1.00,0.3672,1.9,2.05,4.96,-41.49,1.44,-14.86,2.28,-10.00
2,2,-1.00,-1.00,-1.00,-1.00,0.2758,1.7,2.00,4.77,-33.01,0.91,-37.09,1.98,-10.00
2,2,-1.00,-1.00,-1.00,-1.00,0.2475,1.7,1.95,4.70,-37.45,1.20,-39.47,1.59,-10.00
2,2,-1.00,-1.00,-1.00,-1.00,0.2456,1.7,1.95,4.61,-38.79,1.42,-16.22,-0.90,-10.00
2,2,-1.00,-1.00,-1.00,-1.00,0.2444,1.8,1.99,4.66,23.71,0.93,0.32,-0.09,-10.00
2,2,-1.00,-1.00,-1.00,-1.00,0.2386,1.9,2.08,4.93,-18.55,1.61,-9.93,0.72,-10.00
2,2,-1.00,-1.00,-1.00,-1.00,0.1758,1.9,1.99,4.67,24.03,0.95,-2.03,-0.01,-10.00
2,2,-1.00,-1.00,-1.00,-1.00,0.1625,1.7,2.01,4.67,-32.35,1.36,-17.13,-0.36,-10.00
2,2,-1.00,-1.00,-1.00,-1.00,0.1564,1.7,1.99,4.68,-24.93,1.31,-36.95,2.23,-10.00
2,2,-1.00,-1.00,-1.00,-1.00,0.1317,1.7,1.95,4.56,-33.74,0.90,-35.24,0.14,-10.00
2,2,-1.00,-1.00,-1.00,-1.00,0.1278,1.6,1.92,4.73,-43.08,1.46,-13.01,2.26,-10.00
2,2,-1.00,-1.00,-1.00,-1.00,0.1222,1.7,1.95,4.51,31.88,1.70,20.30,-2.98,-10.00
2,2,989.38,456.49,1074.83,515.41,0.1222,1.7,1.93,4.58,6.61,1.43,40.79,-1.59,-10.00
2,2,1142.63,466.06,1438.50,574.63,0.1221,2.0,2.06,4.88,8.82,1.96,24.15,-0.02,-10.00
2,2,-1.00,-1.00,-1.00,-1.00,0.1172,2.3,2.11,5.23,14.46,1.98,17.81,-1.46,-10.00
2,2,-1.00,-1.00,-1.00,-1.00,0.1164,1.6,1.93,4.63,-7.89,1.18,-48.66,1.52,-10.00
2,2,-1.00,-1.00,-1.00,-1.00,0.1101,1.7,1.91,4.48,-39.77,2.32,12.23,-2.88,-10.00
2,2,-1.00,-1.00,-1.00,-1.00,0.1084,1.7,1.99,4.55,-5.62,1.42,-52.44,1.42,-10.00
2,2,-1.00,-1.00,-1.00,-1.00,0.1073,1.7,1.93,4.54,-34.88,2.71,11.71,-2.45,-10.00
2,2,-1.00,-1.00,-1.00,-1.00,0.1060,1.7,1.99,4.68,-42.97,1.38,-31.83,-1.55,-10.00
2,2,-1.00,-1.00,-1.00,-1.00,0.1029,2.0,2.02,4.76,24.03,1.10,2.74,0.05,-10.00
3,2,831.01,408.63,1027.29,583.83,0.5989,2.3,2.14,5.77,1.38,1.66,19.60,-1.65,-10.00
3,2,-1.00,-1.00,-1.00,-1.00,0.5047,1.6,1.94,4.65,-38.87,1.47,-19.88,-0.90,-10.00
3,2,-1.00,-1.00,-1.00,-1.00,0.3040,2.0,2.09,5.21,-41.66,1.37,-18.38,-0.85,-10.00
3,2,-1.00,-1.00,-1.00,-1.00,0.2489,1.7,1.94,4.71,-38.62,1.17,-35.06,-0.89,-10.00
3,2,-1.00,-1.00,-1.00,-1.00,0.2470,1.9,2.17,5.31,-18.55,1.82,-13.27,-2.48,-10.00
3,2,-1.00,-1.00,-1.00,-1.00,0.2392,1.6,1.90,4.58,-32.88,1.29,-24.68,-0.87,-10.00
3,2,-1.00,-1.00,-1.00,-1.00,0.2218,1.6,1.91,4.55,-44.00,1.50,-16.32,-0.87,-10.00
3,2,-1.00,-1.00,-1.00,-1.00,0.2194,1.7,1.96,4.72,-47.55,1.43,-50.33,2.13,-10.00
3,2,-1.00,-1.00,-1.00,-1.00,0.1990,1.7,1.97,4.75,-36.99,1.15,-36.61,-0.85,-10.00
3,2,-1.00,-1.00,-1.00,-1.00,0.1791,2.0,2.15,5.46,-23.80,1.51,-33.35,2.25,-10.00
3,2,-1.00,-1.00,-1.00,-1.00,0.1452,1.7,1.95,4.69,-7.96,1.28,-52.41,-1.56,-10.00
3,2,-1.00,-1.00,-1.00,-1.00,0.1402,1.6,1.91,4.59,-25.73,1.25,-30.47,2.23,-10.00
3,2,-1.00,-1.00,-1.00,-1.00,0.1394,1.8,1.98,4.64,25.32,1.14,-9.98,1.68,-10.00
3,2,-1.00,-1.00,-1.00,-1.00,0.1321,1.9,2.03,4.79,-38.55,2.66,10.62,0.56,-10.00
3,2,-1.00,-1.00,-1.00,-1.00,0.1284,1.9,2.14,5.20,-41.05,2.55,6.59,0.71,-10.00
3,2,-1.00,-1.00,-1.00,-1.00,0.1200,1.6,1.91,4.59,18.36,1.59,-21.67,-1.69,-10.00
3,2,-1.00,-1.00,-1.00,-1.00,0.1172,1.7,1.95,4.55,-48.67,1.76,-13.69,-0.91,-10.00
3,2,-1.00,-1.00,-1.00,-1.00,0.1158,1.6,1.95,4.55,-28.06,1.34,-28.46,-0.93,-10.00
3,2,-1.00,-1.00,-1.00,-1.00,0.1082,1.6,1.89,4.48,-41.48,1.19,-39.83,-1.05,-10.00
3,2,-1.00,-1.00,-1.00,-1.00,0.1038,1.6,1.96,4.56,-16.96,1.88,8.37,0.27,-10.00
3,2,-1.00,-1.00,-1.00,-1.00,0.1036,1.8,1.93,4.60,25.90,1.29,4.64,1.50,-10.00
4,2,829.50,403.12,1021.58,585.23,0.8139,2.3,2.18,5.73,1.28,1.63,19.02,-1.62,-10.00
4,2,-1.00,-1.00,-1.00,-1.00,0.3488,1.7,1.95,4.70,-38.96,1.20,-23.08,-0.88,-10.00
4,2,-1.00,-1.00,-1.00,-1.00,0.3440,1.9,2.01,4.70,26.83,1.16,3.13,-0.05,-10.00
4,2,-1.00,-1.00,-1.00,-1.00,0.3270,2.0,2.07,4.95,-41.65,1.51,-21.35,-0.89,-10.00
4,2,-1.00,-1.00,-1.00,-1.00,0.2524,1.7,1.91,4.62,-36.11,1.23,-25.54,2.01,-10.00
4,2,-1.00,-1.00,-1.00,-1.00,0.2480,2.0,2.15,5.26,-18.89,1.63,-16.42,-2.35,-10.00
4,2,-1.00,-1.00,-1.00,-1.00,0.2279,1.6,1.96,4.67,-39.08,1.00,-38.24,-0.79,-10.00
4,2,-1.00,-1.00,-1.00,-1.00,0.1994,2.0,2.13,5.23,-23.87,1.47,-36.27,2.30,-10.00
4,2,-1.00,-1.00,-1.00,-1.00,0.1764,1.8,1.98,4.65,8.92,1.36,-40.76,-3.14,-10.00
4,2,-1.00,-1.00,-1.00,-1.00,0.1654,1.6,1.93,4.52,-44.94,1.53,-34.12,2.20,-10.00
4,2,-1.00,-1.00,-1.00,-1.00,0.1496,1.8,1.97,4.64,-23.74,1.30,-42.38,-0.05,-10.00
4,2,-1.00,-1.00,-1.00,-1.00,0.1375,1.7,1.98,4.63,-44.32,1.52,-19.62,2.31,-10.00
4,2,-1.00,-1.00,-1.00,-1.00,0.1180,1.8,1.96,4.57,17.12,1.39,-24.37,2.78,-10.00
4,2,-1.00,-1.00,-1.00,-1.00,0.1138,1.9,2.08,4.75,25.22,0.97,-14.70,1.50,-10.00
4,2,-1.00,-1.00,-1.00,-1.00,0.1134,1.6,1.89,4.45,-31.25,0.90,-28.88,-0.86,-10.00
4,2,-1.00,-1.00,-1.00,-1.00,0.1047,1.7,1.98,4.66,-37.27,1.27,-24.57,-0.51,-10.00
5,2,816.89,395.63,1013.46,577.38,0.6755,2.2,2.18,5.61,1.07,1.46,18.19,-1.62,-10.00
5,2,-1.00,-1.00,-1.00,-1.00,0.2828,1.8,1.94,4.66,-36.99,2.19,-43.71,2.24,-10.00
5,2,-1.00,-1.00,-1.00,-1.00,0.2820,1.6,1.96,4.57,-39.08,1.87,-41.89,-0.88,-10.00
5,2,-1.00,-1.00,-1.00,-1.00,0.2453,1.6,1.95,4.55,-33.59,2.17,-47.40,-1.28,-10.00
5,2,-1.00,-1.00,-1.00,-1.00,0.2291,1.6,1.96,4.75,-30.30,2.02,-48.32,1.50,-10.00
5,2,-1.00,-1.00,-1.00,-1.00,0.1956,1.6,1.93,4.49,-28.11,1.80,-35.71,2.21,-10.00
5,2,-1.00,-1.00,-1.00,-1.00,0.1849,2.0,2.10,5.22,-42.03,1.77,-25.30,-0.84,-10.00
5,2,-1.00,-1.00,-1.00,-1.00,0.1763,1.7,2.00,4.65,6.24,1.65,-43.95,-1.82,-10.00
5,2,-1.00,-1.00,-1.00,-1.00,0.1752,1.8,2.13,5.07,-18.95,1.95,-20.76,-2.56,-10.00
5,2,-1.00,-1.00,-1.00,-1.00,0.1541,2.0,2.15,4.95,-37.05,2.03,-8.12,1.44,-10.00
5,2,-1.00,-1.00,-1.00,-1.00,0.1486,1.7,1.89,4.56,18.19,1.52,-38.25,1.51,-10.00
5,2,1006.97,458.99,1096.41,516.62,0.1307,1.7,2.01,4.75,7.45,1.51,41.96,-1.59,-10.00
5,2,-1.00,-1.00,-1.00,-1.00,0.1282,1.7,1.97,4.60,-21.83,1.71,-48.01,0.09,-10.00
5,2,-1.00,-1.00,-1.00,-1.00,0.1177,1.7,1.97,4.79,-38.31,1.89,-50.76,-1.50,-10.00
5,2,-1.00,-1.00,-1.00,-1.00,0.1175,1.8,2.03,4.75,-30.62,1.47,-32.79,0.13,-10.00
5,2,-1.00,-1.00,-1.00,-1.00,0.1163,1.6,1.94,4.64,-44.06,1.68,-23.62,-0.94,-10.00
5,2,-1.00,-1.00,-1.00,-1.00,0.1125,1.5,1.90,4.53,-26.15,1.77,-37.05,-0.88,-10.00
5,2,-1.00,-1.00,-1.00,-1.00,0.1094,1.7,1.97,4.63,-39.53,2.62,-48.28,-0.02,-10.00
5,2,-1.00,-1.00,-1.00,-1.00,0.1056,1.6,1.94,4.57,-20.96,1.92,-18.46,-2.50,-10.00
5,2,-1.00,-1.00,-1.00,-1.00,0.1020,1.7,1.93,4.69,-15.56,2.00,-51.48,1.53,-10.00
6,2,810.02,393.26,1011.79,583.94,0.7882,2.3,2.11,5.56,0.96,1.49,17.64,-1.63,-10.00
6,2,-1.00,-1.00,-1.00,-1.00,0.3285,1.8,2.05,4.73,4.75,1.61,-45.44,-1.84,-10.00
6,2,-1.00,-1.00,-1.00,-1.00,0.1952,1.9,2.18,5.25,-18.87,1.94,-23.54,-2.43,-10.00
6,2,-1.00,-1.00,-1.00,-1.00,0.1824,1.7,2.04,4.68,-43.98,1.52,-26.29,2.29,-10.00
6,2,-1.00,-1.00,-1.00,-1.00,0.1787,1.7,1.97,4.59,-31.87,1.74,-49.57,0.41,-10.00
6,2,-1.00,-1.00,-1.00,-1.00,0.1784,2.0,2.13,5.35,-41.88,1.72,-28.06,-0.82,-10.00
6,2,-1.00,-1.00,-1.00,-1.00,0.1478,1.8,1.97,4.85,-20.49,1.56,-51.90,1.47,-10.00
6,2,801.11,466.48,863.25,524.60,0.1453,1.7,1.89,4.51,0.19,1.74,40.72,-1.56,-10.00
6,2,-1.00,-1.00,-1.00,-1.00,0.1285,1.7,1.97,4.70,-33.87,1.72,-50.97,-1.19,-10.00
6,2,-1.00,-1.00,-1.00,-1.00,0.1095,1.7,1.94,4.51,14.30,1.47,-37.15,-1.62,-10.00
7,2,804.03,395.83,1014.05,597.67,0.8722,2.3,2.11,5.65,0.91,1.62,17.33,-1.64,-10.00
7,2,-1.00,-1.00,-1.00,-1.00,0.3957,1.7,1.96,4.66,-18.96,1.67,-26.51,-2.45,-10.00
7,2,-1.00,-1.00,-1.00,-1.00,0.1444,2.0,2.15,5.20,-9.04,-2.58,-45.58,-0.35,-10.00
7,2,-1.00,-1.00,-1.00,-1.00,0.1045,1.7,1.97,4.63,3.73,1.50,-46.06,-1.78,-10.00
8,2,814.87,398.37,1013.21,602.06,0.8328,2.3,2.14,5.81,0.95,1.63,17.00,-1.59,-10.00
8,2,-1.00,-1.00,-1.00,-1.00,0.1532,1.7,1.94,4.83,-8.36,-3.82,-48.81,1.67,-10.00
8,2,-1.00,-1.00,-1.00,-1.00,0.1201,1.7,1.94,4.55,-19.87,1.53,-32.38,0.09,-10.00
8,2,-1.00,-1.00,-1.00,-1.00,0.1161,2.5,2.31,5.74,-19.68,0.75,-17.12,1.32,-10.00
8,2,-1.00,-1.00,-1.00,-1.00,0.1072,1.7,1.97,4.64,-19.39,1.57,-30.04,0.06,-10.00
8,2,-1.00,-1.00,-1.00,-1.00,0.1050,1.7,1.98,4.62,38.05,-3.28,-41.53,3.09,-10.00
8,2,-1.00,-1.00,-1.00,-1.00,0.1021,1.7,1.94,4.52,-26.59,1.24,-44.80,0.45,-10.00
9,2,802.21,387.25,1010.99,603.77,0.8582,2.3,2.15,5.85,0.81,1.60,16.52,-1.61,-10.00
9,2,-1.00,-1.00,-1.00,-1.00,0.2382,1.9,2.00,4.89,-9.46,-3.75,-51.16,2.91,-10.00
9,2,680.71,473.40,751.99,532.61,0.1140,1.7,1.90,4.61,-3.41,1.95,39.43,-1.59,-10.00
10,2,793.76,402.74,998.44,614.90,0.7206,2.2,2.11,5.60,0.69,1.65,15.84,-1.58,-10.00
10,2,689.76,470.17,758.34,527.53,0.1600,1.7,1.93,4.76,-3.25,1.83,40.44,1.55,-10.00
10,2,-1.00,-1.00,-1.00,-1.00,0.1573,1.8,1.99,4.80,-33.82,1.02,-46.91,1.95,-10.00
10,2,262.32,467.68,412.12,520.10,0.1294,1.7,1.94,4.51,-17.01,1.72,43.75,3.02,-10.00
10,2,-1.00,-1.00,-1.00,-1.00,0.1042,1.6,1.85,4.57,-13.43,1.41,-39.91,1.57,-10.00
10,2,-1.00,-1.00,-1.00,-1.00,0.1028,1.7,1.96,4.56,19.32,1.73,22.41,-0.13,-10.00
11,2,784.42,383.76,1006.86,608.59,0.7881,2.3,2.13,5.62,0.60,1.54,15.44,-1.62,-10.00
11,2,-1.00,-1.00,-1.00,-1.00,0.2072,1.7,1.88,4.50,29.82,1.03,1.40,-1.53,-10.00
11,2,743.11,458.86,798.64,514.15,0.1840,1.8,1.90,4.70,-1.99,1.55,45.61,-1.60,-10.00
11,2,-1.00,-1.00,-1.00,-1.00,0.1416,1.6,1.93,4.47,-14.55,1.25,-40.90,0.06,-10.00
11,2,-1.00,-1.00,-1.00,-1.00,0.1371,2.0,2.11,5.00,24.57,-3.80,-49.93,0.07,-10.00
11,2,-1.00,-1.00,-1.00,-1.00,0.1330,2.0,1.95,4.68,15.63,0.46,-24.43,0.00,-10.00
11,2,1338.40,460.10,1600.00,608.84,0.1147,1.7,1.97,4.68,8.92,1.71,16.72,1.50,-10.00
11,2,-1.00,-1.00,-1.00,-1.00,0.1107,1.9,1.99,4.70,-31.70,1.78,-48.38,-2.41,-10.00
11,2,-1.00,-1.00,-1.00,-1.00,0.1020,1.7,2.00,4.54,27.45,0.97,1.56,1.55,-10.00
12,2,782.33,390.76,998.56,618.42,0.8492,2.2,2.13,5.66,0.57,1.62,15.29,-1.59,-10.00
12,2,1515.18,401.10,1600.00,693.36,0.2049,2.1,2.16,5.30,9.11,1.77,11.88,1.57,-10.00
12,2,-1.00,-1.00,-1.00,-1.00,0.1857,1.9,2.01,4.66,35.87,-2.36,-35.87,-0.01,-10.00
12,2,-1.00,-1.00,-1.00,-1.00,0.1380,1.7,1.91,4.50,-14.62,1.50,-43.67,-0.03,-10.00
12,2,244.81,467.05,408.31,521.39,0.1296,1.7,1.96,4.59,-16.42,1.66,41.31,3.13,-10.00
12,2,1152.43,458.15,1318.58,518.37,0.1275,1.8,2.05,4.75,13.29,1.54,40.96,0.05,-10.00
12,2,-1.00,-1.00,-1.00,-1.00,0.1140,1.9,2.00,4.89,-32.33,1.57,-52.56,1.63,-10.00
12,2,1161.48,443.98,1277.08,510.05,0.1068,1.8,1.97,4.66,12.19,1.19,39.23,-1.61,-10.00
12,2,1123.51,473.83,1216.19,527.79,0.1003,1.7,1.84,4.45,11.56,1.93,42.49,-1.58,-10.00
13,2,780.23,402.75,998.67,631.21,0.8307,2.2,2.11,5.64,0.67,1.72,15.08,-1.55,-10.00
13,2,1513.07,422.77,1600.00,659.38,0.1136,1.8,2.05,5.00,9.15,1.60,12.27,-1.57,-10.00
13,2,-1.00,-1.00,-1.00,-1.00,0.1111,1.8,1.99,4.76,33.35,-4.31,-51.43,3.09,-10.00
14,2,766.96,364.52,981.82,595.52,0.8087,2.3,2.09,5.46,0.50,1.37,15.03,-1.56,-10.00
14,2,-1.00,-1.00,-1.00,-1.00,0.1492,1.7,1.99,4.72,14.59,-0.26,-32.82,1.57,-10.00
14,2,-1.00,-1.00,-1.00,-1.00,0.1293,1.7,1.93,4.45,-14.81,1.62,-48.15,0.00,-10.00
14,2,684.54,463.41,744.00,511.82,0.1226,1.7,1.90,4.61,-4.44,1.62,50.12,1.59,-10.00
14,2,-1.00,-1.00,-1.00,-1.00,0.1209,1.7,1.94,4.66,-16.67,1.76,-44.08,1.60,-10.00
15,2,759.83,386.31,980.95,623.08,0.7590,2.3,2.12,5.71,0.49,1.63,15.00,-1.55,-10.00
15,2,648.80,471.44,719.88,522.80,0.5258,1.6,1.90,4.59,-4.90,1.81,43.75,1.58,-10.00
15,2,125.68,487.87,317.87,548.08,0.1381,1.6,1.88,4.35,-16.55,2.12,34.44,3.13,-10.00
15,2,-1.00,-1.00,-1.00,-1.00,0.1379,1.7,1.94,4.57,-14.88,1.14,-50.48,-0.02,-10.00
15,2,1078.05,476.27,1140.99,525.31,0.1251,1.8,2.04,4.72,11.14,2.16,49.61,-1.43,-10.00
15,2,-1.00,-1.00,-1.00,-1.00,0.1103,1.8,2.06,4.86,-14.79,0.99,-46.05,0.05,-10.00
16,2,763.73,372.05,986.19,608.96,0.7710,2.3,2.13,5.78,0.53,1.49,15.03,-1.55,-10.00
16,2,584.42,469.40,678.89,526.73,0.7071,1.5,1.87,4.62,-5.70,1.65,37.15,1.62,-10.00
16,2,1086.22,478.08,1148.80,525.38,0.1410,1.6,1.88,4.45,10.76,2.03,46.60,-1.42,-10.00
16,2,-1.00,-1.00,-1.00,-1.00,0.1276,1.8,2.01,4.83,14.60,-0.78,-37.21,1.53,-10.00
16,2,-1.00,-1.00,-1.00,-1.00,0.1138,2.1,2.07,5.00,11.93,1.40,14.21,-1.69,-10.00
16,2,-1.00,-1.00,-1.00,-1.00,0.1121,1.7,1.92,4.60,15.96,1.47,-19.23,-1.56,-10.00
16,2,-1.00,-1.00,-1.00,-1.00,0.1027,1.7,1.93,4.60,2.90,1.38,-51.44,0.03,-10.00
17,2,518.91,462.14,638.09,532.85,0.8013,1.6,1.86,4.56,-5.95,1.52,30.60,1.61,-10.00
17,2,756.64,357.74,985.41,602.57,0.7512,2.3,2.14,5.84,0.61,1.40,14.78,-1.50,-10.00
17,2,-1.00,-1.00,-1.00,-1.00,0.2716,1.7,1.94,4.56,-14.60,1.45,-50.06,-2.99,-10.00
17,2,111.82,407.20,281.35,492.94,0.1941,2.0,2.14,5.07,-17.58,0.55,35.31,1.58,-10.00
17,2,1076.65,458.26,1179.27,510.94,0.1621,1.7,1.88,4.60,10.73,1.41,44.97,-1.74,-10.00
17,2,-1.00,-1.00,-1.00,-1.00,0.1413,1.7,1.97,4.71,-16.68,1.31,-51.90,1.59,-10.00
17,2,-1.00,-1.00,-1.00,-1.00,0.1280,1.6,1.95,4.64,-19.51,1.26,-51.22,-1.52,-10.00
18,2,763.56,368.36,995.87,613.56,0.8438,2.3,2.18,5.98,0.86,1.51,14.82,-1.44,-10.00
18,2,411.52,469.47,579.53,558.25,0.8175,1.5,1.87,4.59,-6.20,1.65,24.04,1.60,-10.00
18,2,-1.00,-1.00,-1.00,-1.00,0.1424,1.8,1.98,4.69,-19.53,1.28,-52.63,1.59,-10.00
18,2,-1.00,-1.00,-1.00,-1.00,0.1029,1.7,1.95,4.67,-17.48,1.43,-51.42,3.13,-10.00
19,2,782.68,370.73,1032.22,626.47,0.8481,2.4,2.17,5.89,1.21,1.62,14.76,-1.38,-10.00
19,2,205.37,460.06,484.68,596.73,0.7970,1.6,1.94,4.85,-6.38,1.63,17.30,1.58,-10.00
19,2,-1.00,-1.00,-1.00,-1.00,0.2320,1.9,2.07,5.17,8.69,1.56,-1.66,-1.57,-10.00
19,2,-1.00,-1.00,-1.00,-1.00,0.1118,1.7,1.94,4.48,3.04,1.07,-37.94,-1.57,-10.00
19,2,751.74,477.16,814.73,532.69,0.1095,1.7,1.89,4.54,-1.35,2.01,40.59,-1.57,-10.00
19,2,-1.00,-1.00,-1.00,-1.00,0.1032,1.7,1.92,4.45,9.85,1.53,0.89,-0.03,-10.00
19,2,-1.00,-1.00,-1.00,-1.00,0.1028,1.8,2.03,4.82,-12.34,1.89,-52.55,1.68,-10.00
20,2,0.00,443.81,194.83,732.16,0.9103,1.5,1.83,4.45,-6.55,1.49,8.84,1.60,-10.00
20,2,839.98,379.76,1094.22,614.22,0.8306,2.2,2.13,5.68,1.92,1.54,14.96,-1.30,-10.00
20,2,596.28,468.67,691.91,529.27,0.6426,1.5,1.82,4.38,-5.01,1.63,34.97,1.62,-10.00
20,2,-1.00,-1.00,-1.00,-1.00,0.1699,1.9,2.02,4.92,16.65,1.09,-17.91,-1.75,-10.00
20,2,-1.00,-1.00,-1.00,-1.00,0.1673,1.8,2.01,4.70,16.79,1.12,-31.15,-0.01,-10.00
20,2,-1.00,-1.00,-1.00,-1.00,0.1383,2.1,2.19,5.30,8.54,1.79,-3.59,-1.52,-10.00
20,2,0.00,371.28,179.74,504.49,0.1207,2.6,2.47,5.93,-17.92,0.72,29.39,-1.59,-10.00
21,2,-1.00,-1.00,-1.00,-1.00,0.8817,1.5,1.84,4.51,-6.72,1.55,1.64,1.61,-10.00
21,2,889.63,396.46,1130.91,627.67,0.8379,2.3,2.13,5.70,2.47,1.70,15.26,-1.29,-10.00
21,2,492.91,470.29,630.83,548.81,0.7953,1.6,1.92,4.69,-5.82,1.74,28.14,1.61,-10.00
21,2,1030.90,492.11,1118.01,553.13,0.2860,1.7,1.91,4.69,7.30,2.44,37.34,-1.51,-10.00
21,2,-1.00,-1.00,-1.00,-1.00,0.2045,2.0,2.12,5.20,25.69,-3.86,-51.39,3.12,-10.00
21,2,708.28,471.05,781.05,523.30,0.1925,1.7,2.00,4.66,-2.92,1.90,45.61,1.65,-10.00
21,2,-1.00,-1.00,-1.00,-1.00,0.1414,2.1,2.15,5.49,8.58,1.43,-7.23,1.53,-10.00
21,2,1054.47,490.24,1222.50,551.82,0.1192,1.6,1.93,4.46,8.74,2.29,35.45,0.18,-10.00
21,2,719.44,462.80,787.97,517.52,0.1034,2.0,2.16,5.20,-2.84,1.84,50.02,1.62,-10.00
22,2,-1.00,-1.00,-1.00,-1.00,0.8738,1.5,1.85,4.53,-6.76,1.37,-4.25,1.61,-10.00
22,2,927.31,406.30,1159.46,630.67,0.8516,2.3,2.12,5.63,2.91,1.77,15.57,-1.27,-10.00
22,2,368.21,469.17,555.88,568.08,0.8365,1.6,1.88,4.63,-6.35,1.69,22.41,1.60,-10.00
22,2,1044.17,485.33,1138.84,546.29,0.1229,1.6,1.85,4.55,7.41,2.14,35.46,-1.53,-10.00
22,2,-1.00,-1.00,-1.00,-1.00,0.1158,1.7,1.91,4.62,39.40,2.48,30.88,1.63,-10.00
23,2,-1.00,-1.00,-1.00,-1.00,0.8905,1.7,1.94,4.83,-6.79,1.49,-11.27,1.57,-10.00
23,2,88.23,477.28,420.06,623.40,0.8880,1.5,1.84,4.49,-6.71,1.72,15.34,1.61,-10.00
23,2,972.03,409.46,1185.23,622.38,0.8829,2.2,2.07,5.41,3.34,1.71,15.67,-1.28,-10.00
23,2,-1.00,-1.00,-1.00,-1.00,0.2114,1.6,1.91,4.61,16.76,-0.25,-23.32,1.44,-10.00
23,2,-1.00,-1.00,-1.00,-1.00,0.1475,1.8,2.01,4.65,34.94,-2.86,-26.86,3.04,-10.00
23,2,0.00,379.80,20.76,531.97,0.1378,2.4,2.21,5.60,-18.04,1.13,23.27,-1.50,-10.00
23,2,-1.00,-1.00,-1.00,-1.00,0.1110,1.8,2.00,4.66,27.86,-3.35,-35.04,0.02,-10.00
23,2,-1.00,-1.00,-1.00,-1.00,0.1076,2.2,2.22,5.47,25.86,-3.94,-50.55,0.11,-10.00
23,2,601.99,468.14,689.24,534.01,0.1061,1.7,1.92,4.67,-5.03,1.79,35.40,1.54,-10.00
24,2,-1.00,-1.00,-1.00,-1.00,0.8967,1.6,1.92,4.77,-6.78,1.31,-18.63,1.57,-10.00
24,2,0.00,461.10,125.70,773.67,0.8804,1.5,1.82,4.45,-6.88,1.60,8.39,1.58,-10.00
24,2,1029.31,415.45,1231.92,623.57,0.8788,2.2,2.08,5.48,3.70,1.79,16.21,-1.41,-10.00
24,2,495.45,469.03,634.05,546.82,0.7059,1.6,1.90,4.68,-5.95,1.76,29.07,1.65,-10.00
24,2,773.84,479.13,848.39,529.94,0.3033,1.7,2.02,4.92,-0.51,2.21,46.59,1.71,-10.00
24,2,-1.00,-1.00,-1.00,-1.00,0.1128,1.6,1.88,4.66,16.71,-0.62,-25.23,-1.67,-10.00
25,2,-1.00,-1.00,-1.00,-1.00,0.8950,1.5,1.82,4.43,-6.97,1.54,0.92,1.57,-10.00
25,2,1054.03,409.34,1256.67,622.14,0.8565,2.3,2.08,5.43,4.35,1.77,16.19,-1.27,-10.00
25,2,-1.00,-1.00,-1.00,-1.00,0.8492,1.7,1.95,4.84,-6.54,1.17,-26.15,1.53,-10.00
25,2,328.77,473.47,524.72,576.39,0.8045,1.6,1.86,4.53,-6.81,1.78,21.90,1.60,-10.00
25,2,691.39,484.10,815.74,537.52,0.7010,1.6,1.97,4.86,-2.30,2.19,40.91,2.01,-10.00
25,2,-1.00,-1.00,-1.00,-1.00,0.2307,1.7,1.95,4.52,2.97,0.93,-35.04,-1.54,-10.00
25,2,486.33,477.19,622.49,554.14,0.1730,1.6,1.90,4.63,-6.27,1.94,29.43,-1.50,-10.00
25,2,-1.00,-1.00,-1.00,-1.00,0.1374,1.7,1.97,4.60,46.40,-0.05,22.96,-2.10,-10.00
25,2,-1.00,-1.00,-1.00,-1.00,0.1222,1.7,1.94,4.61,-10.36,1.05,-48.32,1.62,-10.00
25,2,-1.00,-1.00,-1.00,-1.00,0.1154,1.6,1.85,4.54,16.68,-1.30,-28.53,1.61,-10.00
25,2,1255.96,494.43,1369.83,558.95,0.1088,1.8,1.92,4.66,14.25,2.58,37.01,-1.47,-10.00
25,2,-1.00,-1.00,-1.00,-1.00,0.1025,1.8,1.99,4.70,37.18,-4.58,-51.26,-1.56,-10.00
26,2,-1.00,-1.00,-1.00,-1.00,0.9244,1.5,1.85,4.56,-6.92,1.44,-6.11,1.53,-10.00
26,2,-1.00,-1.00,-1.00,-1.00,0.7889,1.6,1.90,4.64,-6.22,1.05,-33.42,1.53,-10.00
26,2,0.00,446.89,373.52,626.33,0.7881,1.8,1.97,4.80,-7.27,1.68,14.88,1.59,-10.00
26,2,1083.82,409.24,1288.07,620.57,0.7627,2.3,2.09,5.49,4.67,1.77,16.33,-1.29,-10.00
26,2,604.70,471.93,742.29,533.12,0.5108,1.6,1.90,4.65,-4.19,1.76,35.09,1.93,-10.00
26,2,-1.00,-1.00,-1.00,-1.00,0.1609,1.7,2.04,4.83,-39.02,-3.23,-46.88,0.65,-10.00
26,2,-1.00,-1.00,-1.00,-1.00,0.1514,1.8,1.97,4.67,-33.39,0.87,-18.21,2.49,-10.00
26,2,1238.53,477.63,1324.59,523.48,0.1273,1.7,1.90,4.51,17.93,2.08,49.61,-1.53,-10.00
27,2,-1.00,-1.00,-1.00,-1.00,0.9292,1.5,1.89,4.66,-6.63,1.44,-13.27,1.53,-10.00
27,2,0.00,406.69,7.57,824.20,0.8362,1.7,1.94,4.74,-7.45,1.56,7.51,1.57,-10.00
27,2,1093.87,396.29,1324.20,621.40,0.7881,2.4,2.15,5.82,4.74,1.79,16.46,-1.40,-10.00
27,2,-1.00,-1.00,-1.00,-1.00,0.7200,1.6,1.89,4.62,-5.90,1.08,-40.10,1.56,-10.00
27,2,479.28,470.65,607.33,543.61,0.1645,1.6,1.85,4.43,-6.71,1.76,30.19,1.63,-10.00
27,2,-1.00,-1.00,-1.00,-1.00,0.1289,1.8,2.03,4.76,-23.29,0.26,14.92,1.59,-10.00
27,2,-1.00,-1.00,-1.00,-1.00,0.1185,2.5,2.22,5.33,14.93,1.81,8.60,-1.56,-10.00
27,2,-1.00,-1.00,-1.00,-1.00,0.1076,1.7,2.00,4.59,-0.97,1.05,-37.91,-1.61,-10.00
27,2,932.24,469.85,1037.44,543.84,0.1070,1.7,1.91,4.61,3.77,1.79,30.65,-1.58,-10.00
27,2,-1.00,-1.00,-1.00,-1.00,0.1035,1.7,1.95,4.55,-28.87,-2.73,-38.44,0.14,-10.00
28,2,-1.00,-1.00,-1.00,-1.00,0.8694,1.6,1.89,4.66,-6.27,1.49,-20.54,1.51,-10.00
28,2,1094.87,402.49,1338.94,620.06,0.7985,2.3,2.14,5.80,4.80,1.76,16.36,-1.42,-10.00
28,2,-1.00,-1.00,-1.00,-1.00,0.7932,1.8,1.98,4.84,-7.43,1.49,-0.04,1.55,-10.00
28,2,-1.00,-1.00,-1.00,-1.00,0.3970,1.6,1.90,4.66,-5.86,1.34,-46.50,1.59,-10.00
28,2,301.81,465.39,532.74,575.60,0.3721,1.8,2.00,4.67,-7.14,1.82,22.48,1.73,-10.00
28,2,-1.00,-1.00,-1.00,-1.00,0.2131,1.7,2.00,4.72,-0.22,1.06,-35.47,-1.56,-10.00
28,2,-1.00,-1.00,-1.00,-1.00,0.1974,1.7,1.98,4.64,-1.68,0.99,-35.62,-1.56,-10.00
28,2,-1.00,-1.00,-1.00,-1.00,0.1644,1.7,1.97,4.61,-26.90,-2.71,-41.40,-2.93,-10.00
28,2,-1.00,-1.00,-1.00,-1.00,0.1339,1.6,1.94,4.53,-5.49,1.28,-43.71,1.54,-10.00
28,2,-1.00,-1.00,-1.00,-1.00,0.1224,1.8,2.05,4.99,8.64,1.55,-18.27,-1.54,-10.00
28,2,-1.00,-1.00,-1.00,-1.00,0.1042,1.8,1.96,4.55,45.89,2.20,46.19,-3.11,-10.00
28,2,-1.00,-1.00,-1.00,-1.00,0.1026,1.9,2.01,4.72,17.31,1.12,-31.68,-0.06,-10.00
28,2,771.37,470.01,842.04,531.72,0.1007,1.7,1.94,4.74,-0.53,1.80,37.02,1.58,-10.00
29,2,-1.00,-1.00,-1.00,-1.00,0.9164,1.8,1.92,4.69,-7.20,1.45,-7.33,1.51,-10.00
29,2,-1.00,-1.00,-1.00,-1.00,0.8103,1.6,1.91,4.71,-5.84,1.45,-27.18,1.49,-10.00
29,2,0.00,448.72,353.33,610.83,0.8000,1.7,1.94,4.71,-7.80,1.57,15.29,1.65,-10.00
29,2,1113.55,396.38,1374.73,616.79,0.6797,2.2,2.12,5.72,4.89,1.65,15.63,-1.41,-10.00
29,2,652.75,468.57,799.66,536.12,0.4728,1.7,1.94,4.62,-2.67,1.81,34.54,2.03,-10.00
29,2,-1.00,-1.00,-1.00,-1.00,0.1528,1.9,2.09,5.19,9.00,1.69,-20.07,-1.63,-10.00
29,2,-1.00,-1.00,-1.00,-1.00,0.1426,1.7,1.95,4.58,16.02,-0.09,-50.09,1.58,-10.00
29,2,910.15,462.21,1027.69,543.91,0.1309,1.6,1.92,4.62,2.96,1.58,27.05,-1.59,-10.00
29,2,-1.00,-1.00,-1.00,-1.00,0.1106,1.8,1.99,4.63,29.16,1.42,-44.57,3.11,-10.00
29,2,-1.00,-1.00,-1.00,-1.00,0.1060,1.8,1.99,4.64,-25.83,-2.64,-43.79,-2.99,-10.00
30,2,-1.00,-1.00,-1.00,-1.00,0.8945,1.7,1.94,4.73,-6.78,1.43,-14.37,1.48,-10.00
30,2,-1.00,-1.00,-1.00,-1.00,0.8670,1.5,1.82,4.42,-8.12,1.56,8.27,1.58,-10.00
30,2,-1.00,-1.00,-1.00,-1.00,0.7566,1.6,1.89,4.63,-5.35,1.41,-33.87,1.50,-10.00
30,2,550.45,460.46,728.36,539.99,0.6402,1.7,2.00,5.00,-4.26,1.63,29.44,1.92,-10.00
30,2,1125.30,393.16,1414.36,620.83,0.6042,2.2,2.20,5.74,4.93,1.60,14.92,-1.41,-10.00
30,2,-1.00,-1.00,-1.00,-1.00,0.2149,1.7,1.98,4.59,-1.74,1.17,-30.16,-1.60,-10.00
30,2,-1.00,-1.00,-1.00,-1.00,0.1277,1.6,1.99,4.66,-0.52,1.05,-29.51,-1.59,-10.00
30,2,-1.00,-1.00,-1.00,-1.00,0.1166,1.7,1.92,4.57,33.53,2.25,48.53,-1.53,-10.00
30,2,-1.00,-1.00,-1.00,-1.00,0.1104,1.7,1.97,4.47,43.89,2.64,44.09,3.08,-10.00
30,2,-1.00,-1.00,-1.00,-1.00,0.1094,1.7,1.95,4.49,37.81,2.24,46.25,-3.02,-10.00
30,2,-1.00,-1.00,-1.00,-1.00,0.1038,1.9,2.07,5.04,9.01,1.61,-21.68,-1.60,-10.00
31,2,-1.00,-1.00,-1.00,-1.00,0.8693,1.6,1.89,4.61,-8.18,1.51,0.93,1.57,-10.00
31,2,-1.00,-1.00,-1.00,-1.00,0.8689,1.6,1.93,4.77,-6.01,1.48,-21.63,1.44,-10.00
31,2,436.67,456.16,636.30,552.15,0.7718,1.6,1.94,4.79,-5.42,1.55,24.14,1.77,-10.00
31,2,1130.60,381.22,1461.78,629.60,0.4712,2.2,2.22,5.68,4.82,1.56,13.92,-1.43,-10.00
31,2,-1.00,-1.00,-1.00,-1.00,0.3570,1.5,1.86,4.54,-5.39,1.51,-40.03,1.53,-10.00
31,2,-1.00,-1.00,-1.00,-1.00,0.2170,1.8,2.00,4.66,-24.40,1.40,-5.55,-0.08,-10.00
31,2,1429.38,483.05,1573.53,535.62,0.2107,2.0,2.13,4.79,26.39,2.54,49.03,2.86,-10.00
31,2,-1.00,-1.00,-1.00,-1.00,0.1702,1.8,1.93,4.71,33.08,2.16,47.19,-1.38,-10.00
31,2,-1.00,-1.00,-1.00,-1.00,0.1470,1.9,2.02,4.69,29.95,1.15,-38.50,-0.17,-10.00
31,2,-1.00,-1.00,-1.00,-1.00,0.1403,2.7,2.37,6.12,20.44,2.28,9.54,0.44,-10.00
31,2,-1.00,-1.00,-1.00,-1.00,0.1334,2.0,2.12,5.18,9.00,1.74,-23.35,-1.65,-10.00
31,2,-1.00,-1.00,-1.00,-1.00,0.1294,1.7,1.93,4.56,36.21,2.05,46.52,-1.35,-10.00
31,2,-1.00,-1.00,-1.00,-1.00,0.1170,1.7,1.98,4.54,42.99,2.47,42.60,3.05,-10.00
32,2,-1.00,-1.00,-1.00,-1.00,0.9153,1.5,1.88,4.61,-7.88,1.55,-5.89,1.49,-10.00
32,2,-1.00,-1.00,-1.00,-1.00,0.8291,1.6,1.89,4.59,-4.93,1.33,-28.65,1.43,-10.00
32,2,229.71,459.51,515.77,583.87,0.7833,1.6,1.93,4.82,-6.39,1.57,18.35,1.70,-10.00
32,2,1128.86,367.81,1529.45,642.72,0.5356,2.2,2.24,5.79,4.71,1.54,12.94,-1.48,-10.00
32,2,-1.00,-1.00,-1.00,-1.00,0.3024,1.8,1.99,4.58,33.56,1.95,44.73,-2.94,-10.00
32,2,-1.00,-1.00,-1.00,-1.00,0.2256,2.6,2.26,6.37,14.38,1.78,-0.19,1.49,-10.00
32,2,-1.00,-1.00,-1.00,-1.00,0.1385,1.7,1.98,4.61,-1.65,1.09,-25.96,-1.62,-10.00
32,2,-1.00,-1.00,-1.00,-1.00,0.1227,1.9,2.11,4.82,9.53,1.54,-24.42,-1.79,-10.00
32,2,-1.00,-1.00,-1.00,-1.00,0.1116,1.7,1.93,4.52,42.36,2.28,42.93,-1.73,-10.00
32,2,-1.00,-1.00,-1.00,-1.00,0.1094,1.8,1.96,4.56,21.58,2.06,-32.13,-0.14,-10.00
32,2,-1.00,-1.00,-1.00,-1.00,0.1066,1.7,1.96,4.68,32.44,1.95,46.76,-1.45,-10.00
33,2,-1.00,-1.00,-1.00,-1.00,0.9077,1.6,1.91,4.72,-7.29,1.51,-12.50,1.46,-10.00
33,2,0.00,459.12,338.09,655.05,0.7434,1.6,1.94,4.85,-7.02,1.64,12.66,1.66,-10.00
33,2,1147.20,362.29,1600.00,686.30,0.6033,2.2,2.23,5.87,4.58,1.64,11.57,-1.47,-10.00
33,2,-1.00,-1.00,-1.00,-1.00,0.2722,1.6,1.90,4.65,-5.00,1.49,-35.44,1.51,-10.00
33,2,-1.00,-1.00,-1.00,-1.00,0.1974,1.8,1.93,4.60,32.02,2.20,45.28,-1.43,-10.00
33,2,603.78,461.26,667.83,509.03,0.1727,1.7,1.91,4.66,-7.73,1.53,51.13,-1.57,-10.00
34,2,-1.00,-1.00,-1.00,-1.00,0.9088,1.5,1.87,4.57,-6.80,1.54,-17.57,1.46,-10.00
34,2,0.00,460.48,46.52,791.24,0.8509,1.5,1.84,4.53,-7.36,1.58,7.98,1.60,-10.00
34,2,1152.59,370.14,1600.00,721.46,0.5333,2.2,2.20,5.87,4.45,1.71,10.73,-1.49,-10.00
34,2,515.72,473.19,637.92,517.96,0.2024,1.7,2.03,4.50,-9.81,1.86,49.48,3.07,-10.00
34,2,-1.00,-1.00,-1.00,-1.00,0.1782,1.9,2.03,5.08,-24.17,-2.47,-32.40,-1.15,-10.00
34,2,-1.00,-1.00,-1.00,-1.00,0.1690,1.8,1.93,4.67,31.95,2.13,44.43,-1.40,-10.00
34,2,506.04,465.46,573.47,513.49,0.1403,1.8,1.88,4.52,-11.62,1.72,51.05,-1.61,-10.00
34,2,-1.00,-1.00,-1.00,-1.00,0.1226,1.8,2.02,4.63,-34.56,1.85,16.56,-3.05,-10.00
34,2,603.22,463.01,666.93,509.80,0.1182,1.7,1.86,4.41,-7.67,1.55,50.56,1.58,-10.00
34,2,-1.00,-1.00,-1.00,-1.00,0.1051,1.7,1.96,4.54,-30.09,2.18,13.77,0.17,-10.00
34,2,405.58,473.72,501.46,531.67,0.1010,1.7,1.92,4.55,-11.68,1.92,39.52,1.51,-10.00
35,2,-1.00,-1.00,-1.00,-1.00,0.8525,1.6,1.89,4.66,-7.52,1.52,2.40,1.59,-10.00
35,2,-1.00,-1.00,-1.00,-1.00,0.8422,1.7,1.96,4.79,-6.11,1.59,-23.97,1.46,-10.00
35,2,1167.71,331.36,1600.00,738.58,0.4891,2.2,2.17,5.74,4.31,1.62,9.76,-1.48,-10.00
35,2,-1.00,-1.00,-1.00,-1.00,0.2038,2.0,2.02,4.66,9.82,1.50,-27.62,-1.68,-10.00
35,2,495.09,458.11,567.36,507.33,0.1958,1.7,1.90,4.43,-11.66,1.42,49.74,-1.59,-10.00
35,2,506.17,461.73,634.62,509.92,0.1770,1.7,1.98,4.54,-9.86,1.50,48.48,-3.13,-10.00
35,2,-1.00,-1.00,-1.00,-1.00,0.1088,1.8,1.97,4.59,-24.78,-2.36,-31.77,-0.06,-10.00
35,2,585.12,462.52,656.76,511.38,0.1071,1.7,1.97,4.59,-8.13,1.59,49.92,-1.54,-10.00
36,2,-1.00,-1.00,-1.00,-1.00,0.8356,1.6,1.89,4.68,-7.44,1.59,-3.97,1.55,-10.00
36,2,-1.00,-1.00,-1.00,-1.00,0.7941,1.6,1.89,4.61,-5.39,1.58,-29.98,1.50,-10.00
36,2,1176.30,277.13,1600.00,754.10,0.5788,2.3,2.20,5.90,4.22,1.51,8.96,-1.49,-10.00
36,2,-1.00,-1.00,-1.00,-1.00,0.3366,1.9,2.05,5.33,9.94,1.37,-28.77,-1.71,-10.00
36,2,-1.00,-1.00,-1.00,-1.00,0.2235,1.7,1.98,4.66,3.02,1.43,-35.93,-1.67,-10.00
36,2,321.67,463.82,413.29,511.50,0.2007,1.8,1.95,4.54,-18.86,1.66,51.70,-1.53,-10.00
36,2,-1.00,-1.00,-1.00,-1.00,0.1853,1.7,1.99,4.62,-33.36,2.84,10.96,0.20,-10.00
36,2,494.99,467.34,628.77,516.33,0.1853,1.7,2.02,4.66,-10.02,1.73,47.70,-3.14,-10.00
36,2,-1.00,-1.00,-1.00,-1.00,0.1632,1.7,2.01,4.67,4.59,1.26,-35.96,-1.65,-10.00
36,2,-1.00,-1.00,-1.00,-1.00,0.1403,1.6,1.95,4.68,-2.27,1.29,-19.35,-1.63,-10.00
36,2,-1.00,-1.00,-1.00,-1.00,0.1366,1.7,1.92,4.55,47.69,2.39,40.96,-2.67,-10.00
36,2,-1.00,-1.00,-1.00,-1.00,0.1252,1.8,2.05,4.73,38.09,1.31,28.15,-2.91,-10.00
36,2,468.10,465.61,542.33,514.89,0.1231,1.7,1.94,4.62,-12.48,1.70,48.93,-1.63,-10.00
36,2,572.24,464.12,630.14,513.20,0.1230,1.7,1.94,4.74,-8.84,1.65,49.47,1.46,-10.00
36,2,-1.00,-1.00,-1.00,-1.00,0.1211,1.6,1.92,4.65,19.65,0.74,-48.54,-1.74,-10.00
36,2,311.63,468.29,433.50,514.54,0.1022,1.7,2.00,4.38,-17.97,1.74,49.59,2.72,-10.00
37,2,-1.00,-1.00,-1.00,-1.00,0.8822,1.6,1.92,4.77,-7.14,1.60,-9.37,1.49,-10.00
37,2,1196.62,245.38,1600.00,793.31,0.6261,2.3,2.20,5.93,4.24,1.54,8.39,-1.48,-10.00
37,2,-1.00,-1.00,-1.00,-1.00,0.3417,1.8,2.04,4.84,44.22,2.09,43.02,-2.53,-10.00
37,2,-1.00,-1.00,-1.00,-1.00,0.2719,1.7,1.92,4.68,-4.98,1.49,-35.29,1.45,-10.00
37,2,-1.00,-1.00,-1.00,-1.00,0.2234,1.7,1.97,4.63,4.22,1.19,-34.71,-1.59,-10.00
37,2,-1.00,-1.00,-1.00,-1.00,0.2178,1.6,1.89,4.66,-2.33,1.35,-17.69,-1.62,-10.00
37,2,-1.00,-1.00,-1.00,-1.00,0.1908,1.6,1.96,4.72,2.72,1.16,-34.46,-1.55,-10.00
37,2,-1.00,-1.00,-1.00,-1.00,0.1622,1.7,1.98,4.61,40.39,1.86,38.66,-2.92,-10.00
37,2,-1.00,-1.00,-1.00,-1.00,0.1312,1.9,2.10,5.36,10.05,1.32,-29.18,-1.71,-10.00
37,2,-1.00,-1.00,-1.00,-1.00,0.1290,1.6,1.90,4.57,19.29,0.56,-49.01,-1.76,-10.00
37,2,0.00,491.65,114.82,552.24,0.1266,1.7,1.99,4.61,-23.70,2.39,36.87,0.22,-10.00
37,2,-1.00,-1.00,-1.00,-1.00,0.1263,1.7,1.95,4.55,34.02,-0.30,-41.76,2.97,-10.00
37,2,-1.00,-1.00,-1.00,-1.00,0.1237,2.4,2.38,6.15,0.28,1.05,-18.53,-1.64,-10.00
37,2,225.57,454.50,362.46,502.77,0.1157,1.8,2.08,4.51,-21.03,1.25,49.61,-3.14,-10.00
37,2,294.72,452.84,413.38,509.92,0.1157,2.1,2.10,5.12,-19.35,1.58,51.60,-1.35,-10.00
37,2,-1.00,-1.00,-1.00,-1.00,0.1029,1.7,1.95,4.51,40.98,1.72,6.54,-0.39,-10.00
37,2,21.49,488.59,163.66,548.88,0.1003,1.7,1.91,4.72,-22.22,2.38,38.17,1.47,-10.00
38,2,-1.00,-1.00,-1.00,-1.00,0.8589,1.6,1.92,4.67,-6.68,1.65,-14.69,1.48,-10.00
38,2,1207.82,239.06,1600.00,816.50,0.5547,2.3,2.22,5.89,4.20,1.54,8.05,-1.47,-10.00
38,2,-1.00,-1.00,-1.00,-1.00,0.4553,1.7,1.97,4.71,3.18,1.21,-32.54,-1.53,-10.00
38,2,-1.00,-1.00,-1.00,-1.00,0.1780,2.0,2.08,5.20,10.12,1.30,-29.44,-1.68,-10.00
38,2,-1.00,-1.00,-1.00,-1.00,0.1436,1.7,1.97,4.58,20.45,0.84,-49.92,-1.79,-10.00
38,2,-1.00,-1.00,-1.00,-1.00,0.1281,2.2,2.29,5.65,0.41,1.06,-21.97,-1.61,-10.00
38,2,-1.00,-1.00,-1.00,-1.00,0.1223,1.6,1.93,4.73,-2.71,1.34,-15.99,-1.60,-10.00
38,2,-1.00,-1.00,-1.00,-1.00,0.1213,1.7,2.01,4.70,4.53,1.15,-32.89,-1.63,-10.00
38,2,-1.00,-1.00,-1.00,-1.00,0.1163,1.6,1.83,4.46,17.37,0.71,-44.81,-1.65,-10.00
38,2,-1.00,-1.00,-1.00,-1.00,0.1141,1.7,1.97,4.57,50.62,0.10,-6.28,3.04,-10.00
38,2,290.25,458.52,349.77,516.93,0.1129,2.2,2.14,5.25,-20.81,1.88,51.58,-1.94,-10.00
38,2,-1.00,-1.00,-1.00,-1.00,0.1072,1.8,1.93,4.49,33.72,0.73,-22.57,0.01,-10.00
39,2,-1.00,-1.00,-1.00,-1.00,0.8342,1.6,1.93,4.75,-6.22,1.56,-20.27,1.48,-10.00
39,2,1204.90,220.57,1600.00,826.53,0.5754,2.4,2.23,5.91,4.22,1.56,7.98,-1.49,-10.00
39,2,-1.00,-1.00,-1.00,-1.00,0.3924,1.7,1.96,4.60,3.50,1.13,-30.37,-1.52,-10.00
39,2,-1.00,-1.00,-1.00,-1.00,0.1120,2.2,2.32,5.71,0.35,1.20,-21.17,-1.62,-10.00
39,2,-1.00,-1.00,-1.00,-1.00,0.1071,1.7,1.97,4.76,-5.64,1.64,-23.97,1.51,-10.00
