0,2,-1.00,-1.00,-1.00,-1.00,0.9259,1.9,1.95,4.88,1.46,1.52,-7.39,-1.84,-10.00
0,2,1314.67,471.93,1600.00,658.64,0.9042,1.6,1.85,4.41,7.23,1.41,12.27,0.41,-10.00
0,2,841.47,376.84,1600.00,900.00,0.8907,1.6,1.87,4.61,1.88,1.46,4.01,1.17,-10.00
0,2,646.37,470.01,871.65,586.64,0.8740,1.6,1.83,4.40,-1.01,1.31,19.28,1.12,-10.00
0,2,-1.00,-1.00,-1.00,-1.00,0.7361,1.7,1.92,4.48,22.72,2.28,4.54,2.77,-10.00
0,2,412.29,473.94,562.92,585.52,0.7202,1.5,1.86,4.40,-5.28,1.35,19.93,1.22,-10.00
0,2,-1.00,-1.00,-1.00,-1.00,0.3935,1.6,1.87,4.47,17.64,2.43,-33.91,1.27,-10.00
0,2,33.65,462.74,101.36,512.66,0.2926,1.7,1.87,4.52,-27.30,0.76,46.29,-2.05,-10.00
0,2,-1.00,-1.00,-1.00,-1.00,0.2663,1.7,1.91,4.37,29.95,2.23,7.26,2.87,-10.00
0,2,981.46,443.84,1214.51,545.41,0.2081,1.7,1.85,4.39,5.04,0.93,23.28,1.12,-10.00
0,2,1325.34,436.69,1526.68,508.71,0.2019,1.7,1.87,4.36,15.10,0.41,31.41,-0.28,-10.00
0,2,-1.00,-1.00,-1.00,-1.00,0.1730,1.7,1.84,4.43,-11.86,1.43,-46.68,1.26,-10.00
0,2,-1.00,-1.00,-1.00,-1.00,0.1682,1.6,1.84,4.29,-14.79,0.86,-10.46,2.86,-10.00
0,2,-1.00,-1.00,-1.00,-1.00,0.1619,1.6,1.87,4.38,-17.04,0.61,-34.05,2.87,-10.00
0,2,-1.00,-1.00,-1.00,-1.00,0.1530,1.8,2.00,4.66,20.49,1.48,18.11,-0.26,-10.00
0,2,-1.00,-1.00,-1.00,-1.00,0.1449,1.7,1.97,4.58,16.47,2.24,-45.57,-1.85,-10.00
0,2,-1.00,-1.00,-1.00,-1.00,0.1214,1.7,1.90,4.38,29.87,1.97,10.58,2.91,-10.00
0,2,198.04,463.04,355.49,516.72,0.1193,1.6,1.96,4.54,-17.25,0.79,40.72,-0.36,-10.00
0,2,-1.00,-1.00,-1.00,-1.00,0.1112,1.7,1.92,4.40,-36.78,0.18,-2.48,2.96,-10.00
0,2,-1.00,-1.00,-1.00,-1.00,0.1109,1.8,2.08,4.73,-41.19,-0.75,31.70,1.68,-10.00
0,2,-1.00,-1.00,-1.00,-1.00,0.1095,1.7,1.96,4.50,14.91,2.21,-45.52,-1.86,-10.00
0,2,-1.00,-1.00,-1.00,-1.00,0.1081,1.6,1.87,4.35,28.53,1.97,15.74,2.93,-10.00
0,2,-1.00,-1.00,-1.00,-1.00,0.1053,1.7,1.98,4.64,39.62,-0.63,-51.76,-1.79,-10.00
0,2,-1.00,-1.00,-1.00,-1.00,0.1015,1.6,1.89,4.40,3.03,2.04,-38.95,-0.21,-10.00
1,2,-1.00,-1.00,-1.00,-1.00,0.9381,1.9,1.95,4.81,1.51,1.53,-7.36,-1.85,-10.00
1,2,1482.47,469.24,1600.00,666.68,0.8963,1.6,1.86,4.39,8.87,1.45,11.79,0.22,-10.00
1,2,-1.00,-1.00,-1.00,-1.00,0.8435,1.7,1.93,4.56,22.80,2.26,4.46,2.83,-10.00
1,2,-1.00,-1.00,-1.00,-1.00,0.8426,1.6,1.88,4.34,30.08,2.13,6.96,2.85,-10.00
1,2,434.10,466.83,685.06,611.98,0.8413,1.5,1.81,4.32,-3.29,1.29,15.51,1.07,-10.00
1,2,704.88,467.28,979.44,619.77,0.8352,1.7,1.84,4.37,0.18,1.51,16.88,1.11,-10.00
1,2,-1.00,-1.00,-1.00,-1.00,0.7814,1.6,1.89,4.55,3.75,1.57,-0.56,1.24,-10.00
1,2,-1.00,-1.00,-1.00,-1.00,0.6894,1.6,1.86,4.39,18.96,2.53,-38.75,1.27,-10.00
1,2,27.85,461.78,99.28,514.48,0.4645,1.8,1.86,4.43,-27.37,0.83,46.17,-2.03,-10.00
1,2,297.59,464.64,378.85,522.82,0.2621,1.6,1.83,4.36,-14.44,0.92,38.11,1.11,-10.00
1,2,-1.00,-1.00,-1.00,-1.00,0.1961,1.6,1.83,4.36,-36.49,0.81,47.64,1.17,-10.00
1,2,304.08,469.65,413.11,534.21,0.1441,1.7,1.95,4.47,-12.90,1.16,35.52,1.01,-10.00
1,2,-1.00,-1.00,-1.00,-1.00,0.1033,1.7,1.93,4.41,30.53,1.72,8.54,2.85,-10.00
2,2,-1.00,-1.00,-1.00,-1.00,0.9365,1.9,1.94,4.77,1.53,1.49,-7.36,-1.84,-10.00
2,2,-1.00,-1.00,-1.00,-1.00,0.9075,1.6,1.88,4.44,10.92,1.45,11.74,0.06,-10.00
2,2,789.79,450.79,1151.43,634.77,0.8738,1.7,1.86,4.45,1.51,1.37,14.19,1.10,-10.00
2,2,-1.00,-1.00,-1.00,-1.00,0.8698,1.6,1.84,4.43,5.67,1.69,-5.37,1.19,-10.00
2,2,518.79,463.62,876.62,682.11,0.8686,1.6,1.84,4.41,-1.29,1.40,11.38,1.14,-10.00
2,2,-1.00,-1.00,-1.00,-1.00,0.8599,1.6,1.93,4.56,22.78,2.24,4.48,2.79,-10.00
2,2,29.91,465.99,108.44,517.12,0.7855,1.8,1.85,4.41,-27.32,0.92,46.44,-1.96,-10.00
2,2,-1.00,-1.00,-1.00,-1.00,0.7754,1.6,1.87,4.29,30.10,2.14,6.97,2.85,-10.00
2,2,-1.00,-1.00,-1.00,-1.00,0.7397,1.6,1.86,4.44,20.77,2.76,-44.18,1.20,-10.00
2,2,-1.00,-1.00,-1.00,-1.00,0.1215,1.7,1.92,4.43,-9.14,1.69,-23.99,-1.86,-10.00
3,2,-1.00,-1.00,-1.00,-1.00,0.9426,1.6,1.90,4.44,-0.35,1.68,-12.59,-1.87,-10.00
3,2,-1.00,-1.00,-1.00,-1.00,0.9368,1.9,1.94,4.83,1.52,1.50,-7.31,-1.85,-10.00
3,2,-1.00,-1.00,-1.00,-1.00,0.9258,1.7,1.87,4.44,13.12,1.61,12.07,-0.08,-10.00
3,2,-1.00,-1.00,-1.00,-1.00,0.8879,1.5,1.78,4.24,7.40,1.72,-10.10,1.22,-10.00
3,2,-1.00,-1.00,-1.00,-1.00,0.8792,1.6,1.88,4.32,30.10,2.16,6.94,2.84,-10.00
3,2,654.54,443.48,1366.84,873.65,0.8663,1.6,1.83,4.38,0.63,1.46,7.08,1.15,-10.00
3,2,914.72,459.82,1402.43,693.85,0.8352,1.7,1.87,4.51,2.83,1.51,11.64,1.14,-10.00
3,2,-1.00,-1.00,-1.00,-1.00,0.8193,1.7,1.93,4.53,22.80,2.28,4.50,2.82,-10.00
3,2,333.69,475.34,441.48,546.31,0.7029,1.5,1.79,4.17,-10.03,1.22,29.44,1.10,-10.00
3,2,27.26,466.19,102.60,517.12,0.5282,1.8,1.86,4.47,-27.53,0.93,46.53,-1.99,-10.00
3,2,646.35,483.74,840.20,556.06,0.4946,1.7,1.90,4.51,-1.71,1.52,30.82,0.06,-10.00
3,2,-1.00,-1.00,-1.00,-1.00,0.1437,1.6,1.90,4.54,21.25,2.48,-51.57,1.28,-10.00
3,2,-1.00,-1.00,-1.00,-1.00,0.1312,1.6,1.91,4.45,25.52,1.63,15.69,2.94,-10.00
3,2,-1.00,-1.00,-1.00,-1.00,0.1292,1.6,1.88,4.38,28.06,2.16,5.72,2.84,-10.00
3,2,163.36,470.95,250.08,528.69,0.1237,1.6,1.90,4.43,-18.41,1.10,38.41,1.23,-10.00
3,2,-1.00,-1.00,-1.00,-1.00,0.1192,1.7,1.95,4.54,28.77,1.44,16.49,2.92,-10.00
3,2,-1.00,-1.00,-1.00,-1.00,0.1032,1.5,1.85,4.29,22.42,2.57,-50.13,1.25,-10.00
4,2,-1.00,-1.00,-1.00,-1.00,0.9316,1.6,1.90,4.51,-3.11,1.34,-4.33,-1.91,-10.00
4,2,-1.00,-1.00,-1.00,-1.00,0.9258,1.7,1.88,4.44,15.56,1.75,12.77,-0.24,-10.00
4,2,-1.00,-1.00,-1.00,-1.00,0.9230,1.9,1.93,4.78,1.53,1.47,-7.36,-1.87,-10.00
4,2,-1.00,-1.00,-1.00,-1.00,0.8815,1.5,1.81,4.33,8.99,1.81,-15.00,1.24,-10.00
4,2,-1.00,-1.00,-1.00,-1.00,0.8507,1.7,1.94,4.58,22.79,2.23,4.48,2.81,-10.00
4,2,1044.95,0.00,1600.00,900.00,0.8464,1.7,1.84,4.39,2.52,1.51,2.74,1.15,-10.00
4,2,375.20,469.83,505.26,556.65,0.7920,1.6,1.82,4.32,-7.61,1.23,25.36,1.12,-10.00
4,2,31.07,470.80,103.33,522.80,0.7023,1.8,1.87,4.49,-27.52,1.13,46.64,-2.01,-10.00
4,2,-1.00,-1.00,-1.00,-1.00,0.6410,1.6,1.88,4.32,30.32,2.19,7.18,2.78,-10.00
4,2,1028.47,447.03,1600.00,728.97,0.5343,1.6,1.92,4.58,3.77,1.43,9.90,1.14,-10.00
4,2,977.17,453.69,1211.83,554.67,0.1935,1.7,1.87,4.40,5.01,1.09,23.43,1.10,-10.00
4,2,196.00,464.42,263.35,517.87,0.1605,1.6,1.89,4.51,-19.26,0.85,41.62,-2.00,-10.00
4,2,972.55,569.92,1131.13,628.52,0.1572,1.6,1.93,4.54,7.20,4.12,39.02,0.01,-10.00
4,2,-1.00,-1.00,-1.00,-1.00,0.1109,1.7,1.93,4.48,20.77,1.25,23.00,2.86,-10.00
4,2,225.77,471.77,305.62,527.79,0.1108,1.7,1.95,4.55,-17.65,1.14,40.78,-1.89,-10.00
4,2,397.03,465.83,553.63,571.07,0.1054,1.7,1.89,4.39,-6.16,1.31,22.53,1.12,-10.00
5,2,-1.00,-1.00,-1.00,-1.00,0.9379,1.9,1.93,4.77,1.52,1.49,-7.32,-1.86,-10.00
5,2,-1.00,-1.00,-1.00,-1.00,0.9378,1.6,1.85,4.32,-5.89,1.37,2.69,-1.97,-10.00
5,2,1471.27,441.87,1600.00,900.00,0.9004,1.7,1.85,4.46,5.55,1.57,5.67,1.14,-10.00
5,2,-1.00,-1.00,-1.00,-1.00,0.8990,1.6,1.86,4.42,17.88,1.50,13.56,-0.25,-10.00
5,2,-1.00,-1.00,-1.00,-1.00,0.8189,1.7,1.94,4.57,22.80,2.23,4.48,2.81,-10.00
5,2,-1.00,-1.00,-1.00,-1.00,0.8113,1.6,1.88,4.32,30.04,2.16,6.95,2.80,-10.00
5,2,30.67,472.25,102.38,523.17,0.8111,1.8,1.86,4.49,-27.52,1.14,46.61,-2.02,-10.00
5,2,-1.00,-1.00,-1.00,-1.00,0.7855,1.7,1.84,4.40,4.31,1.58,-1.63,1.20,-10.00
5,2,414.85,475.89,582.14,579.77,0.7744,1.5,1.80,4.25,-5.34,1.34,20.91,1.11,-10.00
5,2,-1.00,-1.00,-1.00,-1.00,0.7709,1.5,1.80,4.27,10.70,1.91,-20.08,1.27,-10.00
5,2,368.17,468.32,426.16,510.35,0.4377,1.5,1.84,4.35,-16.39,0.73,49.42,1.18,-10.00
5,2,1054.58,448.28,1216.72,506.48,0.1701,1.7,1.92,4.40,9.72,0.43,38.64,2.92,-10.00
5,2,169.42,467.95,256.81,519.29,0.1337,1.6,1.88,4.47,-20.01,0.90,41.93,-2.18,-10.00
5,2,226.86,471.26,300.76,523.37,0.1151,1.6,1.89,4.47,-18.12,1.03,41.69,-1.91,-10.00
5,2,408.71,477.65,484.28,532.89,0.1083,1.6,1.87,4.44,-11.27,1.22,38.43,-1.93,-10.00
6,2,-1.00,-1.00,-1.00,-1.00,0.9443,1.9,1.94,4.77,1.54,1.51,-7.36,-1.87,-10.00
6,2,-1.00,-1.00,-1.00,-1.00,0.9392,1.6,1.86,4.36,-9.07,1.35,9.99,-1.99,-10.00
6,2,-1.00,-1.00,-1.00,-1.00,0.9058,1.7,1.82,4.31,5.98,1.67,-6.18,1.22,-10.00
6,2,-1.00,-1.00,-1.00,-1.00,0.8578,1.7,1.86,4.50,6.84,1.55,2.64,1.18,-10.00
6,2,-1.00,-1.00,-1.00,-1.00,0.8552,1.7,1.94,4.59,22.80,2.25,4.49,2.81,-10.00
6,2,470.57,472.69,703.79,612.83,0.8380,1.6,1.82,4.33,-3.10,1.39,16.39,1.11,-10.00
6,2,-1.00,-1.00,-1.00,-1.00,0.8330,1.6,1.86,4.38,20.87,1.59,14.37,-0.27,-10.00
6,2,-1.00,-1.00,-1.00,-1.00,0.7967,1.5,1.80,4.25,12.40,1.98,-25.19,1.24,-10.00
6,2,-1.00,-1.00,-1.00,-1.00,0.7856,1.6,1.91,4.41,30.08,2.26,6.91,2.84,-10.00
6,2,377.07,468.92,450.27,516.39,0.6091,1.6,1.83,4.35,-14.38,0.87,45.11,1.11,-10.00
6,2,31.65,469.72,103.15,522.42,0.5582,1.8,1.89,4.56,-27.51,1.12,46.64,-2.03,-10.00
6,2,-1.00,-1.00,-1.00,-1.00,0.1706,1.6,1.92,4.49,25.26,1.55,15.65,-0.32,-10.00
6,2,-1.00,-1.00,-1.00,-1.00,0.1701,1.6,1.88,4.42,-30.84,0.66,39.24,0.95,-10.00
6,2,-1.00,-1.00,-1.00,-1.00,0.1519,1.6,1.89,4.47,21.62,1.47,18.13,-0.27,-10.00
6,2,228.46,470.20,300.45,527.96,0.1169,1.7,1.90,4.52,-16.90,1.09,38.92,1.18,-10.00
7,2,-1.00,-1.00,-1.00,-1.00,0.9432,1.9,1.94,4.77,1.52,1.50,-7.35,-1.86,-10.00
7,2,-1.00,-1.00,-1.00,-1.00,0.9010,1.6,1.83,4.34,7.54,1.74,-10.87,1.28,-10.00
7,2,0.00,450.93,11.11,597.44,0.8753,1.6,1.86,4.38,-12.12,1.24,16.64,-1.97,-10.00
7,2,557.12,476.43,917.70,680.72,0.8699,1.5,1.83,4.40,-0.96,1.44,11.77,1.13,-10.00
7,2,-1.00,-1.00,-1.00,-1.00,0.8442,1.6,1.85,4.39,23.62,1.56,15.40,-0.31,-10.00
7,2,-1.00,-1.00,-1.00,-1.00,0.8392,1.6,1.88,4.32,30.10,2.13,6.97,2.86,-10.00
7,2,-1.00,-1.00,-1.00,-1.00,0.8340,1.7,1.93,4.53,22.74,2.29,4.50,2.79,-10.00
7,2,-1.00,-1.00,-1.00,-1.00,0.8327,1.7,1.85,4.48,8.05,1.67,-0.68,1.23,-10.00
7,2,-1.00,-1.00,-1.00,-1.00,0.7752,1.5,1.81,4.31,14.03,1.99,-30.26,1.27,-10.00
7,2,31.40,472.15,103.20,522.46,0.7153,1.7,1.87,4.51,-27.52,1.12,46.65,-2.02,-10.00
7,2,405.03,476.54,483.46,531.02,0.3617,1.6,1.88,4.38,-11.72,1.21,39.74,1.18,-10.00
7,2,416.68,475.16,503.74,535.02,0.1105,1.6,1.89,4.35,-10.47,1.23,37.04,1.17,-10.00
7,2,-1.00,-1.00,-1.00,-1.00,0.1045,1.7,1.86,4.35,-16.44,1.41,22.09,1.06,-10.00
8,2,-1.00,-1.00,-1.00,-1.00,0.9303,1.9,1.94,4.77,1.50,1.50,-7.34,-1.86,-10.00
8,2,727.16,475.73,1482.80,885.63,0.9007,1.5,1.82,4.38,1.12,1.49,7.04,1.15,-10.00
8,2,-1.00,-1.00,-1.00,-1.00,0.8833,1.6,1.88,4.43,26.42,1.51,16.00,-0.17,-10.00
8,2,-1.00,-1.00,-1.00,-1.00,0.8776,1.6,1.83,4.36,9.26,1.76,-4.45,1.23,-10.00
8,2,-1.00,-1.00,-1.00,-1.00,0.8589,1.6,1.82,4.27,9.06,1.80,-15.64,1.27,-10.00
8,2,0.00,461.10,45.97,562.02,0.8361,1.6,1.87,4.40,-15.20,1.18,22.73,-2.01,-10.00
8,2,-1.00,-1.00,-1.00,-1.00,0.8279,1.7,1.94,4.57,22.84,2.25,4.48,2.83,-10.00
8,2,-1.00,-1.00,-1.00,-1.00,0.7657,1.6,1.87,4.30,30.26,2.15,7.18,2.80,-10.00
8,2,31.06,473.76,98.81,525.05,0.6891,1.8,1.88,4.51,-27.60,1.21,46.63,-2.05,-10.00
8,2,229.16,470.86,310.92,529.55,0.2296,1.7,1.95,4.60,-16.86,1.14,38.97,1.09,-10.00
8,2,-1.00,-1.00,-1.00,-1.00,0.2125,1.6,1.86,4.43,15.27,1.90,-34.80,1.32,-10.00
8,2,-1.00,-1.00,-1.00,-1.00,0.1174,1.8,1.93,4.42,30.26,1.49,9.72,2.80,-10.00
8,2,-1.00,-1.00,-1.00,-1.00,0.1163,1.6,1.93,4.48,22.46,2.18,-30.83,1.22,-10.00
8,2,-1.00,-1.00,-1.00,-1.00,0.1050,1.6,1.91,4.46,20.91,2.23,-27.89,1.23,-10.00
8,2,406.89,477.14,485.60,531.75,0.1021,1.6,1.85,4.42,-11.28,1.19,38.42,-1.95,-10.00
9,2,-1.00,-1.00,-1.00,-1.00,0.9407,1.9,1.96,4.82,1.56,1.49,-7.35,-1.87,-10.00
9,2,1341.32,485.09,1600.00,900.00,0.8716,1.5,1.81,4.29,3.24,1.56,2.15,1.17,-10.00
9,2,-1.00,-1.00,-1.00,-1.00,0.8663,1.7,1.84,4.39,10.42,1.78,-8.05,1.26,-10.00
9,2,-1.00,-1.00,-1.00,-1.00,0.8360,1.6,1.91,4.51,22.72,2.21,4.50,2.81,-10.00
9,2,-1.00,-1.00,-1.00,-1.00,0.8264,1.5,1.88,4.33,30.06,2.15,6.97,2.87,-10.00
9,2,-1.00,-1.00,-1.00,-1.00,0.8241,1.5,1.83,4.34,10.47,1.83,-20.36,1.30,-10.00
9,2,0.00,461.36,38.01,539.36,0.7488,1.6,1.87,4.43,-18.79,1.03,28.42,-2.04,-10.00
9,2,-1.00,-1.00,-1.00,-1.00,0.6934,1.7,1.87,4.36,28.98,1.37,17.34,-0.34,-10.00
9,2,461.79,468.87,584.07,546.10,0.6893,1.8,1.91,4.60,-7.36,1.29,31.43,1.11,-10.00
9,2,25.43,467.85,102.00,518.78,0.6195,1.8,1.87,4.50,-27.64,0.99,46.64,-1.99,-10.00
9,2,-1.00,-1.00,-1.00,-1.00,0.5252,1.5,1.84,4.39,17.25,2.21,-40.86,1.22,-10.00
9,2,358.17,471.70,415.20,515.55,0.1836,1.6,1.96,4.61,-17.17,0.95,50.50,1.21,-10.00
9,2,-1.00,-1.00,-1.00,-1.00,0.1409,1.6,1.86,4.27,29.25,1.52,10.90,2.85,-10.00
9,2,997.12,439.85,1144.73,496.72,0.1368,1.8,1.98,4.57,8.73,0.14,43.50,2.85,-10.00
9,2,-1.00,-1.00,-1.00,-1.00,0.1310,1.7,1.91,4.42,-16.69,0.90,-43.45,-0.20,-10.00
9,2,164.90,465.99,239.81,522.27,0.1113,1.6,1.89,4.44,-18.84,0.93,39.01,1.16,-10.00
9,2,-1.00,-1.00,-1.00,-1.00,0.1069,1.6,1.94,4.70,19.09,2.41,-40.56,1.02,-10.00
10,2,-1.00,-1.00,-1.00,-1.00,0.9415,1.9,1.94,4.74,1.50,1.50,-7.33,-1.85,-10.00
10,2,-1.00,-1.00,-1.00,-1.00,0.8738,1.7,1.83,4.37,11.59,1.83,-11.32,1.25,-10.00
10,2,-1.00,-1.00,-1.00,-1.00,0.8583,1.6,1.93,4.53,22.71,2.19,4.61,2.78,-10.00
10,2,-1.00,-1.00,-1.00,-1.00,0.8487,1.5,1.85,4.46,4.90,1.62,-1.98,1.20,-10.00
10,2,-1.00,-1.00,-1.00,-1.00,0.8135,1.5,1.79,4.24,12.10,1.74,-24.54,1.23,-10.00
10,2,18.09,467.19,94.02,518.65,0.8007,1.8,1.85,4.43,-27.96,0.98,46.70,-1.99,-10.00
10,2,496.34,483.68,631.25,561.05,0.7992,1.5,1.81,4.30,-5.45,1.39,26.90,1.13,-10.00
10,2,0.00,449.63,18.14,518.50,0.7335,1.7,1.94,4.62,-22.21,0.69,33.19,-2.18,-10.00
10,2,-1.00,-1.00,-1.00,-1.00,0.7195,1.7,1.92,4.55,31.41,1.42,18.12,-0.30,-10.00
10,2,-1.00,-1.00,-1.00,-1.00,0.6618,1.6,1.85,4.26,30.06,2.09,7.34,2.82,-10.00
10,2,-1.00,-1.00,-1.00,-1.00,0.3414,1.5,1.83,4.34,18.50,2.26,-44.36,1.32,-10.00
10,2,348.15,466.16,406.84,512.22,0.3298,1.6,1.83,4.34,-16.05,0.75,46.48,1.28,-10.00
10,2,339.23,469.07,405.46,517.59,0.1093,1.6,1.82,4.24,-15.14,0.88,43.37,1.30,-10.00
10,2,-1.00,-1.00,-1.00,-1.00,0.1013,1.8,1.95,4.48,30.33,1.50,9.77,2.83,-10.00
11,2,-1.00,-1.00,-1.00,-1.00,0.9469,1.9,1.93,4.71,1.58,1.47,-7.44,-1.86,-10.00
11,2,-1.00,-1.00,-1.00,-1.00,0.9301,1.6,1.82,4.32,6.81,1.72,-7.02,1.21,-10.00
11,2,-1.00,-1.00,-1.00,-1.00,0.8608,1.6,1.91,4.48,22.70,2.26,4.67,2.78,-10.00
11,2,-1.00,-1.00,-1.00,-1.00,0.8162,1.5,1.80,4.28,13.71,1.90,-29.34,1.25,-10.00
11,2,-1.00,-1.00,-1.00,-1.00,0.8016,1.6,1.87,4.39,12.84,1.92,-15.15,1.23,-10.00
11,2,560.25,482.96,736.34,575.93,0.7428,1.5,1.78,4.22,-3.04,1.36,22.14,1.11,-10.00
11,2,-1.00,-1.00,-1.00,-1.00,0.6926,1.6,1.89,4.35,29.94,2.33,7.32,2.86,-10.00
11,2,-1.00,-1.00,-1.00,-1.00,0.6621,1.6,1.90,4.50,33.91,1.40,19.18,-0.34,-10.00
11,2,5.18,467.32,67.63,516.80,0.6198,1.7,1.86,4.43,-28.74,0.92,46.73,-2.11,-10.00
11,2,-1.00,-1.00,-1.00,-1.00,0.6134,1.6,1.86,4.34,-26.11,0.49,38.15,-2.10,-10.00
11,2,350.39,470.20,411.83,520.75,0.2954,1.6,1.82,4.22,-14.42,0.95,42.08,1.26,-10.00
11,2,-1.00,-1.00,-1.00,-1.00,0.1349,1.6,1.85,4.31,33.56,1.41,22.52,2.93,-10.00
11,2,372.32,470.97,457.22,525.16,0.1249,1.6,1.89,4.35,-12.91,1.05,40.57,1.10,-10.00
11,2,214.21,466.38,286.50,521.44,0.1156,1.6,1.87,4.41,-17.19,0.89,38.37,1.13,-10.00
11,2,305.97,472.83,386.62,527.68,0.1099,1.6,1.86,4.34,-14.45,1.09,39.15,1.32,-10.00
11,2,-1.00,-1.00,-1.00,-1.00,0.1040,1.6,1.92,4.48,24.70,1.65,15.71,2.90,-10.00
12,2,-1.00,-1.00,-1.00,-1.00,0.9528,1.9,1.95,4.72,1.51,1.53,-7.45,-1.85,-10.00
12,2,-1.00,-1.00,-1.00,-1.00,0.9174,1.5,1.81,4.32,8.45,1.83,-11.80,1.26,-10.00
12,2,-1.00,-1.00,-1.00,-1.00,0.8877,1.6,1.92,4.52,22.72,2.18,4.64,2.83,-10.00
12,2,646.61,479.31,887.67,605.94,0.8534,1.5,1.81,4.31,-0.83,1.42,17.58,1.13,-10.00
12,2,-1.00,-1.00,-1.00,-1.00,0.7664,1.5,1.82,4.34,15.26,1.94,-34.31,1.25,-10.00
12,2,-1.00,-1.00,-1.00,-1.00,0.7531,1.6,1.89,4.35,29.92,2.21,7.37,2.80,-10.00
12,2,-1.00,-1.00,-1.00,-1.00,0.4801,1.7,1.93,4.55,36.75,1.51,19.76,-0.28,-10.00
12,2,-1.00,-1.00,-1.00,-1.00,0.4021,1.6,1.88,4.45,-29.60,0.83,43.56,-2.09,-10.00
12,2,-1.00,-1.00,-1.00,-1.00,0.3613,1.7,1.89,4.48,13.44,1.92,-17.12,1.23,-10.00
12,2,7.89,474.35,76.16,519.44,0.1190,1.6,1.83,4.41,-28.73,1.02,47.10,-2.05,-10.00
12,2,-1.00,-1.00,-1.00,-1.00,0.1049,1.7,1.93,4.47,28.51,1.51,16.88,-0.34,-10.00
13,2,-1.00,-1.00,-1.00,-1.00,0.9465,1.9,1.93,4.77,1.57,1.48,-7.44,-1.86,-10.00
13,2,-1.00,-1.00,-1.00,-1.00,0.8756,1.6,1.91,4.47,22.73,2.23,4.61,2.81,-10.00
13,2,-1.00,-1.00,-1.00,-1.00,0.8644,1.5,1.78,4.24,9.89,1.84,-16.60,1.28,-10.00
13,2,791.11,476.12,1178.39,662.40,0.8557,1.5,1.83,4.37,1.46,1.45,12.83,1.14,-10.00
13,2,-1.00,-1.00,-1.00,-1.00,0.7640,1.6,1.82,4.30,16.83,2.28,-39.29,1.20,-10.00
13,2,7.42,466.64,83.50,513.38,0.6980,1.7,1.84,4.41,-28.91,0.81,47.62,-1.98,-10.00
13,2,-1.00,-1.00,-1.00,-1.00,0.6304,1.6,1.91,4.56,-33.08,0.43,49.34,-2.14,-10.00
13,2,-1.00,-1.00,-1.00,-1.00,0.6084,1.6,1.89,4.35,29.98,2.09,7.31,2.80,-10.00
13,2,-1.00,-1.00,-1.00,-1.00,0.5193,1.5,1.82,4.36,15.72,1.93,-22.93,1.29,-10.00
13,2,-1.00,-1.00,-1.00,-1.00,0.4216,1.7,1.91,4.50,39.01,1.37,20.78,-0.22,-10.00
13,2,209.46,471.33,280.30,528.59,0.1779,1.7,1.87,4.46,-17.66,1.12,39.25,1.16,-10.00
13,2,-1.00,-1.00,-1.00,-1.00,0.1588,1.8,1.93,4.44,0.36,1.95,-37.18,-1.81,-10.00
13,2,407.85,470.95,505.58,531.96,0.1331,1.6,1.88,4.33,-10.08,1.09,35.28,1.12,-10.00
13,2,-1.00,-1.00,-1.00,-1.00,0.1230,1.7,1.92,4.47,22.89,2.24,-30.35,1.35,-10.00
13,2,-1.00,-1.00,-1.00,-1.00,0.1184,1.8,1.96,4.50,30.71,1.35,10.15,2.78,-10.00
13,2,-1.00,-1.00,-1.00,-1.00,0.1108,1.7,1.94,4.52,28.75,1.46,16.85,2.90,-10.00
13,2,-1.00,-1.00,-1.00,-1.00,0.1047,1.6,1.89,4.36,-17.97,0.26,-30.09,2.91,-10.00
13,2,715.00,448.01,891.13,517.63,0.1020,1.9,2.05,4.86,-0.43,0.74,37.00,0.62,-10.00
14,2,-1.00,-1.00,-1.00,-1.00,0.9504,1.9,1.94,4.74,1.57,1.49,-7.42,-1.85,-10.00
14,2,-1.00,-1.00,-1.00,-1.00,0.8896,1.5,1.80,4.28,11.40,1.94,-21.56,1.29,-10.00
14,2,1052.94,480.27,1600.00,815.45,0.8768,1.5,1.83,4.39,3.56,1.51,8.14,1.15,-10.00
14,2,-1.00,-1.00,-1.00,-1.00,0.8470,1.6,1.89,4.40,22.71,2.25,4.68,2.80,-10.00
14,2,-1.00,-1.00,-1.00,-1.00,0.7874,1.5,1.81,4.32,16.87,1.94,-27.11,1.20,-10.00
14,2,436.64,479.14,554.11,544.63,0.7804,1.5,1.81,4.33,-7.94,1.25,31.07,1.08,-10.00
14,2,-1.00,-1.00,-1.00,-1.00,0.7139,1.6,1.87,4.30,30.03,2.13,7.36,2.83,-10.00
14,2,-1.00,-1.00,-1.00,-1.00,0.5990,1.7,1.88,4.41,41.35,1.07,21.69,-0.30,-10.00
14,2,13.12,468.86,78.70,517.05,0.5831,1.7,1.87,4.52,-29.13,0.95,48.00,-2.07,-10.00
14,2,-1.00,-1.00,-1.00,-1.00,0.3226,1.6,1.89,4.48,18.74,2.16,-43.67,1.18,-10.00
14,2,-1.00,-1.00,-1.00,-1.00,0.1871,1.7,1.92,4.44,17.26,2.18,-44.15,1.32,-10.00
14,2,0.00,464.86,2.36,509.62,0.1273,1.6,1.94,4.51,-32.79,0.67,47.65,1.43,-10.00
14,2,198.30,467.87,275.69,527.19,0.1099,1.7,1.90,4.51,-17.62,1.05,38.41,-2.05,-10.00
14,2,-1.00,-1.00,-1.00,-1.00,0.1093,1.7,1.90,4.40,30.21,1.44,10.07,2.81,-10.00
14,2,168.01,462.09,239.53,519.04,0.1092,1.7,1.94,4.58,-19.67,0.86,40.58,-2.04,-10.00
15,2,-1.00,-1.00,-1.00,-1.00,0.9497,1.9,1.96,4.72,1.52,1.52,-7.46,-1.84,-10.00
15,2,-1.00,-1.00,-1.00,-1.00,0.8661,1.6,1.84,4.41,5.51,1.62,3.34,1.16,-10.00
15,2,-1.00,-1.00,-1.00,-1.00,0.8417,1.6,1.91,4.47,22.71,2.22,4.65,2.81,-10.00
15,2,-1.00,-1.00,-1.00,-1.00,0.8270,1.5,1.81,4.32,12.98,1.82,-26.41,1.32,-10.00
15,2,-1.00,-1.00,-1.00,-1.00,0.7977,1.5,1.79,4.23,18.13,2.05,-31.14,1.24,-10.00
15,2,464.75,476.61,616.75,553.23,0.7975,1.5,1.83,4.40,-6.07,1.27,27.51,1.01,-10.00
15,2,-1.00,-1.00,-1.00,-1.00,0.7008,1.6,1.86,4.30,29.98,2.08,7.38,2.83,-10.00
15,2,-1.00,-1.00,-1.00,-1.00,0.6779,1.7,1.89,4.46,43.50,0.92,22.34,-0.29,-10.00
15,2,8.94,466.85,92.54,515.82,0.4728,1.8,1.88,4.54,-29.15,0.92,48.36,-1.92,-10.00
15,2,202.07,473.56,278.30,526.82,0.1142,1.6,1.90,4.48,-18.90,1.13,41.71,-1.91,-10.00
16,2,-1.00,-1.00,-1.00,-1.00,0.9452,1.9,1.93,4.72,1.55,1.49,-7.39,-1.84,-10.00
16,2,-1.00,-1.00,-1.00,-1.00,0.8665,1.6,1.89,4.41,22.64,2.24,4.67,2.82,-10.00
16,2,-1.00,-1.00,-1.00,-1.00,0.8169,1.5,1.86,4.50,7.33,1.70,-1.35,1.20,-10.00
16,2,-1.00,-1.00,-1.00,-1.00,0.7873,1.5,1.81,4.33,14.18,1.84,-30.86,1.31,-10.00
16,2,518.47,485.25,690.56,573.42,0.7311,1.5,1.84,4.42,-4.08,1.43,23.81,1.07,-10.00
16,2,-1.00,-1.00,-1.00,-1.00,0.6821,1.6,1.87,4.31,29.95,2.16,7.39,2.84,-10.00
16,2,-1.00,-1.00,-1.00,-1.00,0.5718,1.7,1.89,4.44,45.41,1.13,23.21,-0.33,-10.00
16,2,-1.00,-1.00,-1.00,-1.00,0.4436,1.7,1.87,4.49,19.64,1.96,-35.71,1.18,-10.00
16,2,2.32,467.57,76.57,517.67,0.2711,1.8,1.92,4.43,-29.52,0.98,48.25,1.13,-10.00
16,2,974.21,438.59,1120.27,493.71,0.1825,1.7,1.97,4.55,7.93,0.04,43.53,2.82,-10.00
16,2,-1.00,-1.00,-1.00,-1.00,0.1154,1.7,1.87,4.47,-23.27,0.79,23.16,0.94,-10.00
16,2,-1.00,-1.00,-1.00,-1.00,0.1118,1.8,1.94,4.49,30.38,1.47,10.21,2.85,-10.00
17,2,-1.00,-1.00,-1.00,-1.00,0.9182,1.9,1.93,4.62,1.58,1.49,-7.51,-1.85,-10.00
17,2,-1.00,-1.00,-1.00,-1.00,0.9054,1.5,1.84,4.40,9.17,1.84,-6.38,1.20,-10.00
17,2,-1.00,-1.00,-1.00,-1.00,0.8526,1.6,1.89,4.44,22.55,2.21,4.88,2.78,-10.00
17,2,-1.00,-1.00,-1.00,-1.00,0.7702,1.5,1.80,4.28,16.38,1.98,-35.37,1.21,-10.00
17,2,580.05,485.42,793.51,589.61,0.7042,1.5,1.82,4.36,-2.18,1.42,20.13,1.07,-10.00
17,2,-1.00,-1.00,-1.00,-1.00,0.6868,1.6,1.87,4.29,29.90,2.18,7.63,2.78,-10.00
17,2,-1.00,-1.00,-1.00,-1.00,0.5349,1.8,1.88,4.38,47.31,0.95,24.52,-0.34,-10.00
17,2,0.00,465.65,64.66,518.35,0.4126,1.9,1.91,4.63,-30.07,1.00,48.17,-1.97,-10.00
17,2,-1.00,-1.00,-1.00,-1.00,0.3843,1.5,1.86,4.34,20.94,2.18,-39.83,1.27,-10.00
17,2,-1.00,-1.00,-1.00,-1.00,0.1548,1.8,2.06,4.85,-33.19,0.69,32.22,2.21,-10.00
17,2,-1.00,-1.00,-1.00,-1.00,0.1394,1.6,1.92,4.46,28.42,1.70,16.95,2.90,-10.00
17,2,-1.00,-1.00,-1.00,-1.00,0.1309,1.7,1.94,4.53,44.18,1.55,20.10,2.78,-10.00
17,2,-1.00,-1.00,-1.00,-1.00,0.1245,1.6,1.90,4.39,28.97,1.39,11.72,2.85,-10.00
17,2,-1.00,-1.00,-1.00,-1.00,0.1135,1.7,1.95,4.62,18.81,1.81,-51.72,1.26,-10.00
18,2,-1.00,-1.00,-1.00,-1.00,0.9276,1.9,1.91,4.59,1.65,1.50,-7.51,-1.88,-10.00
18,2,-1.00,-1.00,-1.00,-1.00,0.8999,1.6,1.84,4.40,10.97,1.92,-11.13,1.21,-10.00
18,2,-1.00,-1.00,-1.00,-1.00,0.8967,1.6,1.91,4.50,22.53,2.22,5.04,2.76,-10.00
18,2,0.00,467.38,34.61,516.40,0.7466,1.8,1.86,4.47,-30.87,0.93,47.88,-2.05,-10.00
18,2,-1.00,-1.00,-1.00,-1.00,0.6620,1.6,1.89,4.32,29.66,2.15,7.74,2.82,-10.00
18,2,651.81,472.28,972.27,602.61,0.6605,1.5,1.87,4.49,-0.19,1.35,17.28,0.85,-10.00
18,2,-1.00,-1.00,-1.00,-1.00,0.5240,1.5,1.83,4.36,22.77,2.29,-44.44,1.35,-10.00
18,2,-1.00,-1.00,-1.00,-1.00,0.4692,1.5,1.84,4.42,18.03,2.33,-39.66,1.22,-10.00
18,2,-1.00,-1.00,-1.00,-1.00,0.4148,1.6,1.86,4.33,48.56,0.71,25.68,-0.40,-10.00
18,2,-1.00,-1.00,-1.00,-1.00,0.1421,1.7,1.94,4.58,19.66,2.18,-51.47,1.32,-10.00
18,2,-1.00,-1.00,-1.00,-1.00,0.1201,1.6,1.91,4.47,24.77,1.68,16.16,2.87,-10.00
18,2,-1.00,-1.00,-1.00,-1.00,0.1134,1.8,1.98,4.66,50.73,1.37,25.63,-0.31,-10.00
18,2,-1.00,-1.00,-1.00,-1.00,0.1130,1.6,1.88,4.35,-33.12,0.78,46.19,-2.05,-10.00
18,2,330.89,476.33,443.78,538.32,0.1126,1.6,1.91,4.43,-12.04,1.26,35.36,0.99,-10.00
18,2,-1.00,-1.00,-1.00,-1.00,0.1037,1.7,1.95,4.57,27.87,1.64,17.26,2.81,-10.00
18,2,-1.00,-1.00,-1.00,-1.00,0.1017,1.6,1.93,4.48,35.85,2.14,12.08,2.91,-10.00
19,2,-1.00,-1.00,-1.00,-1.00,0.9072,1.6,1.93,4.55,22.56,2.24,5.01,2.76,-10.00
19,2,-1.00,-1.00,-1.00,-1.00,0.8949,1.9,1.93,4.67,1.62,1.54,-7.46,-1.85,-10.00
19,2,-1.00,-1.00,-1.00,-1.00,0.8528,1.7,1.85,4.41,12.73,2.00,-15.72,1.20,-10.00
19,2,-1.00,-1.00,-1.00,-1.00,0.6354,1.6,1.86,4.29,29.63,2.22,7.75,2.68,-10.00
19,2,816.63,480.16,1216.81,627.90,0.5555,1.5,1.85,4.41,2.25,1.41,15.02,0.76,-10.00
19,2,0.00,472.37,35.02,518.77,0.5111,1.7,1.86,4.43,-31.23,1.03,48.65,-2.08,-10.00
19,2,-1.00,-1.00,-1.00,-1.00,0.3558,1.6,1.88,4.45,19.67,2.26,-42.99,1.11,-10.00
19,2,-1.00,-1.00,-1.00,-1.00,0.3480,1.5,1.86,4.44,24.42,2.34,-48.77,1.30,-10.00
19,2,-1.00,-1.00,-1.00,-1.00,0.2405,1.6,1.88,4.35,49.92,0.45,26.85,-0.62,-10.00
19,2,-1.00,-1.00,-1.00,-1.00,0.1675,1.7,1.95,4.64,19.61,2.00,-51.60,1.25,-10.00
19,2,288.85,473.65,366.67,516.42,0.1456,1.6,1.90,4.50,-19.58,0.99,50.95,1.44,-10.00
19,2,-1.00,-1.00,-1.00,-1.00,0.1432,1.6,1.93,4.49,18.91,2.23,-44.27,1.24,-10.00
19,2,-1.00,-1.00,-1.00,-1.00,0.1083,1.7,1.94,4.53,28.08,1.63,17.26,-0.45,-10.00
19,2,-1.00,-1.00,-1.00,-1.00,0.1041,1.9,2.00,4.53,-42.06,-0.25,29.98,-1.73,-10.00
20,2,-1.00,-1.00,-1.00,-1.00,0.9099,1.9,1.91,4.61,1.56,1.52,-7.35,-1.83,-10.00
20,2,-1.00,-1.00,-1.00,-1.00,0.8956,1.6,1.89,4.44,22.35,2.25,4.99,2.77,-10.00
20,2,1057.31,479.28,1534.25,651.82,0.8786,1.5,1.83,4.35,4.91,1.44,13.15,0.56,-10.00
20,2,-1.00,-1.00,-1.00,-1.00,0.7993,1.6,1.86,4.48,14.55,1.94,-20.51,1.19,-10.00
20,2,-1.00,-1.00,-1.00,-1.00,0.5618,1.6,1.87,4.29,29.72,2.30,7.74,2.78,-10.00
20,2,0.00,472.74,32.60,516.64,0.3244,1.6,1.82,4.30,-31.68,0.96,49.12,-2.21,-10.00
20,2,284.62,468.07,340.69,512.89,0.2676,1.5,1.80,4.23,-18.48,0.77,46.37,1.17,-10.00
20,2,-1.00,-1.00,-1.00,-1.00,0.2109,1.6,1.92,4.44,23.28,2.16,-29.64,-1.87,-10.00
20,2,-1.00,-1.00,-1.00,-1.00,0.1551,1.6,1.86,4.32,-19.29,0.83,15.60,1.11,-10.00
20,2,-1.00,-1.00,-1.00,-1.00,0.1533,1.6,1.87,4.37,15.29,2.23,-23.43,1.21,-10.00
20,2,-1.00,-1.00,-1.00,-1.00,0.1478,1.6,1.89,4.47,25.68,2.15,-50.74,1.32,-10.00
20,2,-1.00,-1.00,-1.00,-1.00,0.1445,1.6,1.85,4.32,-34.26,-0.11,21.18,0.17,-10.00
20,2,-1.00,-1.00,-1.00,-1.00,0.1414,1.6,1.92,4.43,22.15,2.27,-27.05,-1.88,-10.00
20,2,934.76,442.29,1025.77,499.37,0.1308,1.8,1.95,4.63,5.64,0.24,44.11,1.42,-10.00
20,2,-1.00,-1.00,-1.00,-1.00,0.1198,1.6,1.88,4.34,24.99,1.55,16.49,-0.25,-10.00
20,2,73.30,470.44,248.70,525.58,0.1147,1.6,1.92,4.42,-19.73,1.01,38.34,2.85,-10.00
20,2,-1.00,-1.00,-1.00,-1.00,0.1049,1.6,1.95,4.62,19.60,1.81,-51.62,1.30,-10.00
20,2,-1.00,-1.00,-1.00,-1.00,0.1042,1.6,1.87,4.37,20.91,1.55,16.88,-0.55,-10.00
20,2,167.73,476.00,271.49,535.88,0.1040,1.7,1.95,4.52,-18.01,1.30,38.44,1.33,-10.00
20,2,-1.00,-1.00,-1.00,-1.00,0.1013,1.6,1.89,4.49,24.46,1.97,-51.81,1.38,-10.00
21,2,-1.00,-1.00,-1.00,-1.00,0.9192,1.9,1.91,4.69,1.70,1.47,-7.45,-1.87,-10.00
21,2,-1.00,-1.00,-1.00,-1.00,0.8983,1.6,1.93,4.55,22.23,2.29,5.21,2.76,-10.00
21,2,1312.24,488.75,1600.00,668.01,0.8941,1.5,1.80,4.29,7.06,1.48,12.14,0.38,-10.00
21,2,-1.00,-1.00,-1.00,-1.00,0.7205,1.6,1.85,4.23,29.59,2.13,8.16,2.87,-10.00
21,2,-1.00,-1.00,-1.00,-1.00,0.7087,1.6,1.82,4.33,16.24,2.21,-24.70,1.21,-10.00
21,2,0.00,465.08,3.39,510.90,0.4994,1.7,1.87,4.46,-32.89,0.75,49.47,-2.14,-10.00
21,2,982.10,445.88,1139.03,503.04,0.2675,1.6,1.86,4.28,7.38,0.32,38.34,2.86,-10.00
21,2,925.32,433.83,1072.83,489.82,0.2566,1.8,2.00,4.63,6.31,-0.10,43.77,2.81,-10.00
21,2,274.79,471.35,336.84,520.52,0.1973,1.5,1.79,4.24,-16.89,0.94,41.87,1.18,-10.00
21,2,-1.00,-1.00,-1.00,-1.00,0.1772,1.7,1.91,4.45,20.47,2.36,-49.45,2.93,-10.00
21,2,-1.00,-1.00,-1.00,-1.00,0.1268,1.7,1.97,4.60,19.32,2.40,-51.40,1.37,-10.00
21,2,-1.00,-1.00,-1.00,-1.00,0.1173,1.7,2.11,4.42,50.41,1.32,29.45,-1.22,-10.00
22,2,-1.00,-1.00,-1.00,-1.00,0.9265,1.9,1.91,4.63,2.08,1.58,-7.69,-1.98,-10.00
22,2,1540.47,475.80,1600.00,664.51,0.8858,1.5,1.88,4.48,9.48,1.43,11.68,0.15,-10.00
22,2,-1.00,-1.00,-1.00,-1.00,0.8513,1.6,1.86,4.37,21.78,2.13,5.73,2.67,-10.00
22,2,-1.00,-1.00,-1.00,-1.00,0.7769,1.6,1.84,4.22,29.30,2.13,8.98,2.78,-10.00
22,2,-1.00,-1.00,-1.00,-1.00,0.7025,1.5,1.80,4.26,19.30,2.13,-29.37,1.15,-10.00
22,2,-1.00,-1.00,-1.00,-1.00,0.3881,1.6,1.87,4.45,-34.89,0.73,49.98,-1.88,-10.00
22,2,-1.00,-1.00,-1.00,-1.00,0.2651,1.6,1.86,4.37,40.82,1.83,21.66,2.74,-10.00
22,2,232.37,468.44,318.25,531.34,0.2109,1.7,1.88,4.51,-15.73,1.12,36.70,1.08,-10.00
22,2,-1.00,-1.00,-1.00,-1.00,0.2090,1.6,1.85,4.36,-14.62,0.61,-33.73,2.94,-10.00
22,2,-1.00,-1.00,-1.00,-1.00,0.2029,1.6,1.85,4.29,28.04,1.00,26.17,2.69,-10.00
22,2,1579.26,456.53,1600.00,552.88,0.1867,1.6,1.90,4.46,17.11,1.08,23.84,-1.94,-10.00
22,2,874.69,433.25,1017.97,487.60,0.1814,1.7,1.98,4.51,4.49,-0.18,43.82,2.84,-10.00
22,2,-1.00,-1.00,-1.00,-1.00,0.1720,1.5,1.87,4.40,26.17,1.55,18.11,2.63,-10.00
22,2,-1.00,-1.00,-1.00,-1.00,0.1482,1.6,1.93,4.49,26.80,1.72,16.88,2.77,-10.00
22,2,-1.00,-1.00,-1.00,-1.00,0.1214,1.6,1.83,4.38,-34.43,0.89,46.95,-1.86,-10.00
22,2,-1.00,-1.00,-1.00,-1.00,0.1139,1.6,1.95,4.52,-36.29,0.66,50.17,-2.09,-10.00
22,2,-1.00,-1.00,-1.00,-1.00,0.1134,1.6,1.86,4.51,4.36,2.15,-37.93,1.15,-10.00
23,2,-1.00,-1.00,-1.00,-1.00,0.9251,2.0,1.93,4.73,2.16,1.59,-7.76,-2.00,-10.00
23,2,-1.00,-1.00,-1.00,-1.00,0.9128,1.5,1.88,4.47,12.09,1.55,11.89,-0.07,-10.00
23,2,-1.00,-1.00,-1.00,-1.00,0.8123,1.6,1.89,4.44,21.48,2.13,6.14,2.64,-10.00
23,2,-1.00,-1.00,-1.00,-1.00,0.6356,1.5,1.81,4.29,22.18,2.00,-33.62,1.11,-10.00
23,2,-1.00,-1.00,-1.00,-1.00,0.5158,1.6,1.90,4.44,28.62,1.90,9.67,2.65,-10.00
23,2,-1.00,-1.00,-1.00,-1.00,0.4658,1.7,1.90,4.49,-38.08,0.92,49.42,-2.20,-10.00
23,2,-1.00,-1.00,-1.00,-1.00,0.1729,1.7,1.93,4.53,37.62,1.82,21.67,2.65,-10.00
23,2,-1.00,-1.00,-1.00,-1.00,0.1405,1.7,2.01,4.60,-48.12,0.05,-4.81,-0.11,-10.00
23,2,-1.00,-1.00,-1.00,-1.00,0.1348,1.6,1.86,4.28,27.40,0.84,26.91,2.65,-10.00
23,2,-1.00,-1.00,-1.00,-1.00,0.1244,1.8,1.96,4.54,28.75,1.69,12.51,2.75,-10.00
23,2,-1.00,-1.00,-1.00,-1.00,0.1197,1.6,1.92,4.43,-36.57,0.36,12.43,0.48,-10.00
23,2,-1.00,-1.00,-1.00,-1.00,0.1178,1.6,1.93,4.50,25.21,1.92,-51.79,1.07,-10.00
23,2,-1.00,-1.00,-1.00,-1.00,0.1116,1.6,1.87,4.39,5.29,1.94,-37.74,1.17,-10.00
23,2,-1.00,-1.00,-1.00,-1.00,0.1114,1.7,1.89,4.38,-14.41,0.71,-32.51,2.89,-10.00
23,2,-1.00,-1.00,-1.00,-1.00,0.1099,1.7,1.88,4.33,-40.77,-1.55,-29.23,-0.52,-10.00
23,2,845.57,444.84,934.84,496.00,0.1045,1.6,1.82,4.37,2.46,0.12,43.24,1.33,-10.00
23,2,-1.00,-1.00,-1.00,-1.00,0.1044,1.7,1.91,4.43,18.95,2.09,-44.73,2.87,-10.00
24,2,-1.00,-1.00,-1.00,-1.00,0.9309,1.9,1.90,4.61,2.14,1.58,-7.66,-2.01,-10.00
24,2,-1.00,-1.00,-1.00,-1.00,0.8271,1.6,1.93,4.55,21.33,2.07,6.21,2.63,-10.00
24,2,-1.00,-1.00,-1.00,-1.00,0.8225,1.6,1.89,4.52,15.26,1.50,12.66,-0.22,-10.00
24,2,-1.00,-1.00,-1.00,-1.00,0.4851,1.6,1.85,4.25,28.44,2.10,9.36,2.77,-10.00
24,2,-1.00,-1.00,-1.00,-1.00,0.4013,1.6,1.85,4.49,-39.25,0.77,49.88,-1.95,-10.00
24,2,-1.00,-1.00,-1.00,-1.00,0.3543,1.6,1.88,4.41,27.85,1.21,22.51,-0.50,-10.00
24,2,-1.00,-1.00,-1.00,-1.00,0.3051,1.5,1.89,4.48,24.44,2.40,-38.36,1.23,-10.00
24,2,163.22,457.99,315.06,548.22,0.1572,1.8,1.88,4.45,-12.42,1.15,27.10,0.89,-10.00
24,2,-1.00,-1.00,-1.00,-1.00,0.1530,1.7,1.94,4.51,25.60,1.93,-51.69,1.17,-10.00
24,2,-1.00,-1.00,-1.00,-1.00,0.1493,1.6,1.83,4.28,26.58,1.02,27.29,2.70,-10.00
24,2,-1.00,-1.00,-1.00,-1.00,0.1303,1.7,1.98,4.63,41.22,1.05,30.58,2.74,-10.00
24,2,-1.00,-1.00,-1.00,-1.00,0.1279,1.7,1.89,4.36,-42.17,0.54,12.84,-0.09,-10.00
24,2,-1.00,-1.00,-1.00,-1.00,0.1227,1.6,1.86,4.35,-3.56,1.69,-47.33,1.19,-10.00
24,2,-1.00,-1.00,-1.00,-1.00,0.1049,1.6,1.86,4.40,27.09,1.21,23.71,-0.60,-10.00
24,2,-1.00,-1.00,-1.00,-1.00,0.1031,1.6,1.94,4.22,40.57,-2.24,-14.97,-1.98,-10.00
24,2,-1.00,-1.00,-1.00,-1.00,0.1013,1.7,1.99,4.50,-41.08,0.59,50.54,-2.14,-10.00
25,2,-1.00,-1.00,-1.00,-1.00,0.9443,1.9,1.92,4.66,2.04,1.56,-7.50,-2.02,-10.00
25,2,-1.00,-1.00,-1.00,-1.00,0.8078,1.6,1.94,4.54,21.27,2.12,6.16,2.64,-10.00
25,2,-1.00,-1.00,-1.00,-1.00,0.7785,1.6,1.85,4.43,18.59,1.51,13.70,-0.33,-10.00
25,2,-1.00,-1.00,-1.00,-1.00,0.6049,1.6,1.87,4.37,28.21,1.94,9.44,2.70,-10.00
25,2,-1.00,-1.00,-1.00,-1.00,0.2245,1.6,1.87,4.38,30.36,1.01,24.12,-0.55,-10.00
25,2,-1.00,-1.00,-1.00,-1.00,0.2221,1.6,1.89,4.42,27.22,2.55,-43.36,1.16,-10.00
25,2,-1.00,-1.00,-1.00,-1.00,0.1382,1.7,1.96,4.66,-41.24,0.51,50.87,-2.12,-10.00
25,2,-1.00,-1.00,-1.00,-1.00,0.1370,1.6,1.90,4.56,26.50,2.28,-44.66,1.33,-10.00
25,2,-1.00,-1.00,-1.00,-1.00,0.1275,1.6,1.89,4.46,21.39,1.56,14.60,-0.36,-10.00
25,2,184.10,457.35,360.71,568.34,0.1264,1.8,1.87,4.42,-9.72,1.26,22.43,0.93,-10.00
25,2,-1.00,-1.00,-1.00,-1.00,0.1115,1.6,1.88,4.37,23.58,1.15,22.93,2.90,-10.00
25,2,179.57,477.03,295.91,539.89,0.1094,1.6,1.89,4.46,-15.96,1.28,34.82,0.90,-10.00
25,2,-1.00,-1.00,-1.00,-1.00,0.1026,1.6,1.90,4.43,-5.03,1.39,-46.97,2.65,-10.00
25,2,-1.00,-1.00,-1.00,-1.00,0.1025,1.7,1.95,4.55,25.29,1.77,-51.94,-1.85,-10.00
25,2,-1.00,-1.00,-1.00,-1.00,0.1014,1.6,1.90,4.42,-39.14,0.38,30.35,-0.15,-10.00
26,2,-1.00,-1.00,-1.00,-1.00,0.9601,1.9,1.90,4.59,1.98,1.58,-7.37,-2.02,-10.00
26,2,-1.00,-1.00,-1.00,-1.00,0.8699,1.7,1.91,4.53,21.03,2.19,6.10,2.64,-10.00
26,2,-1.00,-1.00,-1.00,-1.00,0.8036,1.6,1.86,4.41,22.24,1.67,15.01,-0.36,-10.00
26,2,-1.00,-1.00,-1.00,-1.00,0.6345,1.7,1.90,4.42,28.06,2.02,9.42,2.71,-10.00
26,2,50.95,468.15,111.09,513.90,0.4597,1.7,1.86,4.42,-28.49,0.85,49.01,1.02,-10.00
26,2,-1.00,-1.00,-1.00,-1.00,0.2592,1.7,1.89,4.45,33.03,1.28,25.30,-0.46,-10.00
26,2,-1.00,-1.00,-1.00,-1.00,0.1556,1.7,1.89,4.41,42.11,1.23,31.03,2.74,-10.00
26,2,-1.00,-1.00,-1.00,-1.00,0.1269,1.6,1.93,4.58,25.73,1.58,16.42,-0.44,-10.00
26,2,815.35,441.19,910.67,492.30,0.1176,1.6,1.92,4.42,1.60,-0.02,45.27,-1.91,-10.00
26,2,0.00,468.29,20.25,536.52,0.1078,1.7,1.90,4.45,-22.48,1.16,33.89,-2.15,-10.00
26,2,-1.00,-1.00,-1.00,-1.00,0.1059,1.7,1.88,4.38,-41.13,0.52,11.54,0.23,-10.00
26,2,-1.00,-1.00,-1.00,-1.00,0.1048,1.7,1.91,4.47,-40.31,0.44,12.83,0.18,-10.00
26,2,257.42,462.89,487.16,599.54,0.1034,1.7,1.87,4.49,-6.43,1.37,18.01,0.95,-10.00
27,2,-1.00,-1.00,-1.00,-1.00,0.9624,1.9,1.92,4.67,1.98,1.56,-7.34,-2.03,-10.00
27,2,-1.00,-1.00,-1.00,-1.00,0.8720,1.7,1.92,4.55,20.94,2.12,6.04,2.65,-10.00
27,2,-1.00,-1.00,-1.00,-1.00,0.5934,1.6,1.87,4.34,27.74,2.03,9.41,2.74,-10.00
27,2,-1.00,-1.00,-1.00,-1.00,0.5198,1.6,1.90,4.46,26.05,1.76,16.51,-0.38,-10.00
27,2,52.81,464.85,117.28,513.19,0.4991,1.6,1.83,4.34,-25.95,0.76,44.88,1.02,-10.00
27,2,-1.00,-1.00,-1.00,-1.00,0.2522,1.6,1.86,4.36,36.01,0.92,26.48,-0.48,-10.00
27,2,-1.00,-1.00,-1.00,-1.00,0.1873,1.7,1.89,4.43,42.20,1.16,31.01,2.76,-10.00
27,2,817.62,445.40,911.37,495.84,0.1054,1.6,1.92,4.41,1.66,0.12,45.41,-1.89,-10.00
28,2,-1.00,-1.00,-1.00,-1.00,0.9606,1.9,1.91,4.63,1.98,1.56,-7.32,-2.03,-10.00
28,2,-1.00,-1.00,-1.00,-1.00,0.8566,1.7,1.96,4.67,20.92,2.10,6.01,2.66,-10.00
28,2,54.49,466.89,144.75,519.65,0.5615,1.6,1.85,4.42,-23.12,0.89,40.78,0.90,-10.00
28,2,-1.00,-1.00,-1.00,-1.00,0.5177,1.7,1.93,4.51,27.93,1.97,9.39,2.73,-10.00
28,2,-1.00,-1.00,-1.00,-1.00,0.4445,1.6,1.93,4.59,30.41,1.35,18.42,-0.42,-10.00
28,2,-1.00,-1.00,-1.00,-1.00,0.1821,1.6,1.86,4.35,38.49,1.07,28.07,-0.45,-10.00
28,2,-1.00,-1.00,-1.00,-1.00,0.1394,1.7,1.93,4.44,5.03,1.94,-16.12,-1.83,-10.00
28,2,-1.00,-1.00,-1.00,-1.00,0.1248,1.6,1.87,4.37,6.52,1.87,-14.88,-1.97,-10.00
28,2,-1.00,-1.00,-1.00,-1.00,0.1046,1.7,1.94,4.50,25.26,2.05,-51.93,-1.91,-10.00
29,2,-1.00,-1.00,-1.00,-1.00,0.9655,1.9,1.89,4.59,2.06,1.52,-7.26,-2.03,-10.00
29,2,-1.00,-1.00,-1.00,-1.00,0.8705,1.7,1.95,4.61,20.80,2.10,5.96,2.66,-10.00
29,2,67.71,471.02,163.93,533.11,0.5991,1.7,1.86,4.32,-20.37,1.17,36.76,0.93,-10.00
29,2,-1.00,-1.00,-1.00,-1.00,0.5451,1.6,1.86,4.35,27.61,1.99,9.35,2.74,-10.00
29,2,-1.00,-1.00,-1.00,-1.00,0.2336,1.6,1.93,4.55,34.57,1.47,20.45,-0.48,-10.00
29,2,837.71,448.71,909.84,496.37,0.1536,1.6,1.89,4.40,2.06,0.14,46.69,-1.71,-10.00
29,2,-1.00,-1.00,-1.00,-1.00,0.1294,1.6,1.89,4.44,41.49,0.86,29.21,-0.52,-10.00
29,2,68.81,462.69,179.33,531.14,0.1255,1.7,1.95,4.55,-18.81,1.04,34.32,0.92,-10.00
30,2,-1.00,-1.00,-1.00,-1.00,0.9560,1.9,1.91,4.65,2.05,1.51,-7.27,-2.03,-10.00
30,2,-1.00,-1.00,-1.00,-1.00,0.8832,1.7,1.93,4.58,20.77,2.11,5.92,2.69,-10.00
30,2,-1.00,-1.00,-1.00,-1.00,0.6187,1.6,1.86,4.34,27.57,1.94,9.36,2.76,-10.00
30,2,98.45,462.45,214.03,532.57,0.4288,1.7,1.90,4.57,-17.01,1.02,32.52,0.93,-10.00
30,2,-1.00,-1.00,-1.00,-1.00,0.2989,1.8,1.95,4.64,38.28,1.54,22.05,-0.34,-10.00
30,2,-1.00,-1.00,-1.00,-1.00,0.1146,1.8,1.94,4.59,38.50,1.78,20.53,0.01,-10.00
30,2,-1.00,-1.00,-1.00,-1.00,0.1118,1.7,1.89,4.43,43.17,0.89,30.09,-0.47,-10.00
31,2,-1.00,-1.00,-1.00,-1.00,0.9642,1.9,1.92,4.66,1.97,1.53,-7.32,-2.03,-10.00
31,2,-1.00,-1.00,-1.00,-1.00,0.8741,1.6,1.91,4.51,20.71,2.06,5.88,2.66,-10.00
31,2,111.91,467.61,241.76,547.16,0.7570,1.6,1.87,4.48,-14.49,1.19,28.58,0.94,-10.00
31,2,-1.00,-1.00,-1.00,-1.00,0.6487,1.6,1.84,4.28,27.56,1.92,9.36,2.66,-10.00
31,2,51.87,469.61,123.34,513.96,0.4831,1.6,1.88,4.48,-28.07,0.85,48.72,0.94,-10.00
31,2,-1.00,-1.00,-1.00,-1.00,0.2463,1.7,1.94,4.61,43.47,1.04,24.37,-0.38,-10.00
31,2,-1.00,-1.00,-1.00,-1.00,0.1296,1.7,1.94,4.59,43.54,1.33,22.91,-0.21,-10.00
32,2,-1.00,-1.00,-1.00,-1.00,0.9579,1.9,1.92,4.66,1.98,1.55,-7.35,-2.04,-10.00
32,2,-1.00,-1.00,-1.00,-1.00,0.8776,1.6,1.93,4.55,20.76,2.07,5.90,2.67,-10.00
32,2,142.62,461.97,298.38,556.01,0.8143,1.7,1.87,4.48,-11.69,1.18,24.70,0.93,-10.00
32,2,57.84,464.16,138.85,516.12,0.6027,1.7,1.89,4.51,-25.14,0.85,44.28,0.93,-10.00
32,2,-1.00,-1.00,-1.00,-1.00,0.4862,1.6,1.85,4.26,27.43,2.00,9.36,2.68,-10.00
32,2,-1.00,-1.00,-1.00,-1.00,0.2550,1.6,1.89,4.48,47.26,1.01,26.08,-0.45,-10.00
32,2,-1.00,-1.00,-1.00,-1.00,0.1113,1.8,1.99,4.66,50.69,0.70,33.26,-0.45,-10.00
32,2,-1.00,-1.00,-1.00,-1.00,0.1113,1.6,1.95,4.59,41.55,1.00,30.88,2.72,-10.00
33,2,-1.00,-1.00,-1.00,-1.00,0.9585,1.9,1.92,4.65,1.98,1.54,-7.32,-2.04,-10.00
33,2,-1.00,-1.00,-1.00,-1.00,0.9006,1.6,1.91,4.50,20.72,2.07,5.89,2.66,-10.00
33,2,183.90,466.82,369.98,583.15,0.8064,1.7,1.87,4.45,-8.89,1.36,20.67,0.95,-10.00
33,2,-1.00,-1.00,-1.00,-1.00,0.5892,1.6,1.83,4.27,27.45,1.87,9.34,2.69,-10.00
33,2,72.40,463.48,156.72,519.23,0.4656,1.6,1.88,4.43,-22.03,0.85,39.68,0.97,-10.00
33,2,-1.00,-1.00,-1.00,-1.00,0.2886,1.5,1.79,4.22,13.33,1.96,-19.06,1.07,-10.00
33,2,-1.00,-1.00,-1.00,-1.00,0.1149,1.6,1.90,4.46,42.29,1.00,30.98,2.82,-10.00
33,2,-1.00,-1.00,-1.00,-1.00,0.1144,1.7,1.88,4.38,28.76,0.97,14.38,1.04,-10.00
33,2,156.37,470.65,277.53,531.87,0.1135,1.6,1.87,4.43,-17.26,1.12,36.38,0.82,-10.00
33,2,71.84,463.40,182.93,524.40,0.1075,1.7,1.95,4.49,-20.06,0.93,36.79,0.87,-10.00
34,2,-1.00,-1.00,-1.00,-1.00,0.9613,1.9,1.92,4.66,1.96,1.53,-7.32,-2.04,-10.00
34,2,-1.00,-1.00,-1.00,-1.00,0.8832,1.6,1.93,4.55,20.76,2.07,5.91,2.68,-10.00
34,2,229.30,466.15,480.41,608.19,0.8186,1.6,1.83,4.35,-6.08,1.33,16.37,0.92,-10.00
34,2,84.31,455.34,194.04,521.39,0.6104,1.7,1.91,4.60,-19.05,0.82,35.54,0.90,-10.00
34,2,-1.00,-1.00,-1.00,-1.00,0.4651,1.6,1.84,4.26,27.38,1.94,9.33,2.65,-10.00
34,2,157.90,480.35,287.21,569.65,0.1308,1.6,1.87,4.36,-11.74,1.43,24.89,1.04,-10.00
34,2,-1.00,-1.00,-1.00,-1.00,0.1130,1.6,1.88,4.40,-9.84,1.52,-33.10,1.31,-10.00
34,2,-1.00,-1.00,-1.00,-1.00,0.1060,1.6,1.93,4.44,41.64,1.14,30.87,2.72,-10.00
34,2,0.00,454.19,7.57,523.81,0.1042,1.7,1.94,4.65,-22.77,0.83,33.52,0.93,-10.00
35,2,-1.00,-1.00,-1.00,-1.00,0.9621,1.9,1.92,4.65,1.96,1.52,-7.31,-2.04,-10.00
35,2,-1.00,-1.00,-1.00,-1.00,0.8764,1.7,1.95,4.62,20.78,2.08,5.94,2.67,-10.00
35,2,338.04,468.63,670.92,665.77,0.8462,1.5,1.82,4.32,-3.15,1.38,12.07,1.02,-10.00
35,2,-1.00,-1.00,-1.00,-1.00,0.4937,1.6,1.82,4.22,27.39,1.87,9.32,2.67,-10.00
35,2,105.78,461.66,235.89,536.87,0.4297,1.7,1.93,4.55,-16.00,1.07,31.27,0.89,-10.00
35,2,-1.00,-1.00,-1.00,-1.00,0.1924,1.6,1.88,4.42,42.15,1.13,31.01,2.76,-10.00
35,2,-1.00,-1.00,-1.00,-1.00,0.1811,1.6,1.87,4.43,18.07,2.00,-29.89,1.13,-10.00
35,2,-1.00,-1.00,-1.00,-1.00,0.1701,1.7,1.91,4.44,-14.60,0.48,-32.98,2.77,-10.00
35,2,114.80,464.28,255.40,542.07,0.1451,1.6,1.90,4.41,-14.49,1.10,28.95,0.88,-10.00
35,2,49.27,471.71,129.32,514.92,0.1307,1.6,1.93,4.58,-29.27,0.93,51.13,1.24,-10.00
35,2,79.24,459.02,207.54,526.63,0.1292,1.7,1.96,4.57,-17.94,0.91,33.67,0.84,-10.00
35,2,69.12,453.02,173.49,530.77,0.1167,1.6,1.94,4.62,-16.00,0.87,29.20,1.07,-10.00
35,2,-1.00,-1.00,-1.00,-1.00,0.1028,1.6,1.89,4.47,-10.27,1.74,-33.04,1.46,-10.00
35,2,-1.00,-1.00,-1.00,-1.00,0.1028,1.7,1.89,4.36,29.09,0.97,14.23,1.05,-10.00
36,2,-1.00,-1.00,-1.00,-1.00,0.9622,1.9,1.91,4.62,1.97,1.55,-7.33,-2.03,-10.00
36,2,-1.00,-1.00,-1.00,-1.00,0.8689,1.6,1.93,4.54,20.73,2.09,5.89,2.66,-10.00
36,2,466.77,477.65,1115.18,850.20,0.8644,1.5,1.82,4.36,-0.49,1.49,7.45,1.01,-10.00
36,2,139.60,469.41,272.75,549.97,0.6505,1.6,1.85,4.37,-12.95,1.17,26.74,0.96,-10.00
36,2,-1.00,-1.00,-1.00,-1.00,0.5446,1.6,1.83,4.26,27.47,1.90,9.35,2.68,-10.00
36,2,-1.00,-1.00,-1.00,-1.00,0.4363,1.6,1.84,4.35,20.48,2.09,-35.11,1.14,-10.00
36,2,52.62,467.08,126.08,511.67,0.3765,1.6,1.86,4.46,-27.18,0.74,47.30,0.94,-10.00
36,2,-1.00,-1.00,-1.00,-1.00,0.2052,1.6,1.90,4.44,42.13,1.10,31.05,2.72,-10.00
36,2,-1.00,-1.00,-1.00,-1.00,0.1080,1.6,1.86,4.39,-9.87,1.54,-33.06,1.28,-10.00
37,2,-1.00,-1.00,-1.00,-1.00,0.9613,1.9,1.90,4.61,2.06,1.52,-7.27,-2.03,-10.00
37,2,-1.00,-1.00,-1.00,-1.00,0.8611,1.6,1.90,4.49,20.70,2.06,5.87,2.68,-10.00
37,2,962.64,138.66,1600.00,900.00,0.8435,1.6,1.82,4.32,2.33,1.50,2.65,1.06,-10.00
37,2,174.36,462.84,357.37,569.66,0.7767,1.7,1.90,4.55,-9.82,1.27,22.39,0.92,-10.00
37,2,-1.00,-1.00,-1.00,-1.00,0.5960,1.6,1.85,4.31,27.43,1.89,9.34,2.67,-10.00
37,2,63.24,468.20,138.07,521.23,0.4978,1.7,1.89,4.50,-24.41,0.99,43.13,0.99,-10.00
37,2,-1.00,-1.00,-1.00,-1.00,0.2892,1.6,1.86,4.40,22.45,2.08,-40.44,1.18,-10.00
37,2,-1.00,-1.00,-1.00,-1.00,0.1087,1.6,1.93,4.44,42.36,0.97,31.20,2.73,-10.00
37,2,-1.00,-1.00,-1.00,-1.00,0.1058,1.5,1.86,4.31,26.73,1.37,23.95,2.71,-10.00
38,2,-1.00,-1.00,-1.00,-1.00,0.9626,1.9,1.90,4.60,2.06,1.53,-7.27,-2.03,-10.00
38,2,-1.00,-1.00,-1.00,-1.00,0.8773,1.7,1.95,4.65,20.79,2.12,5.95,2.68,-10.00
38,2,240.19,458.32,465.38,586.35,0.8386,1.6,1.86,4.44,-6.71,1.21,18.04,0.95,-10.00
38,2,-1.00,-1.00,-1.00,-1.00,0.8102,1.6,1.88,4.53,4.82,1.64,-2.06,1.08,-10.00
38,2,-1.00,-1.00,-1.00,-1.00,0.6167,1.6,1.85,4.30,27.47,1.87,9.31,2.68,-10.00
38,2,-1.00,-1.00,-1.00,-1.00,0.3964,1.5,1.85,4.35,24.55,1.81,-45.39,1.22,-10.00
38,2,-1.00,-1.00,-1.00,-1.00,0.2218,1.6,1.88,4.39,42.18,1.23,31.00,2.75,-10.00
38,2,-1.00,-1.00,-1.00,-1.00,0.1090,1.7,1.91,4.42,-4.89,1.51,-46.98,-0.41,-10.00
39,2,-1.00,-1.00,-1.00,-1.00,0.9536,1.9,1.90,4.61,2.04,1.51,-7.26,-2.02,-10.00
39,2,-1.00,-1.00,-1.00,-1.00,0.9013,1.6,1.88,4.53,7.32,1.71,-6.87,1.11,-10.00
39,2,-1.00,-1.00,-1.00,-1.00,0.8966,1.7,1.95,4.60,20.76,2.11,5.91,2.68,-10.00
39,2,329.67,463.69,647.58,635.95,0.8806,1.6,1.87,4.50,-3.74,1.35,13.84,0.95,-10.00
39,2,-1.00,-1.00,-1.00,-1.00,0.5892,1.6,1.85,4.32,27.45,1.89,9.33,2.69,-10.00
39,2,-1.00,-1.00,-1.00,-1.00,0.3642,1.6,1.87,4.52,27.29,2.01,-50.88,1.08,-10.00
39,2,-1.00,-1.00,-1.00,-1.00,0.2511,1.6,1.88,4.38,42.14,1.16,30.97,2.80,-10.00
39,2,-1.00,-1.00,-1.00,-1.00,0.1102,1.7,1.89,4.33,29.10,0.92,14.27,1.11,-10.00
39,2,173.04,469.32,287.84,532.62,0.1018,1.6,1.91,4.49,-15.97,1.08,34.40,0.93,-10.00
