0,2,651.73,387.07,1087.95,792.67,0.9145,1.8,1.91,4.56,0.20,1.53,7.81,-1.56,-10.00
0,2,-1.00,-1.00,-1.00,-1.00,0.5079,1.7,1.90,4.61,8.00,1.07,-30.44,1.49,-10.00
0,2,-1.00,-1.00,-1.00,-1.00,0.3479,1.8,2.00,4.62,17.28,-3.44,-36.95,-0.00,-10.00
0,2,632.15,467.81,699.20,524.44,0.3013,1.7,1.89,4.53,-5.27,1.77,41.51,1.51,-10.00
0,2,-1.00,-1.00,-1.00,-1.00,0.2962,1.7,1.95,4.57,-9.63,1.22,-22.43,-0.08,-10.00
0,2,-1.00,-1.00,-1.00,-1.00,0.2204,1.8,1.95,4.75,-7.75,1.16,-25.17,1.54,-10.00
0,2,-1.00,-1.00,-1.00,-1.00,0.2032,2.1,2.14,5.14,-0.27,1.49,-7.34,-1.51,-10.00
0,2,-1.00,-1.00,-1.00,-1.00,0.1987,1.8,2.00,4.66,-26.86,1.13,-31.52,0.13,-10.00
0,2,-1.00,-1.00,-1.00,-1.00,0.1894,1.6,1.91,4.42,-9.05,1.21,-19.61,0.02,-10.00
0,2,-1.00,-1.00,-1.00,-1.00,0.1675,1.9,2.07,4.92,5.39,1.00,-29.43,-0.05,-10.00
0,2,640.02,464.91,715.02,526.22,0.1374,1.7,1.90,4.57,-4.54,1.70,38.70,1.54,-10.00
0,2,-1.00,-1.00,-1.00,-1.00,0.1358,2.0,2.08,5.01,10.90,1.69,-46.43,-3.06,-10.00
0,2,-1.00,-1.00,-1.00,-1.00,0.1289,1.7,1.94,4.58,29.72,-3.44,-40.75,1.51,-10.00
0,2,-1.00,-1.00,-1.00,-1.00,0.1261,1.7,1.98,4.64,-12.51,1.11,-34.48,-1.61,-10.00
0,2,-1.00,-1.00,-1.00,-1.00,0.1200,1.8,2.01,4.70,41.22,-3.40,-35.65,3.14,-10.00
0,2,-1.00,-1.00,-1.00,-1.00,0.1137,1.7,2.01,4.67,-33.58,1.12,-18.59,-0.11,-10.00
0,2,-1.00,-1.00,-1.00,-1.00,0.1100,1.8,2.02,4.76,36.35,-3.35,-38.39,-3.10,-10.00
0,2,-1.00,-1.00,-1.00,-1.00,0.1069,2.1,2.15,5.29,-20.37,-0.15,-50.61,1.70,-10.00
0,2,-1.00,-1.00,-1.00,-1.00,0.1049,2.0,2.03,4.77,3.51,0.79,-30.84,1.56,-10.00
0,2,-1.00,-1.00,-1.00,-1.00,0.1030,1.7,1.96,4.56,-8.93,1.20,-18.13,-3.12,-10.00
0,2,-1.00,-1.00,-1.00,-1.00,0.1006,1.9,2.08,4.90,31.06,-3.55,-30.97,3.14,-10.00
1,2,679.22,393.91,1040.91,747.65,0.8855,1.8,1.89,4.60,-0.06,1.54,8.82,-1.67,-10.00
1,2,-1.00,-1.00,-1.00,-1.00,0.4263,1.6,1.95,4.55,-9.62,1.20,-22.47,-0.11,-10.00
1,2,-1.00,-1.00,-1.00,-1.00,0.3957,1.6,1.91,4.50,-9.79,0.62,-38.83,-0.05,-10.00
1,2,-1.00,-1.00,-1.00,-1.00,0.3413,1.9,2.01,4.61,4.49,0.76,-30.52,-1.60,-10.00
1,2,-1.00,-1.00,-1.00,-1.00,0.3146,2.1,2.19,5.15,-0.22,1.34,-7.56,-1.56,-10.00
1,2,-1.00,-1.00,-1.00,-1.00,0.2482,1.8,1.93,4.51,-19.47,0.87,1.69,2.45,-10.00
1,2,-1.00,-1.00,-1.00,-1.00,0.2407,1.6,1.92,4.41,-9.15,1.17,-19.62,0.01,-10.00
1,2,-1.00,-1.00,-1.00,-1.00,0.1989,1.8,2.01,4.67,30.73,-3.31,-42.64,3.11,-10.00
1,2,-1.00,-1.00,-1.00,-1.00,0.1912,1.8,1.97,4.65,-10.62,0.86,-33.32,-3.11,-10.00
1,2,-1.00,-1.00,-1.00,-1.00,0.1876,1.7,1.99,4.67,-12.25,1.09,-20.15,-0.01,-10.00
1,2,-1.00,-1.00,-1.00,-1.00,0.1748,1.6,1.86,4.60,7.91,0.94,-30.37,1.48,-10.00
1,2,-1.00,-1.00,-1.00,-1.00,0.1452,1.5,1.92,4.48,-9.25,0.92,-24.83,-0.11,-10.00
1,2,666.14,463.91,723.99,511.85,0.1180,1.7,1.92,4.62,-5.22,1.62,50.21,1.55,-10.00
1,2,-1.00,-1.00,-1.00,-1.00,0.1059,1.9,2.04,4.80,1.91,0.38,-30.62,-1.61,-10.00
1,2,-1.00,-1.00,-1.00,-1.00,0.1028,1.7,1.94,4.55,-33.55,0.61,-20.22,0.08,-10.00
1,2,-1.00,-1.00,-1.00,-1.00,0.1015,2.4,2.34,5.81,10.84,0.99,-45.98,-1.71,-10.00
2,2,677.43,421.14,1015.40,720.94,0.8300,1.8,1.94,4.58,-0.14,1.59,9.75,-1.71,-10.00
2,2,-1.00,-1.00,-1.00,-1.00,0.4574,1.7,1.94,4.65,7.83,0.84,-31.21,-1.62,-10.00
2,2,-1.00,-1.00,-1.00,-1.00,0.3731,1.9,2.04,4.88,4.28,0.91,-31.64,-1.44,-10.00
2,2,-1.00,-1.00,-1.00,-1.00,0.2925,1.7,1.96,4.55,-9.42,1.11,-33.80,-0.02,-10.00
2,2,-1.00,-1.00,-1.00,-1.00,0.2536,1.6,1.90,4.40,-9.25,1.29,-20.05,0.06,-10.00
2,2,-1.00,-1.00,-1.00,-1.00,0.2245,2.3,2.18,5.43,-20.75,0.25,-49.39,-0.02,-10.00
2,2,-1.00,-1.00,-1.00,-1.00,0.2119,2.1,2.15,5.16,-0.25,1.43,-8.01,-1.56,-10.00
2,2,-1.00,-1.00,-1.00,-1.00,0.1900,1.8,1.99,4.66,-33.56,0.68,-20.61,0.12,-10.00
2,2,-1.00,-1.00,-1.00,-1.00,0.1878,1.7,1.96,4.59,-10.22,0.71,-39.26,-0.03,-10.00
2,2,-1.00,-1.00,-1.00,-1.00,0.1747,1.7,1.99,4.67,-9.84,1.26,-22.95,-0.06,-10.00
2,2,-1.00,-1.00,-1.00,-1.00,0.1320,2.0,2.01,4.76,-19.69,0.94,0.85,-0.68,-10.00
2,2,-1.00,-1.00,-1.00,-1.00,0.1304,1.8,2.01,4.70,29.20,-3.76,-43.47,3.02,-10.00
2,2,674.26,469.23,729.96,516.10,0.1252,1.7,1.86,4.58,-4.84,1.76,49.21,1.54,-10.00
2,2,-1.00,-1.00,-1.00,-1.00,0.1097,1.7,1.96,4.65,-8.24,0.78,-35.98,1.52,-10.00
2,2,-1.00,-1.00,-1.00,-1.00,0.1037,2.0,2.10,5.10,10.49,0.94,-46.47,-1.67,-10.00
2,2,-1.00,-1.00,-1.00,-1.00,0.1003,1.7,1.92,4.68,-8.18,1.23,-24.60,1.47,-10.00
3,2,753.26,428.79,1050.95,687.62,0.7930,1.7,1.87,4.49,0.38,1.57,10.68,-1.66,-10.00
3,2,-1.00,-1.00,-1.00,-1.00,0.4719,2.0,2.10,5.19,2.64,0.91,-32.49,-1.42,-10.00
3,2,-1.00,-1.00,-1.00,-1.00,0.2727,1.6,1.86,4.61,-9.39,1.07,-28.94,1.64,-10.00
3,2,-1.00,-1.00,-1.00,-1.00,0.2555,1.6,1.96,4.60,-11.63,1.07,-33.70,-3.08,-10.00
3,2,-1.00,-1.00,-1.00,-1.00,0.2552,1.7,1.97,4.61,-10.93,1.25,-23.34,0.00,-10.00
3,2,-1.00,-1.00,-1.00,-1.00,0.2146,1.8,2.04,4.73,-28.40,1.07,-30.77,0.07,-10.00
3,2,-1.00,-1.00,-1.00,-1.00,0.2022,1.7,1.94,4.61,1.75,1.63,-40.73,1.55,-10.00
3,2,-1.00,-1.00,-1.00,-1.00,0.1939,1.5,1.85,4.30,-10.73,1.18,-20.91,0.08,-10.00
3,2,-1.00,-1.00,-1.00,-1.00,0.1748,2.1,2.13,5.18,-0.67,1.36,-8.80,-1.46,-10.00
3,2,913.00,462.93,974.99,519.28,0.1531,1.7,1.91,4.58,3.87,1.59,41.60,-1.49,-10.00
3,2,-1.00,-1.00,-1.00,-1.00,0.1452,2.6,2.24,5.77,-23.64,0.19,-49.20,0.06,-10.00
3,2,-1.00,-1.00,-1.00,-1.00,0.1238,1.8,2.03,4.89,42.34,-3.06,-35.79,-1.44,-10.00
3,2,-1.00,-1.00,-1.00,-1.00,0.1232,1.8,2.01,4.68,-45.88,1.17,-38.89,0.07,-10.00
3,2,-1.00,-1.00,-1.00,-1.00,0.1202,1.5,1.93,4.47,-10.16,1.27,-19.65,0.08,-10.00
3,2,942.25,453.21,1007.29,514.24,0.1193,1.7,1.88,4.58,4.58,1.33,39.14,-1.47,-10.00
3,2,-1.00,-1.00,-1.00,-1.00,0.1165,1.7,1.93,4.49,-9.48,1.16,-48.17,1.54,-10.00
3,2,-1.00,-1.00,-1.00,-1.00,0.1103,1.7,1.97,4.61,-11.98,0.67,-39.74,-0.07,-10.00
3,2,-1.00,-1.00,-1.00,-1.00,0.1041,1.7,1.93,4.68,6.21,1.01,-32.43,-1.56,-10.00
3,2,-1.00,-1.00,-1.00,-1.00,0.1029,1.6,1.95,4.51,-11.27,1.31,-30.90,-3.05,-10.00
4,2,845.84,405.21,1111.52,660.29,0.8388,1.8,1.89,4.54,1.21,1.49,11.36,-1.52,-10.00
4,2,-1.00,-1.00,-1.00,-1.00,0.5707,1.8,2.04,4.83,-12.59,1.18,-23.77,0.10,-10.00
4,2,-1.00,-1.00,-1.00,-1.00,0.4305,2.1,2.21,5.27,-0.85,1.32,-9.23,-1.50,-10.00
4,2,-1.00,-1.00,-1.00,-1.00,0.3548,2.0,2.10,4.93,0.75,1.11,-33.68,-1.48,-10.00
4,2,-1.00,-1.00,-1.00,-1.00,0.2589,1.7,1.89,4.58,-11.01,1.00,-29.77,1.67,-10.00
4,2,-1.00,-1.00,-1.00,-1.00,0.2337,1.6,1.94,4.54,-12.89,1.14,-34.49,0.10,-10.00
4,2,-1.00,-1.00,-1.00,-1.00,0.2322,1.6,1.90,4.59,-16.15,1.38,1.05,-1.37,-10.00
4,2,-1.00,-1.00,-1.00,-1.00,0.2223,1.7,1.97,4.65,-14.94,0.68,-39.96,0.24,-10.00
4,2,-1.00,-1.00,-1.00,-1.00,0.1717,2.6,2.33,6.04,-26.17,0.21,-49.06,0.08,-10.00
4,2,-1.00,-1.00,-1.00,-1.00,0.1690,1.7,1.91,4.58,3.37,1.91,-45.82,-1.50,-10.00
4,2,-1.00,-1.00,-1.00,-1.00,0.1367,1.7,1.95,4.54,-30.52,0.96,-31.05,0.30,-10.00
4,2,-1.00,-1.00,-1.00,-1.00,0.1317,1.8,1.97,4.59,-35.80,0.84,-18.61,0.15,-10.00
4,2,-1.00,-1.00,-1.00,-1.00,0.1309,1.5,1.88,4.34,-11.76,1.26,-21.23,0.11,-10.00
4,2,1002.30,455.38,1066.31,513.04,0.1256,1.8,1.95,4.70,7.11,1.43,43.27,-1.45,-10.00
4,2,-1.00,-1.00,-1.00,-1.00,0.1220,1.7,2.01,4.73,-29.91,0.77,-11.04,0.09,-10.00
4,2,-1.00,-1.00,-1.00,-1.00,0.1087,1.7,1.96,4.56,-28.23,0.99,-3.02,0.03,-10.00
4,2,-1.00,-1.00,-1.00,-1.00,0.1084,1.7,1.99,4.65,-10.96,0.70,-47.66,-3.03,-10.00
4,2,-1.00,-1.00,-1.00,-1.00,0.1038,1.5,1.92,4.45,-11.10,1.24,-20.00,0.10,-10.00
4,2,-1.00,-1.00,-1.00,-1.00,0.1034,1.8,1.98,4.60,-48.01,1.09,-36.93,0.04,-10.00
4,2,-1.00,-1.00,-1.00,-1.00,0.1031,1.6,1.92,4.45,-12.22,1.12,-26.06,0.06,-10.00
5,2,869.44,426.65,1129.28,663.77,0.8759,1.8,1.92,4.64,1.46,1.58,11.78,-1.50,-10.00
5,2,-1.00,-1.00,-1.00,-1.00,0.5872,1.6,1.88,4.45,-12.85,0.97,-24.89,0.09,-10.00
5,2,-1.00,-1.00,-1.00,-1.00,0.4751,1.7,1.96,4.58,-30.24,0.59,-31.32,0.11,-10.00
5,2,-1.00,-1.00,-1.00,-1.00,0.4320,1.9,1.99,4.65,0.13,0.77,-35.21,-1.49,-10.00
5,2,-1.00,-1.00,-1.00,-1.00,0.3788,1.7,1.96,4.58,-15.46,0.73,-40.88,0.13,-10.00
5,2,-1.00,-1.00,-1.00,-1.00,0.3401,2.1,2.17,5.15,-1.06,1.26,-9.61,-1.46,-10.00
5,2,-1.00,-1.00,-1.00,-1.00,0.3386,1.6,1.86,4.60,-11.82,0.62,-30.80,1.69,-10.00
5,2,-1.00,-1.00,-1.00,-1.00,0.2330,1.8,1.94,4.54,34.09,1.78,32.90,1.73,-10.00
5,2,-1.00,-1.00,-1.00,-1.00,0.2204,1.8,1.95,4.61,-18.38,0.83,-4.21,1.97,-10.00
5,2,-1.00,-1.00,-1.00,-1.00,0.1990,1.9,2.05,4.91,-14.39,0.89,-35.74,-3.02,-10.00
5,2,977.78,471.83,1085.76,558.65,0.1885,1.6,1.86,4.54,4.11,1.77,25.73,-1.48,-10.00
5,2,-1.00,-1.00,-1.00,-1.00,0.1854,1.5,1.86,4.33,-12.68,0.96,-27.28,0.09,-10.00
5,2,-1.00,-1.00,-1.00,-1.00,0.1771,1.6,1.91,4.39,-11.72,1.06,-21.66,0.17,-10.00
5,2,-1.00,-1.00,-1.00,-1.00,0.1694,1.6,1.89,4.58,-9.48,0.90,-38.32,1.65,-10.00
5,2,-1.00,-1.00,-1.00,-1.00,0.1595,1.7,2.06,4.46,40.46,-2.06,-8.53,1.77,-10.00
5,2,-1.00,-1.00,-1.00,-1.00,0.1525,1.7,1.96,4.60,-35.53,0.63,-19.80,0.29,-10.00
5,2,-1.00,-1.00,-1.00,-1.00,0.1517,2.2,2.12,5.22,-26.47,0.17,-49.80,0.11,-10.00
5,2,1049.28,475.89,1181.10,566.73,0.1207,1.6,1.91,4.65,5.67,1.88,25.18,-1.49,-10.00
5,2,-1.00,-1.00,-1.00,-1.00,0.1205,1.6,1.95,4.56,-13.75,0.63,-30.45,0.12,-10.00
5,2,-1.00,-1.00,-1.00,-1.00,0.1157,1.7,1.96,4.55,-15.05,0.74,-38.47,0.13,-10.00
5,2,-1.00,-1.00,-1.00,-1.00,0.1114,1.7,1.88,4.52,-15.87,1.42,0.46,-1.30,-10.00
5,2,-1.00,-1.00,-1.00,-1.00,0.1067,1.8,1.91,4.53,11.62,1.52,10.60,1.72,-10.00
5,2,-1.00,-1.00,-1.00,-1.00,0.1064,1.7,1.97,4.62,-11.07,0.69,-36.55,0.15,-10.00
5,2,-1.00,-1.00,-1.00,-1.00,0.1011,1.6,1.92,4.49,-13.43,0.70,-32.79,0.15,-10.00
5,2,-1.00,-1.00,-1.00,-1.00,0.1002,1.8,1.99,4.84,-15.02,0.61,-42.78,1.86,-10.00
6,2,847.46,420.67,1103.99,659.88,0.8549,1.8,1.93,4.63,1.41,1.57,11.93,-1.45,-10.00
6,2,-1.00,-1.00,-1.00,-1.00,0.4931,1.7,1.98,4.65,-30.00,0.54,-33.47,0.07,-10.00
6,2,-1.00,-1.00,-1.00,-1.00,0.4326,1.6,1.94,4.56,-12.41,0.99,-26.84,0.08,-10.00
6,2,-1.00,-1.00,-1.00,-1.00,0.3357,2.0,2.23,5.36,-0.87,1.27,-10.37,-1.48,-10.00
6,2,-1.00,-1.00,-1.00,-1.00,0.3242,2.0,2.16,5.24,-13.88,0.92,-37.75,-3.05,-10.00
6,2,-1.00,-1.00,-1.00,-1.00,0.2189,1.7,1.93,4.53,-48.08,-0.62,-39.10,-3.12,-10.00
6,2,-1.00,-1.00,-1.00,-1.00,0.2077,1.8,2.03,4.81,-10.48,0.56,-38.45,0.19,-10.00
6,2,-1.00,-1.00,-1.00,-1.00,0.2075,1.7,1.94,4.52,-11.19,0.99,-23.56,0.12,-10.00
6,2,-1.00,-1.00,-1.00,-1.00,0.1962,1.6,1.97,4.55,-11.87,0.90,-29.53,-3.12,-10.00
6,2,-1.00,-1.00,-1.00,-1.00,0.1614,1.9,2.07,4.90,-18.21,1.00,-6.05,-1.17,-10.00
6,2,-1.00,-1.00,-1.00,-1.00,0.1370,1.8,1.98,4.59,29.62,1.76,25.93,-3.11,-10.00
6,2,-1.00,-1.00,-1.00,-1.00,0.1316,1.7,1.99,4.71,-8.95,0.93,-40.28,1.71,-10.00
6,2,-1.00,-1.00,-1.00,-1.00,0.1251,1.7,1.93,4.45,12.96,1.24,6.52,0.14,-10.00
6,2,-1.00,-1.00,-1.00,-1.00,0.1169,1.8,1.96,4.60,29.86,-3.16,-43.08,-3.06,-10.00
6,2,-1.00,-1.00,-1.00,-1.00,0.1168,1.7,1.95,4.67,-14.82,1.05,-25.83,1.64,-10.00
6,2,-1.00,-1.00,-1.00,-1.00,0.1158,1.6,1.93,4.50,-35.61,0.05,-21.84,-2.89,-10.00
6,2,-1.00,-1.00,-1.00,-1.00,0.1137,1.8,1.99,4.67,35.25,-2.83,-37.99,-3.05,-10.00
6,2,-1.00,-1.00,-1.00,-1.00,0.1126,1.7,1.92,4.63,1.51,0.96,-37.18,-1.49,-10.00
6,2,-1.00,-1.00,-1.00,-1.00,0.1104,1.8,2.00,4.67,28.60,-3.47,-45.44,-3.04,-10.00
6,2,-1.00,-1.00,-1.00,-1.00,0.1087,1.6,1.90,4.42,-12.61,1.12,-24.45,0.10,-10.00
6,2,1005.97,463.68,1105.11,545.52,0.1079,1.6,1.89,4.42,4.88,1.60,26.88,-1.40,-10.00
6,2,-1.00,-1.00,-1.00,-1.00,0.1061,1.6,1.90,4.41,-13.80,0.93,-42.90,-3.06,-10.00
7,2,837.97,422.85,1088.67,650.83,0.8489,1.7,1.90,4.64,1.27,1.52,12.00,-1.47,-10.00
7,2,-1.00,-1.00,-1.00,-1.00,0.5959,1.8,2.03,4.79,-29.32,0.66,-36.05,0.07,-10.00
7,2,-1.00,-1.00,-1.00,-1.00,0.3977,1.6,1.91,4.44,-11.62,0.85,-29.00,0.08,-10.00
7,2,-1.00,-1.00,-1.00,-1.00,0.3829,2.1,2.18,5.35,-0.62,1.30,-11.09,-1.51,-10.00
7,2,964.23,466.66,1064.84,544.26,0.3333,1.6,1.89,4.46,4.09,1.63,27.90,-1.49,-10.00
7,2,-1.00,-1.00,-1.00,-1.00,0.2142,1.8,1.93,4.64,-11.42,0.62,-41.24,1.58,-10.00
7,2,-1.00,-1.00,-1.00,-1.00,0.2007,1.8,2.04,4.81,-11.02,1.15,-25.23,0.08,-10.00
7,2,-1.00,-1.00,-1.00,-1.00,0.1760,1.8,1.96,4.55,45.43,1.57,15.34,0.07,-10.00
7,2,-1.00,-1.00,-1.00,-1.00,0.1427,1.6,1.95,4.55,-11.59,0.81,-31.64,-3.09,-10.00
7,2,-1.00,-1.00,-1.00,-1.00,0.1356,1.7,1.90,4.56,-10.29,0.75,-34.85,1.61,-10.00
7,2,-1.00,-1.00,-1.00,-1.00,0.1316,1.7,1.97,4.78,-16.32,0.81,-9.05,-1.55,-10.00
7,2,-1.00,-1.00,-1.00,-1.00,0.1296,1.7,1.99,4.65,-11.65,1.12,-26.48,0.10,-10.00
7,2,-1.00,-1.00,-1.00,-1.00,0.1274,1.7,1.99,4.76,-14.14,0.95,-28.09,1.60,-10.00
7,2,-1.00,-1.00,-1.00,-1.00,0.1226,1.7,1.97,4.60,-29.36,0.43,-39.04,-3.05,-10.00
7,2,-1.00,-1.00,-1.00,-1.00,0.1193,1.7,1.97,4.51,8.12,1.38,-31.14,0.12,-10.00
7,2,-1.00,-1.00,-1.00,-1.00,0.1015,1.7,1.96,4.48,22.18,2.07,17.11,0.07,-10.00
8,2,826.14,405.04,1075.69,636.68,0.8313,1.8,1.92,4.61,1.29,1.42,12.08,-1.43,-10.00
8,2,-1.00,-1.00,-1.00,-1.00,0.6911,2.1,2.19,5.28,-0.36,1.33,-11.63,-1.51,-10.00
8,2,-1.00,-1.00,-1.00,-1.00,0.5111,1.8,2.05,4.79,-28.64,0.49,-38.75,0.06,-10.00
8,2,959.40,455.16,1051.41,534.17,0.4344,1.6,1.91,4.59,4.04,1.46,28.86,-1.46,-10.00
8,2,-1.00,-1.00,-1.00,-1.00,0.3514,1.7,1.99,4.70,-11.32,1.02,-31.62,0.03,-10.00
8,2,-1.00,-1.00,-1.00,-1.00,0.2913,1.9,2.04,4.72,44.81,2.39,13.63,0.03,-10.00
8,2,-1.00,-1.00,-1.00,-1.00,0.1968,2.0,2.04,4.82,45.66,2.50,19.39,0.10,-10.00
8,2,-1.00,-1.00,-1.00,-1.00,0.1759,1.7,1.95,4.61,19.12,1.65,4.13,-1.46,-10.00
8,2,-1.00,-1.00,-1.00,-1.00,0.1681,1.6,1.91,4.41,-10.48,1.06,-28.40,0.11,-10.00
8,2,1337.93,433.94,1600.00,560.19,0.1414,2.0,2.07,4.85,11.40,1.47,20.92,0.07,-10.00
8,2,-1.00,-1.00,-1.00,-1.00,0.1412,1.8,2.00,4.73,-16.20,0.70,-12.37,1.66,-10.00
8,2,-1.00,-1.00,-1.00,-1.00,0.1266,1.7,1.89,4.74,-9.89,0.78,-33.99,1.58,-10.00
8,2,-1.00,-1.00,-1.00,-1.00,0.1251,1.7,1.94,4.55,5.29,1.75,-35.52,-3.09,-10.00
8,2,-1.00,-1.00,-1.00,-1.00,0.1214,1.7,1.91,4.61,-9.93,0.76,-37.19,1.63,-10.00
8,2,-1.00,-1.00,-1.00,-1.00,0.1184,2.0,2.00,5.04,13.23,1.67,12.93,1.67,-10.00
8,2,1085.21,435.77,1202.15,531.07,0.1033,2.3,2.16,5.94,8.55,1.65,34.37,-1.48,-10.00
8,2,-1.00,-1.00,-1.00,-1.00,0.1018,1.8,1.97,4.68,13.09,-3.78,-51.16,-3.05,-10.00
9,2,823.89,420.20,1076.20,654.46,0.8570,1.8,1.95,4.69,1.18,1.57,12.20,-1.48,-10.00
9,2,-1.00,-1.00,-1.00,-1.00,0.6692,2.0,2.20,5.46,-0.20,1.29,-12.33,-1.53,-10.00
9,2,-1.00,-1.00,-1.00,-1.00,0.4542,1.8,2.07,4.87,-27.92,0.59,-41.68,0.05,-10.00
9,2,-1.00,-1.00,-1.00,-1.00,0.4049,1.7,1.94,4.68,3.34,1.21,-42.95,1.35,-10.00
9,2,-1.00,-1.00,-1.00,-1.00,0.3044,1.9,2.11,4.75,43.51,2.71,18.56,1.63,-10.00
9,2,-1.00,-1.00,-1.00,-1.00,0.2441,1.6,1.95,4.56,-10.47,0.74,-34.13,0.05,-10.00
9,2,-1.00,-1.00,-1.00,-1.00,0.2023,2.2,2.28,5.67,15.56,-3.66,-50.44,0.07,-10.00
9,2,-1.00,-1.00,-1.00,-1.00,0.1657,1.6,1.93,4.58,-0.71,1.17,-19.71,-1.52,-10.00
9,2,925.81,460.17,1015.44,533.46,0.1517,1.6,1.87,4.45,3.35,1.50,29.88,-1.51,-10.00
9,2,-1.00,-1.00,-1.00,-1.00,0.1377,2.0,2.14,5.13,-11.74,0.31,-44.84,0.04,-10.00
9,2,-1.00,-1.00,-1.00,-1.00,0.1286,1.7,1.98,4.66,-9.99,0.96,-29.98,0.05,-10.00
9,2,-1.00,-1.00,-1.00,-1.00,0.1242,1.6,1.95,4.55,-17.04,1.12,-37.68,0.09,-10.00
9,2,-1.00,-1.00,-1.00,-1.00,0.1210,1.6,1.98,4.62,-10.11,0.88,-31.66,0.09,-10.00
9,2,-1.00,-1.00,-1.00,-1.00,0.1200,1.7,1.97,4.56,-27.59,0.42,-44.24,0.03,-10.00
9,2,-1.00,-1.00,-1.00,-1.00,0.1183,1.6,1.95,4.56,-18.86,0.83,-34.80,0.04,-10.00
9,2,-1.00,-1.00,-1.00,-1.00,0.1090,1.7,1.99,4.77,-9.88,0.34,-46.38,1.60,-10.00
9,2,-1.00,-1.00,-1.00,-1.00,0.1019,1.8,1.97,4.55,17.45,1.31,3.10,-1.50,-10.00
9,2,1047.18,445.56,1153.10,517.09,0.1006,2.0,2.16,5.31,8.58,1.44,39.84,-1.57,-10.00
10,2,823.32,386.90,1070.02,613.74,0.8479,1.8,2.00,4.88,1.26,1.31,12.73,-1.45,-10.00
10,2,-1.00,-1.00,-1.00,-1.00,0.6920,2.2,2.21,5.50,0.06,1.47,-12.71,-1.55,-10.00
10,2,-1.00,-1.00,-1.00,-1.00,0.2166,1.8,2.00,4.77,3.68,1.52,-45.99,-1.50,-10.00
10,2,-1.00,-1.00,-1.00,-1.00,0.1733,1.6,2.02,4.65,-9.41,1.36,-33.74,0.08,-10.00
10,2,-1.00,-1.00,-1.00,-1.00,0.1304,1.7,2.01,4.72,-10.08,1.21,-37.23,0.03,-10.00
10,2,-1.00,-1.00,-1.00,-1.00,0.1233,1.8,1.97,4.62,-26.89,1.70,-45.18,0.00,-10.00
10,2,-1.00,-1.00,-1.00,-1.00,0.1199,1.8,1.99,4.75,7.36,1.32,-45.56,1.58,-10.00
10,2,-1.00,-1.00,-1.00,-1.00,0.1175,1.8,2.03,4.65,17.59,0.78,20.44,0.06,-10.00
10,2,929.83,448.42,1041.97,532.11,0.1153,1.6,1.90,4.57,3.34,1.32,27.08,1.59,-10.00
10,2,-1.00,-1.00,-1.00,-1.00,0.1151,1.6,1.95,4.49,-9.61,1.06,-39.32,-0.03,-10.00
11,2,833.25,394.06,1070.59,610.55,0.8590,1.8,1.99,4.74,1.18,1.31,13.02,-1.52,-10.00
11,2,-1.00,-1.00,-1.00,-1.00,0.6903,2.2,2.24,5.48,0.14,1.43,-13.20,-1.58,-10.00
11,2,-1.00,-1.00,-1.00,-1.00,0.2069,1.7,1.97,4.55,-8.72,1.43,-36.51,-0.01,-10.00
11,2,-1.00,-1.00,-1.00,-1.00,0.1910,1.8,2.02,4.82,4.46,1.05,-48.06,-1.55,-10.00
11,2,-1.00,-1.00,-1.00,-1.00,0.1780,1.7,1.98,4.60,-9.63,1.14,-39.76,-0.01,-10.00
11,2,-1.00,-1.00,-1.00,-1.00,0.1562,1.7,1.95,4.60,22.06,1.45,24.98,3.14,-10.00
11,2,-1.00,-1.00,-1.00,-1.00,0.1138,1.7,1.99,4.68,27.34,-3.95,-45.79,-3.12,-10.00
11,2,-1.00,-1.00,-1.00,-1.00,0.1110,1.7,1.97,4.51,38.97,-0.53,41.47,3.10,-10.00
11,2,1117.25,440.51,1290.45,534.09,0.1069,1.8,1.96,4.77,7.82,1.34,26.50,-1.63,-10.00
12,2,833.01,435.48,1060.54,653.19,0.8391,2.0,2.03,5.05,1.28,1.79,13.89,-1.49,-10.00
12,2,-1.00,-1.00,-1.00,-1.00,0.8142,2.1,2.17,5.41,0.23,0.99,-13.34,-1.59,-10.00
12,2,-1.00,-1.00,-1.00,-1.00,0.1409,1.6,1.95,4.60,-8.13,0.09,-38.79,0.02,-10.00
12,2,-1.00,-1.00,-1.00,-1.00,0.1233,2.0,2.06,5.08,12.10,1.27,-7.70,1.66,-10.00
12,2,-1.00,-1.00,-1.00,-1.00,0.1044,1.8,1.98,4.69,11.58,0.81,-15.89,1.62,-10.00
12,2,-1.00,-1.00,-1.00,-1.00,0.1036,1.7,2.02,4.72,11.04,1.01,-27.57,-3.11,-10.00
13,2,829.74,425.48,1032.73,614.35,0.8890,1.8,1.93,4.75,1.17,1.51,14.47,-1.50,-10.00
13,2,-1.00,-1.00,-1.00,-1.00,0.7683,2.1,2.25,5.46,0.26,1.29,-13.56,-1.60,-10.00
13,2,-1.00,-1.00,-1.00,-1.00,0.3505,1.8,1.97,4.57,11.37,1.08,-13.07,0.12,-10.00
13,2,-1.00,-1.00,-1.00,-1.00,0.2485,1.8,2.03,4.75,-8.15,0.46,-45.66,0.11,-10.00
13,2,855.77,455.76,948.69,525.51,0.1566,1.6,1.87,4.62,1.88,1.41,32.57,-1.63,-10.00
13,2,-1.00,-1.00,-1.00,-1.00,0.1465,1.7,1.94,4.52,-14.53,0.62,-42.81,-0.04,-10.00
13,2,-1.00,-1.00,-1.00,-1.00,0.1452,1.8,1.97,4.66,11.93,0.64,-17.96,-1.55,-10.00
13,2,-1.00,-1.00,-1.00,-1.00,0.1250,1.7,1.92,4.64,-13.51,0.66,-40.90,1.52,-10.00
13,2,-1.00,-1.00,-1.00,-1.00,0.1178,2.0,1.96,4.91,18.90,1.47,11.52,-1.61,-10.00
13,2,-1.00,-1.00,-1.00,-1.00,0.1168,1.8,2.03,4.77,-11.31,0.57,-45.33,-3.14,-10.00
13,2,-1.00,-1.00,-1.00,-1.00,0.1029,1.9,2.00,4.67,30.83,-3.06,-25.91,-3.11,-10.00
13,2,-1.00,-1.00,-1.00,-1.00,0.1004,1.7,1.99,4.61,0.65,0.89,-29.75,-1.58,-10.00
14,2,785.81,443.76,976.12,625.39,0.8780,1.8,1.92,4.67,0.52,1.70,15.10,-1.58,-10.00
14,2,-1.00,-1.00,-1.00,-1.00,0.3712,2.0,2.19,5.51,0.42,1.15,-13.72,-1.63,-10.00
14,2,-1.00,-1.00,-1.00,-1.00,0.1967,1.8,1.96,4.53,11.73,1.50,13.91,-0.04,-10.00
14,2,809.24,465.49,891.44,532.68,0.1763,1.7,1.87,4.47,0.57,1.69,34.11,-1.63,-10.00
14,2,-1.00,-1.00,-1.00,-1.00,0.1382,1.8,2.07,4.90,-6.41,0.41,-44.47,-0.05,-10.00
14,2,-1.00,-1.00,-1.00,-1.00,0.1334,2.0,2.07,4.96,13.38,0.86,-21.47,-0.04,-10.00
14,2,-1.00,-1.00,-1.00,-1.00,0.1039,1.8,2.06,4.67,22.14,1.63,26.94,-1.61,-10.00
14,2,-1.00,-1.00,-1.00,-1.00,0.1023,2.2,2.21,5.49,12.60,1.39,-12.33,1.51,-10.00
15,2,720.44,448.89,897.36,612.42,0.8819,1.7,1.88,4.57,-0.35,1.63,15.69,-1.64,-10.00
15,2,-1.00,-1.00,-1.00,-1.00,0.3684,1.8,1.99,4.68,-4.43,0.03,-47.19,3.07,-10.00
15,2,-1.00,-1.00,-1.00,-1.00,0.3644,2.2,2.22,5.46,0.60,1.22,-13.92,-1.68,-10.00
15,2,-1.00,-1.00,-1.00,-1.00,0.1696,1.8,1.93,4.79,12.88,1.17,-13.23,-1.67,-10.00
15,2,-1.00,-1.00,-1.00,-1.00,0.1354,1.8,1.99,4.62,21.36,1.78,24.09,3.07,-10.00
15,2,-1.00,-1.00,-1.00,-1.00,0.1219,1.8,1.97,4.58,26.00,1.46,24.02,-0.06,-10.00
15,2,-1.00,-1.00,-1.00,-1.00,0.1201,1.8,1.95,4.56,10.61,1.37,11.25,-0.10,-10.00
15,2,1385.57,477.54,1558.61,546.34,0.1090,1.6,1.81,4.43,16.29,1.92,31.91,1.49,-10.00
16,2,703.43,434.85,882.14,601.73,0.8867,1.8,1.97,4.82,-0.46,1.58,16.34,-1.61,-10.00
16,2,-1.00,-1.00,-1.00,-1.00,0.8000,2.2,2.23,5.46,0.14,1.30,-13.98,-1.63,-10.00
16,2,-1.00,-1.00,-1.00,-1.00,0.5117,2.2,2.16,5.20,25.21,1.82,16.27,-0.07,-10.00
16,2,-1.00,-1.00,-1.00,-1.00,0.2083,1.7,1.96,4.67,2.64,0.92,-34.88,-1.62,-10.00
16,2,-1.00,-1.00,-1.00,-1.00,0.1819,1.8,2.04,4.80,11.70,0.80,-17.01,3.01,-10.00
16,2,786.90,454.68,872.27,523.36,0.1539,1.7,1.93,4.60,0.16,1.43,34.52,-1.48,-10.00
16,2,-1.00,-1.00,-1.00,-1.00,0.1498,1.8,1.97,4.73,10.83,1.48,-11.20,-1.65,-10.00
16,2,-1.00,-1.00,-1.00,-1.00,0.1261,2.1,2.14,5.22,-4.33,0.29,-50.47,-0.07,-10.00
16,2,-1.00,-1.00,-1.00,-1.00,0.1144,1.8,2.02,4.74,39.37,-3.34,-46.81,3.07,-10.00
16,2,-1.00,-1.00,-1.00,-1.00,0.1036,1.9,2.04,4.79,25.69,1.54,19.55,0.07,-10.00
16,2,-1.00,-1.00,-1.00,-1.00,0.1018,2.0,2.08,4.98,11.44,1.49,8.11,-0.12,-10.00
17,2,711.59,438.02,875.76,589.96,0.8630,1.8,1.90,4.64,-0.46,1.52,16.94,-1.60,-10.00
17,2,-1.00,-1.00,-1.00,-1.00,0.7045,2.1,2.21,5.47,-0.29,1.28,-14.27,-1.61,-10.00
17,2,852.97,443.68,954.37,513.51,0.3915,1.7,1.95,4.56,2.20,1.14,34.43,-1.32,-10.00
17,2,-1.00,-1.00,-1.00,-1.00,0.3457,1.9,2.01,4.73,11.23,0.83,-20.40,3.13,-10.00
17,2,-1.00,-1.00,-1.00,-1.00,0.3385,1.7,1.96,4.68,1.01,0.76,-35.55,-1.58,-10.00
17,2,-1.00,-1.00,-1.00,-1.00,0.2046,1.9,2.02,4.53,21.22,1.61,18.06,-1.62,-10.00
17,2,-1.00,-1.00,-1.00,-1.00,0.1901,1.9,2.04,4.67,50.40,-0.03,10.49,-0.07,-10.00
17,2,-1.00,-1.00,-1.00,-1.00,0.1160,1.7,1.90,4.39,18.75,1.32,-6.87,-0.13,-10.00
17,2,-1.00,-1.00,-1.00,-1.00,0.1137,1.8,1.96,4.58,32.95,0.49,33.21,3.13,-10.00
17,2,-1.00,-1.00,-1.00,-1.00,0.1095,1.7,1.95,4.51,32.02,1.92,7.57,-0.00,-10.00
17,2,-1.00,-1.00,-1.00,-1.00,0.1018,1.8,1.85,4.47,17.94,1.13,-1.47,1.54,-10.00
17,2,156.24,461.43,343.05,521.91,0.1014,1.7,1.95,4.49,-16.52,1.47,36.08,-0.13,-10.00
18,2,-1.00,-1.00,-1.00,-1.00,0.8546,2.1,2.20,5.34,-0.57,1.20,-14.29,-1.57,-10.00
18,2,711.79,452.33,874.15,597.50,0.8414,1.7,1.94,4.73,-0.47,1.65,17.46,-1.60,-10.00
18,2,-1.00,-1.00,-1.00,-1.00,0.3348,1.7,1.93,4.55,1.05,0.59,-36.36,-1.59,-10.00
18,2,953.54,445.08,1138.57,521.60,0.2803,1.8,2.00,4.71,5.75,1.32,32.60,-0.63,-10.00
18,2,932.20,456.21,1060.95,526.69,0.1962,1.7,1.98,4.66,4.60,1.48,33.31,-1.11,-10.00
18,2,-1.00,-1.00,-1.00,-1.00,0.1362,1.7,1.92,4.46,23.67,2.06,21.98,-3.11,-10.00
18,2,-1.00,-1.00,-1.00,-1.00,0.1223,2.4,2.19,5.42,43.76,0.70,-13.77,3.11,-10.00
18,2,-1.00,-1.00,-1.00,-1.00,0.1128,1.7,1.87,4.41,48.36,1.18,0.82,1.10,-10.00
19,2,718.73,454.49,870.03,588.25,0.8710,1.6,1.86,4.50,-0.51,1.57,17.72,-1.62,-10.00
19,2,-1.00,-1.00,-1.00,-1.00,0.7739,2.1,2.23,5.47,-0.73,1.27,-14.66,-1.53,-10.00
19,2,-1.00,-1.00,-1.00,-1.00,0.2348,1.7,1.95,4.54,19.68,0.90,-14.40,-0.04,-10.00
19,2,104.54,461.87,304.86,526.43,0.1446,1.7,1.98,4.55,-17.19,1.54,34.82,-0.05,-10.00
19,2,-1.00,-1.00,-1.00,-1.00,0.1378,2.3,2.15,5.45,5.32,0.33,-34.93,1.51,-10.00
19,2,-1.00,-1.00,-1.00,-1.00,0.1318,1.7,2.00,4.73,9.27,0.15,-51.36,1.51,-10.00
19,2,-1.00,-1.00,-1.00,-1.00,0.1287,1.7,1.95,4.56,1.11,0.65,-36.51,-1.57,-10.00
19,2,-1.00,-1.00,-1.00,-1.00,0.1199,1.8,2.01,4.73,7.48,0.05,-49.94,3.04,-10.00
19,2,1036.00,448.73,1121.32,522.67,0.1165,1.7,1.96,4.63,6.52,1.31,32.09,-1.34,-10.00
19,2,-1.00,-1.00,-1.00,-1.00,0.1088,2.0,2.07,4.85,25.04,1.27,-26.88,3.14,-10.00
19,2,-1.00,-1.00,-1.00,-1.00,0.1050,1.9,2.03,4.76,46.49,1.32,0.07,-0.04,-10.00
19,2,987.49,456.31,1080.01,529.54,0.1004,1.6,1.94,4.52,5.00,1.44,30.79,-1.47,-10.00
20,2,713.66,428.05,869.57,572.61,0.8539,1.8,1.92,4.71,-0.44,1.39,17.88,-1.57,-10.00
20,2,-1.00,-1.00,-1.00,-1.00,0.7851,2.1,2.20,5.40,-0.79,1.26,-14.93,-1.55,-10.00
20,2,-1.00,-1.00,-1.00,-1.00,0.1488,1.9,1.99,4.61,47.33,1.43,-6.72,-0.08,-10.00
21,2,702.60,428.71,851.58,560.16,0.8810,1.7,1.88,4.60,-0.78,1.26,18.23,-1.63,-10.00
21,2,-1.00,-1.00,-1.00,-1.00,0.8078,2.1,2.17,5.34,-0.90,1.27,-15.04,-1.52,-10.00
21,2,-1.00,-1.00,-1.00,-1.00,0.2227,2.0,2.09,4.96,16.50,0.20,-34.63,-0.05,-10.00
21,2,-1.00,-1.00,-1.00,-1.00,0.2080,1.9,2.08,4.85,10.59,0.83,-24.51,1.49,-10.00
21,2,45.88,457.50,227.96,536.00,0.1785,1.6,1.91,4.49,-15.58,1.49,28.61,1.50,-10.00
21,2,-1.00,-1.00,-1.00,-1.00,0.1661,1.8,2.03,4.68,-21.61,1.72,27.32,3.05,-10.00
21,2,1141.23,467.62,1274.47,515.21,0.1547,1.7,1.94,4.55,14.75,1.72,48.64,-3.12,-10.00
21,2,0.00,457.34,73.55,532.87,0.1520,1.8,2.05,4.79,-22.35,1.58,32.10,3.08,-10.00
21,2,-1.00,-1.00,-1.00,-1.00,0.1344,2.0,2.11,5.07,4.46,0.07,-42.24,1.52,-10.00
21,2,-1.00,-1.00,-1.00,-1.00,0.1267,1.8,2.00,4.60,35.63,0.37,-53.18,-1.74,-10.00
21,2,-1.00,-1.00,-1.00,-1.00,0.1017,1.7,2.01,4.66,4.46,0.30,-34.95,0.07,-10.00
22,2,667.36,428.45,815.57,558.78,0.8680,1.7,1.88,4.54,-1.40,1.28,18.71,-1.71,-10.00
22,2,-1.00,-1.00,-1.00,-1.00,0.8406,2.1,2.23,5.51,-0.72,1.26,-15.05,-1.56,-10.00
22,2,-1.00,-1.00,-1.00,-1.00,0.4756,1.7,1.98,4.60,-21.37,1.72,21.37,0.04,-10.00
22,2,-1.00,-1.00,-1.00,-1.00,0.2525,1.7,1.95,4.56,-21.22,1.79,24.14,-0.05,-10.00
22,2,0.00,450.44,105.06,552.58,0.2456,1.9,2.13,5.03,-17.27,1.58,24.49,-0.04,-10.00
22,2,-1.00,-1.00,-1.00,-1.00,0.1465,1.6,1.92,4.48,-0.28,0.75,-39.79,3.06,-10.00
22,2,-1.00,-1.00,-1.00,-1.00,0.1430,2.1,2.17,5.38,4.11,0.63,-44.81,1.58,-10.00
22,2,-1.00,-1.00,-1.00,-1.00,0.1030,1.8,2.01,4.65,18.74,0.39,-37.96,-0.02,-10.00
23,2,588.11,426.61,759.30,565.40,0.8864,1.8,1.94,4.71,-2.46,1.39,18.98,-1.83,-10.00
23,2,-1.00,-1.00,-1.00,-1.00,0.7193,2.1,2.21,5.46,-0.53,1.20,-14.93,-1.57,-10.00
23,2,-1.00,-1.00,-1.00,-1.00,0.6511,1.6,1.95,4.54,-21.71,1.62,18.07,-0.04,-10.00
23,2,-1.00,-1.00,-1.00,-1.00,0.2118,1.7,1.99,4.73,32.29,2.04,39.57,3.00,-10.00
23,2,-1.00,-1.00,-1.00,-1.00,0.1713,2.0,2.17,5.13,-17.59,1.53,21.49,0.04,-10.00
23,2,-1.00,-1.00,-1.00,-1.00,0.1688,1.8,2.03,4.74,-22.03,1.62,20.95,-0.10,-10.00
23,2,0.00,457.64,50.63,511.31,0.1274,1.8,1.90,4.58,-30.13,1.46,45.84,-1.89,-10.00
23,2,19.81,475.29,165.98,521.10,0.1167,1.7,1.94,4.42,-28.18,1.94,48.23,-0.10,-10.00
23,2,-1.00,-1.00,-1.00,-1.00,0.1055,1.6,1.92,4.57,-0.85,0.93,-25.76,-1.60,-10.00
24,2,486.91,449.44,674.94,582.89,0.8859,1.8,1.92,4.65,-3.88,1.63,19.11,-1.96,-10.00
24,2,-1.00,-1.00,-1.00,-1.00,0.7505,2.1,2.15,5.41,-0.38,1.10,-14.73,-1.55,-10.00
24,2,-1.00,-1.00,-1.00,-1.00,0.7407,1.6,1.92,4.46,-21.63,1.56,14.62,-0.00,-10.00
24,2,-1.00,-1.00,-1.00,-1.00,0.3529,1.6,1.90,4.39,-27.93,1.65,15.02,0.07,-10.00
24,2,-1.00,-1.00,-1.00,-1.00,0.3513,1.7,2.00,4.65,-26.32,1.49,10.97,-0.10,-10.00
24,2,-1.00,-1.00,-1.00,-1.00,0.2354,1.7,1.91,4.45,-32.75,1.50,39.83,-2.68,-10.00
24,2,-1.00,-1.00,-1.00,-1.00,0.2024,1.6,1.88,4.43,19.39,1.95,24.74,1.56,-10.00
24,2,-1.00,-1.00,-1.00,-1.00,0.2005,1.7,1.98,4.58,-28.13,1.69,21.32,0.00,-10.00
24,2,-1.00,-1.00,-1.00,-1.00,0.1915,1.6,1.94,4.56,-1.18,0.80,-24.92,-1.59,-10.00
24,2,-1.00,-1.00,-1.00,-1.00,0.1563,1.7,2.00,4.70,-21.30,1.73,17.67,-0.08,-10.00
24,2,-1.00,-1.00,-1.00,-1.00,0.1522,1.9,2.21,5.37,-18.15,1.94,18.05,-0.02,-10.00
24,2,-1.00,-1.00,-1.00,-1.00,0.1448,1.6,1.89,4.47,-21.28,1.60,10.83,-1.61,-10.00
24,2,0.00,472.96,7.60,527.83,0.1308,1.7,1.99,4.62,-29.85,1.89,41.72,0.38,-10.00
24,2,-1.00,-1.00,-1.00,-1.00,0.1307,1.7,1.94,4.51,4.37,-1.19,-51.67,1.47,-10.00
24,2,706.96,482.92,758.03,528.93,0.1264,1.7,1.91,4.71,-3.67,2.30,49.52,1.52,-10.00
24,2,-1.00,-1.00,-1.00,-1.00,0.1107,1.7,1.96,4.64,-3.08,0.87,-45.15,1.55,-10.00
24,2,-1.00,-1.00,-1.00,-1.00,0.1104,1.6,1.92,4.48,-21.24,1.58,8.09,-0.04,-10.00
24,2,1018.38,451.00,1088.35,505.27,0.1088,1.9,1.99,4.60,8.69,1.29,48.39,-1.54,-10.00
24,2,974.00,472.95,1049.94,529.94,0.1074,1.8,1.93,4.51,6.27,2.02,42.84,-1.56,-10.00
24,2,-1.00,-1.00,-1.00,-1.00,0.1074,1.7,1.93,4.46,-0.24,0.58,-43.50,-0.11,-10.00
24,2,-1.00,-1.00,-1.00,-1.00,0.1053,1.6,1.89,4.50,-20.33,1.96,24.99,-1.53,-10.00
24,2,-1.00,-1.00,-1.00,-1.00,0.1044,1.7,1.98,4.57,-0.92,0.68,-29.31,-1.64,-10.00
25,2,332.17,438.94,540.67,580.17,0.8746,1.8,1.94,4.65,-5.96,1.57,18.76,-2.11,-10.00
25,2,-1.00,-1.00,-1.00,-1.00,0.6796,1.6,1.98,4.65,-21.90,1.67,10.89,-0.01,-10.00
25,2,-1.00,-1.00,-1.00,-1.00,0.6761,2.1,2.19,5.54,-0.38,1.21,-14.65,-1.58,-10.00
25,2,-1.00,-1.00,-1.00,-1.00,0.6041,1.6,1.92,4.44,-26.31,1.54,7.37,0.03,-10.00
25,2,567.71,490.75,632.39,542.51,0.5548,1.6,1.82,4.46,-7.24,2.32,40.39,1.44,-10.00
25,2,680.90,488.57,738.05,538.19,0.5013,1.7,1.85,4.52,-4.23,2.42,44.70,1.44,-10.00
25,2,-1.00,-1.00,-1.00,-1.00,0.4827,1.6,1.92,4.48,-28.58,1.82,11.06,-0.02,-10.00
25,2,-1.00,-1.00,-1.00,-1.00,0.3053,1.9,2.09,4.91,-17.85,1.68,14.27,3.10,-10.00
25,2,-1.00,-1.00,-1.00,-1.00,0.2852,1.6,1.96,4.60,-23.65,1.90,12.36,1.51,-10.00
25,2,-1.00,-1.00,-1.00,-1.00,0.2573,1.7,1.93,4.58,-36.09,1.83,8.59,-1.61,-10.00
25,2,581.67,485.34,649.91,533.77,0.2356,1.7,1.89,4.59,-7.68,2.33,46.04,1.53,-10.00
25,2,-1.00,-1.00,-1.00,-1.00,0.2275,1.7,1.93,4.59,-32.03,2.62,44.67,-1.64,-10.00
25,2,-1.00,-1.00,-1.00,-1.00,0.2091,1.7,1.97,4.59,-34.50,2.88,44.36,-1.65,-10.00
25,2,-1.00,-1.00,-1.00,-1.00,0.1982,2.2,2.17,5.31,-44.61,2.22,43.32,0.02,-10.00
25,2,-1.00,-1.00,-1.00,-1.00,0.1901,1.6,1.93,4.54,-1.13,1.03,-24.92,-1.62,-10.00
25,2,-1.00,-1.00,-1.00,-1.00,0.1776,1.8,1.98,4.61,37.34,1.44,20.25,-0.08,-10.00
25,2,-1.00,-1.00,-1.00,-1.00,0.1754,1.7,1.92,4.50,-26.57,1.85,12.20,1.59,-10.00
25,2,-1.00,-1.00,-1.00,-1.00,0.1711,1.7,1.97,4.58,-22.15,1.69,14.04,-0.02,-10.00
25,2,-1.00,-1.00,-1.00,-1.00,0.1696,1.7,1.95,4.54,-28.62,1.62,16.58,-0.09,-10.00
25,2,-1.00,-1.00,-1.00,-1.00,0.1418,1.6,1.90,4.54,-30.12,1.92,9.41,1.48,-10.00
25,2,-1.00,-1.00,-1.00,-1.00,0.1318,1.6,1.95,4.51,20.30,1.63,18.42,3.08,-10.00
25,2,-1.00,-1.00,-1.00,-1.00,0.1268,1.9,2.10,5.15,5.61,1.58,-16.73,-1.64,-10.00
25,2,-1.00,-1.00,-1.00,-1.00,0.1207,1.6,1.91,4.42,-31.80,1.63,7.37,-0.14,-10.00
25,2,-1.00,-1.00,-1.00,-1.00,0.1145,1.6,1.95,4.52,-25.79,1.70,14.53,-0.04,-10.00
25,2,638.46,484.96,757.14,530.17,0.1132,1.7,1.94,4.50,-4.98,2.31,48.73,3.06,-10.00
25,2,-1.00,-1.00,-1.00,-1.00,0.1074,1.7,1.97,4.58,-30.34,1.79,12.58,-1.62,-10.00
25,2,-1.00,-1.00,-1.00,-1.00,0.1032,2.3,2.22,5.59,33.00,1.69,24.32,-3.07,-10.00
25,2,-1.00,-1.00,-1.00,-1.00,0.1027,1.7,1.95,4.53,-36.29,1.54,17.09,-3.10,-10.00
25,2,-1.00,-1.00,-1.00,-1.00,0.1022,1.7,1.91,4.57,-39.31,1.66,7.92,1.53,-10.00
25,2,-1.00,-1.00,-1.00,-1.00,0.1011,1.6,1.84,4.40,-33.62,1.76,8.63,-1.66,-10.00
26,2,121.79,459.13,370.14,595.87,0.7827,1.7,1.91,4.55,-8.35,1.69,17.80,-2.31,-10.00
26,2,-1.00,-1.00,-1.00,-1.00,0.6560,1.6,1.91,4.53,-21.83,1.76,7.07,0.02,-10.00
26,2,-1.00,-1.00,-1.00,-1.00,0.5903,2.1,2.16,5.39,-0.41,1.18,-14.94,-1.58,-10.00
26,2,657.03,489.97,715.97,542.63,0.5834,1.6,1.82,4.43,-4.57,2.37,41.20,1.47,-10.00
26,2,-1.00,-1.00,-1.00,-1.00,0.5511,1.7,1.97,4.58,-26.54,1.62,3.65,-0.04,-10.00
26,2,-1.00,-1.00,-1.00,-1.00,0.4668,1.7,1.95,4.52,-33.43,2.26,28.58,-3.06,-10.00
26,2,-1.00,-1.00,-1.00,-1.00,0.4395,1.7,1.97,4.56,-28.39,1.60,7.33,-0.11,-10.00
26,2,556.81,476.22,621.97,534.49,0.4116,1.9,2.01,4.56,-8.15,2.21,43.40,1.43,-10.00
26,2,-1.00,-1.00,-1.00,-1.00,0.3826,1.6,1.94,4.51,-26.11,1.70,10.97,0.05,-10.00
26,2,1202.54,477.25,1358.08,529.24,0.3027,1.7,1.99,4.54,15.46,2.00,42.85,3.09,-10.00
26,2,-1.00,-1.00,-1.00,-1.00,0.2393,1.8,1.97,4.61,22.74,0.82,-23.65,3.10,-10.00
26,2,1164.44,478.55,1266.30,531.12,0.2008,1.7,1.90,4.53,13.57,2.12,44.03,1.51,-10.00
26,2,-1.00,-1.00,-1.00,-1.00,0.1872,1.9,1.99,4.57,41.18,0.66,13.87,-0.13,-10.00
26,2,-1.00,-1.00,-1.00,-1.00,0.1810,1.7,1.94,4.46,-43.68,1.31,3.21,-0.00,-10.00
26,2,-1.00,-1.00,-1.00,-1.00,0.1740,1.9,2.02,4.79,43.22,-0.72,-41.78,-0.01,-10.00
26,2,-1.00,-1.00,-1.00,-1.00,0.1710,1.7,1.98,4.74,35.17,-0.15,-51.59,-1.87,-10.00
26,2,-1.00,-1.00,-1.00,-1.00,0.1677,1.9,1.99,4.70,43.01,-0.96,-44.16,0.00,-10.00
26,2,-1.00,-1.00,-1.00,-1.00,0.1625,1.6,1.91,4.63,-24.14,1.75,12.43,-1.41,-10.00
26,2,-1.00,-1.00,-1.00,-1.00,0.1605,1.8,1.98,4.68,37.65,-0.78,-50.20,1.03,-10.00
26,2,-1.00,-1.00,-1.00,-1.00,0.1436,1.8,1.99,4.66,43.95,1.25,-3.34,0.02,-10.00
26,2,-1.00,-1.00,-1.00,-1.00,0.1368,1.7,1.88,4.51,-33.71,1.69,5.42,1.52,-10.00
26,2,-1.00,-1.00,-1.00,-1.00,0.1362,1.7,1.95,4.47,-35.32,1.57,3.43,-0.14,-10.00
26,2,-1.00,-1.00,-1.00,-1.00,0.1340,1.8,2.00,4.70,43.39,0.67,-9.16,-1.60,-10.00
26,2,-1.00,-1.00,-1.00,-1.00,0.1335,1.8,1.97,4.59,-36.98,1.47,11.06,-0.06,-10.00
26,2,-1.00,-1.00,-1.00,-1.00,0.1289,1.8,2.00,4.67,-39.87,2.68,28.67,-3.13,-10.00
26,2,-1.00,-1.00,-1.00,-1.00,0.1266,1.7,1.91,4.49,11.82,0.48,-40.68,-1.65,-10.00
26,2,-1.00,-1.00,-1.00,-1.00,0.1262,1.6,1.96,4.55,-29.43,2.37,37.38,0.24,-10.00
26,2,1180.20,482.68,1326.96,531.29,0.1238,1.7,1.97,4.58,15.38,2.19,45.29,3.11,-10.00
26,2,-1.00,-1.00,-1.00,-1.00,0.1209,1.7,1.93,4.44,-42.34,1.42,0.26,3.03,-10.00
26,2,-1.00,-1.00,-1.00,-1.00,0.1170,1.8,1.97,4.63,35.11,1.33,49.40,-1.29,-10.00
26,2,-1.00,-1.00,-1.00,-1.00,0.1148,1.8,1.98,4.61,42.72,0.36,-13.33,0.02,-10.00
26,2,-1.00,-1.00,-1.00,-1.00,0.1134,1.8,2.00,4.62,36.59,1.13,46.77,-2.86,-10.00
26,2,-1.00,-1.00,-1.00,-1.00,0.1113,1.7,1.96,4.67,17.92,0.03,-51.43,3.08,-10.00
26,2,552.57,496.65,724.51,556.12,0.1080,1.6,1.94,4.50,-5.14,2.35,34.71,3.12,-10.00
26,2,-1.00,-1.00,-1.00,-1.00,0.1076,1.8,2.04,4.74,-49.03,2.81,40.85,-1.50,-10.00
26,2,-1.00,-1.00,-1.00,-1.00,0.1061,1.7,1.98,4.50,-1.35,0.73,-31.31,-1.60,-10.00
26,2,-1.00,-1.00,-1.00,-1.00,0.1058,1.8,1.94,4.57,38.57,1.14,47.14,-1.42,-10.00
26,2,-1.00,-1.00,-1.00,-1.00,0.1055,1.7,1.96,4.52,12.96,0.81,-34.36,-0.01,-10.00
26,2,-1.00,-1.00,-1.00,-1.00,0.1007,1.7,1.96,4.61,-21.68,1.74,10.10,3.12,-10.00
27,2,0.00,464.93,130.55,612.92,0.8438,1.7,1.93,4.58,-11.23,1.75,16.33,-2.53,-10.00
27,2,-1.00,-1.00,-1.00,-1.00,0.8212,2.1,2.15,5.19,-0.50,1.20,-15.13,-1.58,-10.00
27,2,-1.00,-1.00,-1.00,-1.00,0.7407,1.7,1.94,4.53,-33.48,1.95,24.66,3.12,-10.00
27,2,-1.00,-1.00,-1.00,-1.00,0.6803,1.6,1.91,4.40,-26.54,1.29,0.05,-0.03,-10.00
27,2,-1.00,-1.00,-1.00,-1.00,0.5940,1.6,1.87,4.34,-40.13,2.02,24.99,3.14,-10.00
27,2,-1.00,-1.00,-1.00,-1.00,0.5357,1.7,1.98,4.59,-26.40,1.48,7.24,0.04,-10.00
27,2,-1.00,-1.00,-1.00,-1.00,0.5155,1.6,1.94,4.52,-21.88,1.53,3.63,-0.07,-10.00
27,2,-1.00,-1.00,-1.00,-1.00,0.4935,1.7,1.96,4.56,-28.52,1.38,3.79,-0.08,-10.00
27,2,-1.00,-1.00,-1.00,-1.00,0.4544,1.6,1.91,4.44,-22.16,1.53,10.53,-0.11,-10.00
27,2,639.59,487.10,707.45,546.90,0.4357,1.7,1.91,4.57,-4.62,2.30,37.87,1.45,-10.00
27,2,519.52,476.61,598.73,542.69,0.4091,2.0,2.12,4.86,-8.48,2.31,40.11,1.43,-10.00
27,2,-1.00,-1.00,-1.00,-1.00,0.3107,1.6,1.93,4.49,-33.02,2.38,35.94,-0.10,-10.00
27,2,571.68,492.04,628.92,537.04,0.2520,1.7,1.88,4.59,-8.90,2.64,49.59,1.47,-10.00
27,2,-1.00,-1.00,-1.00,-1.00,0.2186,1.7,1.94,4.51,-41.21,1.58,3.81,-0.06,-10.00
27,2,-1.00,-1.00,-1.00,-1.00,0.2051,1.6,1.87,4.42,-21.80,1.95,14.15,0.05,-10.00
27,2,1236.89,475.69,1406.36,531.64,0.1807,1.7,1.92,4.46,15.32,1.89,38.94,3.11,-10.00
27,2,-1.00,-1.00,-1.00,-1.00,0.1573,1.7,2.06,4.58,-42.22,3.16,49.77,-0.08,-10.00
27,2,1318.38,508.39,1558.86,585.86,0.1450,1.7,1.94,4.46,13.81,2.58,28.48,0.02,-10.00
27,2,1256.14,499.27,1473.07,567.74,0.1410,1.6,1.94,4.54,13.36,2.40,31.29,3.10,-10.00
27,2,953.01,457.35,1025.71,508.05,0.1404,1.8,1.98,4.49,6.34,1.43,49.26,-1.64,-10.00
27,2,-1.00,-1.00,-1.00,-1.00,0.1380,1.7,1.95,4.53,-40.33,2.40,28.22,-0.04,-10.00
27,2,-1.00,-1.00,-1.00,-1.00,0.1352,1.7,1.98,4.61,-30.49,1.65,5.03,-1.67,-10.00
27,2,-1.00,-1.00,-1.00,-1.00,0.1350,1.8,1.95,4.57,27.12,1.51,-0.43,3.09,-10.00
27,2,-1.00,-1.00,-1.00,-1.00,0.1289,1.7,1.93,4.52,-33.43,1.76,27.84,3.11,-10.00
27,2,-1.00,-1.00,-1.00,-1.00,0.1284,2.0,2.15,5.36,3.23,-0.28,-51.37,1.50,-10.00
27,2,-1.00,-1.00,-1.00,-1.00,0.1241,2.1,2.21,5.46,-18.15,1.69,6.97,-0.03,-10.00
27,2,-1.00,-1.00,-1.00,-1.00,0.1149,1.9,2.05,4.91,2.30,0.21,-48.91,3.08,-10.00
27,2,-1.00,-1.00,-1.00,-1.00,0.1146,1.6,1.91,4.41,-34.32,1.52,-1.82,0.01,-10.00
27,2,-1.00,-1.00,-1.00,-1.00,0.1136,1.6,1.90,4.47,-0.87,0.98,-25.66,-1.65,-10.00
27,2,1085.71,486.65,1160.97,531.16,0.1133,1.7,1.91,4.58,11.96,2.46,50.79,1.57,-10.00
27,2,-1.00,-1.00,-1.00,-1.00,0.1123,1.7,1.95,4.53,-24.02,1.85,16.08,-1.60,-10.00
27,2,497.47,496.49,621.43,541.15,0.1121,1.6,1.95,4.52,-10.13,2.69,47.67,-0.20,-10.00
27,2,-1.00,-1.00,-1.00,-1.00,0.1120,1.7,1.87,4.39,-44.35,2.37,26.72,-1.52,-10.00
27,2,1226.02,495.35,1426.70,558.80,0.1086,1.6,1.93,4.45,13.04,2.29,32.86,3.07,-10.00
27,2,-1.00,-1.00,-1.00,-1.00,0.1078,1.7,2.02,4.46,-39.08,3.11,49.80,3.06,-10.00
27,2,-1.00,-1.00,-1.00,-1.00,0.1060,1.6,1.96,4.57,-27.89,2.00,35.07,-1.54,-10.00
27,2,1115.24,484.47,1243.42,528.48,0.1054,1.6,2.00,4.42,13.81,2.27,49.25,3.12,-10.00
27,2,-1.00,-1.00,-1.00,-1.00,0.1025,1.7,1.94,4.53,-48.34,1.90,2.75,3.04,-10.00
27,2,-1.00,-1.00,-1.00,-1.00,0.1018,1.7,1.88,4.37,-40.57,1.41,-0.48,3.09,-10.00
28,2,-1.00,-1.00,-1.00,-1.00,0.8105,1.7,1.98,4.72,-14.34,1.86,14.17,-2.72,-10.00
28,2,437.46,510.38,576.26,583.29,0.7272,1.6,1.90,4.67,-7.45,2.59,29.70,1.62,-10.00
28,2,-1.00,-1.00,-1.00,-1.00,0.7183,1.6,1.95,4.53,-21.93,1.48,0.05,-0.05,-10.00
28,2,-1.00,-1.00,-1.00,-1.00,0.7135,1.7,1.93,4.50,-33.62,2.02,21.07,3.12,-10.00
28,2,-1.00,-1.00,-1.00,-1.00,0.6550,1.7,1.88,4.40,-40.37,2.12,21.30,-3.12,-10.00
28,2,-1.00,-1.00,-1.00,-1.00,0.6253,2.1,2.18,5.44,-0.51,1.22,-15.40,-1.60,-10.00
28,2,-1.00,-1.00,-1.00,-1.00,0.6225,1.8,2.03,4.78,-22.28,1.68,7.04,-0.07,-10.00
28,2,490.31,496.66,583.24,563.40,0.5803,1.8,1.96,4.66,-8.32,2.66,36.37,1.49,-10.00
28,2,-1.00,-1.00,-1.00,-1.00,0.5489,1.7,2.01,4.66,-26.22,1.64,3.65,-0.03,-10.00
28,2,-1.00,-1.00,-1.00,-1.00,0.5285,1.6,1.87,4.35,-46.28,2.00,21.09,-3.11,-10.00
28,2,-1.00,-1.00,-1.00,-1.00,0.4876,1.6,1.90,4.40,-26.60,1.24,-3.48,-0.06,-10.00
28,2,-1.00,-1.00,-1.00,-1.00,0.4748,1.8,1.98,4.60,-36.10,1.61,3.51,-0.02,-10.00
28,2,606.40,497.18,685.20,566.04,0.4687,1.7,1.93,4.61,-4.87,2.57,34.28,1.47,-10.00
28,2,544.25,510.27,602.74,559.24,0.3284,1.7,1.90,4.63,-9.29,3.22,45.77,1.33,-10.00
28,2,889.14,499.74,950.82,546.52,0.2739,1.7,1.92,4.55,3.54,2.93,48.31,-1.59,-10.00
28,2,479.70,517.34,605.42,563.73,0.2160,1.7,1.96,4.55,-10.71,3.51,47.49,2.95,-10.00
28,2,-1.00,-1.00,-1.00,-1.00,0.2120,1.7,2.01,4.67,-33.12,2.59,32.44,-0.05,-10.00
28,2,-1.00,-1.00,-1.00,-1.00,0.1625,1.7,1.94,4.50,-40.28,2.14,23.84,3.10,-10.00
28,2,-1.00,-1.00,-1.00,-1.00,0.1613,1.8,1.97,4.54,20.96,0.15,-40.73,-1.95,-10.00
28,2,-1.00,-1.00,-1.00,-1.00,0.1578,1.8,1.98,4.64,19.14,0.15,-45.60,0.04,-10.00
28,2,-1.00,-1.00,-1.00,-1.00,0.1556,1.6,1.92,4.59,-0.58,0.87,-25.09,-1.56,-10.00
28,2,-1.00,-1.00,-1.00,-1.00,0.1484,1.8,2.03,4.70,-43.67,3.59,47.37,-1.68,-10.00
28,2,-1.00,-1.00,-1.00,-1.00,0.1482,1.6,1.91,4.45,-36.13,1.51,-1.75,-0.02,-10.00
28,2,-1.00,-1.00,-1.00,-1.00,0.1446,1.8,1.97,4.60,37.67,1.47,9.80,2.96,-10.00
28,2,-1.00,-1.00,-1.00,-1.00,0.1426,1.7,1.97,4.59,-28.45,1.61,4.86,-1.73,-10.00
28,2,-1.00,-1.00,-1.00,-1.00,0.1358,1.5,1.83,4.27,-21.81,1.79,10.51,-3.09,-10.00
28,2,-1.00,-1.00,-1.00,-1.00,0.1356,1.7,1.95,4.47,-29.16,2.39,30.53,0.05,-10.00
28,2,-1.00,-1.00,-1.00,-1.00,0.1347,1.7,1.93,4.55,-40.22,1.42,1.25,1.46,-10.00
28,2,-1.00,-1.00,-1.00,-1.00,0.1328,1.8,1.97,4.62,-38.66,0.02,-23.74,2.83,-10.00
28,2,-1.00,-1.00,-1.00,-1.00,0.1319,1.7,1.94,4.50,-41.23,1.56,3.10,-0.05,-10.00
28,2,-1.00,-1.00,-1.00,-1.00,0.1298,1.7,1.98,4.63,-42.28,1.05,-6.44,-3.13,-10.00
28,2,-1.00,-1.00,-1.00,-1.00,0.1274,1.7,2.00,4.68,-28.90,2.45,26.50,0.02,-10.00
28,2,1369.87,511.19,1545.91,599.03,0.1241,1.7,1.97,4.59,13.25,2.63,26.63,-1.42,-10.00
28,2,-1.00,-1.00,-1.00,-1.00,0.1212,1.8,1.97,4.57,-35.83,1.64,6.62,0.07,-10.00
28,2,-1.00,-1.00,-1.00,-1.00,0.1187,1.6,1.92,4.43,-34.62,1.66,-0.19,-1.58,-10.00
28,2,-1.00,-1.00,-1.00,-1.00,0.1161,1.8,1.97,4.74,-24.43,1.82,6.53,-1.57,-10.00
28,2,-1.00,-1.00,-1.00,-1.00,0.1073,1.6,1.92,4.42,-31.62,2.61,27.39,0.06,-10.00
28,2,-1.00,-1.00,-1.00,-1.00,0.1062,1.7,1.95,4.61,13.87,0.08,-50.76,0.09,-10.00
28,2,907.57,501.83,1037.46,549.43,0.1048,1.7,1.99,4.60,5.47,2.98,47.41,-0.04,-10.00
28,2,-1.00,-1.00,-1.00,-1.00,0.1038,1.6,1.94,4.48,-29.96,1.49,3.30,-0.08,-10.00
28,2,1134.98,506.12,1278.71,556.61,0.1024,1.8,1.98,4.63,13.81,3.13,45.71,0.04,-10.00
28,2,-1.00,-1.00,-1.00,-1.00,0.1022,1.7,1.98,4.61,16.59,1.15,-11.96,3.09,-10.00
28,2,-1.00,-1.00,-1.00,-1.00,0.1019,1.7,1.93,4.48,-50.97,1.12,-9.68,0.13,-10.00
28,2,645.55,499.36,715.31,553.35,0.1018,1.6,1.91,4.62,-4.59,2.62,39.92,1.52,-10.00
28,2,-1.00,-1.00,-1.00,-1.00,0.1016,1.7,1.93,4.53,-41.12,1.41,-0.84,-0.04,-10.00
28,2,-1.00,-1.00,-1.00,-1.00,0.1006,1.7,1.95,4.56,-45.29,3.50,45.55,3.08,-10.00
29,2,-1.00,-1.00,-1.00,-1.00,0.8365,1.7,1.95,4.66,-17.42,2.14,11.79,-2.90,-10.00
29,2,-1.00,-1.00,-1.00,-1.00,0.7284,1.8,1.98,4.67,-22.16,1.86,3.81,-0.04,-10.00
29,2,-1.00,-1.00,-1.00,-1.00,0.7257,1.8,1.93,4.54,-33.43,2.60,17.95,-3.13,-10.00
29,2,460.47,498.54,568.98,577.16,0.7059,1.9,1.99,4.75,-8.17,2.76,33.26,1.50,-10.00
29,2,-1.00,-1.00,-1.00,-1.00,0.6711,1.5,1.88,4.37,-26.68,1.47,-6.62,-0.02,-10.00
29,2,-1.00,-1.00,-1.00,-1.00,0.6664,1.6,1.92,4.44,-22.00,1.61,-3.18,-0.04,-10.00
29,2,389.18,519.57,536.40,600.40,0.6591,1.5,1.87,4.52,-7.48,2.61,26.22,1.54,-10.00
29,2,-1.00,-1.00,-1.00,-1.00,0.6149,2.3,2.25,5.77,-0.67,1.27,-15.61,-1.56,-10.00
29,2,589.15,503.56,679.82,588.28,0.5700,1.9,2.00,4.84,-4.66,2.82,31.00,1.46,-10.00
29,2,-1.00,-1.00,-1.00,-1.00,0.5575,1.7,1.92,4.51,-46.19,2.68,18.04,3.12,-10.00
29,2,-1.00,-1.00,-1.00,-1.00,0.4649,1.6,1.89,4.37,-40.25,2.48,18.11,3.13,-10.00
29,2,-1.00,-1.00,-1.00,-1.00,0.3863,1.8,1.99,4.61,-29.29,2.73,26.95,-0.15,-10.00
29,2,539.91,533.17,609.81,591.13,0.2706,1.8,2.00,4.82,-8.50,4.01,42.65,1.44,-10.00
29,2,-1.00,-1.00,-1.00,-1.00,0.2691,1.5,1.91,4.45,-32.04,1.30,-7.02,-0.04,-10.00
29,2,-1.00,-1.00,-1.00,-1.00,0.2598,1.6,1.90,4.35,-36.20,1.62,0.28,-0.06,-10.00
29,2,-1.00,-1.00,-1.00,-1.00,0.2385,1.7,1.88,4.40,-37.31,1.42,-6.94,2.90,-10.00
29,2,-1.00,-1.00,-1.00,-1.00,0.2336,1.7,1.91,4.42,-28.64,1.97,3.33,-0.02,-10.00
29,2,-1.00,-1.00,-1.00,-1.00,0.2174,1.8,1.94,4.54,29.54,1.16,15.55,3.00,-10.00
29,2,-1.00,-1.00,-1.00,-1.00,0.2160,1.7,1.96,4.55,-34.44,4.00,43.43,-0.05,-10.00
29,2,889.55,504.01,959.20,554.79,0.2014,1.7,1.93,4.62,3.45,3.01,45.08,-1.62,-10.00
29,2,-1.00,-1.00,-1.00,-1.00,0.1989,1.7,1.93,4.54,-38.11,4.12,44.71,1.43,-10.00
29,2,-1.00,-1.00,-1.00,-1.00,0.1948,1.7,1.91,4.40,-41.80,1.77,-0.16,-0.05,-10.00
29,2,-1.00,-1.00,-1.00,-1.00,0.1939,1.7,1.94,4.52,-34.25,1.98,1.66,-1.28,-10.00
29,2,-1.00,-1.00,-1.00,-1.00,0.1939,1.6,1.95,4.57,20.57,-0.27,-44.84,1.03,-10.00
29,2,-1.00,-1.00,-1.00,-1.00,0.1897,1.6,1.87,4.39,-28.06,1.58,-3.09,-0.11,-10.00
29,2,-1.00,-1.00,-1.00,-1.00,0.1888,1.6,1.96,4.52,-1.74,0.73,-29.68,-1.62,-10.00
29,2,-1.00,-1.00,-1.00,-1.00,0.1702,1.7,1.95,4.54,-40.22,1.90,1.38,-1.53,-10.00
29,2,-1.00,-1.00,-1.00,-1.00,0.1644,1.6,1.88,4.36,-25.63,1.49,-3.55,0.06,-10.00
29,2,-1.00,-1.00,-1.00,-1.00,0.1418,1.7,1.95,4.55,11.76,-0.04,-42.89,1.46,-10.00
29,2,1558.76,529.04,1600.00,603.79,0.1417,1.7,1.98,4.61,20.83,3.21,30.75,0.36,-10.00
29,2,-1.00,-1.00,-1.00,-1.00,0.1400,1.7,1.94,4.50,-37.36,1.95,2.27,-1.48,-10.00
29,2,-1.00,-1.00,-1.00,-1.00,0.1393,1.7,1.92,4.52,-33.85,1.71,-2.81,-1.52,-10.00
29,2,-1.00,-1.00,-1.00,-1.00,0.1392,1.6,1.88,4.38,-28.40,1.67,-1.86,-0.10,-10.00
29,2,-1.00,-1.00,-1.00,-1.00,0.1390,1.7,1.92,4.44,-28.54,2.62,28.17,0.25,-10.00
29,2,-1.00,-1.00,-1.00,-1.00,0.1312,1.7,1.92,4.44,-36.11,4.10,44.90,-1.62,-10.00
29,2,-1.00,-1.00,-1.00,-1.00,0.1309,1.6,1.89,4.36,-25.51,1.88,0.50,-0.05,-10.00
29,2,-1.00,-1.00,-1.00,-1.00,0.1258,1.7,2.00,4.72,-32.93,4.69,45.62,-1.59,-10.00
29,2,246.07,541.01,386.15,586.80,0.1246,1.7,1.98,4.58,-19.64,4.44,48.35,3.11,-10.00
29,2,-1.00,-1.00,-1.00,-1.00,0.1233,1.7,1.96,4.60,13.62,0.25,-39.13,-3.04,-10.00
29,2,560.14,520.91,722.63,579.83,0.1217,1.6,1.90,4.42,-5.20,3.04,35.39,-0.13,-10.00
29,2,-1.00,-1.00,-1.00,-1.00,0.1200,1.7,1.93,4.51,-21.28,1.35,-18.35,2.99,-10.00
29,2,-1.00,-1.00,-1.00,-1.00,0.1166,1.6,1.91,4.47,15.50,1.04,-15.19,3.07,-10.00
29,2,116.51,537.02,299.52,596.28,0.1157,1.7,2.00,4.64,-19.04,3.83,38.74,-0.08,-10.00
29,2,-1.00,-1.00,-1.00,-1.00,0.1145,1.6,1.88,4.38,-35.50,1.51,-2.21,-0.14,-10.00
29,2,-1.00,-1.00,-1.00,-1.00,0.1142,1.6,1.90,4.40,-34.15,2.68,13.71,-0.07,-10.00
29,2,-1.00,-1.00,-1.00,-1.00,0.1140,1.6,1.92,4.49,-0.84,0.82,-24.15,-1.59,-10.00
29,2,-1.00,-1.00,-1.00,-1.00,0.1111,1.6,1.89,4.42,-31.16,1.58,-5.43,0.01,-10.00
29,2,-1.00,-1.00,-1.00,-1.00,0.1085,1.7,1.89,4.54,-50.43,2.73,19.30,-1.56,-10.00
29,2,-1.00,-1.00,-1.00,-1.00,0.1083,1.7,1.97,4.57,13.03,0.16,-41.11,3.01,-10.00
29,2,-1.00,-1.00,-1.00,-1.00,0.1073,1.7,1.96,4.52,-39.51,4.23,43.08,0.01,-10.00
29,2,-1.00,-1.00,-1.00,-1.00,0.1030,1.7,1.93,4.47,-32.57,1.88,1.27,-1.41,-10.00
29,2,-1.00,-1.00,-1.00,-1.00,0.1013,1.8,1.98,4.67,22.26,-0.67,-39.56,0.68,-10.00
30,2,342.11,501.59,507.83,593.51,0.8524,1.5,1.81,4.47,-7.23,2.16,23.02,1.52,-10.00
30,2,-1.00,-1.00,-1.00,-1.00,0.8137,1.8,1.91,4.54,-20.91,2.04,9.30,-2.99,-10.00
30,2,-1.00,-1.00,-1.00,-1.00,0.8028,1.6,1.97,4.63,-22.23,1.68,-6.14,0.01,-10.00
30,2,-1.00,-1.00,-1.00,-1.00,0.7877,1.6,1.97,4.65,-22.16,1.75,0.72,-0.05,-10.00
30,2,579.95,488.11,684.37,575.07,0.6776,1.7,1.91,4.63,-4.18,2.23,27.55,1.49,-10.00
30,2,429.51,485.20,567.98,571.27,0.6326,1.9,1.94,4.71,-7.63,2.33,29.65,1.59,-10.00
30,2,-1.00,-1.00,-1.00,-1.00,0.6320,1.7,1.98,4.66,-26.85,1.50,-9.82,-0.10,-10.00
30,2,-1.00,-1.00,-1.00,-1.00,0.6277,1.6,1.83,4.26,-45.94,2.34,15.18,-3.13,-10.00
30,2,-1.00,-1.00,-1.00,-1.00,0.5817,1.6,1.94,4.53,-28.82,1.60,0.47,-0.05,-10.00
30,2,-1.00,-1.00,-1.00,-1.00,0.5311,1.6,1.82,4.26,-39.89,2.17,15.23,-3.13,-10.00
30,2,-1.00,-1.00,-1.00,-1.00,0.5005,1.8,1.99,4.64,-33.20,2.12,14.97,3.11,-10.00
30,2,-1.00,-1.00,-1.00,-1.00,0.4821,2.2,2.29,5.81,-0.72,1.57,-15.52,-1.54,-10.00
30,2,533.92,509.79,610.44,565.49,0.3975,1.6,1.90,4.66,-7.93,2.95,39.42,1.47,-10.00
30,2,-1.00,-1.00,-1.00,-1.00,0.3953,1.7,1.91,4.48,-28.42,1.61,-5.81,-0.04,-10.00
30,2,909.01,490.15,996.82,548.51,0.3538,1.8,2.01,4.77,4.13,2.59,41.74,-1.66,-10.00
30,2,-1.00,-1.00,-1.00,-1.00,0.3084,1.8,1.97,4.57,-37.82,3.50,41.70,-1.57,-10.00
30,2,-1.00,-1.00,-1.00,-1.00,0.2808,1.6,1.90,4.42,-26.27,1.60,-2.35,-0.01,-10.00
30,2,-1.00,-1.00,-1.00,-1.00,0.2327,2.0,2.15,5.21,-18.21,1.78,-2.80,0.02,-10.00
30,2,-1.00,-1.00,-1.00,-1.00,0.2137,1.6,1.90,4.40,-31.98,1.56,0.61,0.01,-10.00
30,2,251.77,505.61,399.61,553.32,0.2082,1.6,1.94,4.55,-18.02,2.97,45.23,-0.03,-10.00
30,2,70.68,500.07,270.09,566.05,0.2027,1.8,1.95,4.55,-18.40,2.66,35.31,-0.04,-10.00
30,2,1029.73,480.34,1108.88,530.81,0.1799,1.8,1.93,4.64,9.21,2.30,47.91,-1.61,-10.00
30,2,1100.97,482.86,1176.16,529.41,0.1780,1.7,1.88,4.47,11.89,2.25,48.04,-1.53,-10.00
30,2,-1.00,-1.00,-1.00,-1.00,0.1639,1.7,1.93,4.44,-35.13,1.98,-1.01,-0.07,-10.00
30,2,-1.00,-1.00,-1.00,-1.00,0.1589,1.7,2.01,4.63,-1.32,1.36,-25.05,-1.57,-10.00
30,2,-1.00,-1.00,-1.00,-1.00,0.1493,1.8,1.99,4.66,-33.90,3.51,40.60,3.12,-10.00
30,2,-1.00,-1.00,-1.00,-1.00,0.1419,1.8,1.93,4.48,37.40,1.11,2.24,3.05,-10.00
30,2,-1.00,-1.00,-1.00,-1.00,0.1369,1.7,1.90,4.44,-49.05,1.99,-0.06,-0.06,-10.00
30,2,689.84,508.22,749.55,559.50,0.1334,1.7,1.98,4.72,-3.74,3.11,44.15,1.50,-10.00
30,2,-1.00,-1.00,-1.00,-1.00,0.1265,1.7,1.95,4.57,-42.64,1.97,-2.53,-3.09,-10.00
30,2,-1.00,-1.00,-1.00,-1.00,0.1238,1.7,1.93,4.45,-31.88,1.74,-1.07,-0.06,-10.00
30,2,-1.00,-1.00,-1.00,-1.00,0.1221,1.6,1.92,4.47,-34.99,2.04,0.59,-0.08,-10.00
30,2,-1.00,-1.00,-1.00,-1.00,0.1193,1.8,1.97,4.53,46.14,2.06,40.09,-0.13,-10.00
30,2,886.90,498.05,964.49,546.13,0.1170,1.6,1.93,4.62,3.51,2.73,45.21,-1.68,-10.00
30,2,-1.00,-1.00,-1.00,-1.00,0.1149,1.6,1.96,4.60,-23.12,1.69,-3.10,0.04,-10.00
30,2,-1.00,-1.00,-1.00,-1.00,0.1100,2.1,2.22,5.40,-38.84,1.87,17.59,1.54,-10.00
30,2,-1.00,-1.00,-1.00,-1.00,0.1080,1.6,1.98,4.58,-25.95,1.55,0.88,-0.04,-10.00
30,2,-1.00,-1.00,-1.00,-1.00,0.1065,1.7,2.01,4.63,1.32,0.84,-43.76,-1.59,-10.00
30,2,-1.00,-1.00,-1.00,-1.00,0.1060,2.2,2.16,5.43,4.85,0.74,-44.16,1.52,-10.00
30,2,-1.00,-1.00,-1.00,-1.00,0.1038,1.8,2.01,4.68,-32.94,3.75,42.79,1.49,-10.00
30,2,-1.00,-1.00,-1.00,-1.00,0.1020,1.7,1.97,4.49,-1.68,1.31,-28.07,-1.59,-10.00
30,2,-1.00,-1.00,-1.00,-1.00,0.1004,1.7,1.97,4.50,-2.14,1.40,-31.05,-1.56,-10.00
31,2,261.68,470.47,477.15,589.12,0.8799,1.6,1.91,4.56,-6.97,1.77,19.66,1.52,-10.00
31,2,-1.00,-1.00,-1.00,-1.00,0.7731,1.7,1.95,4.55,-22.17,1.71,-2.45,-0.01,-10.00
31,2,-1.00,-1.00,-1.00,-1.00,0.7617,1.8,1.94,4.63,-24.46,1.79,6.51,-3.05,-10.00
31,2,-1.00,-1.00,-1.00,-1.00,0.6844,1.7,1.95,4.55,-26.39,1.79,-5.71,0.03,-10.00
31,2,382.58,448.36,544.46,561.79,0.6835,2.1,2.05,5.21,-7.47,1.87,26.38,1.54,-10.00
31,2,-1.00,-1.00,-1.00,-1.00,0.6819,2.2,2.22,5.74,-0.71,1.77,-15.51,-1.52,-10.00
31,2,560.00,458.52,678.63,558.80,0.5875,1.7,1.93,4.72,-3.89,1.67,24.21,1.48,-10.00
31,2,928.90,465.47,1026.64,527.35,0.5754,1.7,1.93,4.62,4.50,1.71,38.04,-1.68,-10.00
31,2,-1.00,-1.00,-1.00,-1.00,0.5540,1.6,1.99,4.62,-22.31,1.78,-9.28,0.03,-10.00
31,2,-1.00,-1.00,-1.00,-1.00,0.5299,1.6,1.89,4.43,-45.69,2.14,12.35,-3.08,-10.00
31,2,-1.00,-1.00,-1.00,-1.00,0.4760,1.7,1.99,4.58,-27.01,1.98,-12.78,-0.07,-10.00
31,2,16.64,480.97,235.62,554.23,0.4659,1.8,1.95,4.54,-17.87,2.13,32.09,0.08,-10.00
31,2,-1.00,-1.00,-1.00,-1.00,0.4626,1.8,2.01,4.73,-33.12,1.98,12.16,-3.08,-10.00
31,2,-1.00,-1.00,-1.00,-1.00,0.3767,1.7,1.91,4.40,-40.15,1.56,12.55,-3.13,-10.00
31,2,-1.00,-1.00,-1.00,-1.00,0.3546,1.6,1.88,4.41,-36.14,1.64,-5.81,-0.12,-10.00
31,2,-1.00,-1.00,-1.00,-1.00,0.2444,1.7,1.96,4.63,-6.15,1.60,-36.65,1.53,-10.00
31,2,507.95,473.68,600.38,536.37,0.2401,1.7,1.91,4.65,-7.74,1.89,36.02,1.51,-10.00
31,2,220.57,478.80,382.71,533.23,0.2378,1.7,1.98,4.59,-17.55,2.10,42.04,0.03,-10.00
31,2,-1.00,-1.00,-1.00,-1.00,0.2116,1.7,2.03,4.67,-33.55,2.55,38.15,-0.12,-10.00
31,2,-1.00,-1.00,-1.00,-1.00,0.1759,1.8,1.99,4.66,9.41,1.18,-44.77,-0.07,-10.00
31,2,905.44,479.53,976.27,530.63,0.1758,1.6,1.89,4.64,3.85,2.06,42.98,-1.59,-10.00
31,2,-1.00,-1.00,-1.00,-1.00,0.1621,1.7,1.98,4.53,-28.46,1.65,21.40,0.22,-10.00
31,2,-1.00,-1.00,-1.00,-1.00,0.1399,1.7,1.96,4.74,-32.11,2.68,39.82,1.39,-10.00
31,2,-1.00,-1.00,-1.00,-1.00,0.1328,1.8,2.00,4.48,39.80,0.59,-3.20,-1.45,-10.00
31,2,-1.00,-1.00,-1.00,-1.00,0.1297,1.7,1.96,4.58,-48.12,2.26,23.88,-3.09,-10.00
31,2,-1.00,-1.00,-1.00,-1.00,0.1294,1.8,1.95,4.71,-37.71,2.67,38.68,-1.71,-10.00
31,2,-1.00,-1.00,-1.00,-1.00,0.1211,1.6,1.90,4.41,8.80,1.31,-49.48,3.14,-10.00
31,2,-1.00,-1.00,-1.00,-1.00,0.1211,1.6,1.89,4.39,6.80,1.27,-53.07,1.55,-10.00
31,2,654.37,477.27,746.18,549.12,0.1181,1.6,1.89,4.61,-3.08,1.95,31.35,-1.58,-10.00
31,2,-1.00,-1.00,-1.00,-1.00,0.1143,1.6,1.87,4.35,-21.38,1.79,0.88,0.02,-10.00
31,2,-1.00,-1.00,-1.00,-1.00,0.1128,1.8,2.07,4.74,-38.92,1.29,14.68,1.60,-10.00
31,2,-1.00,-1.00,-1.00,-1.00,0.1127,1.6,1.90,4.43,21.44,1.53,23.26,-2.76,-10.00
31,2,-1.00,-1.00,-1.00,-1.00,0.1119,1.7,2.00,4.61,-35.33,2.58,39.08,-1.53,-10.00
31,2,-1.00,-1.00,-1.00,-1.00,0.1101,1.7,1.93,4.52,33.34,1.55,22.83,-2.65,-10.00
31,2,-1.00,-1.00,-1.00,-1.00,0.1096,1.6,1.92,4.47,-26.54,1.81,-8.35,0.04,-10.00
31,2,-1.00,-1.00,-1.00,-1.00,0.1084,1.8,1.93,4.56,45.80,1.00,-19.15,-0.00,-10.00
31,2,-1.00,-1.00,-1.00,-1.00,0.1077,1.7,1.96,4.58,-45.99,2.18,15.46,-0.00,-10.00
31,2,-1.00,-1.00,-1.00,-1.00,0.1054,1.7,1.90,4.42,29.16,1.51,21.48,-0.54,-10.00
31,2,-1.00,-1.00,-1.00,-1.00,0.1044,1.7,1.92,4.56,-43.44,2.69,38.34,-1.67,-10.00
31,2,-1.00,-1.00,-1.00,-1.00,0.1029,1.7,1.96,4.54,-36.46,1.79,-4.24,-0.14,-10.00
31,2,-1.00,-1.00,-1.00,-1.00,0.1006,1.6,1.93,4.52,-30.46,1.90,-5.88,-3.13,-10.00
32,2,130.60,438.84,416.24,582.25,0.9233,1.6,1.83,4.40,-6.80,1.35,15.99,1.53,-10.00
32,2,-1.00,-1.00,-1.00,-1.00,0.8321,1.7,2.00,4.74,-22.34,1.73,-5.86,0.04,-10.00
32,2,512.63,419.35,662.23,540.93,0.7574,1.8,1.96,4.69,-3.77,1.15,20.50,1.48,-10.00
32,2,-1.00,-1.00,-1.00,-1.00,0.7422,1.6,1.88,4.40,-26.44,2.01,-9.01,0.02,-10.00
32,2,324.19,413.10,515.72,537.44,0.7225,2.0,2.04,5.23,-7.27,1.23,23.05,1.52,-10.00
32,2,-1.00,-1.00,-1.00,-1.00,0.6741,1.7,1.94,4.61,-28.53,1.48,3.64,-3.03,-10.00
32,2,-1.00,-1.00,-1.00,-1.00,0.6661,1.8,1.95,4.55,-32.91,1.72,8.87,-3.11,-10.00
32,2,899.01,450.49,974.44,499.93,0.5904,1.7,1.90,4.39,4.14,1.07,47.76,-1.71,-10.00
32,2,-1.00,-1.00,-1.00,-1.00,0.5585,2.2,2.21,5.59,-0.64,1.82,-15.71,-1.51,-10.00
32,2,0.00,463.27,173.25,549.16,0.4922,1.8,1.94,4.52,-17.66,1.77,28.53,0.01,-10.00
32,2,-1.00,-1.00,-1.00,-1.00,0.4386,1.6,1.87,4.37,-39.74,1.62,9.11,-3.14,-10.00
32,2,958.16,437.57,1070.37,512.04,0.4108,1.8,2.02,4.80,5.09,1.10,34.69,-1.65,-10.00
32,2,935.50,459.63,1024.16,517.44,0.4071,1.6,1.87,4.60,4.62,1.41,38.46,-1.63,-10.00
32,2,-1.00,-1.00,-1.00,-1.00,0.4009,1.7,1.92,4.49,-28.79,1.70,-5.59,-3.06,-10.00
32,2,-1.00,-1.00,-1.00,-1.00,0.3799,1.7,1.95,4.57,-35.10,1.64,-5.51,0.07,-10.00
32,2,-1.00,-1.00,-1.00,-1.00,0.3792,1.7,1.97,4.56,-22.50,2.04,-12.44,0.20,-10.00
32,2,-1.00,-1.00,-1.00,-1.00,0.3597,1.7,1.97,4.60,-44.50,2.09,10.45,-1.59,-10.00
32,2,-1.00,-1.00,-1.00,-1.00,0.3545,1.7,1.94,4.51,-27.06,2.10,-16.34,-0.07,-10.00
32,2,4.38,463.65,230.37,536.15,0.3348,1.7,1.92,4.50,-17.44,1.61,30.95,0.05,-10.00
32,2,-1.00,-1.00,-1.00,-1.00,0.3332,1.7,1.89,4.41,-32.43,1.34,20.00,0.08,-10.00
32,2,184.44,451.72,365.69,513.29,0.3064,1.8,1.99,4.68,-16.89,1.29,38.51,0.05,-10.00
32,2,-1.00,-1.00,-1.00,-1.00,0.3015,1.7,1.97,4.61,7.55,1.28,-49.97,1.56,-10.00
32,2,-1.00,-1.00,-1.00,-1.00,0.2698,1.6,1.98,4.64,22.15,1.06,19.34,-2.87,-10.00
32,2,479.44,445.99,589.88,523.25,0.2218,1.8,2.01,4.85,-7.44,1.34,32.41,1.51,-10.00
32,2,-1.00,-1.00,-1.00,-1.00,0.2098,1.7,2.06,4.79,3.66,2.02,-51.05,1.58,-10.00
32,2,726.45,463.56,784.18,516.84,0.2082,1.7,1.91,4.68,-2.53,1.60,44.03,-1.64,-10.00
32,2,-1.00,-1.00,-1.00,-1.00,0.1791,1.9,1.94,4.49,40.48,0.50,-8.56,-0.02,-10.00
32,2,-1.00,-1.00,-1.00,-1.00,0.1754,1.6,1.91,4.46,-24.69,1.91,-2.44,0.01,-10.00
32,2,355.35,457.00,561.77,528.34,0.1736,1.7,1.96,4.54,-9.07,1.42,31.16,-3.13,-10.00
32,2,-1.00,-1.00,-1.00,-1.00,0.1727,1.7,1.94,4.70,-30.47,1.23,21.35,-1.28,-10.00
32,2,-1.00,-1.00,-1.00,-1.00,0.1676,1.7,1.95,4.54,-36.14,1.46,-8.55,0.20,-10.00
32,2,-1.00,-1.00,-1.00,-1.00,0.1652,1.6,1.90,4.43,-26.25,2.00,-11.50,0.03,-10.00
32,2,918.36,458.10,994.48,512.46,0.1584,1.6,1.93,4.71,4.33,1.38,42.50,-1.60,-10.00
32,2,-1.00,-1.00,-1.00,-1.00,0.1523,1.7,1.95,4.54,-26.18,1.78,-6.25,0.06,-10.00
32,2,-1.00,-1.00,-1.00,-1.00,0.1464,1.7,1.93,4.52,-43.60,1.43,-11.37,-3.05,-10.00
32,2,-1.00,-1.00,-1.00,-1.00,0.1462,1.8,1.94,4.50,-32.72,1.47,11.79,3.08,-10.00
32,2,-1.00,-1.00,-1.00,-1.00,0.1440,1.7,1.94,4.52,0.20,1.12,-45.03,3.13,-10.00
32,2,-1.00,-1.00,-1.00,-1.00,0.1422,1.8,2.01,4.63,-28.13,1.30,18.20,0.12,-10.00
32,2,548.46,444.22,671.93,531.43,0.1386,1.6,1.89,4.53,-4.39,1.26,26.10,-1.60,-10.00
32,2,-1.00,-1.00,-1.00,-1.00,0.1351,2.2,2.30,5.79,-19.04,1.89,-9.49,0.02,-10.00
32,2,-1.00,-1.00,-1.00,-1.00,0.1294,1.8,2.00,4.64,32.66,0.92,34.32,3.10,-10.00
32,2,667.62,460.66,759.15,533.80,0.1280,1.6,1.85,4.46,-2.66,1.53,30.33,1.56,-10.00
32,2,-1.00,-1.00,-1.00,-1.00,0.1226,1.7,1.95,4.59,-24.74,1.47,22.40,-1.66,-10.00
32,2,840.18,459.97,897.92,509.76,0.1186,1.7,1.92,4.51,1.57,1.46,47.80,1.54,-10.00
32,2,-1.00,-1.00,-1.00,-1.00,0.1169,1.7,1.93,4.48,-37.30,1.74,-4.61,0.01,-10.00
32,2,-1.00,-1.00,-1.00,-1.00,0.1163,1.8,1.98,4.60,47.82,-0.19,5.86,0.07,-10.00
32,2,-1.00,-1.00,-1.00,-1.00,0.1105,1.8,2.05,4.78,7.47,1.59,-26.48,-1.53,-10.00
32,2,-1.00,-1.00,-1.00,-1.00,0.1082,1.6,1.89,4.45,-37.74,1.76,13.51,0.07,-10.00
32,2,85.06,464.93,300.34,532.05,0.1079,1.7,1.99,4.69,-16.75,1.62,33.29,0.01,-10.00
32,2,202.06,458.38,366.14,515.58,0.1024,1.8,1.95,4.55,-17.84,1.47,41.35,0.01,-10.00
32,2,-1.00,-1.00,-1.00,-1.00,0.1003,1.9,2.11,5.04,-50.66,0.82,-1.19,3.12,-10.00
33,2,0.00,448.21,325.07,653.39,0.9342,1.6,1.91,4.59,-6.75,1.60,12.46,1.51,-10.00
33,2,-1.00,-1.00,-1.00,-1.00,0.9063,1.7,1.98,4.67,-22.34,1.70,-9.26,0.02,-10.00
33,2,225.97,405.45,480.98,571.42,0.8396,2.2,2.17,5.54,-7.09,1.50,19.55,1.51,-10.00
33,2,456.05,435.05,650.18,589.54,0.8066,1.8,1.98,4.98,-3.53,1.52,17.12,1.48,-10.00
33,2,-1.00,-1.00,-1.00,-1.00,0.7164,1.9,1.96,4.59,-32.95,1.91,5.74,-2.98,-10.00
33,2,-1.00,-1.00,-1.00,-1.00,0.6465,1.7,1.95,4.64,-32.54,1.70,0.52,-3.04,-10.00
33,2,-1.00,-1.00,-1.00,-1.00,0.6414,1.6,1.91,4.45,-26.75,1.88,-12.44,-0.04,-10.00
33,2,-1.00,-1.00,-1.00,-1.00,0.5723,2.2,2.20,5.50,-0.61,1.56,-15.76,-1.50,-10.00
33,2,932.05,465.93,991.00,515.97,0.5701,1.6,1.84,4.38,4.70,1.57,44.13,-1.51,-10.00
33,2,-1.00,-1.00,-1.00,-1.00,0.4944,1.6,1.93,4.51,-29.04,1.78,-9.13,0.06,-10.00
33,2,980.93,436.12,1119.16,526.95,0.4711,2.0,2.08,5.34,5.38,1.37,30.97,-1.64,-10.00
33,2,-1.00,-1.00,-1.00,-1.00,0.3989,1.6,1.92,4.47,-35.36,1.68,-8.70,0.01,-10.00
33,2,-1.00,-1.00,-1.00,-1.00,0.3690,1.6,1.87,4.33,-39.53,1.96,5.54,3.08,-10.00
33,2,563.52,444.69,692.06,543.05,0.3100,1.7,1.91,4.69,-3.67,1.38,23.91,1.52,-10.00
33,2,-1.00,-1.00,-1.00,-1.00,0.3100,1.7,1.89,4.34,-45.63,1.94,5.92,3.12,-10.00
33,2,-1.00,-1.00,-1.00,-1.00,0.2780,1.6,1.94,4.49,-25.86,1.97,-15.23,-0.13,-10.00
33,2,0.00,474.47,139.74,560.05,0.2715,1.7,1.93,4.48,-17.28,1.86,26.42,-0.12,-10.00
33,2,0.00,474.50,98.89,565.49,0.2302,1.7,1.92,4.46,-17.24,1.85,24.84,-0.02,-10.00
33,2,965.39,456.45,1074.72,522.28,0.2282,1.6,1.95,4.58,5.26,1.41,34.70,-1.65,-10.00
33,2,939.79,466.24,1028.39,522.28,0.2155,1.5,1.85,4.62,4.71,1.55,38.11,-1.63,-10.00
33,2,119.29,458.29,315.57,526.16,0.2105,1.8,1.99,4.56,-17.08,1.55,35.26,0.08,-10.00
33,2,-1.00,-1.00,-1.00,-1.00,0.1917,1.8,1.97,4.67,-36.70,2.47,32.15,-1.67,-10.00
33,2,-1.00,-1.00,-1.00,-1.00,0.1867,1.7,1.98,4.47,-31.03,1.78,-10.00,-1.53,-10.00
33,2,-1.00,-1.00,-1.00,-1.00,0.1829,1.9,1.97,4.56,40.22,0.32,-12.60,0.01,-10.00
33,2,-1.00,-1.00,-1.00,-1.00,0.1739,1.7,1.92,4.57,-39.23,1.97,7.41,-1.68,-10.00
33,2,445.74,469.21,576.13,549.36,0.1723,1.7,1.90,4.57,-7.10,1.79,28.65,1.55,-10.00
33,2,-1.00,-1.00,-1.00,-1.00,0.1718,1.8,2.01,4.65,-32.66,2.24,31.37,-3.09,-10.00
33,2,0.00,479.76,73.24,575.55,0.1659,1.7,1.93,4.49,-16.87,1.91,23.30,3.12,-10.00
33,2,-1.00,-1.00,-1.00,-1.00,0.1616,1.6,1.91,4.62,0.97,1.75,-37.33,1.51,-10.00
33,2,0.00,472.92,192.63,553.65,0.1586,1.7,1.91,4.38,-16.60,1.81,27.60,0.16,-10.00
33,2,-1.00,-1.00,-1.00,-1.00,0.1569,1.7,1.92,4.46,-42.33,1.73,-8.60,0.08,-10.00
33,2,-1.00,-1.00,-1.00,-1.00,0.1518,1.7,1.90,4.41,-49.38,1.89,-8.50,-0.06,-10.00
33,2,-1.00,-1.00,-1.00,-1.00,0.1404,1.7,2.00,4.56,-44.25,2.10,7.70,-1.54,-10.00
33,2,-1.00,-1.00,-1.00,-1.00,0.1341,1.7,1.95,4.69,22.81,0.94,27.89,1.93,-10.00
33,2,295.08,473.75,531.02,554.20,0.1315,1.7,1.95,4.54,-8.97,1.81,27.50,3.11,-10.00
33,2,-1.00,-1.00,-1.00,-1.00,0.1278,1.7,1.96,4.53,44.51,0.58,-12.25,1.52,-10.00
33,2,-1.00,-1.00,-1.00,-1.00,0.1266,1.7,1.95,4.58,-24.74,2.00,20.66,-1.67,-10.00
33,2,-1.00,-1.00,-1.00,-1.00,0.1193,1.8,1.94,4.65,-50.46,1.98,6.98,-1.54,-10.00
33,2,-1.00,-1.00,-1.00,-1.00,0.1172,1.5,1.89,4.42,-22.27,1.81,-6.32,0.06,-10.00
33,2,-1.00,-1.00,-1.00,-1.00,0.1171,1.7,1.96,4.54,-21.14,1.89,24.92,0.01,-10.00
33,2,927.28,453.03,1050.70,504.31,0.1167,1.8,1.98,4.54,6.15,1.26,47.88,-3.08,-10.00
33,2,-1.00,-1.00,-1.00,-1.00,0.1162,1.8,1.99,4.64,-38.35,2.25,30.38,-0.07,-10.00
33,2,-1.00,-1.00,-1.00,-1.00,0.1107,1.7,1.92,4.54,43.45,0.91,42.80,-2.29,-10.00
33,2,-1.00,-1.00,-1.00,-1.00,0.1103,1.7,1.92,4.45,-33.58,1.86,-10.34,-1.59,-10.00
33,2,-1.00,-1.00,-1.00,-1.00,0.1097,1.7,1.96,4.55,-0.02,0.88,-45.78,3.11,-10.00
33,2,-1.00,-1.00,-1.00,-1.00,0.1083,1.8,1.98,4.61,-41.48,2.40,31.70,-1.60,-10.00
33,2,-1.00,-1.00,-1.00,-1.00,0.1029,1.7,2.00,4.57,-1.24,1.68,-25.75,-1.56,-10.00
34,2,0.00,472.84,181.18,766.28,0.9419,1.5,1.81,4.48,-6.52,1.63,8.70,1.55,-10.00
34,2,334.12,445.03,624.22,639.98,0.9282,1.7,1.99,4.79,-3.38,1.58,13.22,1.51,-10.00
34,2,79.50,418.43,440.55,622.97,0.8247,2.1,2.15,5.44,-6.76,1.74,15.84,1.55,-10.00
34,2,-1.00,-1.00,-1.00,-1.00,0.8229,1.8,1.94,4.53,-32.95,1.85,2.43,-3.03,-10.00
34,2,-1.00,-1.00,-1.00,-1.00,0.8119,1.7,1.99,4.68,-22.68,1.59,-12.61,0.05,-10.00
34,2,534.08,473.95,684.29,589.54,0.7218,1.6,1.87,4.50,-3.33,1.80,19.98,1.51,-10.00
34,2,952.92,473.24,1036.49,531.84,0.6114,1.8,1.93,4.63,5.38,1.99,40.66,-1.60,-10.00
34,2,-1.00,-1.00,-1.00,-1.00,0.5072,1.7,1.95,4.54,-17.08,1.98,21.34,0.15,-10.00
34,2,-1.00,-1.00,-1.00,-1.00,0.4969,2.3,2.25,5.79,-0.63,1.31,-16.09,-1.51,-10.00
34,2,-1.00,-1.00,-1.00,-1.00,0.4733,1.7,1.95,4.55,-35.61,1.37,-12.11,0.03,-10.00
34,2,-1.00,-1.00,-1.00,-1.00,0.4679,1.7,1.96,4.62,-37.83,2.04,-1.88,-3.06,-10.00
34,2,-1.00,-1.00,-1.00,-1.00,0.4220,1.7,1.96,4.57,-29.20,1.40,-12.62,-0.11,-10.00
34,2,-1.00,-1.00,-1.00,-1.00,0.3707,1.8,2.05,4.77,-31.16,2.75,29.16,-1.61,-10.00
34,2,1003.96,474.76,1121.17,550.60,0.3335,1.7,1.89,4.58,5.64,1.93,30.53,-1.59,-10.00
34,2,-1.00,-1.00,-1.00,-1.00,0.3080,1.8,2.02,4.67,-36.34,2.75,29.00,-1.70,-10.00
34,2,1026.25,453.20,1175.15,551.76,0.2754,1.9,2.05,5.26,5.77,1.73,27.11,-1.57,-10.00
34,2,-1.00,-1.00,-1.00,-1.00,0.2719,1.7,1.94,4.51,-42.70,1.59,-11.71,0.03,-10.00
34,2,30.47,482.85,251.44,555.59,0.2409,1.7,1.96,4.59,-17.27,2.13,31.67,0.12,-10.00
34,2,-1.00,-1.00,-1.00,-1.00,0.1899,1.8,2.02,4.74,43.55,-3.97,-47.70,-3.09,-10.00
34,2,-1.00,-1.00,-1.00,-1.00,0.1749,1.7,1.99,4.55,-31.09,1.44,-13.22,-1.60,-10.00
34,2,961.93,484.35,1051.78,542.75,0.1655,1.5,1.85,4.59,5.07,2.06,35.83,-1.58,-10.00
34,2,-1.00,-1.00,-1.00,-1.00,0.1634,1.6,1.88,4.40,-26.09,1.56,-16.80,-1.32,-10.00
34,2,-1.00,-1.00,-1.00,-1.00,0.1625,1.7,1.93,4.49,-32.46,2.97,33.37,-0.05,-10.00
34,2,-1.00,-1.00,-1.00,-1.00,0.1531,1.6,1.87,4.36,-16.76,2.01,18.84,0.06,-10.00
34,2,-1.00,-1.00,-1.00,-1.00,0.1507,1.6,1.95,4.53,-25.19,1.54,-18.73,-0.13,-10.00
34,2,-1.00,-1.00,-1.00,-1.00,0.1485,1.7,1.97,4.59,-30.04,1.48,-10.32,-0.15,-10.00
34,2,-1.00,-1.00,-1.00,-1.00,0.1484,1.7,1.99,4.66,29.77,0.86,-20.92,-3.14,-10.00
34,2,-1.00,-1.00,-1.00,-1.00,0.1465,1.7,1.89,4.43,-44.64,2.21,4.19,-1.50,-10.00
34,2,-1.00,-1.00,-1.00,-1.00,0.1398,1.6,1.91,4.45,-39.08,2.04,2.62,-0.01,-10.00
34,2,-1.00,-1.00,-1.00,-1.00,0.1382,1.7,1.93,4.45,-33.62,1.37,-13.66,-1.64,-10.00
34,2,-1.00,-1.00,-1.00,-1.00,0.1375,1.6,2.01,4.73,-1.41,1.38,-34.21,-1.56,-10.00
34,2,-1.00,-1.00,-1.00,-1.00,0.1358,1.7,1.94,4.63,-27.17,1.55,-14.26,1.19,-10.00
34,2,-1.00,-1.00,-1.00,-1.00,0.1298,1.7,1.95,4.46,41.10,1.08,38.96,-1.47,-10.00
34,2,-1.00,-1.00,-1.00,-1.00,0.1298,1.6,1.91,4.51,-25.54,1.64,-13.89,1.57,-10.00
34,2,-1.00,-1.00,-1.00,-1.00,0.1246,1.7,1.98,4.52,-37.48,1.14,-13.58,-1.59,-10.00
34,2,-1.00,-1.00,-1.00,-1.00,0.1242,1.7,2.02,4.48,-28.64,1.66,-16.48,-1.76,-10.00
34,2,934.09,478.54,1002.73,526.87,0.1220,1.6,1.90,4.65,5.10,2.04,45.66,-1.58,-10.00
34,2,-1.00,-1.00,-1.00,-1.00,0.1199,1.7,1.98,4.54,-1.34,1.25,-29.76,-1.56,-10.00
34,2,-1.00,-1.00,-1.00,-1.00,0.1182,1.7,1.93,4.52,-40.76,2.61,21.47,3.12,-10.00
34,2,-1.00,-1.00,-1.00,-1.00,0.1150,1.7,1.84,4.32,-45.79,2.15,2.33,3.09,-10.00
34,2,-1.00,-1.00,-1.00,-1.00,0.1145,1.7,1.98,4.62,-26.07,1.33,-43.90,-0.05,-10.00
34,2,-1.00,-1.00,-1.00,-1.00,0.1142,1.7,1.95,4.51,-28.45,1.91,15.80,-1.58,-10.00
34,2,-1.00,-1.00,-1.00,-1.00,0.1142,1.7,1.91,4.45,46.49,0.35,0.16,0.40,-10.00
34,2,-1.00,-1.00,-1.00,-1.00,0.1129,1.7,1.94,4.49,-46.95,1.19,-26.41,-0.03,-10.00
34,2,-1.00,-1.00,-1.00,-1.00,0.1125,1.8,1.91,4.44,37.14,0.78,-14.58,-0.06,-10.00
34,2,-1.00,-1.00,-1.00,-1.00,0.1113,1.9,2.06,4.79,7.99,0.55,-52.37,1.45,-10.00
34,2,-1.00,-1.00,-1.00,-1.00,0.1087,1.7,1.93,4.39,-39.97,1.26,-13.71,1.43,-10.00
34,2,-1.00,-1.00,-1.00,-1.00,0.1073,1.7,1.96,4.51,-40.81,2.29,17.86,0.08,-10.00
34,2,-1.00,-1.00,-1.00,-1.00,0.1067,1.7,1.93,4.61,-18.65,1.83,23.14,-1.51,-10.00
34,2,-1.00,-1.00,-1.00,-1.00,0.1065,1.7,1.93,4.44,28.60,1.46,37.39,-1.49,-10.00
34,2,-1.00,-1.00,-1.00,-1.00,0.1041,1.6,1.89,4.37,-42.61,1.64,-10.17,0.03,-10.00
34,2,701.46,492.69,780.01,556.37,0.1036,1.6,1.92,4.69,-2.27,2.31,34.16,1.55,-10.00
34,2,-1.00,-1.00,-1.00,-1.00,0.1033,1.7,1.88,4.37,-40.29,2.08,-0.60,0.16,-10.00
34,2,0.00,486.55,37.45,690.49,0.1026,1.6,1.89,4.54,-10.09,1.87,12.28,1.55,-10.00
34,2,-1.00,-1.00,-1.00,-1.00,0.1010,1.6,1.87,4.33,-24.43,1.89,14.48,-0.07,-10.00
35,2,-1.00,-1.00,-1.00,-1.00,0.9553,1.5,1.81,4.48,-6.52,1.57,4.91,1.57,-10.00
35,2,83.33,407.08,579.55,728.00,0.9295,1.8,1.99,4.65,-3.23,1.56,9.37,1.53,-10.00
35,2,-1.00,-1.00,-1.00,-1.00,0.8786,1.7,1.96,4.56,-22.86,1.43,-16.11,0.03,-10.00
35,2,442.10,476.00,677.76,620.02,0.8210,1.6,1.95,4.79,-3.22,1.77,16.19,1.59,-10.00
35,2,0.00,393.79,355.58,696.53,0.8045,2.2,2.18,5.63,-6.70,1.81,12.05,1.58,-10.00
35,2,-1.00,-1.00,-1.00,-1.00,0.6695,1.7,1.91,4.46,-32.75,1.84,-1.07,-3.04,-10.00
35,2,-1.00,-1.00,-1.00,-1.00,0.5774,2.2,2.21,5.60,-0.55,1.25,-16.39,-1.52,-10.00
35,2,1056.44,453.68,1193.90,542.81,0.5319,1.7,1.93,4.73,6.19,1.52,26.54,-1.53,-10.00
35,2,-1.00,-1.00,-1.00,-1.00,0.4871,1.7,1.99,4.66,-36.07,1.48,-15.43,0.06,-10.00
35,2,977.05,463.77,1066.73,527.93,0.3213,1.7,1.89,4.52,5.68,1.68,36.94,-1.58,-10.00
35,2,-1.00,-1.00,-1.00,-1.00,0.3010,1.7,1.92,4.48,-31.56,1.45,-16.94,1.57,-10.00
35,2,-1.00,-1.00,-1.00,-1.00,0.2639,1.7,1.93,4.47,-16.97,2.15,18.07,3.13,-10.00
35,2,-1.00,-1.00,-1.00,-1.00,0.2418,1.7,1.93,4.54,-0.10,1.32,-31.41,-1.50,-10.00
35,2,-1.00,-1.00,-1.00,-1.00,0.2280,1.6,1.95,4.54,-23.57,1.58,-21.99,0.06,-10.00
35,2,0.00,478.23,23.85,582.01,0.2069,1.7,1.94,4.52,-16.74,1.88,21.63,0.03,-10.00
35,2,-1.00,-1.00,-1.00,-1.00,0.2043,1.7,1.93,4.66,5.83,0.82,-37.31,-1.56,-10.00
35,2,-1.00,-1.00,-1.00,-1.00,0.1990,1.7,1.93,4.51,-26.87,1.85,9.62,1.56,-10.00
35,2,-1.00,-1.00,-1.00,-1.00,0.1812,1.8,1.95,4.61,-49.26,3.05,45.92,-1.60,-10.00
35,2,1067.51,435.57,1269.74,554.91,0.1783,1.9,2.16,5.73,6.08,1.52,23.12,1.58,-10.00
35,2,-1.00,-1.00,-1.00,-1.00,0.1676,1.7,1.95,4.49,-33.80,1.71,10.17,0.08,-10.00
35,2,-1.00,-1.00,-1.00,-1.00,0.1656,1.7,1.94,4.51,-42.72,1.52,-14.97,-0.01,-10.00
35,2,-1.00,-1.00,-1.00,-1.00,0.1619,1.7,2.01,4.62,-47.38,3.00,44.72,0.00,-10.00
35,2,-1.00,-1.00,-1.00,-1.00,0.1508,1.7,1.91,4.44,-29.60,1.84,-22.33,-0.03,-10.00
35,2,-1.00,-1.00,-1.00,-1.00,0.1497,1.5,1.94,4.60,22.30,1.16,7.15,0.36,-10.00
35,2,1465.29,444.79,1600.00,512.90,0.1484,1.7,1.97,4.49,20.12,1.15,35.22,1.57,-10.00
35,2,-1.00,-1.00,-1.00,-1.00,0.1476,1.7,1.94,4.54,-25.63,1.72,12.58,0.02,-10.00
35,2,-1.00,-1.00,-1.00,-1.00,0.1456,1.8,2.01,4.68,-28.02,1.71,8.12,0.25,-10.00
35,2,778.44,461.21,831.96,509.30,0.1424,1.8,1.91,4.62,-0.92,1.54,51.15,-1.65,-10.00
35,2,-1.00,-1.00,-1.00,-1.00,0.1400,1.7,2.00,4.62,-35.62,2.81,24.64,0.08,-10.00
35,2,-1.00,-1.00,-1.00,-1.00,0.1373,1.7,2.00,4.70,-23.25,1.44,-19.19,-3.07,-10.00
35,2,-1.00,-1.00,-1.00,-1.00,0.1352,1.6,1.92,4.45,-16.83,1.96,15.25,-0.06,-10.00
35,2,-1.00,-1.00,-1.00,-1.00,0.1335,1.7,1.94,4.56,-25.16,1.58,-48.95,1.56,-10.00
35,2,-1.00,-1.00,-1.00,-1.00,0.1305,1.7,1.95,4.44,-34.10,1.39,-16.86,1.51,-10.00
35,2,-1.00,-1.00,-1.00,-1.00,0.1303,1.7,1.94,4.61,-28.41,1.72,-24.06,1.59,-10.00
35,2,-1.00,-1.00,-1.00,-1.00,0.1298,1.9,2.04,4.82,-42.54,2.17,-4.55,-3.07,-10.00
35,2,-1.00,-1.00,-1.00,-1.00,0.1259,1.8,1.94,4.52,36.04,0.52,-8.61,0.19,-10.00
35,2,-1.00,-1.00,-1.00,-1.00,0.1205,1.7,1.95,4.63,-17.51,1.91,20.41,3.12,-10.00
35,2,-1.00,-1.00,-1.00,-1.00,0.1203,1.7,1.93,4.40,-28.41,1.84,10.78,-1.51,-10.00
35,2,-1.00,-1.00,-1.00,-1.00,0.1194,1.7,1.98,4.64,-25.68,1.62,-51.10,3.06,-10.00
35,2,-1.00,-1.00,-1.00,-1.00,0.1182,1.7,1.94,4.48,-37.55,1.20,-17.04,-1.63,-10.00
35,2,-1.00,-1.00,-1.00,-1.00,0.1160,2.0,2.19,5.34,-19.24,1.50,-20.18,0.08,-10.00
35,2,-1.00,-1.00,-1.00,-1.00,0.1127,1.7,1.92,4.47,-39.53,1.64,-15.36,-0.01,-10.00
35,2,-1.00,-1.00,-1.00,-1.00,0.1123,1.7,1.96,4.55,-41.02,2.67,17.85,-0.05,-10.00
35,2,0.00,486.41,244.38,651.49,0.1088,1.6,1.89,4.55,-9.20,1.93,14.81,1.75,-10.00
35,2,-1.00,-1.00,-1.00,-1.00,0.1079,1.7,1.96,4.54,-50.81,1.52,-14.46,0.29,-10.00
35,2,-1.00,-1.00,-1.00,-1.00,0.1066,1.8,2.00,4.76,-46.48,3.03,46.62,1.38,-10.00
35,2,-1.00,-1.00,-1.00,-1.00,0.1053,1.7,1.94,4.49,-26.59,1.88,-47.24,0.00,-10.00
35,2,-1.00,-1.00,-1.00,-1.00,0.1045,1.7,1.92,4.46,38.55,0.56,-9.41,0.10,-10.00
35,2,-1.00,-1.00,-1.00,-1.00,0.1033,1.7,1.93,4.55,-21.58,1.88,13.94,1.60,-10.00
35,2,-1.00,-1.00,-1.00,-1.00,0.1024,1.7,1.91,4.50,-31.69,1.65,11.79,-1.47,-10.00
35,2,-1.00,-1.00,-1.00,-1.00,0.1010,1.7,1.98,4.64,-18.79,1.98,15.59,1.52,-10.00
36,2,-1.00,-1.00,-1.00,-1.00,0.9552,1.6,1.87,4.58,-6.56,1.53,1.08,1.57,-10.00
36,2,0.00,329.49,489.59,900.00,0.9464,1.8,2.00,4.76,-3.14,1.59,5.63,1.56,-10.00
36,2,330.99,484.93,642.09,673.91,0.8919,1.5,1.82,4.47,-3.05,1.74,12.26,1.57,-10.00
36,2,-1.00,-1.00,-1.00,-1.00,0.8285,1.7,2.01,4.68,-23.24,1.46,-19.85,0.04,-10.00
36,2,0.00,346.41,190.48,836.29,0.7761,2.1,2.15,5.37,-6.61,1.72,8.16,1.58,-10.00
36,2,1011.16,472.12,1127.53,538.42,0.7547,1.6,1.90,4.73,6.18,1.76,32.47,-1.61,-10.00
36,2,-1.00,-1.00,-1.00,-1.00,0.7234,1.7,1.90,4.48,-16.48,2.16,14.20,0.07,-10.00
36,2,-1.00,-1.00,-1.00,-1.00,0.6185,1.8,1.96,4.58,-33.04,1.88,-4.61,-3.02,-10.00
36,2,-1.00,-1.00,-1.00,-1.00,0.5957,2.2,2.19,5.62,-0.48,1.25,-16.86,-1.52,-10.00
36,2,1133.76,418.78,1397.15,576.51,0.3418,2.1,2.18,5.68,6.46,1.55,19.33,-1.54,-10.00
36,2,-1.00,-1.00,-1.00,-1.00,0.3334,1.6,1.93,4.52,-23.39,1.57,-22.72,0.05,-10.00
36,2,-1.00,-1.00,-1.00,-1.00,0.3212,1.7,1.96,4.52,-50.20,1.81,-18.14,0.18,-10.00
36,2,-1.00,-1.00,-1.00,-1.00,0.3048,1.8,1.95,4.67,-35.64,2.84,22.19,-1.66,-10.00
36,2,-1.00,-1.00,-1.00,-1.00,0.3042,1.7,1.96,4.64,-46.00,2.10,-7.68,-2.99,-10.00
36,2,-1.00,-1.00,-1.00,-1.00,0.2928,1.8,1.96,4.54,-31.77,2.56,20.86,-3.01,-10.00
36,2,-1.00,-1.00,-1.00,-1.00,0.2627,1.7,1.93,4.46,-43.64,1.80,-18.21,-3.04,-10.00
36,2,-1.00,-1.00,-1.00,-1.00,0.2520,1.7,1.89,4.40,-16.60,2.30,16.82,0.07,-10.00
36,2,802.06,469.17,855.32,516.68,0.2483,1.6,1.94,4.49,0.09,1.75,48.17,-1.57,-10.00
36,2,-1.00,-1.00,-1.00,-1.00,0.2480,1.6,1.83,4.28,-16.61,1.96,11.62,-3.11,-10.00
36,2,-1.00,-1.00,-1.00,-1.00,0.2094,1.6,1.92,4.49,-36.91,1.47,-18.99,-3.05,-10.00
36,2,-1.00,-1.00,-1.00,-1.00,0.2044,1.7,1.97,4.59,-40.71,3.10,14.18,0.06,-10.00
36,2,288.27,473.50,489.41,606.22,0.1993,1.7,1.99,4.69,-6.41,1.92,18.93,1.43,-10.00
36,2,-1.00,-1.00,-1.00,-1.00,0.1946,1.6,1.91,4.47,19.01,0.84,-22.32,-3.00,-10.00
36,2,-1.00,-1.00,-1.00,-1.00,0.1823,1.5,1.89,4.42,22.20,1.12,2.86,-2.94,-10.00
36,2,-1.00,-1.00,-1.00,-1.00,0.1737,1.7,1.89,4.56,34.56,1.34,22.25,-2.19,-10.00
36,2,-1.00,-1.00,-1.00,-1.00,0.1655,1.8,2.02,4.68,-46.29,2.84,41.12,0.04,-10.00
36,2,-1.00,-1.00,-1.00,-1.00,0.1600,1.8,2.00,4.65,-47.30,-1.00,-29.97,-0.01,-10.00
36,2,-1.00,-1.00,-1.00,-1.00,0.1592,1.9,2.19,5.26,-19.72,1.47,-23.88,-0.00,-10.00
36,2,-1.00,-1.00,-1.00,-1.00,0.1478,1.6,1.85,4.36,-39.16,1.88,-3.83,-3.09,-10.00
36,2,-1.00,-1.00,-1.00,-1.00,0.1367,1.7,1.93,4.48,-16.07,2.12,19.24,0.04,-10.00
36,2,-1.00,-1.00,-1.00,-1.00,0.1358,1.7,1.92,4.46,-41.12,2.82,10.61,0.11,-10.00
36,2,-1.00,-1.00,-1.00,-1.00,0.1326,1.7,1.97,4.57,-42.09,1.77,-19.89,1.61,-10.00
36,2,-1.00,-1.00,-1.00,-1.00,0.1318,1.8,2.02,4.74,-39.74,3.15,12.26,1.58,-10.00
36,2,-1.00,-1.00,-1.00,-1.00,0.1316,1.7,1.97,4.58,-46.21,2.97,43.06,-3.07,-10.00
36,2,-1.00,-1.00,-1.00,-1.00,0.1308,1.7,1.94,4.54,-33.77,1.28,-19.12,0.01,-10.00
36,2,-1.00,-1.00,-1.00,-1.00,0.1286,1.6,1.97,4.59,-24.09,1.53,-25.18,0.05,-10.00
36,2,155.68,461.46,392.51,571.33,0.1265,1.7,1.90,4.55,-9.20,1.66,21.34,-1.54,-10.00
36,2,-1.00,-1.00,-1.00,-1.00,0.1250,1.7,1.93,4.60,-20.88,1.77,10.14,1.64,-10.00
36,2,-1.00,-1.00,-1.00,-1.00,0.1211,1.6,1.95,4.52,8.86,0.65,-40.59,0.01,-10.00
36,2,105.63,469.04,455.26,639.54,0.1200,1.8,2.02,4.86,-6.49,1.91,15.66,1.63,-10.00
36,2,-1.00,-1.00,-1.00,-1.00,0.1178,2.1,2.14,5.24,-37.87,2.84,22.09,-1.50,-10.00
36,2,-1.00,-1.00,-1.00,-1.00,0.1171,1.7,1.95,4.56,-48.10,2.04,-19.84,1.44,-10.00
36,2,-1.00,-1.00,-1.00,-1.00,0.1147,1.8,1.99,4.64,33.83,1.63,28.33,-3.08,-10.00
36,2,-1.00,-1.00,-1.00,-1.00,0.1141,1.7,1.93,4.47,41.07,0.82,0.97,-2.63,-10.00
36,2,557.69,480.77,634.46,527.32,0.1105,1.7,1.91,4.64,-9.29,2.30,50.86,-1.49,-10.00
36,2,-1.00,-1.00,-1.00,-1.00,0.1098,1.8,2.01,4.71,32.31,-4.81,-50.36,-3.06,-10.00
36,2,-1.00,-1.00,-1.00,-1.00,0.1071,1.7,1.93,4.49,-50.80,1.58,-15.64,0.16,-10.00
36,2,-1.00,-1.00,-1.00,-1.00,0.1035,1.7,1.94,4.43,-31.20,1.17,-20.37,1.52,-10.00
36,2,411.51,476.81,584.06,606.61,0.1019,1.7,1.97,4.54,-4.85,1.95,19.13,1.44,-10.00
36,2,-1.00,-1.00,-1.00,-1.00,0.1001,1.6,1.91,4.43,4.39,1.11,-48.74,-0.04,-10.00
37,2,0.00,488.86,583.88,821.55,0.9432,1.5,1.89,4.61,-3.01,1.77,8.20,1.59,-10.00
37,2,-1.00,-1.00,-1.00,-1.00,0.9427,1.5,1.86,4.60,-6.62,1.56,-2.93,1.58,-10.00
37,2,0.00,407.77,143.24,900.00,0.9274,1.8,2.02,4.87,-3.20,1.51,1.65,1.54,-10.00
37,2,1051.07,474.53,1177.23,546.37,0.8563,1.5,1.84,4.47,6.40,1.71,28.38,-1.56,-10.00
37,2,52.43,504.79,414.33,682.08,0.8113,1.6,1.82,4.47,-6.01,2.00,13.40,1.55,-10.00
37,2,-1.00,-1.00,-1.00,-1.00,0.7320,2.2,2.16,5.57,-6.62,1.99,4.19,1.58,-10.00
37,2,-1.00,-1.00,-1.00,-1.00,0.7008,1.9,2.01,4.68,-33.23,2.10,-8.24,-3.05,-10.00
37,2,-1.00,-1.00,-1.00,-1.00,0.6841,2.2,2.18,5.55,-0.47,1.13,-17.36,-1.50,-10.00
37,2,-1.00,-1.00,-1.00,-1.00,0.5316,1.7,1.98,4.64,-23.37,1.55,-23.56,0.07,-10.00
37,2,1208.69,415.74,1587.72,624.57,0.4499,2.1,2.18,5.58,6.52,1.68,15.25,-1.53,-10.00
37,2,814.54,471.30,872.04,523.55,0.4482,1.7,1.91,4.55,0.65,1.88,44.87,-1.53,-10.00
37,2,-1.00,-1.00,-1.00,-1.00,0.4424,1.8,1.97,4.56,-31.66,3.17,17.25,-3.04,-10.00
37,2,-1.00,-1.00,-1.00,-1.00,0.4049,1.7,1.90,4.45,-16.70,2.38,10.36,0.07,-10.00
37,2,1022.26,481.72,1118.13,540.63,0.3982,1.5,1.83,4.56,6.59,1.93,34.37,-1.54,-10.00
37,2,-1.00,-1.00,-1.00,-1.00,0.3756,1.7,1.94,4.57,37.68,-0.03,-22.99,-2.96,-10.00
37,2,-1.00,-1.00,-1.00,-1.00,0.3546,1.7,1.97,4.59,-36.67,1.81,-22.61,0.07,-10.00
37,2,-1.00,-1.00,-1.00,-1.00,0.3428,1.7,1.90,4.46,-39.76,2.18,-7.34,-3.11,-10.00
37,2,330.85,485.02,543.85,597.28,0.3408,1.6,1.87,4.42,-6.08,1.94,20.17,1.62,-10.00
37,2,-1.00,-1.00,-1.00,-1.00,0.3352,1.7,1.94,4.52,-50.39,1.65,-22.03,-0.20,-10.00
37,2,0.00,504.11,235.46,686.73,0.3223,1.8,1.95,4.55,-8.89,2.23,14.54,1.55,-10.00
37,2,-1.00,-1.00,-1.00,-1.00,0.2390,1.7,1.91,4.43,-40.23,1.69,-22.12,0.04,-10.00
37,2,-1.00,-1.00,-1.00,-1.00,0.2377,1.8,2.13,5.09,-19.98,1.40,-27.79,-0.01,-10.00
37,2,-1.00,-1.00,-1.00,-1.00,0.2308,1.7,1.94,4.50,-43.34,1.74,-22.18,0.03,-10.00
37,2,984.23,475.05,1070.59,529.75,0.2269,1.6,1.89,4.68,6.26,1.86,39.56,-1.58,-10.00
37,2,-1.00,-1.00,-1.00,-1.00,0.2253,1.5,1.85,4.65,-19.25,2.55,7.11,1.54,-10.00
37,2,-1.00,-1.00,-1.00,-1.00,0.2186,1.8,1.97,4.59,-40.23,3.48,9.70,-3.05,-10.00
37,2,1308.25,444.47,1478.34,504.71,0.2130,1.8,1.99,4.61,18.43,1.08,40.94,0.08,-10.00
37,2,37.86,482.70,351.32,623.54,0.2104,1.7,1.92,4.49,-8.39,1.94,17.20,-1.54,-10.00
37,2,-1.00,-1.00,-1.00,-1.00,0.2059,1.7,1.94,4.50,-24.52,1.73,-26.35,0.08,-10.00
37,2,1282.61,438.16,1449.55,499.67,0.1864,2.0,2.07,4.88,18.75,0.98,43.73,0.04,-10.00
37,2,-1.00,-1.00,-1.00,-1.00,0.1793,1.8,1.94,4.45,-36.09,3.38,17.35,0.01,-10.00
37,2,-1.00,-1.00,-1.00,-1.00,0.1756,1.7,1.95,4.47,-40.76,3.10,7.44,0.12,-10.00
37,2,285.46,493.78,435.81,543.81,0.1744,1.7,1.98,4.53,-16.34,2.57,44.06,0.10,-10.00
37,2,-1.00,-1.00,-1.00,-1.00,0.1705,1.8,2.03,4.55,-41.85,2.16,-8.39,-1.55,-10.00
37,2,407.78,489.89,579.84,586.63,0.1700,1.6,1.89,4.51,-6.01,2.06,23.21,-1.55,-10.00
37,2,266.52,494.37,369.12,543.47,0.1592,1.7,1.94,4.68,-18.49,2.67,45.78,1.54,-10.00
37,2,-1.00,-1.00,-1.00,-1.00,0.1516,1.7,1.92,4.36,35.61,0.91,16.82,-2.00,-10.00
37,2,-1.00,-1.00,-1.00,-1.00,0.1512,1.6,1.90,4.42,-26.84,1.18,-23.57,-0.05,-10.00
37,2,-1.00,-1.00,-1.00,-1.00,0.1463,1.6,1.91,4.47,-30.08,1.13,-23.94,-1.55,-10.00
37,2,-1.00,-1.00,-1.00,-1.00,0.1425,1.6,1.90,4.40,-44.05,2.45,-1.74,-0.01,-10.00
37,2,-1.00,-1.00,-1.00,-1.00,0.1419,1.6,1.91,4.40,-31.32,3.53,19.70,0.07,-10.00
37,2,-1.00,-1.00,-1.00,-1.00,0.1366,1.6,1.86,4.33,21.87,1.11,-1.26,-2.63,-10.00
37,2,-1.00,-1.00,-1.00,-1.00,0.1304,1.6,1.90,4.44,-36.88,3.39,14.14,0.05,-10.00
37,2,-1.00,-1.00,-1.00,-1.00,0.1292,1.6,1.92,4.50,-29.41,2.05,3.74,-1.07,-10.00
37,2,-1.00,-1.00,-1.00,-1.00,0.1289,1.6,1.96,4.50,-23.48,1.66,-28.76,-0.10,-10.00
37,2,-1.00,-1.00,-1.00,-1.00,0.1276,1.7,1.97,4.54,-34.97,1.77,-24.16,1.59,-10.00
37,2,-1.00,-1.00,-1.00,-1.00,0.1245,1.6,1.94,4.48,-1.32,1.00,-29.56,-1.54,-10.00
37,2,-1.00,-1.00,-1.00,-1.00,0.1227,1.6,1.92,4.63,-20.36,1.26,-49.92,-1.52,-10.00
37,2,-1.00,-1.00,-1.00,-1.00,0.1208,1.6,1.88,4.38,29.62,0.59,-4.19,2.72,-10.00
37,2,-1.00,-1.00,-1.00,-1.00,0.1193,1.7,1.96,4.52,-40.57,2.56,3.77,0.01,-10.00
37,2,-1.00,-1.00,-1.00,-1.00,0.1171,1.7,1.94,4.44,-31.77,2.19,3.79,-1.63,-10.00
37,2,-1.00,-1.00,-1.00,-1.00,0.1134,1.6,1.94,4.49,-48.95,1.88,-23.52,1.57,-10.00
37,2,966.45,473.20,1037.68,521.89,0.1131,1.6,1.87,4.55,6.23,1.82,44.94,-1.58,-10.00
37,2,-1.00,-1.00,-1.00,-1.00,0.1130,1.7,1.94,4.50,-51.21,2.40,-0.47,-2.96,-10.00
37,2,-1.00,-1.00,-1.00,-1.00,0.1112,1.7,1.89,4.44,-40.91,3.80,17.78,0.08,-10.00
37,2,-1.00,-1.00,-1.00,-1.00,0.1069,1.7,1.97,4.60,-22.05,1.53,-48.80,-0.05,-10.00
37,2,-1.00,-1.00,-1.00,-1.00,0.1048,1.7,1.97,4.61,18.55,0.20,-42.71,-3.02,-10.00
37,2,-1.00,-1.00,-1.00,-1.00,0.1013,1.6,1.89,4.36,-16.06,2.35,8.35,-3.12,-10.00
37,2,-1.00,-1.00,-1.00,-1.00,0.1006,1.7,1.94,4.51,-51.41,2.19,-27.76,-0.28,-10.00
38,2,0.00,427.91,437.82,900.00,0.9547,1.5,1.92,4.79,-3.03,1.60,4.21,1.58,-10.00
38,2,-1.00,-1.00,-1.00,-1.00,0.9486,1.6,1.86,4.48,-6.73,1.62,-6.98,1.58,-10.00
38,2,-1.00,-1.00,-1.00,-1.00,0.9244,1.9,2.03,4.88,-3.24,1.48,-2.36,1.56,-10.00
38,2,1085.99,449.46,1245.54,536.23,0.8828,1.5,1.83,4.54,6.40,1.27,24.19,-1.57,-10.00
38,2,198.72,440.46,493.87,595.44,0.8681,1.8,1.95,4.80,-6.15,1.56,16.78,1.61,-10.00
38,2,0.00,488.96,266.66,755.85,0.8590,1.5,1.77,4.31,-6.11,1.75,9.36,1.61,-10.00
38,2,-1.00,-1.00,-1.00,-1.00,0.8348,1.7,1.95,4.59,-23.81,1.68,-27.52,0.07,-10.00
38,2,-1.00,-1.00,-1.00,-1.00,0.8098,1.7,1.93,4.51,-15.32,2.00,16.32,0.06,-10.00
38,2,-1.00,-1.00,-1.00,-1.00,0.7744,2.3,2.08,5.51,-6.57,1.73,0.46,1.59,-10.00
38,2,-1.00,-1.00,-1.00,-1.00,0.6904,1.8,1.98,4.69,-33.27,2.20,-12.06,-3.03,-10.00
38,2,-1.00,-1.00,-1.00,-1.00,0.6648,1.7,1.95,4.54,-36.67,2.06,-26.36,0.12,-10.00
38,2,0.00,487.78,152.42,539.91,0.5407,1.9,2.11,5.03,-29.39,2.71,48.93,-3.05,-10.00
38,2,0.00,493.84,16.46,613.06,0.5022,1.7,1.95,4.49,-15.23,2.11,19.14,0.08,-10.00
38,2,-1.00,-1.00,-1.00,-1.00,0.4312,2.1,2.15,5.48,-0.37,1.44,-18.11,-1.49,-10.00
38,2,1328.14,369.01,1600.00,668.77,0.4286,2.0,2.13,5.52,6.51,1.45,11.02,-1.53,-10.00
38,2,-1.00,-1.00,-1.00,-1.00,0.3821,1.7,1.91,4.43,-45.98,2.14,-10.75,-2.98,-10.00
38,2,-1.00,-1.00,-1.00,-1.00,0.3459,1.7,1.95,4.61,-24.48,1.94,-31.22,0.12,-10.00
38,2,-1.00,-1.00,-1.00,-1.00,0.3433,1.7,1.98,4.61,-40.27,2.18,-11.10,-2.99,-10.00
38,2,-1.00,-1.00,-1.00,-1.00,0.3386,1.8,1.99,4.65,-37.89,2.05,-29.71,0.06,-10.00
38,2,-1.00,-1.00,-1.00,-1.00,0.2963,1.8,1.96,4.62,35.98,0.49,-27.01,-3.10,-10.00
38,2,0.00,486.02,27.39,542.59,0.2941,1.7,1.97,4.55,-28.79,2.33,40.58,0.04,-10.00
38,2,821.42,446.62,886.55,510.19,0.2923,1.8,1.99,4.63,0.88,1.25,40.90,-1.55,-10.00
38,2,-1.00,-1.00,-1.00,-1.00,0.2602,1.6,1.94,4.59,-28.83,1.86,-28.54,1.64,-10.00
38,2,-1.00,-1.00,-1.00,-1.00,0.2544,1.8,2.01,4.76,-20.07,1.84,-31.64,-3.12,-10.00
38,2,0.00,486.86,128.74,586.56,0.2342,1.6,1.89,4.46,-14.73,1.95,21.55,0.10,-10.00
38,2,-1.00,-1.00,-1.00,-1.00,0.1923,1.7,1.95,4.56,-30.57,1.88,-30.34,0.07,-10.00
38,2,-1.00,-1.00,-1.00,-1.00,0.1827,1.7,1.98,4.57,-50.68,2.06,-25.26,3.10,-10.00
38,2,1029.22,462.76,1127.84,525.69,0.1809,1.5,1.86,4.65,6.50,1.43,32.78,-1.52,-10.00
38,2,-1.00,-1.00,-1.00,-1.00,0.1773,1.7,1.97,4.54,-46.63,2.27,39.56,0.09,-10.00
38,2,-1.00,-1.00,-1.00,-1.00,0.1772,1.7,1.96,4.59,-41.31,3.44,3.83,0.07,-10.00
38,2,-1.00,-1.00,-1.00,-1.00,0.1766,1.8,1.95,4.53,38.58,-0.13,-22.98,0.12,-10.00
38,2,-1.00,-1.00,-1.00,-1.00,0.1580,1.7,1.94,4.53,-30.50,1.60,-27.11,0.02,-10.00
38,2,-1.00,-1.00,-1.00,-1.00,0.1571,1.8,2.01,4.78,-45.01,2.41,36.77,1.54,-10.00
38,2,-1.00,-1.00,-1.00,-1.00,0.1551,1.6,1.90,4.40,-24.76,2.35,-36.89,0.12,-10.00
38,2,-1.00,-1.00,-1.00,-1.00,0.1539,1.7,1.96,4.62,35.13,0.97,13.43,1.29,-10.00
38,2,-1.00,-1.00,-1.00,-1.00,0.1450,1.7,1.95,4.51,-42.25,2.12,-2.67,1.64,-10.00
38,2,-1.00,-1.00,-1.00,-1.00,0.1430,1.7,1.95,4.47,3.75,1.15,-49.05,-1.48,-10.00
38,2,-1.00,-1.00,-1.00,-1.00,0.1374,1.7,1.93,4.49,-15.70,1.93,11.20,0.02,-10.00
38,2,1047.50,455.83,1166.38,526.85,0.1323,1.5,1.89,4.57,6.56,1.32,29.81,-1.54,-10.00
38,2,0.00,488.78,80.21,538.78,0.1312,1.6,1.93,4.52,-28.68,2.36,43.36,0.02,-10.00
38,2,996.33,463.72,1075.49,520.26,0.1294,1.6,1.91,4.71,6.64,1.57,40.23,-1.53,-10.00
38,2,0.00,491.90,123.34,539.76,0.1289,1.7,1.96,4.51,-28.68,2.55,46.09,-3.10,-10.00
38,2,-1.00,-1.00,-1.00,-1.00,0.1289,1.7,1.90,4.41,-37.21,2.23,-1.83,0.03,-10.00
38,2,-1.00,-1.00,-1.00,-1.00,0.1285,1.6,1.86,4.34,-15.46,2.09,13.55,0.06,-10.00
38,2,-1.00,-1.00,-1.00,-1.00,0.1215,1.6,1.93,4.52,-39.91,3.18,2.06,-1.53,-10.00
38,2,-1.00,-1.00,-1.00,-1.00,0.1159,1.7,1.97,4.63,-40.89,3.79,6.55,-3.05,-10.00
38,2,-1.00,-1.00,-1.00,-1.00,0.1156,1.7,1.97,4.55,-0.53,1.29,-28.08,-1.53,-10.00
38,2,-1.00,-1.00,-1.00,-1.00,0.1151,1.6,1.91,4.44,0.39,1.07,-49.80,0.08,-10.00
38,2,-1.00,-1.00,-1.00,-1.00,0.1151,1.6,1.92,4.53,-16.18,2.19,1.28,1.55,-10.00
38,2,-1.00,-1.00,-1.00,-1.00,0.1133,1.8,1.98,4.62,-28.52,1.82,-3.14,0.17,-10.00
38,2,-1.00,-1.00,-1.00,-1.00,0.1103,1.6,1.97,4.75,-23.06,1.92,-33.05,1.60,-10.00
38,2,-1.00,-1.00,-1.00,-1.00,0.1067,1.7,1.93,4.52,-27.69,2.56,-36.76,0.10,-10.00
38,2,-1.00,-1.00,-1.00,-1.00,0.1056,1.7,1.97,4.56,-46.12,2.21,34.84,3.14,-10.00
38,2,-1.00,-1.00,-1.00,-1.00,0.1034,1.7,1.94,4.45,37.54,0.01,-21.75,-0.03,-10.00
38,2,-1.00,-1.00,-1.00,-1.00,0.1034,1.7,1.98,4.58,-29.79,2.14,-1.05,-1.47,-10.00
38,2,222.15,467.45,312.71,524.33,0.1017,1.7,1.92,4.71,-18.52,1.77,41.70,-1.81,-10.00
39,2,-1.00,-1.00,-1.00,-1.00,0.9584,1.5,1.92,4.73,-3.15,1.61,0.68,1.59,-10.00
39,2,-1.00,-1.00,-1.00,-1.00,0.9188,1.9,2.03,5.05,-3.40,1.48,-5.99,1.57,-10.00
39,2,0.00,502.28,72.14,900.00,0.9128,1.5,1.80,4.40,-5.97,1.72,6.11,1.60,-10.00
39,2,-1.00,-1.00,-1.00,-1.00,0.8904,1.8,1.96,4.60,-15.22,2.00,12.78,0.06,-10.00
39,2,0.00,447.92,416.02,645.89,0.8813,1.7,1.94,4.86,-6.15,1.64,13.27,1.58,-10.00
39,2,1137.78,452.85,1340.15,554.24,0.8792,1.5,1.85,4.65,6.59,1.35,20.61,-1.55,-10.00
39,2,-1.00,-1.00,-1.00,-1.00,0.8002,2.3,2.15,5.50,-6.74,1.64,-3.19,1.58,-10.00
39,2,-1.00,-1.00,-1.00,-1.00,0.7245,1.6,1.84,4.28,-16.52,2.08,2.66,0.05,-10.00
39,2,0.00,503.36,103.32,553.71,0.6745,1.7,1.95,4.61,-28.87,2.98,45.11,-3.02,-10.00
39,2,-1.00,-1.00,-1.00,-1.00,0.6471,1.6,1.85,4.36,-16.17,2.19,5.23,0.05,-10.00
39,2,1503.70,279.94,1600.00,821.08,0.6133,2.0,2.13,5.60,6.57,1.45,7.48,-1.53,-10.00
39,2,821.91,452.75,890.76,520.37,0.6000,1.8,1.94,4.68,0.94,1.48,37.96,-1.53,-10.00
39,2,-1.00,-1.00,-1.00,-1.00,0.5645,1.6,1.87,4.40,-28.73,2.51,37.10,-3.07,-10.00
39,2,-1.00,-1.00,-1.00,-1.00,0.5446,1.7,1.97,4.65,-24.03,1.45,-31.06,0.05,-10.00
39,2,-1.00,-1.00,-1.00,-1.00,0.5187,2.2,2.19,5.58,-0.27,1.43,-18.81,-1.50,-10.00
39,2,-1.00,-1.00,-1.00,-1.00,0.4784,1.8,2.00,4.71,-20.21,1.57,-35.22,3.12,-10.00
39,2,-1.00,-1.00,-1.00,-1.00,0.4567,1.6,1.89,4.40,-15.02,2.14,15.39,-0.01,-10.00
39,2,-1.00,-1.00,-1.00,-1.00,0.4391,1.5,1.83,4.51,-6.77,1.59,-9.81,-1.59,-10.00
39,2,-1.00,-1.00,-1.00,-1.00,0.2968,1.8,2.05,4.70,-35.99,2.37,11.45,1.51,-10.00
39,2,-1.00,-1.00,-1.00,-1.00,0.2927,1.8,1.98,4.64,-37.91,1.71,-33.35,0.05,-10.00
39,2,-1.00,-1.00,-1.00,-1.00,0.2851,1.7,1.95,4.58,-24.66,1.71,-33.92,0.08,-10.00
39,2,-1.00,-1.00,-1.00,-1.00,0.2754,1.8,1.98,4.59,-27.57,1.69,-19.38,-0.01,-10.00
39,2,-1.00,-1.00,-1.00,-1.00,0.2352,1.6,1.88,4.37,-14.82,2.05,17.65,0.08,-10.00
39,2,-1.00,-1.00,-1.00,-1.00,0.2194,1.8,1.98,4.51,-30.38,2.51,9.75,-0.02,-10.00
39,2,-1.00,-1.00,-1.00,-1.00,0.2117,1.5,1.84,4.30,-15.98,2.41,7.97,-3.07,-10.00
39,2,-1.00,-1.00,-1.00,-1.00,0.1844,1.6,1.84,4.30,-16.77,2.04,0.35,0.09,-10.00
39,2,-1.00,-1.00,-1.00,-1.00,0.1683,1.7,1.93,4.56,-31.68,0.83,-11.25,-1.41,-10.00
39,2,-1.00,-1.00,-1.00,-1.00,0.1660,1.6,1.89,4.43,-25.10,2.03,-40.34,0.10,-10.00
39,2,-1.00,-1.00,-1.00,-1.00,0.1625,1.7,1.98,4.61,-47.41,1.54,-29.23,-0.08,-10.00
39,2,-1.00,-1.00,-1.00,-1.00,0.1604,1.7,1.94,4.58,35.26,-0.03,-30.91,-2.87,-10.00
39,2,-1.00,-1.00,-1.00,-1.00,0.1526,1.8,1.96,4.55,-48.75,2.66,18.30,-3.08,-10.00
39,2,-1.00,-1.00,-1.00,-1.00,0.1520,1.6,1.90,4.44,-23.34,1.52,-27.86,0.11,-10.00
39,2,-1.00,-1.00,-1.00,-1.00,0.1494,1.7,1.97,4.51,-47.78,3.01,25.14,0.05,-10.00
39,2,-1.00,-1.00,-1.00,-1.00,0.1480,1.6,1.90,4.41,-26.45,1.46,-27.55,0.04,-10.00
39,2,-1.00,-1.00,-1.00,-1.00,0.1478,1.6,1.90,4.60,-27.00,2.15,-41.41,-1.52,-10.00
39,2,-1.00,-1.00,-1.00,-1.00,0.1478,1.8,1.96,4.56,-46.06,2.49,30.33,-3.06,-10.00
39,2,-1.00,-1.00,-1.00,-1.00,0.1454,1.6,1.92,4.46,-30.34,1.24,-30.32,0.16,-10.00
39,2,-1.00,-1.00,-1.00,-1.00,0.1401,1.7,1.95,4.63,0.59,1.51,-38.25,-1.55,-10.00
39,2,520.16,475.83,588.98,521.98,0.1375,1.7,1.86,4.52,-10.85,2.05,50.26,1.55,-10.00
39,2,-1.00,-1.00,-1.00,-1.00,0.1375,1.7,1.93,4.44,-32.53,1.53,-30.78,-1.36,-10.00
39,2,-1.00,-1.00,-1.00,-1.00,0.1367,1.7,1.95,4.56,-45.73,1.48,-30.52,1.64,-10.00
39,2,-1.00,-1.00,-1.00,-1.00,0.1364,1.7,1.93,4.45,-36.96,1.81,-29.55,0.23,-10.00
39,2,-1.00,-1.00,-1.00,-1.00,0.1327,1.9,1.96,4.64,7.31,0.91,-49.92,2.82,-10.00
39,2,-1.00,-1.00,-1.00,-1.00,0.1308,1.7,1.98,4.61,43.27,-1.62,-51.70,1.39,-10.00
39,2,-1.00,-1.00,-1.00,-1.00,0.1303,1.6,1.88,4.47,45.58,0.33,9.66,-1.73,-10.00
39,2,-1.00,-1.00,-1.00,-1.00,0.1283,1.7,1.99,4.62,-33.16,0.70,-15.03,-3.02,-10.00
39,2,-1.00,-1.00,-1.00,-1.00,0.1245,1.7,1.97,4.57,-45.84,2.45,31.95,-3.08,-10.00
39,2,0.00,504.03,24.40,557.37,0.1243,1.6,1.92,4.42,-28.53,2.76,40.14,-3.12,-10.00
39,2,1069.21,463.56,1206.66,540.29,0.1229,1.5,1.86,4.59,6.50,1.49,26.69,-1.55,-10.00
39,2,-1.00,-1.00,-1.00,-1.00,0.1223,1.8,1.98,4.63,-28.33,1.48,-6.71,-1.49,-10.00
39,2,-1.00,-1.00,-1.00,-1.00,0.1191,1.8,2.00,4.75,-30.13,2.27,11.68,-1.54,-10.00
39,2,-1.00,-1.00,-1.00,-1.00,0.1183,1.6,1.82,4.28,-15.40,2.29,10.05,-3.06,-10.00
39,2,333.97,481.82,462.44,544.54,0.1180,1.7,1.96,4.75,-12.22,2.13,36.10,-1.54,-10.00
39,2,-1.00,-1.00,-1.00,-1.00,0.1155,1.8,2.09,4.76,-48.32,0.47,-41.96,1.66,-10.00
39,2,-1.00,-1.00,-1.00,-1.00,0.1143,1.7,1.91,4.39,23.11,0.74,12.73,1.75,-10.00
39,2,-1.00,-1.00,-1.00,-1.00,0.1118,1.8,2.01,4.62,-35.77,2.59,8.28,1.58,-10.00
39,2,-1.00,-1.00,-1.00,-1.00,0.1087,1.8,1.96,4.57,-37.21,2.69,13.40,-3.14,-10.00
39,2,-1.00,-1.00,-1.00,-1.00,0.1054,1.7,1.95,4.58,-29.52,1.21,-28.31,0.05,-10.00
39,2,-1.00,-1.00,-1.00,-1.00,0.1037,1.6,1.94,4.54,-24.04,1.76,-35.15,-0.02,-10.00
39,2,-1.00,-1.00,-1.00,-1.00,0.1034,1.7,1.96,4.49,-33.27,2.61,10.90,-1.55,-10.00
39,2,-1.00,-1.00,-1.00,-1.00,0.1028,1.7,1.98,4.53,-12.60,1.60,-2.91,-1.55,-10.00
39,2,-1.00,-1.00,-1.00,-1.00,0.1021,1.7,1.94,4.52,-40.90,1.63,-27.50,-1.51,-10.00
39,2,-1.00,-1.00,-1.00,-1.00,0.1003,1.8,1.91,4.43,44.83,-0.92,-29.77,0.37,-10.00
