0,2,-1.00,-1.00,-1.00,-1.00,0.9662,1.6,1.88,4.60,0.26,1.62,-8.67,-1.64,-10.00
0,2,-1.00,-1.00,-1.00,-1.00,0.9337,1.5,1.84,4.51,6.59,1.74,-11.59,1.66,-10.00
0,2,-1.00,-1.00,-1.00,-1.00,0.8136,1.6,1.91,4.65,11.90,2.13,1.91,2.30,-10.00
0,2,378.17,447.24,781.71,609.90,0.7767,1.9,2.00,4.78,-2.87,1.43,16.20,3.08,-10.00
0,2,875.67,492.91,958.39,552.28,0.6447,1.7,1.92,4.28,3.00,1.78,38.61,1.51,-10.00
0,2,-1.00,-1.00,-1.00,-1.00,0.6442,1.6,1.81,4.29,0.13,1.42,-19.53,-1.50,-10.00
0,2,-1.00,-1.00,-1.00,-1.00,0.2553,1.6,1.89,4.32,-3.15,1.41,-32.87,-1.58,-10.00
0,2,-1.00,-1.00,-1.00,-1.00,0.2486,1.9,1.99,4.73,25.18,2.22,28.01,0.39,-10.00
0,2,1101.77,480.59,1271.14,540.76,0.2351,1.7,1.92,4.43,10.84,1.40,37.31,-2.33,-10.00
0,2,-1.00,-1.00,-1.00,-1.00,0.2247,1.7,1.90,4.46,31.28,2.23,31.30,-3.12,-10.00
0,2,-1.00,-1.00,-1.00,-1.00,0.2185,1.7,1.92,4.54,44.53,2.45,23.30,3.14,-10.00
0,2,-1.00,-1.00,-1.00,-1.00,0.2139,1.6,1.86,4.32,10.42,1.72,-20.73,1.52,-10.00
0,2,-1.00,-1.00,-1.00,-1.00,0.2001,1.8,2.00,4.65,31.52,2.22,22.77,-3.11,-10.00
0,2,-1.00,-1.00,-1.00,-1.00,0.1863,1.7,1.94,4.47,-42.61,-0.04,-10.82,1.52,-10.00
0,2,-1.00,-1.00,-1.00,-1.00,0.1749,1.7,1.92,4.38,-0.72,0.67,-45.81,-1.61,-10.00
0,2,1042.24,480.24,1200.87,539.45,0.1686,1.7,1.94,4.46,9.46,1.44,39.48,0.80,-10.00
0,2,-1.00,-1.00,-1.00,-1.00,0.1669,1.8,1.89,4.29,2.82,1.33,-38.06,-1.66,-10.00
0,2,856.34,495.60,914.05,542.95,0.1515,1.6,1.85,4.46,2.40,1.77,45.07,1.58,-10.00
0,2,-1.00,-1.00,-1.00,-1.00,0.1312,1.6,1.89,4.46,8.39,1.60,-49.70,-1.48,-10.00
0,2,-1.00,-1.00,-1.00,-1.00,0.1302,1.7,1.96,4.41,2.45,1.18,-42.11,-1.47,-10.00
0,2,-1.00,-1.00,-1.00,-1.00,0.1290,1.6,1.92,4.54,-1.95,1.57,-38.88,-1.62,-10.00
0,2,-1.00,-1.00,-1.00,-1.00,0.1258,1.7,1.93,4.51,24.24,2.31,22.47,3.14,-10.00
0,2,-1.00,-1.00,-1.00,-1.00,0.1075,1.7,1.92,4.44,33.13,2.83,13.21,-3.10,-10.00
0,2,-1.00,-1.00,-1.00,-1.00,0.1039,1.7,1.95,4.62,0.48,1.22,-37.01,3.02,-10.00
0,2,-1.00,-1.00,-1.00,-1.00,0.1037,1.7,1.92,4.44,44.04,2.89,21.15,-3.02,-10.00
1,2,-1.00,-1.00,-1.00,-1.00,0.9766,1.5,1.83,4.34,0.28,1.54,-8.63,-1.60,-10.00
1,2,-1.00,-1.00,-1.00,-1.00,0.9648,1.4,1.70,3.76,0.16,1.20,-19.54,-1.58,-10.00
1,2,877.50,486.56,958.48,549.92,0.9034,1.8,1.96,4.30,3.04,1.72,38.66,1.53,-10.00
1,2,-1.00,-1.00,-1.00,-1.00,0.8993,1.7,1.92,4.65,6.41,1.87,-14.72,1.60,-10.00
1,2,-1.00,-1.00,-1.00,-1.00,0.8776,1.7,1.91,4.60,10.46,2.04,-0.16,2.16,-10.00
1,2,864.81,492.57,924.85,543.41,0.8206,1.7,1.88,4.06,2.72,1.78,44.63,1.58,-10.00
1,2,66.21,426.20,496.44,577.93,0.7383,1.8,1.94,4.63,-6.64,1.04,16.12,3.13,-10.00
1,2,-1.00,-1.00,-1.00,-1.00,0.6969,1.7,1.93,4.58,27.35,2.02,27.34,0.29,-10.00
1,2,-1.00,-1.00,-1.00,-1.00,0.5090,1.9,1.99,4.37,-7.99,1.17,-51.17,-1.63,-10.00
1,2,-1.00,-1.00,-1.00,-1.00,0.3232,1.9,1.98,4.35,-0.36,0.93,-45.35,-1.53,-10.00
1,2,1115.09,484.47,1287.30,552.16,0.2800,1.8,1.98,4.50,11.10,1.69,36.80,0.94,-10.00
1,2,0.00,446.45,109.87,593.56,0.2637,1.7,1.96,4.60,-11.71,1.20,15.86,3.12,-10.00
1,2,-1.00,-1.00,-1.00,-1.00,0.2040,1.7,1.88,4.49,8.80,1.63,-50.30,1.65,-10.00
1,2,865.30,499.37,935.20,557.93,0.1613,1.8,1.96,4.25,2.72,2.11,41.82,1.56,-10.00
1,2,-1.00,-1.00,-1.00,-1.00,0.1487,1.7,1.90,4.48,30.30,2.21,26.47,0.29,-10.00
1,2,1514.55,505.93,1600.00,578.14,0.1378,1.7,1.89,4.42,20.04,2.06,31.74,0.52,-10.00
1,2,475.48,485.49,548.49,533.88,0.1336,1.7,1.91,4.39,-11.51,1.57,48.18,1.52,-10.00
1,2,-1.00,-1.00,-1.00,-1.00,0.1284,1.7,1.93,4.21,4.37,1.42,-42.18,-1.56,-10.00
1,2,1120.64,490.90,1297.56,557.26,0.1261,1.7,1.94,4.44,10.84,1.75,35.21,0.96,-10.00
1,2,1201.02,496.77,1397.34,566.22,0.1146,1.8,1.98,4.63,13.13,1.94,34.56,0.66,-10.00
1,2,-1.00,-1.00,-1.00,-1.00,0.1095,1.7,1.98,4.48,-7.10,1.48,-18.67,-1.62,-10.00
2,2,-1.00,-1.00,-1.00,-1.00,0.9766,1.6,1.84,4.38,0.29,1.55,-8.65,-1.60,-10.00
2,2,-1.00,-1.00,-1.00,-1.00,0.9352,1.4,1.72,3.95,0.18,1.31,-19.63,-1.58,-10.00
2,2,880.62,488.12,959.10,549.49,0.9258,1.8,1.96,4.32,3.09,1.70,38.62,1.55,-10.00
2,2,-1.00,-1.00,-1.00,-1.00,0.8828,1.7,1.90,4.66,6.40,1.80,-18.17,1.58,-10.00
2,2,-1.00,-1.00,-1.00,-1.00,0.8429,1.6,1.91,4.63,9.20,1.93,-2.63,2.03,-10.00
2,2,867.37,495.53,924.18,544.78,0.8347,1.6,1.87,4.14,2.76,1.83,44.74,1.60,-10.00
2,2,-1.00,-1.00,-1.00,-1.00,0.5125,1.9,1.98,4.37,-7.98,1.19,-51.14,-1.63,-10.00
2,2,-1.00,-1.00,-1.00,-1.00,0.3588,1.7,1.90,4.50,30.46,2.12,26.56,0.23,-10.00
2,2,-1.00,-1.00,-1.00,-1.00,0.2649,1.9,1.96,4.28,-0.38,0.94,-45.20,-1.54,-10.00
2,2,0.00,456.44,131.79,606.32,0.2561,1.7,1.98,4.67,-11.48,1.37,15.88,3.04,-10.00
2,2,1184.13,509.57,1371.04,577.06,0.2483,1.7,1.95,4.42,12.45,2.21,34.42,0.92,-10.00
2,2,-1.00,-1.00,-1.00,-1.00,0.2134,1.7,1.96,4.56,8.42,1.79,-51.28,1.74,-10.00
2,2,1188.92,493.73,1373.33,559.20,0.1845,1.7,1.90,4.51,13.06,1.83,35.72,0.69,-10.00
2,2,1267.44,490.62,1463.41,559.68,0.1809,1.7,1.94,4.56,14.61,1.74,33.76,0.55,-10.00
2,2,1095.90,494.45,1271.04,558.95,0.1733,1.7,1.96,4.53,10.44,1.84,36.27,0.91,-10.00
2,2,0.00,460.63,73.46,599.60,0.1620,1.7,1.97,4.63,-12.85,1.36,17.07,-3.02,-10.00
2,2,1169.78,512.99,1351.72,582.21,0.1619,1.7,1.97,4.43,11.61,2.26,33.39,1.12,-10.00
2,2,-1.00,-1.00,-1.00,-1.00,0.1531,1.5,1.79,3.81,0.08,1.47,-16.74,-1.61,-10.00
2,2,-1.00,-1.00,-1.00,-1.00,0.1430,1.6,1.88,4.30,0.08,1.35,-33.13,-1.58,-10.00
2,2,-1.00,-1.00,-1.00,-1.00,0.1359,1.6,1.85,4.31,22.32,1.95,30.47,0.43,-10.00
2,2,865.63,502.14,933.26,558.88,0.1353,1.8,1.94,4.15,2.69,2.15,41.85,1.57,-10.00
2,2,-1.00,-1.00,-1.00,-1.00,0.1204,1.7,1.91,4.53,33.45,2.18,26.08,0.09,-10.00
2,2,-1.00,-1.00,-1.00,-1.00,0.1183,1.7,1.97,4.59,-40.18,1.05,16.71,-0.11,-10.00
2,2,-1.00,-1.00,-1.00,-1.00,0.1169,1.8,1.96,4.36,-1.15,1.04,-43.00,-1.55,-10.00
2,2,1024.67,484.42,1181.24,540.24,0.1156,1.6,1.86,4.36,8.88,1.47,39.36,0.63,-10.00
2,2,-1.00,-1.00,-1.00,-1.00,0.1134,1.8,1.98,4.65,44.50,1.85,29.70,-0.15,-10.00
2,2,-1.00,-1.00,-1.00,-1.00,0.1116,1.6,1.88,4.41,30.58,2.17,22.89,-3.13,-10.00
2,2,-1.00,-1.00,-1.00,-1.00,0.1097,1.7,1.94,4.26,1.70,1.14,-42.41,-1.55,-10.00
2,2,890.26,499.03,987.49,568.06,0.1093,1.7,1.90,4.36,3.13,1.91,33.15,1.52,-10.00
2,2,-1.00,-1.00,-1.00,-1.00,0.1082,1.8,2.00,4.38,0.01,1.33,-28.41,-1.59,-10.00
2,2,-1.00,-1.00,-1.00,-1.00,0.1027,1.7,1.92,4.23,4.37,1.45,-42.16,-1.57,-10.00
2,2,-1.00,-1.00,-1.00,-1.00,0.1009,1.7,1.98,4.47,-7.10,1.49,-18.67,-1.63,-10.00
3,2,-1.00,-1.00,-1.00,-1.00,0.9760,1.5,1.84,4.39,0.29,1.56,-8.68,-1.59,-10.00
3,2,-1.00,-1.00,-1.00,-1.00,0.9565,1.4,1.73,3.82,0.21,1.25,-19.64,-1.58,-10.00
3,2,881.18,485.77,960.68,548.70,0.9115,1.8,1.96,4.30,3.13,1.68,38.63,1.55,-10.00
3,2,-1.00,-1.00,-1.00,-1.00,0.8444,1.8,1.89,4.60,6.43,1.88,-21.41,1.56,-10.00
3,2,866.98,495.43,923.74,544.71,0.8306,1.6,1.87,4.13,2.75,1.82,44.75,1.60,-10.00
3,2,-1.00,-1.00,-1.00,-1.00,0.8104,1.6,1.85,4.46,8.22,1.92,-5.19,1.93,-10.00
3,2,-1.00,-1.00,-1.00,-1.00,0.4831,1.8,2.03,4.52,-7.96,1.31,-50.97,-1.66,-10.00
3,2,-1.00,-1.00,-1.00,-1.00,0.4141,1.9,1.99,4.33,-0.75,0.92,-45.42,-1.58,-10.00
3,2,-1.00,-1.00,-1.00,-1.00,0.2924,1.7,1.93,4.43,7.58,1.63,-52.09,1.71,-10.00
3,2,-1.00,-1.00,-1.00,-1.00,0.2889,1.7,1.95,4.51,-16.94,0.89,16.70,-1.60,-10.00
3,2,-1.00,-1.00,-1.00,-1.00,0.2889,1.8,1.96,4.63,33.02,2.25,26.39,0.10,-10.00
3,2,-1.00,-1.00,-1.00,-1.00,0.2630,1.7,1.94,4.56,-19.18,1.03,14.36,3.03,-10.00
3,2,-1.00,-1.00,-1.00,-1.00,0.2549,1.7,1.96,4.67,-15.32,1.00,15.19,-0.07,-10.00
3,2,-1.00,-1.00,-1.00,-1.00,0.2136,1.7,1.90,4.21,4.36,1.47,-42.20,-1.57,-10.00
3,2,-1.00,-1.00,-1.00,-1.00,0.1681,1.6,1.91,4.45,-18.65,1.06,11.87,2.97,-10.00
3,2,-1.00,-1.00,-1.00,-1.00,0.1386,1.7,1.92,4.47,-19.24,0.95,15.76,-3.01,-10.00
3,2,865.88,501.77,933.24,558.89,0.1272,1.8,1.94,4.15,2.70,2.15,41.90,1.57,-10.00
3,2,-1.00,-1.00,-1.00,-1.00,0.1145,1.7,2.00,4.49,-6.67,1.49,-19.01,-1.65,-10.00
3,2,-1.00,-1.00,-1.00,-1.00,0.1107,1.8,1.96,4.17,3.20,1.31,-35.00,-1.58,-10.00
3,2,-1.00,-1.00,-1.00,-1.00,0.1065,1.7,1.91,4.44,-40.77,0.41,-12.86,-0.00,-10.00
3,2,-1.00,-1.00,-1.00,-1.00,0.1052,1.7,1.89,4.43,42.53,2.40,29.33,3.08,-10.00
3,2,-1.00,-1.00,-1.00,-1.00,0.1040,1.8,1.96,4.64,5.13,1.24,-33.83,-3.12,-10.00
3,2,-1.00,-1.00,-1.00,-1.00,0.1024,1.7,1.88,4.40,29.58,2.18,22.61,-3.14,-10.00
3,2,-1.00,-1.00,-1.00,-1.00,0.1006,1.7,1.93,4.17,-3.09,1.42,-31.19,-1.60,-10.00
4,2,-1.00,-1.00,-1.00,-1.00,0.9763,1.6,1.86,4.45,0.27,1.55,-8.60,-1.60,-10.00
4,2,-1.00,-1.00,-1.00,-1.00,0.9590,1.4,1.72,3.83,0.25,1.23,-19.60,-1.57,-10.00
4,2,864.58,494.02,924.10,543.98,0.9220,1.7,1.88,4.02,2.71,1.80,44.73,1.58,-10.00
4,2,880.63,487.06,959.14,549.09,0.9081,1.8,1.95,4.29,3.10,1.69,38.69,1.55,-10.00
4,2,-1.00,-1.00,-1.00,-1.00,0.8802,1.8,1.89,4.55,6.44,1.88,-24.50,1.55,-10.00
4,2,-1.00,-1.00,-1.00,-1.00,0.8504,1.6,1.91,4.70,7.67,1.91,-7.82,1.83,-10.00
4,2,-1.00,-1.00,-1.00,-1.00,0.4477,1.9,2.02,4.38,-7.95,1.25,-51.19,-1.64,-10.00
4,2,-1.00,-1.00,-1.00,-1.00,0.3294,1.9,1.98,4.33,-0.74,1.01,-45.46,-1.57,-10.00
4,2,-1.00,-1.00,-1.00,-1.00,0.2400,1.8,2.01,4.57,7.21,1.77,-52.62,2.03,-10.00
4,2,-1.00,-1.00,-1.00,-1.00,0.2361,1.8,2.02,4.78,-20.02,0.90,15.01,3.01,-10.00
4,2,1318.29,495.72,1492.08,551.97,0.1747,1.6,1.84,4.33,17.51,1.76,37.80,-3.14,-10.00
4,2,-1.00,-1.00,-1.00,-1.00,0.1698,1.7,1.92,4.21,4.38,1.50,-42.22,-1.60,-10.00
4,2,1368.25,503.64,1567.44,575.25,0.1642,1.7,1.89,4.43,16.64,2.06,32.56,0.44,-10.00
4,2,-1.00,-1.00,-1.00,-1.00,0.1542,1.8,1.91,4.51,34.24,2.12,26.05,0.10,-10.00
4,2,-1.00,-1.00,-1.00,-1.00,0.1526,1.7,1.90,4.45,43.61,2.25,29.55,3.05,-10.00
4,2,-1.00,-1.00,-1.00,-1.00,0.1308,1.7,1.94,4.50,-41.18,0.15,-12.80,0.01,-10.00
4,2,866.36,502.57,933.17,559.70,0.1242,1.8,1.94,4.14,2.71,2.18,41.89,1.57,-10.00
4,2,-1.00,-1.00,-1.00,-1.00,0.1198,1.8,1.96,4.57,-38.46,0.87,17.08,-0.15,-10.00
4,2,768.37,488.13,835.29,537.93,0.1148,1.7,1.91,4.06,-0.46,1.61,45.18,1.68,-10.00
4,2,-1.00,-1.00,-1.00,-1.00,0.1060,1.6,1.94,4.53,26.49,1.76,22.50,3.09,-10.00
4,2,-1.00,-1.00,-1.00,-1.00,0.1048,1.7,2.01,4.48,-6.68,1.46,-19.00,-1.62,-10.00
4,2,-1.00,-1.00,-1.00,-1.00,0.1031,1.7,1.84,4.29,-0.96,1.35,-26.63,3.14,-10.00
4,2,-1.00,-1.00,-1.00,-1.00,0.1018,1.6,1.89,4.42,21.39,1.97,22.57,3.12,-10.00
5,2,-1.00,-1.00,-1.00,-1.00,0.9753,1.5,1.83,4.35,0.29,1.56,-8.65,-1.60,-10.00
5,2,-1.00,-1.00,-1.00,-1.00,0.9471,1.4,1.73,3.82,0.28,1.21,-19.58,-1.58,-10.00
5,2,879.55,486.98,957.61,547.47,0.9075,1.7,1.93,4.30,3.06,1.65,38.64,1.55,-10.00
5,2,861.45,494.88,925.12,546.03,0.8802,1.7,1.91,4.06,2.67,1.87,44.69,1.55,-10.00
5,2,-1.00,-1.00,-1.00,-1.00,0.8334,1.7,1.90,4.70,6.48,1.76,-27.81,1.54,-10.00
5,2,-1.00,-1.00,-1.00,-1.00,0.8122,1.7,1.91,4.66,7.23,1.90,-10.39,1.78,-10.00
5,2,1444.75,510.51,1600.00,583.53,0.5320,1.7,1.94,4.51,17.90,2.14,30.96,0.45,-10.00
5,2,-1.00,-1.00,-1.00,-1.00,0.5038,2.0,1.99,4.82,-24.27,1.06,14.32,3.02,-10.00
5,2,-1.00,-1.00,-1.00,-1.00,0.5035,1.8,2.01,4.50,-7.93,1.22,-50.96,-1.67,-10.00
5,2,-1.00,-1.00,-1.00,-1.00,0.3377,1.9,1.98,4.35,-0.76,0.94,-45.63,-1.59,-10.00
5,2,-1.00,-1.00,-1.00,-1.00,0.2551,1.7,1.94,4.56,37.16,2.13,25.99,0.08,-10.00
5,2,-1.00,-1.00,-1.00,-1.00,0.1810,1.6,1.84,4.30,32.81,2.33,28.03,0.07,-10.00
5,2,-1.00,-1.00,-1.00,-1.00,0.1681,1.7,1.89,4.22,4.42,1.52,-42.23,1.53,-10.00
5,2,-1.00,-1.00,-1.00,-1.00,0.1633,1.6,1.90,4.47,24.39,2.22,21.36,-3.11,-10.00
5,2,-1.00,-1.00,-1.00,-1.00,0.1363,1.6,1.85,4.35,40.07,2.14,26.03,0.03,-10.00
5,2,-1.00,-1.00,-1.00,-1.00,0.1181,1.5,1.79,4.20,16.85,1.94,14.12,3.12,-10.00
5,2,-1.00,-1.00,-1.00,-1.00,0.1155,1.7,1.98,4.70,-28.22,1.03,13.58,2.95,-10.00
5,2,781.74,491.88,842.34,541.21,0.1152,1.7,1.90,4.08,-0.10,1.72,45.14,1.63,-10.00
5,2,-1.00,-1.00,-1.00,-1.00,0.1128,1.7,1.99,4.48,-7.10,1.46,-18.70,-1.64,-10.00
5,2,-1.00,-1.00,-1.00,-1.00,0.1070,1.6,1.89,4.41,22.14,2.14,22.51,-3.14,-10.00
5,2,1305.57,488.72,1428.53,546.32,0.1053,1.7,1.89,4.22,16.73,1.62,38.70,1.56,-10.00
5,2,-1.00,-1.00,-1.00,-1.00,0.1031,1.6,1.87,4.40,43.84,2.03,29.65,-3.04,-10.00
6,2,-1.00,-1.00,-1.00,-1.00,0.9744,1.5,1.82,4.34,0.29,1.55,-8.63,-1.61,-10.00
6,2,-1.00,-1.00,-1.00,-1.00,0.9516,1.4,1.69,3.72,0.13,1.18,-19.63,-1.58,-10.00
6,2,882.12,487.55,959.36,549.01,0.9292,1.8,1.96,4.29,3.12,1.69,38.60,1.56,-10.00
6,2,-1.00,-1.00,-1.00,-1.00,0.9062,1.6,1.87,4.60,6.84,1.89,-13.10,1.68,-10.00
6,2,-1.00,-1.00,-1.00,-1.00,0.8942,1.7,1.87,4.55,6.53,1.74,-30.79,1.57,-10.00
6,2,866.20,494.06,922.83,543.74,0.8046,1.7,1.88,4.11,2.72,1.79,44.73,1.61,-10.00
6,2,1552.85,506.17,1600.00,587.71,0.5672,1.8,1.91,4.53,19.98,2.14,29.77,0.49,-10.00
6,2,-1.00,-1.00,-1.00,-1.00,0.5564,2.1,2.12,5.28,-28.93,1.00,13.92,3.01,-10.00
6,2,-1.00,-1.00,-1.00,-1.00,0.3923,1.9,1.96,4.31,-0.00,0.73,-45.15,-1.56,-10.00
6,2,-1.00,-1.00,-1.00,-1.00,0.3825,1.8,2.03,4.57,-7.99,1.31,-51.18,-1.70,-10.00
6,2,-1.00,-1.00,-1.00,-1.00,0.2447,1.6,1.83,4.26,35.48,2.23,27.73,0.00,-10.00
6,2,-1.00,-1.00,-1.00,-1.00,0.1590,1.7,1.91,4.47,44.17,2.41,26.04,-0.06,-10.00
6,2,1309.20,490.21,1422.83,548.49,0.1383,1.7,1.87,4.35,16.72,1.68,38.76,1.65,-10.00
6,2,-1.00,-1.00,-1.00,-1.00,0.1333,1.6,1.81,4.20,33.03,2.11,28.12,-0.12,-10.00
6,2,-1.00,-1.00,-1.00,-1.00,0.1317,1.6,1.94,4.31,-4.24,1.54,-19.81,-1.58,-10.00
6,2,-1.00,-1.00,-1.00,-1.00,0.1276,1.7,1.98,4.45,-7.10,1.51,-18.66,-1.64,-10.00
6,2,-1.00,-1.00,-1.00,-1.00,0.1174,1.9,2.01,4.79,44.63,2.04,29.66,-0.11,-10.00
6,2,866.03,502.87,932.56,559.53,0.1139,1.8,1.93,4.14,2.70,2.17,41.96,1.57,-10.00
6,2,-1.00,-1.00,-1.00,-1.00,0.1040,1.7,1.90,4.50,-20.96,1.21,16.71,-0.46,-10.00
6,2,195.62,433.91,282.23,487.53,0.1019,1.7,1.89,4.33,-20.84,-0.20,45.88,-1.77,-10.00
6,2,-1.00,-1.00,-1.00,-1.00,0.1005,1.7,1.94,4.40,-1.13,0.64,-47.25,1.56,-10.00
7,2,-1.00,-1.00,-1.00,-1.00,0.9745,1.6,1.85,4.39,0.29,1.58,-8.67,-1.61,-10.00
7,2,-1.00,-1.00,-1.00,-1.00,0.9470,1.4,1.69,3.74,0.23,1.18,-19.59,-1.59,-10.00
7,2,-1.00,-1.00,-1.00,-1.00,0.9125,1.7,1.87,4.58,6.62,1.73,-16.17,1.65,-10.00
7,2,881.31,487.64,957.97,548.33,0.8850,1.7,1.92,4.29,3.09,1.67,38.66,1.56,-10.00
7,2,866.86,492.50,924.52,544.13,0.8067,1.7,1.90,4.09,2.76,1.80,44.70,1.60,-10.00
7,2,-1.00,-1.00,-1.00,-1.00,0.7489,1.7,1.88,4.44,22.19,2.09,28.69,0.44,-10.00
7,2,-1.00,-1.00,-1.00,-1.00,0.6942,1.8,1.87,4.55,6.51,1.76,-33.59,1.55,-10.00
7,2,-1.00,-1.00,-1.00,-1.00,0.6470,2.0,2.02,4.90,-33.10,0.95,13.56,3.06,-10.00
7,2,-1.00,-1.00,-1.00,-1.00,0.5242,1.8,2.01,4.50,-7.94,1.25,-50.87,-1.65,-10.00
7,2,-1.00,-1.00,-1.00,-1.00,0.3305,1.9,1.97,4.36,-0.38,0.92,-45.37,-1.57,-10.00
7,2,-1.00,-1.00,-1.00,-1.00,0.2513,1.6,1.81,4.26,38.78,2.33,27.64,-0.03,-10.00
7,2,-1.00,-1.00,-1.00,-1.00,0.1551,1.7,1.92,4.50,35.64,2.18,27.98,0.01,-10.00
7,2,-1.00,-1.00,-1.00,-1.00,0.1414,1.8,2.06,4.94,-36.30,0.71,13.56,3.11,-10.00
7,2,-1.00,-1.00,-1.00,-1.00,0.1356,1.6,1.89,4.44,-42.38,0.59,19.57,2.97,-10.00
7,2,-1.00,-1.00,-1.00,-1.00,0.1328,1.6,1.89,4.05,0.10,1.49,-24.38,-1.55,-10.00
7,2,866.50,500.49,933.04,558.00,0.1326,1.8,1.93,4.18,2.71,2.12,41.89,1.57,-10.00
7,2,-1.00,-1.00,-1.00,-1.00,0.1252,1.7,1.93,4.55,29.94,2.25,22.56,3.13,-10.00
7,2,-1.00,-1.00,-1.00,-1.00,0.1243,1.7,1.88,4.41,38.99,2.51,26.15,0.12,-10.00
7,2,-1.00,-1.00,-1.00,-1.00,0.1220,1.8,1.89,4.44,-0.92,1.51,-26.58,-3.12,-10.00
7,2,-1.00,-1.00,-1.00,-1.00,0.1116,1.7,1.88,4.43,24.92,2.21,27.68,0.36,-10.00
7,2,-1.00,-1.00,-1.00,-1.00,0.1079,1.7,1.97,4.40,-6.68,1.52,-18.17,-1.60,-10.00
7,2,-1.00,-1.00,-1.00,-1.00,0.1024,1.8,2.00,4.62,-41.79,0.09,-8.42,-3.11,-10.00
8,2,-1.00,-1.00,-1.00,-1.00,0.9746,1.5,1.85,4.39,0.29,1.58,-8.65,-1.61,-10.00
8,2,-1.00,-1.00,-1.00,-1.00,0.9410,1.4,1.71,3.74,0.20,1.22,-19.62,-1.58,-10.00
8,2,877.47,490.95,957.55,551.64,0.8737,1.7,1.95,4.29,3.02,1.76,38.60,1.54,-10.00
8,2,867.25,492.47,922.80,542.72,0.8233,1.7,1.86,4.05,2.74,1.75,44.64,1.62,-10.00
8,2,-1.00,-1.00,-1.00,-1.00,0.7695,1.7,1.88,4.44,6.37,1.63,-36.78,1.59,-10.00
8,2,-1.00,-1.00,-1.00,-1.00,0.6319,1.8,1.94,4.59,24.93,2.15,27.74,0.37,-10.00
8,2,-1.00,-1.00,-1.00,-1.00,0.6141,1.8,1.89,4.63,6.43,1.81,-19.50,1.58,-10.00
8,2,-1.00,-1.00,-1.00,-1.00,0.5043,1.7,1.95,4.65,-37.41,0.49,13.52,3.11,-10.00
8,2,-1.00,-1.00,-1.00,-1.00,0.4987,1.9,1.99,4.36,-7.98,1.19,-51.16,-1.65,-10.00
8,2,1301.74,496.54,1429.24,556.20,0.3493,1.7,1.90,4.27,16.70,1.90,38.75,1.53,-10.00
8,2,-1.00,-1.00,-1.00,-1.00,0.2944,1.9,1.96,4.32,-0.36,0.94,-45.38,-1.58,-10.00
8,2,-1.00,-1.00,-1.00,-1.00,0.2110,1.6,1.89,4.47,42.36,2.21,27.17,0.08,-10.00
8,2,1424.85,507.31,1600.00,579.76,0.1446,1.7,1.92,4.49,17.48,2.06,30.96,0.32,-10.00
8,2,-1.00,-1.00,-1.00,-1.00,0.1317,1.6,1.99,4.69,-38.70,0.63,14.68,-2.96,-10.00
8,2,-1.00,-1.00,-1.00,-1.00,0.1286,1.7,1.82,4.25,-0.97,1.41,-26.62,3.13,-10.00
8,2,-1.00,-1.00,-1.00,-1.00,0.1166,1.6,1.85,4.37,39.53,2.02,27.64,0.03,-10.00
8,2,865.13,502.36,933.86,559.52,0.1145,1.8,1.94,4.16,2.70,2.17,41.89,1.56,-10.00
8,2,-1.00,-1.00,-1.00,-1.00,0.1066,1.7,1.91,4.23,4.00,1.42,-42.45,1.56,-10.00
8,2,-1.00,-1.00,-1.00,-1.00,0.1034,1.6,1.93,4.52,-41.42,0.67,16.37,-2.88,-10.00
8,2,-1.00,-1.00,-1.00,-1.00,0.1001,1.6,1.89,4.45,39.57,2.47,16.85,3.08,-10.00
9,2,-1.00,-1.00,-1.00,-1.00,0.9793,1.6,1.87,4.45,0.29,1.56,-8.67,-1.62,-10.00
9,2,-1.00,-1.00,-1.00,-1.00,0.9410,1.4,1.72,3.76,0.27,1.22,-19.55,-1.59,-10.00
9,2,862.53,495.62,924.89,545.38,0.9244,1.7,1.86,4.04,2.69,1.85,44.71,1.55,-10.00
9,2,-1.00,-1.00,-1.00,-1.00,0.9048,1.7,1.89,4.61,6.34,1.88,-22.58,1.58,-10.00
9,2,879.51,488.12,956.05,548.75,0.8957,1.7,1.91,4.24,3.03,1.68,38.63,1.55,-10.00
9,2,-1.00,-1.00,-1.00,-1.00,0.7914,1.7,1.94,4.61,27.78,2.17,26.91,0.26,-10.00
9,2,-1.00,-1.00,-1.00,-1.00,0.7371,1.7,1.91,4.60,6.41,1.70,-39.56,1.60,-10.00
9,2,-1.00,-1.00,-1.00,-1.00,0.2912,1.8,1.96,4.37,-0.34,0.91,-45.39,-1.59,-10.00
9,2,-1.00,-1.00,-1.00,-1.00,0.1739,1.6,1.94,4.49,-40.13,0.91,16.76,-0.09,-10.00
9,2,-1.00,-1.00,-1.00,-1.00,0.1706,1.7,1.93,4.57,30.94,2.16,26.47,0.17,-10.00
9,2,-1.00,-1.00,-1.00,-1.00,0.1459,1.6,1.91,4.50,35.22,2.27,16.92,3.11,-10.00
9,2,-1.00,-1.00,-1.00,-1.00,0.1450,1.8,2.00,4.54,-7.97,1.63,-51.29,-1.66,-10.00
9,2,-1.00,-1.00,-1.00,-1.00,0.1369,1.7,1.97,4.60,-41.50,0.47,13.64,3.14,-10.00
9,2,865.18,503.22,933.79,559.30,0.1247,1.8,1.93,4.15,2.70,2.16,41.91,1.56,-10.00
9,2,-1.00,-1.00,-1.00,-1.00,0.1170,1.7,1.91,4.20,3.98,1.38,-42.36,1.51,-10.00
9,2,890.69,500.15,990.57,571.31,0.1060,1.7,1.91,4.39,3.14,1.96,32.82,1.51,-10.00
9,2,-1.00,-1.00,-1.00,-1.00,0.1044,1.6,1.93,4.46,29.43,2.14,22.82,3.14,-10.00
9,2,1306.55,488.73,1433.05,547.87,0.1034,1.7,1.89,4.28,16.72,1.65,38.49,1.55,-10.00
9,2,-1.00,-1.00,-1.00,-1.00,0.1014,1.7,1.93,4.26,0.02,1.32,-28.15,-1.57,-10.00
10,2,-1.00,-1.00,-1.00,-1.00,0.9741,1.6,1.89,4.51,0.25,1.57,-8.65,-1.61,-10.00
10,2,-1.00,-1.00,-1.00,-1.00,0.9097,1.4,1.70,3.75,0.26,1.18,-19.48,-1.58,-10.00
10,2,877.40,490.21,957.69,552.88,0.9013,1.8,1.97,4.31,3.02,1.80,38.62,1.54,-10.00
10,2,-1.00,-1.00,-1.00,-1.00,0.8625,1.7,1.86,4.53,6.34,1.74,-25.91,1.58,-10.00
10,2,865.66,493.04,924.58,543.88,0.8466,1.7,1.87,4.07,2.73,1.79,44.62,1.59,-10.00
10,2,-1.00,-1.00,-1.00,-1.00,0.7866,1.7,1.90,4.54,6.47,1.65,-42.06,1.55,-10.00
10,2,-1.00,-1.00,-1.00,-1.00,0.6099,1.6,1.96,4.72,28.18,2.14,17.08,3.12,-10.00
10,2,-1.00,-1.00,-1.00,-1.00,0.6075,1.8,1.94,4.58,31.52,2.04,26.47,0.14,-10.00
10,2,-1.00,-1.00,-1.00,-1.00,0.2378,1.8,1.97,4.50,-7.59,1.44,-51.16,-1.68,-10.00
10,2,-1.00,-1.00,-1.00,-1.00,0.2269,1.8,1.98,4.48,2.40,1.66,-42.17,-1.61,-10.00
10,2,-1.00,-1.00,-1.00,-1.00,0.2049,1.7,1.97,4.64,24.65,2.18,17.28,-3.06,-10.00
10,2,-1.00,-1.00,-1.00,-1.00,0.1730,1.7,1.96,4.60,29.22,2.05,22.89,3.09,-10.00
10,2,-1.00,-1.00,-1.00,-1.00,0.1675,1.7,1.86,4.34,-1.13,1.46,-26.60,3.11,-10.00
10,2,-1.00,-1.00,-1.00,-1.00,0.1663,1.9,1.95,4.42,-0.75,1.28,-45.29,-1.65,-10.00
10,2,-1.00,-1.00,-1.00,-1.00,0.1407,1.7,1.90,4.42,32.20,2.05,22.83,-3.09,-10.00
10,2,864.63,502.37,934.40,559.12,0.1311,1.8,1.93,4.15,2.70,2.16,41.88,1.55,-10.00
10,2,-1.00,-1.00,-1.00,-1.00,0.1120,1.7,1.95,4.54,-38.28,0.79,17.10,-0.19,-10.00
10,2,-1.00,-1.00,-1.00,-1.00,0.1073,1.7,1.94,4.61,32.41,2.41,27.62,0.05,-10.00
10,2,1397.91,498.48,1600.00,571.98,0.1017,1.7,1.95,4.57,17.05,1.91,31.34,0.27,-10.00
11,2,-1.00,-1.00,-1.00,-1.00,0.9762,1.6,1.92,4.57,0.28,1.60,-8.70,-1.60,-10.00
11,2,-1.00,-1.00,-1.00,-1.00,0.9354,1.4,1.69,3.75,0.21,1.20,-19.45,-1.58,-10.00
11,2,876.41,490.19,957.58,550.85,0.9075,1.7,1.96,4.31,3.00,1.74,38.60,1.53,-10.00
11,2,-1.00,-1.00,-1.00,-1.00,0.8751,1.6,1.91,4.64,6.33,1.65,-29.01,1.60,-10.00
11,2,865.69,491.82,925.73,543.31,0.8497,1.7,1.90,4.08,2.75,1.77,44.63,1.58,-10.00
11,2,-1.00,-1.00,-1.00,-1.00,0.6018,1.5,1.83,4.34,6.81,1.43,-44.28,1.57,-10.00
11,2,-1.00,-1.00,-1.00,-1.00,0.5388,1.6,1.91,4.54,20.95,2.00,16.52,3.09,-10.00
11,2,-1.00,-1.00,-1.00,-1.00,0.4159,1.9,1.98,4.33,-7.91,1.36,-50.97,-1.67,-10.00
11,2,-1.00,-1.00,-1.00,-1.00,0.3332,1.7,1.88,4.42,34.69,2.12,26.07,0.05,-10.00
11,2,-1.00,-1.00,-1.00,-1.00,0.3057,1.9,1.98,4.30,-0.37,0.91,-45.31,-1.59,-10.00
11,2,-1.00,-1.00,-1.00,-1.00,0.2305,1.6,1.85,4.33,-49.99,-0.04,11.70,3.02,-10.00
11,2,1301.62,490.72,1430.36,550.28,0.2075,1.7,1.90,4.23,16.71,1.73,38.74,1.51,-10.00
11,2,-1.00,-1.00,-1.00,-1.00,0.1494,1.6,1.90,4.50,24.42,2.24,16.92,3.02,-10.00
11,2,-1.00,-1.00,-1.00,-1.00,0.1395,1.7,1.87,4.40,34.10,2.24,27.64,-0.32,-10.00
11,2,-1.00,-1.00,-1.00,-1.00,0.1234,1.6,1.88,4.46,37.71,1.88,26.10,-0.01,-10.00
11,2,-1.00,-1.00,-1.00,-1.00,0.1209,1.6,1.96,4.58,-39.97,0.85,16.73,-0.15,-10.00
11,2,-1.00,-1.00,-1.00,-1.00,0.1186,1.7,1.88,4.39,42.40,2.36,29.28,3.05,-10.00
11,2,-1.00,-1.00,-1.00,-1.00,0.1180,1.7,1.99,4.55,-6.63,1.43,-17.06,-1.69,-10.00
11,2,-1.00,-1.00,-1.00,-1.00,0.1096,1.7,1.92,4.48,32.55,2.06,22.84,0.02,-10.00
11,2,1382.60,501.79,1598.45,574.91,0.1056,1.7,1.92,4.50,16.76,2.00,31.74,0.31,-10.00
11,2,-1.00,-1.00,-1.00,-1.00,0.1046,1.7,1.99,4.49,-3.35,1.61,-27.03,-1.60,-10.00
11,2,-1.00,-1.00,-1.00,-1.00,0.1020,1.7,1.98,4.68,50.90,2.09,27.67,0.02,-10.00
12,2,-1.00,-1.00,-1.00,-1.00,0.9688,1.6,1.92,4.51,0.29,1.56,-8.74,-1.60,-10.00
12,2,-1.00,-1.00,-1.00,-1.00,0.9347,1.4,1.69,3.75,0.23,1.19,-19.59,-1.58,-10.00
12,2,877.40,485.75,962.12,549.82,0.8982,1.8,2.04,4.40,3.08,1.71,38.59,1.53,-10.00
12,2,864.97,490.51,926.63,542.27,0.8155,1.7,1.90,4.09,2.76,1.74,44.67,1.57,-10.00
12,2,-1.00,-1.00,-1.00,-1.00,0.8108,1.7,2.00,4.81,13.97,1.99,16.67,3.13,-10.00
12,2,-1.00,-1.00,-1.00,-1.00,0.8031,1.7,1.81,4.36,6.18,1.69,-31.93,1.62,-10.00
12,2,-1.00,-1.00,-1.00,-1.00,0.4389,1.8,2.04,4.51,-7.94,1.32,-50.99,-1.67,-10.00
12,2,-1.00,-1.00,-1.00,-1.00,0.3857,1.9,1.97,4.29,-0.36,0.95,-45.30,-1.60,-10.00
12,2,-1.00,-1.00,-1.00,-1.00,0.2933,1.6,1.88,4.36,6.82,1.50,-46.96,1.49,-10.00
12,2,866.09,502.46,934.55,560.80,0.1849,1.8,1.96,4.21,2.71,2.20,41.73,1.57,-10.00
12,2,-1.00,-1.00,-1.00,-1.00,0.1307,1.7,1.89,4.48,35.55,2.23,26.10,-0.08,-10.00
12,2,-1.00,-1.00,-1.00,-1.00,0.1259,1.8,1.99,4.67,-40.09,0.97,16.72,-0.13,-10.00
12,2,-1.00,-1.00,-1.00,-1.00,0.1121,1.7,1.85,4.35,-0.99,1.45,-26.63,3.11,-10.00
12,2,-1.00,-1.00,-1.00,-1.00,0.1111,1.7,2.03,4.75,29.10,2.31,22.85,3.09,-10.00
12,2,1414.31,507.64,1600.00,581.29,0.1014,1.7,1.94,4.53,17.41,2.12,31.32,0.32,-10.00
13,2,-1.00,-1.00,-1.00,-1.00,0.9694,1.6,1.87,4.40,0.29,1.53,-8.68,-1.59,-10.00
13,2,-1.00,-1.00,-1.00,-1.00,0.9440,1.3,1.67,3.68,0.14,1.15,-19.55,-1.57,-10.00
13,2,881.42,490.98,958.43,550.37,0.9328,1.7,1.95,4.29,3.08,1.72,38.37,1.56,-10.00
13,2,1166.59,496.98,1598.97,633.13,0.8852,1.7,1.99,4.79,7.27,1.76,16.60,3.09,-10.00
13,2,867.99,492.74,924.22,543.62,0.7980,1.7,1.88,4.06,2.79,1.78,44.58,1.62,-10.00
13,2,-1.00,-1.00,-1.00,-1.00,0.7382,1.7,1.86,4.50,6.17,1.68,-34.69,1.63,-10.00
13,2,-1.00,-1.00,-1.00,-1.00,0.4531,1.6,1.84,4.31,6.46,1.45,-49.17,1.61,-10.00
13,2,-1.00,-1.00,-1.00,-1.00,0.4451,1.9,1.98,4.36,-8.00,1.19,-51.17,-1.64,-10.00
13,2,-1.00,-1.00,-1.00,-1.00,0.3739,1.9,2.00,4.30,-0.37,0.94,-45.32,-1.58,-10.00
13,2,-1.00,-1.00,-1.00,-1.00,0.2616,1.7,1.93,4.57,44.04,2.36,26.11,-0.05,-10.00
13,2,-1.00,-1.00,-1.00,-1.00,0.1801,1.9,2.05,4.70,-3.90,1.58,-27.17,1.53,-10.00
13,2,-1.00,-1.00,-1.00,-1.00,0.1284,1.8,2.03,4.13,-3.20,1.37,-32.41,-1.56,-10.00
13,2,-1.00,-1.00,-1.00,-1.00,0.1243,1.7,1.94,4.30,0.03,1.30,-28.45,-1.57,-10.00
13,2,869.05,498.49,933.33,554.98,0.1207,1.7,1.89,4.12,2.71,1.99,41.20,1.59,-10.00
13,2,-1.00,-1.00,-1.00,-1.00,0.1126,1.6,1.87,4.25,0.02,1.27,-33.07,-1.60,-10.00
13,2,-1.00,-1.00,-1.00,-1.00,0.1107,1.8,2.00,4.53,-6.64,1.35,-17.06,-1.69,-10.00
13,2,-1.00,-1.00,-1.00,-1.00,0.1106,1.6,1.86,4.32,-44.42,-0.46,-11.95,-0.06,-10.00
13,2,-1.00,-1.00,-1.00,-1.00,0.1046,1.9,2.02,4.81,44.63,1.98,29.68,-0.11,-10.00
13,2,-1.00,-1.00,-1.00,-1.00,0.1033,1.7,1.88,4.44,41.17,2.23,25.76,-0.02,-10.00
13,2,-1.00,-1.00,-1.00,-1.00,0.1007,1.4,1.83,4.32,17.42,1.97,14.53,-3.12,-10.00
14,2,-1.00,-1.00,-1.00,-1.00,0.9732,1.6,1.87,4.41,0.27,1.53,-8.69,-1.58,-10.00
14,2,-1.00,-1.00,-1.00,-1.00,0.9478,1.4,1.70,3.72,0.18,1.19,-19.53,-1.58,-10.00
14,2,685.11,486.85,1058.51,625.27,0.9099,1.7,1.90,4.54,0.68,1.63,16.39,3.14,-10.00
14,2,878.72,488.82,959.68,552.64,0.9038,1.8,1.99,4.36,3.05,1.78,38.31,1.55,-10.00
14,2,866.49,494.88,922.52,545.33,0.8260,1.7,1.87,4.05,2.75,1.84,44.57,1.63,-10.00
14,2,-1.00,-1.00,-1.00,-1.00,0.7583,1.6,1.81,4.38,6.14,1.58,-37.50,1.63,-10.00
14,2,-1.00,-1.00,-1.00,-1.00,0.4893,1.9,2.00,4.36,-7.96,1.19,-51.17,-1.65,-10.00
14,2,-1.00,-1.00,-1.00,-1.00,0.3877,1.7,1.94,4.20,-3.50,1.35,-27.09,-1.63,-10.00
14,2,-1.00,-1.00,-1.00,-1.00,0.3341,1.6,1.89,4.45,6.80,1.81,-51.62,1.58,-10.00
14,2,-1.00,-1.00,-1.00,-1.00,0.3197,1.9,1.98,4.39,-0.29,0.96,-45.39,-1.60,-10.00
14,2,-1.00,-1.00,-1.00,-1.00,0.2057,1.8,1.94,4.24,-4.33,1.65,-23.80,-1.76,-10.00
14,2,-1.00,-1.00,-1.00,-1.00,0.1947,1.8,1.92,4.29,-5.94,1.28,-38.53,-1.61,-10.00
14,2,-1.00,-1.00,-1.00,-1.00,0.1854,2.2,2.11,4.77,-9.12,1.21,-38.78,-1.61,-10.00
14,2,-1.00,-1.00,-1.00,-1.00,0.1221,1.7,1.91,4.19,4.36,1.44,-42.23,1.56,-10.00
14,2,1412.73,505.24,1600.00,579.20,0.1216,1.7,1.94,4.53,17.36,2.07,31.33,0.33,-10.00
14,2,-1.00,-1.00,-1.00,-1.00,0.1157,1.7,1.93,4.54,48.03,2.18,26.41,-0.06,-10.00
14,2,-1.00,-1.00,-1.00,-1.00,0.1121,1.7,1.91,4.44,30.57,2.25,22.53,-3.13,-10.00
14,2,-1.00,-1.00,-1.00,-1.00,0.1034,1.8,1.99,4.66,-39.82,0.93,16.74,-0.11,-10.00
15,2,-1.00,-1.00,-1.00,-1.00,0.9707,1.6,1.87,4.47,0.26,1.57,-8.72,-1.56,-10.00
15,2,-1.00,-1.00,-1.00,-1.00,0.9600,1.4,1.70,3.73,0.20,1.26,-19.48,-1.57,-10.00
15,2,878.55,488.11,959.64,550.65,0.9213,1.8,1.95,4.32,3.03,1.71,38.11,1.54,-10.00
15,2,864.74,497.23,921.98,548.94,0.7265,1.7,1.90,4.15,2.72,1.95,44.43,1.64,-10.00
15,2,-1.00,-1.00,-1.00,-1.00,0.7185,1.8,1.92,4.62,6.29,1.59,-40.25,1.54,-10.00
15,2,-1.00,-1.00,-1.00,-1.00,0.4957,1.9,2.01,4.40,-7.99,1.18,-51.11,-1.63,-10.00
15,2,253.66,469.49,651.37,614.72,0.4767,1.7,1.96,4.58,-4.63,1.50,16.55,-3.05,-10.00
15,2,869.32,498.15,935.99,554.51,0.3798,1.7,1.88,4.10,2.75,1.97,41.06,1.57,-10.00
15,2,-1.00,-1.00,-1.00,-1.00,0.3313,1.9,2.00,4.38,-0.78,0.97,-45.60,-1.66,-10.00
15,2,1303.73,487.14,1423.87,547.95,0.1897,1.7,1.89,4.25,16.68,1.67,38.83,1.58,-10.00
15,2,-1.00,-1.00,-1.00,-1.00,0.1204,1.6,1.86,4.24,0.06,1.21,-33.16,-1.60,-10.00
15,2,-1.00,-1.00,-1.00,-1.00,0.1186,1.8,2.02,4.75,0.20,1.61,-26.22,3.10,-10.00
15,2,1413.67,505.90,1600.00,579.70,0.1144,1.7,1.95,4.54,17.42,2.09,31.32,0.30,-10.00
15,2,-1.00,-1.00,-1.00,-1.00,0.1143,1.7,2.00,4.52,-6.63,1.61,-15.46,-1.77,-10.00
15,2,-1.00,-1.00,-1.00,-1.00,0.1119,1.5,1.79,4.17,16.82,1.84,14.13,3.03,-10.00
15,2,-1.00,-1.00,-1.00,-1.00,0.1065,1.8,1.97,4.68,6.80,2.01,-52.11,1.46,-10.00
16,2,-1.00,-1.00,-1.00,-1.00,0.9697,1.6,1.85,4.43,0.28,1.58,-8.71,-1.58,-10.00
16,2,-1.00,-1.00,-1.00,-1.00,0.9205,1.4,1.71,3.81,0.23,1.32,-19.59,-1.59,-10.00
16,2,881.01,490.37,959.89,554.12,0.8784,1.8,1.95,4.35,3.06,1.81,38.06,1.56,-10.00
16,2,868.52,493.51,926.26,544.64,0.8007,1.7,1.88,4.10,2.79,1.80,44.28,1.61,-10.00
16,2,-1.00,-1.00,-1.00,-1.00,0.6945,1.6,1.87,4.43,6.42,1.49,-42.41,1.50,-10.00
16,2,869.27,499.86,935.95,557.31,0.3862,1.8,1.89,4.17,2.77,2.08,41.43,1.57,-10.00
16,2,-1.00,-1.00,-1.00,-1.00,0.3565,1.9,1.99,4.40,-7.95,1.22,-51.00,-1.65,-10.00
16,2,0.00,456.44,135.04,605.55,0.2473,1.7,1.97,4.63,-11.39,1.35,15.84,3.03,-10.00
16,2,-1.00,-1.00,-1.00,-1.00,0.1971,1.9,1.96,4.30,-0.38,0.99,-45.21,-1.54,-10.00
16,2,1303.95,486.38,1431.12,545.98,0.1452,1.7,1.90,4.27,16.72,1.60,38.65,1.54,-10.00
16,2,-1.00,-1.00,-1.00,-1.00,0.1393,1.7,1.93,4.45,-49.54,-0.34,-14.42,0.30,-10.00
16,2,-1.00,-1.00,-1.00,-1.00,0.1336,1.4,1.77,3.81,0.10,1.48,-16.87,-1.60,-10.00
16,2,-1.00,-1.00,-1.00,-1.00,0.1299,1.7,1.97,4.50,-6.69,1.53,-16.37,-1.79,-10.00
16,2,-1.00,-1.00,-1.00,-1.00,0.1247,1.7,1.96,4.52,29.44,2.25,22.80,3.11,-10.00
16,2,0.00,463.88,165.13,599.68,0.1232,1.7,1.95,4.59,-11.66,1.38,17.42,-2.93,-10.00
16,2,1412.66,505.09,1600.00,578.23,0.1076,1.7,1.96,4.56,17.41,2.05,31.32,0.29,-10.00
16,2,0.00,463.11,35.03,631.67,0.1026,1.7,1.96,4.62,-11.77,1.47,14.29,2.96,-10.00
16,2,-1.00,-1.00,-1.00,-1.00,0.1018,1.7,1.88,4.39,42.49,2.31,29.33,3.08,-10.00
17,2,-1.00,-1.00,-1.00,-1.00,0.9695,1.6,1.88,4.52,0.27,1.57,-8.62,-1.59,-10.00
17,2,-1.00,-1.00,-1.00,-1.00,0.9274,1.4,1.71,3.76,0.17,1.24,-19.57,-1.57,-10.00
17,2,880.84,488.74,961.53,554.26,0.9027,1.8,1.98,4.35,3.07,1.81,37.93,1.55,-10.00
17,2,867.68,492.35,926.66,544.02,0.7469,1.7,1.89,4.05,2.77,1.77,44.04,1.60,-10.00
17,2,-1.00,-1.00,-1.00,-1.00,0.5794,1.5,1.85,4.33,6.42,1.45,-44.38,1.51,-10.00
17,2,-1.00,-1.00,-1.00,-1.00,0.4017,1.9,1.99,4.41,-0.40,1.14,-45.38,-1.60,-10.00
17,2,-1.00,-1.00,-1.00,-1.00,0.3636,1.6,1.92,4.53,-18.52,1.24,15.13,2.98,-10.00
17,2,-1.00,-1.00,-1.00,-1.00,0.3586,1.6,1.91,4.29,-3.27,1.24,-52.20,-1.64,-10.00
17,2,876.73,496.01,949.10,552.75,0.2011,1.7,1.97,4.19,3.10,1.94,41.46,1.55,-10.00
17,2,-1.00,-1.00,-1.00,-1.00,0.1375,1.7,1.98,4.50,-6.70,1.63,-16.35,-1.75,-10.00
17,2,-1.00,-1.00,-1.00,-1.00,0.1139,1.8,1.92,4.52,-0.88,1.49,-26.58,-2.98,-10.00
17,2,976.53,490.51,1068.18,564.57,0.1104,1.9,1.99,4.41,5.74,1.97,35.77,1.60,-10.00
17,2,-1.00,-1.00,-1.00,-1.00,0.1073,1.8,1.97,4.54,-8.03,1.41,-51.30,-1.76,-10.00
17,2,-1.00,-1.00,-1.00,-1.00,0.1053,1.4,1.78,3.80,0.08,1.45,-16.74,-1.60,-10.00
17,2,-1.00,-1.00,-1.00,-1.00,0.1043,1.8,1.99,4.50,-7.42,1.78,-18.29,-1.67,-10.00
17,2,-1.00,-1.00,-1.00,-1.00,0.1032,1.8,1.95,4.43,-8.74,1.38,-48.49,-1.76,-10.00
17,2,916.99,493.29,1060.65,548.85,0.1005,1.7,1.85,4.26,5.54,1.78,40.58,0.34,-10.00
18,2,-1.00,-1.00,-1.00,-1.00,0.9701,1.6,1.87,4.43,0.29,1.57,-8.69,-1.59,-10.00
18,2,-1.00,-1.00,-1.00,-1.00,0.9587,1.4,1.71,3.77,0.21,1.21,-19.50,-1.57,-10.00
18,2,875.45,490.58,961.54,553.84,0.9381,1.8,1.97,4.37,2.98,1.79,37.80,1.51,-10.00
18,2,866.12,495.47,926.18,546.34,0.8593,1.7,1.86,4.05,2.74,1.85,44.14,1.58,-10.00
18,2,-1.00,-1.00,-1.00,-1.00,0.7126,1.6,1.82,4.29,6.29,1.57,-46.33,1.65,-10.00
18,2,-1.00,-1.00,-1.00,-1.00,0.5269,1.7,1.90,4.44,-3.91,1.40,-46.98,-1.65,-10.00
18,2,-1.00,-1.00,-1.00,-1.00,0.3881,1.6,1.94,4.60,-23.47,0.98,14.74,2.98,-10.00
18,2,-1.00,-1.00,-1.00,-1.00,0.3821,1.8,1.96,4.41,-7.96,1.37,-51.02,-1.66,-10.00
18,2,-1.00,-1.00,-1.00,-1.00,0.2944,1.6,1.91,4.51,-20.38,1.01,15.09,3.11,-10.00
18,2,865.87,499.60,936.87,555.20,0.2894,1.7,1.90,4.10,2.72,2.01,41.38,1.54,-10.00
18,2,976.26,493.48,1066.66,565.66,0.1735,1.9,1.95,4.38,5.73,2.00,35.83,1.60,-10.00
18,2,-1.00,-1.00,-1.00,-1.00,0.1718,1.9,1.99,4.51,-0.04,1.15,-45.37,-1.60,-10.00
18,2,-1.00,-1.00,-1.00,-1.00,0.1687,1.7,1.97,4.50,-6.68,1.63,-15.58,-1.78,-10.00
18,2,-1.00,-1.00,-1.00,-1.00,0.1678,1.7,1.95,4.57,-29.47,1.04,24.34,-0.41,-10.00
18,2,-1.00,-1.00,-1.00,-1.00,0.1217,1.7,1.95,4.32,-8.19,1.46,-10.61,-1.69,-10.00
18,2,1413.72,504.47,1600.00,578.30,0.1174,1.7,1.95,4.54,17.41,2.05,31.33,0.31,-10.00
18,2,-1.00,-1.00,-1.00,-1.00,0.1151,1.8,2.00,4.67,-40.10,0.95,16.74,-0.11,-10.00
18,2,-1.00,-1.00,-1.00,-1.00,0.1131,1.8,1.99,4.50,-7.38,1.71,-17.49,-1.74,-10.00
18,2,-1.00,-1.00,-1.00,-1.00,0.1027,1.6,1.90,4.39,-2.63,1.42,-23.73,-1.55,-10.00
19,2,-1.00,-1.00,-1.00,-1.00,0.9729,1.5,1.84,4.36,0.30,1.58,-8.64,-1.60,-10.00
19,2,-1.00,-1.00,-1.00,-1.00,0.9519,1.4,1.73,3.79,0.16,1.25,-19.46,-1.58,-10.00
19,2,879.05,489.08,962.02,552.00,0.9412,1.8,1.98,4.36,3.04,1.74,37.81,1.54,-10.00
19,2,868.14,493.90,925.73,543.84,0.8243,1.6,1.86,4.01,2.77,1.77,44.13,1.60,-10.00
19,2,-1.00,-1.00,-1.00,-1.00,0.4836,1.7,1.88,4.46,6.04,1.50,-48.77,1.64,-10.00
19,2,-1.00,-1.00,-1.00,-1.00,0.3808,1.7,1.94,4.37,-5.10,1.14,-40.70,-1.62,-10.00
19,2,-1.00,-1.00,-1.00,-1.00,0.3406,1.9,1.97,4.36,-0.40,1.06,-45.55,-1.62,-10.00
19,2,-1.00,-1.00,-1.00,-1.00,0.2527,1.7,1.87,4.38,-43.89,0.74,21.63,0.02,-10.00
19,2,976.96,497.34,1070.71,562.02,0.1981,1.7,1.87,4.11,5.81,1.92,35.89,1.54,-10.00
19,2,-1.00,-1.00,-1.00,-1.00,0.1867,1.7,1.95,4.39,-5.93,1.24,-37.88,-1.72,-10.00
19,2,864.83,502.96,934.27,558.39,0.1643,1.7,1.93,4.04,2.67,2.11,41.40,1.55,-10.00
19,2,-1.00,-1.00,-1.00,-1.00,0.1598,1.7,1.96,4.66,-28.40,1.25,13.57,2.88,-10.00
19,2,-1.00,-1.00,-1.00,-1.00,0.1553,1.7,1.85,4.23,-32.11,0.45,30.28,1.54,-10.00
19,2,-1.00,-1.00,-1.00,-1.00,0.1450,1.7,1.99,4.51,-6.67,1.63,-15.53,-1.81,-10.00
19,2,938.95,503.57,997.70,547.34,0.1301,1.6,1.90,4.51,6.00,2.16,50.37,1.60,-10.00
19,2,-1.00,-1.00,-1.00,-1.00,0.1290,1.7,1.93,4.43,-0.27,1.40,-27.01,-1.44,-10.00
19,2,-1.00,-1.00,-1.00,-1.00,0.1286,1.7,1.95,4.38,-3.65,1.38,-40.16,-1.73,-10.00
19,2,-1.00,-1.00,-1.00,-1.00,0.1252,1.8,1.97,4.29,2.05,1.26,-41.73,-1.59,-10.00
19,2,-1.00,-1.00,-1.00,-1.00,0.1165,1.7,1.93,4.49,-39.17,1.00,16.77,-0.10,-10.00
19,2,-1.00,-1.00,-1.00,-1.00,0.1073,1.7,1.98,4.52,-7.39,1.70,-17.98,-1.73,-10.00
19,2,-1.00,-1.00,-1.00,-1.00,0.1014,1.7,1.96,4.52,-7.44,1.26,-12.24,-1.76,-10.00
19,2,-1.00,-1.00,-1.00,-1.00,0.1011,1.7,1.89,4.31,-3.57,1.16,-46.23,1.54,-10.00
20,2,-1.00,-1.00,-1.00,-1.00,0.9735,1.6,1.85,4.40,0.30,1.57,-8.65,-1.60,-10.00
20,2,880.30,486.44,963.81,550.65,0.9416,1.8,2.00,4.32,3.09,1.70,37.77,1.54,-10.00
20,2,-1.00,-1.00,-1.00,-1.00,0.9221,1.4,1.75,3.80,0.24,1.31,-19.37,-1.62,-10.00
20,2,865.12,493.36,925.45,543.45,0.8287,1.7,1.86,4.00,2.70,1.76,44.09,1.58,-10.00
20,2,-1.00,-1.00,-1.00,-1.00,0.4723,1.5,1.81,4.35,6.30,1.54,-50.75,1.53,-10.00
20,2,-1.00,-1.00,-1.00,-1.00,0.4343,1.9,1.97,4.39,-0.35,0.88,-45.48,-1.60,-10.00
20,2,-1.00,-1.00,-1.00,-1.00,0.2657,1.7,1.91,4.50,-36.56,0.69,21.56,-0.14,-10.00
20,2,-1.00,-1.00,-1.00,-1.00,0.2489,1.6,1.90,4.45,-5.10,1.40,-35.62,-1.59,-10.00
20,2,-1.00,-1.00,-1.00,-1.00,0.2081,1.8,1.96,4.62,-39.37,0.57,21.92,-0.02,-10.00
20,2,932.64,516.85,999.27,564.16,0.1727,1.7,1.89,4.40,5.56,2.63,47.52,1.55,-10.00
20,2,1304.22,491.52,1427.33,550.93,0.1676,1.7,1.88,4.20,16.68,1.75,38.68,1.55,-10.00
20,2,-1.00,-1.00,-1.00,-1.00,0.1357,1.7,1.91,4.41,6.31,1.65,-47.09,1.49,-10.00
20,2,-1.00,-1.00,-1.00,-1.00,0.1323,1.7,1.98,4.53,-7.35,1.52,-14.73,-1.79,-10.00
20,2,1414.39,504.66,1600.00,578.73,0.1296,1.7,1.94,4.52,17.40,2.06,31.33,0.34,-10.00
20,2,-1.00,-1.00,-1.00,-1.00,0.1284,1.7,1.91,4.47,29.81,2.23,22.52,3.13,-10.00
20,2,-1.00,-1.00,-1.00,-1.00,0.1223,1.7,1.93,4.24,30.12,1.26,-32.01,-1.64,-10.00
20,2,-1.00,-1.00,-1.00,-1.00,0.1082,1.7,1.90,4.47,-38.69,0.72,20.50,-0.06,-10.00
20,2,-1.00,-1.00,-1.00,-1.00,0.1077,1.7,1.96,4.52,-7.45,1.26,-11.77,-1.76,-10.00
20,2,-1.00,-1.00,-1.00,-1.00,0.1058,1.7,1.90,4.43,-48.72,-0.39,-14.79,0.43,-10.00
20,2,683.81,496.97,735.73,543.25,0.1057,1.7,1.89,4.39,-4.06,1.94,48.79,1.51,-10.00
20,2,-1.00,-1.00,-1.00,-1.00,0.1038,1.7,1.96,4.47,-7.43,1.77,-18.34,-1.66,-10.00
20,2,-1.00,-1.00,-1.00,-1.00,0.1031,1.7,1.93,4.36,0.12,1.28,-28.44,-1.58,-10.00
21,2,-1.00,-1.00,-1.00,-1.00,0.9744,1.6,1.86,4.40,0.29,1.58,-8.66,-1.60,-10.00
21,2,-1.00,-1.00,-1.00,-1.00,0.9418,1.4,1.72,3.78,0.20,1.27,-19.58,-1.58,-10.00
21,2,879.85,488.09,963.61,553.41,0.9384,1.8,2.02,4.35,3.08,1.78,37.82,1.54,-10.00
21,2,-1.00,-1.00,-1.00,-1.00,0.8551,1.6,1.89,4.22,-6.30,1.48,-29.79,-1.59,-10.00
21,2,867.62,493.47,923.44,542.65,0.8470,1.6,1.85,3.98,2.75,1.73,44.16,1.63,-10.00
21,2,-1.00,-1.00,-1.00,-1.00,0.3628,1.7,1.83,4.35,6.36,1.74,-52.27,1.56,-10.00
21,2,-1.00,-1.00,-1.00,-1.00,0.3099,1.9,1.99,4.36,-0.33,1.05,-45.40,-1.59,-10.00
21,2,940.21,501.10,1014.10,548.36,0.3061,1.7,1.91,4.27,5.98,2.07,47.56,1.49,-10.00
21,2,-1.00,-1.00,-1.00,-1.00,0.2333,1.7,1.89,4.47,-35.03,0.89,21.96,-0.14,-10.00
21,2,865.94,501.66,934.90,557.43,0.2297,1.7,1.93,4.07,2.70,2.08,41.39,1.56,-10.00
21,2,-1.00,-1.00,-1.00,-1.00,0.1828,1.7,1.94,4.39,-8.02,1.61,-51.05,-1.61,-10.00
21,2,957.32,498.13,1034.05,552.63,0.1744,1.7,1.91,4.00,5.81,1.93,41.44,1.57,-10.00
21,2,1270.64,491.98,1400.59,549.89,0.1668,1.7,1.85,4.11,15.94,1.74,39.11,1.41,-10.00
21,2,-1.00,-1.00,-1.00,-1.00,0.1483,1.7,1.97,4.51,-7.37,1.58,-14.66,-1.78,-10.00
21,2,-1.00,-1.00,-1.00,-1.00,0.1114,1.7,1.97,4.51,-7.45,1.56,-11.72,-1.74,-10.00
22,2,-1.00,-1.00,-1.00,-1.00,0.9754,1.6,1.85,4.37,0.29,1.57,-8.65,-1.60,-10.00
22,2,-1.00,-1.00,-1.00,-1.00,0.9322,1.4,1.73,3.80,0.23,1.25,-19.59,-1.58,-10.00
22,2,882.06,486.83,959.57,549.15,0.9219,1.7,1.94,4.22,3.06,1.66,37.81,1.57,-10.00
22,2,870.35,492.56,926.82,542.95,0.7523,1.7,1.86,4.01,2.82,1.73,43.96,1.62,-10.00
22,2,-1.00,-1.00,-1.00,-1.00,0.4788,1.7,1.88,4.51,-6.70,1.55,-24.94,-1.68,-10.00
22,2,-1.00,-1.00,-1.00,-1.00,0.4511,1.8,2.02,4.50,-7.94,1.26,-50.96,-1.67,-10.00
22,2,-1.00,-1.00,-1.00,-1.00,0.3672,1.9,1.99,4.32,-0.75,1.00,-45.42,-1.55,-10.00
22,2,-1.00,-1.00,-1.00,-1.00,0.2413,1.7,1.91,4.44,-28.83,0.93,22.35,-0.14,-10.00
22,2,-1.00,-1.00,-1.00,-1.00,0.1887,1.7,1.98,4.44,-6.67,1.67,-15.61,-1.76,-10.00
22,2,-1.00,-1.00,-1.00,-1.00,0.1843,1.9,2.07,4.22,-3.10,1.53,-32.46,-1.59,-10.00
22,2,868.09,499.04,936.28,556.04,0.1633,1.8,1.93,4.09,2.74,2.03,41.25,1.57,-10.00
22,2,-1.00,-1.00,-1.00,-1.00,0.1563,1.7,1.89,4.21,4.34,1.56,-42.29,1.54,-10.00
22,2,956.84,496.96,1036.09,551.73,0.1546,1.7,1.93,4.05,5.85,1.91,41.53,1.55,-10.00
22,2,-1.00,-1.00,-1.00,-1.00,0.1522,1.9,2.04,4.86,6.42,2.06,-52.64,1.56,-10.00
22,2,-1.00,-1.00,-1.00,-1.00,0.1458,1.7,1.87,4.34,-32.15,0.68,30.41,1.46,-10.00
22,2,-1.00,-1.00,-1.00,-1.00,0.1438,1.7,1.90,4.48,29.70,2.17,22.56,3.12,-10.00
22,2,-1.00,-1.00,-1.00,-1.00,0.1416,1.7,2.00,4.60,-7.42,1.49,-12.18,-1.75,-10.00
22,2,932.30,497.92,995.80,545.99,0.1366,1.7,1.91,4.26,5.61,2.03,48.54,1.57,-10.00
22,2,-1.00,-1.00,-1.00,-1.00,0.1223,1.8,2.00,4.70,-40.39,1.04,16.68,-0.10,-10.00
22,2,-1.00,-1.00,-1.00,-1.00,0.1175,1.7,1.88,4.42,-31.37,0.79,21.64,-0.03,-10.00
22,2,-1.00,-1.00,-1.00,-1.00,0.1092,1.8,2.04,4.43,-7.37,1.72,-17.89,-1.72,-10.00
22,2,1415.90,507.21,1600.00,580.49,0.1051,1.7,1.91,4.46,17.38,2.10,31.31,0.35,-10.00
22,2,-1.00,-1.00,-1.00,-1.00,0.1005,1.4,1.79,3.75,0.10,1.41,-16.64,-1.61,-10.00
23,2,-1.00,-1.00,-1.00,-1.00,0.9751,1.5,1.84,4.38,0.30,1.56,-8.63,-1.60,-10.00
23,2,879.18,488.89,959.94,552.27,0.9294,1.8,1.96,4.26,3.01,1.74,37.76,1.55,-10.00
23,2,-1.00,-1.00,-1.00,-1.00,0.9230,1.4,1.74,3.82,0.24,1.26,-19.59,-1.59,-10.00
23,2,868.04,492.63,924.29,542.35,0.8058,1.6,1.86,3.99,2.76,1.72,44.12,1.62,-10.00
23,2,-1.00,-1.00,-1.00,-1.00,0.5304,1.7,1.91,4.53,-27.33,0.75,22.13,-0.00,-10.00
23,2,-1.00,-1.00,-1.00,-1.00,0.4901,1.9,2.00,4.36,-7.98,1.19,-51.18,-1.64,-10.00
23,2,-1.00,-1.00,-1.00,-1.00,0.4044,1.6,1.89,4.45,-6.91,1.50,-22.55,-1.68,-10.00
23,2,-1.00,-1.00,-1.00,-1.00,0.3373,1.9,1.99,4.31,-0.75,0.98,-45.40,-1.59,-10.00
23,2,-1.00,-1.00,-1.00,-1.00,0.1680,1.7,1.98,4.39,-6.71,1.60,-15.53,-1.77,-10.00
23,2,946.34,502.97,1032.93,550.05,0.1633,1.6,1.91,4.40,6.33,2.10,46.72,1.40,-10.00
23,2,864.98,502.48,935.49,557.81,0.1600,1.7,1.92,4.04,2.69,2.09,41.44,1.54,-10.00
23,2,-1.00,-1.00,-1.00,-1.00,0.1491,1.6,1.94,4.48,-40.04,0.99,16.76,-0.13,-10.00
23,2,-1.00,-1.00,-1.00,-1.00,0.1410,1.7,1.89,4.22,4.38,1.47,-42.21,1.55,-10.00
23,2,-1.00,-1.00,-1.00,-1.00,0.1231,1.7,1.98,4.55,-7.40,1.37,-12.24,-1.76,-10.00
23,2,1412.93,505.03,1600.00,578.90,0.1141,1.7,1.94,4.53,17.39,2.07,31.32,0.29,-10.00
23,2,-1.00,-1.00,-1.00,-1.00,0.1090,1.8,1.90,4.47,-0.93,1.37,-26.61,-2.95,-10.00
24,2,-1.00,-1.00,-1.00,-1.00,0.9722,1.6,1.86,4.41,0.30,1.57,-8.69,-1.60,-10.00
24,2,-1.00,-1.00,-1.00,-1.00,0.9348,1.4,1.72,3.80,0.23,1.20,-19.60,-1.58,-10.00
24,2,879.99,488.99,962.08,553.08,0.9346,1.8,1.98,4.30,3.06,1.77,37.84,1.55,-10.00
24,2,867.53,496.10,925.55,546.37,0.8216,1.7,1.86,4.09,2.76,1.86,44.27,1.60,-10.00
24,2,-1.00,-1.00,-1.00,-1.00,0.4118,1.9,1.98,4.40,-7.90,1.38,-50.88,-1.63,-10.00
24,2,866.88,500.66,935.79,556.40,0.2703,1.7,1.92,4.11,2.73,2.05,41.43,1.56,-10.00
24,2,-1.00,-1.00,-1.00,-1.00,0.2665,1.7,1.93,4.53,-25.24,0.80,22.29,0.04,-10.00
24,2,-1.00,-1.00,-1.00,-1.00,0.1810,1.8,1.95,4.55,-48.01,0.35,23.98,-0.00,-10.00
24,2,-1.00,-1.00,-1.00,-1.00,0.1770,1.8,1.94,4.30,-0.40,0.91,-45.26,-1.58,-10.00
24,2,-1.00,-1.00,-1.00,-1.00,0.1661,1.6,1.89,4.41,-22.34,0.90,21.89,0.11,-10.00
24,2,-1.00,-1.00,-1.00,-1.00,0.1539,1.7,1.97,4.45,-7.01,1.67,-14.71,-1.78,-10.00
24,2,-1.00,-1.00,-1.00,-1.00,0.1236,1.7,1.86,4.27,-0.26,1.25,-28.07,-1.57,-10.00
24,2,-1.00,-1.00,-1.00,-1.00,0.1199,1.7,1.98,4.52,-7.43,1.42,-11.71,-1.74,-10.00
24,2,-1.00,-1.00,-1.00,-1.00,0.1173,1.7,1.94,4.47,-40.08,0.95,16.73,-0.11,-10.00
24,2,-1.00,-1.00,-1.00,-1.00,0.1116,1.7,1.91,4.49,42.55,2.42,29.33,3.09,-10.00
24,2,1416.28,507.52,1600.00,581.02,0.1021,1.7,1.93,4.51,17.44,2.11,31.32,0.33,-10.00
24,2,-1.00,-1.00,-1.00,-1.00,0.1018,1.8,1.98,4.31,2.07,1.28,-41.78,-1.53,-10.00
25,2,-1.00,-1.00,-1.00,-1.00,0.9751,1.6,1.87,4.43,0.29,1.57,-8.70,-1.60,-10.00
25,2,-1.00,-1.00,-1.00,-1.00,0.9461,1.4,1.73,3.82,0.21,1.25,-19.63,-1.59,-10.00
25,2,878.23,487.34,961.81,552.97,0.9377,1.8,2.01,4.31,3.03,1.77,37.85,1.54,-10.00
25,2,868.83,493.51,927.81,544.39,0.7708,1.7,1.86,4.04,2.81,1.79,44.08,1.59,-10.00
25,2,-1.00,-1.00,-1.00,-1.00,0.3260,1.6,1.84,4.29,-24.50,0.96,22.35,-0.05,-10.00
25,2,-1.00,-1.00,-1.00,-1.00,0.2880,1.9,2.00,4.35,-0.77,0.98,-45.34,-1.57,-10.00
25,2,-1.00,-1.00,-1.00,-1.00,0.2294,1.7,1.81,4.28,-45.28,0.33,24.11,-0.04,-10.00
25,2,868.46,498.86,935.88,556.48,0.2150,1.8,1.94,4.12,2.74,2.04,41.18,1.58,-10.00
25,2,-1.00,-1.00,-1.00,-1.00,0.1714,1.7,1.90,4.23,4.38,1.52,-42.26,1.55,-10.00
25,2,958.02,495.20,1035.99,550.78,0.1561,1.7,1.93,4.06,5.86,1.88,41.48,1.56,-10.00
25,2,-1.00,-1.00,-1.00,-1.00,0.1482,1.7,1.99,4.46,-7.41,1.70,-14.73,-1.77,-10.00
25,2,-1.00,-1.00,-1.00,-1.00,0.1460,1.8,1.98,4.44,-7.18,1.49,-50.97,-1.70,-10.00
25,2,-1.00,-1.00,-1.00,-1.00,0.1440,1.7,2.01,4.25,-3.04,1.62,-32.08,-1.60,-10.00
25,2,-1.00,-1.00,-1.00,-1.00,0.1186,1.8,1.96,4.63,42.56,2.49,29.30,3.05,-10.00
25,2,-1.00,-1.00,-1.00,-1.00,0.1161,1.7,1.91,4.47,-21.49,0.96,22.32,-0.01,-10.00
25,2,-1.00,-1.00,-1.00,-1.00,0.1017,1.8,2.01,4.71,-40.30,1.00,16.70,-0.12,-10.00
25,2,-1.00,-1.00,-1.00,-1.00,0.1000,1.7,1.91,4.46,30.50,2.24,22.53,-3.12,-10.00
26,2,-1.00,-1.00,-1.00,-1.00,0.9761,1.6,1.86,4.45,0.29,1.55,-8.58,-1.61,-10.00
26,2,881.65,490.69,961.23,554.92,0.9343,1.8,1.98,4.28,3.07,1.82,37.80,1.56,-10.00
26,2,-1.00,-1.00,-1.00,-1.00,0.9245,1.5,1.75,3.82,0.23,1.27,-19.45,-1.59,-10.00
26,2,864.84,495.03,923.88,545.18,0.9160,1.7,1.86,4.01,2.67,1.82,44.12,1.59,-10.00
26,2,956.02,496.30,1035.80,551.98,0.3310,1.7,1.92,4.05,5.81,1.91,41.39,1.54,-10.00
26,2,945.79,501.02,998.42,548.19,0.3287,1.7,1.87,4.44,5.95,2.08,48.02,1.72,-10.00
26,2,-1.00,-1.00,-1.00,-1.00,0.2983,1.9,1.98,4.35,-0.75,0.94,-45.64,-1.62,-10.00
26,2,-1.00,-1.00,-1.00,-1.00,0.2924,1.7,1.83,4.35,-42.32,0.43,24.43,-0.11,-10.00
26,2,861.79,502.12,935.59,558.02,0.2367,1.7,1.97,4.03,2.64,2.10,41.46,1.53,-10.00
26,2,-1.00,-1.00,-1.00,-1.00,0.1637,1.8,1.93,4.43,-7.56,1.49,-50.93,-1.76,-10.00
26,2,-1.00,-1.00,-1.00,-1.00,0.1376,1.7,1.90,4.22,4.37,1.50,-42.20,1.56,-10.00
26,2,-1.00,-1.00,-1.00,-1.00,0.1286,1.7,1.98,4.44,-7.42,1.76,-14.75,-1.79,-10.00
26,2,1412.79,506.09,1600.00,580.50,0.1230,1.7,1.95,4.58,17.40,2.10,31.32,0.32,-10.00
26,2,-1.00,-1.00,-1.00,-1.00,0.1204,1.4,1.79,3.75,0.09,1.38,-16.50,-1.61,-10.00
26,2,-1.00,-1.00,-1.00,-1.00,0.1197,1.9,2.08,4.93,-41.20,1.09,16.67,3.06,-10.00
26,2,940.91,501.16,1009.85,548.92,0.1131,1.6,1.91,4.34,5.59,1.97,44.94,1.57,-10.00
26,2,-1.00,-1.00,-1.00,-1.00,0.1115,1.7,1.86,4.36,-0.34,1.46,-26.56,3.04,-10.00
26,2,-1.00,-1.00,-1.00,-1.00,0.1101,1.7,1.89,4.42,37.41,2.32,1.73,3.03,-10.00
26,2,900.35,506.90,962.16,552.70,0.1050,1.6,1.95,4.42,4.35,2.22,47.41,1.74,-10.00
27,2,-1.00,-1.00,-1.00,-1.00,0.9751,1.6,1.85,4.39,0.29,1.57,-8.67,-1.60,-10.00
27,2,-1.00,-1.00,-1.00,-1.00,0.9574,1.4,1.72,3.76,0.22,1.26,-19.55,-1.59,-10.00
27,2,879.31,488.85,962.43,553.61,0.9428,1.8,2.01,4.27,3.06,1.78,37.83,1.54,-10.00
27,2,868.45,498.70,926.21,547.16,0.8411,1.6,1.82,3.97,2.77,1.88,43.99,1.59,-10.00
27,2,-1.00,-1.00,-1.00,-1.00,0.4363,1.8,1.98,4.49,-7.62,1.47,-51.01,-1.68,-10.00
27,2,-1.00,-1.00,-1.00,-1.00,0.3538,1.6,1.85,4.33,-39.68,0.43,24.78,-0.08,-10.00
27,2,956.58,503.64,1034.06,560.22,0.3039,1.7,1.95,4.08,5.80,2.17,41.47,1.57,-10.00
27,2,863.80,507.68,936.46,564.02,0.2962,1.7,1.96,4.06,2.68,2.28,41.32,1.54,-10.00
27,2,-1.00,-1.00,-1.00,-1.00,0.2137,1.9,1.97,4.32,-0.39,1.04,-45.16,-1.57,-10.00
27,2,939.46,508.34,1021.52,557.83,0.2052,1.7,1.90,4.47,5.98,2.36,46.63,1.44,-10.00
27,2,-1.00,-1.00,-1.00,-1.00,0.1455,1.7,1.96,4.51,-7.46,1.55,-13.24,-1.79,-10.00
27,2,-1.00,-1.00,-1.00,-1.00,0.1362,1.7,1.90,4.23,4.40,1.55,-42.23,1.55,-10.00
27,2,-1.00,-1.00,-1.00,-1.00,0.1280,1.7,1.89,4.40,30.45,2.24,22.55,3.14,-10.00
27,2,-1.00,-1.00,-1.00,-1.00,0.1246,1.8,2.01,4.71,-40.47,0.96,16.69,-0.11,-10.00
27,2,1409.96,505.76,1600.00,578.05,0.1099,1.7,1.91,4.49,17.48,2.08,31.75,0.31,-10.00
27,2,-1.00,-1.00,-1.00,-1.00,0.1021,1.7,1.92,4.33,-0.96,1.30,-27.92,-1.53,-10.00
28,2,-1.00,-1.00,-1.00,-1.00,0.9733,1.5,1.84,4.38,0.29,1.57,-8.67,-1.60,-10.00
28,2,882.27,485.79,961.99,549.83,0.9326,1.8,1.98,4.24,3.09,1.68,37.81,1.56,-10.00
28,2,-1.00,-1.00,-1.00,-1.00,0.9289,1.4,1.71,3.75,0.26,1.21,-19.51,-1.59,-10.00
28,2,863.69,490.76,926.30,539.86,0.7140,1.6,1.83,3.99,2.68,1.63,43.92,1.55,-10.00
28,2,-1.00,-1.00,-1.00,-1.00,0.3381,1.8,1.96,4.31,-7.91,1.36,-50.94,-1.66,-10.00
28,2,929.62,497.25,1005.11,542.86,0.2903,1.6,1.89,4.39,5.67,1.89,48.05,1.46,-10.00
28,2,866.52,501.78,936.57,559.47,0.2810,1.8,1.94,4.11,2.71,2.12,41.04,1.56,-10.00
28,2,-1.00,-1.00,-1.00,-1.00,0.2673,1.9,1.97,4.34,-0.33,0.94,-45.39,-1.59,-10.00
28,2,-1.00,-1.00,-1.00,-1.00,0.2672,1.6,1.86,4.31,-34.89,0.55,25.55,-0.14,-10.00
28,2,956.98,494.64,1036.65,549.85,0.1977,1.7,1.94,4.01,5.84,1.85,41.41,1.55,-10.00
28,2,-1.00,-1.00,-1.00,-1.00,0.1634,1.8,1.94,4.40,-0.29,1.34,-28.30,-1.61,-10.00
28,2,-1.00,-1.00,-1.00,-1.00,0.1449,1.7,1.91,4.45,-37.26,0.35,24.50,-0.13,-10.00
28,2,-1.00,-1.00,-1.00,-1.00,0.1366,1.7,1.99,4.48,-7.47,1.77,-14.01,-1.79,-10.00
28,2,-1.00,-1.00,-1.00,-1.00,0.1309,1.8,1.97,4.65,0.28,1.57,-26.26,3.09,-10.00
28,2,-1.00,-1.00,-1.00,-1.00,0.1153,1.8,2.05,4.83,-40.98,1.07,16.72,-0.08,-10.00
28,2,-1.00,-1.00,-1.00,-1.00,0.1115,1.7,1.93,4.25,4.35,1.46,-42.15,-1.55,-10.00
29,2,-1.00,-1.00,-1.00,-1.00,0.9763,1.6,1.88,4.51,0.28,1.55,-8.60,-1.60,-10.00
29,2,879.31,488.61,962.32,553.35,0.9411,1.8,1.99,4.30,3.05,1.77,37.82,1.54,-10.00
29,2,-1.00,-1.00,-1.00,-1.00,0.9101,1.4,1.74,3.76,0.24,1.22,-19.62,-1.58,-10.00
29,2,862.35,490.97,927.01,542.25,0.8499,1.7,1.90,4.02,2.67,1.71,43.95,1.55,-10.00
29,2,-1.00,-1.00,-1.00,-1.00,0.2898,1.9,1.96,4.29,-0.40,0.93,-45.32,-1.57,-10.00
29,2,-1.00,-1.00,-1.00,-1.00,0.2772,1.9,1.97,4.38,-7.97,1.32,-51.14,-1.70,-10.00
29,2,-1.00,-1.00,-1.00,-1.00,0.2536,1.6,1.85,4.31,-32.49,0.56,25.62,-0.15,-10.00
29,2,-1.00,-1.00,-1.00,-1.00,0.1732,1.7,1.91,4.40,-0.30,1.32,-27.79,-1.59,-10.00
29,2,-1.00,-1.00,-1.00,-1.00,0.1516,1.7,1.96,4.31,-3.38,1.38,-26.96,-1.59,-10.00
29,2,867.42,501.51,935.19,559.54,0.1498,1.8,1.96,4.11,2.70,2.12,41.03,1.58,-10.00
29,2,-1.00,-1.00,-1.00,-1.00,0.1437,1.7,1.90,4.41,30.48,2.24,22.51,-3.14,-10.00
29,2,1301.85,498.24,1398.21,554.04,0.1330,1.6,1.86,4.21,16.38,1.86,39.08,1.75,-10.00
29,2,857.60,495.44,925.09,543.28,0.1313,1.7,1.91,4.28,2.75,1.88,47.37,1.48,-10.00
29,2,-1.00,-1.00,-1.00,-1.00,0.1188,1.7,1.99,4.63,-40.58,0.93,16.68,-0.11,-10.00
29,2,-1.00,-1.00,-1.00,-1.00,0.1157,1.7,2.00,4.47,-7.47,1.79,-14.02,-1.81,-10.00
29,2,-1.00,-1.00,-1.00,-1.00,0.1017,1.7,1.89,4.34,-12.38,1.11,-35.72,-1.61,-10.00
30,2,-1.00,-1.00,-1.00,-1.00,0.9739,1.5,1.83,4.36,0.28,1.54,-8.66,-1.59,-10.00
30,2,-1.00,-1.00,-1.00,-1.00,0.9140,1.4,1.76,4.04,0.31,1.31,-19.54,-1.56,-10.00
30,2,881.02,484.87,963.29,550.92,0.9127,1.8,2.00,4.26,3.09,1.71,37.82,1.55,-10.00
30,2,860.28,494.27,929.50,546.46,0.8516,1.7,1.89,4.07,2.67,1.84,43.79,1.51,-10.00
30,2,-1.00,-1.00,-1.00,-1.00,0.6843,1.8,1.99,4.75,-2.46,1.62,-26.23,-3.13,-10.00
30,2,-1.00,-1.00,-1.00,-1.00,0.3805,1.8,1.96,4.30,-7.91,1.33,-50.98,-1.65,-10.00
30,2,-1.00,-1.00,-1.00,-1.00,0.2689,1.9,1.98,4.36,-0.44,0.92,-45.73,-1.62,-10.00
30,2,-1.00,-1.00,-1.00,-1.00,0.2282,1.7,1.88,4.38,-30.98,0.66,25.65,-0.07,-10.00
30,2,867.17,497.93,940.65,558.24,0.2213,1.8,1.97,4.17,2.75,2.06,40.53,1.55,-10.00
30,2,-1.00,-1.00,-1.00,-1.00,0.1681,1.7,1.94,4.25,4.36,1.51,-42.18,-1.59,-10.00
30,2,-1.00,-1.00,-1.00,-1.00,0.1445,1.7,1.94,4.51,-28.59,0.84,25.08,-0.07,-10.00
30,2,-1.00,-1.00,-1.00,-1.00,0.1327,1.8,1.99,4.67,-40.50,0.95,16.67,-0.11,-10.00
30,2,-1.00,-1.00,-1.00,-1.00,0.1257,1.7,1.93,4.27,30.12,1.24,-31.99,-1.63,-10.00
30,2,1338.86,497.93,1530.68,567.22,0.1174,1.7,1.87,4.37,16.00,1.89,32.97,0.42,-10.00
30,2,944.84,496.10,1026.76,552.43,0.1139,1.7,1.96,4.05,5.48,1.92,41.37,1.53,-10.00
30,2,-1.00,-1.00,-1.00,-1.00,0.1016,1.7,1.93,4.51,30.58,2.29,22.55,-3.13,-10.00
31,2,-1.00,-1.00,-1.00,-1.00,0.9762,1.6,1.88,4.48,0.28,1.56,-8.59,-1.60,-10.00
31,2,888.23,488.19,956.09,548.23,0.8945,1.7,1.88,4.30,3.15,1.62,37.57,1.66,-10.00
31,2,-1.00,-1.00,-1.00,-1.00,0.8942,1.4,1.77,4.10,0.24,1.23,-19.45,-1.54,-10.00
31,2,864.06,492.99,929.02,543.89,0.8497,1.7,1.85,4.04,2.72,1.76,43.79,1.54,-10.00
31,2,-1.00,-1.00,-1.00,-1.00,0.4773,1.9,1.99,4.36,-7.99,1.26,-51.11,-1.64,-10.00
31,2,-1.00,-1.00,-1.00,-1.00,0.3480,1.7,1.92,4.44,-29.22,0.71,25.88,-0.10,-10.00
31,2,-1.00,-1.00,-1.00,-1.00,0.3099,1.9,2.00,4.34,-0.79,0.95,-45.60,-1.61,-10.00
31,2,-1.00,-1.00,-1.00,-1.00,0.1920,1.7,1.98,4.45,-7.40,1.69,-12.66,-1.87,-10.00
31,2,-1.00,-1.00,-1.00,-1.00,0.1739,1.7,1.94,4.52,-26.31,0.73,25.88,-0.03,-10.00
31,2,-1.00,-1.00,-1.00,-1.00,0.1651,1.7,1.89,4.39,-28.68,0.82,24.44,-0.09,-10.00
31,2,1321.82,503.25,1510.41,573.91,0.1508,1.8,1.88,4.38,15.71,2.08,33.38,0.40,-10.00
31,2,1318.78,497.07,1494.03,554.38,0.1491,1.7,1.90,4.39,17.71,1.85,38.14,3.13,-10.00
31,2,-1.00,-1.00,-1.00,-1.00,0.1241,1.9,2.11,5.00,-41.24,1.08,16.69,-0.07,-10.00
31,2,-1.00,-1.00,-1.00,-1.00,0.1016,1.7,1.89,4.40,-26.80,0.84,27.07,-0.09,-10.00
32,2,-1.00,-1.00,-1.00,-1.00,0.9751,1.5,1.83,4.35,0.27,1.55,-8.63,-1.60,-10.00
32,2,-1.00,-1.00,-1.00,-1.00,0.9144,1.5,1.76,3.87,0.23,1.24,-19.61,-1.60,-10.00
32,2,892.71,492.95,959.17,550.86,0.8112,1.6,1.82,4.26,3.16,1.67,37.12,1.63,-10.00
32,2,863.61,489.78,926.25,541.57,0.4912,1.7,1.90,4.12,2.67,1.68,43.74,1.57,-10.00
32,2,-1.00,-1.00,-1.00,-1.00,0.4741,1.9,1.99,4.32,-7.99,1.15,-51.17,-1.64,-10.00
32,2,-1.00,-1.00,-1.00,-1.00,0.2814,1.9,1.98,4.36,-0.37,0.98,-45.41,-1.54,-10.00
32,2,-1.00,-1.00,-1.00,-1.00,0.1385,1.6,1.84,4.30,-28.30,0.68,24.73,-0.17,-10.00
32,2,-1.00,-1.00,-1.00,-1.00,0.1335,1.7,1.99,4.44,-7.39,1.68,-12.37,-1.85,-10.00
32,2,808.97,483.22,864.05,529.07,0.1247,1.6,1.88,4.29,0.80,1.37,47.38,-1.51,-10.00
32,2,-1.00,-1.00,-1.00,-1.00,0.1137,1.6,1.92,4.47,-25.75,0.60,25.87,-0.19,-10.00
32,2,735.34,488.33,821.75,539.04,0.1098,1.7,1.89,4.23,-1.25,1.61,44.03,1.82,-10.00
32,2,-1.00,-1.00,-1.00,-1.00,0.1094,1.7,1.93,4.23,4.36,1.51,-42.15,-1.57,-10.00
32,2,-1.00,-1.00,-1.00,-1.00,0.1030,1.6,1.93,4.49,21.53,2.07,22.54,3.13,-10.00
33,2,-1.00,-1.00,-1.00,-1.00,0.9760,1.6,1.86,4.40,0.28,1.58,-8.64,-1.60,-10.00
33,2,-1.00,-1.00,-1.00,-1.00,0.9237,1.4,1.72,3.70,0.20,1.21,-19.53,-1.59,-10.00
33,2,885.15,482.89,970.14,543.68,0.7880,1.6,1.87,4.39,3.11,1.43,36.14,1.53,-10.00
33,2,867.52,491.60,939.39,545.15,0.5211,1.7,1.93,4.31,2.87,1.74,42.48,1.53,-10.00
33,2,-1.00,-1.00,-1.00,-1.00,0.4412,1.9,2.00,4.35,-8.01,1.26,-51.20,-1.63,-10.00
33,2,1455.21,512.03,1600.00,583.24,0.3571,1.6,1.91,4.45,18.28,2.13,31.05,0.60,-10.00
33,2,-1.00,-1.00,-1.00,-1.00,0.2893,1.9,1.98,4.32,-0.75,0.99,-45.35,-1.58,-10.00
33,2,-1.00,-1.00,-1.00,-1.00,0.1861,1.8,1.98,4.68,0.08,1.45,-26.91,-3.05,-10.00
33,2,-1.00,-1.00,-1.00,-1.00,0.1511,1.7,1.95,4.53,-40.44,0.92,16.70,-0.11,-10.00
33,2,-1.00,-1.00,-1.00,-1.00,0.1430,1.7,1.94,4.53,-11.44,2.06,-3.51,-1.66,-10.00
33,2,-1.00,-1.00,-1.00,-1.00,0.1244,1.7,1.99,4.45,-7.41,1.70,-12.32,-1.86,-10.00
33,2,-1.00,-1.00,-1.00,-1.00,0.1061,1.7,1.97,4.56,-8.25,1.37,-9.10,-1.76,-10.00
34,2,-1.00,-1.00,-1.00,-1.00,0.9735,1.5,1.83,4.34,0.27,1.54,-8.62,-1.60,-10.00
34,2,-1.00,-1.00,-1.00,-1.00,0.9326,1.4,1.75,3.83,0.28,1.29,-19.53,-1.61,-10.00
34,2,889.24,488.01,978.18,551.07,0.8052,1.6,1.86,4.41,3.13,1.56,34.56,1.54,-10.00
34,2,863.17,491.44,935.71,544.16,0.6655,1.6,1.88,4.41,2.70,1.69,42.02,1.52,-10.00
34,2,1493.62,505.04,1600.00,579.46,0.4764,1.7,1.92,4.47,18.90,2.02,30.56,0.48,-10.00
34,2,-1.00,-1.00,-1.00,-1.00,0.4343,1.9,2.00,4.36,-7.99,1.20,-51.17,-1.63,-10.00
34,2,-1.00,-1.00,-1.00,-1.00,0.2946,1.9,1.97,4.32,-0.39,0.95,-45.38,-1.59,-10.00
34,2,783.44,496.79,846.01,545.71,0.2523,1.6,1.92,4.37,-0.00,1.84,44.32,1.63,-10.00
34,2,948.68,477.17,1009.84,520.19,0.1936,1.6,1.84,4.46,6.42,1.12,50.29,1.57,-10.00
34,2,-1.00,-1.00,-1.00,-1.00,0.1669,1.6,1.92,4.53,22.52,2.29,29.27,0.36,-10.00
34,2,796.28,499.41,862.19,551.97,0.1448,1.6,1.88,4.31,0.37,1.91,41.52,1.52,-10.00
34,2,902.72,481.51,960.13,527.43,0.1398,1.6,1.91,4.35,4.40,1.33,47.84,1.72,-10.00
34,2,-1.00,-1.00,-1.00,-1.00,0.1351,1.7,1.98,4.41,-7.43,1.71,-12.32,-1.86,-10.00
34,2,953.44,489.21,1026.99,536.06,0.1265,1.6,1.90,4.33,6.39,1.61,46.96,1.51,-10.00
34,2,-1.00,-1.00,-1.00,-1.00,0.1251,1.8,1.92,4.48,42.12,2.34,1.68,-0.03,-10.00
34,2,-1.00,-1.00,-1.00,-1.00,0.1171,1.6,1.93,4.54,20.12,2.03,22.53,3.11,-10.00
34,2,-1.00,-1.00,-1.00,-1.00,0.1144,1.7,1.92,4.24,4.37,1.50,-42.17,-1.60,-10.00
34,2,-1.00,-1.00,-1.00,-1.00,0.1116,1.7,1.98,4.57,-8.23,1.38,-9.10,-1.78,-10.00
34,2,665.17,474.14,806.35,543.17,0.1115,1.7,1.88,4.43,-2.02,1.30,33.28,1.98,-10.00
34,2,-1.00,-1.00,-1.00,-1.00,0.1000,1.7,1.92,4.50,21.29,1.89,28.56,0.47,-10.00
35,2,-1.00,-1.00,-1.00,-1.00,0.9742,1.5,1.84,4.38,0.28,1.54,-8.65,-1.60,-10.00
35,2,-1.00,-1.00,-1.00,-1.00,0.8340,1.4,1.77,3.93,0.31,1.23,-19.41,-1.63,-10.00
35,2,889.27,484.29,991.50,555.56,0.6183,1.7,1.85,4.37,3.11,1.58,32.63,1.49,-10.00
35,2,868.06,491.84,943.16,547.21,0.5907,1.7,1.85,4.41,2.82,1.73,40.82,1.51,-10.00
35,2,1564.43,512.45,1600.00,585.28,0.5380,1.6,1.90,4.47,20.27,2.09,29.88,0.55,-10.00
35,2,-1.00,-1.00,-1.00,-1.00,0.4627,1.8,1.98,4.29,-7.99,1.16,-51.19,-1.64,-10.00
35,2,-1.00,-1.00,-1.00,-1.00,0.4462,1.6,1.90,4.41,-13.67,1.65,0.89,-2.26,-10.00
35,2,-1.00,-1.00,-1.00,-1.00,0.2828,1.9,1.98,4.37,-0.38,0.97,-45.39,-1.58,-10.00
35,2,959.68,486.66,1039.74,532.53,0.2378,1.6,1.82,4.31,6.86,1.51,47.79,1.42,-10.00
35,2,797.06,502.28,855.84,553.85,0.1839,1.7,1.91,4.35,0.34,2.07,43.55,1.58,-10.00
35,2,686.57,501.76,738.82,547.28,0.1746,1.7,1.90,4.26,-3.98,2.08,48.58,1.49,-10.00
35,2,954.79,494.14,1033.65,549.40,0.1538,1.7,1.92,4.05,5.78,1.84,41.58,1.54,-10.00
35,2,947.05,490.25,1020.92,537.12,0.1391,1.6,1.90,4.25,5.99,1.60,45.71,1.52,-10.00
35,2,-1.00,-1.00,-1.00,-1.00,0.1277,1.6,1.81,4.20,0.50,1.35,-23.53,-1.57,-10.00
35,2,-1.00,-1.00,-1.00,-1.00,0.1272,1.8,1.94,4.35,-0.32,1.29,-27.82,-1.63,-10.00
35,2,-1.00,-1.00,-1.00,-1.00,0.1232,1.8,1.97,4.61,-39.82,1.00,16.73,-0.09,-10.00
35,2,-1.00,-1.00,-1.00,-1.00,0.1226,1.7,1.99,4.42,-7.44,1.66,-12.29,-1.88,-10.00
35,2,-1.00,-1.00,-1.00,-1.00,0.1161,1.8,1.98,4.29,-3.46,1.44,-26.82,-1.60,-10.00
35,2,-1.00,-1.00,-1.00,-1.00,0.1147,1.7,1.97,4.55,-8.25,1.36,-9.07,-1.77,-10.00
35,2,781.46,494.47,852.08,548.17,0.1093,1.6,1.89,4.35,-0.04,1.76,40.81,1.48,-10.00
35,2,-1.00,-1.00,-1.00,-1.00,0.1048,1.7,1.94,4.51,43.14,2.28,29.57,3.06,-10.00
35,2,-1.00,-1.00,-1.00,-1.00,0.1013,1.7,1.94,4.39,25.00,2.37,33.99,1.75,-10.00
36,2,-1.00,-1.00,-1.00,-1.00,0.9733,1.5,1.84,4.36,0.27,1.55,-8.65,-1.60,-10.00
36,2,-1.00,-1.00,-1.00,-1.00,0.8233,1.5,1.78,3.83,0.23,1.23,-19.44,-1.64,-10.00
36,2,893.45,486.32,1008.12,558.69,0.7787,1.6,1.86,4.46,3.15,1.54,30.52,1.47,-10.00
36,2,787.58,499.22,860.20,549.25,0.5959,1.6,1.88,4.38,0.32,1.88,42.75,1.71,-10.00
36,2,872.08,488.82,947.37,547.99,0.5803,1.7,1.83,4.39,2.83,1.69,39.23,1.53,-10.00
36,2,1593.62,512.97,1600.00,585.48,0.5427,1.6,1.85,4.34,20.65,2.07,29.42,0.51,-10.00
36,2,-1.00,-1.00,-1.00,-1.00,0.4413,1.9,2.00,4.39,-8.00,1.26,-51.14,-1.63,-10.00
36,2,939.95,483.36,1025.25,530.67,0.3683,1.6,1.81,4.32,6.02,1.40,46.29,1.38,-10.00
36,2,-1.00,-1.00,-1.00,-1.00,0.1914,1.9,1.96,4.31,-0.40,1.00,-45.76,-1.64,-10.00
36,2,970.13,493.83,1062.83,556.59,0.1518,1.7,1.90,4.22,5.85,1.85,37.46,1.53,-10.00
36,2,-1.00,-1.00,-1.00,-1.00,0.1300,1.8,2.02,4.74,-40.53,0.94,16.66,-0.10,-10.00
36,2,783.50,495.18,849.23,548.59,0.1253,1.6,1.88,4.36,-0.05,1.74,40.06,1.53,-10.00
36,2,961.07,480.39,1047.93,530.50,0.1202,1.6,1.88,4.41,6.38,1.30,43.40,1.46,-10.00
36,2,-1.00,-1.00,-1.00,-1.00,0.1140,1.7,1.95,4.64,22.97,2.29,27.77,0.50,-10.00
36,2,-1.00,-1.00,-1.00,-1.00,0.1106,1.6,1.97,4.61,23.57,2.31,22.81,3.13,-10.00
37,2,-1.00,-1.00,-1.00,-1.00,0.9699,1.5,1.83,4.34,0.27,1.54,-8.64,-1.61,-10.00
37,2,-1.00,-1.00,-1.00,-1.00,0.9398,1.3,1.69,3.69,0.12,1.21,-19.47,-1.60,-10.00
37,2,915.08,485.90,1034.32,568.13,0.7447,1.7,1.82,4.43,3.39,1.59,27.94,1.51,-10.00
37,2,788.40,493.16,859.03,543.32,0.5114,1.6,1.87,4.45,0.31,1.66,41.99,1.68,-10.00
37,2,-1.00,-1.00,-1.00,-1.00,0.4190,1.7,1.96,4.56,21.37,2.17,29.29,0.47,-10.00
37,2,-1.00,-1.00,-1.00,-1.00,0.4180,1.9,1.98,4.37,-7.99,1.23,-51.15,-1.64,-10.00
37,2,879.19,483.46,957.29,546.86,0.4142,1.8,1.85,4.34,2.96,1.58,37.59,1.54,-10.00
37,2,962.17,485.38,1063.11,535.17,0.3233,1.6,1.86,4.41,6.79,1.49,44.28,1.31,-10.00
37,2,-1.00,-1.00,-1.00,-1.00,0.1954,1.7,1.93,4.56,23.78,2.25,27.84,0.39,-10.00
37,2,-1.00,-1.00,-1.00,-1.00,0.1877,1.8,2.03,4.51,3.20,1.71,-29.13,-1.55,-10.00
37,2,-1.00,-1.00,-1.00,-1.00,0.1850,1.6,1.94,4.45,-16.94,1.36,4.60,-1.92,-10.00
37,2,-1.00,-1.00,-1.00,-1.00,0.1518,1.8,1.93,4.53,-2.25,1.47,-26.55,-2.95,-10.00
37,2,211.31,473.48,495.97,576.84,0.1448,1.7,1.91,4.51,-8.16,1.42,22.74,2.17,-10.00
37,2,-1.00,-1.00,-1.00,-1.00,0.1308,1.7,1.91,4.46,-18.55,1.40,7.24,1.12,-10.00
37,2,999.69,479.12,1122.23,533.00,0.1271,1.7,1.94,4.41,7.98,1.33,41.75,1.21,-10.00
37,2,-1.00,-1.00,-1.00,-1.00,0.1248,1.8,1.96,4.41,-0.76,1.05,-45.44,-1.53,-10.00
37,2,-1.00,-1.00,-1.00,-1.00,0.1236,1.8,2.02,4.77,-40.50,0.94,16.67,-0.10,-10.00
37,2,779.24,495.48,846.57,551.03,0.1169,1.6,1.88,4.34,-0.05,1.75,38.80,1.61,-10.00
37,2,-1.00,-1.00,-1.00,-1.00,0.1098,1.7,1.98,4.56,-8.24,1.40,-9.07,-1.82,-10.00
37,2,-1.00,-1.00,-1.00,-1.00,0.1092,1.8,1.94,4.30,2.85,1.55,-41.42,-1.60,-10.00
37,2,944.43,486.41,1047.58,535.74,0.1081,1.6,1.92,4.36,5.99,1.45,42.76,1.32,-10.00
38,2,-1.00,-1.00,-1.00,-1.00,0.9721,1.5,1.84,4.37,0.28,1.55,-8.68,-1.60,-10.00
38,2,-1.00,-1.00,-1.00,-1.00,0.9157,1.3,1.71,3.67,0.09,1.22,-19.41,-1.59,-10.00
38,2,933.06,481.77,1082.63,577.63,0.6121,1.7,1.86,4.53,3.64,1.58,24.88,1.48,-10.00
38,2,-1.00,-1.00,-1.00,-1.00,0.5662,1.6,1.87,4.37,22.01,2.26,28.91,0.45,-10.00
38,2,795.48,490.71,857.62,543.47,0.5353,1.6,1.87,4.33,0.29,1.61,40.47,1.56,-10.00
38,2,-1.00,-1.00,-1.00,-1.00,0.4759,1.9,2.02,4.43,-8.02,1.28,-51.15,-1.63,-10.00
38,2,879.62,479.40,961.09,546.59,0.4002,1.8,1.83,4.33,2.85,1.49,35.55,1.55,-10.00
38,2,-1.00,-1.00,-1.00,-1.00,0.3912,1.6,1.85,4.38,-18.77,1.35,6.66,-2.37,-10.00
38,2,972.44,475.69,1090.23,527.98,0.3407,1.7,1.89,4.31,7.22,1.21,42.92,1.16,-10.00
38,2,-1.00,-1.00,-1.00,-1.00,0.2448,1.9,1.99,4.31,-0.78,0.99,-45.66,-1.57,-10.00
38,2,-1.00,-1.00,-1.00,-1.00,0.1991,1.8,1.91,4.48,43.13,2.53,1.59,-2.92,-10.00
38,2,148.19,443.30,444.74,552.03,0.1988,1.7,1.87,4.42,-8.89,0.99,22.02,2.20,-10.00
38,2,-1.00,-1.00,-1.00,-1.00,0.1549,1.9,2.01,4.32,-2.79,1.57,-32.06,-1.61,-10.00
38,2,-1.00,-1.00,-1.00,-1.00,0.1423,1.7,1.99,4.65,-40.46,0.97,16.68,-0.11,-10.00
38,2,1017.89,481.19,1143.59,534.93,0.1287,1.7,1.90,4.42,8.71,1.40,42.09,1.17,-10.00
38,2,-1.00,-1.00,-1.00,-1.00,0.1080,1.7,1.96,4.51,-8.26,1.39,-9.09,-1.81,-10.00
38,2,791.39,487.02,858.76,545.05,0.1053,1.6,1.85,4.31,0.31,1.51,37.20,1.60,-10.00
38,2,-1.00,-1.00,-1.00,-1.00,0.1037,1.7,1.89,4.22,-32.54,0.49,29.97,1.35,-10.00
38,2,974.95,488.43,1061.05,553.83,0.1013,1.7,1.93,3.98,5.49,1.65,34.92,1.62,-10.00
39,2,-1.00,-1.00,-1.00,-1.00,0.9696,1.5,1.84,4.35,0.27,1.55,-8.68,-1.61,-10.00
39,2,-1.00,-1.00,-1.00,-1.00,0.9237,1.3,1.69,3.62,0.12,1.25,-19.36,-1.60,-10.00
39,2,886.41,486.90,985.88,561.37,0.6197,1.8,1.87,4.46,3.04,1.74,33.05,1.50,-10.00
39,2,-1.00,-1.00,-1.00,-1.00,0.6060,1.6,1.89,4.46,-21.00,1.12,8.23,-2.50,-10.00
39,2,993.67,474.84,1121.37,529.56,0.5583,1.7,1.91,4.42,7.92,1.23,41.98,1.13,-10.00
39,2,964.93,477.69,1154.42,590.39,0.5258,1.7,1.86,4.51,3.95,1.53,21.35,1.46,-10.00
39,2,-1.00,-1.00,-1.00,-1.00,0.4679,1.8,2.02,4.48,-7.95,1.39,-50.98,-1.65,-10.00
39,2,796.94,494.76,864.70,553.92,0.4004,1.7,1.87,4.35,0.39,1.85,39.00,1.53,-10.00
39,2,-1.00,-1.00,-1.00,-1.00,0.2924,1.9,1.99,4.37,-0.44,0.96,-45.70,-1.54,-10.00
39,2,-1.00,-1.00,-1.00,-1.00,0.2881,1.9,2.03,4.80,0.04,1.50,-26.91,-3.13,-10.00
39,2,-1.00,-1.00,-1.00,-1.00,0.2040,1.7,1.93,4.51,44.40,2.18,1.25,0.15,-10.00
39,2,-1.00,-1.00,-1.00,-1.00,0.1626,1.6,1.90,4.45,23.08,2.38,28.89,0.24,-10.00
39,2,1551.79,513.72,1600.00,587.10,0.1562,1.6,1.92,4.44,20.45,2.20,30.56,-2.76,-10.00
39,2,-1.00,-1.00,-1.00,-1.00,0.1032,1.8,1.94,4.25,3.98,1.46,-42.41,1.60,-10.00
39,2,796.26,496.27,864.90,554.64,0.1011,1.6,1.83,4.28,0.35,1.73,36.16,1.55,-10.00
