0,2,-1.00,-1.00,-1.00,-1.00,0.9196,1.6,1.86,4.58,-1.93,1.36,-10.41,-1.25,-10.00
0,2,694.48,453.77,1193.83,685.87,0.9077,1.5,1.83,4.38,0.81,1.31,10.60,-2.14,-10.00
0,2,-1.00,-1.00,-1.00,-1.00,0.8780,1.6,1.90,4.75,0.33,1.36,-14.60,-1.17,-10.00
0,2,593.98,445.51,855.00,539.34,0.8401,1.6,1.92,4.56,-1.74,0.84,23.56,0.54,-10.00
0,2,-1.00,-1.00,-1.00,-1.00,0.5477,1.6,1.91,4.52,29.79,2.17,-4.28,-2.77,-10.00
0,2,443.41,450.51,630.10,522.76,0.3798,1.6,1.83,4.29,-6.64,0.72,29.95,-2.55,-10.00
0,2,713.00,446.39,934.26,524.48,0.3434,1.6,1.91,4.37,0.16,0.69,27.36,0.41,-10.00
0,2,152.20,405.58,357.41,505.78,0.3411,2.6,2.25,5.63,-15.69,0.38,35.33,0.50,-10.00
0,2,974.15,436.61,1083.09,500.99,0.3342,1.6,1.81,4.29,5.91,0.23,34.85,-1.12,-10.00
0,2,-1.00,-1.00,-1.00,-1.00,0.2670,1.7,1.93,4.46,-33.20,0.64,17.54,-2.86,-10.00
0,2,-1.00,-1.00,-1.00,-1.00,0.2537,1.7,1.90,4.38,-8.84,1.29,-29.68,-1.20,-10.00
0,2,872.45,436.93,1078.74,529.54,0.2141,1.7,1.88,4.45,3.06,0.73,25.29,-2.05,-10.00
0,2,723.09,432.34,867.34,501.25,0.1967,1.6,1.86,4.39,-0.47,0.23,33.54,-1.06,-10.00
0,2,-1.00,-1.00,-1.00,-1.00,0.1878,1.6,1.96,4.60,-28.59,0.65,32.29,0.50,-10.00
0,2,569.94,453.45,714.55,508.11,0.1864,1.7,1.86,4.32,-5.66,0.52,41.18,0.43,-10.00
0,2,-1.00,-1.00,-1.00,-1.00,0.1598,1.6,1.85,4.33,-3.14,0.51,-43.21,-1.52,-10.00
0,2,527.80,453.41,721.54,527.52,0.1573,1.6,1.89,4.49,-4.49,0.84,30.27,2.24,-10.00
0,2,-1.00,-1.00,-1.00,-1.00,0.1451,1.6,1.83,4.13,34.11,2.88,-6.83,1.92,-10.00
0,2,683.49,448.26,912.95,532.09,0.1367,1.6,1.89,4.31,-0.39,0.79,25.84,0.53,-10.00
0,2,-1.00,-1.00,-1.00,-1.00,0.1315,1.6,1.95,4.57,-21.83,0.40,28.71,-2.59,-10.00
0,2,-1.00,-1.00,-1.00,-1.00,0.1312,1.6,1.90,4.37,-17.70,0.82,-37.73,0.13,-10.00
0,2,-1.00,-1.00,-1.00,-1.00,0.1302,1.7,1.91,4.41,43.74,3.04,-12.43,-2.82,-10.00
0,2,731.06,440.87,926.15,510.96,0.1289,1.6,1.94,4.52,0.27,0.47,31.46,0.59,-10.00
0,2,1052.42,442.52,1134.28,487.94,0.1284,1.6,1.87,4.58,11.16,-0.20,51.31,-1.68,-10.00
0,2,940.92,447.90,1071.81,493.79,0.1268,1.6,1.88,4.42,7.00,0.07,46.63,0.41,-10.00
0,2,1354.89,456.07,1576.23,527.80,0.1235,1.6,1.85,4.36,14.80,0.81,29.14,-2.77,-10.00
0,2,913.06,445.74,1020.75,496.90,0.1213,1.6,1.79,4.23,5.13,0.15,43.69,1.16,-10.00
0,2,837.77,443.61,995.14,524.79,0.1207,1.6,1.90,4.44,2.29,0.71,27.76,-1.11,-10.00
0,2,417.40,453.12,592.67,523.30,0.1189,1.6,1.89,4.42,-7.67,0.78,31.65,-1.14,-10.00
0,2,-1.00,-1.00,-1.00,-1.00,0.1129,1.6,1.93,4.47,30.42,2.29,-1.54,-2.77,-10.00
0,2,-1.00,-1.00,-1.00,-1.00,0.1128,1.6,1.89,4.43,18.19,1.45,-22.67,0.39,-10.00
0,2,-1.00,-1.00,-1.00,-1.00,0.1117,1.6,1.89,4.38,26.87,2.21,13.29,-2.81,-10.00
0,2,168.99,456.60,322.05,510.42,0.1067,1.6,1.91,4.37,-18.15,0.59,40.29,-2.77,-10.00
0,2,-1.00,-1.00,-1.00,-1.00,0.1067,1.7,1.91,4.46,-7.18,0.25,-49.39,-1.25,-10.00
0,2,0.00,433.80,58.72,489.88,0.1050,1.7,1.95,4.49,-26.58,-0.08,40.33,-2.72,-10.00
0,2,402.08,450.79,602.82,526.75,0.1043,1.6,1.90,4.42,-7.16,0.77,28.78,0.57,-10.00
0,2,894.31,444.27,1053.84,500.74,0.1043,1.6,1.87,4.34,4.63,0.25,37.07,-2.82,-10.00
0,2,-1.00,-1.00,-1.00,-1.00,0.1041,1.6,1.90,4.35,-2.29,1.29,-28.36,-1.33,-10.00
0,2,-1.00,-1.00,-1.00,-1.00,0.1030,1.6,1.89,4.34,28.53,2.51,-7.11,-2.75,-10.00
0,2,-1.00,-1.00,-1.00,-1.00,0.1003,1.9,2.01,4.72,-19.91,-1.74,-15.24,-2.87,-10.00
1,2,-1.00,-1.00,-1.00,-1.00,0.8873,1.6,1.85,4.46,0.81,1.54,-13.05,-1.13,-10.00
1,2,-1.00,-1.00,-1.00,-1.00,0.8821,1.7,1.89,4.36,-2.10,1.54,-10.57,-1.20,-10.00
1,2,579.83,425.87,1011.39,635.24,0.8539,1.5,1.81,4.23,-0.38,1.10,11.61,-2.21,-10.00
1,2,686.75,424.73,973.22,529.83,0.8064,1.6,1.95,4.63,0.17,0.62,21.72,0.63,-10.00
1,2,-1.00,-1.00,-1.00,-1.00,0.7043,1.6,1.86,4.42,29.15,2.31,-8.77,-2.59,-10.00
1,2,-1.00,-1.00,-1.00,-1.00,0.6288,1.6,1.87,4.37,-9.86,1.28,-28.13,-1.08,-10.00
1,2,529.75,431.81,744.43,514.59,0.5819,1.7,1.97,4.63,-4.05,0.50,28.33,-2.54,-10.00
1,2,278.22,397.96,465.70,493.77,0.5613,2.4,2.13,5.22,-12.11,0.03,34.38,0.61,-10.00
1,2,132.55,422.65,278.59,485.86,0.3576,1.7,1.91,4.44,-18.14,-0.21,37.57,0.60,-10.00
1,2,-1.00,-1.00,-1.00,-1.00,0.3227,1.7,1.93,4.50,-22.16,-2.13,-5.07,2.32,-10.00
1,2,804.41,427.63,1049.58,516.33,0.3056,1.6,1.91,4.43,2.10,0.47,24.69,0.67,-10.00
1,2,-1.00,-1.00,-1.00,-1.00,0.2731,1.6,1.87,4.41,-27.65,1.34,-41.26,2.40,-10.00
1,2,-1.00,-1.00,-1.00,-1.00,0.2439,1.8,1.93,4.52,34.63,2.26,-12.00,-2.74,-10.00
1,2,55.39,412.80,167.00,474.93,0.2037,1.7,1.97,4.58,-22.70,-0.60,40.70,-2.35,-10.00
1,2,-1.00,-1.00,-1.00,-1.00,0.1905,1.6,1.86,4.28,-0.17,1.20,-40.24,-2.93,-10.00
1,2,96.08,413.72,271.05,478.72,0.1580,1.8,1.97,4.67,-20.51,-0.49,41.21,-0.86,-10.00
1,2,9.85,430.72,189.05,495.17,0.1456,1.6,1.96,4.51,-19.64,0.08,34.70,0.42,-10.00
1,2,-1.00,-1.00,-1.00,-1.00,0.1376,1.7,1.90,4.53,29.84,2.32,-51.47,0.35,-10.00
1,2,-1.00,-1.00,-1.00,-1.00,0.1336,1.7,1.92,4.41,-23.42,-2.07,-2.73,-0.89,-10.00
1,2,-1.00,-1.00,-1.00,-1.00,0.1316,1.6,1.90,4.48,2.66,1.49,-39.26,-2.58,-10.00
1,2,-1.00,-1.00,-1.00,-1.00,0.1301,1.6,1.93,4.53,9.30,1.69,-36.50,0.40,-10.00
1,2,-1.00,-1.00,-1.00,-1.00,0.1299,1.6,1.88,4.39,-0.86,1.24,-42.99,0.28,-10.00
1,2,-1.00,-1.00,-1.00,-1.00,0.1229,1.6,1.87,4.34,-2.55,1.46,-45.43,0.25,-10.00
1,2,-1.00,-1.00,-1.00,-1.00,0.1218,1.7,1.90,4.44,48.02,2.99,-21.59,-2.66,-10.00
1,2,-1.00,-1.00,-1.00,-1.00,0.1168,1.7,1.91,4.45,2.47,1.53,-51.75,1.79,-10.00
1,2,-1.00,-1.00,-1.00,-1.00,0.1128,1.6,1.88,4.42,-27.58,1.48,-46.21,2.15,-10.00
1,2,876.05,418.54,1075.64,508.58,0.1077,1.6,1.91,4.58,3.11,0.33,25.70,1.15,-10.00
1,2,-1.00,-1.00,-1.00,-1.00,0.1045,1.7,1.98,4.60,-28.69,-1.95,-15.63,-0.95,-10.00
1,2,-1.00,-1.00,-1.00,-1.00,0.1008,1.6,1.86,4.41,-4.69,1.45,-35.36,1.75,-10.00
1,2,-1.00,-1.00,-1.00,-1.00,0.1004,1.6,1.87,4.33,39.68,2.37,-18.67,2.11,-10.00
2,2,-1.00,-1.00,-1.00,-1.00,0.8916,1.6,1.83,4.40,1.40,1.60,-11.91,-1.09,-10.00
2,2,-1.00,-1.00,-1.00,-1.00,0.8882,1.7,1.88,4.36,-2.18,1.58,-10.70,-1.13,-10.00
2,2,815.36,412.04,1142.24,539.24,0.8343,1.7,1.98,4.70,2.39,0.68,19.47,0.74,-10.00
2,2,451.35,422.86,861.52,614.00,0.6423,1.5,1.82,4.24,-1.70,1.01,12.27,-2.31,-10.00
2,2,-1.00,-1.00,-1.00,-1.00,0.6374,1.6,1.85,4.41,-10.83,1.34,-26.48,-1.00,-10.00
2,2,938.99,418.06,1219.43,516.15,0.4777,1.6,1.91,4.47,4.58,0.42,22.40,0.67,-10.00
2,2,-1.00,-1.00,-1.00,-1.00,0.4522,1.6,1.90,4.51,28.38,2.46,-13.51,-2.53,-10.00
2,2,385.57,396.68,579.61,492.98,0.4118,2.3,2.12,5.23,-8.81,0.01,33.22,0.65,-10.00
2,2,263.20,412.46,387.74,478.91,0.3463,1.7,1.91,4.43,-14.45,-0.43,37.16,0.83,-10.00
2,2,-1.00,-1.00,-1.00,-1.00,0.2878,1.7,1.93,4.55,-22.57,-2.17,-5.09,2.28,-10.00
2,2,-1.00,-1.00,-1.00,-1.00,0.1725,1.7,1.89,4.46,6.84,0.73,-36.74,0.96,-10.00
2,2,-1.00,-1.00,-1.00,-1.00,0.1499,1.8,2.01,4.66,-49.02,-1.31,17.26,0.75,-10.00
2,2,1162.50,438.54,1322.36,499.28,0.1406,1.7,1.86,4.39,12.71,0.21,38.04,1.03,-10.00
2,2,-1.00,-1.00,-1.00,-1.00,0.1363,1.7,1.91,4.43,-29.52,0.59,19.14,-2.50,-10.00
2,2,-1.00,-1.00,-1.00,-1.00,0.1360,1.7,1.91,4.48,32.86,2.55,-15.70,-0.88,-10.00
2,2,-1.00,-1.00,-1.00,-1.00,0.1268,1.7,1.90,4.45,4.90,0.41,-38.51,-2.22,-10.00
2,2,1218.41,435.42,1387.67,494.50,0.1217,1.7,1.92,4.47,14.84,0.07,38.70,-2.49,-10.00
2,2,154.13,412.60,304.28,483.47,0.1215,1.7,1.93,4.53,-15.95,-0.26,34.31,0.70,-10.00
2,2,753.32,430.90,986.02,517.02,0.1210,1.7,1.97,4.54,1.08,0.50,25.79,-3.11,-10.00
2,2,-1.00,-1.00,-1.00,-1.00,0.1163,1.7,1.93,4.53,-11.15,1.75,-51.38,-1.36,-10.00
2,2,-1.00,-1.00,-1.00,-1.00,0.1138,1.6,1.94,4.43,30.49,2.48,-14.66,2.19,-10.00
2,2,-1.00,-1.00,-1.00,-1.00,0.1061,1.6,1.84,4.35,-4.41,1.34,-45.07,-2.38,-10.00
2,2,305.34,413.50,480.81,479.80,0.1019,1.7,1.92,4.60,-12.50,-0.42,37.63,2.27,-10.00
3,2,-1.00,-1.00,-1.00,-1.00,0.8752,1.6,1.85,4.47,1.88,1.61,-11.02,-1.06,-10.00
3,2,-1.00,-1.00,-1.00,-1.00,0.8508,1.8,1.94,4.46,-2.43,1.56,-10.89,-1.05,-10.00
3,2,981.81,415.69,1371.22,558.58,0.7485,1.6,1.94,4.66,4.66,0.81,16.93,0.81,-10.00
3,2,371.35,417.39,744.63,595.28,0.6336,1.5,1.81,4.23,-2.81,0.93,13.13,-2.33,-10.00
3,2,1145.93,438.23,1460.65,549.84,0.5926,1.5,1.79,4.21,7.41,0.84,19.62,-2.26,-10.00
3,2,-1.00,-1.00,-1.00,-1.00,0.5802,1.6,1.84,4.32,-11.83,1.10,-24.55,-0.91,-10.00
3,2,-1.00,-1.00,-1.00,-1.00,0.5487,1.6,1.97,4.68,26.51,2.79,-18.71,-2.46,-10.00
3,2,-1.00,-1.00,-1.00,-1.00,0.5394,1.8,1.95,4.62,31.18,2.53,-23.25,0.67,-10.00
3,2,801.76,429.88,1046.37,523.45,0.4916,1.6,1.89,4.56,1.98,0.59,24.37,0.80,-10.00
3,2,397.73,417.09,546.45,483.74,0.3571,1.7,1.96,4.53,-9.92,-0.27,36.33,0.73,-10.00
3,2,525.03,390.29,731.17,502.02,0.3556,2.5,2.27,5.73,-4.86,0.24,32.00,0.82,-10.00
3,2,-1.00,-1.00,-1.00,-1.00,0.3390,1.9,2.05,4.80,-23.05,-2.24,-2.48,-2.26,-10.00
3,2,1070.17,431.95,1325.82,524.63,0.3370,1.7,1.94,4.55,7.59,0.64,25.49,0.79,-10.00
3,2,-1.00,-1.00,-1.00,-1.00,0.3006,1.7,1.97,4.62,-22.95,-1.69,-4.77,2.44,-10.00
3,2,464.15,411.05,631.50,479.57,0.1682,1.7,1.90,4.54,-7.64,-0.41,36.43,2.23,-10.00
3,2,-1.00,-1.00,-1.00,-1.00,0.1606,1.6,1.89,4.38,25.02,2.84,-20.65,-2.49,-10.00
3,2,-1.00,-1.00,-1.00,-1.00,0.1486,1.6,1.87,4.41,10.84,1.31,-36.92,-2.17,-10.00
3,2,762.77,457.76,952.12,525.24,0.1415,1.6,1.87,4.31,1.03,0.82,31.48,-0.42,-10.00
3,2,1392.31,449.59,1460.67,503.10,0.1330,1.6,1.90,4.40,20.30,0.36,42.26,-1.16,-10.00
3,2,-1.00,-1.00,-1.00,-1.00,0.1323,1.7,2.01,4.57,-24.59,-2.12,-5.79,-2.23,-10.00
3,2,943.72,452.63,1029.27,516.05,0.1299,1.6,1.87,4.40,4.77,0.67,35.00,1.81,-10.00
3,2,914.47,437.08,1150.42,526.15,0.1258,1.6,1.88,4.41,4.29,0.67,25.60,0.77,-10.00
3,2,1413.34,442.92,1595.77,503.65,0.1208,1.6,1.90,4.40,19.69,0.34,36.30,0.61,-10.00
3,2,986.87,440.75,1089.42,505.09,0.1193,1.7,1.86,4.37,6.36,0.36,35.92,1.99,-10.00
3,2,1535.79,436.31,1600.00,500.06,0.1141,1.7,1.88,4.29,22.00,0.22,36.38,-1.16,-10.00
3,2,314.25,405.35,442.24,474.21,0.1100,1.9,2.00,4.80,-14.14,-0.63,40.75,0.79,-10.00
3,2,-1.00,-1.00,-1.00,-1.00,0.1074,1.7,1.89,4.43,46.99,4.06,-30.01,-2.70,-10.00
3,2,-1.00,-1.00,-1.00,-1.00,0.1044,1.6,1.88,4.35,-8.49,1.09,-44.50,-2.72,-10.00
3,2,684.16,442.85,855.56,510.43,0.1030,1.6,1.88,4.39,-1.24,0.47,32.33,0.79,-10.00
3,2,1298.80,429.68,1532.37,510.03,0.1022,1.7,1.87,4.38,13.37,0.40,28.41,0.73,-10.00
4,2,-1.00,-1.00,-1.00,-1.00,0.8971,1.6,1.85,4.45,2.24,1.56,-10.47,-1.07,-10.00
4,2,-1.00,-1.00,-1.00,-1.00,0.8770,1.7,1.84,4.37,-2.56,1.42,-10.91,-0.98,-10.00
4,2,1201.02,419.46,1600.00,592.11,0.8718,1.6,1.91,4.68,6.80,0.96,13.97,0.94,-10.00
4,2,379.51,415.27,683.95,581.10,0.8500,1.6,1.83,4.29,-3.37,0.89,14.34,-2.19,-10.00
4,2,977.41,422.79,1267.59,530.59,0.6554,1.7,1.90,4.59,5.14,0.64,21.78,0.85,-10.00
4,2,1377.49,436.89,1600.00,579.19,0.6394,1.6,1.90,4.54,9.88,1.00,16.28,0.96,-10.00
4,2,-1.00,-1.00,-1.00,-1.00,0.5153,1.7,1.83,4.31,27.65,2.85,-29.73,0.98,-10.00
4,2,-1.00,-1.00,-1.00,-1.00,0.4504,1.6,1.91,4.60,-12.61,0.85,-22.62,-0.66,-10.00
4,2,-1.00,-1.00,-1.00,-1.00,0.3956,1.6,1.91,4.52,23.76,2.90,-24.27,-2.43,-10.00
4,2,1175.93,433.41,1385.34,507.22,0.3172,1.7,1.87,4.49,11.30,0.38,31.06,0.88,-10.00
4,2,688.22,399.09,914.32,517.59,0.3128,2.6,2.25,5.81,-0.49,0.60,30.31,0.88,-10.00
4,2,969.65,437.69,1205.90,529.72,0.2961,1.6,1.92,4.52,5.23,0.71,24.12,2.49,-10.00
4,2,541.52,432.76,730.66,513.79,0.2422,1.6,1.93,4.52,-4.05,0.48,27.96,0.84,-10.00
4,2,-1.00,-1.00,-1.00,-1.00,0.2135,1.7,1.93,4.32,42.54,3.68,-39.00,1.02,-10.00
4,2,1350.51,431.60,1600.00,531.69,0.1900,1.6,1.88,4.30,11.70,0.69,22.21,-0.43,-10.00
4,2,1286.80,423.28,1600.00,579.66,0.1862,1.7,1.93,4.50,8.43,0.97,15.70,0.86,-10.00
4,2,-1.00,-1.00,-1.00,-1.00,0.1614,1.6,1.87,4.38,-6.34,1.16,-43.96,2.24,-10.00
4,2,-1.00,-1.00,-1.00,-1.00,0.1610,1.6,1.90,4.40,30.76,0.70,33.29,2.32,-10.00
4,2,702.90,442.54,877.46,507.29,0.1347,1.6,1.90,4.37,-0.71,0.41,34.68,2.74,-10.00
4,2,-1.00,-1.00,-1.00,-1.00,0.1120,1.6,1.91,4.51,-3.59,1.23,-44.43,2.15,-10.00
4,2,-1.00,-1.00,-1.00,-1.00,0.1093,1.6,1.92,4.49,27.66,2.90,-27.62,-0.69,-10.00
4,2,-1.00,-1.00,-1.00,-1.00,0.1025,1.6,1.90,4.47,-25.25,0.15,-51.78,1.95,-10.00
4,2,1427.23,425.49,1600.00,535.13,0.1023,1.6,1.87,4.35,12.49,0.68,20.76,0.51,-10.00
4,2,-1.00,-1.00,-1.00,-1.00,0.1011,1.8,1.94,4.55,51.11,0.19,9.67,-0.68,-10.00
5,2,436.65,435.60,676.44,579.78,0.8985,1.6,1.80,4.18,-3.41,1.00,16.01,-2.07,-10.00
5,2,1537.66,435.25,1600.00,694.44,0.8927,1.6,1.92,4.80,8.80,1.28,10.31,1.09,-10.00
5,2,-1.00,-1.00,-1.00,-1.00,0.8754,1.7,1.90,4.49,-2.76,1.30,-10.96,-0.98,-10.00
5,2,-1.00,-1.00,-1.00,-1.00,0.8736,1.6,1.84,4.42,2.57,1.52,-10.09,-1.09,-10.00
5,2,903.49,419.88,1128.74,539.84,0.8659,2.3,2.04,5.16,4.13,0.98,27.15,1.07,-10.00
5,2,1225.93,448.67,1597.80,578.81,0.8585,1.6,1.89,4.65,8.34,1.13,18.24,1.09,-10.00
5,2,753.02,431.11,969.40,527.33,0.7289,1.7,1.86,4.46,0.76,0.67,24.52,0.96,-10.00
5,2,-1.00,-1.00,-1.00,-1.00,0.6404,1.6,1.86,4.57,12.01,1.44,12.37,1.20,-10.00
5,2,-1.00,-1.00,-1.00,-1.00,0.5839,1.6,1.89,4.55,19.81,2.86,-30.30,-1.99,-10.00
5,2,665.80,429.11,809.61,509.50,0.4493,2.2,2.03,5.13,-2.46,0.53,38.19,0.99,-10.00
5,2,-1.00,-1.00,-1.00,-1.00,0.4464,1.6,1.87,4.47,-12.89,0.62,-20.98,-0.48,-10.00
5,2,-1.00,-1.00,-1.00,-1.00,0.2118,1.7,1.94,4.58,-25.88,-0.07,-26.44,2.52,-10.00
5,2,1582.57,435.15,1600.00,574.50,0.2069,1.7,1.92,4.51,13.85,1.08,18.21,-2.04,-10.00
5,2,1502.15,469.88,1600.00,605.03,0.1324,1.6,1.84,4.26,11.93,1.38,17.24,-2.03,-10.00
5,2,764.20,446.76,938.83,513.83,0.1292,1.7,1.98,4.58,1.01,0.59,34.58,-0.69,-10.00
5,2,-1.00,-1.00,-1.00,-1.00,0.1252,1.6,1.90,4.34,36.42,3.40,-46.99,1.02,-10.00
5,2,935.30,466.73,1115.77,534.09,0.1180,1.6,1.87,4.29,5.41,1.08,32.73,2.71,-10.00
5,2,-1.00,-1.00,-1.00,-1.00,0.1137,1.8,1.98,4.64,51.09,-0.84,-20.36,3.12,-10.00
5,2,736.20,430.76,875.16,491.42,0.1094,1.7,1.89,4.54,-0.39,-0.04,39.07,0.90,-10.00
5,2,1169.36,466.54,1427.93,553.62,0.1061,1.5,1.83,4.36,9.17,1.12,24.41,-2.21,-10.00
5,2,389.43,459.37,490.63,512.31,0.1013,1.7,1.93,4.50,-12.80,0.69,42.93,0.96,-10.00
6,2,-1.00,-1.00,-1.00,-1.00,0.9248,1.6,1.92,4.84,10.43,1.56,6.27,1.27,-10.00
6,2,556.81,462.69,755.86,585.81,0.9142,1.5,1.81,4.28,-2.40,1.21,18.00,-1.94,-10.00
6,2,-1.00,-1.00,-1.00,-1.00,0.8997,1.5,1.83,4.40,2.62,1.50,-9.82,-1.12,-10.00
6,2,-1.00,-1.00,-1.00,-1.00,0.8735,1.7,1.87,4.42,-2.85,1.21,-10.87,-0.96,-10.00
6,2,1138.58,438.94,1426.52,576.67,0.8552,2.3,2.08,5.45,8.46,1.45,23.66,1.24,-10.00
6,2,-1.00,-1.00,-1.00,-1.00,0.8219,1.6,1.87,4.45,-13.06,0.28,-19.62,-0.51,-10.00
6,2,1025.28,464.89,1302.76,577.25,0.8029,1.6,1.86,4.57,5.32,1.24,20.07,1.19,-10.00
6,2,1566.75,477.30,1600.00,658.88,0.7971,1.7,1.89,4.69,11.13,1.57,14.06,1.24,-10.00
6,2,886.05,453.49,1021.64,529.47,0.5873,2.0,1.98,4.85,3.76,1.03,35.56,-1.88,-10.00
6,2,-1.00,-1.00,-1.00,-1.00,0.5515,1.6,1.85,4.55,13.77,1.82,7.66,1.24,-10.00
6,2,-1.00,-1.00,-1.00,-1.00,0.4480,1.6,1.86,4.37,-5.71,0.71,-32.46,-0.45,-10.00
6,2,-1.00,-1.00,-1.00,-1.00,0.3174,1.7,1.93,4.50,17.19,2.43,-41.14,-2.04,-10.00
6,2,-1.00,-1.00,-1.00,-1.00,0.1544,1.7,1.93,4.49,17.05,1.94,11.46,1.23,-10.00
6,2,-1.00,-1.00,-1.00,-1.00,0.1525,1.6,1.84,4.30,-1.14,1.28,-31.03,-0.15,-10.00
6,2,-1.00,-1.00,-1.00,-1.00,0.1059,1.6,1.90,4.41,14.98,2.18,10.02,1.25,-10.00
7,2,-1.00,-1.00,-1.00,-1.00,0.9427,1.7,1.93,4.74,13.30,1.72,9.78,1.44,-10.00
7,2,-1.00,-1.00,-1.00,-1.00,0.9310,1.6,1.90,4.70,11.31,1.72,2.09,1.43,-10.00
7,2,-1.00,-1.00,-1.00,-1.00,0.8882,1.5,1.82,4.35,2.54,1.49,-9.53,-1.13,-10.00
7,2,-1.00,-1.00,-1.00,-1.00,0.8780,1.6,1.85,4.39,-12.62,0.36,-18.63,-0.32,-10.00
7,2,1360.85,484.37,1600.00,636.16,0.8638,1.5,1.84,4.53,8.76,1.51,15.23,1.38,-10.00
7,2,-1.00,-1.00,-1.00,-1.00,0.8631,1.7,1.87,4.46,-2.98,1.23,-10.90,-0.95,-10.00
7,2,723.85,477.82,880.86,584.57,0.8581,1.5,1.77,4.19,-0.34,1.36,20.15,-1.76,-10.00
7,2,1216.19,477.28,1423.75,564.44,0.8100,1.6,1.85,4.43,10.23,1.42,26.14,1.37,-10.00
7,2,1430.18,438.91,1600.00,599.75,0.8001,2.1,2.07,5.31,12.07,1.48,19.43,1.40,-10.00
7,2,1109.59,487.75,1271.04,561.14,0.5496,1.7,1.89,4.55,9.25,1.66,31.73,1.34,-10.00
7,2,-1.00,-1.00,-1.00,-1.00,0.3484,1.5,1.85,4.41,14.62,1.88,2.80,-1.70,-10.00
7,2,-1.00,-1.00,-1.00,-1.00,0.3078,1.6,1.87,4.37,-7.63,0.70,-32.93,-0.01,-10.00
7,2,911.42,450.21,1032.26,496.60,0.2919,1.7,1.95,4.28,6.06,0.16,49.33,-0.43,-10.00
7,2,-1.00,-1.00,-1.00,-1.00,0.2555,1.7,1.92,4.41,10.46,1.64,-45.32,-1.89,-10.00
7,2,-1.00,-1.00,-1.00,-1.00,0.2264,1.7,1.92,4.53,-14.28,-0.33,-34.87,-0.37,-10.00
7,2,910.20,444.65,969.59,491.77,0.1616,1.7,1.90,4.28,4.89,-0.04,50.62,-1.58,-10.00
7,2,-1.00,-1.00,-1.00,-1.00,0.1527,1.6,1.87,4.49,15.75,2.05,4.00,-1.68,-10.00
7,2,1240.34,491.32,1483.82,569.74,0.1302,1.6,1.94,4.51,11.87,1.66,27.73,-0.07,-10.00
7,2,1191.55,503.86,1358.24,571.24,0.1284,1.6,1.86,4.39,11.54,1.93,32.21,1.33,-10.00
7,2,-1.00,-1.00,-1.00,-1.00,0.1254,1.6,1.92,4.49,-45.21,-2.55,-43.01,1.47,-10.00
7,2,1045.96,498.36,1149.59,555.14,0.1211,1.6,1.89,4.44,8.32,1.82,37.84,1.52,-10.00
7,2,-1.00,-1.00,-1.00,-1.00,0.1200,1.7,1.93,4.45,-37.40,-2.37,-24.04,1.22,-10.00
7,2,-1.00,-1.00,-1.00,-1.00,0.1189,1.7,1.90,4.43,-17.56,-1.09,-45.69,3.14,-10.00
7,2,-1.00,-1.00,-1.00,-1.00,0.1179,1.7,1.87,4.43,-26.09,-0.73,-20.44,-0.42,-10.00
7,2,-1.00,-1.00,-1.00,-1.00,0.1154,1.6,1.83,4.33,-40.83,-2.65,-41.04,1.42,-10.00
7,2,-1.00,-1.00,-1.00,-1.00,0.1150,1.8,1.96,4.55,45.29,1.71,10.52,3.01,-10.00
7,2,870.03,487.58,964.86,548.80,0.1079,1.5,1.88,4.28,2.67,1.49,34.40,1.49,-10.00
7,2,-1.00,-1.00,-1.00,-1.00,0.1048,1.7,1.92,4.34,19.02,2.16,5.84,1.38,-10.00
8,2,-1.00,-1.00,-1.00,-1.00,0.9272,1.6,1.94,4.80,11.45,1.91,-1.70,1.55,-10.00
8,2,-1.00,-1.00,-1.00,-1.00,0.9265,1.5,1.81,4.38,10.59,1.76,10.45,1.52,-10.00
8,2,-1.00,-1.00,-1.00,-1.00,0.9240,1.7,1.91,4.76,14.37,2.10,5.70,1.55,-10.00
8,2,839.10,481.27,973.25,579.33,0.9015,1.6,1.79,4.26,1.49,1.44,22.46,-1.64,-10.00
8,2,-1.00,-1.00,-1.00,-1.00,0.9014,1.7,1.86,4.44,-2.50,1.28,-10.58,-0.98,-10.00
8,2,-1.00,-1.00,-1.00,-1.00,0.8978,1.5,1.82,4.41,2.64,1.54,-9.05,-1.21,-10.00
8,2,-1.00,-1.00,-1.00,-1.00,0.8774,1.6,1.87,4.43,-11.52,0.33,-18.59,-0.34,-10.00
8,2,-1.00,-1.00,-1.00,-1.00,0.8715,2.2,2.05,5.44,14.33,1.96,15.62,1.48,-10.00
8,2,1447.87,502.89,1600.00,609.40,0.8395,1.7,1.82,4.28,13.23,1.91,22.29,1.49,-10.00
8,2,1304.84,484.86,1502.29,577.09,0.7792,1.9,1.97,4.68,12.93,1.79,28.26,1.50,-10.00
8,2,-1.00,-1.00,-1.00,-1.00,0.5039,1.5,1.82,4.41,4.43,2.20,-43.09,-1.65,-10.00
8,2,1066.55,480.02,1142.68,525.48,0.3546,1.6,1.87,4.40,10.71,1.24,47.33,1.58,-10.00
8,2,-1.00,-1.00,-1.00,-1.00,0.3417,1.6,1.92,4.55,-15.07,-0.47,-34.71,-0.19,-10.00
8,2,-1.00,-1.00,-1.00,-1.00,0.2156,1.7,1.93,4.43,4.95,1.86,-48.42,-1.63,-10.00
8,2,1119.32,497.85,1258.47,544.17,0.1483,1.5,1.83,4.25,12.84,1.79,43.80,3.08,-10.00
8,2,1152.26,523.33,1316.78,580.23,0.1223,1.7,1.91,4.42,12.82,2.67,38.98,3.09,-10.00
8,2,-1.00,-1.00,-1.00,-1.00,0.1154,1.6,1.88,4.44,-26.05,-1.04,-21.69,-0.21,-10.00
8,2,1423.63,507.93,1600.00,587.23,0.1025,1.6,1.90,4.44,15.47,1.98,27.89,1.52,-10.00
9,2,-1.00,-1.00,-1.00,-1.00,0.9501,1.6,1.90,4.82,11.36,1.99,-4.63,1.57,-10.00
9,2,-1.00,-1.00,-1.00,-1.00,0.9498,1.7,1.91,4.77,14.60,2.11,2.56,1.60,-10.00
9,2,-1.00,-1.00,-1.00,-1.00,0.9222,1.5,1.81,4.48,11.08,1.78,6.41,1.56,-10.00
9,2,-1.00,-1.00,-1.00,-1.00,0.9115,1.6,1.84,4.41,-9.12,0.72,-19.44,-0.44,-10.00
9,2,-1.00,-1.00,-1.00,-1.00,0.9085,1.7,1.88,4.46,-1.56,1.39,-10.42,-1.12,-10.00
9,2,-1.00,-1.00,-1.00,-1.00,0.9081,1.5,1.80,4.34,3.05,1.54,-8.35,-1.38,-10.00
9,2,877.55,490.04,992.22,578.10,0.9024,1.6,1.80,4.29,2.24,1.59,24.91,-1.58,-10.00
9,2,-1.00,-1.00,-1.00,-1.00,0.8989,2.1,1.97,5.03,14.90,1.97,12.72,1.49,-10.00
9,2,1593.56,509.31,1600.00,632.50,0.8414,1.6,1.80,4.37,14.09,1.93,19.16,1.51,-10.00
9,2,-1.00,-1.00,-1.00,-1.00,0.6607,1.5,1.80,4.26,2.73,2.08,-45.77,-1.64,-10.00
9,2,1422.94,494.51,1600.00,605.80,0.5512,2.0,1.97,4.71,14.14,2.09,25.17,1.59,-10.00
9,2,-1.00,-1.00,-1.00,-1.00,0.3235,1.5,1.90,4.55,14.68,2.18,-4.69,1.63,-10.00
9,2,1113.70,485.10,1227.29,547.41,0.2602,2.1,2.18,5.08,12.37,1.90,44.62,1.48,-10.00
9,2,-1.00,-1.00,-1.00,-1.00,0.2577,1.6,1.91,4.47,-16.61,-0.08,-36.54,-0.11,-10.00
9,2,1149.00,496.32,1332.72,596.30,0.2368,1.6,1.80,4.36,7.53,1.75,22.92,1.55,-10.00
9,2,-1.00,-1.00,-1.00,-1.00,0.2343,1.6,1.86,4.36,-11.40,0.68,-36.49,-2.98,-10.00
9,2,-1.00,-1.00,-1.00,-1.00,0.2335,1.6,1.94,4.45,2.89,1.88,-51.84,-1.59,-10.00
9,2,-1.00,-1.00,-1.00,-1.00,0.1545,1.8,1.92,4.37,41.08,3.15,-3.78,-1.69,-10.00
9,2,1282.13,526.79,1471.08,619.44,0.1256,1.6,1.90,4.45,11.00,2.36,25.25,-1.54,-10.00
9,2,1044.05,529.18,1134.48,583.86,0.1232,1.6,1.88,4.45,8.80,2.87,41.16,1.55,-10.00
9,2,-1.00,-1.00,-1.00,-1.00,0.1216,1.6,1.89,4.31,-36.58,-1.92,-38.46,0.01,-10.00
9,2,-1.00,-1.00,-1.00,-1.00,0.1199,1.5,1.83,4.29,16.00,2.07,-2.60,-3.13,-10.00
9,2,-1.00,-1.00,-1.00,-1.00,0.1193,1.8,1.90,4.40,8.09,1.41,-44.83,1.48,-10.00
9,2,-1.00,-1.00,-1.00,-1.00,0.1171,1.6,1.94,4.63,-16.35,0.28,-32.72,1.58,-10.00
9,2,-1.00,-1.00,-1.00,-1.00,0.1073,1.7,1.96,4.54,32.89,4.48,36.10,-3.13,-10.00
9,2,-1.00,-1.00,-1.00,-1.00,0.1005,1.7,1.89,4.56,17.14,2.27,22.94,-1.62,-10.00
10,2,-1.00,-1.00,-1.00,-1.00,0.9613,1.6,1.90,4.80,11.27,1.98,-7.33,1.60,-10.00
10,2,-1.00,-1.00,-1.00,-1.00,0.9396,1.8,1.95,4.77,14.64,2.14,-0.15,1.61,-10.00
10,2,-1.00,-1.00,-1.00,-1.00,0.9267,1.5,1.79,4.33,3.36,1.51,-7.06,-1.47,-10.00
10,2,875.29,489.67,978.84,569.90,0.9238,1.6,1.81,4.33,2.33,1.61,27.59,-1.58,-10.00
10,2,-1.00,-1.00,-1.00,-1.00,0.9101,1.5,1.85,4.52,11.19,1.92,3.03,1.55,-10.00
10,2,-1.00,-1.00,-1.00,-1.00,0.9015,1.7,1.90,4.46,-0.75,1.51,-10.17,-1.29,-10.00
10,2,-1.00,-1.00,-1.00,-1.00,0.8848,2.3,2.02,5.32,15.14,2.10,9.83,1.54,-10.00
10,2,-1.00,-1.00,-1.00,-1.00,0.8526,1.8,1.87,4.27,14.35,1.94,16.38,1.54,-10.00
10,2,-1.00,-1.00,-1.00,-1.00,0.7516,1.6,1.84,4.38,-6.50,0.93,-20.20,-0.60,-10.00
10,2,-1.00,-1.00,-1.00,-1.00,0.6319,1.6,1.84,4.48,1.98,2.37,-48.57,-1.54,-10.00
10,2,-1.00,-1.00,-1.00,-1.00,0.4797,1.4,1.81,4.39,14.98,2.18,-7.16,1.56,-10.00
10,2,1145.78,469.83,1270.52,526.50,0.3467,1.8,2.03,4.89,12.87,1.13,41.95,1.42,-10.00
10,2,1269.21,515.95,1545.96,634.56,0.2418,1.5,1.83,4.28,8.21,1.84,18.08,1.54,-10.00
10,2,1474.93,490.79,1600.00,626.53,0.2208,2.1,2.08,5.57,14.40,2.17,22.71,1.53,-10.00
10,2,-1.00,-1.00,-1.00,-1.00,0.2093,1.7,1.90,4.47,40.88,3.25,-5.31,1.56,-10.00
10,2,1373.96,526.26,1555.35,605.84,0.1398,1.6,1.92,4.41,14.58,2.43,28.80,-1.56,-10.00
10,2,-1.00,-1.00,-1.00,-1.00,0.1094,1.6,1.85,4.36,-8.78,0.77,-25.65,-1.47,-10.00
10,2,-1.00,-1.00,-1.00,-1.00,0.1077,1.6,1.87,4.29,-35.75,-1.25,-32.10,0.02,-10.00
10,2,-1.00,-1.00,-1.00,-1.00,0.1073,1.7,1.86,4.51,7.32,1.50,-47.43,1.59,-10.00
10,2,-1.00,-1.00,-1.00,-1.00,0.1070,1.8,1.95,4.50,35.18,4.27,8.15,-0.01,-10.00
11,2,-1.00,-1.00,-1.00,-1.00,0.9269,1.8,1.88,4.65,14.55,2.12,-2.32,1.56,-10.00
11,2,-1.00,-1.00,-1.00,-1.00,0.9197,1.5,1.80,4.37,3.49,1.53,-5.94,-1.56,-10.00
11,2,-1.00,-1.00,-1.00,-1.00,0.9141,1.7,1.85,4.39,-0.42,1.53,-9.81,-1.43,-10.00
11,2,-1.00,-1.00,-1.00,-1.00,0.9013,1.5,1.89,4.82,11.26,1.92,-9.45,1.61,-10.00
11,2,-1.00,-1.00,-1.00,-1.00,0.8987,1.5,1.82,4.50,11.14,1.83,0.24,1.56,-10.00
11,2,-1.00,-1.00,-1.00,-1.00,0.8968,1.7,1.83,4.33,14.35,1.91,14.30,1.52,-10.00
11,2,-1.00,-1.00,-1.00,-1.00,0.8818,2.2,2.02,5.32,15.12,2.16,7.66,1.53,-10.00
11,2,1402.05,509.44,1600.00,680.85,0.8552,1.5,1.80,4.33,8.20,1.70,13.33,1.49,-10.00
11,2,-1.00,-1.00,-1.00,-1.00,0.8185,1.5,1.83,4.46,14.91,2.15,-9.22,1.59,-10.00
11,2,-1.00,-1.00,-1.00,-1.00,0.7990,1.6,1.86,4.42,-4.48,1.06,-20.86,-0.68,-10.00
11,2,853.92,503.92,952.79,572.65,0.7531,1.5,1.78,4.24,1.96,1.80,29.62,-1.63,-10.00
11,2,1159.66,466.45,1300.43,535.20,0.2983,2.0,2.07,5.19,12.87,1.32,39.79,1.42,-10.00
11,2,1271.07,524.69,1475.84,591.89,0.2264,1.7,1.93,4.48,14.41,2.54,32.91,3.11,-10.00
11,2,1551.12,488.61,1600.00,643.79,0.1976,2.2,2.09,5.13,14.44,2.18,20.36,1.53,-10.00
11,2,-1.00,-1.00,-1.00,-1.00,0.1807,1.6,1.90,4.60,1.95,2.29,-50.57,-1.60,-10.00
11,2,-1.00,-1.00,-1.00,-1.00,0.1692,1.6,1.91,4.48,23.77,2.33,-36.30,-3.11,-10.00
11,2,-1.00,-1.00,-1.00,-1.00,0.1482,1.6,1.84,4.38,6.22,1.69,-12.44,1.59,-10.00
11,2,671.68,524.33,733.59,572.21,0.1361,1.6,1.89,4.49,-3.99,2.76,45.05,-1.59,-10.00
11,2,-1.00,-1.00,-1.00,-1.00,0.1272,1.6,1.93,4.56,17.84,2.37,15.70,-1.60,-10.00
11,2,-1.00,-1.00,-1.00,-1.00,0.1180,1.7,1.86,4.29,40.90,3.35,-7.10,1.65,-10.00
12,2,-1.00,-1.00,-1.00,-1.00,0.9362,1.7,1.81,4.26,-0.25,1.57,-9.37,-1.49,-10.00
12,2,-1.00,-1.00,-1.00,-1.00,0.9237,1.5,1.79,4.29,3.45,1.56,-4.18,-1.55,-10.00
12,2,-1.00,-1.00,-1.00,-1.00,0.9078,1.6,1.84,4.58,11.13,1.80,-2.84,1.59,-10.00
12,2,-1.00,-1.00,-1.00,-1.00,0.9060,1.5,1.80,4.40,8.30,1.61,8.02,1.54,-10.00
12,2,-1.00,-1.00,-1.00,-1.00,0.9016,1.5,1.83,4.55,11.21,1.81,-12.13,1.58,-10.00
12,2,-1.00,-1.00,-1.00,-1.00,0.8468,2.3,2.05,5.43,15.11,2.14,4.94,1.51,-10.00
12,2,-1.00,-1.00,-1.00,-1.00,0.8380,1.8,1.84,4.37,14.45,1.96,11.53,1.56,-10.00
12,2,-1.00,-1.00,-1.00,-1.00,0.7968,1.7,1.89,4.68,14.56,2.05,-5.01,1.63,-10.00
12,2,-1.00,-1.00,-1.00,-1.00,0.7032,1.5,1.76,4.26,15.00,1.98,-11.92,1.50,-10.00
12,2,834.42,525.91,925.35,591.02,0.6440,1.5,1.81,4.32,1.56,2.42,32.54,-1.64,-10.00
12,2,-1.00,-1.00,-1.00,-1.00,0.5431,1.9,1.96,4.94,14.44,1.95,17.54,1.57,-10.00
12,2,-1.00,-1.00,-1.00,-1.00,0.4876,1.6,1.85,4.38,-2.57,1.38,-21.27,-0.82,-10.00
12,2,1537.90,547.61,1600.00,639.94,0.3086,1.5,1.88,4.33,15.48,2.54,22.52,3.03,-10.00
12,2,1305.28,512.03,1488.30,593.60,0.2207,1.8,1.94,4.71,13.64,2.28,30.11,-1.64,-10.00
12,2,1427.79,549.77,1600.00,634.38,0.1935,1.5,1.87,4.38,14.69,2.72,24.96,3.12,-10.00
12,2,-1.00,-1.00,-1.00,-1.00,0.1794,1.7,1.91,4.41,16.70,2.20,12.24,1.56,-10.00
12,2,-1.00,-1.00,-1.00,-1.00,0.1506,1.5,1.82,4.29,-12.75,0.74,-43.67,-3.07,-10.00
12,2,1188.00,461.13,1345.51,540.69,0.1444,2.2,2.18,5.53,13.13,1.39,37.38,1.46,-10.00
12,2,-1.00,-1.00,-1.00,-1.00,0.1426,1.6,1.87,4.40,17.09,2.26,17.99,1.54,-10.00
12,2,-1.00,-1.00,-1.00,-1.00,0.1405,1.6,1.91,4.38,34.77,1.85,-37.95,-3.10,-10.00
12,2,-1.00,-1.00,-1.00,-1.00,0.1360,1.6,1.95,4.57,35.99,1.90,-40.69,-3.07,-10.00
12,2,-1.00,-1.00,-1.00,-1.00,0.1194,1.7,1.95,4.55,38.25,1.99,-37.93,-3.14,-10.00
12,2,-1.00,-1.00,-1.00,-1.00,0.1174,1.7,1.89,4.36,18.47,1.98,11.01,0.01,-10.00
13,2,-1.00,-1.00,-1.00,-1.00,0.9443,1.6,1.90,4.73,10.95,1.89,-15.14,1.63,-10.00
13,2,-1.00,-1.00,-1.00,-1.00,0.9392,1.5,1.79,4.27,-0.25,1.47,-9.13,-1.58,-10.00
13,2,-1.00,-1.00,-1.00,-1.00,0.9369,1.5,1.81,4.45,11.04,1.90,-6.16,1.56,-10.00
13,2,-1.00,-1.00,-1.00,-1.00,0.9094,1.5,1.79,4.33,8.44,1.72,2.54,1.58,-10.00
13,2,-1.00,-1.00,-1.00,-1.00,0.9020,1.6,1.80,4.32,3.48,1.54,-2.37,-1.55,-10.00
13,2,-1.00,-1.00,-1.00,-1.00,0.8598,1.8,1.85,4.42,14.60,2.05,8.49,1.58,-10.00
13,2,-1.00,-1.00,-1.00,-1.00,0.8365,1.5,1.79,4.39,14.70,2.15,-14.93,1.59,-10.00
13,2,-1.00,-1.00,-1.00,-1.00,0.8364,2.2,2.03,5.35,15.19,2.05,1.93,1.56,-10.00
13,2,870.33,528.74,939.76,589.47,0.8169,1.5,1.80,4.32,2.43,2.61,35.51,-1.53,-10.00
13,2,1577.98,534.59,1600.00,646.82,0.8144,1.5,1.78,4.33,14.58,2.29,20.54,1.55,-10.00
13,2,-1.00,-1.00,-1.00,-1.00,0.6936,2.1,1.97,5.05,14.78,2.19,14.54,1.60,-10.00
13,2,-1.00,-1.00,-1.00,-1.00,0.5855,1.7,1.89,4.66,14.35,2.09,-7.94,1.56,-10.00
13,2,-1.00,-1.00,-1.00,-1.00,0.4028,1.6,1.90,4.40,-3.02,1.48,-23.69,-0.93,-10.00
13,2,1372.26,513.94,1600.00,623.26,0.3229,2.1,2.00,5.11,14.24,2.60,27.14,1.47,-10.00
13,2,-1.00,-1.00,-1.00,-1.00,0.2952,1.6,1.88,4.36,20.52,2.14,-11.92,0.07,-10.00
13,2,-1.00,-1.00,-1.00,-1.00,0.2737,1.6,1.90,4.42,14.88,1.94,-19.87,3.11,-10.00
13,2,-1.00,-1.00,-1.00,-1.00,0.2387,1.7,1.95,4.45,-1.54,1.59,-21.21,-1.08,-10.00
13,2,-1.00,-1.00,-1.00,-1.00,0.1666,1.7,1.88,4.33,37.01,2.78,-20.02,-3.08,-10.00
13,2,1243.58,475.51,1436.81,577.57,0.1660,2.5,2.20,5.74,13.81,2.16,33.88,1.44,-10.00
13,2,-1.00,-1.00,-1.00,-1.00,0.1325,1.6,1.94,4.45,19.01,2.21,-13.46,1.62,-10.00
13,2,-1.00,-1.00,-1.00,-1.00,0.1200,1.6,1.92,4.59,17.40,2.54,19.76,-1.54,-10.00
13,2,-1.00,-1.00,-1.00,-1.00,0.1144,1.7,1.98,4.62,-18.75,-0.10,-46.00,-0.13,-10.00
14,2,-1.00,-1.00,-1.00,-1.00,0.9400,1.6,1.90,4.70,10.80,2.00,-17.74,1.65,-10.00
14,2,-1.00,-1.00,-1.00,-1.00,0.9361,1.6,1.84,4.35,-0.28,1.54,-8.89,-1.58,-10.00
14,2,-1.00,-1.00,-1.00,-1.00,0.9270,1.5,1.79,4.40,10.98,1.88,-9.03,1.55,-10.00
14,2,-1.00,-1.00,-1.00,-1.00,0.9170,1.7,1.82,4.31,14.67,2.09,5.87,1.57,-10.00
14,2,-1.00,-1.00,-1.00,-1.00,0.9058,1.5,1.78,4.28,3.48,1.55,0.02,-1.55,-10.00
14,2,-1.00,-1.00,-1.00,-1.00,0.8832,2.1,1.96,5.03,14.88,2.20,11.81,1.59,-10.00
14,2,-1.00,-1.00,-1.00,-1.00,0.8670,1.6,1.83,4.52,8.36,1.82,-2.48,1.58,-10.00
14,2,-1.00,-1.00,-1.00,-1.00,0.7952,1.5,1.79,4.39,14.64,2.41,17.90,1.54,-10.00
14,2,-1.00,-1.00,-1.00,-1.00,0.7951,1.5,1.80,4.27,14.58,2.19,-17.57,1.58,-10.00
14,2,-1.00,-1.00,-1.00,-1.00,0.6578,2.1,2.06,5.49,15.12,2.00,-0.75,1.57,-10.00
14,2,847.78,531.43,920.40,587.46,0.6190,1.5,1.83,4.38,2.01,2.79,38.61,-1.60,-10.00
14,2,1446.51,519.67,1600.00,645.87,0.5553,2.2,2.07,5.02,14.55,2.71,24.40,1.51,-10.00
14,2,-1.00,-1.00,-1.00,-1.00,0.4411,1.7,1.89,4.57,14.25,2.02,-10.65,1.59,-10.00
14,2,-1.00,-1.00,-1.00,-1.00,0.3859,1.7,1.95,4.42,40.53,3.46,-16.45,1.59,-10.00
14,2,-1.00,-1.00,-1.00,-1.00,0.3859,1.7,1.89,4.37,-0.97,1.53,-21.61,-1.51,-10.00
14,2,-1.00,-1.00,-1.00,-1.00,0.1484,1.6,1.92,4.25,19.40,2.15,-15.71,-1.75,-10.00
14,2,1284.51,479.34,1513.68,599.08,0.1413,2.6,2.30,5.95,14.03,2.43,31.04,1.44,-10.00
14,2,-1.00,-1.00,-1.00,-1.00,0.1294,1.6,1.89,4.48,17.68,2.33,-18.65,1.66,-10.00
14,2,-1.00,-1.00,-1.00,-1.00,0.1175,1.6,1.88,4.47,13.76,2.06,-23.10,-1.72,-10.00
14,2,-1.00,-1.00,-1.00,-1.00,0.1155,1.7,1.96,4.52,-1.47,1.63,-24.36,-1.51,-10.00
14,2,-1.00,-1.00,-1.00,-1.00,0.1079,1.9,2.02,4.69,34.42,3.94,9.23,0.00,-10.00
14,2,-1.00,-1.00,-1.00,-1.00,0.1043,1.8,1.97,4.49,34.51,3.73,6.45,-0.00,-10.00
15,2,-1.00,-1.00,-1.00,-1.00,0.9303,1.8,1.85,4.43,14.56,2.08,3.41,1.54,-10.00
15,2,-1.00,-1.00,-1.00,-1.00,0.9292,1.7,1.85,4.36,-0.20,1.58,-8.75,-1.57,-10.00
15,2,-1.00,-1.00,-1.00,-1.00,0.9248,1.5,1.78,4.33,8.41,1.79,-7.37,1.57,-10.00
15,2,1493.60,328.91,1600.00,900.00,0.9246,1.5,1.79,4.32,3.26,1.51,2.12,-1.61,-10.00
15,2,-1.00,-1.00,-1.00,-1.00,0.9031,1.5,1.75,4.27,11.11,1.85,-11.67,1.57,-10.00
15,2,-1.00,-1.00,-1.00,-1.00,0.8803,1.6,1.91,4.79,11.13,1.98,-20.28,1.62,-10.00
15,2,1491.51,521.74,1600.00,653.61,0.8601,2.0,1.89,4.57,13.90,2.51,21.64,1.45,-10.00
15,2,-1.00,-1.00,-1.00,-1.00,0.8464,2.0,1.96,5.01,14.61,2.11,9.43,1.57,-10.00
15,2,-1.00,-1.00,-1.00,-1.00,0.8098,1.6,1.86,4.58,14.27,2.39,15.49,1.54,-10.00
15,2,-1.00,-1.00,-1.00,-1.00,0.7970,2.2,2.04,5.36,15.19,2.14,-3.12,1.55,-10.00
15,2,-1.00,-1.00,-1.00,-1.00,0.5654,1.6,1.91,4.51,14.95,2.33,-20.22,1.51,-10.00
15,2,821.04,533.90,886.63,586.91,0.3341,1.6,1.85,4.41,1.19,3.03,41.97,-1.61,-10.00
15,2,-1.00,-1.00,-1.00,-1.00,0.1996,1.6,1.88,4.37,14.98,2.03,-10.28,1.59,-10.00
15,2,-1.00,-1.00,-1.00,-1.00,0.1768,1.9,1.98,4.52,34.27,3.85,6.83,-0.03,-10.00
15,2,-1.00,-1.00,-1.00,-1.00,0.1746,1.6,1.92,4.49,17.75,2.70,9.75,-1.58,-10.00
15,2,-1.00,-1.00,-1.00,-1.00,0.1705,1.7,1.96,4.46,23.68,2.04,-23.19,1.63,-10.00
15,2,-1.00,-1.00,-1.00,-1.00,0.1382,1.6,1.92,4.45,-0.37,1.72,-21.35,-1.56,-10.00
15,2,1298.68,469.31,1572.29,620.13,0.1319,3.0,2.39,6.29,13.47,2.60,28.22,1.44,-10.00
15,2,770.71,528.15,837.54,578.71,0.1311,1.6,1.90,4.49,-0.47,2.87,43.38,-1.67,-10.00
15,2,-1.00,-1.00,-1.00,-1.00,0.1231,1.6,1.91,4.53,18.16,2.56,6.11,-1.62,-10.00
15,2,-1.00,-1.00,-1.00,-1.00,0.1219,1.8,1.90,4.49,23.37,2.19,-20.65,-1.49,-10.00
15,2,-1.00,-1.00,-1.00,-1.00,0.1161,1.6,1.92,4.43,14.54,2.10,-12.81,1.55,-10.00
15,2,453.62,490.36,512.45,540.55,0.1108,1.9,1.93,4.58,-13.12,1.89,50.07,-1.76,-10.00
15,2,-1.00,-1.00,-1.00,-1.00,0.1047,1.6,1.92,4.49,16.43,2.34,-18.70,0.01,-10.00
15,2,-1.00,-1.00,-1.00,-1.00,0.1014,1.7,1.92,4.58,-30.78,-0.50,-51.24,2.99,-10.00
16,2,1160.24,464.62,1600.00,900.00,0.9359,1.5,1.84,4.44,2.87,1.53,4.45,-1.65,-10.00
16,2,-1.00,-1.00,-1.00,-1.00,0.9354,1.7,1.85,4.41,-0.05,1.58,-8.88,-1.62,-10.00
16,2,-1.00,-1.00,-1.00,-1.00,0.9317,1.8,1.82,4.35,14.38,1.98,1.14,1.52,-10.00
16,2,-1.00,-1.00,-1.00,-1.00,0.9100,1.5,1.78,4.32,8.68,1.80,-11.88,1.53,-10.00
16,2,1516.83,503.94,1600.00,646.03,0.8839,1.9,1.89,4.63,13.21,2.11,19.34,1.39,-10.00
16,2,-1.00,-1.00,-1.00,-1.00,0.8651,1.6,1.93,4.75,11.64,2.12,-22.83,1.58,-10.00
16,2,-1.00,-1.00,-1.00,-1.00,0.8606,2.0,1.96,5.03,14.27,2.09,7.12,1.54,-10.00
16,2,-1.00,-1.00,-1.00,-1.00,0.7657,2.3,2.05,5.41,15.17,2.21,-5.43,1.54,-10.00
16,2,-1.00,-1.00,-1.00,-1.00,0.7405,1.6,1.88,4.48,13.80,2.15,13.10,1.51,-10.00
16,2,-1.00,-1.00,-1.00,-1.00,0.7372,1.5,1.81,4.43,11.55,1.81,-14.28,1.60,-10.00
16,2,-1.00,-1.00,-1.00,-1.00,0.4241,1.5,1.85,4.30,14.61,2.08,-15.15,1.60,-10.00
16,2,-1.00,-1.00,-1.00,-1.00,0.2970,1.7,1.86,4.31,24.18,1.91,-24.93,1.50,-10.00
16,2,-1.00,-1.00,-1.00,-1.00,0.1960,1.7,1.91,4.44,23.30,3.52,-49.14,-0.05,-10.00
16,2,-1.00,-1.00,-1.00,-1.00,0.1756,1.6,1.92,4.56,16.96,2.40,12.29,-1.64,-10.00
16,2,-1.00,-1.00,-1.00,-1.00,0.1733,1.6,1.94,4.53,15.36,2.45,-22.35,1.56,-10.00
16,2,1173.85,478.60,1253.29,522.76,0.1427,1.7,1.87,4.38,15.66,1.22,50.15,-1.54,-10.00
16,2,-1.00,-1.00,-1.00,-1.00,0.1089,1.7,1.94,4.50,37.97,1.81,-37.42,-3.11,-10.00
16,2,1278.87,528.21,1500.85,600.14,0.1073,1.7,1.95,4.55,13.95,2.58,30.98,3.11,-10.00
16,2,-1.00,-1.00,-1.00,-1.00,0.1021,1.6,1.89,4.48,16.69,2.24,7.56,1.54,-10.00
16,2,-1.00,-1.00,-1.00,-1.00,0.1016,1.6,1.91,4.41,0.19,1.76,-19.05,-1.62,-10.00
17,2,963.78,474.77,1600.00,900.00,0.9443,1.5,1.80,4.32,2.13,1.50,6.57,-1.68,-10.00
17,2,-1.00,-1.00,-1.00,-1.00,0.9297,1.7,1.87,4.40,-0.14,1.59,-9.17,-1.65,-10.00
17,2,-1.00,-1.00,-1.00,-1.00,0.9181,2.0,1.93,4.86,14.04,2.05,4.75,1.48,-10.00
17,2,-1.00,-1.00,-1.00,-1.00,0.9115,1.9,1.84,4.44,14.29,2.09,-1.24,1.48,-10.00
17,2,-1.00,-1.00,-1.00,-1.00,0.9014,1.5,1.80,4.45,13.24,2.10,10.78,1.45,-10.00
17,2,-1.00,-1.00,-1.00,-1.00,0.8414,1.6,1.81,4.41,9.12,1.98,-16.02,1.48,-10.00
17,2,1556.35,499.52,1600.00,679.33,0.8397,2.1,1.95,4.69,12.59,2.21,17.05,1.39,-10.00
17,2,-1.00,-1.00,-1.00,-1.00,0.8183,1.5,1.80,4.45,11.91,2.09,-16.79,1.53,-10.00
17,2,-1.00,-1.00,-1.00,-1.00,0.8089,2.3,2.00,5.18,15.30,2.13,-7.65,1.50,-10.00
17,2,-1.00,-1.00,-1.00,-1.00,0.7246,1.6,1.89,4.50,1.01,1.90,-19.87,-1.63,-10.00
17,2,-1.00,-1.00,-1.00,-1.00,0.6297,1.7,1.97,4.88,12.43,2.38,-25.11,1.57,-10.00
17,2,-1.00,-1.00,-1.00,-1.00,0.4713,1.6,1.91,4.51,15.03,2.28,-17.59,1.64,-10.00
17,2,726.02,495.51,776.38,539.11,0.3914,1.6,1.84,4.40,-2.47,1.79,48.85,-1.60,-10.00
17,2,-1.00,-1.00,-1.00,-1.00,0.1619,1.7,1.91,4.44,22.37,3.11,14.11,1.47,-10.00
17,2,-1.00,-1.00,-1.00,-1.00,0.1509,1.7,1.95,4.55,1.21,1.96,-24.00,-1.63,-10.00
17,2,309.91,483.68,434.54,525.68,0.1508,1.6,1.94,4.26,-17.28,1.31,49.46,3.01,-10.00
17,2,411.32,488.21,536.43,529.00,0.1406,1.5,1.93,4.29,-13.33,1.44,49.45,0.12,-10.00
17,2,261.58,478.11,411.03,529.21,0.1341,1.7,1.92,4.45,-16.58,1.28,43.92,3.08,-10.00
17,2,-1.00,-1.00,-1.00,-1.00,0.1079,1.6,1.93,4.55,18.18,2.52,8.53,-1.64,-10.00
18,2,-1.00,-1.00,-1.00,-1.00,0.9435,1.9,1.89,4.42,14.30,2.08,-3.41,1.45,-10.00
18,2,-1.00,-1.00,-1.00,-1.00,0.9226,2.1,1.94,4.90,13.87,2.13,2.56,1.44,-10.00
18,2,-1.00,-1.00,-1.00,-1.00,0.9175,1.7,1.88,4.39,-0.17,1.60,-9.58,-1.71,-10.00
18,2,-1.00,-1.00,-1.00,-1.00,0.9168,2.1,1.91,4.70,11.96,2.18,14.78,1.34,-10.00
18,2,826.44,494.71,1307.48,806.93,0.9138,1.5,1.78,4.23,1.27,1.55,8.29,-1.71,-10.00
18,2,-1.00,-1.00,-1.00,-1.00,0.9058,1.5,1.79,4.34,12.88,2.08,8.61,1.43,-10.00
18,2,-1.00,-1.00,-1.00,-1.00,0.8745,1.6,1.81,4.41,12.45,2.23,-19.24,1.49,-10.00
18,2,-1.00,-1.00,-1.00,-1.00,0.8586,1.5,1.78,4.29,9.66,2.13,-19.58,1.51,-10.00
18,2,-1.00,-1.00,-1.00,-1.00,0.8400,2.2,2.00,5.17,15.55,2.37,-9.88,1.44,-10.00
18,2,-1.00,-1.00,-1.00,-1.00,0.5295,1.7,1.93,4.50,15.88,2.35,-19.75,1.50,-10.00
18,2,-1.00,-1.00,-1.00,-1.00,0.5196,1.5,1.84,4.32,1.26,1.89,-19.89,-1.69,-10.00
18,2,671.70,485.36,721.30,527.14,0.2470,1.6,1.85,4.41,-4.82,1.39,50.51,-1.69,-10.00
18,2,-1.00,-1.00,-1.00,-1.00,0.1843,1.6,1.89,4.40,16.14,2.29,9.41,-1.69,-10.00
18,2,353.85,495.71,489.80,540.24,0.1709,1.6,1.91,4.39,-14.50,1.75,46.62,0.22,-10.00
18,2,-1.00,-1.00,-1.00,-1.00,0.1635,1.5,1.87,4.47,16.60,2.43,6.32,-1.69,-10.00
18,2,-1.00,-1.00,-1.00,-1.00,0.1522,1.7,1.93,4.41,41.60,4.55,25.28,-0.05,-10.00
18,2,-1.00,-1.00,-1.00,-1.00,0.1402,1.6,1.90,4.51,17.02,2.44,1.50,1.48,-10.00
18,2,-1.00,-1.00,-1.00,-1.00,0.1246,1.6,1.89,4.40,17.10,2.25,-17.98,-0.07,-10.00
18,2,-1.00,-1.00,-1.00,-1.00,0.1096,1.7,1.92,4.51,13.36,2.49,-27.94,1.45,-10.00
18,2,1153.52,492.75,1293.13,541.52,0.1017,1.7,1.94,4.50,14.97,1.81,46.69,3.03,-10.00
19,2,-1.00,-1.00,-1.00,-1.00,0.9325,1.8,1.84,4.37,14.37,2.09,-5.92,1.42,-10.00
19,2,-1.00,-1.00,-1.00,-1.00,0.9317,1.5,1.79,4.34,12.63,2.01,5.94,1.40,-10.00
19,2,710.09,476.65,1051.16,732.25,0.9293,1.6,1.84,4.41,0.25,1.53,10.16,-1.73,-10.00
19,2,-1.00,-1.00,-1.00,-1.00,0.9148,1.7,1.83,4.32,-0.42,1.68,-10.04,-1.77,-10.00
19,2,-1.00,-1.00,-1.00,-1.00,0.9088,2.0,1.88,4.59,11.52,1.96,12.13,1.33,-10.00
19,2,-1.00,-1.00,-1.00,-1.00,0.8873,1.4,1.77,4.28,1.79,2.18,-20.28,-1.66,-10.00
19,2,-1.00,-1.00,-1.00,-1.00,0.8854,2.1,1.96,4.93,13.70,2.04,0.11,1.40,-10.00
19,2,-1.00,-1.00,-1.00,-1.00,0.8555,2.2,2.00,5.14,15.71,2.38,-12.31,1.42,-10.00
19,2,-1.00,-1.00,-1.00,-1.00,0.6713,1.7,1.94,4.53,16.41,2.65,-22.12,1.46,-10.00
19,2,-1.00,-1.00,-1.00,-1.00,0.6664,1.6,1.87,4.64,13.01,2.50,-21.94,1.47,-10.00
19,2,-1.00,-1.00,-1.00,-1.00,0.5170,1.5,1.85,4.44,10.19,2.49,-22.90,1.50,-10.00
19,2,-1.00,-1.00,-1.00,-1.00,0.1529,1.7,1.96,4.51,39.12,4.69,14.39,3.05,-10.00
19,2,84.03,452.95,266.58,511.82,0.1526,1.6,1.92,4.38,-18.83,0.58,37.37,3.05,-10.00
19,2,-1.00,-1.00,-1.00,-1.00,0.1357,1.6,1.87,4.38,-4.99,2.55,-44.91,-0.62,-10.00
19,2,-1.00,-1.00,-1.00,-1.00,0.1255,1.8,2.01,4.52,30.61,3.52,9.07,1.40,-10.00
19,2,-1.00,-1.00,-1.00,-1.00,0.1173,1.6,1.90,4.46,-9.25,2.35,-51.61,-1.69,-10.00
19,2,1161.16,500.34,1279.38,566.78,0.1169,1.7,1.86,4.40,10.73,1.92,33.97,1.59,-10.00
19,2,820.63,483.26,963.29,575.04,0.1080,1.7,2.00,4.58,1.39,1.55,25.25,1.44,-10.00
19,2,606.92,481.44,660.64,524.31,0.1003,1.6,1.86,4.54,-7.22,1.28,50.47,-1.66,-10.00
20,2,-1.00,-1.00,-1.00,-1.00,0.9166,1.5,1.79,4.35,12.57,1.96,2.75,1.39,-10.00
20,2,-1.00,-1.00,-1.00,-1.00,0.9129,1.7,1.84,4.29,-0.85,1.65,-10.51,-1.72,-10.00
20,2,633.29,486.29,899.75,700.32,0.9111,1.5,1.79,4.24,-0.64,1.52,11.22,-1.75,-10.00
20,2,-1.00,-1.00,-1.00,-1.00,0.9111,2.0,1.90,4.68,11.47,1.98,8.88,1.32,-10.00
20,2,-1.00,-1.00,-1.00,-1.00,0.9013,2.2,1.98,5.04,15.71,2.49,-15.53,1.40,-10.00
20,2,-1.00,-1.00,-1.00,-1.00,0.9006,1.8,1.84,4.37,14.30,2.15,-9.14,1.43,-10.00
20,2,-1.00,-1.00,-1.00,-1.00,0.8646,1.5,1.84,4.34,1.37,2.11,-21.26,-1.66,-10.00
20,2,-1.00,-1.00,-1.00,-1.00,0.8550,2.0,1.98,5.02,13.67,1.93,-3.09,1.40,-10.00
20,2,-1.00,-1.00,-1.00,-1.00,0.4496,1.6,1.92,4.42,16.18,2.90,-25.31,1.50,-10.00
20,2,168.17,463.81,319.54,514.39,0.4364,1.9,2.08,4.91,-21.91,0.86,48.68,-0.17,-10.00
20,2,-1.00,-1.00,-1.00,-1.00,0.3241,1.6,1.87,4.41,12.94,2.75,-25.54,1.51,-10.00
20,2,-1.00,-1.00,-1.00,-1.00,0.3125,1.6,1.86,4.30,17.65,2.89,-23.87,-0.00,-10.00
20,2,-1.00,-1.00,-1.00,-1.00,0.2679,1.6,1.89,4.43,10.23,2.55,-27.28,1.49,-10.00
20,2,812.73,485.70,988.80,601.44,0.2422,1.6,1.88,4.61,1.18,1.57,19.90,-1.70,-10.00
20,2,1053.21,490.59,1138.29,537.57,0.1857,1.7,1.92,4.57,10.81,1.75,49.34,-1.67,-10.00
20,2,-1.00,-1.00,-1.00,-1.00,0.1804,1.7,1.98,4.52,25.70,3.35,-17.27,1.41,-10.00
20,2,-1.00,-1.00,-1.00,-1.00,0.1603,2.1,2.18,5.35,31.34,4.08,2.32,1.38,-10.00
20,2,1083.64,495.49,1216.75,541.30,0.1333,1.7,1.91,4.43,12.48,1.84,47.45,-0.13,-10.00
20,2,320.69,464.20,459.84,516.17,0.1240,1.6,1.88,4.30,-14.18,0.81,42.33,2.85,-10.00
20,2,406.06,466.72,465.82,507.99,0.1165,1.5,1.82,4.33,-15.19,0.64,50.75,1.39,-10.00
20,2,-1.00,-1.00,-1.00,-1.00,0.1056,1.8,1.99,4.65,37.83,3.57,22.01,0.21,-10.00
20,2,763.74,484.82,914.57,586.70,0.1039,1.6,1.89,4.37,0.28,1.54,22.22,-1.73,-10.00
20,2,-1.00,-1.00,-1.00,-1.00,0.1026,1.6,1.91,4.49,14.38,2.56,-23.89,3.12,-10.00
20,2,379.94,467.37,431.88,509.54,0.1015,1.6,1.88,4.43,-16.45,0.71,50.74,1.25,-10.00
20,2,-1.00,-1.00,-1.00,-1.00,0.1005,1.6,1.92,4.42,-20.49,-3.02,-20.43,2.95,-10.00
21,2,-1.00,-1.00,-1.00,-1.00,0.9402,1.5,1.79,4.35,12.58,1.92,-0.26,1.41,-10.00
21,2,-1.00,-1.00,-1.00,-1.00,0.9312,1.8,1.89,4.41,14.18,2.19,-12.20,1.45,-10.00
21,2,-1.00,-1.00,-1.00,-1.00,0.9189,1.7,1.84,4.36,-1.41,1.74,-10.52,-1.73,-10.00
21,2,-1.00,-1.00,-1.00,-1.00,0.9042,1.9,1.87,4.55,11.54,1.87,5.79,1.32,-10.00
21,2,601.03,464.91,832.73,659.88,0.9025,1.5,1.80,4.33,-1.01,1.35,12.09,-1.68,-10.00
21,2,-1.00,-1.00,-1.00,-1.00,0.8967,1.5,1.83,4.31,0.91,2.31,-22.06,-1.66,-10.00
21,2,-1.00,-1.00,-1.00,-1.00,0.8825,2.0,1.95,4.93,13.59,2.04,-6.20,1.41,-10.00
21,2,-1.00,-1.00,-1.00,-1.00,0.6446,2.2,2.02,5.26,15.57,2.62,-18.45,1.42,-10.00
21,2,148.91,451.36,300.44,499.30,0.4439,1.6,1.98,4.60,-21.36,0.25,45.91,-0.18,-10.00
21,2,-1.00,-1.00,-1.00,-1.00,0.2620,1.7,1.94,4.47,-20.50,-2.75,-23.61,2.99,-10.00
21,2,138.34,448.68,241.90,506.79,0.2149,1.6,1.86,4.54,-18.86,0.44,38.35,1.33,-10.00
21,2,1094.79,490.84,1238.66,538.06,0.1579,1.6,1.90,4.46,12.20,1.60,44.25,3.04,-10.00
21,2,-1.00,-1.00,-1.00,-1.00,0.1064,1.6,1.89,4.47,16.12,3.20,-28.31,-1.72,-10.00
21,2,16.96,452.64,212.76,512.45,0.1040,1.6,1.97,4.55,-20.26,0.59,36.77,-0.15,-10.00
21,2,-1.00,-1.00,-1.00,-1.00,0.1033,1.6,1.91,4.49,16.10,2.20,-0.40,1.41,-10.00
22,2,-1.00,-1.00,-1.00,-1.00,0.9203,1.6,1.80,4.35,12.53,2.10,-3.39,1.41,-10.00
22,2,-1.00,-1.00,-1.00,-1.00,0.9129,1.7,1.82,4.34,-2.10,1.66,-10.12,-1.69,-10.00
22,2,-1.00,-1.00,-1.00,-1.00,0.8974,2.1,1.97,5.02,13.39,2.21,-9.34,1.42,-10.00
22,2,586.91,449.38,815.56,650.37,0.8911,1.6,1.83,4.38,-1.21,1.31,12.41,-1.71,-10.00
22,2,-1.00,-1.00,-1.00,-1.00,0.8827,2.0,1.89,4.65,11.63,1.98,2.64,1.34,-10.00
22,2,-1.00,-1.00,-1.00,-1.00,0.8716,1.8,1.86,4.40,13.88,2.26,-15.37,1.47,-10.00
22,2,-1.00,-1.00,-1.00,-1.00,0.8385,1.5,1.77,4.22,0.18,2.24,-22.69,-1.69,-10.00
22,2,-1.00,-1.00,-1.00,-1.00,0.6398,2.1,1.99,5.12,15.08,2.76,-21.87,1.48,-10.00
22,2,458.27,472.23,547.11,513.40,0.1786,1.5,1.84,4.37,-12.39,0.86,50.32,-1.41,-10.00
22,2,-1.00,-1.00,-1.00,-1.00,0.1597,1.6,1.88,4.34,9.09,3.15,-43.85,3.12,-10.00
22,2,-1.00,-1.00,-1.00,-1.00,0.1478,1.6,1.89,4.38,23.44,2.00,33.28,3.02,-10.00
22,2,-1.00,-1.00,-1.00,-1.00,0.1024,1.5,1.87,4.37,17.06,2.12,-2.42,1.38,-10.00
23,2,-1.00,-1.00,-1.00,-1.00,0.9487,1.5,1.77,4.30,12.38,2.07,-6.42,1.46,-10.00
23,2,-1.00,-1.00,-1.00,-1.00,0.9338,1.6,1.79,4.25,-2.65,1.53,-9.49,-1.65,-10.00
23,2,-1.00,-1.00,-1.00,-1.00,0.8988,2.0,1.90,4.70,11.66,1.94,-0.23,1.39,-10.00
23,2,587.64,458.06,816.16,655.37,0.8922,1.6,1.82,4.37,-1.24,1.34,12.34,-1.73,-10.00
23,2,-1.00,-1.00,-1.00,-1.00,0.8868,1.5,1.84,4.35,-0.58,2.00,-23.50,-1.69,-10.00
23,2,-1.00,-1.00,-1.00,-1.00,0.8849,1.9,1.89,4.42,13.45,2.27,-18.47,1.50,-10.00
23,2,-1.00,-1.00,-1.00,-1.00,0.8435,2.2,1.99,5.11,14.51,2.55,-24.82,1.49,-10.00
23,2,-1.00,-1.00,-1.00,-1.00,0.8051,2.1,1.95,4.93,13.14,2.16,-12.33,1.45,-10.00
23,2,-1.00,-1.00,-1.00,-1.00,0.3470,1.5,1.93,4.36,1.58,2.88,-42.50,-1.59,-10.00
23,2,520.50,474.76,623.93,517.10,0.2743,1.6,1.88,4.49,-9.66,1.01,50.47,-1.18,-10.00
23,2,-1.00,-1.00,-1.00,-1.00,0.2186,1.5,1.87,4.38,24.16,2.09,29.85,3.03,-10.00
23,2,1221.08,501.60,1371.46,552.94,0.2026,1.7,1.88,4.34,16.09,2.03,42.57,-0.06,-10.00
23,2,235.68,466.47,321.78,516.98,0.1680,1.6,1.90,4.39,-18.05,0.85,42.72,1.35,-10.00
23,2,1234.75,493.69,1342.83,542.47,0.1212,1.6,1.83,4.32,16.44,1.73,44.29,-1.67,-10.00
23,2,-1.00,-1.00,-1.00,-1.00,0.1092,1.6,1.85,4.25,35.93,3.02,14.24,1.64,-10.00
23,2,63.19,454.02,234.69,508.34,0.1057,1.7,1.93,4.46,-21.43,0.52,40.81,3.07,-10.00
23,2,-1.00,-1.00,-1.00,-1.00,0.1030,1.6,1.90,4.40,-21.97,-2.79,-28.02,3.10,-10.00
24,2,-1.00,-1.00,-1.00,-1.00,0.9650,1.6,1.80,4.40,12.20,2.18,-9.35,1.48,-10.00
24,2,-1.00,-1.00,-1.00,-1.00,0.9380,1.6,1.82,4.36,-3.15,1.60,-8.68,-1.62,-10.00
24,2,586.30,455.26,830.84,652.22,0.9082,1.5,1.83,4.44,-1.08,1.25,11.78,-1.69,-10.00
24,2,-1.00,-1.00,-1.00,-1.00,0.8934,1.6,1.89,4.45,-1.45,2.10,-23.69,-1.64,-10.00
24,2,-1.00,-1.00,-1.00,-1.00,0.8878,2.0,1.93,4.82,11.64,2.01,-3.12,1.39,-10.00
24,2,-1.00,-1.00,-1.00,-1.00,0.8575,1.7,1.85,4.39,12.95,2.33,-21.40,1.51,-10.00
24,2,-1.00,-1.00,-1.00,-1.00,0.7442,2.1,1.98,5.05,12.71,2.20,-15.29,1.52,-10.00
24,2,-1.00,-1.00,-1.00,-1.00,0.7202,2.2,2.05,5.33,13.75,2.70,-27.97,1.52,-10.00
24,2,-1.00,-1.00,-1.00,-1.00,0.6467,1.6,1.96,4.44,0.86,2.85,-40.79,-1.50,-10.00
24,2,1271.60,486.20,1466.46,548.35,0.3971,1.7,1.95,4.61,15.34,1.55,35.26,-0.12,-10.00
24,2,582.55,466.57,648.67,508.54,0.3077,1.6,1.84,4.41,-7.99,0.67,50.80,-1.55,-10.00
24,2,539.39,472.91,644.91,540.05,0.2426,1.5,1.83,4.39,-5.29,1.12,30.39,1.55,-10.00
24,2,1130.03,475.32,1249.51,539.40,0.1559,1.5,1.85,4.51,9.62,1.20,32.99,1.59,-10.00
24,2,-1.00,-1.00,-1.00,-1.00,0.1239,1.7,1.93,4.52,12.72,2.83,-36.68,-0.08,-10.00
24,2,-1.00,-1.00,-1.00,-1.00,0.1158,1.7,1.92,4.48,15.39,3.12,-36.20,3.11,-10.00
24,2,10.70,443.15,234.79,509.64,0.1154,1.5,1.87,4.33,-16.50,0.41,30.27,-3.10,-10.00
24,2,-1.00,-1.00,-1.00,-1.00,0.1148,1.6,1.92,4.47,15.40,2.12,7.79,1.47,-10.00
25,2,-1.00,-1.00,-1.00,-1.00,0.9247,1.6,1.83,4.32,-3.43,1.52,-7.56,-1.59,-10.00
25,2,-1.00,-1.00,-1.00,-1.00,0.9211,1.6,1.80,4.39,12.00,2.20,-11.90,1.49,-10.00
25,2,567.56,460.91,835.25,678.00,0.9155,1.5,1.84,4.54,-1.00,1.33,11.07,-1.66,-10.00
25,2,-1.00,-1.00,-1.00,-1.00,0.8988,2.0,1.88,4.63,11.55,2.00,-5.57,1.41,-10.00
25,2,-1.00,-1.00,-1.00,-1.00,0.8801,1.6,1.89,4.44,-2.07,1.89,-24.07,-1.51,-10.00
25,2,-1.00,-1.00,-1.00,-1.00,0.8602,2.0,1.95,4.93,12.45,2.21,-17.85,1.51,-10.00
25,2,-1.00,-1.00,-1.00,-1.00,0.8345,1.9,1.89,4.58,12.58,2.41,-24.15,1.52,-10.00
25,2,-1.00,-1.00,-1.00,-1.00,0.7602,2.1,2.03,5.23,13.27,2.50,-30.44,1.53,-10.00
25,2,-1.00,-1.00,-1.00,-1.00,0.7446,1.6,1.97,4.50,0.82,2.66,-38.66,-1.53,-10.00
25,2,0.00,466.37,187.96,538.24,0.1831,1.5,1.87,4.28,-16.65,1.01,28.30,0.05,-10.00
25,2,-1.00,-1.00,-1.00,-1.00,0.1282,1.7,1.93,4.44,30.76,2.65,15.32,-0.38,-10.00
25,2,0.00,450.35,192.60,512.31,0.1189,1.7,2.01,4.73,-21.14,0.59,37.08,3.08,-10.00
25,2,-1.00,-1.00,-1.00,-1.00,0.1090,1.6,1.91,4.43,32.97,-2.02,-19.02,-0.13,-10.00
25,2,-1.00,-1.00,-1.00,-1.00,0.1007,1.7,1.89,4.47,13.21,2.21,-40.33,-1.66,-10.00
25,2,-1.00,-1.00,-1.00,-1.00,0.1003,1.6,1.92,4.41,13.31,2.07,-37.30,-1.62,-10.00
26,2,-1.00,-1.00,-1.00,-1.00,0.9397,1.5,1.81,4.30,11.79,2.22,-13.98,1.52,-10.00
26,2,552.86,463.26,837.09,699.18,0.9214,1.5,1.76,4.28,-0.98,1.33,10.08,-1.68,-10.00
26,2,-1.00,-1.00,-1.00,-1.00,0.9213,1.6,1.84,4.37,-3.64,1.53,-6.32,-1.58,-10.00
26,2,-1.00,-1.00,-1.00,-1.00,0.8916,2.1,1.91,4.72,11.43,2.09,-7.61,1.42,-10.00
26,2,-1.00,-1.00,-1.00,-1.00,0.8658,2.1,1.93,4.84,12.21,2.21,-19.82,1.53,-10.00
26,2,-1.00,-1.00,-1.00,-1.00,0.8597,1.5,1.83,4.40,-2.26,1.83,-23.47,-1.63,-10.00
26,2,-1.00,-1.00,-1.00,-1.00,0.8293,1.7,1.82,4.27,12.08,2.41,-26.01,1.55,-10.00
26,2,-1.00,-1.00,-1.00,-1.00,0.7268,2.2,2.00,5.17,12.80,2.76,-32.62,1.57,-10.00
26,2,-1.00,-1.00,-1.00,-1.00,0.4637,1.6,1.93,4.36,0.59,2.27,-35.77,-1.53,-10.00
26,2,0.00,395.83,1.52,536.16,0.1276,2.2,2.18,5.24,-16.83,0.70,21.01,-3.10,-10.00
26,2,-1.00,-1.00,-1.00,-1.00,0.1094,1.6,1.82,4.19,25.57,2.49,21.76,3.06,-10.00
27,2,528.62,476.66,851.32,746.64,0.9354,1.5,1.78,4.37,-0.85,1.46,9.26,-1.64,-10.00
27,2,-1.00,-1.00,-1.00,-1.00,0.9349,1.5,1.80,4.25,11.63,2.13,-15.65,1.51,-10.00
27,2,-1.00,-1.00,-1.00,-1.00,0.9315,1.7,1.83,4.35,-3.69,1.50,-4.92,-1.56,-10.00
27,2,-1.00,-1.00,-1.00,-1.00,0.8911,2.1,1.91,4.73,11.42,2.12,-9.36,1.43,-10.00
27,2,-1.00,-1.00,-1.00,-1.00,0.8489,1.5,1.82,4.36,-2.69,1.56,-22.57,-1.63,-10.00
27,2,-1.00,-1.00,-1.00,-1.00,0.8418,1.7,1.79,4.36,11.94,2.13,-27.90,1.52,-10.00
27,2,-1.00,-1.00,-1.00,-1.00,0.8353,1.6,1.87,4.46,0.45,1.90,-32.94,-1.56,-10.00
27,2,-1.00,-1.00,-1.00,-1.00,0.7745,2.3,2.03,5.31,12.47,2.55,-34.29,1.56,-10.00
27,2,-1.00,-1.00,-1.00,-1.00,0.3991,2.2,2.00,5.14,11.98,2.18,-21.62,1.53,-10.00
27,2,-1.00,-1.00,-1.00,-1.00,0.1493,1.6,1.93,4.49,13.11,2.37,-41.04,3.09,-10.00
27,2,-1.00,-1.00,-1.00,-1.00,0.1222,1.7,1.88,4.50,11.95,2.45,-43.90,-1.63,-10.00
27,2,1044.94,509.85,1127.95,560.94,0.1137,1.6,1.89,4.38,9.14,2.28,43.19,-1.57,-10.00
28,2,-1.00,-1.00,-1.00,-1.00,0.9471,1.5,1.78,4.36,11.53,2.04,-17.25,1.56,-10.00
28,2,-1.00,-1.00,-1.00,-1.00,0.9153,1.7,1.82,4.33,-3.77,1.40,-3.09,-1.57,-10.00
28,2,511.00,488.02,863.86,781.61,0.9011,1.4,1.72,4.15,-0.77,1.46,8.31,-1.64,-10.00
28,2,-1.00,-1.00,-1.00,-1.00,0.8956,1.5,1.84,4.36,-3.01,1.48,-21.11,-1.54,-10.00
28,2,-1.00,-1.00,-1.00,-1.00,0.8814,1.6,1.88,4.49,0.31,1.54,-29.35,-1.54,-10.00
28,2,-1.00,-1.00,-1.00,-1.00,0.8814,2.0,1.91,4.71,11.28,2.07,-10.92,1.44,-10.00
28,2,-1.00,-1.00,-1.00,-1.00,0.6137,2.1,2.02,5.25,11.78,2.05,-23.28,1.54,-10.00
28,2,-1.00,-1.00,-1.00,-1.00,0.5623,2.0,1.96,4.69,11.78,2.25,-29.17,1.53,-10.00
28,2,-1.00,-1.00,-1.00,-1.00,0.5365,2.3,2.04,5.24,12.06,2.28,-36.01,1.58,-10.00
28,2,-1.00,-1.00,-1.00,-1.00,0.1309,1.5,1.82,4.41,-9.38,1.55,-4.14,-1.81,-10.00
28,2,0.00,469.47,149.89,553.75,0.1291,1.5,1.87,4.32,-15.23,1.13,23.90,0.05,-10.00
28,2,-1.00,-1.00,-1.00,-1.00,0.1254,1.7,1.91,4.44,26.04,2.95,17.80,3.13,-10.00
28,2,-1.00,-1.00,-1.00,-1.00,0.1124,1.7,1.91,4.47,11.56,2.74,-45.34,-1.61,-10.00
28,2,-1.00,-1.00,-1.00,-1.00,0.1100,1.6,1.90,4.41,28.30,2.84,24.12,-3.11,-10.00
28,2,-1.00,-1.00,-1.00,-1.00,0.1002,1.8,2.01,4.68,12.53,2.22,-30.93,3.10,-10.00
29,2,-1.00,-1.00,-1.00,-1.00,0.9477,1.5,1.80,4.43,11.43,2.22,-18.00,1.56,-10.00
29,2,-1.00,-1.00,-1.00,-1.00,0.8960,1.6,1.87,4.46,-3.18,1.61,-19.27,-1.58,-10.00
29,2,486.79,476.60,888.02,818.43,0.8828,1.5,1.72,4.15,-0.61,1.45,7.57,-1.60,-10.00
29,2,-1.00,-1.00,-1.00,-1.00,0.8692,2.1,1.91,4.73,11.24,2.11,-11.71,1.45,-10.00
29,2,-1.00,-1.00,-1.00,-1.00,0.8533,1.6,1.81,4.26,-3.83,1.36,-1.60,-1.59,-10.00
29,2,-1.00,-1.00,-1.00,-1.00,0.8479,1.6,1.85,4.42,0.10,1.80,-26.39,-1.58,-10.00
29,2,-1.00,-1.00,-1.00,-1.00,0.8117,2.1,1.98,5.06,11.64,2.21,-24.09,1.56,-10.00
29,2,-1.00,-1.00,-1.00,-1.00,0.5471,1.8,1.88,4.47,11.38,2.25,-29.94,1.55,-10.00
29,2,-1.00,-1.00,-1.00,-1.00,0.5465,2.3,2.03,5.32,11.94,2.57,-36.85,1.59,-10.00
29,2,-1.00,-1.00,-1.00,-1.00,0.2250,1.6,1.88,4.47,11.25,2.96,-46.46,1.50,-10.00
29,2,-1.00,-1.00,-1.00,-1.00,0.1822,1.7,1.89,4.41,26.07,2.74,16.96,-3.11,-10.00
29,2,-1.00,-1.00,-1.00,-1.00,0.1347,1.8,2.01,4.63,51.02,4.16,3.97,3.09,-10.00
29,2,-1.00,-1.00,-1.00,-1.00,0.1108,1.7,1.94,4.48,12.61,3.05,-44.80,3.10,-10.00
29,2,-1.00,-1.00,-1.00,-1.00,0.1022,1.6,1.92,4.49,12.38,2.36,-31.75,3.13,-10.00
29,2,-1.00,-1.00,-1.00,-1.00,0.1001,1.8,1.94,4.48,40.24,4.14,-4.41,-3.07,-10.00
30,2,-1.00,-1.00,-1.00,-1.00,0.9244,1.5,1.84,4.48,-3.29,1.59,-16.94,-1.59,-10.00
30,2,450.50,455.09,889.96,828.63,0.9086,1.5,1.76,4.17,-0.66,1.39,7.20,-1.61,-10.00
30,2,-1.00,-1.00,-1.00,-1.00,0.9073,1.6,1.83,4.55,11.37,2.27,-18.49,1.56,-10.00
30,2,-1.00,-1.00,-1.00,-1.00,0.8900,2.1,1.91,4.77,11.17,2.24,-11.96,1.46,-10.00
30,2,-1.00,-1.00,-1.00,-1.00,0.8785,1.6,1.80,4.21,-3.83,1.40,-0.02,-1.57,-10.00
30,2,-1.00,-1.00,-1.00,-1.00,0.8685,2.1,1.93,4.89,11.51,2.26,-24.37,1.57,-10.00
30,2,-1.00,-1.00,-1.00,-1.00,0.7906,1.5,1.83,4.32,0.10,1.78,-23.28,-1.62,-10.00
30,2,-1.00,-1.00,-1.00,-1.00,0.7554,2.3,2.03,5.31,11.83,2.69,-37.25,1.59,-10.00
30,2,-1.00,-1.00,-1.00,-1.00,0.6845,1.6,1.82,4.39,11.29,2.40,-30.31,1.54,-10.00
30,2,832.69,485.51,885.95,531.74,0.1413,1.6,1.89,4.37,1.57,1.47,47.45,1.58,-10.00
30,2,1562.46,505.14,1600.00,596.38,0.1240,1.6,1.94,4.53,17.11,1.90,24.18,-2.95,-10.00
30,2,1503.34,505.13,1600.00,590.39,0.1075,1.6,1.92,4.52,16.74,1.93,25.72,-3.12,-10.00
31,2,446.79,457.21,887.49,826.04,0.9513,1.5,1.75,4.28,-0.63,1.38,7.22,-1.59,-10.00
31,2,-1.00,-1.00,-1.00,-1.00,0.9414,1.6,1.87,4.46,-3.40,1.62,-14.44,-1.60,-10.00
31,2,-1.00,-1.00,-1.00,-1.00,0.9322,1.6,1.83,4.47,11.35,2.33,-18.64,1.57,-10.00
31,2,-1.00,-1.00,-1.00,-1.00,0.9034,2.1,1.92,4.81,11.14,2.25,-12.14,1.46,-10.00
31,2,-1.00,-1.00,-1.00,-1.00,0.8877,1.6,1.87,4.41,-0.08,1.68,-20.67,-1.72,-10.00
31,2,-1.00,-1.00,-1.00,-1.00,0.8842,1.7,1.85,4.30,-3.83,1.46,1.58,-1.60,-10.00
31,2,-1.00,-1.00,-1.00,-1.00,0.8342,2.3,2.08,5.23,11.79,2.61,-37.26,1.56,-10.00
31,2,-1.00,-1.00,-1.00,-1.00,0.8250,2.2,1.99,5.15,11.49,2.39,-24.55,1.54,-10.00
31,2,-1.00,-1.00,-1.00,-1.00,0.6463,1.7,1.82,4.34,11.25,2.36,-30.66,1.54,-10.00
31,2,-1.00,-1.00,-1.00,-1.00,0.3206,1.6,1.91,4.52,47.78,4.07,22.07,-3.12,-10.00
31,2,-1.00,-1.00,-1.00,-1.00,0.1682,1.6,1.96,4.53,-3.19,2.62,-51.64,-1.59,-10.00
32,2,439.56,452.25,884.25,825.91,0.9465,1.5,1.74,4.22,-0.66,1.36,7.12,-1.60,-10.00
32,2,-1.00,-1.00,-1.00,-1.00,0.9431,1.5,1.83,4.46,-3.41,1.50,-11.66,-1.61,-10.00
32,2,-1.00,-1.00,-1.00,-1.00,0.9383,1.5,1.84,4.52,11.34,2.31,-18.67,1.57,-10.00
32,2,-1.00,-1.00,-1.00,-1.00,0.9023,2.1,1.91,4.77,11.10,2.24,-12.24,1.47,-10.00
32,2,0.00,62.99,76.17,900.00,0.8962,1.7,1.88,4.38,-3.89,1.48,2.99,-1.62,-10.00
32,2,-1.00,-1.00,-1.00,-1.00,0.8959,2.2,1.98,5.08,11.78,2.46,-37.23,1.58,-10.00
32,2,-1.00,-1.00,-1.00,-1.00,0.8658,1.5,1.81,4.32,-0.32,1.57,-17.87,-1.65,-10.00
32,2,-1.00,-1.00,-1.00,-1.00,0.6928,2.2,2.00,5.20,11.50,2.30,-24.56,1.56,-10.00
32,2,-1.00,-1.00,-1.00,-1.00,0.4362,1.6,1.85,4.46,11.29,2.35,-30.69,1.55,-10.00
32,2,-1.00,-1.00,-1.00,-1.00,0.4323,1.6,1.92,4.53,44.13,4.16,22.50,-3.05,-10.00
32,2,1547.24,491.34,1600.00,580.67,0.2037,1.7,1.96,4.61,17.52,1.73,25.41,3.08,-10.00
32,2,1593.65,496.51,1600.00,591.97,0.1831,1.7,1.96,4.57,17.46,1.81,23.75,3.13,-10.00
32,2,517.36,479.08,585.60,530.85,0.1186,1.6,1.81,4.34,-8.85,1.29,42.61,1.46,-10.00
33,2,-1.00,-1.00,-1.00,-1.00,0.9530,1.5,1.79,4.40,11.30,2.13,-18.65,1.58,-10.00
33,2,442.02,460.61,886.19,830.56,0.9462,1.5,1.74,4.24,-0.63,1.38,7.13,-1.58,-10.00
33,2,0.00,348.48,195.17,900.00,0.9410,1.6,1.78,4.31,-3.94,1.41,4.09,-1.59,-10.00
33,2,-1.00,-1.00,-1.00,-1.00,0.9340,1.5,1.82,4.36,-3.45,1.51,-9.50,-1.60,-10.00
33,2,-1.00,-1.00,-1.00,-1.00,0.9194,1.5,1.82,4.36,-0.61,1.64,-16.15,-1.68,-10.00
33,2,-1.00,-1.00,-1.00,-1.00,0.8973,2.1,1.91,4.75,11.13,2.22,-12.22,1.46,-10.00
33,2,-1.00,-1.00,-1.00,-1.00,0.8352,2.3,2.02,5.21,11.83,2.63,-37.22,1.57,-10.00
33,2,-1.00,-1.00,-1.00,-1.00,0.7136,1.7,1.84,4.49,11.23,2.26,-30.59,1.57,-10.00
33,2,-1.00,-1.00,-1.00,-1.00,0.6941,2.3,2.01,5.23,11.60,2.26,-24.70,1.56,-10.00
33,2,-1.00,-1.00,-1.00,-1.00,0.4580,1.6,1.92,4.54,41.34,3.71,22.82,-3.13,-10.00
33,2,-1.00,-1.00,-1.00,-1.00,0.2601,1.6,1.92,4.52,9.17,2.40,-45.60,0.19,-10.00
33,2,801.30,485.20,858.67,529.57,0.1473,1.6,1.91,4.50,0.48,1.45,49.23,-1.63,-10.00
33,2,-1.00,-1.00,-1.00,-1.00,0.1415,1.7,1.96,4.58,38.12,3.71,22.89,3.13,-10.00
33,2,-1.00,-1.00,-1.00,-1.00,0.1218,1.6,1.89,4.41,26.44,2.65,16.85,3.08,-10.00
33,2,-1.00,-1.00,-1.00,-1.00,0.1075,1.6,1.94,4.55,39.04,3.71,24.12,-3.11,-10.00
34,2,446.94,451.93,888.97,823.70,0.9523,1.5,1.74,4.23,-0.61,1.35,7.15,-1.58,-10.00
34,2,-1.00,-1.00,-1.00,-1.00,0.9466,1.5,1.80,4.43,11.35,2.25,-18.64,1.56,-10.00
34,2,0.00,368.29,273.75,900.00,0.9344,1.6,1.79,4.34,-3.97,1.40,5.09,-1.60,-10.00
34,2,-1.00,-1.00,-1.00,-1.00,0.9311,1.5,1.81,4.40,-3.49,1.48,-7.12,-1.60,-10.00
34,2,-1.00,-1.00,-1.00,-1.00,0.9058,2.0,1.93,4.85,11.18,2.18,-12.19,1.46,-10.00
34,2,-1.00,-1.00,-1.00,-1.00,0.8952,1.5,1.88,4.49,-0.88,1.59,-14.01,-1.70,-10.00
34,2,-1.00,-1.00,-1.00,-1.00,0.8434,2.3,2.03,5.33,11.83,2.56,-37.37,1.58,-10.00
34,2,-1.00,-1.00,-1.00,-1.00,0.8299,2.2,1.99,5.14,11.52,2.20,-24.62,1.57,-10.00
34,2,-1.00,-1.00,-1.00,-1.00,0.7839,1.7,1.84,4.42,11.22,2.21,-30.51,1.56,-10.00
34,2,-1.00,-1.00,-1.00,-1.00,0.4883,1.6,1.93,4.59,38.30,3.63,22.98,-3.11,-10.00
34,2,1522.57,511.92,1600.00,603.85,0.1760,1.6,1.94,4.52,16.07,2.03,23.80,3.12,-10.00
34,2,1364.13,490.29,1600.00,584.37,0.1626,1.7,1.98,4.63,13.03,1.69,23.81,3.06,-10.00
34,2,-1.00,-1.00,-1.00,-1.00,0.1450,1.7,2.01,4.68,35.09,3.66,23.24,-3.13,-10.00
34,2,-1.00,-1.00,-1.00,-1.00,0.1445,1.7,1.92,4.49,9.31,2.48,-45.65,0.15,-10.00
34,2,889.49,505.19,954.81,550.26,0.1344,1.6,1.89,4.36,4.03,2.20,48.80,1.51,-10.00
35,2,-1.00,-1.00,-1.00,-1.00,0.9506,1.5,1.80,4.43,11.35,2.26,-18.63,1.57,-10.00
35,2,443.65,456.13,884.46,829.65,0.9475,1.5,1.73,4.20,-0.60,1.37,7.11,-1.57,-10.00
35,2,0.00,396.86,326.06,900.00,0.9150,1.6,1.75,4.15,-3.93,1.41,5.85,-1.58,-10.00
35,2,-1.00,-1.00,-1.00,-1.00,0.9030,2.0,1.93,4.85,11.14,2.21,-12.21,1.47,-10.00
35,2,-1.00,-1.00,-1.00,-1.00,0.9016,1.5,1.82,4.38,-3.50,1.48,-4.86,-1.59,-10.00
35,2,-1.00,-1.00,-1.00,-1.00,0.8955,1.5,1.79,4.24,-1.22,1.52,-11.70,-1.73,-10.00
35,2,-1.00,-1.00,-1.00,-1.00,0.8743,2.2,1.99,5.16,11.55,2.25,-24.65,1.56,-10.00
35,2,-1.00,-1.00,-1.00,-1.00,0.8541,2.3,2.01,5.18,11.81,2.46,-37.31,1.57,-10.00
35,2,-1.00,-1.00,-1.00,-1.00,0.8158,1.7,1.85,4.44,11.23,2.25,-30.61,1.57,-10.00
35,2,-1.00,-1.00,-1.00,-1.00,0.4914,1.7,1.98,4.68,34.29,2.91,23.26,-3.14,-10.00
35,2,-1.00,-1.00,-1.00,-1.00,0.1135,1.7,1.95,4.56,9.39,2.39,-45.62,-2.98,-10.00
35,2,887.37,497.24,954.90,541.52,0.1124,1.6,1.85,4.35,4.03,1.90,49.32,1.47,-10.00
35,2,1095.10,498.39,1193.86,553.78,0.1086,1.7,1.88,4.37,10.34,1.90,40.21,-1.60,-10.00
36,2,450.25,450.23,893.38,829.21,0.9457,1.5,1.74,4.21,-0.57,1.36,7.11,-1.57,-10.00
36,2,-1.00,-1.00,-1.00,-1.00,0.9428,1.5,1.81,4.48,11.35,2.23,-18.66,1.57,-10.00
36,2,0.00,400.88,349.50,900.00,0.9345,1.7,1.77,4.28,-3.96,1.41,6.29,-1.60,-10.00
36,2,-1.00,-1.00,-1.00,-1.00,0.9130,1.5,1.88,4.41,-1.47,1.61,-10.30,-1.73,-10.00
36,2,-1.00,-1.00,-1.00,-1.00,0.9000,2.1,1.94,4.91,11.18,2.21,-12.18,1.45,-10.00
36,2,-1.00,-1.00,-1.00,-1.00,0.8892,1.5,1.80,4.31,-3.55,1.47,-3.44,-1.59,-10.00
36,2,-1.00,-1.00,-1.00,-1.00,0.8785,2.3,2.00,5.19,11.82,2.50,-37.32,1.58,-10.00
36,2,-1.00,-1.00,-1.00,-1.00,0.8596,1.7,1.86,4.53,11.21,2.32,-30.66,1.56,-10.00
36,2,-1.00,-1.00,-1.00,-1.00,0.8586,2.2,1.98,5.11,11.55,2.27,-24.61,1.55,-10.00
36,2,-1.00,-1.00,-1.00,-1.00,0.6312,1.6,1.96,4.66,31.34,2.52,23.18,3.09,-10.00
36,2,-1.00,-1.00,-1.00,-1.00,0.5302,1.6,1.91,4.55,-2.56,1.59,-30.37,-1.55,-10.00
36,2,-1.00,-1.00,-1.00,-1.00,0.1268,1.7,1.92,4.21,36.72,4.10,11.43,1.96,-10.00
36,2,888.16,498.04,956.95,542.53,0.1259,1.6,1.88,4.38,4.05,1.92,48.87,1.47,-10.00
36,2,-1.00,-1.00,-1.00,-1.00,0.1234,1.7,1.93,4.54,9.40,2.46,-45.62,0.16,-10.00
37,2,444.54,451.98,886.67,824.61,0.9512,1.5,1.73,4.19,-0.61,1.35,7.10,-1.58,-10.00
37,2,-1.00,-1.00,-1.00,-1.00,0.9493,1.5,1.80,4.43,11.36,2.22,-18.65,1.57,-10.00
37,2,-1.00,-1.00,-1.00,-1.00,0.9315,1.5,1.80,4.32,-1.71,1.56,-8.90,-1.75,-10.00
37,2,0.00,386.98,354.40,873.01,0.9174,1.7,1.80,4.28,-3.96,1.36,6.59,-1.64,-10.00
37,2,-1.00,-1.00,-1.00,-1.00,0.9099,2.0,1.94,4.88,11.18,2.19,-12.29,1.45,-10.00
37,2,-1.00,-1.00,-1.00,-1.00,0.9068,1.5,1.82,4.41,-3.53,1.49,-2.67,-1.59,-10.00
37,2,-1.00,-1.00,-1.00,-1.00,0.8748,2.2,1.98,5.09,11.54,2.26,-24.60,1.56,-10.00
37,2,-1.00,-1.00,-1.00,-1.00,0.8626,1.5,1.80,4.35,-2.65,1.53,-26.82,-1.56,-10.00
37,2,-1.00,-1.00,-1.00,-1.00,0.8413,2.3,2.02,5.25,11.82,2.51,-37.35,1.57,-10.00
37,2,-1.00,-1.00,-1.00,-1.00,0.8347,1.7,1.83,4.32,11.21,2.35,-30.66,1.56,-10.00
37,2,-1.00,-1.00,-1.00,-1.00,0.5486,1.6,1.94,4.64,27.86,2.24,23.04,3.10,-10.00
37,2,-1.00,-1.00,-1.00,-1.00,0.1497,1.6,1.87,4.31,26.21,2.71,16.95,3.02,-10.00
37,2,-1.00,-1.00,-1.00,-1.00,0.1158,1.6,1.90,4.17,36.73,4.14,11.40,1.81,-10.00
37,2,-1.00,-1.00,-1.00,-1.00,0.1146,1.7,1.91,4.44,9.39,2.42,-45.38,0.15,-10.00
37,2,1295.20,492.19,1404.31,538.10,0.1027,1.7,1.90,4.43,21.16,1.81,50.44,-1.75,-10.00
38,2,-1.00,-1.00,-1.00,-1.00,0.9525,1.5,1.81,4.46,11.35,2.21,-18.67,1.58,-10.00
38,2,-1.00,-1.00,-1.00,-1.00,0.9412,1.5,1.82,4.40,-1.88,1.58,-8.09,-1.76,-10.00
38,2,448.74,445.64,887.27,823.71,0.9399,1.5,1.73,4.17,-0.57,1.34,7.10,-1.57,-10.00
38,2,0.00,388.46,367.97,864.15,0.9294,1.7,1.81,4.32,-3.95,1.38,6.75,-1.64,-10.00
38,2,-1.00,-1.00,-1.00,-1.00,0.9117,2.0,1.95,4.94,11.16,2.22,-12.23,1.46,-10.00
38,2,-1.00,-1.00,-1.00,-1.00,0.8745,1.6,1.87,4.47,-3.57,1.54,-2.04,-1.61,-10.00
38,2,-1.00,-1.00,-1.00,-1.00,0.8648,2.3,2.02,5.22,11.82,2.53,-37.32,1.58,-10.00
38,2,-1.00,-1.00,-1.00,-1.00,0.8592,2.2,1.98,5.11,11.53,2.25,-24.67,1.56,-10.00
38,2,-1.00,-1.00,-1.00,-1.00,0.8488,1.6,1.84,4.35,-2.67,1.56,-23.83,-1.64,-10.00
38,2,-1.00,-1.00,-1.00,-1.00,0.8200,1.7,1.86,4.44,11.21,2.29,-30.52,1.56,-10.00
38,2,-1.00,-1.00,-1.00,-1.00,0.7903,1.6,1.94,4.65,24.73,2.35,22.93,-3.13,-10.00
38,2,1235.51,456.45,1513.35,547.72,0.2522,1.7,1.99,4.68,10.92,1.07,24.91,2.96,-10.00
38,2,-1.00,-1.00,-1.00,-1.00,0.2115,1.6,1.95,4.58,20.85,2.43,22.90,-3.08,-10.00
38,2,1124.11,472.41,1401.39,570.82,0.1304,1.7,1.98,4.67,8.37,1.43,23.81,2.83,-10.00
38,2,896.40,491.44,961.08,536.57,0.1045,1.7,1.91,4.43,4.38,1.73,49.94,1.51,-10.00
38,2,1138.13,471.50,1433.17,575.76,0.1003,1.7,1.91,4.49,8.16,1.43,22.22,2.99,-10.00
39,2,-1.00,-1.00,-1.00,-1.00,0.9555,1.6,1.90,4.61,-3.51,1.54,-1.82,-1.62,-10.00
39,2,-1.00,-1.00,-1.00,-1.00,0.9546,1.5,1.82,4.41,-2.01,1.61,-7.52,-1.75,-10.00
39,2,-1.00,-1.00,-1.00,-1.00,0.9449,1.5,1.80,4.43,11.34,2.26,-18.67,1.57,-10.00
39,2,450.06,451.56,886.45,824.44,0.9427,1.5,1.72,4.14,-0.59,1.35,7.09,-1.57,-10.00
39,2,0.00,385.72,368.58,851.97,0.9293,1.7,1.77,4.23,-3.93,1.34,6.72,-1.62,-10.00
39,2,-1.00,-1.00,-1.00,-1.00,0.9025,2.1,1.94,4.88,11.17,2.21,-12.21,1.46,-10.00
39,2,-1.00,-1.00,-1.00,-1.00,0.8628,2.2,1.97,5.07,11.54,2.24,-24.60,1.56,-10.00
39,2,-1.00,-1.00,-1.00,-1.00,0.8425,1.6,1.83,4.38,-2.78,1.66,-21.45,-1.61,-10.00
39,2,-1.00,-1.00,-1.00,-1.00,0.8365,2.3,2.02,5.31,11.83,2.49,-37.39,1.58,-10.00
39,2,-1.00,-1.00,-1.00,-1.00,0.8348,1.7,1.87,4.53,11.26,2.33,-30.64,1.56,-10.00
39,2,-1.00,-1.00,-1.00,-1.00,0.7429,1.7,1.92,4.56,21.71,2.25,22.93,-3.13,-10.00
39,2,994.18,482.93,1172.09,544.61,0.2351,1.7,1.95,4.59,7.50,1.47,35.88,3.11,-10.00
39,2,1118.22,466.11,1397.39,558.91,0.1799,1.7,2.00,4.72,8.50,1.27,24.57,2.99,-10.00
39,2,1047.32,460.82,1337.71,566.00,0.1731,1.8,1.96,4.57,6.65,1.29,22.63,3.02,-10.00
39,2,1280.31,456.99,1554.37,546.72,0.1484,1.6,1.91,4.44,11.61,1.04,24.65,3.09,-10.00
39,2,-1.00,-1.00,-1.00,-1.00,0.1258,1.6,1.87,4.44,-3.15,1.91,-37.21,-1.61,-10.00
39,2,-1.00,-1.00,-1.00,-1.00,0.1100,1.6,1.89,4.34,26.28,2.79,16.96,3.04,-10.00
39,2,1030.82,501.79,1192.64,553.88,0.1083,1.5,1.88,4.44,8.99,1.87,38.72,3.03,-10.00
39,2,-1.00,-1.00,-1.00,-1.00,0.1035,1.7,1.94,4.53,9.33,2.31,-45.64,0.20,-10.00
