0,2,-1.00,-1.00,-1.00,-1.00,0.9140,1.6,1.86,4.48,11.38,1.43,2.49,1.59,-10.00
0,2,-1.00,-1.00,-1.00,-1.00,0.9065,1.7,1.91,4.73,7.86,1.39,-6.78,2.01,-10.00
0,2,-1.00,-1.00,-1.00,-1.00,0.8723,1.7,1.92,4.72,10.93,1.55,9.91,1.13,-10.00
0,2,-1.00,-1.00,-1.00,-1.00,0.7853,1.6,1.88,4.55,-2.38,1.92,-15.64,-0.96,-10.00
0,2,-1.00,-1.00,-1.00,-1.00,0.7644,1.6,1.76,4.09,0.73,1.59,-11.58,-0.91,-10.00
0,2,0.00,496.57,281.18,678.49,0.5372,1.5,1.81,4.32,-7.15,1.61,12.87,-2.30,-10.00
0,2,-1.00,-1.00,-1.00,-1.00,0.5346,1.7,1.92,4.51,13.25,1.14,-15.06,-3.01,-10.00
0,2,-1.00,-1.00,-1.00,-1.00,0.4236,1.6,1.87,4.35,20.78,0.76,-18.13,-2.57,-10.00
0,2,-1.00,-1.00,-1.00,-1.00,0.3904,1.6,1.86,4.43,-7.50,2.79,-29.06,-0.96,-10.00
0,2,153.47,489.64,290.98,544.74,0.3770,1.7,1.93,4.52,-19.12,1.65,40.72,0.59,-10.00
0,2,341.31,494.40,443.94,540.80,0.3446,1.6,1.85,4.40,-15.71,1.77,46.86,0.80,-10.00
0,2,-1.00,-1.00,-1.00,-1.00,0.1562,1.7,1.93,4.51,-3.57,2.70,-46.14,-1.37,-10.00
0,2,-1.00,-1.00,-1.00,-1.00,0.1561,1.6,1.87,4.35,13.43,1.86,11.03,1.17,-10.00
0,2,-1.00,-1.00,-1.00,-1.00,0.1281,1.7,1.96,4.54,-37.95,1.55,34.51,-2.57,-10.00
0,2,-1.00,-1.00,-1.00,-1.00,0.1249,1.5,1.90,4.40,15.04,2.10,9.68,1.24,-10.00
0,2,1367.85,521.82,1600.00,635.48,0.1190,1.7,1.94,4.53,11.54,2.17,20.55,-2.86,-10.00
0,2,-1.00,-1.00,-1.00,-1.00,0.1177,1.5,1.87,4.36,13.71,1.61,6.49,-0.19,-10.00
0,2,-1.00,-1.00,-1.00,-1.00,0.1175,1.7,1.88,4.37,-11.10,1.82,-16.67,-1.17,-10.00
0,2,-1.00,-1.00,-1.00,-1.00,0.1172,1.6,1.90,4.37,-11.86,1.40,-9.29,2.99,-10.00
0,2,49.45,498.33,151.30,569.30,0.1156,1.7,1.92,4.55,-18.57,1.90,32.76,0.98,-10.00
0,2,-1.00,-1.00,-1.00,-1.00,0.1154,1.5,1.86,4.31,-24.48,1.99,24.61,0.40,-10.00
0,2,-1.00,-1.00,-1.00,-1.00,0.1126,1.6,1.87,4.40,14.19,1.76,2.30,1.73,-10.00
0,2,-1.00,-1.00,-1.00,-1.00,0.1122,1.6,1.89,4.33,23.60,2.65,13.41,-3.10,-10.00
0,2,-1.00,-1.00,-1.00,-1.00,0.1102,1.7,1.94,4.55,-21.58,3.71,-44.25,-2.04,-10.00
0,2,-1.00,-1.00,-1.00,-1.00,0.1072,1.6,1.88,4.42,25.59,0.83,25.75,-2.40,-10.00
0,2,-1.00,-1.00,-1.00,-1.00,0.1032,1.6,1.88,4.37,-12.30,1.68,-10.93,2.74,-10.00
1,2,-1.00,-1.00,-1.00,-1.00,0.8770,1.6,1.85,4.45,10.15,1.38,-6.28,2.05,-10.00
1,2,176.78,485.39,404.29,649.28,0.8704,1.6,1.83,4.31,-6.25,1.59,14.75,-2.11,-10.00
1,2,-1.00,-1.00,-1.00,-1.00,0.8704,1.7,1.89,4.58,12.96,1.40,0.84,1.60,-10.00
1,2,-1.00,-1.00,-1.00,-1.00,0.8218,1.6,1.96,4.65,-6.19,2.20,-17.79,-0.67,-10.00
1,2,-1.00,-1.00,-1.00,-1.00,0.6844,1.5,1.74,4.06,-1.92,1.66,-14.51,-0.74,-10.00
1,2,535.97,480.08,659.75,541.95,0.6768,1.7,1.90,4.59,-6.45,1.42,36.99,1.00,-10.00
1,2,-1.00,-1.00,-1.00,-1.00,0.6594,1.7,1.87,4.42,9.40,1.23,-20.99,-2.68,-10.00
1,2,-1.00,-1.00,-1.00,-1.00,0.5889,1.5,1.87,4.42,3.65,1.43,-14.47,2.34,-10.00
1,2,870.09,477.68,1136.39,581.04,0.5422,1.6,1.87,4.50,3.07,1.41,21.69,0.93,-10.00
1,2,804.11,470.31,937.06,523.69,0.4738,1.7,1.90,4.56,1.75,1.05,42.16,0.91,-10.00
1,2,-1.00,-1.00,-1.00,-1.00,0.4708,1.7,1.88,4.47,15.28,1.19,-25.05,-2.33,-10.00
1,2,328.15,469.97,426.27,531.77,0.3489,1.7,1.90,4.49,-12.98,1.15,37.28,-2.09,-10.00
1,2,735.62,465.20,872.30,527.29,0.3132,1.8,1.94,4.56,-0.45,1.08,39.20,0.94,-10.00
1,2,-1.00,-1.00,-1.00,-1.00,0.2910,1.6,1.92,4.57,-17.95,2.79,-33.79,2.30,-10.00
1,2,-1.00,-1.00,-1.00,-1.00,0.1906,1.7,1.94,4.42,30.10,0.16,36.98,0.79,-10.00
1,2,-1.00,-1.00,-1.00,-1.00,0.1588,1.6,1.88,4.45,-10.35,2.33,-30.46,2.19,-10.00
1,2,-1.00,-1.00,-1.00,-1.00,0.1498,1.6,1.94,4.58,-3.95,2.15,-18.21,-2.23,-10.00
1,2,844.41,473.74,989.29,529.81,0.1359,1.7,1.94,4.50,3.10,1.17,39.81,0.88,-10.00
1,2,-1.00,-1.00,-1.00,-1.00,0.1317,1.7,1.93,4.58,24.56,0.74,-25.42,-2.44,-10.00
1,2,-1.00,-1.00,-1.00,-1.00,0.1217,1.7,1.99,4.49,-30.69,4.25,-41.23,1.10,-10.00
1,2,-1.00,-1.00,-1.00,-1.00,0.1132,1.7,1.87,4.46,12.38,0.11,-38.52,-2.14,-10.00
1,2,-1.00,-1.00,-1.00,-1.00,0.1120,1.6,1.87,4.34,-8.83,1.94,-30.59,1.98,-10.00
1,2,-1.00,-1.00,-1.00,-1.00,0.1071,1.6,1.88,4.37,6.98,1.46,-19.44,-2.68,-10.00
2,2,-1.00,-1.00,-1.00,-1.00,0.8757,1.7,1.87,4.51,11.60,1.38,-8.07,1.98,-10.00
2,2,-1.00,-1.00,-1.00,-1.00,0.8494,1.5,1.80,4.24,-5.18,1.75,-17.32,-0.54,-10.00
2,2,1455.28,455.54,1600.00,645.51,0.8388,1.6,1.85,4.50,9.12,1.33,13.02,1.22,-10.00
2,2,376.84,479.68,561.73,620.63,0.8350,1.6,1.82,4.28,-4.61,1.48,16.41,-1.95,-10.00
2,2,-1.00,-1.00,-1.00,-1.00,0.8244,1.6,1.88,4.49,-2.78,1.80,-19.96,2.63,-10.00
2,2,-1.00,-1.00,-1.00,-1.00,0.8176,1.6,1.93,4.56,-9.80,2.22,-19.72,-0.45,-10.00
2,2,-1.00,-1.00,-1.00,-1.00,0.8128,1.7,1.91,4.54,6.18,1.46,-13.78,2.42,-10.00
2,2,-1.00,-1.00,-1.00,-1.00,0.7975,1.7,1.91,4.66,9.43,1.30,-30.94,-2.21,-10.00
2,2,878.84,465.84,1048.37,552.18,0.6462,1.8,1.98,4.87,3.30,1.33,29.45,1.24,-10.00
2,2,-1.00,-1.00,-1.00,-1.00,0.5659,1.6,1.89,4.48,4.48,1.55,-25.83,-2.45,-10.00
2,2,547.02,477.82,632.74,530.67,0.5031,1.7,1.87,4.40,-7.62,1.28,42.30,-1.97,-10.00
2,2,1239.49,459.22,1478.09,549.92,0.4995,1.7,1.96,4.55,11.06,1.14,26.22,1.22,-10.00
2,2,-1.00,-1.00,-1.00,-1.00,0.3883,1.6,1.87,4.45,-22.27,3.10,-33.06,2.59,-10.00
2,2,1316.84,452.76,1525.60,530.79,0.2988,1.6,1.86,4.47,13.61,0.86,28.84,1.33,-10.00
2,2,-1.00,-1.00,-1.00,-1.00,0.2605,1.7,1.92,4.56,-29.67,3.53,-34.99,2.48,-10.00
2,2,-1.00,-1.00,-1.00,-1.00,0.2401,1.6,1.81,4.28,-26.89,3.82,-33.09,2.66,-10.00
2,2,-1.00,-1.00,-1.00,-1.00,0.2051,1.5,1.85,4.36,24.29,1.29,-25.67,0.91,-10.00
2,2,-1.00,-1.00,-1.00,-1.00,0.1665,1.7,1.88,4.42,29.82,1.31,-43.93,2.43,-10.00
2,2,-1.00,-1.00,-1.00,-1.00,0.1595,1.6,1.88,4.33,6.97,1.38,-32.10,1.01,-10.00
2,2,-1.00,-1.00,-1.00,-1.00,0.1392,1.7,1.91,4.37,24.06,2.15,-9.05,2.90,-10.00
2,2,-1.00,-1.00,-1.00,-1.00,0.1347,1.7,1.92,4.44,16.94,1.16,-32.10,1.50,-10.00
2,2,1403.34,461.62,1600.00,544.11,0.1243,1.6,1.92,4.33,14.77,1.05,26.58,1.21,-10.00
2,2,-1.00,-1.00,-1.00,-1.00,0.1155,1.7,1.93,4.51,5.54,-0.48,-43.36,2.85,-10.00
2,2,-1.00,-1.00,-1.00,-1.00,0.1114,1.6,1.86,4.36,24.50,1.82,-3.51,-2.49,-10.00
2,2,-1.00,-1.00,-1.00,-1.00,0.1045,1.6,1.88,4.37,31.90,-0.34,30.38,1.02,-10.00
2,2,-1.00,-1.00,-1.00,-1.00,0.1026,1.7,1.92,4.44,31.24,0.18,33.33,-0.65,-10.00
3,2,-1.00,-1.00,-1.00,-1.00,0.8991,1.6,1.86,4.44,0.17,1.63,-19.60,2.74,-10.00
3,2,572.69,468.01,721.55,601.14,0.8892,1.6,1.83,4.37,-2.47,1.40,17.98,-1.74,-10.00
3,2,-1.00,-1.00,-1.00,-1.00,0.8822,1.5,1.82,4.26,-8.49,2.00,-19.71,-0.37,-10.00
3,2,-1.00,-1.00,-1.00,-1.00,0.8713,1.6,1.82,4.39,11.98,1.36,3.26,1.40,-10.00
3,2,1280.73,461.81,1577.47,579.55,0.8063,1.6,1.86,4.49,9.34,1.26,19.80,1.38,-10.00
3,2,777.31,468.77,840.16,517.07,0.7334,1.6,1.87,4.45,-0.32,0.91,45.52,-1.66,-10.00
3,2,-1.00,-1.00,-1.00,-1.00,0.6777,1.6,1.95,4.60,-13.32,2.29,-21.18,-0.30,-10.00
3,2,904.90,465.87,992.75,515.39,0.6328,1.7,1.92,4.68,4.73,0.86,45.88,1.39,-10.00
3,2,-1.00,-1.00,-1.00,-1.00,0.6107,1.6,1.88,4.42,3.64,1.27,-35.66,-1.97,-10.00
3,2,-1.00,-1.00,-1.00,-1.00,0.4834,1.8,1.91,4.53,7.85,1.53,-15.94,2.34,-10.00
3,2,-1.00,-1.00,-1.00,-1.00,0.4790,1.8,2.01,4.88,16.72,1.32,11.55,1.43,-10.00
3,2,-1.00,-1.00,-1.00,-1.00,0.4249,1.7,1.91,4.51,-0.48,1.65,-29.78,-2.58,-10.00
3,2,-1.00,-1.00,-1.00,-1.00,0.2832,1.6,1.87,4.43,-9.74,1.96,-24.18,2.68,-10.00
3,2,-1.00,-1.00,-1.00,-1.00,0.2825,1.7,1.93,4.53,1.24,1.18,-36.33,1.26,-10.00
3,2,-1.00,-1.00,-1.00,-1.00,0.2326,1.7,1.93,4.61,20.66,1.07,10.38,1.36,-10.00
3,2,-1.00,-1.00,-1.00,-1.00,0.1629,1.7,1.93,4.54,-32.31,3.76,-33.34,2.62,-10.00
3,2,-1.00,-1.00,-1.00,-1.00,0.1467,1.5,1.83,4.34,-27.52,3.69,-33.42,1.32,-10.00
3,2,-1.00,-1.00,-1.00,-1.00,0.1457,1.6,1.87,4.37,11.39,1.42,-30.63,2.83,-10.00
3,2,-1.00,-1.00,-1.00,-1.00,0.1346,1.7,1.88,4.49,19.33,1.78,-33.46,1.11,-10.00
3,2,-1.00,-1.00,-1.00,-1.00,0.1232,1.7,1.91,4.45,18.45,1.24,-36.23,2.84,-10.00
3,2,-1.00,-1.00,-1.00,-1.00,0.1201,1.6,1.86,4.39,-9.17,1.97,-25.33,2.49,-10.00
3,2,-1.00,-1.00,-1.00,-1.00,0.1187,1.7,1.92,4.45,-29.66,3.64,-32.81,2.95,-10.00
3,2,1101.59,460.77,1218.01,510.76,0.1091,1.7,1.91,4.49,12.32,0.69,45.74,1.26,-10.00
3,2,-1.00,-1.00,-1.00,-1.00,0.1070,1.6,1.92,4.42,6.12,1.22,-35.22,-1.86,-10.00
4,2,-1.00,-1.00,-1.00,-1.00,0.8861,1.6,1.87,4.55,11.76,1.43,10.29,1.52,-10.00
4,2,-1.00,-1.00,-1.00,-1.00,0.8701,1.8,1.96,4.64,3.06,1.56,-22.04,2.60,-10.00
4,2,-1.00,-1.00,-1.00,-1.00,0.8545,1.6,1.85,4.48,12.40,1.59,-5.88,1.54,-10.00
4,2,-1.00,-1.00,-1.00,-1.00,0.8513,1.6,1.90,4.51,-5.91,1.63,-24.37,2.94,-10.00
4,2,-1.00,-1.00,-1.00,-1.00,0.8473,1.7,1.89,4.60,18.25,1.48,-2.48,1.52,-10.00
4,2,-1.00,-1.00,-1.00,-1.00,0.8467,1.6,1.84,4.36,-1.07,1.12,-39.48,-1.83,-10.00
4,2,-1.00,-1.00,-1.00,-1.00,0.8151,1.5,1.79,4.13,-10.59,1.78,-22.52,-0.22,-10.00
4,2,713.26,475.33,853.07,595.28,0.8066,1.6,1.84,4.46,-0.55,1.41,19.02,-1.62,-10.00
4,2,912.02,474.15,971.50,522.02,0.6994,1.7,1.87,4.43,4.71,1.14,48.06,-1.56,-10.00
4,2,1111.07,471.05,1229.85,534.20,0.5524,1.7,1.89,4.60,10.29,1.21,37.14,1.49,-10.00
4,2,1441.41,466.31,1600.00,536.35,0.3742,1.6,1.85,4.47,17.63,1.08,31.69,1.59,-10.00
4,2,-1.00,-1.00,-1.00,-1.00,0.3542,1.6,1.92,4.54,-15.75,2.01,-23.74,-0.43,-10.00
4,2,-1.00,-1.00,-1.00,-1.00,0.2387,1.6,1.86,4.47,-4.00,1.53,-33.62,0.89,-10.00
4,2,-1.00,-1.00,-1.00,-1.00,0.2022,1.6,1.90,4.50,-17.53,2.29,-28.13,2.71,-10.00
4,2,-1.00,-1.00,-1.00,-1.00,0.1984,1.7,1.95,4.49,6.45,1.48,-39.33,-1.53,-10.00
4,2,-1.00,-1.00,-1.00,-1.00,0.1979,1.6,1.87,4.40,-15.64,2.12,-28.87,1.65,-10.00
4,2,-1.00,-1.00,-1.00,-1.00,0.1857,1.6,1.88,4.38,13.68,1.55,-42.31,-3.10,-10.00
4,2,-1.00,-1.00,-1.00,-1.00,0.1806,1.8,1.97,4.60,22.20,1.69,-5.96,1.54,-10.00
4,2,1030.35,480.18,1109.46,522.18,0.1705,1.6,1.89,4.42,10.02,1.20,50.35,1.48,-10.00
4,2,-1.00,-1.00,-1.00,-1.00,0.1496,1.6,1.84,4.37,14.87,1.83,-39.59,1.42,-10.00
4,2,-1.00,-1.00,-1.00,-1.00,0.1495,1.7,1.93,4.48,44.48,0.32,-32.03,-0.90,-10.00
4,2,-1.00,-1.00,-1.00,-1.00,0.1465,1.7,1.90,4.39,43.85,1.20,-10.79,-3.11,-10.00
4,2,-1.00,-1.00,-1.00,-1.00,0.1336,1.6,1.92,4.45,6.82,1.63,-36.37,-1.48,-10.00
4,2,-1.00,-1.00,-1.00,-1.00,0.1296,1.6,1.93,4.53,-14.39,1.98,-26.53,2.60,-10.00
4,2,-1.00,-1.00,-1.00,-1.00,0.1219,1.6,1.91,4.40,5.27,1.49,-38.43,-1.63,-10.00
4,2,1501.08,475.24,1600.00,553.19,0.1200,1.6,1.91,4.47,17.58,1.31,28.51,1.57,-10.00
5,2,-1.00,-1.00,-1.00,-1.00,0.8871,1.6,1.87,4.56,12.19,1.54,1.11,1.53,-10.00
5,2,-1.00,-1.00,-1.00,-1.00,0.8858,1.7,1.91,4.56,-0.98,1.43,-27.53,2.82,-10.00
5,2,-1.00,-1.00,-1.00,-1.00,0.8594,1.6,1.86,4.35,-11.91,1.67,-26.51,-0.19,-10.00
5,2,-1.00,-1.00,-1.00,-1.00,0.8501,1.7,1.92,4.67,18.16,1.43,-16.36,1.55,-10.00
5,2,745.65,490.95,888.40,602.46,0.8446,1.5,1.81,4.32,-0.10,1.57,19.66,-1.66,-10.00
5,2,-1.00,-1.00,-1.00,-1.00,0.7958,1.6,1.82,4.44,11.82,1.44,-13.72,1.61,-10.00
5,2,1254.46,471.80,1423.71,551.71,0.7894,1.6,1.87,4.60,11.60,1.28,28.46,1.56,-10.00
5,2,-1.00,-1.00,-1.00,-1.00,0.7886,1.6,1.84,4.53,-2.64,1.19,-43.81,-1.75,-10.00
5,2,1134.62,475.46,1230.48,526.37,0.7568,1.6,1.85,4.47,12.10,1.13,42.14,1.56,-10.00
5,2,-1.00,-1.00,-1.00,-1.00,0.7438,1.7,1.95,4.64,18.72,1.54,17.37,1.55,-10.00
5,2,-1.00,-1.00,-1.00,-1.00,0.6775,1.7,1.91,4.57,-10.58,1.79,-29.05,3.01,-10.00
5,2,944.46,482.34,1007.35,525.58,0.3942,1.6,1.87,4.47,6.34,1.34,50.70,-1.59,-10.00
5,2,-1.00,-1.00,-1.00,-1.00,0.2581,1.7,1.95,4.51,-14.37,-0.48,11.92,-3.11,-10.00
5,2,-1.00,-1.00,-1.00,-1.00,0.2497,1.7,1.91,4.48,14.47,1.50,-43.00,-0.05,-10.00
5,2,-1.00,-1.00,-1.00,-1.00,0.2272,1.7,1.91,4.50,-6.39,1.26,-37.88,-1.42,-10.00
5,2,-1.00,-1.00,-1.00,-1.00,0.1863,1.6,1.96,4.61,-16.78,2.03,-27.27,-0.12,-10.00
5,2,1182.76,475.95,1263.98,518.79,0.1797,1.6,1.86,4.41,16.34,1.09,51.06,1.57,-10.00
5,2,-1.00,-1.00,-1.00,-1.00,0.1478,1.8,1.95,4.56,11.34,1.03,-47.01,-3.09,-10.00
5,2,-1.00,-1.00,-1.00,-1.00,0.1089,1.7,1.90,4.53,4.79,1.04,-43.88,-1.70,-10.00
6,2,-1.00,-1.00,-1.00,-1.00,0.9092,1.6,1.85,4.52,12.12,1.53,-7.84,1.57,-10.00
6,2,766.63,478.64,892.94,590.71,0.9006,1.6,1.81,4.29,0.18,1.46,20.38,-1.58,-10.00
6,2,-1.00,-1.00,-1.00,-1.00,0.8545,1.6,1.92,4.71,18.79,1.53,3.59,1.61,-10.00
6,2,-1.00,-1.00,-1.00,-1.00,0.8494,1.7,1.92,4.59,-4.91,1.58,-33.06,2.92,-10.00
6,2,1439.99,473.12,1600.00,601.44,0.6679,1.7,1.91,4.69,11.88,1.54,19.63,1.51,-10.00
6,2,-1.00,-1.00,-1.00,-1.00,0.6621,1.6,1.85,4.47,10.66,1.41,-22.63,1.80,-10.00
6,2,-1.00,-1.00,-1.00,-1.00,0.6582,1.6,1.85,4.34,-12.26,1.57,-30.97,-0.12,-10.00
6,2,1224.94,478.81,1358.19,545.32,0.6417,1.6,1.88,4.62,12.56,1.37,33.79,1.59,-10.00
6,2,-1.00,-1.00,-1.00,-1.00,0.5701,1.9,1.95,4.79,18.03,1.69,-29.78,1.57,-10.00
6,2,1321.83,465.64,1453.81,525.29,0.5459,1.6,1.93,4.51,16.66,0.97,37.19,1.60,-10.00
6,2,1129.74,478.60,1187.33,524.91,0.4505,1.6,1.89,4.56,12.75,1.23,47.37,1.79,-10.00
6,2,-1.00,-1.00,-1.00,-1.00,0.4140,1.7,1.83,4.33,-3.11,1.21,-48.45,-1.71,-10.00
6,2,-1.00,-1.00,-1.00,-1.00,0.2067,1.6,1.89,4.38,-11.80,1.57,-33.41,-0.09,-10.00
6,2,-1.00,-1.00,-1.00,-1.00,0.1686,1.6,1.84,4.52,12.45,1.79,-49.35,1.55,-10.00
6,2,-1.00,-1.00,-1.00,-1.00,0.1647,1.7,1.94,4.51,-14.46,-0.47,7.15,-3.09,-10.00
6,2,-1.00,-1.00,-1.00,-1.00,0.1430,1.7,1.94,4.56,14.13,1.60,-47.83,0.01,-10.00
6,2,-1.00,-1.00,-1.00,-1.00,0.1252,1.7,2.01,4.49,9.71,1.37,-52.06,-1.54,-10.00
6,2,954.99,469.10,1017.72,512.20,0.1153,1.6,1.91,4.56,6.78,0.82,50.89,-1.57,-10.00
6,2,-1.00,-1.00,-1.00,-1.00,0.1050,1.6,1.99,4.38,-3.12,1.60,-26.70,-1.54,-10.00
7,2,-1.00,-1.00,-1.00,-1.00,0.9181,1.7,1.89,4.64,11.97,1.68,-16.90,1.57,-10.00
7,2,773.36,476.48,896.84,584.08,0.9089,1.6,1.82,4.34,0.28,1.40,20.93,-1.57,-10.00
7,2,-1.00,-1.00,-1.00,-1.00,0.8456,1.6,1.91,4.62,12.06,1.49,10.14,1.59,-10.00
7,2,-1.00,-1.00,-1.00,-1.00,0.8418,1.6,1.91,4.69,18.45,1.93,-10.52,1.60,-10.00
7,2,1369.12,479.86,1581.06,569.12,0.8261,1.6,1.85,4.55,12.64,1.41,24.67,1.60,-10.00
7,2,1572.76,466.06,1600.00,566.22,0.7836,1.7,1.93,4.62,16.37,1.29,23.56,1.60,-10.00
7,2,-1.00,-1.00,-1.00,-1.00,0.7719,1.8,1.98,4.72,-9.22,1.75,-38.84,2.94,-10.00
7,2,-1.00,-1.00,-1.00,-1.00,0.6469,1.7,1.89,4.51,17.88,1.52,-43.12,1.53,-10.00
7,2,1175.93,473.30,1276.81,531.30,0.5299,1.6,1.86,4.51,12.37,1.17,38.49,1.63,-10.00
7,2,-1.00,-1.00,-1.00,-1.00,0.3144,1.6,1.91,4.55,21.58,2.16,-49.07,1.59,-10.00
7,2,-1.00,-1.00,-1.00,-1.00,0.2816,1.7,1.91,4.50,37.75,1.81,-4.25,0.05,-10.00
7,2,-1.00,-1.00,-1.00,-1.00,0.2668,1.6,1.92,4.42,19.01,1.53,0.03,-1.53,-10.00
7,2,-1.00,-1.00,-1.00,-1.00,0.1442,2.1,2.14,5.24,-13.09,2.05,-36.11,-0.12,-10.00
7,2,791.89,463.66,865.50,526.38,0.1096,1.6,1.88,4.42,0.39,0.93,34.68,-1.54,-10.00
7,2,-1.00,-1.00,-1.00,-1.00,0.1076,1.7,1.97,4.56,3.26,1.27,-52.48,-1.49,-10.00
8,2,780.85,480.25,899.74,585.96,0.9134,1.6,1.81,4.30,0.42,1.47,21.49,-1.55,-10.00
8,2,-1.00,-1.00,-1.00,-1.00,0.8910,1.7,1.87,4.54,11.68,1.57,-25.72,1.60,-10.00
8,2,-1.00,-1.00,-1.00,-1.00,0.8757,1.6,1.87,4.59,12.55,1.47,15.59,1.60,-10.00
8,2,-1.00,-1.00,-1.00,-1.00,0.8564,1.7,1.89,4.66,11.89,1.58,0.51,1.61,-10.00
8,2,-1.00,-1.00,-1.00,-1.00,0.8495,1.7,1.94,4.76,16.11,1.41,8.53,1.60,-10.00
8,2,1270.92,476.35,1424.67,553.71,0.6834,1.6,1.88,4.55,12.17,1.36,29.33,1.63,-10.00
8,2,-1.00,-1.00,-1.00,-1.00,0.6334,1.6,1.88,4.42,-12.92,1.59,-41.19,3.03,-10.00
8,2,-1.00,-1.00,-1.00,-1.00,0.4282,1.7,1.95,4.65,18.20,1.72,-23.89,1.60,-10.00
8,2,-1.00,-1.00,-1.00,-1.00,0.4145,1.7,1.91,4.61,7.83,1.73,-37.80,2.19,-10.00
8,2,1446.34,478.49,1582.87,535.86,0.4138,1.7,1.95,4.55,22.31,1.38,40.68,1.59,-10.00
8,2,-1.00,-1.00,-1.00,-1.00,0.3705,1.7,2.01,4.75,-13.36,1.69,-44.46,3.11,-10.00
8,2,1156.18,474.47,1238.75,520.47,0.3388,1.6,1.88,4.50,13.89,1.05,46.40,1.62,-10.00
8,2,0.00,457.06,278.54,592.51,0.2391,1.7,1.85,4.33,-9.88,1.31,17.22,3.11,-10.00
8,2,-1.00,-1.00,-1.00,-1.00,0.1359,1.8,1.93,4.51,38.99,2.05,-1.49,-0.05,-10.00
8,2,497.27,484.01,594.84,543.66,0.1334,1.6,1.96,4.62,-7.92,1.49,37.53,-1.59,-10.00
8,2,-1.00,-1.00,-1.00,-1.00,0.1238,1.7,1.94,4.67,17.64,1.77,-51.63,1.60,-10.00
8,2,731.17,479.24,822.64,558.59,0.1192,1.6,1.89,4.38,-0.87,1.43,28.50,1.55,-10.00
8,2,-1.00,-1.00,-1.00,-1.00,0.1090,1.7,1.98,4.58,-14.61,-1.05,1.51,3.13,-10.00
8,2,787.54,480.32,878.09,555.51,0.1038,1.6,1.87,4.47,0.31,1.43,29.82,-1.61,-10.00
8,2,-1.00,-1.00,-1.00,-1.00,0.1001,1.9,2.01,4.60,39.50,0.65,-7.08,-0.01,-10.00
9,2,781.55,478.60,900.18,580.85,0.8951,1.6,1.82,4.38,0.38,1.42,21.77,-1.57,-10.00
9,2,-1.00,-1.00,-1.00,-1.00,0.8905,1.7,1.89,4.62,12.41,1.35,7.34,1.57,-10.00
9,2,-1.00,-1.00,-1.00,-1.00,0.8733,1.6,1.88,4.60,11.76,1.60,-8.37,1.58,-10.00
9,2,-1.00,-1.00,-1.00,-1.00,0.8086,1.7,1.89,4.63,11.34,1.68,-33.99,1.67,-10.00
9,2,-1.00,-1.00,-1.00,-1.00,0.7864,1.8,1.97,4.84,15.78,1.58,-5.04,1.59,-10.00
9,2,1438.89,459.63,1600.00,581.04,0.7804,1.7,1.88,4.60,11.81,1.27,19.79,1.57,-10.00
9,2,-1.00,-1.00,-1.00,-1.00,0.7376,1.7,1.93,4.71,22.18,1.02,30.69,1.59,-10.00
9,2,1216.79,465.98,1327.53,525.77,0.6763,1.7,1.92,4.43,13.59,1.00,38.03,1.62,-10.00
9,2,-1.00,-1.00,-1.00,-1.00,0.5215,1.6,1.88,4.51,18.03,1.71,-37.66,1.56,-10.00
9,2,1280.24,473.07,1379.78,523.15,0.4275,1.7,1.91,4.62,18.92,1.15,46.87,1.60,-10.00
9,2,-1.00,-1.00,-1.00,-1.00,0.2138,1.6,1.92,4.48,-12.89,1.82,-46.21,-0.12,-10.00
9,2,-1.00,-1.00,-1.00,-1.00,0.2114,1.7,1.93,4.49,32.30,1.08,4.57,0.10,-10.00
9,2,-1.00,-1.00,-1.00,-1.00,0.1893,1.6,1.89,4.50,15.88,1.47,6.49,-1.61,-10.00
9,2,0.00,470.34,96.77,648.98,0.1441,1.6,1.81,4.24,-9.63,1.43,12.28,3.09,-10.00
9,2,-1.00,-1.00,-1.00,-1.00,0.1061,1.5,1.86,4.31,20.97,1.66,18.17,-3.11,-10.00
9,2,-1.00,-1.00,-1.00,-1.00,0.1031,1.7,1.98,4.75,18.12,1.89,-34.49,1.56,-10.00
10,2,780.35,475.33,896.16,576.40,0.9027,1.6,1.81,4.32,0.39,1.36,22.04,-1.55,-10.00
10,2,-1.00,-1.00,-1.00,-1.00,0.8882,1.6,1.83,4.46,11.67,1.37,8.50,1.58,-10.00
10,2,-1.00,-1.00,-1.00,-1.00,0.8808,1.6,1.84,4.47,11.59,1.64,-19.60,1.59,-10.00
10,2,-1.00,-1.00,-1.00,-1.00,0.8647,1.6,1.89,4.61,12.32,1.46,-3.14,1.57,-10.00
10,2,1450.91,466.57,1600.00,536.93,0.7756,1.7,1.90,4.63,18.70,1.14,33.18,1.59,-10.00
10,2,-1.00,-1.00,-1.00,-1.00,0.7562,1.7,1.87,4.56,10.67,1.50,-42.88,1.80,-10.00
10,2,1333.11,473.78,1515.97,554.64,0.7529,1.6,1.90,4.53,13.05,1.29,27.52,1.60,-10.00
10,2,1159.35,471.27,1245.88,518.33,0.6954,1.6,1.87,4.51,13.90,0.96,45.82,1.60,-10.00
10,2,-1.00,-1.00,-1.00,-1.00,0.5951,1.8,1.97,4.66,15.63,1.50,-21.17,1.56,-10.00
10,2,-1.00,-1.00,-1.00,-1.00,0.3536,1.6,1.87,4.36,21.93,1.32,19.14,1.54,-10.00
10,2,-1.00,-1.00,-1.00,-1.00,0.2649,1.6,1.85,4.44,8.36,1.60,-42.11,1.69,-10.00
10,2,-1.00,-1.00,-1.00,-1.00,0.1857,1.6,1.94,4.58,18.01,2.04,-52.00,1.60,-10.00
10,2,-1.00,-1.00,-1.00,-1.00,0.1163,1.6,1.90,4.49,21.88,1.44,22.29,1.55,-10.00
10,2,-1.00,-1.00,-1.00,-1.00,0.1055,1.8,1.97,4.45,26.55,2.07,-8.07,1.59,-10.00
11,2,-1.00,-1.00,-1.00,-1.00,0.9314,1.7,1.89,4.62,12.29,1.75,-12.91,1.56,-10.00
11,2,781.07,469.24,896.65,568.70,0.8941,1.6,1.83,4.38,0.34,1.26,22.31,-1.58,-10.00
11,2,-1.00,-1.00,-1.00,-1.00,0.8825,1.7,1.89,4.58,18.53,1.66,19.74,1.61,-10.00
11,2,-1.00,-1.00,-1.00,-1.00,0.8776,1.8,1.96,4.85,11.56,1.65,-1.61,1.59,-10.00
11,2,1569.74,490.88,1600.00,617.86,0.8689,1.5,1.84,4.51,12.66,1.57,17.66,1.63,-10.00
11,2,-1.00,-1.00,-1.00,-1.00,0.8441,1.5,1.81,4.36,11.55,1.82,-29.62,1.55,-10.00
11,2,-1.00,-1.00,-1.00,-1.00,0.8138,1.9,2.03,5.15,21.79,1.73,6.63,1.60,-10.00
11,2,1227.43,472.54,1346.17,532.44,0.7150,1.6,1.87,4.60,13.55,1.15,36.75,1.60,-10.00
11,2,-1.00,-1.00,-1.00,-1.00,0.6459,1.6,1.86,4.44,9.69,1.71,-51.68,1.91,-10.00
11,2,1330.18,474.85,1449.72,527.74,0.5141,1.6,1.91,4.62,18.69,1.16,41.51,1.59,-10.00
11,2,1159.34,475.99,1219.57,518.73,0.3381,1.6,1.86,4.28,14.77,1.07,50.29,1.75,-10.00
11,2,-1.00,-1.00,-1.00,-1.00,0.2506,1.6,1.93,4.58,15.69,1.90,-34.31,1.55,-10.00
11,2,1504.17,477.37,1600.00,535.77,0.2153,1.6,1.86,4.44,22.69,1.28,37.86,1.58,-10.00
11,2,-1.00,-1.00,-1.00,-1.00,0.2028,1.7,1.87,4.59,8.15,1.76,-47.89,1.74,-10.00
12,2,-1.00,-1.00,-1.00,-1.00,0.9256,1.7,1.89,4.63,11.28,1.77,-11.89,1.58,-10.00
12,2,779.09,469.63,894.43,573.23,0.9241,1.6,1.83,4.36,0.35,1.34,22.38,-1.56,-10.00
12,2,-1.00,-1.00,-1.00,-1.00,0.9158,1.5,1.84,4.43,12.40,1.68,7.64,1.62,-10.00
12,2,-1.00,-1.00,-1.00,-1.00,0.8943,1.6,1.97,4.65,18.34,2.22,6.32,1.59,-10.00
12,2,-1.00,-1.00,-1.00,-1.00,0.8877,1.7,1.87,4.55,12.13,1.91,-23.03,1.58,-10.00
12,2,1356.08,475.73,1537.77,559.54,0.8248,1.6,1.87,4.52,13.35,1.37,27.14,1.63,-10.00
12,2,1207.11,484.48,1305.85,535.53,0.7975,1.5,1.79,4.32,14.12,1.38,40.87,1.60,-10.00
12,2,-1.00,-1.00,-1.00,-1.00,0.6816,1.8,1.93,4.73,21.59,2.19,-5.00,1.58,-10.00
12,2,-1.00,-1.00,-1.00,-1.00,0.5734,1.5,1.85,4.49,11.64,1.83,-40.45,1.55,-10.00
12,2,-1.00,-1.00,-1.00,-1.00,0.5664,1.7,1.89,4.50,22.38,1.77,25.58,1.55,-10.00
12,2,1552.01,480.57,1600.00,562.90,0.4277,1.7,1.90,4.61,18.62,1.49,28.16,1.59,-10.00
12,2,-1.00,-1.00,-1.00,-1.00,0.1669,1.8,2.02,4.63,32.00,2.77,-13.14,0.02,-10.00
12,2,-1.00,-1.00,-1.00,-1.00,0.1303,1.7,2.01,4.68,49.89,1.17,25.73,-0.02,-10.00
13,2,-1.00,-1.00,-1.00,-1.00,0.9181,1.6,1.85,4.54,12.12,1.77,-2.49,1.59,-10.00
13,2,779.94,474.28,895.65,575.38,0.9107,1.6,1.83,4.39,0.37,1.37,22.33,-1.56,-10.00
13,2,-1.00,-1.00,-1.00,-1.00,0.8888,1.6,1.90,4.53,18.37,1.90,14.82,1.57,-10.00
13,2,-1.00,-1.00,-1.00,-1.00,0.8771,1.6,1.85,4.51,11.15,1.71,-22.27,1.59,-10.00
13,2,-1.00,-1.00,-1.00,-1.00,0.8747,1.6,1.86,4.48,13.03,1.65,17.40,1.61,-10.00
13,2,-1.00,-1.00,-1.00,-1.00,0.8635,1.6,1.89,4.48,22.23,2.04,14.87,1.59,-10.00
13,2,-1.00,-1.00,-1.00,-1.00,0.8422,1.7,1.84,4.45,12.08,1.72,-33.60,1.55,-10.00
13,2,-1.00,-1.00,-1.00,-1.00,0.8420,1.6,1.94,4.61,18.24,2.10,-7.35,1.59,-10.00
13,2,1322.11,482.90,1460.84,556.31,0.8238,1.6,1.88,4.47,13.81,1.49,30.69,1.71,-10.00
13,2,-1.00,-1.00,-1.00,-1.00,0.7994,1.9,1.93,4.74,21.44,2.06,-16.88,1.58,-10.00
13,2,-1.00,-1.00,-1.00,-1.00,0.6416,1.5,1.81,4.28,10.86,1.58,-50.02,1.69,-10.00
13,2,-1.00,-1.00,-1.00,-1.00,0.1195,1.7,1.90,4.36,22.35,1.88,28.76,1.56,-10.00
13,2,594.44,456.76,655.12,500.83,0.1061,1.6,1.87,4.51,-7.65,0.34,50.99,1.54,-10.00
14,2,-1.00,-1.00,-1.00,-1.00,0.9203,1.6,1.82,4.41,11.79,1.91,-12.68,1.59,-10.00
14,2,777.09,463.47,892.15,565.76,0.9156,1.6,1.82,4.34,0.33,1.22,22.36,-1.55,-10.00
14,2,-1.00,-1.00,-1.00,-1.00,0.9110,1.6,1.83,4.47,12.75,1.61,7.29,1.64,-10.00
14,2,-1.00,-1.00,-1.00,-1.00,0.8726,1.6,1.90,4.65,18.33,1.92,1.58,1.59,-10.00
14,2,-1.00,-1.00,-1.00,-1.00,0.8518,1.7,1.89,4.67,11.01,1.96,-32.39,1.58,-10.00
14,2,-1.00,-1.00,-1.00,-1.00,0.8315,1.8,1.90,4.60,21.25,2.16,-29.01,1.57,-10.00
14,2,1511.08,467.58,1600.00,588.26,0.7644,1.7,1.84,4.47,13.29,1.43,20.57,1.65,-10.00
14,2,-1.00,-1.00,-1.00,-1.00,0.7271,1.6,1.90,4.60,18.05,2.25,-21.82,1.59,-10.00
14,2,-1.00,-1.00,-1.00,-1.00,0.7267,1.7,1.93,4.76,11.90,2.07,-44.34,1.61,-10.00
14,2,-1.00,-1.00,-1.00,-1.00,0.5936,1.7,1.88,4.46,22.20,1.99,4.38,1.61,-10.00
14,2,1356.15,461.63,1495.29,528.03,0.3114,1.8,2.01,4.67,18.01,1.06,37.70,1.60,-10.00
14,2,1149.72,471.96,1237.40,515.68,0.1925,1.6,1.86,4.36,14.86,0.95,50.11,1.49,-10.00
14,2,-1.00,-1.00,-1.00,-1.00,0.1044,1.7,1.92,4.46,-27.98,-0.53,-45.71,-3.09,-10.00
15,2,-1.00,-1.00,-1.00,-1.00,0.9299,1.5,1.81,4.35,12.82,1.66,10.31,1.68,-10.00
15,2,-1.00,-1.00,-1.00,-1.00,0.9272,1.5,1.83,4.41,18.17,2.10,-12.13,1.60,-10.00
15,2,-1.00,-1.00,-1.00,-1.00,0.9165,1.6,1.92,4.53,12.40,1.80,-2.70,1.66,-10.00
15,2,-1.00,-1.00,-1.00,-1.00,0.9074,1.5,1.85,4.44,11.54,1.92,-22.58,1.61,-10.00
15,2,778.34,470.88,891.83,569.41,0.8904,1.6,1.82,4.33,0.32,1.29,22.57,-1.56,-10.00
15,2,-1.00,-1.00,-1.00,-1.00,0.8449,1.5,1.85,4.51,21.93,2.12,-8.90,1.60,-10.00
15,2,-1.00,-1.00,-1.00,-1.00,0.8198,1.6,1.91,4.52,22.38,2.09,5.36,1.57,-10.00
15,2,-1.00,-1.00,-1.00,-1.00,0.7538,1.8,1.92,4.57,10.88,1.59,-42.70,1.63,-10.00
15,2,0.00,381.82,265.48,470.03,0.3513,1.6,1.94,4.49,-13.58,-0.47,25.09,-3.08,-10.00
15,2,0.00,352.91,296.35,462.24,0.2871,1.8,2.04,4.80,-12.35,-0.59,23.17,3.13,-10.00
15,2,-1.00,-1.00,-1.00,-1.00,0.2432,1.6,1.92,4.42,18.27,1.78,20.89,1.53,-10.00
15,2,95.34,363.07,346.86,448.87,0.2310,1.7,1.95,4.57,-12.87,-0.98,27.57,-3.06,-10.00
15,2,-1.00,-1.00,-1.00,-1.00,0.1526,1.7,1.95,4.62,20.95,2.03,-40.23,1.60,-10.00
15,2,-1.00,-1.00,-1.00,-1.00,0.1402,1.7,1.86,4.27,44.77,2.19,1.02,1.83,-10.00
15,2,1192.10,481.11,1292.62,528.63,0.1166,1.5,1.82,4.44,14.48,1.24,43.29,-1.60,-10.00
15,2,1228.36,476.62,1334.85,528.80,0.1037,1.6,1.90,4.33,14.72,1.16,40.32,1.60,-10.00
15,2,-1.00,-1.00,-1.00,-1.00,0.1005,1.6,1.92,4.49,11.52,1.85,-52.68,1.59,-10.00
16,2,-1.00,-1.00,-1.00,-1.00,0.9432,1.6,1.81,4.37,12.13,1.65,-13.24,1.60,-10.00
16,2,776.65,475.75,889.41,573.54,0.9207,1.6,1.81,4.31,0.35,1.36,22.59,-1.53,-10.00
16,2,-1.00,-1.00,-1.00,-1.00,0.9190,1.6,1.88,4.61,12.45,1.67,0.05,1.67,-10.00
16,2,-1.00,-1.00,-1.00,-1.00,0.9048,1.6,1.87,4.56,17.99,1.76,8.66,1.59,-10.00
16,2,-1.00,-1.00,-1.00,-1.00,0.8706,1.6,1.86,4.48,22.14,1.93,-6.39,1.60,-10.00
16,2,-1.00,-1.00,-1.00,-1.00,0.8705,1.6,1.83,4.38,11.38,1.52,-33.06,1.60,-10.00
16,2,-1.00,-1.00,-1.00,-1.00,0.7259,1.5,1.91,4.62,18.07,1.75,-25.65,1.60,-10.00
16,2,1328.60,481.84,1497.18,554.83,0.4990,1.6,1.95,4.81,14.56,1.48,31.25,1.59,-10.00
16,2,-1.00,-1.00,-1.00,-1.00,0.3802,1.6,1.90,4.47,20.84,2.05,-52.30,1.61,-10.00
16,2,-1.00,-1.00,-1.00,-1.00,0.3279,1.7,1.94,4.63,21.77,1.85,-19.82,1.58,-10.00
16,2,-1.00,-1.00,-1.00,-1.00,0.2120,1.7,1.93,4.49,21.71,1.97,-15.53,-1.57,-10.00
16,2,-1.00,-1.00,-1.00,-1.00,0.1851,1.6,1.87,4.58,10.41,1.96,-52.18,1.69,-10.00
16,2,-1.00,-1.00,-1.00,-1.00,0.1015,1.8,1.96,4.53,-9.15,0.93,-32.41,1.56,-10.00
17,2,-1.00,-1.00,-1.00,-1.00,0.9206,1.7,1.85,4.47,12.08,1.89,-10.90,1.62,-10.00
17,2,-1.00,-1.00,-1.00,-1.00,0.9051,1.6,1.80,4.32,11.81,1.91,-23.82,1.61,-10.00
17,2,772.41,472.96,884.90,574.53,0.8837,1.7,1.83,4.36,0.23,1.39,22.92,-1.56,-10.00
17,2,-1.00,-1.00,-1.00,-1.00,0.7964,1.6,1.85,4.46,11.19,1.66,-43.48,1.56,-10.00
17,2,-1.00,-1.00,-1.00,-1.00,0.7917,1.7,1.92,4.66,21.47,2.21,-33.29,1.59,-10.00
17,2,1585.00,501.72,1600.00,607.71,0.7613,1.5,1.80,4.34,14.53,1.72,20.57,1.68,-10.00
17,2,1275.46,481.06,1409.66,548.00,0.7582,1.7,1.88,4.50,14.34,1.49,34.80,1.59,-10.00
17,2,-1.00,-1.00,-1.00,-1.00,0.6481,1.6,1.87,4.48,17.82,2.12,-5.77,1.60,-10.00
17,2,-1.00,-1.00,-1.00,-1.00,0.5938,1.7,1.94,4.73,22.06,2.18,-16.23,1.63,-10.00
17,2,-1.00,-1.00,-1.00,-1.00,0.2304,1.7,1.92,4.56,17.72,2.13,-39.28,1.61,-10.00
17,2,-1.00,-1.00,-1.00,-1.00,0.1667,1.6,1.93,4.51,-16.81,1.18,-12.16,-0.05,-10.00
17,2,-1.00,-1.00,-1.00,-1.00,0.1483,1.6,1.87,4.50,17.63,1.92,-42.62,1.59,-10.00
17,2,1425.38,490.92,1600.00,575.31,0.1182,1.6,1.89,4.41,14.64,1.62,26.23,1.56,-10.00
18,2,-1.00,-1.00,-1.00,-1.00,0.9203,1.7,1.86,4.52,11.68,1.81,-21.63,1.60,-10.00
18,2,766.62,469.62,878.18,569.06,0.9058,1.6,1.83,4.38,0.09,1.32,23.12,-1.58,-10.00
18,2,-1.00,-1.00,-1.00,-1.00,0.8827,1.6,1.88,4.51,14.19,1.80,10.30,1.59,-10.00
18,2,-1.00,-1.00,-1.00,-1.00,0.8759,1.7,1.89,4.60,17.86,2.09,-19.04,1.59,-10.00
18,2,1448.72,490.93,1600.00,585.66,0.8647,1.6,1.91,4.57,14.27,1.67,24.26,1.54,-10.00
18,2,-1.00,-1.00,-1.00,-1.00,0.7879,1.6,1.84,4.46,11.65,1.85,-34.24,1.60,-10.00
18,2,1146.91,482.86,1222.91,529.21,0.5484,1.6,1.85,4.39,13.12,1.32,45.32,1.67,-10.00
18,2,-1.00,-1.00,-1.00,-1.00,0.4105,1.6,1.87,4.52,21.22,2.12,-45.61,1.62,-10.00
18,2,-1.00,-1.00,-1.00,-1.00,0.3113,1.6,1.80,4.40,-7.46,1.53,-23.51,1.63,-10.00
18,2,-1.00,-1.00,-1.00,-1.00,0.2781,1.6,1.95,4.38,21.74,2.31,-25.81,-1.56,-10.00
18,2,-1.00,-1.00,-1.00,-1.00,0.2351,1.6,1.90,4.44,10.82,1.78,-52.54,1.69,-10.00
19,2,763.05,461.59,873.00,558.58,0.8941,1.6,1.82,4.34,0.03,1.15,23.30,-1.57,-10.00
19,2,-1.00,-1.00,-1.00,-1.00,0.8915,1.6,1.89,4.58,14.26,1.56,13.21,1.54,-10.00
19,2,-1.00,-1.00,-1.00,-1.00,0.8414,1.5,1.83,4.50,13.90,1.75,-0.77,1.61,-10.00
19,2,-1.00,-1.00,-1.00,-1.00,0.8321,1.8,1.92,4.72,11.42,1.81,-32.48,1.63,-10.00
19,2,-1.00,-1.00,-1.00,-1.00,0.8070,1.7,1.90,4.62,17.72,2.08,-33.33,1.60,-10.00
19,2,-1.00,-1.00,-1.00,-1.00,0.7679,1.6,1.84,4.46,11.63,1.66,-44.95,1.59,-10.00
19,2,1222.28,470.02,1351.94,531.12,0.7240,1.6,1.86,4.43,13.20,1.08,35.79,1.53,-10.00
19,2,-1.00,-1.00,-1.00,-1.00,0.1770,1.6,1.88,4.38,-8.37,1.56,-28.57,3.09,-10.00
19,2,1100.42,474.58,1176.81,517.17,0.1482,1.6,1.89,4.35,12.76,1.01,50.37,1.56,-10.00
19,2,-1.00,-1.00,-1.00,-1.00,0.1258,1.7,1.93,4.50,29.35,1.82,26.54,-0.02,-10.00
19,2,-1.00,-1.00,-1.00,-1.00,0.1213,1.6,1.90,4.42,-6.10,1.38,-32.19,-3.11,-10.00
20,2,759.97,459.71,869.53,559.56,0.9294,1.7,1.84,4.35,-0.07,1.18,23.52,-1.59,-10.00
20,2,-1.00,-1.00,-1.00,-1.00,0.9241,1.6,1.86,4.55,14.20,1.88,2.89,1.55,-10.00
20,2,-1.00,-1.00,-1.00,-1.00,0.8745,1.6,1.92,4.77,13.66,1.78,-10.14,1.59,-10.00
20,2,1347.00,475.75,1563.46,563.39,0.7971,1.7,1.91,4.61,13.31,1.43,26.75,1.47,-10.00
20,2,-1.00,-1.00,-1.00,-1.00,0.7394,1.8,1.89,4.60,11.27,1.87,-42.12,1.62,-10.00
20,2,-1.00,-1.00,-1.00,-1.00,0.7041,1.6,1.86,4.46,17.67,1.95,-46.27,1.53,-10.00
20,2,1144.13,484.05,1245.97,534.99,0.5787,1.6,1.88,4.40,12.66,1.42,42.63,1.51,-10.00
20,2,-1.00,-1.00,-1.00,-1.00,0.1975,1.6,1.89,4.50,11.19,1.85,-52.49,1.64,-10.00
20,2,-1.00,-1.00,-1.00,-1.00,0.1374,1.7,1.91,4.45,28.39,2.51,29.00,-3.08,-10.00
21,2,757.46,477.42,864.47,570.46,0.9309,1.6,1.80,4.25,-0.07,1.36,23.50,-1.56,-10.00
21,2,-1.00,-1.00,-1.00,-1.00,0.9173,1.5,1.87,4.60,14.21,1.78,-8.62,1.55,-10.00
21,2,-1.00,-1.00,-1.00,-1.00,0.8814,1.6,1.89,4.54,13.34,1.60,16.46,1.51,-10.00
21,2,1223.34,486.32,1363.43,551.11,0.8297,1.6,1.85,4.47,12.49,1.51,33.48,1.53,-10.00
21,2,-1.00,-1.00,-1.00,-1.00,0.7822,1.5,1.84,4.50,13.08,1.60,-21.50,1.64,-10.00
21,2,-1.00,-1.00,-1.00,-1.00,0.3459,1.6,1.86,4.54,10.82,1.44,-52.03,1.68,-10.00
21,2,1283.03,490.04,1407.56,544.90,0.2261,1.6,1.91,4.49,16.39,1.61,39.50,1.54,-10.00
21,2,1331.48,481.76,1442.39,531.18,0.1938,1.6,1.82,4.33,19.64,1.34,43.80,1.55,-10.00
21,2,-1.00,-1.00,-1.00,-1.00,0.1387,1.6,1.86,4.39,-12.12,1.29,-34.93,3.14,-10.00
21,2,-1.00,-1.00,-1.00,-1.00,0.1136,1.7,1.94,4.47,27.05,2.09,29.77,0.03,-10.00
22,2,-1.00,-1.00,-1.00,-1.00,0.9223,1.6,1.84,4.49,13.51,1.66,5.56,1.53,-10.00
22,2,743.22,475.11,852.11,569.85,0.9215,1.6,1.82,4.35,-0.32,1.35,23.51,-1.58,-10.00
22,2,-1.00,-1.00,-1.00,-1.00,0.8948,1.7,1.87,4.54,13.99,1.78,-20.39,1.58,-10.00
22,2,1385.28,497.88,1600.00,588.08,0.8440,1.5,1.81,4.33,12.55,1.66,23.51,1.51,-10.00
22,2,1518.56,494.35,1600.00,586.04,0.7861,1.7,1.85,4.42,16.26,1.76,25.24,1.50,-10.00
22,2,-1.00,-1.00,-1.00,-1.00,0.5927,1.7,1.92,4.71,12.86,1.82,-32.89,1.60,-10.00
22,2,1216.16,473.95,1334.09,528.08,0.5484,1.6,1.87,4.53,14.41,1.13,40.07,1.51,-10.00
22,2,-1.00,-1.00,-1.00,-1.00,0.3981,1.7,1.90,4.52,17.27,1.66,11.73,1.57,-10.00
22,2,1591.48,483.51,1600.00,565.93,0.3941,1.7,1.92,4.53,20.03,1.60,28.87,1.57,-10.00
22,2,-1.00,-1.00,-1.00,-1.00,0.1741,1.6,1.87,4.39,-10.42,1.17,-27.77,0.02,-10.00
22,2,-1.00,-1.00,-1.00,-1.00,0.1604,1.6,1.89,4.48,26.33,2.21,34.29,1.56,-10.00
22,2,-1.00,-1.00,-1.00,-1.00,0.1002,1.6,1.86,4.36,-9.44,1.85,-41.72,-0.04,-10.00
23,2,-1.00,-1.00,-1.00,-1.00,0.9097,1.5,1.81,4.40,12.80,1.68,13.06,1.55,-10.00
23,2,-1.00,-1.00,-1.00,-1.00,0.9061,1.6,1.81,4.36,13.77,1.86,-32.24,1.61,-10.00
23,2,739.64,471.50,850.29,573.33,0.9061,1.7,1.85,4.41,-0.35,1.41,23.49,-1.57,-10.00
23,2,-1.00,-1.00,-1.00,-1.00,0.8934,1.6,1.91,4.55,16.67,1.82,11.43,1.51,-10.00
23,2,-1.00,-1.00,-1.00,-1.00,0.8121,1.6,1.82,4.38,17.54,1.82,-4.38,1.54,-10.00
23,2,-1.00,-1.00,-1.00,-1.00,0.8110,1.8,1.91,4.65,13.64,1.76,-5.80,1.52,-10.00
23,2,-1.00,-1.00,-1.00,-1.00,0.3896,1.6,1.88,4.51,12.80,1.71,-44.49,1.53,-10.00
23,2,-1.00,-1.00,-1.00,-1.00,0.1804,1.7,1.88,4.38,20.70,2.04,12.30,1.54,-10.00
24,2,-1.00,-1.00,-1.00,-1.00,0.9362,1.7,1.89,4.61,13.56,1.74,-17.65,1.54,-10.00
24,2,736.98,463.73,848.29,564.92,0.9258,1.7,1.84,4.37,-0.41,1.26,23.26,-1.58,-10.00
24,2,-1.00,-1.00,-1.00,-1.00,0.9105,1.5,1.86,4.54,12.97,1.84,2.13,1.53,-10.00
24,2,-1.00,-1.00,-1.00,-1.00,0.8956,1.8,1.87,4.47,17.62,1.96,-18.26,1.54,-10.00
24,2,-1.00,-1.00,-1.00,-1.00,0.8558,1.7,1.90,4.65,16.91,1.99,-2.67,1.52,-10.00
24,2,-1.00,-1.00,-1.00,-1.00,0.7699,1.6,1.89,4.63,13.20,1.89,-44.46,1.60,-10.00
24,2,1056.95,476.38,1138.61,522.30,0.7500,1.6,1.85,4.48,10.36,1.12,46.93,1.53,-10.00
24,2,1354.39,488.13,1530.23,564.58,0.5106,1.7,1.93,4.54,14.81,1.65,30.27,1.56,-10.00
24,2,-1.00,-1.00,-1.00,-1.00,0.1083,1.7,1.86,4.49,15.54,1.66,12.43,1.57,-10.00
25,2,-1.00,-1.00,-1.00,-1.00,0.9179,1.6,1.87,4.59,13.06,1.71,-9.07,1.51,-10.00
25,2,-1.00,-1.00,-1.00,-1.00,0.9124,1.6,1.86,4.50,16.98,1.70,-16.70,1.56,-10.00
25,2,739.24,476.32,852.40,574.38,0.9117,1.6,1.85,4.46,-0.38,1.40,23.12,-1.59,-10.00
25,2,-1.00,-1.00,-1.00,-1.00,0.9037,1.7,1.88,4.50,13.38,1.63,-29.82,1.58,-10.00
25,2,-1.00,-1.00,-1.00,-1.00,0.8298,1.6,1.90,4.65,15.29,1.59,17.53,1.58,-10.00
25,2,1155.47,476.65,1285.23,546.69,0.6819,1.8,1.90,4.63,10.93,1.44,34.62,1.53,-10.00
25,2,-1.00,-1.00,-1.00,-1.00,0.5490,1.9,1.95,4.83,17.25,1.79,-32.24,1.58,-10.00
25,2,-1.00,-1.00,-1.00,-1.00,0.1868,1.8,1.96,4.70,20.90,1.64,-15.90,1.58,-10.00
25,2,-1.00,-1.00,-1.00,-1.00,0.1203,1.9,2.03,4.77,-29.66,0.60,7.94,-1.01,-10.00
25,2,-1.00,-1.00,-1.00,-1.00,0.1085,1.6,1.99,4.52,8.37,1.33,-52.39,-1.57,-10.00
26,2,732.51,475.41,845.22,574.14,0.9199,1.6,1.83,4.36,-0.47,1.38,22.84,-1.58,-10.00
26,2,-1.00,-1.00,-1.00,-1.00,0.8863,1.7,1.86,4.53,15.63,1.71,2.47,1.57,-10.00
26,2,-1.00,-1.00,-1.00,-1.00,0.8837,1.7,1.88,4.57,12.91,1.66,-22.00,1.54,-10.00
26,2,1386.27,472.05,1600.00,585.44,0.8655,1.7,1.84,4.42,11.26,1.42,20.86,1.59,-10.00
26,2,-1.00,-1.00,-1.00,-1.00,0.8397,1.6,1.80,4.29,12.83,1.31,-43.12,1.52,-10.00
26,2,-1.00,-1.00,-1.00,-1.00,0.7605,1.7,1.90,4.58,16.70,1.67,-32.56,1.54,-10.00
26,2,-1.00,-1.00,-1.00,-1.00,0.6056,1.7,1.88,4.53,16.54,1.75,-47.89,1.57,-10.00
26,2,1121.71,488.24,1193.25,539.28,0.4127,1.5,1.85,4.22,10.74,1.47,40.10,1.75,-10.00
26,2,-1.00,-1.00,-1.00,-1.00,0.2594,1.6,1.88,4.38,20.89,1.80,-33.27,1.53,-10.00
26,2,1451.51,505.01,1594.61,560.25,0.2480,1.7,1.89,4.33,22.64,2.13,40.79,1.48,-10.00
27,2,-1.00,-1.00,-1.00,-1.00,0.9227,1.6,1.82,4.35,15.66,1.80,-11.32,1.59,-10.00
27,2,734.62,468.15,850.52,571.72,0.8983,1.6,1.85,4.39,-0.48,1.32,22.48,-1.62,-10.00
27,2,-1.00,-1.00,-1.00,-1.00,0.8892,1.7,1.85,4.49,11.50,1.67,8.43,1.56,-10.00
27,2,-1.00,-1.00,-1.00,-1.00,0.8730,1.5,1.86,4.52,14.86,1.98,16.83,1.58,-10.00
27,2,-1.00,-1.00,-1.00,-1.00,0.7332,1.7,1.87,4.54,12.40,1.81,-34.00,1.61,-10.00
27,2,1277.75,497.45,1469.81,583.83,0.6835,1.6,1.88,4.41,11.46,1.80,26.40,1.52,-10.00
27,2,1098.90,489.90,1197.22,537.84,0.3612,1.6,1.87,4.36,11.56,1.58,44.44,1.45,-10.00
27,2,1355.30,506.95,1584.90,600.19,0.2402,1.5,1.85,4.30,11.86,1.85,23.34,1.52,-10.00
27,2,-1.00,-1.00,-1.00,-1.00,0.2231,1.7,1.93,4.51,16.46,1.61,-42.50,1.56,-10.00
27,2,-1.00,-1.00,-1.00,-1.00,0.1276,1.6,1.91,4.34,-0.36,1.57,-39.23,-1.57,-10.00
28,2,738.63,458.90,855.61,562.55,0.9276,1.6,1.85,4.41,-0.28,1.17,22.37,-1.56,-10.00
28,2,-1.00,-1.00,-1.00,-1.00,0.9075,1.6,1.89,4.51,14.94,1.83,5.06,1.58,-10.00
28,2,1596.01,485.91,1600.00,644.50,0.8821,1.6,1.87,4.52,11.68,1.59,15.16,1.56,-10.00
28,2,-1.00,-1.00,-1.00,-1.00,0.8705,1.7,1.87,4.55,11.56,1.68,-2.72,1.59,-10.00
28,2,-1.00,-1.00,-1.00,-1.00,0.8032,1.5,1.85,4.48,15.56,1.87,-23.87,1.58,-10.00
28,2,-1.00,-1.00,-1.00,-1.00,0.6164,1.6,1.82,4.38,11.71,1.43,-44.75,1.58,-10.00
28,2,-1.00,-1.00,-1.00,-1.00,0.4906,1.6,1.85,4.46,14.85,1.59,-47.54,1.55,-10.00
28,2,1152.21,468.84,1240.61,534.06,0.1574,1.6,1.89,4.49,10.37,1.12,34.33,1.95,-10.00
28,2,-1.00,-1.00,-1.00,-1.00,0.1354,1.6,1.90,4.45,3.30,1.70,-29.78,-1.52,-10.00
28,2,-1.00,-1.00,-1.00,-1.00,0.1281,1.5,1.87,4.32,0.91,1.70,-29.57,-1.55,-10.00
28,2,-1.00,-1.00,-1.00,-1.00,0.1041,1.7,1.95,4.60,23.46,2.60,24.80,-1.73,-10.00
29,2,-1.00,-1.00,-1.00,-1.00,0.9245,1.7,1.85,4.44,11.44,1.68,-15.49,1.54,-10.00
29,2,747.51,468.87,862.72,570.56,0.9107,1.6,1.84,4.35,-0.23,1.30,22.50,-1.59,-10.00
29,2,-1.00,-1.00,-1.00,-1.00,0.9083,1.6,1.89,4.55,14.89,1.81,-8.12,1.57,-10.00
29,2,1464.12,492.65,1600.00,611.29,0.8177,1.6,1.88,4.52,12.10,1.68,19.71,1.62,-10.00
29,2,-1.00,-1.00,-1.00,-1.00,0.7992,1.8,1.92,4.70,11.75,1.75,2.43,1.58,-10.00
29,2,-1.00,-1.00,-1.00,-1.00,0.6671,1.6,1.84,4.44,14.96,1.67,-37.62,1.56,-10.00
29,2,1574.50,493.08,1600.00,577.93,0.4611,1.7,1.90,4.44,18.72,1.75,27.41,1.55,-10.00
29,2,1130.35,477.73,1225.73,531.12,0.4446,1.7,1.95,4.57,12.45,1.34,43.89,1.56,-10.00
29,2,-1.00,-1.00,-1.00,-1.00,0.1002,1.6,1.91,4.44,19.39,1.95,25.16,1.55,-10.00
30,2,751.91,466.47,870.90,574.68,0.9531,1.7,1.86,4.43,-0.11,1.34,22.17,-1.59,-10.00
30,2,-1.00,-1.00,-1.00,-1.00,0.9414,1.6,1.82,4.40,14.60,1.64,-21.13,1.60,-10.00
30,2,-1.00,-1.00,-1.00,-1.00,0.8968,1.6,1.87,4.55,11.84,1.47,6.61,1.60,-10.00
30,2,-1.00,-1.00,-1.00,-1.00,0.8840,1.7,1.84,4.43,11.12,1.65,-27.87,1.55,-10.00
30,2,-1.00,-1.00,-1.00,-1.00,0.8771,1.9,1.87,4.52,11.55,1.67,-9.67,1.58,-10.00
30,2,1263.67,481.11,1420.02,552.78,0.7513,1.6,1.86,4.48,12.26,1.37,29.88,1.58,-10.00
30,2,-1.00,-1.00,-1.00,-1.00,0.3708,1.6,1.91,4.47,14.83,2.04,-51.24,1.55,-10.00
30,2,-1.00,-1.00,-1.00,-1.00,0.2416,1.7,1.98,4.68,-19.46,1.48,-36.08,0.07,-10.00
30,2,1346.61,487.61,1477.54,548.43,0.1980,1.5,1.89,4.48,16.23,1.50,34.76,1.68,-10.00
30,2,-1.00,-1.00,-1.00,-1.00,0.1747,1.8,1.94,4.46,26.30,2.32,33.13,1.62,-10.00
30,2,1199.76,477.09,1308.14,537.65,0.1564,1.6,1.92,4.55,12.67,1.30,36.94,-1.49,-10.00
30,2,1412.34,503.15,1527.31,555.67,0.1349,1.7,1.91,4.52,22.76,2.16,44.31,1.63,-10.00
30,2,-1.00,-1.00,-1.00,-1.00,0.1133,1.6,1.85,4.39,18.35,1.77,14.18,1.71,-10.00
31,2,753.43,467.04,871.01,570.74,0.9061,1.6,1.84,4.37,-0.07,1.28,22.09,-1.58,-10.00
31,2,-1.00,-1.00,-1.00,-1.00,0.8900,1.8,1.91,4.63,11.61,1.72,-6.07,1.59,-10.00
31,2,-1.00,-1.00,-1.00,-1.00,0.8682,1.6,1.90,4.62,18.58,2.03,0.24,1.60,-10.00
31,2,-1.00,-1.00,-1.00,-1.00,0.8672,1.7,1.86,4.49,11.26,1.83,-22.33,1.59,-10.00
31,2,1577.28,487.15,1600.00,627.89,0.8659,1.6,1.85,4.49,12.16,1.57,16.51,1.59,-10.00
31,2,-1.00,-1.00,-1.00,-1.00,0.8622,1.7,1.82,4.38,10.87,1.77,-40.12,1.57,-10.00
31,2,-1.00,-1.00,-1.00,-1.00,0.7931,1.7,1.92,4.73,14.37,1.96,-34.27,1.58,-10.00
31,2,1465.88,495.16,1600.00,561.13,0.5223,1.7,1.88,4.44,19.56,1.79,34.26,1.62,-10.00
31,2,1201.27,474.43,1309.40,534.59,0.4015,1.8,1.94,4.41,13.59,1.30,39.46,1.60,-10.00
31,2,-1.00,-1.00,-1.00,-1.00,0.1814,2.1,2.11,5.00,26.48,2.49,26.08,1.67,-10.00
31,2,1246.19,476.02,1360.18,534.89,0.1126,1.7,1.86,4.36,14.76,1.28,38.64,1.59,-10.00
32,2,759.40,470.18,875.26,570.48,0.9391,1.5,1.79,4.25,0.05,1.26,21.85,-1.56,-10.00
32,2,-1.00,-1.00,-1.00,-1.00,0.9052,1.7,1.92,4.69,11.97,1.67,3.20,1.61,-10.00
32,2,-1.00,-1.00,-1.00,-1.00,0.8924,1.6,1.87,4.57,11.20,1.72,-18.95,1.59,-10.00
32,2,-1.00,-1.00,-1.00,-1.00,0.8877,1.6,1.86,4.52,19.30,1.68,21.19,1.64,-10.00
32,2,1405.39,490.64,1600.00,583.90,0.8623,1.6,1.82,4.35,13.23,1.66,24.53,1.63,-10.00
32,2,-1.00,-1.00,-1.00,-1.00,0.8519,1.7,1.91,4.67,18.37,1.79,-12.85,1.61,-10.00
32,2,-1.00,-1.00,-1.00,-1.00,0.8013,1.7,1.85,4.46,10.96,1.67,-34.76,1.58,-10.00
32,2,1167.87,482.09,1252.20,527.63,0.7821,1.6,1.85,4.47,14.24,1.28,46.03,1.62,-10.00
32,2,-1.00,-1.00,-1.00,-1.00,0.6976,1.6,1.88,4.46,15.89,1.68,10.04,1.61,-10.00
32,2,-1.00,-1.00,-1.00,-1.00,0.5002,1.6,1.86,4.36,10.39,1.38,-52.23,1.63,-10.00
32,2,1303.26,484.35,1443.16,552.14,0.1213,1.6,1.89,4.51,14.38,1.51,32.98,-1.51,-10.00
33,2,772.18,478.46,890.69,581.56,0.9215,1.6,1.83,4.35,0.24,1.43,21.86,-1.57,-10.00
33,2,-1.00,-1.00,-1.00,-1.00,0.9192,1.6,1.87,4.54,12.81,1.58,11.26,1.63,-10.00
33,2,-1.00,-1.00,-1.00,-1.00,0.9170,1.7,1.85,4.44,11.67,1.61,-10.04,1.60,-10.00
33,2,-1.00,-1.00,-1.00,-1.00,0.8819,1.6,1.88,4.60,15.45,1.57,-6.26,1.60,-10.00
33,2,-1.00,-1.00,-1.00,-1.00,0.8737,1.7,1.89,4.62,19.02,1.78,7.82,1.63,-10.00
33,2,-1.00,-1.00,-1.00,-1.00,0.8300,1.6,1.86,4.55,18.03,1.84,-26.16,1.58,-10.00
33,2,-1.00,-1.00,-1.00,-1.00,0.8223,1.8,1.87,4.49,10.94,1.72,-31.66,1.59,-10.00
33,2,1299.59,488.77,1447.74,559.97,0.8170,1.7,1.90,4.54,14.02,1.65,32.17,1.61,-10.00
33,2,-1.00,-1.00,-1.00,-1.00,0.4869,1.5,1.85,4.38,16.85,1.75,23.61,1.60,-10.00
33,2,-1.00,-1.00,-1.00,-1.00,0.4226,1.7,1.89,4.53,11.22,1.71,-47.37,1.39,-10.00
34,2,781.09,475.76,899.11,580.96,0.9345,1.6,1.83,4.34,0.43,1.43,21.90,-1.54,-10.00
34,2,-1.00,-1.00,-1.00,-1.00,0.9131,1.6,1.90,4.61,16.49,1.54,8.46,1.65,-10.00
34,2,-1.00,-1.00,-1.00,-1.00,0.8816,1.5,1.79,4.30,12.31,1.63,-3.45,1.65,-10.00
34,2,-1.00,-1.00,-1.00,-1.00,0.8790,1.6,1.86,4.51,11.32,1.67,-24.42,1.60,-10.00
34,2,-1.00,-1.00,-1.00,-1.00,0.8753,1.7,1.88,4.58,13.54,1.39,17.11,1.63,-10.00
34,2,-1.00,-1.00,-1.00,-1.00,0.8021,1.7,1.89,4.58,18.60,1.59,-7.04,1.63,-10.00
34,2,-1.00,-1.00,-1.00,-1.00,0.7741,1.6,1.90,4.67,15.15,1.64,-21.07,1.60,-10.00
34,2,-1.00,-1.00,-1.00,-1.00,0.5120,1.7,1.89,4.60,10.35,1.42,-45.57,1.62,-10.00
34,2,1456.27,474.39,1600.00,576.50,0.2074,1.7,1.92,4.54,14.18,1.50,24.14,-1.50,-10.00
35,2,789.66,460.80,907.45,566.22,0.9224,1.6,1.84,4.37,0.58,1.21,22.12,-1.54,-10.00
35,2,-1.00,-1.00,-1.00,-1.00,0.8992,1.7,1.87,4.54,12.94,1.73,3.38,1.62,-10.00
35,2,-1.00,-1.00,-1.00,-1.00,0.8937,1.7,1.91,4.65,11.97,1.93,-16.55,1.60,-10.00
35,2,-1.00,-1.00,-1.00,-1.00,0.8851,1.6,1.84,4.44,18.28,1.98,-20.07,1.59,-10.00
35,2,-1.00,-1.00,-1.00,-1.00,0.8571,1.6,1.95,4.71,15.95,2.02,-5.54,1.64,-10.00
35,2,1451.00,483.31,1600.00,568.82,0.7981,1.6,1.86,4.35,14.60,1.45,25.42,1.66,-10.00
35,2,-1.00,-1.00,-1.00,-1.00,0.7743,1.6,1.87,4.46,10.99,1.95,-36.89,1.61,-10.00
35,2,1254.03,468.15,1342.95,521.09,0.7499,1.7,1.90,4.48,16.05,0.97,42.36,1.73,-10.00
35,2,-1.00,-1.00,-1.00,-1.00,0.6674,1.6,1.87,4.50,14.87,2.05,-34.99,1.59,-10.00
36,2,793.28,476.62,911.30,582.52,0.9456,1.6,1.84,4.36,0.63,1.46,21.99,-1.54,-10.00
36,2,-1.00,-1.00,-1.00,-1.00,0.9314,1.6,1.81,4.30,12.48,1.61,-10.19,1.61,-10.00
36,2,-1.00,-1.00,-1.00,-1.00,0.8775,1.5,1.85,4.52,11.76,1.67,-29.17,1.61,-10.00
36,2,-1.00,-1.00,-1.00,-1.00,0.8714,1.6,1.84,4.43,15.64,1.81,-19.30,1.61,-10.00
36,2,-1.00,-1.00,-1.00,-1.00,0.8500,1.5,1.84,4.34,13.87,1.74,12.13,1.65,-10.00
36,2,-1.00,-1.00,-1.00,-1.00,0.7765,1.8,1.89,4.57,18.07,1.81,-33.54,1.58,-10.00
36,2,1459.68,499.77,1600.00,561.77,0.6924,1.6,1.84,4.36,19.40,1.82,34.45,1.65,-10.00
36,2,-1.00,-1.00,-1.00,-1.00,0.4529,1.6,1.82,4.34,10.84,1.68,-49.62,1.61,-10.00
36,2,-1.00,-1.00,-1.00,-1.00,0.3129,1.6,1.84,4.39,14.73,1.63,-48.69,1.58,-10.00
36,2,1405.00,481.78,1579.20,572.96,0.2878,1.9,1.92,4.65,15.15,1.73,28.70,1.69,-10.00
36,2,-1.00,-1.00,-1.00,-1.00,0.2542,1.5,1.90,4.37,5.59,1.66,-28.05,-1.53,-10.00
36,2,-1.00,-1.00,-1.00,-1.00,0.1206,1.6,1.91,4.44,14.30,1.78,18.78,-1.50,-10.00
37,2,793.60,473.18,912.02,575.40,0.9340,1.6,1.85,4.44,0.63,1.35,22.13,-1.55,-10.00
37,2,-1.00,-1.00,-1.00,-1.00,0.9258,1.5,1.85,4.51,13.44,1.72,0.74,1.63,-10.00
37,2,-1.00,-1.00,-1.00,-1.00,0.9095,1.7,1.84,4.44,12.39,1.81,-22.41,1.61,-10.00
37,2,-1.00,-1.00,-1.00,-1.00,0.8601,1.7,1.91,4.69,14.43,1.50,16.52,1.65,-10.00
37,2,-1.00,-1.00,-1.00,-1.00,0.7282,1.7,1.91,4.57,17.15,1.69,5.30,1.63,-10.00
37,2,-1.00,-1.00,-1.00,-1.00,0.5797,1.6,1.86,4.52,18.14,1.45,-45.25,1.60,-10.00
37,2,-1.00,-1.00,-1.00,-1.00,0.4870,1.6,1.85,4.45,11.64,1.99,-40.92,1.64,-10.00
37,2,-1.00,-1.00,-1.00,-1.00,0.1931,1.8,1.94,4.56,26.17,2.73,-18.39,1.66,-10.00
37,2,-1.00,-1.00,-1.00,-1.00,0.1882,1.6,1.89,4.52,15.30,2.00,-33.28,1.61,-10.00
38,2,793.56,475.01,909.41,577.28,0.9496,1.6,1.83,4.34,0.62,1.40,22.30,-1.54,-10.00
38,2,-1.00,-1.00,-1.00,-1.00,0.9066,1.7,1.85,4.47,13.86,1.63,3.11,1.63,-10.00
38,2,-1.00,-1.00,-1.00,-1.00,0.8673,1.7,1.87,4.51,12.32,1.98,-35.41,1.61,-10.00
38,2,-1.00,-1.00,-1.00,-1.00,0.8508,1.6,1.84,4.48,13.02,1.63,-11.92,1.60,-10.00
38,2,-1.00,-1.00,-1.00,-1.00,0.6148,1.8,1.91,4.62,16.57,1.78,-10.77,1.62,-10.00
38,2,-1.00,-1.00,-1.00,-1.00,0.3810,1.6,1.83,4.38,12.03,1.98,-52.38,1.62,-10.00
38,2,-1.00,-1.00,-1.00,-1.00,0.2824,1.6,1.86,4.46,17.47,1.52,8.05,1.61,-10.00
38,2,1543.89,491.41,1600.00,566.79,0.1921,1.6,1.97,4.44,18.77,1.62,28.88,1.62,-10.00
38,2,-1.00,-1.00,-1.00,-1.00,0.1074,1.5,1.91,4.56,13.01,1.73,-15.21,1.58,-10.00
38,2,728.33,496.45,788.11,544.53,0.1012,1.6,1.84,4.37,-1.96,1.78,43.80,-1.57,-10.00
39,2,788.13,482.39,903.47,587.80,0.9384,1.7,1.83,4.31,0.53,1.57,22.37,-1.54,-10.00
39,2,-1.00,-1.00,-1.00,-1.00,0.9077,1.9,1.90,4.57,13.63,1.65,-9.67,1.60,-10.00
39,2,-1.00,-1.00,-1.00,-1.00,0.8723,1.6,1.84,4.44,12.72,1.73,-48.08,1.60,-10.00
39,2,-1.00,-1.00,-1.00,-1.00,0.8436,1.6,1.84,4.46,12.99,1.78,-24.51,1.59,-10.00
39,2,-1.00,-1.00,-1.00,-1.00,0.7729,1.6,1.91,4.66,17.09,1.68,-6.58,1.61,-10.00
39,2,-1.00,-1.00,-1.00,-1.00,0.4678,1.5,1.89,4.36,17.90,1.60,14.97,1.66,-10.00
39,2,-1.00,-1.00,-1.00,-1.00,0.3435,1.6,1.87,4.44,16.46,1.94,-24.74,1.59,-10.00
39,2,-1.00,-1.00,-1.00,-1.00,0.2362,1.6,1.89,4.43,10.34,1.90,-50.48,1.64,-10.00
39,2,1365.95,501.18,1491.44,554.21,0.1415,1.6,1.90,4.37,19.54,1.94,40.62,1.57,-10.00
39,2,-1.00,-1.00,-1.00,-1.00,0.1070,1.6,1.91,4.33,28.01,2.13,-45.87,1.53,-10.00
39,2,-1.00,-1.00,-1.00,-1.00,0.1063,1.6,1.87,4.40,12.57,1.75,-27.26,1.59,-10.00
40,2,-1.00,-1.00,-1.00,-1.00,0.9295,1.7,1.86,4.50,13.56,1.73,-22.46,1.59,-10.00
40,2,785.79,480.55,900.78,582.66,0.9255,1.6,1.83,4.35,0.56,1.49,22.48,-1.51,-10.00
40,2,-1.00,-1.00,-1.00,-1.00,0.8642,1.6,1.91,4.69,17.05,1.79,-20.68,1.59,-10.00
40,2,-1.00,-1.00,-1.00,-1.00,0.6534,1.7,1.97,4.55,17.31,1.72,1.41,1.61,-10.00
40,2,-1.00,-1.00,-1.00,-1.00,0.3792,1.6,1.87,4.48,13.31,1.80,-37.70,1.59,-10.00
40,2,-1.00,-1.00,-1.00,-1.00,0.3586,1.6,1.90,4.43,16.44,1.98,-38.99,1.61,-10.00
40,2,636.10,479.73,738.17,554.34,0.1925,1.7,1.91,4.61,-3.09,1.47,31.17,1.60,-10.00
40,2,-1.00,-1.00,-1.00,-1.00,0.1675,1.5,1.88,4.33,-5.59,1.81,-28.94,-1.53,-10.00
40,2,-1.00,-1.00,-1.00,-1.00,0.1562,1.7,1.92,4.51,-7.32,2.15,-47.68,-1.56,-10.00
40,2,-1.00,-1.00,-1.00,-1.00,0.1231,1.6,1.93,4.53,17.51,1.54,5.74,1.60,-10.00
40,2,-1.00,-1.00,-1.00,-1.00,0.1124,1.7,1.92,4.51,28.64,2.60,-50.35,0.04,-10.00
