0,2,-1.00,-1.00,-1.00,-1.00,0.9180,1.7,1.80,4.33,16.06,1.29,-1.47,-1.33,-10.00
0,2,-1.00,-1.00,-1.00,-1.00,0.8159,1.8,1.93,4.41,26.10,1.23,7.69,-1.34,-10.00
0,2,1121.42,471.07,1404.92,568.66,0.7986,1.7,1.98,4.68,8.32,1.40,23.94,-3.09,-10.00
0,2,-1.00,-1.00,-1.00,-1.00,0.6929,1.5,1.82,4.40,16.63,1.38,10.51,1.89,-10.00
0,2,-1.00,-1.00,-1.00,-1.00,0.6418,1.7,1.86,4.47,18.69,1.09,-1.85,-1.30,-10.00
0,2,1108.21,475.75,1342.06,554.81,0.6180,1.6,1.88,4.35,8.48,1.28,26.58,-3.07,-10.00
0,2,-1.00,-1.00,-1.00,-1.00,0.5127,1.7,1.85,4.34,39.40,0.93,3.41,1.89,-10.00
0,2,-1.00,-1.00,-1.00,-1.00,0.5009,1.5,1.82,4.23,8.83,1.28,-31.36,3.08,-10.00
0,2,-1.00,-1.00,-1.00,-1.00,0.4331,1.6,1.90,4.52,20.93,1.09,-2.97,-1.19,-10.00
0,2,-1.00,-1.00,-1.00,-1.00,0.4049,1.6,1.90,4.55,19.87,1.31,10.57,1.74,-10.00
0,2,-1.00,-1.00,-1.00,-1.00,0.3721,1.6,1.93,4.41,20.56,0.89,-25.48,-1.51,-10.00
0,2,1099.54,460.67,1295.37,527.56,0.3627,1.6,1.87,4.32,9.26,0.86,31.06,-3.04,-10.00
0,2,-1.00,-1.00,-1.00,-1.00,0.3619,1.7,1.87,4.35,21.90,1.36,-10.42,-1.44,-10.00
0,2,-1.00,-1.00,-1.00,-1.00,0.3240,1.7,1.88,4.38,24.75,1.24,-10.73,-1.38,-10.00
0,2,-1.00,-1.00,-1.00,-1.00,0.3060,1.7,1.90,4.33,36.24,0.81,-10.39,1.83,-10.00
0,2,-1.00,-1.00,-1.00,-1.00,0.2630,1.7,1.92,4.53,-1.90,1.51,-42.19,1.45,-10.00
0,2,-1.00,-1.00,-1.00,-1.00,0.2201,1.6,1.89,4.46,21.66,0.87,-27.30,-3.03,-10.00
0,2,-1.00,-1.00,-1.00,-1.00,0.2138,1.7,1.98,4.58,23.17,1.06,-12.63,0.20,-10.00
0,2,-1.00,-1.00,-1.00,-1.00,0.1996,1.8,1.93,4.53,10.57,1.97,-48.22,-0.05,-10.00
0,2,-1.00,-1.00,-1.00,-1.00,0.1908,1.6,1.92,4.47,19.78,1.43,-11.02,-1.72,-10.00
0,2,-1.00,-1.00,-1.00,-1.00,0.1790,1.6,1.93,4.58,28.59,1.18,6.72,-1.30,-10.00
0,2,1027.28,472.90,1101.34,526.01,0.1700,1.6,1.89,4.46,8.04,1.10,41.38,-1.49,-10.00
0,2,946.47,481.02,1021.49,534.39,0.1655,1.6,1.92,4.49,5.23,1.31,39.96,1.61,-10.00
0,2,1124.38,471.61,1341.66,544.76,0.1632,1.6,1.88,4.39,9.31,1.16,28.61,-3.01,-10.00
0,2,-1.00,-1.00,-1.00,-1.00,0.1626,1.7,1.91,4.52,14.97,1.52,-24.95,-1.10,-10.00
0,2,-1.00,-1.00,-1.00,-1.00,0.1587,1.6,1.86,4.34,44.25,0.69,0.89,-1.08,-10.00
0,2,-1.00,-1.00,-1.00,-1.00,0.1563,1.6,1.91,4.42,-1.13,1.46,-49.57,-1.56,-10.00
0,2,-1.00,-1.00,-1.00,-1.00,0.1323,1.7,1.96,4.51,23.54,1.13,-8.75,0.11,-10.00
0,2,1080.75,466.00,1267.05,528.77,0.1282,1.6,1.91,4.48,9.46,0.97,33.79,-3.07,-10.00
0,2,-1.00,-1.00,-1.00,-1.00,0.1282,1.6,1.97,4.41,37.75,-0.69,-20.06,1.81,-10.00
0,2,981.35,458.93,1171.54,526.79,0.1245,1.6,1.95,4.52,6.49,0.86,31.71,-2.92,-10.00
0,2,-1.00,-1.00,-1.00,-1.00,0.1175,1.6,1.88,4.43,17.69,1.22,-25.14,1.96,-10.00
0,2,-1.00,-1.00,-1.00,-1.00,0.1163,1.5,1.81,4.25,29.53,1.16,10.17,0.39,-10.00
0,2,-1.00,-1.00,-1.00,-1.00,0.1084,1.6,1.90,4.42,0.81,1.65,-48.21,0.04,-10.00
0,2,-1.00,-1.00,-1.00,-1.00,0.1082,1.6,1.88,4.39,9.18,1.41,-33.89,3.06,-10.00
0,2,-1.00,-1.00,-1.00,-1.00,0.1047,1.6,1.90,4.38,30.58,1.34,-7.89,-2.85,-10.00
0,2,-1.00,-1.00,-1.00,-1.00,0.1008,1.6,1.91,4.55,41.71,0.67,2.34,1.91,-10.00
0,2,717.61,485.76,783.69,537.22,0.1003,1.6,1.87,4.45,-2.13,1.48,42.17,1.59,-10.00
1,2,-1.00,-1.00,-1.00,-1.00,0.9214,1.7,1.83,4.31,25.90,1.28,5.90,-1.30,-10.00
1,2,-1.00,-1.00,-1.00,-1.00,0.9110,1.7,1.79,4.31,16.05,1.31,-3.28,-1.32,-10.00
1,2,1138.04,481.63,1440.44,576.90,0.8797,1.6,1.93,4.55,8.12,1.42,22.07,-3.12,-10.00
1,2,-1.00,-1.00,-1.00,-1.00,0.8316,1.6,1.79,4.23,18.62,1.06,-3.61,-1.32,-10.00
1,2,1120.17,482.51,1375.52,566.69,0.8212,1.5,1.88,4.35,8.29,1.41,24.64,-3.09,-10.00
1,2,-1.00,-1.00,-1.00,-1.00,0.7738,1.5,1.84,4.48,16.68,1.35,8.78,1.94,-10.00
1,2,-1.00,-1.00,-1.00,-1.00,0.7668,1.8,1.96,4.54,22.20,1.26,-12.02,-1.41,-10.00
1,2,-1.00,-1.00,-1.00,-1.00,0.7209,1.5,1.80,4.16,8.80,1.33,-33.00,3.02,-10.00
1,2,-1.00,-1.00,-1.00,-1.00,0.7164,1.6,1.81,4.32,20.99,1.22,-4.73,-1.22,-10.00
1,2,-1.00,-1.00,-1.00,-1.00,0.6513,1.8,1.98,4.44,15.51,1.39,-26.62,-1.48,-10.00
1,2,-1.00,-1.00,-1.00,-1.00,0.6294,1.8,1.94,4.45,24.89,1.19,-12.32,1.73,-10.00
1,2,1038.16,485.96,1191.15,537.95,0.6272,1.5,1.83,4.23,9.06,1.39,38.67,3.13,-10.00
1,2,-1.00,-1.00,-1.00,-1.00,0.5976,1.7,1.90,4.39,39.36,0.97,1.65,1.88,-10.00
1,2,1108.62,476.55,1332.69,553.96,0.5853,1.6,1.85,4.25,8.51,1.28,26.95,-3.04,-10.00
1,2,1116.62,478.54,1319.25,549.28,0.5802,1.6,1.84,4.20,9.21,1.29,29.34,-3.02,-10.00
1,2,-1.00,-1.00,-1.00,-1.00,0.5773,1.6,1.88,4.39,21.82,1.08,-26.25,-3.01,-10.00
1,2,-1.00,-1.00,-1.00,-1.00,0.5562,1.6,1.90,4.50,28.52,1.19,4.58,1.90,-10.00
1,2,-1.00,-1.00,-1.00,-1.00,0.4964,1.5,1.82,4.17,21.71,1.06,-28.70,0.06,-10.00
1,2,-1.00,-1.00,-1.00,-1.00,0.4363,1.7,1.85,4.54,-1.60,1.42,-44.25,1.48,-10.00
1,2,-1.00,-1.00,-1.00,-1.00,0.4253,1.7,1.89,4.38,36.71,1.05,-10.11,-1.31,-10.00
1,2,-1.00,-1.00,-1.00,-1.00,0.3815,2.0,2.07,4.98,10.90,1.61,-50.06,3.09,-10.00
1,2,1060.28,487.99,1226.17,542.57,0.3029,1.5,1.86,4.32,9.29,1.42,36.25,-3.08,-10.00
1,2,1360.59,478.95,1438.63,524.45,0.2961,1.7,1.90,4.49,22.80,1.27,49.66,-1.35,-10.00
1,2,-1.00,-1.00,-1.00,-1.00,0.2863,1.6,1.93,4.44,29.85,1.15,-13.55,-1.42,-10.00
1,2,-1.00,-1.00,-1.00,-1.00,0.2857,1.7,1.95,4.47,41.65,0.81,-10.77,-1.40,-10.00
1,2,-1.00,-1.00,-1.00,-1.00,0.2651,1.6,1.91,4.39,43.86,1.04,-0.27,-1.41,-10.00
1,2,1005.62,488.27,1156.07,537.69,0.2603,1.5,1.88,4.46,8.52,1.47,41.04,3.12,-10.00
1,2,-1.00,-1.00,-1.00,-1.00,0.2413,1.6,1.83,4.25,21.67,1.00,-31.40,-3.07,-10.00
1,2,-1.00,-1.00,-1.00,-1.00,0.2343,1.7,1.87,4.36,17.74,0.90,-27.13,-1.37,-10.00
1,2,-1.00,-1.00,-1.00,-1.00,0.2329,1.6,1.85,4.28,16.27,1.51,12.49,0.34,-10.00
1,2,1095.62,474.00,1290.96,540.08,0.2263,1.6,1.90,4.44,9.50,1.20,32.19,-3.09,-10.00
1,2,-1.00,-1.00,-1.00,-1.00,0.2089,1.7,1.94,4.41,27.04,0.91,-12.65,-1.37,-10.00
1,2,-1.00,-1.00,-1.00,-1.00,0.2014,1.7,1.91,4.42,29.27,1.17,2.62,-2.93,-10.00
1,2,-1.00,-1.00,-1.00,-1.00,0.1774,1.6,1.86,4.34,34.90,1.10,0.94,-2.81,-10.00
1,2,989.75,474.69,1123.10,522.81,0.1732,1.6,1.91,4.41,8.25,1.06,43.81,-3.02,-10.00
1,2,-1.00,-1.00,-1.00,-1.00,0.1424,1.7,1.94,4.42,28.14,1.42,-14.16,1.30,-10.00
1,2,-1.00,-1.00,-1.00,-1.00,0.1421,1.5,1.83,4.25,8.89,1.41,-35.47,3.06,-10.00
1,2,-1.00,-1.00,-1.00,-1.00,0.1397,1.6,1.91,4.41,10.17,1.41,-45.04,-3.08,-10.00
1,2,-1.00,-1.00,-1.00,-1.00,0.1375,1.6,1.89,4.35,33.04,-0.45,14.10,0.26,-10.00
1,2,-1.00,-1.00,-1.00,-1.00,0.1354,1.8,1.93,4.44,45.09,1.00,-1.92,0.10,-10.00
1,2,-1.00,-1.00,-1.00,-1.00,0.1339,1.6,1.88,4.34,8.87,1.58,-38.26,-3.10,-10.00
1,2,-1.00,-1.00,-1.00,-1.00,0.1307,1.7,1.91,4.44,31.53,1.21,-12.66,0.40,-10.00
1,2,-1.00,-1.00,-1.00,-1.00,0.1289,1.6,1.90,4.50,19.65,1.64,-12.13,1.69,-10.00
1,2,-1.00,-1.00,-1.00,-1.00,0.1283,1.7,1.94,4.50,-1.17,1.72,-51.49,-1.51,-10.00
1,2,-1.00,-1.00,-1.00,-1.00,0.1251,1.7,1.89,4.43,39.21,0.87,-10.70,1.81,-10.00
1,2,-1.00,-1.00,-1.00,-1.00,0.1223,1.6,1.91,4.34,34.31,1.06,2.95,1.81,-10.00
1,2,-1.00,-1.00,-1.00,-1.00,0.1217,1.6,1.92,4.47,0.55,1.92,-50.23,0.10,-10.00
1,2,-1.00,-1.00,-1.00,-1.00,0.1197,1.6,1.87,4.40,41.74,0.98,0.53,1.94,-10.00
1,2,-1.00,-1.00,-1.00,-1.00,0.1176,1.6,1.90,4.44,-1.23,1.72,-48.61,1.63,-10.00
1,2,1078.40,483.99,1252.08,543.49,0.1172,1.6,1.88,4.34,9.46,1.38,34.62,-3.02,-10.00
1,2,-1.00,-1.00,-1.00,-1.00,0.1158,1.6,1.90,4.38,26.63,1.44,-26.29,-3.07,-10.00
1,2,-1.00,-1.00,-1.00,-1.00,0.1142,1.7,1.89,4.38,48.54,1.09,-32.16,-1.73,-10.00
1,2,1081.08,478.49,1285.55,548.07,0.1130,1.6,1.89,4.37,8.80,1.33,30.60,3.10,-10.00
1,2,1383.95,482.18,1527.00,525.78,0.1122,1.6,1.95,4.49,24.23,1.28,48.17,0.18,-10.00
1,2,-1.00,-1.00,-1.00,-1.00,0.1101,1.7,1.90,4.33,40.28,0.90,-15.52,0.36,-10.00
1,2,950.67,489.29,1018.09,544.09,0.1100,1.6,1.94,4.41,5.19,1.58,39.53,1.67,-10.00
1,2,-1.00,-1.00,-1.00,-1.00,0.1067,1.6,1.92,4.46,16.94,1.47,-10.88,1.57,-10.00
1,2,-1.00,-1.00,-1.00,-1.00,0.1062,1.6,1.91,4.51,31.03,1.16,3.93,1.84,-10.00
1,2,-1.00,-1.00,-1.00,-1.00,0.1056,1.6,1.90,4.46,13.29,1.41,-26.67,-1.65,-10.00
1,2,-1.00,-1.00,-1.00,-1.00,0.1043,1.6,1.90,4.41,20.82,1.32,-37.05,-3.14,-10.00
2,2,-1.00,-1.00,-1.00,-1.00,0.9278,1.7,1.86,4.34,16.06,1.37,-5.33,-1.33,-10.00
2,2,-1.00,-1.00,-1.00,-1.00,0.9266,1.8,1.85,4.44,25.90,1.50,3.88,-1.31,-10.00
2,2,-1.00,-1.00,-1.00,-1.00,0.8491,1.7,1.87,4.44,18.64,1.28,-5.64,-1.36,-10.00
2,2,1145.42,491.23,1423.98,581.27,0.8324,1.5,1.83,4.29,8.23,1.53,22.54,-3.10,-10.00
2,2,1167.11,494.53,1503.96,599.80,0.8316,1.5,1.91,4.53,8.05,1.62,19.98,-3.11,-10.00
2,2,-1.00,-1.00,-1.00,-1.00,0.7692,1.6,1.89,4.68,16.71,1.50,7.03,1.91,-10.00
2,2,-1.00,-1.00,-1.00,-1.00,0.7331,1.6,1.89,4.45,28.47,1.38,2.57,-1.22,-10.00
2,2,1133.38,488.63,1375.22,570.00,0.6840,1.5,1.82,4.20,8.53,1.48,24.97,-3.04,-10.00
2,2,-1.00,-1.00,-1.00,-1.00,0.6573,1.7,1.94,4.83,22.25,1.33,-13.96,-1.44,-10.00
2,2,-1.00,-1.00,-1.00,-1.00,0.6431,1.6,1.83,4.31,8.86,1.29,-35.09,-0.07,-10.00
2,2,-1.00,-1.00,-1.00,-1.00,0.6291,1.8,1.92,4.51,24.85,1.09,-14.38,1.72,-10.00
2,2,1125.86,483.80,1342.93,561.23,0.5919,1.6,1.87,4.30,8.93,1.45,27.42,-2.92,-10.00
2,2,-1.00,-1.00,-1.00,-1.00,0.5885,1.7,1.93,4.39,39.17,1.01,-0.73,1.93,-10.00
2,2,1048.38,488.91,1215.42,547.98,0.5222,1.6,1.89,4.36,9.05,1.59,36.57,0.02,-10.00
2,2,-1.00,-1.00,-1.00,-1.00,0.5183,1.8,1.94,4.50,15.55,1.32,-28.57,-1.50,-10.00
2,2,-1.00,-1.00,-1.00,-1.00,0.4809,1.6,1.86,4.32,21.58,1.03,-31.02,0.08,-10.00
2,2,-1.00,-1.00,-1.00,-1.00,0.4454,1.6,1.88,4.42,34.63,1.07,0.60,2.03,-10.00
2,2,-1.00,-1.00,-1.00,-1.00,0.4427,1.7,1.88,4.59,-1.58,1.43,-46.33,1.50,-10.00
2,2,-1.00,-1.00,-1.00,-1.00,0.4355,1.6,1.87,4.39,21.86,1.13,-28.31,-3.01,-10.00
2,2,-1.00,-1.00,-1.00,-1.00,0.4049,1.5,1.92,4.47,20.93,1.63,-7.01,-1.26,-10.00
2,2,-1.00,-1.00,-1.00,-1.00,0.3905,1.7,1.93,4.43,44.25,1.36,-2.38,1.82,-10.00
2,2,-1.00,-1.00,-1.00,-1.00,0.3639,1.6,1.89,4.41,25.32,1.29,-30.01,1.67,-10.00
2,2,1396.57,481.33,1469.10,527.99,0.3547,1.7,1.90,4.47,23.11,1.35,47.61,-1.24,-10.00
2,2,-1.00,-1.00,-1.00,-1.00,0.3194,1.7,1.91,4.55,29.42,1.04,-16.60,-1.42,-10.00
2,2,-1.00,-1.00,-1.00,-1.00,0.3146,1.7,1.85,4.43,36.60,1.08,-12.70,1.94,-10.00
2,2,-1.00,-1.00,-1.00,-1.00,0.3119,1.6,1.87,4.33,21.58,1.25,-33.44,3.13,-10.00
2,2,-1.00,-1.00,-1.00,-1.00,0.3044,1.7,1.86,4.39,39.42,0.85,-18.51,-1.32,-10.00
2,2,988.71,491.98,1129.97,541.74,0.2592,1.6,1.90,4.44,8.03,1.63,42.14,-3.06,-10.00
2,2,-1.00,-1.00,-1.00,-1.00,0.2529,1.7,1.92,4.50,40.88,1.03,0.54,-2.86,-10.00
2,2,1328.66,484.95,1395.27,530.15,0.2501,1.6,1.93,4.56,20.71,1.44,48.22,-1.25,-10.00
2,2,-1.00,-1.00,-1.00,-1.00,0.2487,1.6,1.87,4.38,31.02,1.38,1.69,-1.20,-10.00
2,2,-1.00,-1.00,-1.00,-1.00,0.2253,1.7,1.95,4.62,19.34,1.45,-15.28,-1.45,-10.00
2,2,1036.26,492.15,1193.78,545.14,0.2203,1.6,1.91,4.47,9.23,1.63,39.38,-3.11,-10.00
2,2,-1.00,-1.00,-1.00,-1.00,0.1902,1.7,1.85,4.51,27.36,1.09,-13.57,-1.43,-10.00
2,2,-1.00,-1.00,-1.00,-1.00,0.1748,1.8,2.00,4.42,31.36,0.87,-17.31,1.70,-10.00
2,2,-1.00,-1.00,-1.00,-1.00,0.1727,1.7,1.97,4.49,27.29,1.13,-16.37,-1.35,-10.00
2,2,-1.00,-1.00,-1.00,-1.00,0.1662,1.6,1.91,4.44,8.82,1.27,-38.11,-3.14,-10.00
2,2,-1.00,-1.00,-1.00,-1.00,0.1629,1.6,1.91,4.38,27.69,1.26,-30.09,1.68,-10.00
2,2,-1.00,-1.00,-1.00,-1.00,0.1589,1.7,1.90,4.38,17.61,0.86,-29.42,-1.38,-10.00
2,2,-1.00,-1.00,-1.00,-1.00,0.1584,1.6,1.88,4.44,20.18,1.68,6.40,1.90,-10.00
2,2,-1.00,-1.00,-1.00,-1.00,0.1423,1.5,1.86,4.33,16.67,1.55,10.51,0.36,-10.00
2,2,-1.00,-1.00,-1.00,-1.00,0.1397,1.7,1.93,4.45,42.06,1.40,-1.32,1.92,-10.00
2,2,-1.00,-1.00,-1.00,-1.00,0.1338,1.6,1.90,4.44,44.89,1.58,-4.56,-2.89,-10.00
2,2,-1.00,-1.00,-1.00,-1.00,0.1330,1.7,1.96,4.54,33.62,1.15,-16.25,-1.39,-10.00
2,2,-1.00,-1.00,-1.00,-1.00,0.1325,1.7,1.90,4.52,17.38,0.88,-51.35,-0.09,-10.00
2,2,-1.00,-1.00,-1.00,-1.00,0.1300,1.6,1.94,4.46,41.37,0.65,-13.97,-1.22,-10.00
2,2,-1.00,-1.00,-1.00,-1.00,0.1253,1.6,1.89,4.39,0.10,1.74,-47.82,-0.07,-10.00
2,2,-1.00,-1.00,-1.00,-1.00,0.1251,1.7,1.92,4.38,39.23,0.88,-12.74,-1.27,-10.00
2,2,1111.54,474.04,1321.49,549.17,0.1247,1.7,1.94,4.57,9.40,1.30,29.77,-2.78,-10.00
2,2,-1.00,-1.00,-1.00,-1.00,0.1217,1.6,1.90,4.39,20.89,1.10,-39.06,3.13,-10.00
2,2,-1.00,-1.00,-1.00,-1.00,0.1214,2.2,2.04,5.16,14.98,1.47,-13.21,1.57,-10.00
2,2,1070.69,477.54,1248.26,537.72,0.1214,1.5,1.84,4.29,9.08,1.20,33.79,-3.08,-10.00
2,2,-1.00,-1.00,-1.00,-1.00,0.1176,1.7,1.90,4.52,46.52,1.62,-3.10,-1.31,-10.00
2,2,1075.30,483.43,1256.39,547.45,0.1070,1.6,1.85,4.30,8.82,1.38,32.27,-2.96,-10.00
2,2,-1.00,-1.00,-1.00,-1.00,0.1063,1.6,1.88,4.39,16.85,1.24,-34.42,1.40,-10.00
3,2,-1.00,-1.00,-1.00,-1.00,0.9282,1.7,1.84,4.34,15.99,1.30,-7.47,-1.33,-10.00
3,2,1219.10,493.54,1599.76,613.05,0.8771,1.6,1.89,4.48,8.22,1.62,17.85,-3.14,-10.00
3,2,-1.00,-1.00,-1.00,-1.00,0.8704,1.9,1.89,4.37,25.87,1.37,1.83,-1.31,-10.00
3,2,-1.00,-1.00,-1.00,-1.00,0.8460,1.8,1.95,4.68,22.07,1.17,-16.07,-1.42,-10.00
3,2,1179.41,485.37,1495.35,586.84,0.8211,1.5,1.87,4.32,8.27,1.46,20.41,-3.11,-10.00
3,2,-1.00,-1.00,-1.00,-1.00,0.7799,1.6,1.88,4.42,15.57,1.11,-30.52,-1.67,-10.00
3,2,-1.00,-1.00,-1.00,-1.00,0.7614,1.6,1.89,4.36,20.39,1.14,-31.60,-1.48,-10.00
3,2,-1.00,-1.00,-1.00,-1.00,0.7585,1.6,1.88,4.43,18.46,1.15,-8.06,-1.33,-10.00
3,2,1150.81,471.68,1398.98,556.41,0.6550,1.6,1.86,4.33,8.97,1.23,25.10,-3.01,-10.00
3,2,-1.00,-1.00,-1.00,-1.00,0.6531,1.6,1.87,4.50,-1.85,1.50,-48.23,1.48,-10.00
3,2,1071.64,484.27,1245.36,544.76,0.6511,1.6,1.84,4.23,9.28,1.42,34.55,-0.01,-10.00
3,2,-1.00,-1.00,-1.00,-1.00,0.6318,1.6,1.87,4.39,16.65,1.49,4.66,1.98,-10.00
3,2,-1.00,-1.00,-1.00,-1.00,0.5875,1.7,1.94,4.50,28.48,1.45,0.35,-1.24,-10.00
3,2,-1.00,-1.00,-1.00,-1.00,0.5504,1.5,1.82,4.29,8.76,1.38,-37.32,3.10,-10.00
3,2,-1.00,-1.00,-1.00,-1.00,0.5361,1.6,1.91,4.39,24.62,0.97,-16.73,-1.36,-10.00
3,2,1365.06,476.33,1507.87,521.82,0.5300,1.5,1.86,4.32,21.76,1.05,44.61,-2.81,-10.00
3,2,-1.00,-1.00,-1.00,-1.00,0.5167,1.7,1.92,4.43,39.33,0.94,-2.96,1.99,-10.00
3,2,-1.00,-1.00,-1.00,-1.00,0.3854,1.7,1.91,4.50,34.62,1.01,-1.71,2.01,-10.00
3,2,-1.00,-1.00,-1.00,-1.00,0.3763,1.6,1.90,4.28,36.68,1.12,-14.33,-1.31,-10.00
3,2,1167.07,484.82,1434.96,575.22,0.3720,1.5,1.81,4.19,8.65,1.45,22.90,-3.05,-10.00
3,2,-1.00,-1.00,-1.00,-1.00,0.3430,1.7,1.96,4.58,29.83,0.84,-17.75,-1.34,-10.00
3,2,-1.00,-1.00,-1.00,-1.00,0.3296,1.7,1.91,4.43,44.23,1.09,-4.55,1.78,-10.00
3,2,-1.00,-1.00,-1.00,-1.00,0.2823,1.6,1.96,4.35,22.95,1.52,2.26,-1.29,-10.00
3,2,-1.00,-1.00,-1.00,-1.00,0.2616,1.6,1.85,4.33,17.73,0.90,-31.15,-1.45,-10.00
3,2,-1.00,-1.00,-1.00,-1.00,0.2437,1.7,1.91,4.45,40.92,0.92,-1.62,-2.86,-10.00
3,2,-1.00,-1.00,-1.00,-1.00,0.2307,1.7,1.90,4.48,19.39,1.53,-16.00,-1.44,-10.00
3,2,-1.00,-1.00,-1.00,-1.00,0.2278,1.7,1.92,4.33,41.85,0.93,-14.68,-1.32,-10.00
3,2,-1.00,-1.00,-1.00,-1.00,0.2256,1.6,1.89,4.37,26.35,0.69,-15.46,-2.94,-10.00
3,2,-1.00,-1.00,-1.00,-1.00,0.2255,1.8,1.93,4.48,41.01,0.44,-20.54,0.26,-10.00
3,2,-1.00,-1.00,-1.00,-1.00,0.2186,1.5,1.87,4.28,31.33,1.32,-0.56,1.98,-10.00
3,2,-1.00,-1.00,-1.00,-1.00,0.2146,1.6,1.89,4.38,8.49,1.42,-40.54,3.08,-10.00
3,2,1006.66,487.47,1155.30,540.35,0.1958,1.6,1.88,4.39,8.26,1.50,39.82,-3.05,-10.00
3,2,-1.00,-1.00,-1.00,-1.00,0.1932,1.5,1.88,4.45,20.88,1.39,-8.78,1.92,-10.00
3,2,1125.39,480.97,1351.81,555.22,0.1910,1.6,1.91,4.42,9.31,1.37,28.19,-3.10,-10.00
3,2,-1.00,-1.00,-1.00,-1.00,0.1891,1.7,1.91,4.33,35.39,1.18,-14.85,-1.86,-10.00
3,2,1050.56,488.10,1216.97,544.21,0.1849,1.6,1.88,4.39,9.23,1.50,37.05,3.14,-10.00
3,2,-1.00,-1.00,-1.00,-1.00,0.1740,1.7,1.95,4.42,27.31,0.88,-18.13,1.82,-10.00
3,2,-1.00,-1.00,-1.00,-1.00,0.1576,1.7,1.91,4.43,38.29,1.03,-12.74,0.20,-10.00
3,2,-1.00,-1.00,-1.00,-1.00,0.1507,1.7,1.95,4.55,31.68,0.62,-18.68,0.17,-10.00
3,2,1112.09,489.42,1310.74,557.32,0.1479,1.6,1.86,4.34,9.45,1.53,30.60,-3.00,-10.00
3,2,-1.00,-1.00,-1.00,-1.00,0.1465,1.6,1.84,4.32,16.80,1.57,8.25,-2.77,-10.00
3,2,1357.05,476.64,1497.99,520.55,0.1465,1.6,1.90,4.47,22.58,1.06,46.96,-2.84,-10.00
3,2,-1.00,-1.00,-1.00,-1.00,0.1414,1.7,1.91,4.46,27.43,0.18,-13.91,-1.50,-10.00
3,2,-1.00,-1.00,-1.00,-1.00,0.1233,1.7,1.92,4.44,38.84,0.97,-15.08,-1.34,-10.00
3,2,-1.00,-1.00,-1.00,-1.00,0.1224,1.6,1.92,4.46,40.96,1.01,0.85,-2.86,-10.00
3,2,-1.00,-1.00,-1.00,-1.00,0.1208,1.6,1.88,4.35,30.16,1.47,-0.07,-1.15,-10.00
3,2,-1.00,-1.00,-1.00,-1.00,0.1107,1.6,1.86,4.45,19.85,1.60,4.45,-1.24,-10.00
3,2,1355.78,468.40,1488.49,512.73,0.1097,1.7,2.01,4.42,23.52,0.81,49.35,0.31,-10.00
3,2,-1.00,-1.00,-1.00,-1.00,0.1052,1.6,1.93,4.44,-2.42,1.33,-50.13,-0.03,-10.00
3,2,-1.00,-1.00,-1.00,-1.00,0.1048,1.6,1.86,4.51,36.39,0.99,-2.70,1.97,-10.00
3,2,-1.00,-1.00,-1.00,-1.00,0.1033,1.7,1.91,4.40,47.84,0.26,-25.82,-3.12,-10.00
3,2,-1.00,-1.00,-1.00,-1.00,0.1015,1.6,1.90,4.50,23.38,1.35,-8.51,2.05,-10.00
3,2,-1.00,-1.00,-1.00,-1.00,0.1013,1.7,1.81,4.33,39.38,0.67,-19.77,-1.30,-10.00
3,2,-1.00,-1.00,-1.00,-1.00,0.1005,1.6,1.92,4.43,8.42,1.26,-42.60,3.07,-10.00
3,2,-1.00,-1.00,-1.00,-1.00,0.1003,1.6,1.91,4.43,20.35,1.15,-41.46,3.11,-10.00
4,2,-1.00,-1.00,-1.00,-1.00,0.9391,1.6,1.79,4.32,15.90,1.29,-10.29,-1.31,-10.00
4,2,1286.40,498.16,1600.00,634.80,0.8929,1.5,1.89,4.47,8.22,1.61,15.21,-3.11,-10.00
4,2,-1.00,-1.00,-1.00,-1.00,0.8698,1.9,1.87,4.36,25.86,1.27,-1.23,-1.31,-10.00
4,2,1241.12,506.70,1600.00,615.96,0.8263,1.4,1.80,4.16,8.29,1.64,17.65,-3.08,-10.00
4,2,-1.00,-1.00,-1.00,-1.00,0.8064,1.7,1.97,4.58,22.00,1.17,-18.86,-1.41,-10.00
4,2,-1.00,-1.00,-1.00,-1.00,0.7842,1.6,1.80,4.32,15.41,1.05,-33.26,-1.67,-10.00
4,2,1192.91,478.01,1476.03,571.41,0.7547,1.6,1.83,4.28,9.10,1.36,22.50,-3.13,-10.00
4,2,1207.23,490.25,1522.99,589.73,0.6965,1.5,1.83,4.21,8.55,1.48,20.04,-3.08,-10.00
4,2,-1.00,-1.00,-1.00,-1.00,0.6487,1.6,1.86,4.40,18.35,1.26,-10.75,-1.30,-10.00
4,2,-1.00,-1.00,-1.00,-1.00,0.6315,1.6,1.91,4.51,28.49,1.27,-2.47,-1.25,-10.00
4,2,1097.14,488.14,1284.35,554.95,0.6212,1.6,1.84,4.20,9.32,1.55,31.79,0.06,-10.00
4,2,-1.00,-1.00,-1.00,-1.00,0.6209,1.7,1.95,4.49,39.38,0.88,-5.87,2.02,-10.00
4,2,-1.00,-1.00,-1.00,-1.00,0.5345,1.6,1.84,4.34,8.42,1.59,-39.91,3.03,-10.00
4,2,-1.00,-1.00,-1.00,-1.00,0.4847,1.6,1.92,4.36,36.54,1.07,-17.05,1.90,-10.00
4,2,-1.00,-1.00,-1.00,-1.00,0.4661,1.6,1.88,4.43,16.98,1.46,1.59,2.09,-10.00
4,2,-1.00,-1.00,-1.00,-1.00,0.4179,1.6,1.93,4.48,24.50,1.10,-19.59,1.78,-10.00
4,2,-1.00,-1.00,-1.00,-1.00,0.3923,1.6,1.84,4.36,34.71,0.92,-4.56,2.14,-10.00
4,2,1468.40,475.75,1558.54,525.41,0.3713,1.6,1.84,4.45,23.45,1.12,42.75,-1.26,-10.00
4,2,-1.00,-1.00,-1.00,-1.00,0.3655,1.7,1.93,4.40,41.56,0.67,-18.00,-1.34,-10.00
4,2,-1.00,-1.00,-1.00,-1.00,0.3576,1.7,1.95,4.57,20.08,1.20,-34.39,-1.43,-10.00
4,2,1398.78,472.90,1476.38,523.13,0.3342,1.6,1.88,4.49,21.19,1.07,43.35,-1.23,-10.00
4,2,-1.00,-1.00,-1.00,-1.00,0.2575,1.8,1.92,4.49,40.68,0.32,-23.45,0.31,-10.00
4,2,-1.00,-1.00,-1.00,-1.00,0.2359,1.6,1.90,4.45,17.31,1.61,5.44,-2.78,-10.00
4,2,-1.00,-1.00,-1.00,-1.00,0.2295,1.7,1.95,4.35,39.21,0.90,-17.85,-1.30,-10.00
4,2,-1.00,-1.00,-1.00,-1.00,0.2254,1.6,1.90,4.45,20.91,1.55,-11.80,-1.24,-10.00
4,2,-1.00,-1.00,-1.00,-1.00,0.2218,1.6,1.95,4.58,19.38,1.43,-18.85,1.72,-10.00
4,2,1148.71,491.21,1369.15,565.81,0.2105,1.6,1.87,4.35,9.73,1.59,28.15,-3.00,-10.00
4,2,-1.00,-1.00,-1.00,-1.00,0.2090,1.7,1.95,4.61,38.86,0.39,-32.36,-2.80,-10.00
4,2,-1.00,-1.00,-1.00,-1.00,0.2087,1.6,1.85,4.39,30.57,1.31,-2.91,1.86,-10.00
4,2,-1.00,-1.00,-1.00,-1.00,0.2067,1.7,1.91,4.39,25.33,0.81,-16.83,1.73,-10.00
4,2,1042.47,477.34,1203.74,535.97,0.2056,1.7,1.92,4.46,8.97,1.28,37.35,-2.99,-10.00
4,2,1321.07,470.75,1389.73,519.01,0.1927,1.6,1.87,4.41,18.83,0.96,44.40,-1.25,-10.00
4,2,-1.00,-1.00,-1.00,-1.00,0.1842,1.6,1.89,4.37,7.89,1.59,-42.95,3.13,-10.00
4,2,-1.00,-1.00,-1.00,-1.00,0.1806,1.6,1.92,4.41,43.86,1.12,-7.64,1.93,-10.00
4,2,-1.00,-1.00,-1.00,-1.00,0.1804,1.6,1.90,4.39,17.69,1.07,-33.86,-1.60,-10.00
4,2,-1.00,-1.00,-1.00,-1.00,0.1786,1.6,1.90,4.50,19.42,1.52,1.48,-1.44,-10.00
4,2,-1.00,-1.00,-1.00,-1.00,0.1705,1.7,1.91,4.55,26.87,0.59,-18.90,1.76,-10.00
4,2,685.62,489.49,805.17,532.99,0.1592,1.6,1.90,4.37,-2.68,1.53,47.44,-0.09,-10.00
4,2,1384.27,481.43,1600.00,588.27,0.1562,1.6,1.87,4.35,11.62,1.46,20.18,-2.99,-10.00
4,2,-1.00,-1.00,-1.00,-1.00,0.1547,1.6,1.88,4.45,-2.39,1.36,-50.87,1.58,-10.00
4,2,-1.00,-1.00,-1.00,-1.00,0.1517,1.7,1.88,4.44,30.60,0.60,-21.23,-1.35,-10.00
4,2,-1.00,-1.00,-1.00,-1.00,0.1471,1.6,1.89,4.36,20.30,1.38,-0.70,-2.87,-10.00
4,2,-1.00,-1.00,-1.00,-1.00,0.1450,1.7,1.94,4.51,40.76,1.02,-4.44,0.39,-10.00
4,2,-1.00,-1.00,-1.00,-1.00,0.1436,1.6,1.84,4.22,48.47,0.01,-27.01,-1.48,-10.00
4,2,1089.63,483.62,1272.06,546.26,0.1350,1.6,1.90,4.46,9.79,1.44,34.29,-3.06,-10.00
4,2,-1.00,-1.00,-1.00,-1.00,0.1314,1.6,1.89,4.40,13.31,1.32,-34.20,-1.71,-10.00
4,2,-1.00,-1.00,-1.00,-1.00,0.1247,1.6,1.88,4.40,36.40,1.06,-5.48,2.09,-10.00
4,2,1174.73,485.01,1428.43,567.18,0.1204,1.5,1.85,4.33,9.48,1.44,25.03,-3.07,-10.00
4,2,1168.79,489.82,1406.47,569.04,0.1173,1.6,1.87,4.35,9.82,1.57,26.66,-3.05,-10.00
4,2,-1.00,-1.00,-1.00,-1.00,0.1152,1.5,1.84,4.33,33.09,1.09,-3.96,1.73,-10.00
4,2,-1.00,-1.00,-1.00,-1.00,0.1145,1.6,1.92,4.38,43.07,1.38,-10.50,1.93,-10.00
4,2,-1.00,-1.00,-1.00,-1.00,0.1093,1.6,1.86,4.31,42.98,1.10,-16.39,0.20,-10.00
4,2,-1.00,-1.00,-1.00,-1.00,0.1092,1.6,1.83,4.24,34.98,0.94,-6.63,0.60,-10.00
4,2,-1.00,-1.00,-1.00,-1.00,0.1080,1.6,1.87,4.36,28.90,1.18,1.40,0.38,-10.00
4,2,-1.00,-1.00,-1.00,-1.00,0.1065,1.7,1.92,4.51,30.35,-0.47,10.57,-2.98,-10.00
4,2,-1.00,-1.00,-1.00,-1.00,0.1061,1.7,1.99,4.44,36.55,0.75,-22.76,1.89,-10.00
4,2,-1.00,-1.00,-1.00,-1.00,0.1048,1.5,1.89,4.37,31.77,1.24,-3.28,-1.12,-10.00
4,2,-1.00,-1.00,-1.00,-1.00,0.1016,1.7,1.92,4.45,41.31,0.85,-6.90,2.03,-10.00
5,2,-1.00,-1.00,-1.00,-1.00,0.9374,1.7,1.82,4.32,15.85,1.33,-13.25,-1.31,-10.00
5,2,1388.03,492.24,1600.00,670.39,0.9309,1.5,1.91,4.54,8.23,1.59,12.25,-3.11,-10.00
5,2,-1.00,-1.00,-1.00,-1.00,0.8741,1.8,1.88,4.24,25.79,1.24,-4.38,-1.29,-10.00
5,2,1319.35,488.81,1600.00,626.48,0.8694,1.5,1.86,4.32,8.41,1.48,14.81,3.14,-10.00
5,2,-1.00,-1.00,-1.00,-1.00,0.8085,1.7,1.94,4.70,36.45,1.01,-20.00,-1.23,-10.00
5,2,1243.78,481.61,1569.07,586.66,0.8066,1.5,1.80,4.20,9.02,1.41,19.62,-3.13,-10.00
5,2,1261.22,479.59,1600.00,598.44,0.7809,1.5,1.84,4.27,8.52,1.39,17.25,3.10,-10.00
5,2,-1.00,-1.00,-1.00,-1.00,0.7523,1.6,1.92,4.54,18.32,1.26,-13.87,-1.29,-10.00
5,2,-1.00,-1.00,-1.00,-1.00,0.6785,1.5,1.84,4.27,28.22,1.27,-5.50,1.85,-10.00
5,2,-1.00,-1.00,-1.00,-1.00,0.6581,1.6,1.90,4.41,16.60,1.46,-1.12,1.94,-10.00
5,2,1141.08,478.17,1354.25,548.69,0.6109,1.5,1.83,4.24,9.77,1.27,28.92,-0.00,-10.00
5,2,-1.00,-1.00,-1.00,-1.00,0.5856,1.7,1.95,4.36,21.95,1.20,-21.98,-1.39,-10.00
5,2,-1.00,-1.00,-1.00,-1.00,0.5419,1.6,1.93,4.38,19.94,1.37,-37.25,-1.42,-10.00
5,2,1523.48,475.61,1600.00,527.79,0.5292,1.5,1.83,4.37,23.52,1.11,39.58,-1.21,-10.00
5,2,-1.00,-1.00,-1.00,-1.00,0.5141,1.6,1.90,4.48,8.42,1.54,-42.91,3.10,-10.00
5,2,-1.00,-1.00,-1.00,-1.00,0.4757,1.7,1.93,4.54,41.36,1.07,-20.91,-1.33,-10.00
5,2,1438.88,471.84,1525.26,524.51,0.4479,1.6,1.89,4.41,21.19,1.04,40.46,1.93,-10.00
5,2,-1.00,-1.00,-1.00,-1.00,0.3460,1.7,1.92,4.39,39.34,1.10,-9.04,2.25,-10.00
5,2,-1.00,-1.00,-1.00,-1.00,0.3294,1.8,1.95,4.58,15.22,1.34,-36.79,-1.62,-10.00
5,2,-1.00,-1.00,-1.00,-1.00,0.3159,1.6,1.94,4.45,19.06,1.50,-1.61,1.88,-10.00
5,2,-1.00,-1.00,-1.00,-1.00,0.2970,1.6,1.91,4.50,21.36,1.59,-14.39,-1.38,-10.00
5,2,1063.05,468.02,1242.57,531.66,0.2178,1.6,1.92,4.48,9.01,1.05,34.22,-3.00,-10.00
5,2,1371.08,476.00,1439.88,529.53,0.2167,1.6,1.92,4.45,19.11,1.21,41.15,-1.15,-10.00
5,2,-1.00,-1.00,-1.00,-1.00,0.2102,1.6,1.83,4.40,33.31,1.10,-7.51,-2.09,-10.00
5,2,-1.00,-1.00,-1.00,-1.00,0.2092,1.6,1.88,4.37,7.81,1.59,-45.78,-3.11,-10.00
5,2,-1.00,-1.00,-1.00,-1.00,0.1975,1.7,1.94,4.60,37.40,0.30,-34.84,-2.83,-10.00
5,2,-1.00,-1.00,-1.00,-1.00,0.1804,1.5,1.87,4.34,30.56,1.24,-6.13,2.00,-10.00
5,2,1099.81,479.09,1300.06,544.94,0.1734,1.6,1.89,4.40,9.44,1.29,31.40,-3.12,-10.00
5,2,-1.00,-1.00,-1.00,-1.00,0.1724,1.6,1.97,4.38,38.81,1.04,-21.08,-1.32,-10.00
5,2,-1.00,-1.00,-1.00,-1.00,0.1688,1.7,1.93,4.49,22.52,1.53,-15.36,-1.36,-10.00
5,2,-1.00,-1.00,-1.00,-1.00,0.1686,1.7,1.92,4.47,30.19,0.90,-24.23,-2.87,-10.00
5,2,-1.00,-1.00,-1.00,-1.00,0.1516,1.7,1.89,4.60,22.37,1.45,-36.92,1.74,-10.00
5,2,-1.00,-1.00,-1.00,-1.00,0.1501,1.6,1.89,4.40,35.25,1.07,-7.70,2.19,-10.00
5,2,-1.00,-1.00,-1.00,-1.00,0.1457,1.7,1.92,4.43,31.88,-0.32,3.29,1.97,-10.00
5,2,1216.08,488.94,1472.27,571.85,0.1455,1.5,1.84,4.29,10.14,1.49,24.63,-2.97,-10.00
5,2,-1.00,-1.00,-1.00,-1.00,0.1419,1.7,1.96,4.56,49.57,1.54,-21.98,-2.99,-10.00
5,2,1220.10,480.05,1513.96,574.09,0.1381,1.5,1.83,4.30,9.40,1.36,21.91,-3.06,-10.00
5,2,-1.00,-1.00,-1.00,-1.00,0.1332,1.6,1.90,4.37,20.60,1.68,-1.79,1.84,-10.00
5,2,-1.00,-1.00,-1.00,-1.00,0.1314,1.7,1.86,4.43,39.09,0.83,-26.48,1.87,-10.00
5,2,-1.00,-1.00,-1.00,-1.00,0.1238,1.6,1.88,4.41,34.70,1.10,-9.84,-2.58,-10.00
5,2,-1.00,-1.00,-1.00,-1.00,0.1233,1.6,1.93,4.45,24.54,0.92,-22.29,1.75,-10.00
5,2,-1.00,-1.00,-1.00,-1.00,0.1159,1.6,1.86,4.34,43.88,1.29,-10.48,-1.33,-10.00
5,2,-1.00,-1.00,-1.00,-1.00,0.1143,1.6,1.92,4.40,8.30,1.55,-48.22,3.07,-10.00
5,2,-1.00,-1.00,-1.00,-1.00,0.1141,1.7,1.92,4.48,39.43,1.19,-11.01,0.46,-10.00
5,2,-1.00,-1.00,-1.00,-1.00,0.1140,1.6,1.88,4.32,17.28,1.30,-36.37,-1.49,-10.00
5,2,-1.00,-1.00,-1.00,-1.00,0.1132,1.6,1.90,4.27,37.80,1.16,-8.30,1.99,-10.00
5,2,-1.00,-1.00,-1.00,-1.00,0.1100,1.6,1.91,4.44,44.05,1.00,-21.76,1.80,-10.00
5,2,-1.00,-1.00,-1.00,-1.00,0.1088,1.6,1.83,4.30,19.03,1.46,1.83,0.32,-10.00
5,2,-1.00,-1.00,-1.00,-1.00,0.1082,1.6,1.97,4.59,19.24,1.59,-22.19,1.78,-10.00
5,2,-1.00,-1.00,-1.00,-1.00,0.1079,1.6,1.90,4.23,48.49,0.36,-29.69,-1.35,-10.00
5,2,-1.00,-1.00,-1.00,-1.00,0.1044,1.5,1.87,4.35,17.38,1.46,0.89,-2.78,-10.00
5,2,-1.00,-1.00,-1.00,-1.00,0.1000,1.7,1.93,4.53,33.25,0.58,-24.64,-1.34,-10.00
6,2,-1.00,-1.00,-1.00,-1.00,0.9381,1.7,1.83,4.37,15.77,1.25,-16.46,-1.34,-10.00
6,2,1562.41,485.05,1600.00,744.48,0.9229,1.6,1.93,4.59,8.22,1.61,9.08,-3.11,-10.00
6,2,1440.99,489.76,1600.00,670.20,0.8795,1.5,1.85,4.31,8.34,1.50,11.60,-3.11,-10.00
6,2,-1.00,-1.00,-1.00,-1.00,0.8589,1.6,1.90,4.43,18.27,1.08,-16.98,-1.28,-10.00
6,2,-1.00,-1.00,-1.00,-1.00,0.7961,1.6,1.85,4.51,16.57,1.25,-4.16,1.96,-10.00
6,2,1384.69,489.20,1600.00,632.91,0.7824,1.4,1.80,4.21,8.74,1.43,13.92,-3.02,-10.00
6,2,1331.85,481.54,1600.00,607.94,0.7819,1.5,1.81,4.20,9.12,1.41,16.36,0.07,-10.00
6,2,-1.00,-1.00,-1.00,-1.00,0.7457,1.6,1.89,4.55,36.31,0.93,-23.26,-1.23,-10.00
6,2,1183.27,482.71,1421.43,563.89,0.7351,1.6,1.79,4.14,9.71,1.41,25.56,0.07,-10.00
6,2,-1.00,-1.00,-1.00,-1.00,0.6195,1.6,1.95,4.59,20.72,1.17,-17.88,-1.28,-10.00
6,2,-1.00,-1.00,-1.00,-1.00,0.5281,1.8,1.92,4.56,15.01,1.26,-39.68,-1.65,-10.00
6,2,1495.76,470.97,1600.00,527.62,0.5050,1.6,1.90,4.42,21.45,1.04,37.23,-1.24,-10.00
6,2,-1.00,-1.00,-1.00,-1.00,0.4970,1.8,1.94,4.31,25.73,1.00,-7.33,-1.29,-10.00
6,2,1398.27,474.50,1486.79,529.62,0.4613,1.6,1.89,4.35,18.93,1.13,38.45,1.91,-10.00
6,2,-1.00,-1.00,-1.00,-1.00,0.4594,1.7,1.91,4.42,21.72,1.15,-25.52,-1.41,-10.00
6,2,-1.00,-1.00,-1.00,-1.00,0.4277,1.5,1.85,4.32,7.89,1.59,-46.04,3.08,-10.00
6,2,-1.00,-1.00,-1.00,-1.00,0.4268,1.6,1.87,4.42,28.14,1.11,-8.67,1.85,-10.00
6,2,1581.02,469.57,1600.00,525.24,0.4214,1.5,1.80,4.33,23.54,0.95,36.37,1.90,-10.00
6,2,-1.00,-1.00,-1.00,-1.00,0.3534,1.6,1.90,4.29,38.91,0.89,-29.90,1.84,-10.00
6,2,-1.00,-1.00,-1.00,-1.00,0.3456,1.6,1.94,4.31,41.35,0.77,-24.20,1.79,-10.00
6,2,-1.00,-1.00,-1.00,-1.00,0.2674,1.6,1.90,4.43,7.61,1.71,-48.90,-3.10,-10.00
6,2,-1.00,-1.00,-1.00,-1.00,0.2627,1.7,1.91,4.42,39.36,0.96,-12.39,2.12,-10.00
6,2,-1.00,-1.00,-1.00,-1.00,0.2446,1.6,1.93,4.48,19.30,1.35,-4.83,1.95,-10.00
6,2,-1.00,-1.00,-1.00,-1.00,0.2268,1.6,1.89,4.44,22.88,1.37,-18.58,-1.28,-10.00
6,2,-1.00,-1.00,-1.00,-1.00,0.2144,1.6,1.94,4.34,48.57,1.16,-25.40,-1.52,-10.00
6,2,-1.00,-1.00,-1.00,-1.00,0.2011,1.6,1.92,4.49,32.66,1.14,-6.20,-2.80,-10.00
6,2,-1.00,-1.00,-1.00,-1.00,0.1935,1.6,1.86,4.35,30.60,1.00,-8.84,1.92,-10.00
6,2,-1.00,-1.00,-1.00,-1.00,0.1830,1.5,1.89,4.23,38.82,0.86,-23.73,-1.29,-10.00
6,2,1091.81,482.02,1293.56,551.89,0.1658,1.6,1.92,4.48,9.12,1.43,31.02,-3.02,-10.00
6,2,-1.00,-1.00,-1.00,-1.00,0.1619,1.6,1.94,4.50,24.46,1.01,-25.50,1.71,-10.00
6,2,-1.00,-1.00,-1.00,-1.00,0.1524,1.6,1.94,4.53,31.94,1.04,-7.47,-2.80,-10.00
6,2,-1.00,-1.00,-1.00,-1.00,0.1486,1.7,1.96,4.56,18.86,1.54,-27.26,-1.54,-10.00
6,2,1149.29,479.43,1379.62,555.18,0.1446,1.6,1.90,4.50,9.86,1.36,28.15,-3.05,-10.00
6,2,-1.00,-1.00,-1.00,-1.00,0.1365,1.6,1.93,4.42,20.98,1.61,-4.90,1.83,-10.00
6,2,-1.00,-1.00,-1.00,-1.00,0.1358,1.7,1.92,4.48,43.32,0.96,-25.36,-1.00,-10.00
6,2,-1.00,-1.00,-1.00,-1.00,0.1264,1.6,1.93,4.45,17.62,1.27,-39.64,-1.68,-10.00
6,2,-1.00,-1.00,-1.00,-1.00,0.1231,1.6,1.90,4.37,43.32,0.76,-30.88,-1.12,-10.00
6,2,1269.46,485.60,1576.50,582.77,0.1213,1.5,1.85,4.34,10.11,1.46,21.44,-2.97,-10.00
6,2,-1.00,-1.00,-1.00,-1.00,0.1201,1.6,1.95,4.47,20.08,1.56,-38.74,-1.46,-10.00
6,2,-1.00,-1.00,-1.00,-1.00,0.1188,1.6,1.90,4.33,22.61,1.62,-6.11,1.83,-10.00
6,2,-1.00,-1.00,-1.00,-1.00,0.1174,1.7,1.90,4.58,41.57,0.70,-28.69,1.84,-10.00
6,2,1460.75,466.54,1600.00,520.11,0.1093,1.6,1.93,4.52,23.13,0.89,40.19,0.32,-10.00
6,2,-1.00,-1.00,-1.00,-1.00,0.1020,1.7,1.93,4.55,35.18,-0.05,-37.17,-2.84,-10.00
6,2,-1.00,-1.00,-1.00,-1.00,0.1009,1.7,1.96,4.53,23.42,0.96,-21.84,-0.13,-10.00
7,2,-1.00,-1.00,-1.00,-1.00,0.9228,1.7,1.82,4.33,15.68,1.03,-20.16,-1.30,-10.00
7,2,-1.00,-1.00,-1.00,-1.00,0.9210,1.6,1.94,4.61,8.09,1.53,5.42,-3.11,-10.00
7,2,1545.92,495.01,1600.00,694.47,0.9111,1.4,1.80,4.19,8.54,1.48,10.26,-3.06,-10.00
7,2,1210.62,482.63,1503.84,579.33,0.9071,1.6,1.84,4.30,9.28,1.46,21.98,0.01,-10.00
7,2,-1.00,-1.00,-1.00,-1.00,0.8903,1.5,1.81,4.25,8.24,1.50,7.98,-3.11,-10.00
7,2,-1.00,-1.00,-1.00,-1.00,0.8822,1.6,1.90,4.52,18.13,0.97,-20.61,-1.26,-10.00
7,2,1474.75,497.74,1600.00,667.36,0.8656,1.5,1.83,4.24,9.19,1.62,12.67,0.05,-10.00
7,2,-1.00,-1.00,-1.00,-1.00,0.8016,1.7,1.92,4.62,36.44,0.68,-27.00,-1.25,-10.00
7,2,-1.00,-1.00,-1.00,-1.00,0.7838,1.6,1.81,4.39,16.42,1.29,-7.98,1.92,-10.00
7,2,1458.63,466.31,1559.18,528.09,0.7708,1.6,1.85,4.42,18.90,0.98,34.73,-1.20,-10.00
7,2,-1.00,-1.00,-1.00,-1.00,0.6599,1.6,1.92,4.51,20.76,1.08,-21.53,-1.39,-10.00
7,2,1564.95,463.70,1600.00,525.38,0.5858,1.5,1.83,4.35,21.25,0.88,33.47,-1.20,-10.00
7,2,-1.00,-1.00,-1.00,-1.00,0.4402,1.5,1.79,4.39,23.22,0.89,32.57,1.91,-10.00
7,2,-1.00,-1.00,-1.00,-1.00,0.2969,1.6,1.84,4.28,8.17,1.73,-49.74,-0.05,-10.00
7,2,-1.00,-1.00,-1.00,-1.00,0.2770,1.8,1.94,4.35,25.72,0.90,-10.98,-1.25,-10.00
7,2,-1.00,-1.00,-1.00,-1.00,0.2747,1.7,1.87,4.52,28.15,0.81,-12.39,-1.26,-10.00
7,2,-1.00,-1.00,-1.00,-1.00,0.2602,1.6,1.96,4.44,41.30,0.66,-27.79,1.92,-10.00
7,2,-1.00,-1.00,-1.00,-1.00,0.2419,1.6,1.92,4.51,18.97,1.30,-8.94,1.98,-10.00
7,2,-1.00,-1.00,-1.00,-1.00,0.2369,1.7,1.90,4.38,21.79,0.72,-28.76,-1.41,-10.00
7,2,-1.00,-1.00,-1.00,-1.00,0.2272,1.5,1.89,4.44,22.93,1.07,-22.42,-1.24,-10.00
7,2,-1.00,-1.00,-1.00,-1.00,0.1933,1.7,1.93,4.53,19.24,1.22,-28.53,-1.45,-10.00
7,2,-1.00,-1.00,-1.00,-1.00,0.1878,1.6,1.89,4.38,24.89,1.22,-44.46,1.46,-10.00
7,2,-1.00,-1.00,-1.00,-1.00,0.1738,1.7,1.93,4.52,24.53,0.43,-30.51,1.62,-10.00
7,2,1399.12,486.00,1600.00,624.65,0.1660,1.5,1.84,4.34,9.52,1.47,15.05,-3.06,-10.00
7,2,-1.00,-1.00,-1.00,-1.00,0.1595,1.6,1.95,4.33,38.78,0.50,-27.86,-1.26,-10.00
7,2,-1.00,-1.00,-1.00,-1.00,0.1556,1.7,1.91,4.40,40.80,0.33,-14.34,-3.07,-10.00
7,2,-1.00,-1.00,-1.00,-1.00,0.1507,1.7,1.96,4.49,31.09,0.11,-31.15,0.25,-10.00
7,2,-1.00,-1.00,-1.00,-1.00,0.1319,1.8,1.97,4.63,30.58,0.12,-39.59,-2.92,-10.00
7,2,-1.00,-1.00,-1.00,-1.00,0.1245,1.6,1.90,4.49,30.47,0.90,-13.24,2.00,-10.00
7,2,-1.00,-1.00,-1.00,-1.00,0.1222,1.6,1.87,4.47,20.56,1.42,-9.37,1.94,-10.00
7,2,-1.00,-1.00,-1.00,-1.00,0.1189,1.7,1.92,4.42,43.24,0.44,-29.24,1.97,-10.00
7,2,1092.57,473.24,1213.80,517.00,0.1169,1.6,2.01,4.46,13.14,0.98,49.36,0.31,-10.00
7,2,-1.00,-1.00,-1.00,-1.00,0.1164,1.6,1.89,4.40,27.35,1.05,-7.87,0.38,-10.00
7,2,1160.82,475.22,1391.61,553.18,0.1119,1.6,1.88,4.37,9.84,1.28,27.40,-3.03,-10.00
7,2,-1.00,-1.00,-1.00,-1.00,0.1107,1.8,2.03,4.67,29.78,-0.91,33.38,-2.86,-10.00
7,2,1535.80,463.91,1600.00,523.58,0.1066,1.6,1.94,4.51,23.54,0.90,36.53,0.29,-10.00
7,2,-1.00,-1.00,-1.00,-1.00,0.1059,1.6,1.91,4.42,18.03,1.01,-43.02,-1.79,-10.00
7,2,-1.00,-1.00,-1.00,-1.00,0.1054,1.5,1.82,4.33,22.52,0.95,-10.20,1.88,-10.00
7,2,-1.00,-1.00,-1.00,-1.00,0.1047,1.7,1.97,4.57,23.28,1.02,-26.68,0.02,-10.00
7,2,-1.00,-1.00,-1.00,-1.00,0.1035,1.7,1.92,4.44,35.89,0.20,-11.09,-2.74,-10.00
7,2,-1.00,-1.00,-1.00,-1.00,0.1034,1.6,1.93,4.44,17.31,1.33,-28.91,1.60,-10.00
7,2,1345.46,481.87,1600.00,603.66,0.1030,1.6,1.87,4.39,9.98,1.47,17.76,-2.99,-10.00
8,2,-1.00,-1.00,-1.00,-1.00,0.9194,1.7,1.82,4.36,15.73,1.17,-23.77,-1.35,-10.00
8,2,1280.64,477.76,1600.00,590.44,0.8927,1.5,1.80,4.15,9.10,1.36,18.24,-0.04,-10.00
8,2,-1.00,-1.00,-1.00,-1.00,0.8894,1.5,1.84,4.35,8.31,1.47,4.24,-3.11,-10.00
8,2,-1.00,-1.00,-1.00,-1.00,0.8838,1.6,1.92,4.58,8.05,1.45,1.68,-3.11,-10.00
8,2,-1.00,-1.00,-1.00,-1.00,0.8802,1.5,1.79,4.22,8.54,1.45,6.63,-3.09,-10.00
8,2,-1.00,-1.00,-1.00,-1.00,0.8734,1.5,1.85,4.28,18.17,1.11,-24.19,-1.29,-10.00
8,2,-1.00,-1.00,-1.00,-1.00,0.8048,1.9,1.96,4.59,25.76,1.07,-15.00,-1.31,-10.00
8,2,-1.00,-1.00,-1.00,-1.00,0.7880,1.5,1.81,4.24,9.04,1.40,8.95,0.09,-10.00
8,2,-1.00,-1.00,-1.00,-1.00,0.7557,1.7,1.88,4.65,16.40,1.33,-11.49,1.89,-10.00
8,2,-1.00,-1.00,-1.00,-1.00,0.6990,1.7,1.92,4.41,36.39,0.67,-30.48,-1.28,-10.00
8,2,-1.00,-1.00,-1.00,-1.00,0.6856,1.5,1.90,4.41,20.73,1.26,-25.13,-1.31,-10.00
8,2,1508.49,453.83,1600.00,534.27,0.5831,1.8,1.87,4.47,18.70,1.02,31.23,-1.30,-10.00
8,2,-1.00,-1.00,-1.00,-1.00,0.5548,1.5,1.81,4.21,21.79,0.99,28.23,-2.75,-10.00
8,2,-1.00,-1.00,-1.00,-1.00,0.4740,1.8,1.90,4.43,38.86,0.84,-37.21,1.82,-10.00
8,2,-1.00,-1.00,-1.00,-1.00,0.3631,1.6,1.87,4.29,39.12,0.04,-18.98,-1.25,-10.00
8,2,-1.00,-1.00,-1.00,-1.00,0.2927,1.7,1.95,4.49,19.32,1.30,-12.33,1.80,-10.00
8,2,-1.00,-1.00,-1.00,-1.00,0.2775,1.6,1.90,4.36,24.89,1.03,-48.19,1.52,-10.00
8,2,-1.00,-1.00,-1.00,-1.00,0.2526,1.6,1.96,4.44,28.49,0.85,-15.75,-1.32,-10.00
8,2,-1.00,-1.00,-1.00,-1.00,0.2270,1.6,1.96,4.53,21.51,0.86,30.40,-1.18,-10.00
8,2,-1.00,-1.00,-1.00,-1.00,0.2263,1.7,1.93,4.47,22.86,1.66,-13.98,1.81,-10.00
8,2,-1.00,-1.00,-1.00,-1.00,0.1980,1.7,1.95,4.57,26.68,0.50,-42.30,-2.90,-10.00
8,2,-1.00,-1.00,-1.00,-1.00,0.1875,1.7,1.87,4.34,15.31,1.35,-46.91,1.47,-10.00
8,2,-1.00,-1.00,-1.00,-1.00,0.1854,1.6,1.95,4.42,20.49,1.70,-13.20,1.76,-10.00
8,2,-1.00,-1.00,-1.00,-1.00,0.1806,1.6,1.94,4.49,31.29,1.13,-16.12,-1.34,-10.00
8,2,-1.00,-1.00,-1.00,-1.00,0.1735,1.6,1.96,4.53,41.28,0.75,-30.40,1.77,-10.00
8,2,-1.00,-1.00,-1.00,-1.00,0.1591,1.7,1.95,4.50,35.19,0.72,-17.82,0.12,-10.00
8,2,-1.00,-1.00,-1.00,-1.00,0.1568,1.5,1.85,4.40,23.39,0.72,29.57,-1.24,-10.00
8,2,-1.00,-1.00,-1.00,-1.00,0.1327,1.6,2.00,4.44,18.04,1.48,-44.98,-1.45,-10.00
8,2,1450.64,475.24,1600.00,536.64,0.1208,1.6,1.92,4.46,20.17,1.21,34.97,-2.86,-10.00
8,2,-1.00,-1.00,-1.00,-1.00,0.1176,1.6,1.89,4.40,22.16,1.57,-10.60,-2.92,-10.00
8,2,-1.00,-1.00,-1.00,-1.00,0.1124,1.6,1.91,4.37,38.53,0.58,-31.32,-1.33,-10.00
8,2,-1.00,-1.00,-1.00,-1.00,0.1096,1.6,1.94,4.49,22.92,1.44,-26.09,-1.21,-10.00
8,2,1200.41,482.70,1477.32,571.94,0.1036,1.5,1.89,4.38,9.52,1.42,23.40,-3.02,-10.00
8,2,-1.00,-1.00,-1.00,-1.00,0.1019,1.7,1.92,4.58,27.55,0.81,-47.74,1.60,-10.00
8,2,-1.00,-1.00,-1.00,-1.00,0.1014,1.6,1.90,4.38,43.37,0.68,-38.32,1.85,-10.00
9,2,-1.00,-1.00,-1.00,-1.00,0.9275,1.6,1.82,4.39,15.58,1.11,-27.71,-1.34,-10.00
9,2,1399.38,485.56,1600.00,632.86,0.9243,1.5,1.81,4.19,9.15,1.51,14.41,0.01,-10.00
9,2,-1.00,-1.00,-1.00,-1.00,0.8862,1.5,1.85,4.36,8.27,1.42,0.36,-3.09,-10.00
9,2,-1.00,-1.00,-1.00,-1.00,0.8778,1.6,1.91,4.53,8.04,1.52,-2.17,-3.11,-10.00
9,2,-1.00,-1.00,-1.00,-1.00,0.8464,1.8,1.89,4.54,18.80,1.13,27.23,-1.20,-10.00
9,2,-1.00,-1.00,-1.00,-1.00,0.8450,1.5,1.81,4.27,8.57,1.45,2.75,-3.10,-10.00
9,2,-1.00,-1.00,-1.00,-1.00,0.8377,1.6,1.86,4.47,21.22,0.99,25.89,-1.21,-10.00
9,2,-1.00,-1.00,-1.00,-1.00,0.8324,1.7,1.97,4.40,17.99,0.97,-28.32,-1.25,-10.00
9,2,-1.00,-1.00,-1.00,-1.00,0.8053,1.5,1.82,4.30,9.07,1.49,5.07,0.04,-10.00
9,2,-1.00,-1.00,-1.00,-1.00,0.7333,1.6,1.86,4.58,16.30,1.34,-15.57,-1.21,-10.00
9,2,-1.00,-1.00,-1.00,-1.00,0.7268,1.6,1.92,4.62,36.22,0.85,-34.57,1.87,-10.00
9,2,-1.00,-1.00,-1.00,-1.00,0.7225,1.6,1.85,4.42,23.40,0.91,25.25,-1.23,-10.00
9,2,-1.00,-1.00,-1.00,-1.00,0.6789,1.5,1.89,4.49,20.63,1.11,-29.15,-1.33,-10.00
9,2,-1.00,-1.00,-1.00,-1.00,0.6265,1.8,1.98,4.28,25.53,0.87,-19.09,-1.37,-10.00
9,2,-1.00,-1.00,-1.00,-1.00,0.4699,1.7,1.84,4.32,38.62,0.85,-41.26,1.84,-10.00
9,2,-1.00,-1.00,-1.00,-1.00,0.2786,1.7,1.91,4.48,28.10,0.82,-20.16,1.82,-10.00
9,2,-1.00,-1.00,-1.00,-1.00,0.2187,1.8,1.94,4.60,24.77,-0.08,-45.92,-2.92,-10.00
9,2,-1.00,-1.00,-1.00,-1.00,0.1853,1.6,1.93,4.43,39.02,0.31,-23.21,1.87,-10.00
9,2,-1.00,-1.00,-1.00,-1.00,0.1816,1.6,1.81,4.29,30.54,0.90,-37.15,-2.71,-10.00
9,2,-1.00,-1.00,-1.00,-1.00,0.1723,1.5,1.89,4.41,23.81,1.16,28.97,-2.80,-10.00
9,2,-1.00,-1.00,-1.00,-1.00,0.1661,1.7,1.98,4.65,24.83,0.79,-51.51,-1.56,-10.00
9,2,-1.00,-1.00,-1.00,-1.00,0.1539,1.6,1.89,4.46,18.96,1.52,-16.22,1.82,-10.00
9,2,-1.00,-1.00,-1.00,-1.00,0.1365,1.6,1.94,4.41,38.85,0.71,-35.12,1.89,-10.00
9,2,-1.00,-1.00,-1.00,-1.00,0.1319,1.6,1.93,4.45,41.17,0.67,-41.77,1.78,-10.00
9,2,-1.00,-1.00,-1.00,-1.00,0.1303,1.6,1.93,4.46,22.89,1.14,-29.87,-1.23,-10.00
9,2,-1.00,-1.00,-1.00,-1.00,0.1143,1.7,1.86,4.35,22.57,0.86,-13.94,-1.23,-10.00
9,2,-1.00,-1.00,-1.00,-1.00,0.1107,1.7,1.96,4.49,31.57,-1.36,24.98,0.31,-10.00
9,2,1596.48,476.44,1600.00,548.38,0.1095,1.6,1.95,4.51,21.44,1.31,30.49,-2.59,-10.00
9,2,-1.00,-1.00,-1.00,-1.00,0.1082,1.6,1.90,4.49,34.82,0.94,35.92,-1.04,-10.00
9,2,-1.00,-1.00,-1.00,-1.00,0.1068,1.7,1.97,4.41,22.91,1.23,-18.32,1.83,-10.00
9,2,-1.00,-1.00,-1.00,-1.00,0.1058,1.7,1.93,4.46,42.48,0.60,-34.74,-1.29,-10.00
9,2,-1.00,-1.00,-1.00,-1.00,0.1043,1.6,1.91,4.34,30.04,0.69,-39.01,-3.14,-10.00
9,2,-1.00,-1.00,-1.00,-1.00,0.1037,1.6,1.92,4.46,40.80,0.34,-21.92,0.24,-10.00
9,2,-1.00,-1.00,-1.00,-1.00,0.1018,1.6,1.89,4.34,23.38,0.66,-11.05,1.77,-10.00
10,2,-1.00,-1.00,-1.00,-1.00,0.9121,1.7,1.80,4.27,15.30,1.68,-31.96,-1.31,-10.00
10,2,-1.00,-1.00,-1.00,-1.00,0.8969,1.5,1.81,4.26,9.06,1.58,1.06,0.04,-10.00
10,2,-1.00,-1.00,-1.00,-1.00,0.8887,1.5,1.90,4.52,8.00,1.68,-6.25,-3.11,-10.00
10,2,-1.00,-1.00,-1.00,-1.00,0.8596,1.5,1.82,4.30,8.63,1.56,-1.38,-3.08,-10.00
10,2,-1.00,-1.00,-1.00,-1.00,0.8546,1.7,1.81,4.26,17.90,1.52,-32.26,-1.30,-10.00
10,2,-1.00,-1.00,-1.00,-1.00,0.8479,1.5,1.78,4.11,9.16,1.51,10.26,0.04,-10.00
10,2,-1.00,-1.00,-1.00,-1.00,0.8370,1.6,1.80,4.30,18.78,1.19,22.94,-1.21,-10.00
10,2,-1.00,-1.00,-1.00,-1.00,0.8313,1.6,1.86,4.38,21.30,1.24,21.81,-1.26,-10.00
10,2,-1.00,-1.00,-1.00,-1.00,0.8176,1.5,1.81,4.34,23.54,1.12,20.93,-1.24,-10.00
10,2,-1.00,-1.00,-1.00,-1.00,0.8050,1.5,1.84,4.36,8.23,1.55,-3.77,-3.10,-10.00
10,2,-1.00,-1.00,-1.00,-1.00,0.5805,1.7,1.93,4.69,16.10,1.81,-20.03,1.88,-10.00
10,2,-1.00,-1.00,-1.00,-1.00,0.5566,1.5,1.86,4.41,20.54,1.66,-33.42,-1.44,-10.00
10,2,-1.00,-1.00,-1.00,-1.00,0.3809,1.7,1.92,4.32,38.29,1.47,-45.61,-1.29,-10.00
10,2,-1.00,-1.00,-1.00,-1.00,0.2925,1.7,1.92,4.37,35.37,1.92,-40.43,1.80,-10.00
10,2,-1.00,-1.00,-1.00,-1.00,0.2625,1.8,1.93,4.45,26.30,1.47,-24.65,0.21,-10.00
10,2,-1.00,-1.00,-1.00,-1.00,0.2131,1.8,1.98,4.70,22.70,1.29,-49.94,-2.62,-10.00
10,2,1503.45,441.40,1600.00,491.90,0.2086,1.6,1.94,4.48,26.05,-0.01,42.98,0.27,-10.00
10,2,-1.00,-1.00,-1.00,-1.00,0.2000,1.6,1.88,4.44,30.41,1.86,-41.74,-2.50,-10.00
10,2,763.81,467.25,826.57,510.01,0.1900,1.6,1.91,4.37,-0.78,0.71,49.93,1.68,-10.00
10,2,-1.00,-1.00,-1.00,-1.00,0.1829,2.2,2.05,5.13,14.16,1.76,-39.67,1.58,-10.00
10,2,-1.00,-1.00,-1.00,-1.00,0.1767,1.6,1.91,4.41,24.08,1.18,24.88,-2.87,-10.00
10,2,-1.00,-1.00,-1.00,-1.00,0.1696,1.8,1.96,4.51,25.40,1.59,-22.60,-1.36,-10.00
10,2,-1.00,-1.00,-1.00,-1.00,0.1607,1.7,1.93,4.49,16.45,1.60,-39.96,1.61,-10.00
10,2,-1.00,-1.00,-1.00,-1.00,0.1520,1.6,1.92,4.50,22.91,2.13,-34.03,-1.26,-10.00
10,2,-1.00,-1.00,-1.00,-1.00,0.1499,1.8,1.97,4.44,33.60,-0.11,37.22,-2.67,-10.00
10,2,-1.00,-1.00,-1.00,-1.00,0.1401,1.7,1.96,4.38,33.70,2.07,-38.16,1.86,-10.00
10,2,1414.50,440.20,1559.83,489.89,0.1234,1.6,1.89,4.39,23.41,-0.09,44.23,-2.60,-10.00
10,2,-1.00,-1.00,-1.00,-1.00,0.1233,1.7,1.89,4.70,40.77,1.11,-45.82,1.76,-10.00
10,2,1393.40,434.44,1543.46,486.54,0.1215,1.6,1.88,4.35,22.31,-0.21,43.39,-2.53,-10.00
10,2,-1.00,-1.00,-1.00,-1.00,0.1135,1.7,1.90,4.44,18.46,1.70,-20.64,1.88,-10.00
10,2,-1.00,-1.00,-1.00,-1.00,0.1093,1.7,1.89,4.65,37.61,1.95,-40.69,1.80,-10.00
10,2,-1.00,-1.00,-1.00,-1.00,0.1065,1.7,1.97,4.43,22.54,2.05,-22.38,1.81,-10.00
10,2,1576.47,467.50,1600.00,565.81,0.1031,1.6,1.95,4.49,15.97,1.29,23.67,1.86,-10.00
10,2,-1.00,-1.00,-1.00,-1.00,0.1025,1.8,1.94,4.56,43.95,1.38,-41.18,0.10,-10.00
10,2,-1.00,-1.00,-1.00,-1.00,0.1018,1.7,1.89,4.34,37.62,1.31,31.78,-0.10,-10.00
11,2,-1.00,-1.00,-1.00,-1.00,0.9455,1.6,1.85,4.52,19.02,1.25,18.82,-1.21,-10.00
11,2,-1.00,-1.00,-1.00,-1.00,0.9097,1.6,1.92,4.55,7.87,1.72,-10.48,-3.11,-10.00
11,2,-1.00,-1.00,-1.00,-1.00,0.8961,1.5,1.77,4.28,17.53,1.32,-36.48,-1.29,-10.00
11,2,-1.00,-1.00,-1.00,-1.00,0.8681,1.6,1.79,4.24,15.01,1.61,-36.14,-1.30,-10.00
11,2,-1.00,-1.00,-1.00,-1.00,0.8556,1.6,1.90,4.49,8.23,1.66,-7.95,-3.09,-10.00
11,2,-1.00,-1.00,-1.00,-1.00,0.8415,1.5,1.77,4.18,8.83,1.59,-3.14,0.03,-10.00
11,2,-1.00,-1.00,-1.00,-1.00,0.8299,1.4,1.79,4.20,8.41,1.63,-5.49,-3.11,-10.00
11,2,-1.00,-1.00,-1.00,-1.00,0.8276,1.5,1.78,4.17,9.19,1.60,6.03,0.03,-10.00
11,2,-1.00,-1.00,-1.00,-1.00,0.8086,1.5,1.84,4.33,21.37,1.47,17.42,-1.25,-10.00
11,2,-1.00,-1.00,-1.00,-1.00,0.7616,1.5,1.84,4.32,23.53,1.41,16.65,-1.30,-10.00
11,2,-1.00,-1.00,-1.00,-1.00,0.6175,1.5,1.91,4.50,19.99,1.45,-37.71,-1.37,-10.00
11,2,-1.00,-1.00,-1.00,-1.00,0.4726,1.6,1.90,4.52,15.57,1.82,-23.55,-2.58,-10.00
11,2,-1.00,-1.00,-1.00,-1.00,0.2768,2.3,2.08,5.45,13.63,1.74,-44.19,1.60,-10.00
11,2,-1.00,-1.00,-1.00,-1.00,0.2131,1.6,1.92,4.57,22.41,1.75,-38.47,-1.22,-10.00
11,2,-1.00,-1.00,-1.00,-1.00,0.1814,1.7,1.97,4.52,17.63,1.89,-22.69,1.78,-10.00
11,2,1578.97,456.74,1600.00,517.34,0.1542,1.8,1.93,4.67,25.94,0.81,40.33,-1.23,-10.00
11,2,1139.06,461.20,1270.98,506.54,0.1225,1.7,1.95,4.48,14.97,0.56,48.92,3.11,-10.00
11,2,-1.00,-1.00,-1.00,-1.00,0.1218,1.7,1.92,4.49,29.49,2.02,-46.23,-2.87,-10.00
11,2,-1.00,-1.00,-1.00,-1.00,0.1129,1.6,1.95,4.55,15.12,1.73,-24.92,-2.66,-10.00
11,2,-1.00,-1.00,-1.00,-1.00,0.1087,1.7,1.93,4.51,16.82,1.62,-44.59,1.63,-10.00
11,2,1064.76,465.70,1189.74,510.21,0.1026,1.7,1.97,4.56,11.96,0.70,48.99,-2.97,-10.00
12,2,-1.00,-1.00,-1.00,-1.00,0.9522,1.7,1.86,4.53,19.04,1.43,14.93,-1.19,-10.00
12,2,-1.00,-1.00,-1.00,-1.00,0.9064,1.5,1.82,4.23,9.33,1.71,2.18,0.02,-10.00
12,2,-1.00,-1.00,-1.00,-1.00,0.8942,1.5,1.80,4.24,8.87,1.59,-6.98,0.06,-10.00
12,2,-1.00,-1.00,-1.00,-1.00,0.8880,1.5,1.86,4.42,8.06,1.69,-11.77,-3.03,-10.00
12,2,-1.00,-1.00,-1.00,-1.00,0.8862,1.5,1.90,4.50,7.74,1.70,-14.32,-3.06,-10.00
12,2,-1.00,-1.00,-1.00,-1.00,0.8643,1.5,1.82,4.30,21.41,1.51,13.53,-1.23,-10.00
12,2,-1.00,-1.00,-1.00,-1.00,0.8303,1.6,1.91,4.30,14.74,1.77,-40.20,-1.31,-10.00
12,2,-1.00,-1.00,-1.00,-1.00,0.8270,1.4,1.81,4.27,8.42,1.69,-9.41,-3.07,-10.00
12,2,-1.00,-1.00,-1.00,-1.00,0.8159,1.6,1.92,4.40,17.22,1.58,-40.58,1.87,-10.00
12,2,-1.00,-1.00,-1.00,-1.00,0.7352,1.5,1.85,4.35,23.67,1.52,12.76,-1.23,-10.00
12,2,-1.00,-1.00,-1.00,-1.00,0.4348,1.5,1.88,4.42,20.10,1.68,-41.50,-1.41,-10.00
12,2,-1.00,-1.00,-1.00,-1.00,0.1966,1.6,1.90,4.45,15.54,2.11,-27.39,0.39,-10.00
12,2,-1.00,-1.00,-1.00,-1.00,0.1797,1.8,1.92,4.65,26.29,0.73,36.33,-1.08,-10.00
12,2,-1.00,-1.00,-1.00,-1.00,0.1712,1.6,1.94,4.31,12.07,1.99,-40.41,1.93,-10.00
12,2,1167.22,464.23,1308.58,513.05,0.1502,1.7,1.92,4.43,14.93,0.75,45.02,0.07,-10.00
12,2,-1.00,-1.00,-1.00,-1.00,0.1354,2.3,2.15,5.62,13.60,1.88,-48.01,1.59,-10.00
12,2,-1.00,-1.00,-1.00,-1.00,0.1353,1.5,1.84,4.31,8.56,1.69,-16.94,-3.12,-10.00
12,2,-1.00,-1.00,-1.00,-1.00,0.1097,1.6,1.97,4.66,22.36,1.79,-41.13,1.61,-10.00
12,2,-1.00,-1.00,-1.00,-1.00,0.1070,1.6,1.92,4.42,19.27,-0.44,-5.79,0.21,-10.00
13,2,-1.00,-1.00,-1.00,-1.00,0.9421,1.5,1.83,4.32,8.90,1.72,-11.17,0.03,-10.00
13,2,-1.00,-1.00,-1.00,-1.00,0.9285,1.7,1.88,4.63,19.01,1.23,10.86,-1.20,-10.00
13,2,-1.00,-1.00,-1.00,-1.00,0.8816,1.5,1.85,4.44,21.41,1.35,9.55,-1.22,-10.00
13,2,-1.00,-1.00,-1.00,-1.00,0.8670,1.5,1.86,4.40,7.64,1.79,-18.40,-3.08,-10.00
13,2,-1.00,-1.00,-1.00,-1.00,0.8476,1.4,1.82,4.26,8.35,1.70,-13.57,-3.06,-10.00
13,2,-1.00,-1.00,-1.00,-1.00,0.8280,1.6,1.94,4.43,17.23,1.73,-44.75,1.88,-10.00
13,2,-1.00,-1.00,-1.00,-1.00,0.8273,1.5,1.84,4.27,9.28,1.62,-1.93,0.01,-10.00
13,2,-1.00,-1.00,-1.00,-1.00,0.8186,1.5,1.83,4.26,7.93,1.66,-15.90,-3.08,-10.00
13,2,-1.00,-1.00,-1.00,-1.00,0.7803,1.6,1.90,4.33,14.75,1.80,-44.03,-1.31,-10.00
13,2,-1.00,-1.00,-1.00,-1.00,0.7357,1.5,1.86,4.41,23.65,1.39,8.66,-1.24,-10.00
13,2,-1.00,-1.00,-1.00,-1.00,0.4221,1.6,1.90,4.52,19.99,1.94,-45.59,-1.33,-10.00
13,2,1142.64,460.00,1226.04,506.75,0.2961,1.5,1.83,4.27,12.95,0.52,44.81,1.60,-10.00
13,2,-1.00,-1.00,-1.00,-1.00,0.1708,1.7,1.93,4.46,13.61,2.26,-51.82,1.51,-10.00
13,2,-1.00,-1.00,-1.00,-1.00,0.1626,1.6,1.97,4.68,22.74,1.89,-45.13,1.61,-10.00
13,2,-1.00,-1.00,-1.00,-1.00,0.1497,1.5,1.83,4.27,8.09,1.86,-21.00,-3.13,-10.00
13,2,-1.00,-1.00,-1.00,-1.00,0.1002,1.6,1.91,4.42,21.18,1.73,-47.46,-0.41,-10.00
14,2,-1.00,-1.00,-1.00,-1.00,0.9335,1.5,1.85,4.35,8.97,1.72,-15.58,0.05,-10.00
14,2,-1.00,-1.00,-1.00,-1.00,0.9100,1.7,1.91,4.67,18.88,1.16,6.32,-1.23,-10.00
14,2,-1.00,-1.00,-1.00,-1.00,0.8807,1.5,1.82,4.23,9.17,1.65,-6.44,0.02,-10.00
14,2,-1.00,-1.00,-1.00,-1.00,0.8536,1.6,1.86,4.44,21.28,1.18,5.10,1.90,-10.00
14,2,-1.00,-1.00,-1.00,-1.00,0.8482,1.5,1.83,4.32,8.34,1.74,-18.03,-3.02,-10.00
14,2,-1.00,-1.00,-1.00,-1.00,0.8390,1.5,1.89,4.43,8.00,1.79,-20.44,-3.05,-10.00
14,2,-1.00,-1.00,-1.00,-1.00,0.8011,1.6,1.89,4.45,7.59,1.84,-23.04,-3.04,-10.00
14,2,-1.00,-1.00,-1.00,-1.00,0.7191,1.5,1.80,4.35,23.48,1.15,4.06,1.92,-10.00
14,2,-1.00,-1.00,-1.00,-1.00,0.6796,1.6,1.93,4.43,14.82,2.07,-49.03,1.86,-10.00
14,2,-1.00,-1.00,-1.00,-1.00,0.5637,1.6,1.98,4.37,17.45,1.85,-49.28,1.89,-10.00
14,2,-1.00,-1.00,-1.00,-1.00,0.2503,1.6,1.91,4.46,26.87,1.83,-12.94,0.23,-10.00
14,2,-1.00,-1.00,-1.00,-1.00,0.1305,1.7,1.94,4.71,20.34,2.27,-48.86,-1.31,-10.00
14,2,-1.00,-1.00,-1.00,-1.00,0.1072,1.6,1.95,4.50,1.13,2.75,-52.35,-1.30,-10.00
15,2,-1.00,-1.00,-1.00,-1.00,0.9311,1.7,1.90,4.72,18.80,1.14,2.32,-1.21,-10.00
15,2,-1.00,-1.00,-1.00,-1.00,0.9207,1.6,1.86,4.39,8.99,1.43,-19.68,0.05,-10.00
15,2,-1.00,-1.00,-1.00,-1.00,0.8393,1.6,1.85,4.31,21.18,0.99,1.01,-1.25,-10.00
15,2,-1.00,-1.00,-1.00,-1.00,0.8369,1.6,1.85,4.30,9.12,1.62,-10.56,0.05,-10.00
15,2,-1.00,-1.00,-1.00,-1.00,0.7900,1.5,1.84,4.31,8.38,1.45,-22.20,-3.04,-10.00
15,2,-1.00,-1.00,-1.00,-1.00,0.7714,1.5,1.86,4.39,8.12,1.44,-24.52,-3.06,-10.00
15,2,-1.00,-1.00,-1.00,-1.00,0.7702,1.5,1.82,4.40,23.43,0.97,0.24,-1.24,-10.00
15,2,-1.00,-1.00,-1.00,-1.00,0.6945,1.6,1.91,4.50,7.76,1.51,-27.09,-3.08,-10.00
15,2,-1.00,-1.00,-1.00,-1.00,0.1538,1.6,1.90,4.44,7.90,1.55,-29.72,-3.09,-10.00
15,2,-1.00,-1.00,-1.00,-1.00,0.1164,1.6,1.92,4.37,44.68,0.48,8.49,1.90,-10.00
15,2,773.70,464.36,834.30,509.15,0.1121,1.6,1.88,4.40,-0.42,0.67,49.04,1.67,-10.00
15,2,706.47,463.13,774.22,511.13,0.1006,1.7,1.96,4.53,-2.88,0.75,49.03,1.66,-10.00
16,2,-1.00,-1.00,-1.00,-1.00,0.9609,1.6,1.90,4.73,18.72,1.27,-1.52,-1.19,-10.00
16,2,-1.00,-1.00,-1.00,-1.00,0.9476,1.6,1.84,4.34,9.22,1.66,-23.67,0.06,-10.00
16,2,-1.00,-1.00,-1.00,-1.00,0.9282,1.6,1.84,4.30,9.19,1.69,-14.46,-0.02,-10.00
16,2,-1.00,-1.00,-1.00,-1.00,0.8186,1.6,1.86,4.37,8.28,1.67,-28.55,-3.05,-10.00
16,2,-1.00,-1.00,-1.00,-1.00,0.8179,1.5,1.84,4.27,21.13,1.26,-2.76,-1.25,-10.00
16,2,-1.00,-1.00,-1.00,-1.00,0.8142,1.5,1.84,4.31,8.73,1.63,-26.20,-3.02,-10.00
16,2,-1.00,-1.00,-1.00,-1.00,0.8068,1.6,1.89,4.44,8.08,1.58,-31.06,-3.06,-10.00
16,2,-1.00,-1.00,-1.00,-1.00,0.7472,1.5,1.82,4.38,23.28,1.16,-3.57,-1.28,-10.00
16,2,979.38,460.51,1071.29,520.45,0.2069,1.6,1.83,4.44,5.94,0.80,35.58,1.90,-10.00
16,2,-1.00,-1.00,-1.00,-1.00,0.1716,1.6,1.90,4.44,8.72,1.78,-35.85,-3.07,-10.00
17,2,-1.00,-1.00,-1.00,-1.00,0.9326,1.7,1.93,4.73,18.68,1.30,-5.24,-1.23,-10.00
17,2,-1.00,-1.00,-1.00,-1.00,0.9269,1.6,1.86,4.34,9.44,1.70,-27.53,0.02,-10.00
17,2,-1.00,-1.00,-1.00,-1.00,0.8701,1.6,1.86,4.35,9.25,1.69,-18.35,0.00,-10.00
17,2,-1.00,-1.00,-1.00,-1.00,0.8272,1.5,1.87,4.38,8.96,1.53,-30.05,-3.05,-10.00
17,2,-1.00,-1.00,-1.00,-1.00,0.7714,1.5,1.87,4.35,8.56,1.54,-32.32,-3.07,-10.00
17,2,-1.00,-1.00,-1.00,-1.00,0.7109,1.5,1.85,4.27,8.15,1.67,-34.74,-3.07,-10.00
17,2,-1.00,-1.00,-1.00,-1.00,0.5957,1.6,1.90,4.39,21.12,1.19,-6.45,-1.24,-10.00
17,2,-1.00,-1.00,-1.00,-1.00,0.4092,1.5,1.84,4.44,22.91,1.38,-7.75,-1.37,-10.00
17,2,-1.00,-1.00,-1.00,-1.00,0.1612,1.6,1.89,4.47,-1.19,1.66,-51.72,1.61,-10.00
17,2,1208.09,445.63,1305.73,494.35,0.1141,1.7,1.94,4.38,16.45,0.06,47.51,1.52,-10.00
18,2,-1.00,-1.00,-1.00,-1.00,0.9354,1.7,1.89,4.66,18.63,1.17,-8.97,-1.27,-10.00
18,2,-1.00,-1.00,-1.00,-1.00,0.9206,1.5,1.79,4.14,9.26,1.33,-31.41,0.02,-10.00
18,2,-1.00,-1.00,-1.00,-1.00,0.8741,1.6,1.79,4.22,9.30,1.53,-22.26,-0.02,-10.00
18,2,-1.00,-1.00,-1.00,-1.00,0.7930,1.6,1.88,4.41,8.69,1.45,-36.18,-3.08,-10.00
18,2,-1.00,-1.00,-1.00,-1.00,0.7493,1.6,1.85,4.34,8.46,1.48,-38.76,-3.11,-10.00
18,2,-1.00,-1.00,-1.00,-1.00,0.7060,1.5,1.83,4.26,8.90,1.29,-33.83,-3.07,-10.00
18,2,-1.00,-1.00,-1.00,-1.00,0.2236,1.6,1.93,4.42,21.73,1.25,-9.63,-1.35,-10.00
18,2,1155.73,481.04,1283.80,525.38,0.1986,1.6,1.91,4.34,15.38,1.27,48.46,0.07,-10.00
18,2,-1.00,-1.00,-1.00,-1.00,0.1657,1.6,1.91,4.50,8.43,1.71,-41.32,-3.08,-10.00
18,2,-1.00,-1.00,-1.00,-1.00,0.1150,1.6,1.83,4.28,31.82,0.94,1.31,-1.83,-10.00
19,2,-1.00,-1.00,-1.00,-1.00,0.9584,1.8,1.90,4.63,18.48,1.20,-12.75,-1.25,-10.00
19,2,-1.00,-1.00,-1.00,-1.00,0.8491,1.5,1.83,4.31,9.20,1.42,-26.11,0.02,-10.00
19,2,-1.00,-1.00,-1.00,-1.00,0.7044,1.5,1.85,4.28,8.84,1.20,-37.79,-3.00,-10.00
19,2,-1.00,-1.00,-1.00,-1.00,0.6932,1.5,1.85,4.29,8.52,1.28,-40.18,-3.01,-10.00
19,2,-1.00,-1.00,-1.00,-1.00,0.6819,1.6,1.87,4.43,23.29,1.17,-14.42,-1.34,-10.00
19,2,-1.00,-1.00,-1.00,-1.00,0.6738,1.6,1.85,4.31,9.19,1.20,-35.29,0.03,-10.00
19,2,-1.00,-1.00,-1.00,-1.00,0.4928,1.6,1.88,4.41,8.25,1.25,-42.70,-3.02,-10.00
19,2,-1.00,-1.00,-1.00,-1.00,0.3918,1.6,1.95,4.35,20.97,1.20,-13.87,-1.29,-10.00
19,2,1145.20,460.23,1199.49,506.22,0.2655,1.6,1.92,4.56,13.67,0.54,48.66,1.84,-10.00
19,2,-1.00,-1.00,-1.00,-1.00,0.1171,1.6,1.92,4.43,8.69,1.41,-46.60,-3.10,-10.00
19,2,-1.00,-1.00,-1.00,-1.00,0.1156,1.5,1.86,4.34,9.75,1.29,-30.17,-3.05,-10.00
19,2,-1.00,-1.00,-1.00,-1.00,0.1154,1.6,1.84,4.22,47.87,0.01,-5.16,-1.03,-10.00
20,2,-1.00,-1.00,-1.00,-1.00,0.9381,1.8,1.92,4.70,18.45,0.84,-16.30,-1.26,-10.00
20,2,-1.00,-1.00,-1.00,-1.00,0.8896,1.6,1.81,4.27,9.01,0.98,-29.56,0.03,-10.00
20,2,-1.00,-1.00,-1.00,-1.00,0.7886,1.6,1.82,4.23,9.05,0.85,-38.73,0.05,-10.00
20,2,-1.00,-1.00,-1.00,-1.00,0.7769,1.6,1.91,4.47,23.30,0.69,-18.01,-1.39,-10.00
20,2,-1.00,-1.00,-1.00,-1.00,0.7482,1.6,1.85,4.30,8.19,0.76,-43.53,-3.00,-10.00
20,2,-1.00,-1.00,-1.00,-1.00,0.7016,1.5,1.83,4.18,8.61,0.88,-41.11,-3.01,-10.00
20,2,-1.00,-1.00,-1.00,-1.00,0.6429,1.6,1.90,4.44,7.91,0.76,-46.00,-3.09,-10.00
20,2,-1.00,-1.00,-1.00,-1.00,0.5374,1.7,1.91,4.46,20.63,0.81,-17.74,-1.27,-10.00
20,2,-1.00,-1.00,-1.00,-1.00,0.1798,1.6,1.91,4.47,8.42,0.56,-48.63,3.09,-10.00
20,2,-1.00,-1.00,-1.00,-1.00,0.1335,1.7,1.88,4.43,-7.09,1.04,-41.83,-3.08,-10.00
20,2,-1.00,-1.00,-1.00,-1.00,0.1101,1.7,1.93,4.49,48.71,-0.13,-26.61,1.88,-10.00
21,2,-1.00,-1.00,-1.00,-1.00,0.9344,1.7,1.92,4.62,18.39,0.77,-20.24,-1.27,-10.00
21,2,-1.00,-1.00,-1.00,-1.00,0.7458,1.6,1.84,4.32,8.90,0.56,-42.57,0.04,-10.00
21,2,-1.00,-1.00,-1.00,-1.00,0.7223,1.5,1.86,4.42,23.26,0.69,-22.06,-1.42,-10.00
21,2,-1.00,-1.00,-1.00,-1.00,0.7214,1.7,1.93,4.45,8.15,0.33,-47.45,-3.03,-10.00
21,2,-1.00,-1.00,-1.00,-1.00,0.6199,1.6,1.85,4.34,9.07,0.67,-33.44,0.00,-10.00
21,2,-1.00,-1.00,-1.00,-1.00,0.6165,1.6,1.95,4.42,20.60,0.74,-21.84,-1.27,-10.00
21,2,-1.00,-1.00,-1.00,-1.00,0.5522,1.7,1.93,4.49,7.73,0.38,-49.96,-3.09,-10.00
21,2,-1.00,-1.00,-1.00,-1.00,0.5452,1.6,1.92,4.40,8.45,0.41,-44.99,0.10,-10.00
21,2,1314.20,486.79,1464.39,535.82,0.2700,1.6,1.89,4.40,19.74,1.50,43.81,-2.96,-10.00
21,2,-1.00,-1.00,-1.00,-1.00,0.1461,1.6,1.87,4.30,21.78,0.69,-22.48,-1.42,-10.00
21,2,-1.00,-1.00,-1.00,-1.00,0.1460,1.8,1.94,4.47,50.18,0.28,-29.94,0.30,-10.00
21,2,1292.49,482.24,1372.75,536.14,0.1372,1.6,1.88,4.26,16.33,1.38,40.23,1.84,-10.00
21,2,1318.78,479.81,1446.57,522.72,0.1234,1.6,1.89,4.37,21.66,1.18,48.62,0.36,-10.00
21,2,1520.70,477.52,1600.00,523.88,0.1207,1.7,2.01,4.71,29.48,1.24,48.97,2.54,-10.00
21,2,1175.50,482.09,1289.97,535.54,0.1074,1.6,1.90,4.31,13.49,1.39,41.29,1.45,-10.00
21,2,-1.00,-1.00,-1.00,-1.00,0.1027,1.5,1.86,4.28,8.62,0.61,-38.16,3.11,-10.00
22,2,-1.00,-1.00,-1.00,-1.00,0.9278,1.7,1.95,4.75,18.36,0.41,-23.48,-1.26,-10.00
22,2,-1.00,-1.00,-1.00,-1.00,0.8252,1.6,1.82,4.28,8.97,0.38,-36.66,-0.02,-10.00
22,2,-1.00,-1.00,-1.00,-1.00,0.7975,1.6,1.88,4.42,20.70,0.36,-24.77,-1.27,-10.00
22,2,-1.00,-1.00,-1.00,-1.00,0.7580,1.5,1.84,4.33,23.26,0.30,-25.11,-1.37,-10.00
22,2,-1.00,-1.00,-1.00,-1.00,0.6284,1.7,1.85,4.33,8.74,0.04,-45.84,0.05,-10.00
22,2,-1.00,-1.00,-1.00,-1.00,0.4999,1.6,1.92,4.40,8.53,0.08,-48.21,-3.07,-10.00
22,2,1342.72,507.16,1505.02,559.41,0.4469,1.6,1.85,4.33,19.42,2.12,40.63,0.13,-10.00
22,2,-1.00,-1.00,-1.00,-1.00,0.2987,1.6,1.88,4.34,8.08,0.16,-50.58,-3.06,-10.00
22,2,1414.69,495.72,1553.91,537.81,0.2898,1.6,1.85,4.43,25.99,1.76,49.38,-2.31,-10.00
22,2,1181.45,496.40,1323.78,554.27,0.2122,1.6,1.89,4.50,13.08,1.82,38.27,1.31,-10.00
22,2,1265.98,488.61,1438.18,551.29,0.1998,1.7,1.89,4.48,15.49,1.67,36.87,1.12,-10.00
22,2,-1.00,-1.00,-1.00,-1.00,0.1654,1.7,1.96,4.57,48.57,-0.67,-34.10,1.88,-10.00
22,2,-1.00,-1.00,-1.00,-1.00,0.1385,1.6,1.92,4.41,8.58,0.34,-42.99,3.11,-10.00
22,2,-1.00,-1.00,-1.00,-1.00,0.1129,1.6,1.96,4.52,8.88,0.29,-39.80,3.14,-10.00
22,2,-1.00,-1.00,-1.00,-1.00,0.1074,1.7,1.93,4.48,-12.53,-1.47,-6.45,3.02,-10.00
22,2,-1.00,-1.00,-1.00,-1.00,0.1042,1.7,1.95,4.54,-13.22,-0.86,13.53,-3.09,-10.00
22,2,1386.81,494.79,1525.24,537.56,0.1037,1.5,1.85,4.29,23.99,1.69,47.63,0.99,-10.00
23,2,-1.00,-1.00,-1.00,-1.00,0.9114,1.7,1.92,4.55,18.38,0.51,-26.33,-1.27,-10.00
23,2,-1.00,-1.00,-1.00,-1.00,0.7715,1.6,1.85,4.35,23.31,0.41,-28.08,-1.43,-10.00
23,2,-1.00,-1.00,-1.00,-1.00,0.7673,1.7,1.95,4.53,20.72,0.37,-27.69,-1.38,-10.00
23,2,-1.00,-1.00,-1.00,-1.00,0.3878,1.7,1.91,4.50,8.96,0.74,-39.67,0.02,-10.00
23,2,1370.74,482.27,1548.85,539.33,0.3439,1.6,1.87,4.37,19.16,1.39,37.87,0.12,-10.00
23,2,-1.00,-1.00,-1.00,-1.00,0.2821,1.7,1.88,4.40,8.77,0.50,-48.93,0.08,-10.00
23,2,-1.00,-1.00,-1.00,-1.00,0.1822,2.0,2.08,5.08,7.75,0.23,-51.31,1.59,-10.00
23,2,-1.00,-1.00,-1.00,-1.00,0.1277,1.6,1.88,4.46,48.61,-0.35,-36.80,1.89,-10.00
23,2,1431.38,512.91,1600.00,584.92,0.1198,1.6,1.87,4.36,16.65,2.10,29.81,2.58,-10.00
24,2,-1.00,-1.00,-1.00,-1.00,0.9449,1.7,1.88,4.58,18.38,1.36,-28.89,-1.23,-10.00
24,2,-1.00,-1.00,-1.00,-1.00,0.7514,1.6,1.90,4.42,20.71,1.13,-30.40,-1.27,-10.00
24,2,-1.00,-1.00,-1.00,-1.00,0.7046,1.6,1.81,4.26,8.85,1.61,-42.29,0.00,-10.00
24,2,1419.92,459.82,1600.00,521.19,0.5057,1.6,1.88,4.41,19.36,0.80,35.08,-3.01,-10.00
24,2,-1.00,-1.00,-1.00,-1.00,0.5010,1.6,1.90,4.42,23.19,1.27,-30.86,-1.38,-10.00
24,2,1458.96,465.56,1600.00,514.74,0.3221,1.5,1.83,4.31,23.94,0.76,42.02,-2.16,-10.00
24,2,1495.66,470.06,1600.00,515.47,0.3036,1.5,1.79,4.19,25.97,0.81,43.60,-2.19,-10.00
24,2,1125.87,492.56,1224.20,547.65,0.2161,1.7,1.92,4.53,11.91,1.81,42.34,1.55,-10.00
24,2,1542.99,465.86,1600.00,514.43,0.1153,1.6,1.89,4.19,28.38,0.80,44.85,0.90,-10.00
24,2,1293.00,450.61,1473.59,518.10,0.1013,1.6,1.85,4.48,14.66,0.68,33.05,1.29,-10.00
24,2,-1.00,-1.00,-1.00,-1.00,0.1008,1.6,1.89,4.40,8.31,1.77,-45.84,3.13,-10.00
25,2,-1.00,-1.00,-1.00,-1.00,0.9259,1.7,1.93,4.57,18.39,1.39,-31.27,-1.29,-10.00
25,2,-1.00,-1.00,-1.00,-1.00,0.7886,1.6,1.88,4.36,20.96,1.38,-32.59,-1.44,-10.00
25,2,1458.21,475.27,1600.00,538.27,0.6695,1.6,1.86,4.36,19.35,1.18,32.92,-3.03,-10.00
25,2,-1.00,-1.00,-1.00,-1.00,0.6643,1.5,1.85,4.30,23.42,1.51,-32.77,-1.50,-10.00
25,2,-1.00,-1.00,-1.00,-1.00,0.2209,1.6,1.88,4.43,9.24,1.45,-44.52,3.04,-10.00
25,2,1522.16,477.17,1600.00,527.84,0.2100,1.6,1.84,4.38,25.85,1.16,41.49,-2.24,-10.00
25,2,1136.36,499.20,1251.95,555.14,0.1599,1.7,2.00,4.60,11.95,1.95,40.40,1.49,-10.00
25,2,1492.90,473.43,1600.00,527.96,0.1399,1.6,1.89,4.37,23.39,1.09,39.01,-2.58,-10.00
25,2,-1.00,-1.00,-1.00,-1.00,0.1358,1.6,1.86,4.31,28.50,1.11,37.01,-3.14,-10.00
26,2,-1.00,-1.00,-1.00,-1.00,0.9404,1.7,1.90,4.62,18.38,0.37,-33.25,-1.25,-10.00
26,2,-1.00,-1.00,-1.00,-1.00,0.8166,1.6,1.89,4.30,20.84,0.16,-34.55,-1.35,-10.00
26,2,1502.20,526.75,1600.00,598.00,0.5834,1.6,1.87,4.29,19.33,2.50,30.77,0.11,-10.00
26,2,-1.00,-1.00,-1.00,-1.00,0.5786,1.6,1.85,4.33,23.28,0.30,-34.97,-1.38,-10.00
26,2,-1.00,-1.00,-1.00,-1.00,0.3170,1.6,1.84,4.38,33.17,3.01,45.44,-2.30,-10.00
26,2,-1.00,-1.00,-1.00,-1.00,0.2993,1.6,1.82,4.32,31.06,3.12,44.06,-2.32,-10.00
26,2,-1.00,-1.00,-1.00,-1.00,0.2964,1.7,1.90,4.40,27.64,2.90,39.01,-0.64,-10.00
26,2,-1.00,-1.00,-1.00,-1.00,0.2627,1.6,1.86,4.33,8.88,-0.24,-46.65,-0.03,-10.00
26,2,-1.00,-1.00,-1.00,-1.00,0.2268,1.6,1.95,4.55,37.19,2.87,49.36,-2.25,-10.00
26,2,1209.98,557.56,1396.18,622.97,0.2000,1.6,1.89,4.43,13.05,3.42,34.20,-2.95,-10.00
26,2,1543.66,532.51,1600.00,592.48,0.1588,1.7,1.91,4.54,25.60,3.01,39.64,-2.14,-10.00
26,2,-1.00,-1.00,-1.00,-1.00,0.1274,1.7,1.96,4.66,39.53,2.89,49.59,-2.09,-10.00
26,2,-1.00,-1.00,-1.00,-1.00,0.1110,1.6,1.92,4.38,21.73,0.08,-36.55,-2.94,-10.00
26,2,288.09,447.82,407.95,513.13,0.1095,2.0,2.07,5.17,-15.26,0.70,41.60,1.56,-10.00
27,2,-1.00,-1.00,-1.00,-1.00,0.9466,1.7,1.91,4.62,18.39,1.87,-35.33,-1.24,-10.00
27,2,1546.72,466.29,1600.00,540.02,0.7427,1.6,1.83,4.28,19.29,1.07,28.78,0.10,-10.00
27,2,-1.00,-1.00,-1.00,-1.00,0.6839,1.6,1.90,4.36,20.76,1.76,-36.62,-1.32,-10.00
27,2,-1.00,-1.00,-1.00,-1.00,0.5485,1.6,1.87,4.44,23.15,1.90,-37.16,-1.38,-10.00
27,2,-1.00,-1.00,-1.00,-1.00,0.3884,1.7,1.89,4.38,8.94,1.92,-48.65,-0.04,-10.00
27,2,-1.00,-1.00,-1.00,-1.00,0.2924,1.5,1.87,4.31,36.85,1.02,46.73,0.91,-10.00
27,2,-1.00,-1.00,-1.00,-1.00,0.2477,1.6,1.89,4.56,25.13,1.39,25.14,-2.23,-10.00
27,2,-1.00,-1.00,-1.00,-1.00,0.2455,1.6,1.87,4.37,39.15,1.11,47.88,-2.14,-10.00
27,2,-1.00,-1.00,-1.00,-1.00,0.2168,1.5,1.81,4.23,33.16,0.68,43.64,1.08,-10.00
27,2,-1.00,-1.00,-1.00,-1.00,0.2001,1.7,1.94,4.49,28.82,1.44,33.70,2.73,-10.00
27,2,-1.00,-1.00,-1.00,-1.00,0.1687,1.6,1.91,4.50,27.83,1.49,36.11,3.09,-10.00
27,2,-1.00,-1.00,-1.00,-1.00,0.1588,1.6,1.83,4.34,31.11,0.98,41.96,1.14,-10.00
27,2,1356.47,453.51,1579.00,547.17,0.1066,1.7,1.95,4.29,13.12,1.08,25.85,1.44,-10.00
27,2,1294.63,472.51,1431.01,516.76,0.1035,1.7,1.90,4.59,21.51,0.98,49.99,-2.23,-10.00
28,2,-1.00,-1.00,-1.00,-1.00,0.9152,1.7,1.94,4.68,18.46,2.56,-37.09,-1.23,-10.00
28,2,1591.47,447.50,1600.00,524.25,0.7422,1.6,1.83,4.26,19.26,0.68,27.03,0.08,-10.00
28,2,-1.00,-1.00,-1.00,-1.00,0.6697,1.6,1.91,4.39,20.95,2.70,-38.43,-1.34,-10.00
28,2,-1.00,-1.00,-1.00,-1.00,0.5398,1.6,1.90,4.43,23.26,2.73,-38.82,-1.35,-10.00
28,2,-1.00,-1.00,-1.00,-1.00,0.4426,1.7,1.92,4.51,9.23,3.00,-50.38,0.05,-10.00
28,2,-1.00,-1.00,-1.00,-1.00,0.2267,1.6,1.84,4.32,36.81,0.56,44.59,-2.22,-10.00
28,2,-1.00,-1.00,-1.00,-1.00,0.1576,1.7,2.03,4.48,16.09,2.69,-36.38,-1.28,-10.00
28,2,-1.00,-1.00,-1.00,-1.00,0.1175,1.6,1.91,4.40,27.96,1.02,21.94,2.17,-10.00
29,2,-1.00,-1.00,-1.00,-1.00,0.9399,1.7,1.92,4.63,18.52,3.45,-38.84,-1.26,-10.00
29,2,-1.00,-1.00,-1.00,-1.00,0.7158,1.6,1.88,4.33,19.09,0.01,25.17,0.13,-10.00
29,2,-1.00,-1.00,-1.00,-1.00,0.6750,1.5,1.84,4.28,20.89,3.36,-40.15,-1.31,-10.00
29,2,-1.00,-1.00,-1.00,-1.00,0.5264,1.6,1.93,4.45,23.32,3.48,-40.41,-1.37,-10.00
29,2,-1.00,-1.00,-1.00,-1.00,0.3609,1.6,1.89,4.41,25.57,-0.39,33.98,-2.15,-10.00
29,2,71.32,390.40,258.53,487.52,0.2928,1.9,2.03,4.71,-14.55,-0.15,28.65,1.50,-10.00
29,2,-1.00,-1.00,-1.00,-1.00,0.2772,1.5,1.84,4.35,27.64,-0.35,35.37,0.95,-10.00
29,2,-1.00,-1.00,-1.00,-1.00,0.2617,1.6,1.89,4.36,27.44,-0.18,33.13,-0.61,-10.00
29,2,-1.00,-1.00,-1.00,-1.00,0.2538,1.5,1.82,4.29,31.10,-0.24,38.48,-2.30,-10.00
29,2,-1.00,-1.00,-1.00,-1.00,0.2488,1.9,2.07,4.67,-15.70,-1.21,12.82,1.54,-10.00
29,2,-1.00,-1.00,-1.00,-1.00,0.2275,1.6,2.07,4.41,15.99,3.51,-38.35,-1.25,-10.00
29,2,-1.00,-1.00,-1.00,-1.00,0.1864,1.6,1.85,4.29,33.17,-0.38,39.75,0.74,-10.00
29,2,-1.00,-1.00,-1.00,-1.00,0.1401,1.7,1.95,4.61,36.84,-0.27,43.21,-2.35,-10.00
29,2,-1.00,-1.00,-1.00,-1.00,0.1255,1.6,1.95,4.41,39.12,-0.54,44.23,0.95,-10.00
29,2,-1.00,-1.00,-1.00,-1.00,0.1096,1.7,1.87,4.34,45.99,1.36,-16.35,3.14,-10.00
29,2,-1.00,-1.00,-1.00,-1.00,0.1092,1.7,1.96,4.61,21.56,-0.41,30.24,0.50,-10.00
29,2,-1.00,-1.00,-1.00,-1.00,0.1071,1.5,1.83,4.20,29.54,-0.53,36.87,0.89,-10.00
29,2,1356.56,435.51,1600.00,544.31,0.1033,1.7,1.98,4.57,11.63,0.85,21.05,2.93,-10.00
29,2,-1.00,-1.00,-1.00,-1.00,0.1029,1.7,1.93,4.49,45.52,0.25,32.95,-2.19,-10.00
30,2,-1.00,-1.00,-1.00,-1.00,0.8836,1.7,1.99,4.74,18.57,3.27,-40.83,-1.29,-10.00
30,2,-1.00,-1.00,-1.00,-1.00,0.6402,1.6,1.89,4.39,23.28,3.21,-42.47,-1.35,-10.00
30,2,-1.00,-1.00,-1.00,-1.00,0.6208,1.6,1.90,4.42,19.10,-0.16,23.22,0.11,-10.00
30,2,-1.00,-1.00,-1.00,-1.00,0.5270,1.6,1.90,4.50,20.87,3.41,-42.17,-1.32,-10.00
30,2,-1.00,-1.00,-1.00,-1.00,0.2638,1.6,2.03,4.44,16.03,3.38,-40.29,-1.34,-10.00
30,2,-1.00,-1.00,-1.00,-1.00,0.2356,1.7,2.01,5.01,25.10,0.70,18.81,0.98,-10.00
30,2,-1.00,-1.00,-1.00,-1.00,0.2251,2.0,2.19,5.17,-15.82,-1.22,4.88,1.58,-10.00
30,2,-1.00,-1.00,-1.00,-1.00,0.1917,1.6,1.90,4.46,25.50,-0.64,32.09,-2.24,-10.00
30,2,-1.00,-1.00,-1.00,-1.00,0.1446,1.6,1.93,4.48,27.60,-0.44,31.67,-0.67,-10.00
30,2,-1.00,-1.00,-1.00,-1.00,0.1338,1.6,1.84,4.39,35.56,0.18,22.64,-2.16,-10.00
30,2,-1.00,-1.00,-1.00,-1.00,0.1240,1.6,1.91,4.47,8.05,3.55,-44.27,2.30,-10.00
30,2,-1.00,-1.00,-1.00,-1.00,0.1035,1.6,1.90,4.33,18.38,3.77,-45.19,0.21,-10.00
31,2,-1.00,-1.00,-1.00,-1.00,0.8798,1.7,1.96,4.66,18.54,1.93,-43.06,-1.20,-10.00
31,2,-1.00,-1.00,-1.00,-1.00,0.8318,1.7,1.85,4.34,18.91,0.75,21.17,0.14,-10.00
31,2,-1.00,-1.00,-1.00,-1.00,0.3878,1.5,1.88,4.37,20.88,1.87,-44.39,-1.26,-10.00
31,2,244.55,402.13,455.91,474.62,0.3163,1.7,1.99,4.62,-11.80,-0.47,32.25,-3.05,-10.00
31,2,-1.00,-1.00,-1.00,-1.00,0.2893,1.5,1.79,4.23,32.73,0.28,36.13,-2.21,-10.00
31,2,-1.00,-1.00,-1.00,-1.00,0.2727,1.6,1.89,4.28,38.86,0.09,40.23,-2.21,-10.00
31,2,-1.00,-1.00,-1.00,-1.00,0.2559,1.6,1.89,4.36,31.04,0.47,34.64,0.95,-10.00
31,2,1192.11,445.32,1321.39,492.73,0.1963,1.7,1.87,4.47,17.19,0.01,49.60,-2.25,-10.00
31,2,-1.00,-1.00,-1.00,-1.00,0.1818,1.5,1.87,4.27,36.73,0.45,38.98,-2.18,-10.00
31,2,-1.00,-1.00,-1.00,-1.00,0.1815,1.7,1.91,4.66,24.72,0.99,17.47,-2.08,-10.00
31,2,1326.10,440.46,1431.67,486.30,0.1090,1.5,1.86,4.27,21.06,-0.25,47.36,2.46,-10.00
31,2,1312.27,435.62,1440.89,481.96,0.1041,1.6,1.91,4.33,21.93,-0.43,49.73,1.06,-10.00
31,2,-1.00,-1.00,-1.00,-1.00,0.1014,1.6,1.89,4.38,22.32,0.82,30.47,1.38,-10.00
31,2,-1.00,-1.00,-1.00,-1.00,0.1011,1.6,1.97,4.38,15.64,2.12,-43.62,1.78,-10.00
31,2,-1.00,-1.00,-1.00,-1.00,0.1001,1.5,1.84,4.34,27.15,0.92,18.61,-2.16,-10.00
32,2,-1.00,-1.00,-1.00,-1.00,0.9042,1.6,1.84,4.27,18.49,0.67,18.99,0.11,-10.00
32,2,-1.00,-1.00,-1.00,-1.00,0.8995,1.7,1.90,4.54,19.30,1.72,-45.16,-1.25,-10.00
32,2,-1.00,-1.00,-1.00,-1.00,0.6221,1.5,1.84,4.28,21.66,1.75,-46.40,-1.35,-10.00
32,2,-1.00,-1.00,-1.00,-1.00,0.5854,1.6,1.85,4.42,24.38,1.89,-46.65,-1.50,-10.00
32,2,-1.00,-1.00,-1.00,-1.00,0.3197,2.1,2.13,5.29,-15.85,-1.18,-15.11,1.51,-10.00
32,2,-1.00,-1.00,-1.00,-1.00,0.2291,1.6,1.84,4.38,21.38,0.88,27.76,-2.15,-10.00
32,2,-1.00,-1.00,-1.00,-1.00,0.1603,1.6,1.91,4.44,37.65,-0.09,38.21,-2.44,-10.00
32,2,-1.00,-1.00,-1.00,-1.00,0.1414,1.7,2.00,4.65,-16.30,-0.78,5.07,-3.11,-10.00
32,2,0.00,345.04,265.88,465.34,0.1306,1.7,1.93,4.47,-11.15,-0.46,19.53,-3.14,-10.00
32,2,-1.00,-1.00,-1.00,-1.00,0.1056,1.7,1.85,4.35,14.76,0.80,15.55,-1.82,-10.00
32,2,-1.00,-1.00,-1.00,-1.00,0.1045,1.6,1.95,4.44,-15.33,0.01,0.23,-1.56,-10.00
33,2,-1.00,-1.00,-1.00,-1.00,0.8721,1.8,1.91,4.70,20.96,1.71,-47.10,-1.28,-10.00
33,2,-1.00,-1.00,-1.00,-1.00,0.7325,1.5,1.80,4.22,17.57,0.70,17.00,0.05,-10.00
33,2,-1.00,-1.00,-1.00,-1.00,0.5888,1.6,1.87,4.33,23.29,1.55,-48.14,-1.34,-10.00
33,2,-1.00,-1.00,-1.00,-1.00,0.2900,1.6,1.89,4.55,26.14,1.78,-48.42,-1.59,-10.00
33,2,-1.00,-1.00,-1.00,-1.00,0.2478,1.6,1.87,4.44,20.69,1.05,25.33,0.88,-10.00
33,2,8.75,398.60,155.97,471.71,0.2175,1.8,2.01,4.74,-21.26,-0.67,36.94,1.44,-10.00
33,2,1298.90,453.01,1389.18,497.16,0.1521,1.6,1.84,4.26,20.80,0.19,50.11,-1.56,-10.00
33,2,-1.00,-1.00,-1.00,-1.00,0.1445,1.7,1.96,4.55,-16.52,-0.52,-10.48,3.04,-10.00
33,2,-1.00,-1.00,-1.00,-1.00,0.1399,1.7,1.93,4.50,27.56,1.88,-46.37,2.85,-10.00
33,2,-1.00,-1.00,-1.00,-1.00,0.1302,1.6,1.85,4.31,-14.16,-0.27,-3.72,3.06,-10.00
34,2,-1.00,-1.00,-1.00,-1.00,0.7891,1.7,1.87,4.34,16.70,0.62,15.18,0.04,-10.00
34,2,-1.00,-1.00,-1.00,-1.00,0.3103,1.8,1.97,4.59,23.54,1.49,-48.78,-1.34,-10.00
34,2,-1.00,-1.00,-1.00,-1.00,0.3035,1.6,1.92,4.44,26.09,1.58,-49.58,1.72,-10.00
34,2,-1.00,-1.00,-1.00,-1.00,0.2924,1.6,1.87,4.47,19.90,1.18,22.74,-2.37,-10.00
34,2,1209.43,451.38,1340.53,496.63,0.2043,1.6,1.84,4.29,17.31,0.17,47.92,-2.37,-10.00
34,2,-1.00,-1.00,-1.00,-1.00,0.1218,1.6,1.90,4.42,-13.42,-0.56,-14.92,3.08,-10.00
34,2,1188.88,448.04,1321.32,494.28,0.1119,1.7,1.92,4.61,17.17,0.07,49.74,-2.24,-10.00
34,2,1079.99,460.39,1220.92,510.36,0.1054,1.6,1.86,4.41,11.58,0.64,44.08,-2.35,-10.00
35,2,-1.00,-1.00,-1.00,-1.00,0.8596,1.7,1.92,4.45,15.76,0.77,13.21,-0.07,-10.00
35,2,-1.00,-1.00,-1.00,-1.00,0.5229,1.8,1.95,4.74,-21.00,0.04,6.57,1.40,-10.00
35,2,-1.00,-1.00,-1.00,-1.00,0.4616,1.5,1.84,4.38,18.64,0.76,20.89,-2.34,-10.00
35,2,1142.41,451.49,1275.01,496.71,0.3459,1.5,1.81,4.23,14.22,0.17,46.01,-2.39,-10.00
35,2,-1.00,-1.00,-1.00,-1.00,0.3230,1.6,1.82,4.29,20.36,0.67,23.12,-2.36,-10.00
35,2,-1.00,-1.00,-1.00,-1.00,0.2692,1.9,2.09,4.70,26.51,1.54,-50.16,-1.56,-10.00
35,2,1497.67,443.98,1600.00,491.81,0.2463,1.6,1.92,4.42,27.80,-0.02,46.62,0.77,-10.00
35,2,-1.00,-1.00,-1.00,-1.00,0.1706,1.7,1.97,4.61,-20.42,-0.34,20.99,1.30,-10.00
35,2,1011.43,461.15,1161.48,513.27,0.1685,1.6,1.90,4.44,8.80,0.70,41.47,-2.42,-10.00
35,2,1222.45,456.79,1370.60,509.08,0.1284,1.5,1.80,4.31,15.12,0.55,40.12,1.11,-10.00
35,2,-1.00,-1.00,-1.00,-1.00,0.1265,1.7,1.89,4.51,25.48,0.47,32.18,-2.02,-10.00
35,2,-1.00,-1.00,-1.00,-1.00,0.1242,1.6,1.88,4.42,22.71,0.66,19.91,0.85,-10.00
35,2,1422.72,457.32,1595.05,512.80,0.1089,1.6,1.83,4.37,21.57,0.65,39.60,-2.17,-10.00
35,2,-1.00,-1.00,-1.00,-1.00,0.1024,1.6,1.90,4.45,25.68,0.77,34.16,2.88,-10.00
36,2,-1.00,-1.00,-1.00,-1.00,0.8921,1.7,1.87,4.38,15.08,1.04,10.78,-0.09,-10.00
36,2,-1.00,-1.00,-1.00,-1.00,0.7268,1.6,1.91,4.55,17.65,1.21,18.58,-2.41,-10.00
36,2,-1.00,-1.00,-1.00,-1.00,0.4858,1.5,1.85,4.35,19.04,1.21,20.71,-2.41,-10.00
36,2,-1.00,-1.00,-1.00,-1.00,0.3358,1.9,2.01,4.87,-19.48,-0.30,10.06,1.37,-10.00
36,2,-1.00,-1.00,-1.00,-1.00,0.2943,1.6,1.89,4.50,21.53,1.37,8.47,-2.48,-10.00
36,2,-1.00,-1.00,-1.00,-1.00,0.2616,1.6,1.88,4.37,28.83,2.18,-51.74,-1.77,-10.00
36,2,959.58,462.86,1125.26,521.60,0.2562,1.7,1.96,4.58,6.85,0.90,38.61,-2.48,-10.00
36,2,-1.00,-1.00,-1.00,-1.00,0.2017,1.6,1.87,4.37,24.69,0.60,25.82,0.66,-10.00
36,2,1181.53,446.44,1325.51,497.93,0.1948,1.6,1.90,4.38,14.54,0.19,42.33,0.23,-10.00
36,2,-1.00,-1.00,-1.00,-1.00,0.1846,1.6,1.91,4.47,26.06,-0.13,27.85,0.58,-10.00
36,2,-1.00,-1.00,-1.00,-1.00,0.1760,1.8,1.97,4.57,-22.79,-0.50,1.61,2.82,-10.00
36,2,-1.00,-1.00,-1.00,-1.00,0.1679,1.6,1.88,4.45,21.32,1.14,22.13,-2.52,-10.00
36,2,1094.49,440.32,1235.94,491.18,0.1533,1.6,1.90,4.41,11.97,-0.03,43.46,-2.70,-10.00
36,2,1440.38,465.05,1600.00,525.17,0.1320,1.6,1.84,4.37,20.76,0.96,37.01,1.17,-10.00
36,2,-1.00,-1.00,-1.00,-1.00,0.1259,1.7,1.95,4.46,-40.84,-0.63,9.97,-0.03,-10.00
36,2,1038.43,455.27,1147.32,511.55,0.1235,1.6,1.90,4.48,8.67,0.61,39.42,-1.01,-10.00
36,2,-1.00,-1.00,-1.00,-1.00,0.1086,1.6,1.90,4.48,19.98,1.24,21.66,-2.23,-10.00
37,2,-1.00,-1.00,-1.00,-1.00,0.8965,1.7,1.91,4.46,14.79,1.09,8.06,-0.15,-10.00
37,2,-1.00,-1.00,-1.00,-1.00,0.8727,1.5,1.89,4.49,17.24,1.07,15.87,-2.42,-10.00
37,2,-1.00,-1.00,-1.00,-1.00,0.6010,1.6,1.87,4.41,23.26,0.61,23.73,-2.52,-10.00
37,2,949.97,445.50,1122.04,504.57,0.5915,1.6,1.87,4.41,6.17,0.36,35.77,-2.50,-10.00
37,2,-1.00,-1.00,-1.00,-1.00,0.5373,1.7,1.90,4.46,24.41,0.63,26.05,-2.63,-10.00
37,2,-1.00,-1.00,-1.00,-1.00,0.3986,1.6,1.86,4.39,18.87,0.93,17.83,-2.42,-10.00
37,2,1089.44,426.93,1248.31,484.34,0.3087,1.7,1.93,4.53,11.30,-0.27,40.70,0.61,-10.00
37,2,-1.00,-1.00,-1.00,-1.00,0.2575,1.7,2.05,4.68,-30.17,-0.94,-2.87,1.34,-10.00
37,2,1460.17,459.93,1600.00,522.63,0.2418,1.6,1.86,4.38,19.94,0.82,34.29,1.22,-10.00
37,2,1390.10,449.04,1600.00,523.78,0.1494,1.6,1.86,4.40,15.90,0.74,29.77,1.23,-10.00
37,2,-1.00,-1.00,-1.00,-1.00,0.1468,1.7,2.05,4.62,-18.51,-0.87,0.06,1.39,-10.00
37,2,1079.93,430.85,1171.02,487.24,0.1399,1.7,1.87,4.40,10.50,-0.20,42.78,-1.06,-10.00
37,2,-1.00,-1.00,-1.00,-1.00,0.1231,1.7,1.99,4.61,27.84,0.36,31.83,-2.80,-10.00
37,2,1555.62,461.40,1600.00,514.55,0.1118,1.6,1.90,4.26,25.55,0.72,40.09,1.60,-10.00
37,2,-1.00,-1.00,-1.00,-1.00,0.1057,1.7,1.91,4.42,-46.77,-1.63,-24.49,1.20,-10.00
37,2,1062.79,439.44,1218.95,494.73,0.1040,1.6,1.87,4.34,10.05,0.07,39.40,0.76,-10.00
38,2,-1.00,-1.00,-1.00,-1.00,0.9131,1.7,1.90,4.41,14.92,1.19,4.47,-0.09,-10.00
38,2,-1.00,-1.00,-1.00,-1.00,0.8092,1.5,1.88,4.45,17.49,1.19,12.20,-2.39,-10.00
38,2,1140.18,445.76,1304.43,501.66,0.6476,1.5,1.81,4.23,11.90,0.28,37.23,0.69,-10.00
38,2,-1.00,-1.00,-1.00,-1.00,0.6221,1.6,1.85,4.36,23.47,0.83,20.04,-2.54,-10.00
38,2,995.62,466.86,1187.32,534.40,0.6165,1.6,1.86,4.37,6.90,1.04,31.99,-2.43,-10.00
38,2,-1.00,-1.00,-1.00,-1.00,0.5514,1.6,1.85,4.37,24.92,0.67,22.08,-2.53,-10.00
38,2,-1.00,-1.00,-1.00,-1.00,0.4575,1.5,1.80,4.25,19.04,1.08,14.27,-2.45,-10.00
38,2,-1.00,-1.00,-1.00,-1.00,0.3401,1.9,2.12,4.74,-44.14,-1.26,-4.33,-1.78,-10.00
38,2,1527.76,461.00,1600.00,531.04,0.2984,1.6,1.91,4.44,19.81,0.92,30.57,0.60,-10.00
38,2,-1.00,-1.00,-1.00,-1.00,0.2813,1.7,1.90,4.48,29.61,0.59,27.64,-2.53,-10.00
38,2,-1.00,-1.00,-1.00,-1.00,0.2108,1.6,1.95,4.59,21.56,1.34,2.21,-2.46,-10.00
38,2,1085.88,458.09,1257.97,516.88,0.1905,1.5,1.83,4.27,9.92,0.69,35.49,-2.41,-10.00
38,2,-1.00,-1.00,-1.00,-1.00,0.1854,1.6,1.90,4.49,25.89,0.65,24.20,-2.58,-10.00
38,2,-1.00,-1.00,-1.00,-1.00,0.1838,1.6,1.86,4.46,20.61,0.92,16.03,-2.34,-10.00
38,2,1017.09,464.97,1204.26,527.39,0.1806,1.6,1.92,4.53,7.91,0.94,34.18,-2.56,-10.00
38,2,-1.00,-1.00,-1.00,-1.00,0.1705,1.8,1.94,4.54,43.78,0.45,44.53,-2.49,-10.00
38,2,-1.00,-1.00,-1.00,-1.00,0.1442,1.6,1.88,4.40,28.29,0.63,25.76,-2.45,-10.00
38,2,1163.29,451.29,1329.27,506.77,0.1427,1.6,1.91,4.47,13.21,0.46,39.01,-2.50,-10.00
38,2,-1.00,-1.00,-1.00,-1.00,0.1352,1.6,1.89,4.45,21.84,1.01,30.78,2.08,-10.00
38,2,-1.00,-1.00,-1.00,-1.00,0.1260,1.6,1.86,4.47,25.53,0.99,34.03,2.18,-10.00
38,2,-1.00,-1.00,-1.00,-1.00,0.1179,1.6,1.86,4.22,26.36,0.86,38.09,0.23,-10.00
38,2,-1.00,-1.00,-1.00,-1.00,0.1167,1.6,1.85,4.32,4.00,2.00,-43.45,0.04,-10.00
38,2,1224.06,437.29,1382.01,492.22,0.1079,1.6,1.87,4.34,15.56,-0.01,40.61,0.74,-10.00
38,2,-1.00,-1.00,-1.00,-1.00,0.1074,1.6,1.93,4.43,24.77,0.82,20.67,-2.50,-10.00
38,2,-1.00,-1.00,-1.00,-1.00,0.1040,1.6,1.84,4.33,22.54,1.80,-43.48,0.27,-10.00
38,2,1311.80,452.80,1426.48,498.24,0.1027,1.6,1.88,4.32,21.39,0.23,48.97,2.61,-10.00
38,2,-1.00,-1.00,-1.00,-1.00,0.1022,1.6,1.80,4.10,39.49,1.12,18.30,2.20,-10.00
39,2,-1.00,-1.00,-1.00,-1.00,0.8593,1.8,1.89,4.37,15.10,1.58,0.46,-0.04,-10.00
39,2,-1.00,-1.00,-1.00,-1.00,0.7474,1.5,1.79,4.19,24.47,1.52,15.55,-2.44,-10.00
39,2,1222.46,461.52,1409.61,526.14,0.7188,1.6,1.82,4.26,13.12,0.89,33.34,-2.52,-10.00
39,2,-1.00,-1.00,-1.00,-1.00,0.6213,1.7,1.90,4.46,25.99,1.51,17.54,-2.49,-10.00
39,2,1073.71,482.40,1307.47,561.31,0.5841,1.6,1.93,4.59,8.23,1.46,28.11,-2.40,-10.00
39,2,-1.00,-1.00,-1.00,-1.00,0.4938,1.8,1.93,4.58,45.12,1.93,39.62,-2.46,-10.00
39,2,-1.00,-1.00,-1.00,-1.00,0.4894,1.5,1.84,4.44,17.92,1.65,8.03,-2.33,-10.00
39,2,-1.00,-1.00,-1.00,-1.00,0.4510,1.5,1.79,4.24,19.58,1.61,10.19,-2.38,-10.00
39,2,-1.00,-1.00,-1.00,-1.00,0.4456,1.6,1.97,4.51,-20.07,-1.10,5.01,1.42,-10.00
39,2,-1.00,-1.00,-1.00,-1.00,0.4251,1.6,1.85,4.38,30.59,1.62,22.93,-2.41,-10.00
39,2,-1.00,-1.00,-1.00,-1.00,0.4213,1.5,1.80,4.27,28.85,1.67,21.22,-2.40,-10.00
39,2,-1.00,-1.00,-1.00,-1.00,0.3480,1.5,1.81,4.28,21.06,1.93,12.15,-2.46,-10.00
39,2,-1.00,-1.00,-1.00,-1.00,0.2371,1.6,1.85,4.35,21.89,1.72,25.69,-2.48,-10.00
39,2,-1.00,-1.00,-1.00,-1.00,0.2235,1.5,1.82,4.32,26.78,0.97,34.21,0.81,-10.00
39,2,-1.00,-1.00,-1.00,-1.00,0.2179,1.6,1.88,4.40,-4.99,0.09,-25.70,2.97,-10.00
39,2,1245.03,476.85,1429.27,538.70,0.1652,1.6,1.91,4.44,14.51,1.27,35.36,-2.53,-10.00
39,2,-1.00,-1.00,-1.00,-1.00,0.1644,1.6,1.90,4.45,20.89,2.28,-47.80,0.37,-10.00
39,2,1193.98,467.49,1394.45,534.31,0.1598,1.6,1.85,4.31,11.81,1.02,31.40,-2.50,-10.00
39,2,-1.00,-1.00,-1.00,-1.00,0.1554,1.6,1.88,4.41,23.40,1.69,27.79,0.64,-10.00
39,2,-1.00,-1.00,-1.00,-1.00,0.1431,1.6,1.99,4.41,-17.04,-2.12,-15.98,1.36,-10.00
39,2,-1.00,-1.00,-1.00,-1.00,0.1364,1.6,1.86,4.35,28.29,1.56,19.77,-2.53,-10.00
39,2,0.00,290.71,19.13,415.03,0.1360,1.7,1.97,4.57,-16.54,-1.43,21.60,2.93,-10.00
39,2,1381.92,474.10,1525.26,519.57,0.1321,1.6,1.89,4.36,23.58,1.02,46.99,-3.04,-10.00
39,2,-1.00,-1.00,-1.00,-1.00,0.1114,1.6,1.86,4.36,46.50,2.23,41.63,-2.51,-10.00
39,2,-1.00,-1.00,-1.00,-1.00,0.1074,1.6,1.85,4.24,34.41,1.27,43.07,1.60,-10.00
39,2,0.00,340.71,96.89,437.77,0.1070,1.7,1.95,4.52,-16.90,-1.13,24.77,3.13,-10.00
39,2,1248.09,473.39,1572.96,586.31,0.1060,1.6,1.87,4.39,9.41,1.39,20.23,0.66,-10.00
39,2,-1.00,-1.00,-1.00,-1.00,0.1037,1.8,2.01,4.74,31.06,1.74,25.14,2.33,-10.00
39,2,1106.94,481.81,1318.13,552.00,0.1022,1.6,1.88,4.42,9.39,1.37,30.19,-2.46,-10.00
39,2,-1.00,-1.00,-1.00,-1.00,0.1016,1.7,1.91,4.43,25.75,1.93,-13.08,-1.22,-10.00
