0,1,-1.00,-1.00,-1.00,-1.00,0.4579,1.8,0.65,0.65,10.24,1.57,6.02,2.37,-10.00
0,1,-1.00,-1.00,-1.00,-1.00,0.3828,1.8,0.62,0.67,-22.07,1.51,-24.78,1.37,-10.00
0,1,-1.00,-1.00,-1.00,-1.00,0.3243,1.8,0.56,0.55,-21.42,1.55,-13.95,1.46,-10.00
0,1,-1.00,-1.00,-1.00,-1.00,0.3009,1.8,0.55,0.56,-21.92,1.53,-13.93,1.41,-10.00
0,1,-1.00,-1.00,-1.00,-1.00,0.2378,1.6,0.72,0.73,7.76,1.07,-8.55,-1.91,-10.00
0,1,-1.00,-1.00,-1.00,-1.00,0.2322,1.8,0.65,0.65,-20.03,1.40,-26.42,-1.77,-10.00
0,1,-1.00,-1.00,-1.00,-1.00,0.2217,1.8,0.58,0.59,-22.72,1.50,-14.07,1.46,-10.00
0,1,-1.00,-1.00,-1.00,-1.00,0.1881,1.8,0.54,0.56,-22.35,1.46,-14.04,1.42,-10.00
0,1,330.50,489.58,365.17,560.21,0.1469,1.8,0.79,0.78,-12.71,2.38,33.27,1.28,-10.00
0,1,533.41,502.31,574.32,588.08,0.1322,1.8,0.64,0.63,-5.90,2.54,27.14,1.85,-10.00
0,1,-1.00,-1.00,-1.00,-1.00,0.1136,1.8,0.65,0.64,-19.45,1.55,-12.49,0.10,-10.00
0,1,1533.53,474.36,1589.65,563.11,0.1054,1.9,0.70,0.68,15.78,1.99,26.90,2.87,-10.00
0,1,-1.00,-1.00,-1.00,-1.00,0.1045,1.8,0.61,0.59,-25.37,1.79,-5.88,-0.09,-10.00
0,1,297.21,548.54,332.24,624.98,0.1044,1.9,0.65,0.63,-12.66,3.80,31.01,1.42,-10.00
1,1,-1.00,-1.00,-1.00,-1.00,0.6216,1.9,0.78,0.90,9.93,1.49,5.68,-0.50,-10.00
1,1,-1.00,-1.00,-1.00,-1.00,0.4615,1.8,0.64,0.69,9.19,1.08,-10.26,0.85,-10.00
1,1,-1.00,-1.00,-1.00,-1.00,0.4466,1.8,0.51,0.53,-19.65,1.58,-18.41,1.48,-10.00
1,1,-1.00,-1.00,-1.00,-1.00,0.4066,1.8,0.55,0.56,-20.32,1.61,-18.39,1.45,-10.00
1,1,-1.00,-1.00,-1.00,-1.00,0.3153,1.8,0.68,0.64,-16.83,1.53,-30.55,1.97,-10.00
1,1,-1.00,-1.00,-1.00,-1.00,0.3147,1.8,0.84,0.77,16.35,1.44,6.39,-3.03,-10.00
1,1,-1.00,-1.00,-1.00,-1.00,0.3034,1.8,0.62,0.59,-19.02,1.59,-29.13,1.47,-10.00
1,1,-1.00,-1.00,-1.00,-1.00,0.2745,1.8,0.57,0.61,-20.87,1.56,-18.84,1.47,-10.00
1,1,105.20,488.16,153.63,574.05,0.2098,2.0,0.86,0.94,-16.23,2.40,29.16,0.97,-10.00
1,1,207.56,481.08,257.57,567.18,0.1370,1.9,0.67,0.70,-13.10,2.13,27.64,0.35,-10.00
1,1,-1.00,-1.00,-1.00,-1.00,0.1187,1.8,0.71,0.82,24.61,0.56,-5.67,1.50,-10.00
1,1,-1.00,-1.00,-1.00,-1.00,0.1144,1.8,0.58,0.60,-20.70,1.58,-18.49,1.48,-10.00
1,1,-1.00,-1.00,-1.00,-1.00,0.1101,1.9,0.64,0.76,-19.62,1.55,-19.11,1.43,-10.00
1,1,1021.57,452.62,1044.59,504.02,0.1047,1.9,0.82,0.80,7.88,1.28,47.81,-2.94,-10.00
1,1,-1.00,-1.00,-1.00,-1.00,0.1032,1.8,0.54,0.61,-19.94,1.63,-18.65,1.48,-10.00
1,1,-1.00,-1.00,-1.00,-1.00,0.1007,1.8,0.70,0.67,-36.55,3.14,46.20,0.88,-10.00
2,1,-1.00,-1.00,-1.00,-1.00,0.3776,1.8,0.59,0.60,-18.03,1.97,-22.87,1.07,-10.00
2,1,-1.00,-1.00,-1.00,-1.00,0.3709,1.8,0.62,0.62,-17.33,1.88,-22.82,1.19,-10.00
2,1,-1.00,-1.00,-1.00,-1.00,0.3217,1.8,0.72,0.83,10.78,1.17,-11.81,0.86,-10.00
2,1,-1.00,-1.00,-1.00,-1.00,0.3035,1.9,0.81,0.77,-13.06,1.76,-34.57,1.42,-10.00
2,1,-1.00,-1.00,-1.00,-1.00,0.3027,1.8,0.64,0.62,-15.47,1.98,-33.32,1.24,-10.00
2,1,-1.00,-1.00,-1.00,-1.00,0.2834,1.8,0.81,0.85,9.78,1.33,5.19,-0.72,-10.00
2,1,-1.00,-1.00,-1.00,-1.00,0.2651,1.8,0.58,0.58,-18.38,2.02,-23.29,1.12,-10.00
2,1,-1.00,-1.00,-1.00,-1.00,0.2334,1.8,0.67,0.78,-19.06,2.10,24.46,0.63,-10.00
2,1,877.99,447.84,897.08,498.94,0.2227,1.8,0.66,0.65,2.25,1.06,46.26,-0.01,-10.00
2,1,-1.00,-1.00,-1.00,-1.00,0.1737,1.8,0.64,0.63,-17.71,2.04,-33.66,1.17,-10.00
2,1,-1.00,-1.00,-1.00,-1.00,0.1442,1.9,0.77,0.80,-40.93,2.10,9.45,-1.98,-10.00
2,1,-1.00,-1.00,-1.00,-1.00,0.1346,1.8,0.70,0.76,-18.74,1.97,-23.52,1.16,-10.00
2,1,-1.00,-1.00,-1.00,-1.00,0.1123,1.8,0.65,0.63,28.32,0.78,-23.37,0.07,-10.00
2,1,-1.00,-1.00,-1.00,-1.00,0.1105,1.8,0.76,0.74,14.76,1.13,6.06,2.71,-10.00
2,1,1217.22,464.05,1271.04,556.06,0.1052,1.9,0.69,0.75,8.58,1.76,25.76,-0.58,-10.00
2,1,-1.00,-1.00,-1.00,-1.00,0.1052,1.7,0.64,0.84,-17.62,1.93,-23.09,1.14,-10.00
2,1,-1.00,-1.00,-1.00,-1.00,0.1003,1.9,0.79,0.96,25.00,0.65,-5.69,1.58,-10.00
3,1,-1.00,-1.00,-1.00,-1.00,0.4594,1.8,0.60,0.57,-14.77,2.12,-27.34,1.00,-10.00
3,1,-1.00,-1.00,-1.00,-1.00,0.4592,1.8,0.64,0.64,12.80,1.19,-12.81,0.80,-10.00
3,1,-1.00,-1.00,-1.00,-1.00,0.3339,1.8,0.73,0.79,9.17,1.33,4.82,-0.61,-10.00
3,1,-1.00,-1.00,-1.00,-1.00,0.2899,1.8,0.54,0.57,-14.04,2.19,-27.24,1.19,-10.00
3,1,-1.00,-1.00,-1.00,-1.00,0.1768,1.8,0.71,0.71,-8.21,1.97,-38.24,1.54,-10.00
3,1,-1.00,-1.00,-1.00,-1.00,0.1602,1.9,0.83,0.93,-21.64,1.76,19.23,0.34,-10.00
3,1,-1.00,-1.00,-1.00,-1.00,0.1496,1.8,0.68,0.65,-10.90,2.03,-37.29,1.22,-10.00
3,1,-1.00,-1.00,-1.00,-1.00,0.1309,1.9,0.68,0.71,-14.78,2.12,-28.62,1.28,-10.00
3,1,-1.00,-1.00,-1.00,-1.00,0.1187,1.8,0.58,0.71,-14.10,2.16,-27.61,1.21,-10.00
3,1,-1.00,-1.00,-1.00,-1.00,0.1041,1.8,0.62,0.63,-14.82,2.17,-28.09,1.25,-10.00
4,1,-1.00,-1.00,-1.00,-1.00,0.6440,1.8,0.74,0.79,8.63,1.45,4.57,-0.90,-10.00
4,1,-1.00,-1.00,-1.00,-1.00,0.5553,1.8,0.66,0.70,15.23,1.25,-13.22,0.75,-10.00
4,1,-1.00,-1.00,-1.00,-1.00,0.3241,1.8,0.65,0.61,-9.63,1.88,-33.30,0.75,-10.00
4,1,-1.00,-1.00,-1.00,-1.00,0.3025,1.8,0.52,0.54,-9.42,1.83,-31.71,0.81,-10.00
4,1,-1.00,-1.00,-1.00,-1.00,0.2811,1.9,0.65,0.62,-17.26,2.02,-26.44,0.69,-10.00
4,1,-1.00,-1.00,-1.00,-1.00,0.2581,1.8,0.59,0.55,-10.12,1.89,-31.81,0.81,-10.00
4,1,-1.00,-1.00,-1.00,-1.00,0.2508,1.8,0.66,0.78,-23.94,1.64,12.90,0.12,-10.00
4,1,-1.00,-1.00,-1.00,-1.00,0.2293,1.9,0.70,0.68,-2.14,1.80,-41.13,-3.08,-10.00
4,1,-1.00,-1.00,-1.00,-1.00,0.2163,1.8,0.71,0.71,-5.00,2.01,-40.30,-2.26,-10.00
4,1,-1.00,-1.00,-1.00,-1.00,0.1788,1.8,0.63,0.60,-18.00,1.97,-27.23,2.93,-10.00
4,1,-1.00,-1.00,-1.00,-1.00,0.1587,1.8,0.65,0.62,-9.66,1.93,-31.43,0.83,-10.00
4,1,-1.00,-1.00,-1.00,-1.00,0.1260,1.9,0.72,0.74,34.65,0.58,-39.05,-1.40,-10.00
4,1,-1.00,-1.00,-1.00,-1.00,0.1140,1.8,0.68,0.77,-42.76,3.03,-22.96,-1.79,-10.00
4,1,-1.00,-1.00,-1.00,-1.00,0.1072,1.8,0.57,0.55,-9.81,1.88,-32.04,0.83,-10.00
4,1,-1.00,-1.00,-1.00,-1.00,0.1044,1.8,0.74,0.76,34.70,1.06,-33.47,1.46,-10.00
5,1,-1.00,-1.00,-1.00,-1.00,0.4763,1.8,0.69,0.73,1.75,1.51,-42.29,-2.25,-10.00
5,1,-1.00,-1.00,-1.00,-1.00,0.3944,1.8,0.75,0.79,7.89,1.43,4.30,-1.13,-10.00
5,1,-1.00,-1.00,-1.00,-1.00,0.3243,1.9,0.83,0.82,4.92,1.37,-43.07,-2.51,-10.00
5,1,-1.00,-1.00,-1.00,-1.00,0.3071,1.8,0.68,0.70,17.97,1.11,-13.08,0.70,-10.00
5,1,-1.00,-1.00,-1.00,-1.00,0.2825,1.8,0.67,0.69,-3.08,1.64,-37.35,0.77,-10.00
5,1,-1.00,-1.00,-1.00,-1.00,0.2768,1.8,0.57,0.58,-4.18,1.63,-36.08,0.92,-10.00
5,1,-1.00,-1.00,-1.00,-1.00,0.2711,1.8,0.59,0.60,-3.71,1.58,-35.51,1.00,-10.00
5,1,-1.00,-1.00,-1.00,-1.00,0.2499,1.8,0.66,0.74,-25.20,1.63,6.16,0.01,-10.00
5,1,-1.00,-1.00,-1.00,-1.00,0.1989,1.8,0.68,0.64,-12.51,1.73,-31.39,1.87,-10.00
5,1,-1.00,-1.00,-1.00,-1.00,0.1924,1.8,0.63,0.65,-13.01,1.82,-32.39,-1.18,-10.00
5,1,63.26,451.81,100.53,513.07,0.1603,1.9,0.75,0.88,-23.80,1.37,40.05,-0.69,-10.00
5,1,-1.00,-1.00,-1.00,-1.00,0.1494,1.9,0.75,0.80,0.51,1.81,-44.60,-2.32,-10.00
5,1,-1.00,-1.00,-1.00,-1.00,0.1455,1.9,0.79,0.76,10.77,1.27,4.58,-2.61,-10.00
5,1,-1.00,-1.00,-1.00,-1.00,0.1355,1.8,0.68,0.74,24.02,2.02,27.55,0.67,-10.00
5,1,-1.00,-1.00,-1.00,-1.00,0.1299,1.8,0.69,0.68,34.22,0.79,-29.03,0.04,-10.00
5,1,-1.00,-1.00,-1.00,-1.00,0.1246,1.8,0.70,0.68,17.29,1.15,-13.18,0.61,-10.00
5,1,-1.00,-1.00,-1.00,-1.00,0.1121,1.8,0.65,0.64,-12.82,1.80,-31.75,1.98,-10.00
5,1,-1.00,-1.00,-1.00,-1.00,0.1104,1.8,0.72,0.71,39.86,0.90,-29.37,-0.14,-10.00
5,1,604.62,466.31,658.63,586.47,0.1071,1.9,0.74,0.80,-3.16,1.87,20.33,-1.55,-10.00
5,1,-1.00,-1.00,-1.00,-1.00,0.1068,1.9,0.73,0.91,-28.26,0.53,34.97,-0.65,-10.00
6,1,-1.00,-1.00,-1.00,-1.00,0.6033,1.8,0.72,0.76,7.06,1.46,4.04,-1.38,-10.00
6,1,-1.00,-1.00,-1.00,-1.00,0.3255,1.8,0.66,0.63,4.15,1.45,-40.23,0.77,-10.00
6,1,-1.00,-1.00,-1.00,-1.00,0.3134,1.8,0.60,0.57,3.29,1.49,-38.30,0.53,-10.00
6,1,-1.00,-1.00,-1.00,-1.00,0.3115,1.8,0.58,0.57,2.92,1.50,-39.01,0.72,-10.00
6,1,-1.00,-1.00,-1.00,-1.00,0.3051,1.8,0.72,0.76,8.96,1.60,-43.05,-2.14,-10.00
6,1,-1.00,-1.00,-1.00,-1.00,0.3039,1.8,0.68,0.85,-25.12,1.53,-0.68,-0.44,-10.00
6,1,-1.00,-1.00,-1.00,-1.00,0.2755,1.9,0.91,0.80,12.13,1.53,-43.53,-2.71,-10.00
6,1,-1.00,-1.00,-1.00,-1.00,0.2705,1.9,0.75,0.79,20.61,1.22,-12.13,0.27,-10.00
6,1,-1.00,-1.00,-1.00,-1.00,0.2473,1.8,0.71,0.70,-7.04,1.60,-36.24,-2.95,-10.00
7,1,-1.00,-1.00,-1.00,-1.00,0.5575,1.8,0.67,0.80,-23.93,1.84,-7.89,-0.62,-10.00
7,1,-1.00,-1.00,-1.00,-1.00,0.5426,1.9,0.75,0.73,6.20,1.36,3.32,-1.43,-10.00
7,1,-1.00,-1.00,-1.00,-1.00,0.4745,1.9,0.75,0.76,23.34,1.28,-10.89,0.07,-10.00
7,1,-1.00,-1.00,-1.00,-1.00,0.2482,1.8,0.61,0.57,11.00,2.09,-40.35,0.53,-10.00
7,1,-1.00,-1.00,-1.00,-1.00,0.2384,1.8,0.63,0.62,12.51,1.96,-41.68,0.47,-10.00
7,1,-1.00,-1.00,-1.00,-1.00,0.2268,1.9,0.73,0.75,16.23,2.12,-42.77,-2.20,-10.00
7,1,-1.00,-1.00,-1.00,-1.00,0.2164,1.8,0.61,0.60,10.63,2.04,-40.82,0.41,-10.00
7,1,-1.00,-1.00,-1.00,-1.00,0.2153,1.9,0.72,0.62,19.40,2.06,-42.83,-2.69,-10.00
7,1,-1.00,-1.00,-1.00,-1.00,0.1525,1.8,0.65,0.66,-0.18,1.85,-39.91,-1.52,-10.00
7,1,-1.00,-1.00,-1.00,-1.00,0.1479,1.9,0.83,0.82,-32.15,2.77,-34.24,0.13,-10.00
7,1,-1.00,-1.00,-1.00,-1.00,0.1467,1.8,0.63,0.68,0.10,1.99,-39.01,1.54,-10.00
7,1,-1.00,-1.00,-1.00,-1.00,0.1356,1.9,0.68,0.65,16.91,2.42,-46.45,0.38,-10.00
7,1,-1.00,-1.00,-1.00,-1.00,0.1299,1.9,0.72,0.60,24.94,1.07,-10.09,-2.95,-10.00
7,1,-1.00,-1.00,-1.00,-1.00,0.1282,1.8,0.59,0.61,11.28,2.02,-40.08,0.51,-10.00
7,1,-1.00,-1.00,-1.00,-1.00,0.1193,1.9,0.70,0.67,-42.88,2.36,-25.02,-0.07,-10.00
7,1,-1.00,-1.00,-1.00,-1.00,0.1141,1.8,0.54,0.59,10.90,1.96,-41.13,0.44,-10.00
7,1,-1.00,-1.00,-1.00,-1.00,0.1101,1.6,0.69,0.72,-29.95,2.66,15.64,1.75,-10.00
7,1,-1.00,-1.00,-1.00,-1.00,0.1096,1.8,0.73,0.75,19.75,1.95,-42.22,-2.37,-10.00
7,1,1062.35,459.79,1079.74,509.91,0.1029,1.8,0.57,0.71,8.79,1.42,45.04,-1.37,-10.00
7,1,-1.00,-1.00,-1.00,-1.00,0.1010,1.9,0.67,0.74,-30.53,2.94,-35.57,0.99,-10.00
8,1,-1.00,-1.00,-1.00,-1.00,0.3967,1.9,0.68,0.66,15.82,1.82,-42.44,0.39,-10.00
8,1,-1.00,-1.00,-1.00,-1.00,0.2923,1.9,0.72,0.68,17.83,1.80,-42.92,0.12,-10.00
8,1,-1.00,-1.00,-1.00,-1.00,0.2612,1.9,0.72,0.70,25.21,0.93,-10.99,-0.03,-10.00
8,1,-1.00,-1.00,-1.00,-1.00,0.2539,1.8,0.68,0.73,5.55,1.30,1.91,-1.53,-10.00
8,1,-1.00,-1.00,-1.00,-1.00,0.2515,1.8,0.74,0.85,8.54,1.30,1.70,-1.33,-10.00
8,1,-1.00,-1.00,-1.00,-1.00,0.2407,1.9,0.78,0.64,23.46,1.66,-42.58,-2.87,-10.00
8,1,-1.00,-1.00,-1.00,-1.00,0.2349,1.8,0.72,0.69,20.44,1.61,-42.83,-2.42,-10.00
8,1,-1.00,-1.00,-1.00,-1.00,0.1661,1.9,0.72,0.69,-39.00,2.79,-32.65,0.45,-10.00
8,1,-1.00,-1.00,-1.00,-1.00,0.1443,1.8,0.64,0.64,12.66,-0.04,-38.17,0.36,-10.00
8,1,-1.00,-1.00,-1.00,-1.00,0.1362,1.8,0.70,0.72,37.50,1.02,-21.45,-3.02,-10.00
8,1,-1.00,-1.00,-1.00,-1.00,0.1238,1.8,0.66,0.75,-22.66,1.90,-12.83,-1.38,-10.00
8,1,-1.00,-1.00,-1.00,-1.00,0.1218,1.9,0.75,0.79,-11.27,1.65,10.00,-1.48,-10.00
8,1,-1.00,-1.00,-1.00,-1.00,0.1014,1.8,0.70,0.69,-48.33,1.78,-47.30,-0.39,-10.00
9,1,-1.00,-1.00,-1.00,-1.00,0.6312,1.8,0.69,0.71,5.40,1.23,0.24,-1.50,-10.00
9,1,-1.00,-1.00,-1.00,-1.00,0.5322,1.9,0.71,0.69,26.56,0.25,-12.08,-0.04,-10.00
9,1,-1.00,-1.00,-1.00,-1.00,0.3062,1.9,0.70,0.66,19.42,1.10,-43.66,0.24,-10.00
9,1,-1.00,-1.00,-1.00,-1.00,0.2820,1.8,0.69,0.70,22.60,1.02,-43.61,-2.30,-10.00
9,1,-1.00,-1.00,-1.00,-1.00,0.2693,1.9,0.67,0.68,21.66,1.04,-44.80,0.15,-10.00
9,1,-1.00,-1.00,-1.00,-1.00,0.2121,1.8,0.67,0.67,19.27,1.00,-44.38,0.40,-10.00
9,1,-1.00,-1.00,-1.00,-1.00,0.1868,1.8,0.69,0.72,25.79,0.98,-43.33,-2.35,-10.00
9,1,-1.00,-1.00,-1.00,-1.00,0.1739,1.8,0.67,0.69,-37.88,3.62,-16.79,-1.83,-10.00
9,1,-1.00,-1.00,-1.00,-1.00,0.1379,1.8,0.68,0.77,26.09,0.91,-42.99,-2.04,-10.00
9,1,-1.00,-1.00,-1.00,-1.00,0.1284,1.8,0.65,0.67,-37.06,3.80,-16.80,1.36,-10.00
9,1,-1.00,-1.00,-1.00,-1.00,0.1157,1.9,0.68,0.63,7.27,1.31,-44.85,-3.12,-10.00
9,1,-1.00,-1.00,-1.00,-1.00,0.1101,1.8,0.74,0.77,25.43,0.88,-43.66,-2.69,-10.00
9,1,520.30,448.08,544.03,495.71,0.1058,1.8,0.73,0.66,-11.68,1.01,49.70,1.69,-10.00
9,1,-1.00,-1.00,-1.00,-1.00,0.1011,1.8,0.66,0.69,21.32,0.93,-45.17,0.27,-10.00
10,1,-1.00,-1.00,-1.00,-1.00,0.3635,1.9,0.70,0.70,-19.28,2.41,-20.11,-0.87,-10.00
10,1,-1.00,-1.00,-1.00,-1.00,0.3137,1.8,0.71,0.79,5.28,1.16,-1.71,-1.58,-10.00
10,1,-1.00,-1.00,-1.00,-1.00,0.2139,1.7,0.67,0.74,9.30,0.91,-4.17,0.25,-10.00
10,1,-1.00,-1.00,-1.00,-1.00,0.1197,1.7,0.62,0.64,9.62,1.44,-46.38,1.46,-10.00
10,1,-1.00,-1.00,-1.00,-1.00,0.1194,1.9,0.72,0.68,9.62,1.40,-47.49,-1.60,-10.00
10,1,-1.00,-1.00,-1.00,-1.00,0.1183,1.8,0.61,0.66,-21.14,1.86,-50.45,1.57,-10.00
10,1,-1.00,-1.00,-1.00,-1.00,0.1137,1.8,0.69,0.75,-44.08,3.11,-29.81,1.49,-10.00
10,1,439.38,479.01,462.69,527.87,0.1063,1.9,0.69,0.74,-14.50,2.23,48.37,1.53,-10.00
10,1,-1.00,-1.00,-1.00,-1.00,0.1008,1.8,0.72,0.71,21.73,1.15,-46.48,0.84,-10.00
10,1,-1.00,-1.00,-1.00,-1.00,0.1000,1.9,0.76,0.80,27.62,-0.05,-14.02,0.27,-10.00
11,1,-1.00,-1.00,-1.00,-1.00,0.4883,1.8,0.72,0.76,5.29,1.10,-3.83,-1.54,-10.00
11,1,-1.00,-1.00,-1.00,-1.00,0.2874,1.9,0.70,0.73,-17.94,2.25,-23.63,-0.88,-10.00
11,1,-1.00,-1.00,-1.00,-1.00,0.2712,1.8,0.69,0.74,28.49,0.05,-46.53,-3.08,-10.00
11,1,-1.00,-1.00,-1.00,-1.00,0.1831,1.8,0.64,0.57,11.69,0.68,-49.10,-2.94,-10.00
11,1,-1.00,-1.00,-1.00,-1.00,0.1793,1.8,0.71,0.73,25.24,0.13,-46.89,-3.10,-10.00
11,1,-1.00,-1.00,-1.00,-1.00,0.1732,1.9,0.68,0.71,-17.53,2.36,-24.44,-1.11,-10.00
11,1,-1.00,-1.00,-1.00,-1.00,0.1561,1.8,0.65,0.66,27.29,0.17,-48.97,0.45,-10.00
11,1,287.94,467.59,329.95,527.88,0.1490,1.9,0.82,1.00,-16.69,1.86,40.41,3.12,-10.00
11,1,-1.00,-1.00,-1.00,-1.00,0.1321,1.8,0.67,0.65,24.93,0.17,-48.08,3.13,-10.00
11,1,-1.00,-1.00,-1.00,-1.00,0.1151,1.8,0.64,0.66,8.66,0.90,-3.97,-1.66,-10.00
11,1,-1.00,-1.00,-1.00,-1.00,0.1076,1.8,0.61,0.65,-12.23,1.96,-2.43,0.60,-10.00
12,1,-1.00,-1.00,-1.00,-1.00,0.3894,1.8,0.73,0.76,5.22,0.98,-6.25,-1.54,-10.00
12,1,-1.00,-1.00,-1.00,-1.00,0.2340,1.9,0.73,0.72,25.32,0.10,-49.55,-3.08,-10.00
12,1,-1.00,-1.00,-1.00,-1.00,0.2058,1.8,0.72,0.77,26.48,-0.10,-51.37,0.21,-10.00
12,1,-1.00,-1.00,-1.00,-1.00,0.1871,1.9,0.72,0.61,-16.92,2.27,-28.09,0.64,-10.00
12,1,-1.00,-1.00,-1.00,-1.00,0.1857,1.8,0.69,0.71,28.83,0.04,-49.23,-3.13,-10.00
12,1,-1.00,-1.00,-1.00,-1.00,0.1754,1.8,0.67,0.71,26.92,0.04,-50.87,0.04,-10.00
12,1,-1.00,-1.00,-1.00,-1.00,0.1560,1.8,0.74,0.83,8.87,0.88,-6.40,-1.69,-10.00
12,1,-1.00,-1.00,-1.00,-1.00,0.1352,1.9,0.74,0.81,-26.15,-1.09,-1.32,0.03,-10.00
12,1,129.39,485.79,183.81,563.95,0.1232,1.9,0.82,0.85,-16.69,2.33,31.23,-3.05,-10.00
12,1,195.41,473.10,229.43,537.08,0.1152,1.8,0.63,0.60,-17.90,1.95,36.53,0.21,-10.00
12,1,-1.00,-1.00,-1.00,-1.00,0.1138,1.8,0.66,0.68,28.91,0.10,-51.40,0.02,-10.00
12,1,-1.00,-1.00,-1.00,-1.00,0.1035,1.9,0.68,0.66,-16.94,2.10,-27.21,1.28,-10.00
13,1,-1.00,-1.00,-1.00,-1.00,0.2561,1.8,0.67,0.68,5.01,1.03,-8.92,-1.58,-10.00
13,1,-1.00,-1.00,-1.00,-1.00,0.1791,1.8,0.61,0.61,-16.23,1.88,-29.70,-1.10,-10.00
13,1,171.54,472.66,204.05,539.18,0.1327,1.8,0.61,0.61,-17.76,1.92,34.83,1.43,-10.00
13,1,-1.00,-1.00,-1.00,-1.00,0.1181,1.9,0.84,0.86,-41.77,1.07,33.48,-0.27,-10.00
13,1,-1.00,-1.00,-1.00,-1.00,0.1051,1.8,0.64,0.71,-37.75,1.04,42.34,2.85,-10.00
14,1,-1.00,-1.00,-1.00,-1.00,0.4933,1.8,0.71,0.75,4.86,0.97,-11.74,-1.62,-10.00
14,1,-1.00,-1.00,-1.00,-1.00,0.3757,1.9,0.82,0.95,8.82,0.89,-11.84,-1.64,-10.00
14,1,-1.00,-1.00,-1.00,-1.00,0.3051,1.9,0.67,0.67,-15.78,1.62,-32.52,-0.82,-10.00
14,1,-1.00,-1.00,-1.00,-1.00,0.1399,1.8,0.62,0.59,16.57,-0.07,-43.54,-1.60,-10.00
14,1,-1.00,-1.00,-1.00,-1.00,0.1372,1.9,0.68,0.74,-29.09,-0.60,0.25,0.01,-10.00
14,1,-1.00,-1.00,-1.00,-1.00,0.1181,1.8,0.69,0.73,-12.80,1.17,-12.47,1.57,-10.00
14,1,129.64,476.21,170.40,548.51,0.1169,1.9,0.72,0.74,-18.18,2.10,33.68,1.42,-10.00
14,1,506.05,454.00,528.81,505.19,0.1166,1.8,0.67,0.79,-11.24,1.27,45.57,1.50,-10.00
14,1,1.80,494.63,51.43,562.94,0.1104,1.6,0.69,0.72,-19.40,2.24,30.38,0.42,-10.00
14,1,198.95,473.90,233.93,539.11,0.1060,1.9,0.64,0.65,-17.73,2.00,36.41,0.06,-10.00
15,1,-1.00,-1.00,-1.00,-1.00,0.4001,1.9,0.71,0.70,-15.35,1.63,-35.64,-0.60,-10.00
15,1,-1.00,-1.00,-1.00,-1.00,0.2970,1.8,0.75,0.85,4.75,1.03,-14.54,-1.57,-10.00
15,1,1323.93,410.63,1370.88,512.49,0.1709,1.8,0.59,0.60,9.36,0.75,22.53,-1.44,-10.00
15,1,-1.00,-1.00,-1.00,-1.00,0.1542,1.9,0.70,0.77,9.17,0.99,-14.59,1.54,-10.00
15,1,73.72,478.93,109.26,549.93,0.1283,1.7,0.60,0.55,-17.84,1.93,30.42,-0.21,-10.00
16,1,-1.00,-1.00,-1.00,-1.00,0.3428,1.8,0.73,0.80,8.76,0.76,-17.42,-1.94,-10.00
16,1,-1.00,-1.00,-1.00,-1.00,0.2947,1.9,0.76,0.89,4.54,0.91,-17.17,-1.58,-10.00
16,1,1417.53,413.73,1497.10,535.27,0.2636,1.8,0.75,0.70,9.57,0.99,19.02,-0.22,-10.00
16,1,-1.00,-1.00,-1.00,-1.00,0.2562,1.9,0.63,0.67,-15.02,1.27,-38.15,-1.23,-10.00
16,1,1308.80,409.57,1366.16,494.14,0.1951,1.9,0.81,0.86,11.60,0.53,28.46,-0.14,-10.00
16,1,183.00,480.33,216.29,543.92,0.1751,1.8,0.58,0.62,-17.85,2.10,35.67,1.65,-10.00
16,1,-1.00,-1.00,-1.00,-1.00,0.1522,1.8,0.68,0.68,-34.28,1.53,22.96,-3.12,-10.00
16,1,-1.00,-1.00,-1.00,-1.00,0.1324,2.0,0.91,1.00,-42.66,-1.60,-41.57,2.84,-10.00
16,1,-1.00,-1.00,-1.00,-1.00,0.1306,1.7,0.59,0.58,-19.49,2.36,23.22,-0.19,-10.00
16,1,-1.00,-1.00,-1.00,-1.00,0.1046,1.7,0.65,0.82,-29.05,2.34,36.96,-3.09,-10.00
17,1,-1.00,-1.00,-1.00,-1.00,0.5127,1.8,0.67,0.75,4.42,0.88,-19.80,-1.60,-10.00
17,1,-1.00,-1.00,-1.00,-1.00,0.1435,1.8,0.73,0.84,-14.93,1.41,-40.95,-1.32,-10.00
17,1,1169.73,443.55,1214.90,539.44,0.1252,1.8,0.61,0.64,6.80,1.29,23.32,0.04,-10.00
17,1,-1.00,-1.00,-1.00,-1.00,0.1219,1.9,0.74,0.61,-35.95,1.99,31.46,1.49,-10.00
17,1,-1.00,-1.00,-1.00,-1.00,0.1121,1.8,0.60,0.69,4.81,0.89,-19.57,-1.56,-10.00
17,1,1555.26,391.90,1600.00,525.21,0.1094,1.6,0.64,0.64,9.50,0.68,15.49,-2.92,-10.00
17,1,1384.81,415.03,1431.43,505.86,0.1067,1.8,0.70,0.64,11.59,0.70,24.97,-2.47,-10.00
17,1,-1.00,-1.00,-1.00,-1.00,0.1020,1.7,0.63,0.54,-18.62,1.86,25.64,0.33,-10.00
18,1,-1.00,-1.00,-1.00,-1.00,0.5094,1.8,0.71,0.76,4.44,0.81,-22.36,-1.55,-10.00
18,1,-1.00,-1.00,-1.00,-1.00,0.3368,1.9,0.74,0.76,-14.65,0.94,-43.39,-1.50,-10.00
18,1,-1.00,-1.00,-1.00,-1.00,0.2439,1.7,0.59,0.55,8.73,0.93,10.05,-2.86,-10.00
18,1,1239.14,443.45,1309.20,554.71,0.1477,1.7,0.66,0.87,7.17,1.35,20.09,0.08,-10.00
18,1,-1.00,-1.00,-1.00,-1.00,0.1350,1.9,0.80,0.93,-15.09,1.15,-43.67,-1.51,-10.00
18,1,-1.00,-1.00,-1.00,-1.00,0.1329,1.8,0.64,0.63,-41.68,1.45,16.73,0.13,-10.00
18,1,122.70,489.36,156.76,544.75,0.1291,1.8,0.69,0.75,-22.45,2.44,40.96,3.01,-10.00
18,1,-1.00,-1.00,-1.00,-1.00,0.1253,1.8,0.67,0.66,-45.49,0.50,36.33,1.52,-10.00
19,1,-1.00,-1.00,-1.00,-1.00,0.4102,1.9,0.79,0.81,4.37,1.08,-24.96,-1.57,-10.00
19,1,-1.00,-1.00,-1.00,-1.00,0.4056,1.9,0.67,0.66,-14.64,1.44,-45.77,-1.53,-10.00
19,1,-1.00,-1.00,-1.00,-1.00,0.1402,1.4,0.63,0.63,-19.65,2.01,13.25,0.61,-10.00
19,1,-1.00,-1.00,-1.00,-1.00,0.1243,1.3,0.65,0.63,8.76,0.72,6.70,-3.00,-10.00
19,1,-1.00,-1.00,-1.00,-1.00,0.1133,1.9,0.78,0.85,-33.98,1.19,25.45,0.55,-10.00
19,1,-1.00,-1.00,-1.00,-1.00,0.1116,1.8,0.73,0.84,-29.79,2.23,2.19,1.61,-10.00
19,1,-1.00,-1.00,-1.00,-1.00,0.1004,1.9,0.73,0.85,-14.68,1.59,-46.38,-1.51,-10.00
20,1,-1.00,-1.00,-1.00,-1.00,0.3519,1.9,0.79,0.81,4.32,0.94,-27.37,-1.51,-10.00
20,1,-1.00,-1.00,-1.00,-1.00,0.3306,1.5,0.66,0.65,2.93,1.37,-10.15,-3.02,-10.00
20,1,-1.00,-1.00,-1.00,-1.00,0.3067,1.9,0.67,0.72,-14.61,0.84,-48.09,-1.38,-10.00
20,1,-1.00,-1.00,-1.00,-1.00,0.1617,1.8,0.75,0.86,8.63,0.76,-27.39,-1.78,-10.00
20,1,-1.00,-1.00,-1.00,-1.00,0.1131,1.3,0.75,0.78,11.56,0.37,15.26,-3.01,-10.00
21,1,-1.00,-1.00,-1.00,-1.00,0.4138,1.8,0.70,0.70,-35.41,2.01,-2.61,-0.86,-10.00
21,1,-1.00,-1.00,-1.00,-1.00,0.3355,1.8,0.60,0.54,17.88,0.34,9.63,1.68,-10.00
21,1,-1.00,-1.00,-1.00,-1.00,0.3130,1.5,0.62,0.58,2.84,1.21,-13.29,-3.00,-10.00
21,1,-1.00,-1.00,-1.00,-1.00,0.3015,1.9,0.73,0.72,-14.70,0.84,-50.43,-1.66,-10.00
21,1,-1.00,-1.00,-1.00,-1.00,0.2110,1.8,0.67,0.67,4.19,1.01,-29.56,-1.56,-10.00
21,1,-1.00,-1.00,-1.00,-1.00,0.1537,1.7,0.75,0.77,-18.26,1.90,-10.45,0.63,-10.00
21,1,-1.00,-1.00,-1.00,-1.00,0.1041,1.9,0.75,0.85,-15.09,0.73,-50.85,-1.64,-10.00
21,1,-1.00,-1.00,-1.00,-1.00,0.1028,1.4,0.64,0.68,-19.90,1.70,-9.25,-0.03,-10.00
22,1,-1.00,-1.00,-1.00,-1.00,0.3475,1.8,0.65,0.66,3.93,0.60,-32.12,-1.53,-10.00
22,1,-1.00,-1.00,-1.00,-1.00,0.3311,1.9,0.73,0.64,-35.03,2.47,-5.39,-0.42,-10.00
22,1,-1.00,-1.00,-1.00,-1.00,0.2790,1.6,0.65,0.65,2.78,1.22,-16.34,0.00,-10.00
22,1,-1.00,-1.00,-1.00,-1.00,0.2113,1.8,0.61,0.58,-18.25,2.25,-13.57,0.10,-10.00
22,1,1465.72,421.04,1504.07,495.74,0.1260,1.8,0.58,0.67,16.21,0.62,30.86,-1.45,-10.00
22,1,-1.00,-1.00,-1.00,-1.00,0.1200,1.8,0.63,0.72,-24.08,2.44,-20.00,1.60,-10.00
22,1,-1.00,-1.00,-1.00,-1.00,0.1151,1.8,0.56,0.61,-13.37,0.87,-32.88,-1.52,-10.00
23,1,-1.00,-1.00,-1.00,-1.00,0.2388,1.8,0.63,0.73,-45.96,-0.23,20.07,2.13,-10.00
23,1,-1.00,-1.00,-1.00,-1.00,0.2377,1.8,0.66,0.70,3.90,0.84,-34.71,-1.53,-10.00
23,1,-1.00,-1.00,-1.00,-1.00,0.2365,1.8,0.65,0.74,-24.38,2.34,-23.61,-1.49,-10.00
23,1,-1.00,-1.00,-1.00,-1.00,0.2243,1.8,0.62,0.62,4.19,0.72,-34.98,-1.50,-10.00
23,1,-1.00,-1.00,-1.00,-1.00,0.1501,1.8,0.67,0.72,-28.90,0.60,37.89,-2.52,-10.00
23,1,-1.00,-1.00,-1.00,-1.00,0.1414,1.5,0.69,0.73,2.71,1.08,-20.12,-3.08,-10.00
23,1,-1.00,-1.00,-1.00,-1.00,0.1344,1.6,0.63,0.59,-20.07,1.80,-25.50,-0.54,-10.00
23,1,-1.00,-1.00,-1.00,-1.00,0.1324,1.8,0.63,0.70,-40.31,0.10,22.73,0.17,-10.00
23,1,-1.00,-1.00,-1.00,-1.00,0.1218,1.8,0.64,0.61,-32.04,1.74,-33.56,3.03,-10.00
23,1,-1.00,-1.00,-1.00,-1.00,0.1217,1.8,0.61,0.61,-17.74,1.83,-24.09,1.63,-10.00
23,1,-1.00,-1.00,-1.00,-1.00,0.1214,1.8,0.66,0.78,-40.06,1.71,-28.94,1.57,-10.00
23,1,-1.00,-1.00,-1.00,-1.00,0.1074,1.5,0.59,0.63,-19.84,1.83,-13.96,1.65,-10.00
23,1,-1.00,-1.00,-1.00,-1.00,0.1061,1.8,0.64,0.63,-20.21,1.73,-16.08,1.34,-10.00
23,1,-1.00,-1.00,-1.00,-1.00,0.1057,1.9,0.79,0.86,-48.50,1.29,42.87,1.70,-10.00
24,1,-1.00,-1.00,-1.00,-1.00,0.3283,1.8,0.69,0.70,3.90,0.52,-37.11,-1.53,-10.00
24,1,-1.00,-1.00,-1.00,-1.00,0.2497,1.8,0.62,0.53,17.68,0.08,-0.27,1.68,-10.00
24,1,1590.66,427.59,1600.00,489.23,0.2214,1.8,0.65,0.67,23.31,0.56,37.29,0.01,-10.00
24,1,-1.00,-1.00,-1.00,-1.00,0.2200,1.5,0.64,0.70,-18.34,1.70,-20.37,0.03,-10.00
24,1,-1.00,-1.00,-1.00,-1.00,0.2156,1.7,0.63,0.62,-20.12,1.66,-28.41,1.62,-10.00
24,1,-1.00,-1.00,-1.00,-1.00,0.1740,1.8,0.60,0.72,-41.81,0.68,42.78,1.55,-10.00
24,1,754.08,470.18,783.80,530.23,0.1612,1.8,0.61,0.64,-1.73,1.80,37.53,0.80,-10.00
24,1,-1.00,-1.00,-1.00,-1.00,0.1488,1.8,0.67,0.69,-17.79,1.61,-27.21,1.68,-10.00
24,1,97.77,456.44,127.60,506.71,0.1422,1.8,0.67,0.67,-26.78,1.37,47.00,1.74,-10.00
24,1,-1.00,-1.00,-1.00,-1.00,0.1237,1.8,0.67,0.73,-28.96,0.62,34.79,0.01,-10.00
24,1,-1.00,-1.00,-1.00,-1.00,0.1222,1.8,0.63,0.69,-26.57,2.49,-8.69,1.64,-10.00
24,1,-1.00,-1.00,-1.00,-1.00,0.1132,1.4,0.56,0.63,2.70,0.93,-23.01,-2.94,-10.00
24,1,201.66,460.74,234.97,523.97,0.1029,1.8,0.59,0.69,-17.47,1.54,36.00,-1.55,-10.00
24,1,-1.00,-1.00,-1.00,-1.00,0.1007,1.8,0.63,0.70,-18.28,1.88,-2.93,-1.48,-10.00
25,1,-1.00,-1.00,-1.00,-1.00,0.3177,1.9,0.69,0.70,3.82,0.58,-38.96,-1.58,-10.00
25,1,-1.00,-1.00,-1.00,-1.00,0.2982,1.8,0.58,0.59,16.54,0.01,-11.84,-1.58,-10.00
25,1,-1.00,-1.00,-1.00,-1.00,0.1505,1.3,0.60,0.67,-19.54,1.91,-10.48,0.13,-10.00
25,1,-1.00,-1.00,-1.00,-1.00,0.1493,1.8,0.72,0.77,-45.98,-0.35,14.87,-0.03,-10.00
25,1,-1.00,-1.00,-1.00,-1.00,0.1377,1.5,0.74,0.79,-18.41,1.72,-22.75,1.55,-10.00
25,1,-1.00,-1.00,-1.00,-1.00,0.1366,1.9,0.67,0.62,-40.31,2.63,-6.18,1.58,-10.00
25,1,-1.00,-1.00,-1.00,-1.00,0.1327,1.8,0.67,0.62,18.18,-0.77,-9.04,-0.08,-10.00
25,1,-1.00,-1.00,-1.00,-1.00,0.1160,1.8,0.59,0.60,-18.64,1.56,-16.39,0.02,-10.00
25,1,-1.00,-1.00,-1.00,-1.00,0.1084,1.8,0.63,0.63,-39.77,2.34,-6.22,1.61,-10.00
25,1,-1.00,-1.00,-1.00,-1.00,0.1062,1.8,0.68,0.80,-40.56,2.68,-6.54,0.59,-10.00
26,1,-1.00,-1.00,-1.00,-1.00,0.4060,1.8,0.65,0.65,-33.24,2.07,-15.92,-0.73,-10.00
26,1,-1.00,-1.00,-1.00,-1.00,0.3261,1.8,0.71,0.72,3.84,0.42,-40.97,-1.55,-10.00
26,1,-1.00,-1.00,-1.00,-1.00,0.1770,1.5,0.67,0.72,-18.43,1.65,-25.54,1.60,-10.00
26,1,-1.00,-1.00,-1.00,-1.00,0.1561,1.9,0.68,0.71,-40.39,0.25,14.38,-0.05,-10.00
26,1,-1.00,-1.00,-1.00,-1.00,0.1515,1.8,0.55,0.53,-18.39,1.76,-8.36,1.29,-10.00
26,1,-1.00,-1.00,-1.00,-1.00,0.1458,1.7,0.59,0.58,16.51,-0.08,-14.76,-1.64,-10.00
26,1,383.73,466.76,404.56,514.55,0.1429,1.8,0.67,0.66,-16.86,1.73,48.87,-1.77,-10.00
26,1,-1.00,-1.00,-1.00,-1.00,0.1418,1.8,0.60,0.58,-20.14,1.45,-24.38,-0.00,-10.00
26,1,-1.00,-1.00,-1.00,-1.00,0.1374,1.8,0.69,0.64,-16.67,1.76,16.77,-1.48,-10.00
26,1,-1.00,-1.00,-1.00,-1.00,0.1337,1.4,0.60,0.68,2.41,0.88,-28.24,-3.12,-10.00
26,1,-1.00,-1.00,-1.00,-1.00,0.1213,1.5,0.72,0.66,9.02,0.50,-11.98,-2.97,-10.00
26,1,-1.00,-1.00,-1.00,-1.00,0.1210,1.9,0.64,0.78,-22.14,2.20,-23.21,1.66,-10.00
26,1,-1.00,-1.00,-1.00,-1.00,0.1135,1.8,0.67,0.73,-33.17,1.98,-17.10,-1.11,-10.00
26,1,-1.00,-1.00,-1.00,-1.00,0.1124,1.7,0.64,0.66,-26.63,2.25,-13.61,-1.46,-10.00
26,1,-1.00,-1.00,-1.00,-1.00,0.1077,1.8,0.60,0.70,-42.15,0.47,37.29,1.59,-10.00
27,1,-1.00,-1.00,-1.00,-1.00,0.3159,1.8,0.71,0.69,3.81,0.29,-42.97,-1.57,-10.00
27,1,-1.00,-1.00,-1.00,-1.00,0.1625,1.8,0.65,0.63,-32.85,2.17,-18.34,1.48,-10.00
27,1,246.23,498.54,277.51,552.20,0.1496,1.8,0.67,0.70,-19.63,2.85,43.55,-2.91,-10.00
27,1,-1.00,-1.00,-1.00,-1.00,0.1200,1.8,0.66,0.68,-20.22,1.72,27.35,-1.51,-10.00
27,1,-1.00,-1.00,-1.00,-1.00,0.1031,1.5,0.65,0.70,2.61,0.83,-30.94,-2.85,-10.00
28,1,-1.00,-1.00,-1.00,-1.00,0.2833,1.8,0.71,0.72,3.78,-0.12,-44.65,-1.61,-10.00
28,1,-1.00,-1.00,-1.00,-1.00,0.2465,1.7,0.61,0.61,2.53,0.54,-33.39,-3.08,-10.00
28,1,-1.00,-1.00,-1.00,-1.00,0.2439,1.3,0.73,0.78,12.32,0.39,13.75,0.02,-10.00
28,1,-1.00,-1.00,-1.00,-1.00,0.1503,1.8,0.76,0.72,13.67,0.63,18.29,-0.09,-10.00
28,1,-1.00,-1.00,-1.00,-1.00,0.1462,1.8,0.74,0.88,-16.97,1.83,-1.14,1.58,-10.00
28,1,-1.00,-1.00,-1.00,-1.00,0.1354,1.6,0.62,0.63,-18.50,1.46,-30.76,-1.48,-10.00
28,1,705.40,488.84,746.67,572.74,0.1151,1.8,0.67,0.67,-2.18,2.20,27.08,-2.07,-10.00
28,1,-1.00,-1.00,-1.00,-1.00,0.1102,1.8,0.65,0.68,-17.94,0.95,15.37,-3.11,-10.00
28,1,-1.00,-1.00,-1.00,-1.00,0.1034,1.8,0.63,0.75,-32.75,1.69,-20.35,-1.68,-10.00
28,1,-1.00,-1.00,-1.00,-1.00,0.1026,1.8,0.66,0.72,-32.69,1.66,-20.97,-2.98,-10.00
29,1,-1.00,-1.00,-1.00,-1.00,0.2823,1.8,0.74,0.81,3.81,0.27,-46.23,-1.54,-10.00
29,1,-1.00,-1.00,-1.00,-1.00,0.1599,1.5,0.66,0.61,12.31,0.29,11.41,3.13,-10.00
29,1,-1.00,-1.00,-1.00,-1.00,0.1571,1.9,0.69,0.84,-16.69,1.56,-3.26,1.60,-10.00
29,1,-1.00,-1.00,-1.00,-1.00,0.1563,1.8,0.75,0.76,13.57,0.48,16.10,-0.11,-10.00
29,1,-1.00,-1.00,-1.00,-1.00,0.1279,1.9,0.70,0.66,-24.61,1.85,-39.58,1.59,-10.00
29,1,-1.00,-1.00,-1.00,-1.00,0.1249,1.8,0.71,0.74,-28.02,2.67,11.59,-2.54,-10.00
29,1,-1.00,-1.00,-1.00,-1.00,0.1108,1.7,0.70,0.70,-18.57,1.74,-33.19,1.66,-10.00
29,1,-1.00,-1.00,-1.00,-1.00,0.1105,1.8,0.62,0.60,-27.03,0.67,34.52,0.27,-10.00
30,1,-1.00,-1.00,-1.00,-1.00,0.3396,1.9,0.70,0.65,4.02,0.33,-47.44,-1.51,-10.00
30,1,-1.00,-1.00,-1.00,-1.00,0.3016,1.8,0.69,0.65,-38.12,2.31,9.48,3.03,-10.00
30,1,-1.00,-1.00,-1.00,-1.00,0.2949,1.7,0.58,0.57,-17.96,0.81,11.16,-1.72,-10.00
30,1,-1.00,-1.00,-1.00,-1.00,0.1913,1.8,0.75,0.74,13.50,0.15,14.18,-0.14,-10.00
30,1,-1.00,-1.00,-1.00,-1.00,0.1607,1.6,0.54,0.61,-18.61,0.76,-14.72,3.09,-10.00
30,1,-1.00,-1.00,-1.00,-1.00,0.1434,1.8,0.68,0.72,-35.10,0.48,33.14,0.31,-10.00
30,1,-1.00,-1.00,-1.00,-1.00,0.1320,1.8,0.63,0.63,-20.42,1.54,-23.94,-0.06,-10.00
30,1,265.34,458.82,299.75,518.41,0.1246,1.8,0.67,0.70,-17.03,1.51,39.22,0.31,-10.00
30,1,-1.00,-1.00,-1.00,-1.00,0.1238,1.8,0.62,0.65,-18.58,1.66,-34.92,1.67,-10.00
30,1,-1.00,-1.00,-1.00,-1.00,0.1173,1.9,0.72,0.62,8.79,-0.59,-22.90,-1.69,-10.00
30,1,-1.00,-1.00,-1.00,-1.00,0.1105,1.9,0.79,0.83,-18.71,1.63,-19.92,0.14,-10.00
30,1,-1.00,-1.00,-1.00,-1.00,0.1092,1.8,0.72,0.79,-38.09,2.67,10.18,-3.14,-10.00
30,1,-1.00,-1.00,-1.00,-1.00,0.1038,1.8,0.61,0.61,-20.09,1.62,-19.56,1.45,-10.00
30,1,-1.00,-1.00,-1.00,-1.00,0.1030,1.9,0.77,0.77,-33.89,1.51,-46.69,1.68,-10.00
31,1,-1.00,-1.00,-1.00,-1.00,0.2669,1.8,0.69,0.69,-38.80,2.30,7.86,3.09,-10.00
31,1,-1.00,-1.00,-1.00,-1.00,0.2594,1.9,0.73,0.74,4.00,0.55,-48.38,-1.52,-10.00
31,1,-1.00,-1.00,-1.00,-1.00,0.1937,1.8,0.74,0.65,13.51,0.30,12.45,3.10,-10.00
31,1,-1.00,-1.00,-1.00,-1.00,0.1641,1.6,0.61,0.55,12.21,0.64,7.84,0.15,-10.00
31,1,-1.00,-1.00,-1.00,-1.00,0.1290,1.8,0.65,0.71,-35.21,0.51,26.20,1.56,-10.00
31,1,-1.00,-1.00,-1.00,-1.00,0.1262,1.7,0.63,0.69,-18.63,1.88,-36.81,0.83,-10.00
31,1,-1.00,-1.00,-1.00,-1.00,0.1082,1.5,0.67,0.73,-17.95,1.42,-43.59,1.09,-10.00
32,1,-1.00,-1.00,-1.00,-1.00,0.2507,1.9,0.72,0.73,3.77,0.49,-49.14,-1.57,-10.00
32,1,-1.00,-1.00,-1.00,-1.00,0.2183,1.9,0.73,0.78,-39.24,2.49,6.20,-0.88,-10.00
32,1,-1.00,-1.00,-1.00,-1.00,0.1617,1.7,0.78,0.76,13.45,0.29,10.97,-3.09,-10.00
32,1,-1.00,-1.00,-1.00,-1.00,0.1531,1.7,0.60,0.51,12.15,0.58,6.44,-2.66,-10.00
32,1,-1.00,-1.00,-1.00,-1.00,0.1485,1.8,0.65,0.71,-43.75,3.24,9.84,1.75,-10.00
32,1,-1.00,-1.00,-1.00,-1.00,0.1391,1.6,0.67,0.63,-35.37,2.59,8.24,0.20,-10.00
32,1,-1.00,-1.00,-1.00,-1.00,0.1155,1.8,0.65,0.60,-18.59,1.69,-30.86,-0.01,-10.00
32,1,-1.00,-1.00,-1.00,-1.00,0.1081,1.8,0.66,0.73,-20.81,1.41,-28.38,0.03,-10.00
32,1,-1.00,-1.00,-1.00,-1.00,0.1011,1.8,0.66,0.69,-18.64,1.83,-38.07,-1.48,-10.00
33,1,-1.00,-1.00,-1.00,-1.00,0.3155,1.9,0.73,0.71,-39.78,2.31,5.10,3.04,-10.00
33,1,-1.00,-1.00,-1.00,-1.00,0.2996,1.8,0.64,0.67,15.61,0.11,-27.52,-2.56,-10.00
33,1,-1.00,-1.00,-1.00,-1.00,0.2447,1.8,0.65,0.68,4.00,0.58,-49.58,-1.53,-10.00
33,1,-1.00,-1.00,-1.00,-1.00,0.1242,1.8,0.62,0.68,-35.57,2.25,9.47,0.38,-10.00
33,1,-1.00,-1.00,-1.00,-1.00,0.1107,1.5,0.71,0.72,-17.95,1.23,-46.41,1.21,-10.00
33,1,-1.00,-1.00,-1.00,-1.00,0.1045,1.6,0.72,0.64,12.16,0.47,5.30,0.12,-10.00
34,1,-1.00,-1.00,-1.00,-1.00,0.3348,1.9,0.80,0.81,-40.25,1.52,3.91,2.98,-10.00
34,1,-1.00,-1.00,-1.00,-1.00,0.2924,1.9,0.76,0.77,3.74,1.28,-50.01,-1.65,-10.00
34,1,-1.00,-1.00,-1.00,-1.00,0.2865,1.8,0.66,0.60,15.62,0.61,-28.67,3.08,-10.00
34,1,-1.00,-1.00,-1.00,-1.00,0.1248,1.7,0.71,0.78,-20.83,1.15,-30.85,1.66,-10.00
34,1,-1.00,-1.00,-1.00,-1.00,0.1136,1.8,0.70,0.74,-35.28,-0.20,22.31,-0.00,-10.00
34,1,-1.00,-1.00,-1.00,-1.00,0.1031,1.8,0.68,0.84,-27.21,-0.00,23.36,0.26,-10.00
34,1,-1.00,-1.00,-1.00,-1.00,0.1028,1.2,0.76,0.75,6.97,1.06,5.01,-0.07,-10.00
34,1,-1.00,-1.00,-1.00,-1.00,0.1020,1.8,0.62,0.68,-18.05,0.39,5.43,-2.72,-10.00
35,1,-1.00,-1.00,-1.00,-1.00,0.2782,1.8,0.65,0.70,3.97,0.48,-50.28,-1.51,-10.00
35,1,-1.00,-1.00,-1.00,-1.00,0.2378,1.8,0.68,0.65,15.76,0.05,-29.45,-1.55,-10.00
35,1,-1.00,-1.00,-1.00,-1.00,0.2097,1.9,0.79,0.84,-41.03,2.12,2.65,-2.86,-10.00
35,1,-1.00,-1.00,-1.00,-1.00,0.1874,1.8,0.57,0.58,-20.41,1.18,-49.99,-1.45,-10.00
35,1,-1.00,-1.00,-1.00,-1.00,0.1670,1.8,0.65,0.70,-42.43,0.30,21.19,1.67,-10.00
35,1,-1.00,-1.00,-1.00,-1.00,0.1476,1.6,0.64,0.64,12.14,0.57,2.87,0.10,-10.00
35,1,-1.00,-1.00,-1.00,-1.00,0.1391,1.7,0.71,0.70,-18.58,1.42,-41.72,1.57,-10.00
35,1,-1.00,-1.00,-1.00,-1.00,0.1238,1.5,0.81,0.82,13.20,0.42,7.36,-3.13,-10.00
35,1,-1.00,-1.00,-1.00,-1.00,0.1117,1.9,0.74,0.76,-22.27,1.90,29.27,0.35,-10.00
35,1,-1.00,-1.00,-1.00,-1.00,0.1092,1.8,0.62,0.66,-17.23,1.08,-12.01,1.59,-10.00
36,1,-1.00,-1.00,-1.00,-1.00,0.2597,1.8,0.65,0.68,3.97,0.41,-50.33,-1.50,-10.00
36,1,-1.00,-1.00,-1.00,-1.00,0.2345,1.8,0.62,0.70,15.60,-0.17,-29.61,-1.58,-10.00
36,1,-1.00,-1.00,-1.00,-1.00,0.1420,1.8,0.60,0.60,-29.07,1.39,-8.69,-0.02,-10.00
36,1,-1.00,-1.00,-1.00,-1.00,0.1293,1.8,0.68,0.80,-17.15,1.36,-12.76,1.56,-10.00
36,1,-1.00,-1.00,-1.00,-1.00,0.1173,1.8,0.70,0.70,-41.32,2.13,1.87,-3.07,-10.00
36,1,-1.00,-1.00,-1.00,-1.00,0.1003,1.8,0.57,0.58,-20.41,1.19,-50.81,0.02,-10.00
37,1,-1.00,-1.00,-1.00,-1.00,0.1798,1.8,0.65,0.67,15.56,-0.15,-30.29,-3.03,-10.00
37,1,-1.00,-1.00,-1.00,-1.00,0.1659,1.8,0.69,0.69,25.80,0.75,11.51,1.65,-10.00
37,1,-1.00,-1.00,-1.00,-1.00,0.1403,1.9,0.79,0.67,-18.70,0.79,-43.14,1.60,-10.00
37,1,-1.00,-1.00,-1.00,-1.00,0.1086,1.8,0.67,0.84,-34.19,1.36,32.23,-2.51,-10.00
37,1,-1.00,-1.00,-1.00,-1.00,0.1007,1.9,0.77,0.77,-49.07,0.42,26.20,-0.06,-10.00
38,1,-1.00,-1.00,-1.00,-1.00,0.2883,1.7,0.57,0.58,25.82,-0.02,10.80,1.29,-10.00
38,1,-1.00,-1.00,-1.00,-1.00,0.2710,1.8,0.67,0.66,-42.53,1.88,1.09,-2.96,-10.00
38,1,-1.00,-1.00,-1.00,-1.00,0.1199,1.4,0.61,0.56,12.09,0.49,1.00,0.05,-10.00
38,1,-1.00,-1.00,-1.00,-1.00,0.1000,1.8,0.76,0.72,-18.32,0.60,-50.84,1.71,-10.00
39,1,-1.00,-1.00,-1.00,-1.00,0.3780,1.8,0.74,0.77,-42.94,2.02,0.62,-3.13,-10.00
39,1,-1.00,-1.00,-1.00,-1.00,0.1854,1.8,0.70,0.70,-18.26,0.61,-50.93,1.62,-10.00
39,1,-1.00,-1.00,-1.00,-1.00,0.1270,1.6,0.61,0.53,12.07,0.60,0.58,3.11,-10.00
