0,1,-1.00,-1.00,-1.00,-1.00,0.4206,1.7,0.61,0.60,-14.36,1.21,-5.74,1.55,-10.00
0,1,-1.00,-1.00,-1.00,-1.00,0.3794,1.8,0.62,0.65,-12.23,0.82,-32.09,1.49,-10.00
0,1,-1.00,-1.00,-1.00,-1.00,0.3181,1.7,0.60,0.53,-9.88,1.41,-6.00,-0.04,-10.00
0,1,-1.00,-1.00,-1.00,-1.00,0.2251,1.8,0.64,0.61,18.77,1.44,-36.30,-1.66,-10.00
0,1,-1.00,-1.00,-1.00,-1.00,0.2239,1.7,0.66,0.70,-11.97,0.83,-39.28,1.50,-10.00
0,1,-1.00,-1.00,-1.00,-1.00,0.1914,1.7,0.56,0.57,-15.40,0.30,-14.93,1.49,-10.00
0,1,45.48,439.44,104.14,545.09,0.1884,1.8,0.65,0.62,-12.82,0.92,21.92,1.47,-10.00
0,1,-1.00,-1.00,-1.00,-1.00,0.1706,1.8,0.64,0.71,-16.13,0.02,-14.48,1.52,-10.00
0,1,156.53,450.18,195.76,542.19,0.1633,1.7,0.55,0.57,-12.22,0.96,24.16,0.91,-10.00
0,1,-1.00,-1.00,-1.00,-1.00,0.1372,1.8,0.67,0.64,16.43,1.73,-40.14,-1.62,-10.00
0,1,-1.00,-1.00,-1.00,-1.00,0.1300,1.7,0.56,0.58,-12.00,1.18,-19.72,1.53,-10.00
0,1,-1.00,-1.00,-1.00,-1.00,0.1254,1.8,0.65,0.62,18.25,1.78,-28.55,-1.73,-10.00
0,1,-1.00,-1.00,-1.00,-1.00,0.1144,1.7,0.60,0.60,-17.49,0.71,4.27,1.52,-10.00
0,1,-1.00,-1.00,-1.00,-1.00,0.1111,1.7,0.57,0.60,-12.21,1.17,-20.01,1.52,-10.00
0,1,464.67,470.54,483.70,515.35,0.1032,1.6,0.64,0.68,-12.71,0.88,47.04,1.27,-10.00
1,1,-1.00,-1.00,-1.00,-1.00,0.6298,1.8,0.68,0.56,-9.86,1.46,-6.59,0.00,-10.00
1,1,-1.00,-1.00,-1.00,-1.00,0.3779,1.7,0.63,0.67,-11.57,0.87,-32.11,-1.61,-10.00
1,1,-1.00,-1.00,-1.00,-1.00,0.3414,1.7,0.62,0.74,-14.45,1.11,-5.67,-1.68,-10.00
1,1,-1.00,-1.00,-1.00,-1.00,0.3132,1.8,0.67,0.77,19.35,1.52,-35.59,-1.67,-10.00
1,1,-1.00,-1.00,-1.00,-1.00,0.2627,1.7,0.63,0.69,-11.18,0.75,-39.24,-1.55,-10.00
1,1,-1.00,-1.00,-1.00,-1.00,0.2451,1.8,0.58,0.53,-15.56,0.13,-15.21,-0.10,-10.00
1,1,-1.00,-1.00,-1.00,-1.00,0.2143,1.7,0.54,0.53,-14.92,0.26,-15.58,-3.12,-10.00
1,1,-1.00,-1.00,-1.00,-1.00,0.1457,1.8,0.59,0.67,-28.76,-1.12,-30.86,1.39,-10.00
1,1,-1.00,-1.00,-1.00,-1.00,0.1174,1.6,0.57,0.61,-26.36,-0.72,-19.24,-1.60,-10.00
1,1,-1.00,-1.00,-1.00,-1.00,0.1045,1.8,0.59,0.59,-17.72,0.64,8.74,1.54,-10.00
2,1,-1.00,-1.00,-1.00,-1.00,0.3833,1.8,0.64,0.67,20.88,1.44,-34.62,-1.72,-10.00
2,1,-1.00,-1.00,-1.00,-1.00,0.3714,1.8,0.60,0.52,-9.55,1.36,-7.85,-0.06,-10.00
2,1,-1.00,-1.00,-1.00,-1.00,0.3666,1.8,0.69,0.88,-14.29,1.10,-6.39,-1.70,-10.00
2,1,-1.00,-1.00,-1.00,-1.00,0.3286,1.7,0.63,0.73,-9.60,0.83,-39.76,-1.73,-10.00
2,1,-1.00,-1.00,-1.00,-1.00,0.2743,1.8,0.65,0.67,-10.02,0.92,-32.86,-1.69,-10.00
2,1,-1.00,-1.00,-1.00,-1.00,0.2504,1.5,0.64,0.61,-13.92,0.46,-17.01,-0.11,-10.00
2,1,-1.00,-1.00,-1.00,-1.00,0.2090,1.8,0.64,0.55,-14.60,0.21,-16.79,-0.12,-10.00
2,1,956.13,489.25,978.51,543.32,0.1384,1.7,0.57,0.61,4.75,1.62,39.88,-1.67,-10.00
2,1,-1.00,-1.00,-1.00,-1.00,0.1091,1.4,0.63,0.64,-13.79,0.57,-16.47,-0.12,-10.00
3,1,-1.00,-1.00,-1.00,-1.00,0.5432,1.8,0.63,0.53,-8.97,1.37,-9.84,-0.24,-10.00
3,1,-1.00,-1.00,-1.00,-1.00,0.4243,1.8,0.67,0.78,-7.47,1.00,-34.13,-1.84,-10.00
3,1,-1.00,-1.00,-1.00,-1.00,0.3182,1.8,0.66,0.90,-13.93,1.15,-8.00,-1.81,-10.00
3,1,-1.00,-1.00,-1.00,-1.00,0.3166,1.7,0.65,0.70,-6.29,0.67,-41.02,-1.85,-10.00
3,1,-1.00,-1.00,-1.00,-1.00,0.2470,1.8,0.77,0.85,23.38,1.56,-33.37,-2.03,-10.00
3,1,-1.00,-1.00,-1.00,-1.00,0.1637,1.8,0.61,0.63,24.99,1.62,-36.65,2.82,-10.00
3,1,-1.00,-1.00,-1.00,-1.00,0.1598,1.8,0.63,0.57,-12.94,0.48,-18.98,-0.24,-10.00
3,1,-1.00,-1.00,-1.00,-1.00,0.1568,1.7,0.53,0.56,28.72,1.97,35.79,1.26,-10.00
3,1,-1.00,-1.00,-1.00,-1.00,0.1473,1.8,0.66,0.69,31.04,2.07,30.88,0.07,-10.00
3,1,-1.00,-1.00,-1.00,-1.00,0.1332,1.7,0.61,0.58,29.49,1.68,36.52,1.32,-10.00
3,1,-1.00,-1.00,-1.00,-1.00,0.1277,1.5,0.56,0.56,-12.17,0.62,-19.30,2.87,-10.00
3,1,-1.00,-1.00,-1.00,-1.00,0.1225,1.7,0.60,0.63,27.52,2.05,35.67,1.38,-10.00
3,1,907.79,454.54,927.99,500.87,0.1189,1.8,0.68,0.74,3.93,0.36,49.05,0.03,-10.00
3,1,1545.59,448.79,1575.22,498.75,0.1188,1.8,0.65,0.70,26.70,0.25,45.45,0.07,-10.00
3,1,-1.00,-1.00,-1.00,-1.00,0.1176,1.7,0.59,0.51,-8.95,1.28,-10.58,-0.17,-10.00
3,1,1148.41,481.97,1166.69,520.19,0.1119,1.5,0.61,0.66,13.21,1.11,49.01,-2.85,-10.00
3,1,-1.00,-1.00,-1.00,-1.00,0.1100,1.7,0.63,0.69,-6.68,0.56,-41.26,-1.88,-10.00
3,1,1331.91,480.49,1366.24,543.73,0.1057,1.7,0.68,0.62,14.87,1.45,35.36,1.51,-10.00
3,1,-1.00,-1.00,-1.00,-1.00,0.1054,1.7,0.53,0.57,27.93,1.99,35.66,1.29,-10.00
3,1,1143.42,480.20,1162.44,521.34,0.1036,1.6,0.63,0.63,13.14,1.16,49.44,0.41,-10.00
4,1,-1.00,-1.00,-1.00,-1.00,0.5426,1.7,0.61,0.76,-13.35,1.22,-10.18,-1.87,-10.00
4,1,-1.00,-1.00,-1.00,-1.00,0.4372,1.8,0.66,0.75,-3.88,1.16,-35.68,-1.90,-10.00
4,1,-1.00,-1.00,-1.00,-1.00,0.3749,1.8,0.70,0.78,-1.91,0.85,-42.47,-2.02,-10.00
4,1,-1.00,-1.00,-1.00,-1.00,0.3364,1.8,0.66,0.54,-7.88,1.44,-12.29,-0.46,-10.00
4,1,-1.00,-1.00,-1.00,-1.00,0.1616,1.5,0.61,0.64,23.63,2.03,30.90,1.62,-10.00
4,1,-1.00,-1.00,-1.00,-1.00,0.1594,1.6,0.60,0.65,-9.75,0.83,-21.78,1.32,-10.00
4,1,-1.00,-1.00,-1.00,-1.00,0.1360,1.8,0.64,0.67,29.05,1.90,30.05,1.43,-10.00
4,1,-1.00,-1.00,-1.00,-1.00,0.1331,1.6,0.60,0.60,-10.39,0.81,-21.75,-0.62,-10.00
4,1,-1.00,-1.00,-1.00,-1.00,0.1288,1.7,0.62,0.61,26.58,1.45,-37.95,2.89,-10.00
4,1,-1.00,-1.00,-1.00,-1.00,0.1274,1.3,0.63,0.62,-24.96,0.67,19.19,-0.33,-10.00
4,1,-1.00,-1.00,-1.00,-1.00,0.1021,1.8,0.66,0.69,26.89,1.50,-31.44,-1.90,-10.00
4,1,-1.00,-1.00,-1.00,-1.00,0.1005,1.5,0.61,0.56,-9.04,1.55,-13.49,-0.26,-10.00
5,1,-1.00,-1.00,-1.00,-1.00,0.3624,1.7,0.61,0.76,-12.17,1.48,-13.20,-2.01,-10.00
5,1,-1.00,-1.00,-1.00,-1.00,0.3180,1.8,0.66,0.78,0.97,1.19,-37.05,-1.92,-10.00
5,1,-1.00,-1.00,-1.00,-1.00,0.2954,1.8,0.67,0.75,3.77,0.92,-43.46,-2.03,-10.00
5,1,-1.00,-1.00,-1.00,-1.00,0.2886,1.8,0.66,0.55,-6.16,1.51,-15.23,-0.35,-10.00
5,1,-1.00,-1.00,-1.00,-1.00,0.2751,1.8,0.63,0.61,23.96,1.56,32.13,-1.99,-10.00
5,1,-1.00,-1.00,-1.00,-1.00,0.2712,1.7,0.59,0.63,-6.22,1.28,-24.45,-1.92,-10.00
5,1,1396.17,441.39,1420.56,492.22,0.2159,1.8,0.62,0.65,21.20,0.02,45.34,-1.45,-10.00
5,1,-1.00,-1.00,-1.00,-1.00,0.1959,1.7,0.61,0.65,-7.03,1.17,-24.65,1.24,-10.00
5,1,1533.66,513.06,1575.49,564.55,0.1846,1.3,0.66,0.72,18.76,1.84,32.18,2.55,-10.00
5,1,1400.67,457.76,1432.61,513.93,0.1757,1.7,0.61,0.67,18.83,0.70,39.74,2.96,-10.00
5,1,47.34,410.10,95.04,485.44,0.1682,1.9,0.77,0.85,-18.96,-0.17,32.22,-2.46,-10.00
5,1,1367.06,474.73,1396.04,528.51,0.1642,1.6,0.60,0.64,17.18,1.12,38.49,-2.40,-10.00
5,1,1391.64,477.69,1415.61,533.41,0.1579,1.7,0.58,0.63,18.04,1.28,38.90,-2.78,-10.00
5,1,-1.00,-1.00,-1.00,-1.00,0.1223,1.7,0.64,0.63,23.52,1.54,31.81,-1.94,-10.00
5,1,1414.26,461.81,1447.96,517.50,0.1064,1.7,0.64,0.76,19.13,0.81,39.40,-3.06,-10.00
6,1,-1.00,-1.00,-1.00,-1.00,0.4197,1.7,0.67,0.73,10.51,1.15,-43.86,-2.32,-10.00
6,1,-1.00,-1.00,-1.00,-1.00,0.4089,1.7,0.61,0.69,-10.31,1.62,-16.50,-2.27,-10.00
6,1,-1.00,-1.00,-1.00,-1.00,0.4087,1.7,0.62,0.72,-2.73,1.47,-27.38,-2.25,-10.00
6,1,-1.00,-1.00,-1.00,-1.00,0.3315,1.7,0.63,0.72,-2.24,1.53,-26.71,-2.13,-10.00
6,1,1489.03,476.24,1523.44,542.42,0.3030,1.7,0.62,0.62,18.24,1.34,33.49,1.73,-10.00
6,1,-1.00,-1.00,-1.00,-1.00,0.2785,1.8,0.64,0.67,6.75,1.16,-38.11,-2.26,-10.00
6,1,-1.00,-1.00,-1.00,-1.00,0.2624,1.8,0.60,0.50,-3.60,1.65,-18.05,-0.58,-10.00
6,1,1177.69,452.24,1203.84,509.35,0.2537,1.8,0.69,0.70,11.86,0.56,40.11,0.15,-10.00
6,1,1351.42,487.56,1377.75,539.83,0.2145,1.5,0.64,0.66,15.49,1.35,35.77,-1.09,-10.00
6,1,1141.64,475.04,1171.39,531.28,0.1969,1.7,0.60,0.63,10.38,1.21,38.64,-2.10,-10.00
6,1,1220.43,449.13,1247.55,497.22,0.1639,1.7,0.64,0.69,15.10,0.20,45.80,2.86,-10.00
6,1,1197.71,458.08,1228.28,514.22,0.1511,1.7,0.67,0.72,12.47,0.71,39.81,3.06,-10.00
6,1,1161.76,473.04,1190.40,529.56,0.1423,1.7,0.65,0.63,11.17,1.18,39.34,2.95,-10.00
6,1,1168.06,448.12,1191.37,495.58,0.1402,1.7,0.57,0.60,13.16,0.14,45.87,2.42,-10.00
6,1,-1.00,-1.00,-1.00,-1.00,0.1341,1.7,0.63,0.70,15.97,1.70,-48.21,0.53,-10.00
6,1,1212.78,448.09,1236.41,494.95,0.1313,1.7,0.58,0.61,14.86,0.12,46.10,2.91,-10.00
6,1,-1.00,-1.00,-1.00,-1.00,0.1236,1.8,0.67,0.66,4.14,1.65,-33.41,1.00,-10.00
6,1,454.86,468.46,483.72,519.19,0.1135,1.7,0.69,0.76,-12.12,0.96,44.23,-2.30,-10.00
6,1,1184.68,449.39,1211.69,497.26,0.1028,1.7,0.67,0.67,14.03,0.20,46.52,2.70,-10.00
7,1,-1.00,-1.00,-1.00,-1.00,0.3934,1.8,0.65,0.67,2.20,1.70,-28.61,-2.52,-10.00
7,1,-1.00,-1.00,-1.00,-1.00,0.3245,1.7,0.61,0.69,-7.94,1.65,-19.87,-2.40,-10.00
7,1,-1.00,-1.00,-1.00,-1.00,0.3154,1.8,0.64,0.57,-0.39,1.83,-20.88,2.57,-10.00
7,1,1243.76,460.39,1273.31,525.54,0.3066,1.7,0.61,0.64,11.81,0.90,33.84,1.66,-10.00
7,1,-1.00,-1.00,-1.00,-1.00,0.2943,1.8,0.62,0.67,2.03,1.63,-29.51,-2.60,-10.00
7,1,-1.00,-1.00,-1.00,-1.00,0.2749,1.7,0.63,0.69,12.85,1.73,-38.24,-2.58,-10.00
7,1,-1.00,-1.00,-1.00,-1.00,0.2425,1.8,0.69,0.64,37.32,1.22,-19.58,-2.68,-10.00
7,1,-1.00,-1.00,-1.00,-1.00,0.2282,1.8,0.67,0.74,-33.61,-0.29,45.91,-2.49,-10.00
7,1,945.07,445.10,976.32,502.81,0.2255,1.8,0.65,0.72,4.46,0.34,39.06,0.64,-10.00
7,1,954.93,422.10,977.56,474.36,0.2074,1.8,0.68,0.68,5.23,-0.61,44.13,1.85,-10.00
7,1,1066.13,476.85,1099.56,538.24,0.1819,1.5,0.68,0.69,6.78,1.18,32.19,0.44,-10.00
7,1,989.46,450.87,1012.94,505.26,0.1426,1.7,0.63,0.66,5.93,0.44,40.61,-1.25,-10.00
7,1,-1.00,-1.00,-1.00,-1.00,0.1343,1.7,0.60,0.61,0.64,1.91,-20.96,3.10,-10.00
7,1,-1.00,-1.00,-1.00,-1.00,0.1283,1.8,0.66,0.71,17.57,1.42,-43.12,-2.23,-10.00
7,1,-1.00,-1.00,-1.00,-1.00,0.1230,1.8,0.65,0.69,36.27,0.97,17.68,2.20,-10.00
7,1,244.17,437.08,269.42,493.98,0.1197,1.7,0.60,0.64,-17.30,0.07,39.17,1.32,-10.00
7,1,1229.75,453.19,1252.88,512.16,0.1027,1.8,0.61,0.69,12.80,0.62,38.13,-1.17,-10.00
7,1,-1.00,-1.00,-1.00,-1.00,0.1014,1.7,0.63,0.68,36.77,0.72,18.45,2.24,-10.00
8,1,-1.00,-1.00,-1.00,-1.00,0.4708,1.7,0.62,0.70,-5.89,1.62,-22.51,-2.43,-10.00
8,1,-1.00,-1.00,-1.00,-1.00,0.3894,1.8,0.71,0.69,2.18,1.76,-22.87,2.48,-10.00
8,1,-1.00,-1.00,-1.00,-1.00,0.3275,1.8,0.65,0.67,5.58,1.69,-29.85,-2.63,-10.00
8,1,1075.84,466.76,1108.71,534.49,0.3005,1.7,0.65,0.63,7.19,1.11,33.03,1.42,-10.00
8,1,783.10,451.16,810.26,511.16,0.2407,1.7,0.70,0.71,-0.57,0.58,37.38,1.70,-10.00
8,1,899.77,479.63,934.38,542.02,0.2369,1.5,0.64,0.70,2.44,1.21,30.67,2.98,-10.00
8,1,-1.00,-1.00,-1.00,-1.00,0.2228,1.8,0.63,0.66,17.25,1.77,-38.16,-2.67,-10.00
8,1,-1.00,-1.00,-1.00,-1.00,0.2047,1.8,0.61,0.63,5.62,1.61,-30.90,-2.73,-10.00
8,1,-1.00,-1.00,-1.00,-1.00,0.1901,1.8,0.71,0.70,38.95,1.49,-16.27,-2.62,-10.00
8,1,816.88,456.07,843.38,512.68,0.1817,1.7,0.65,0.62,0.43,0.65,38.94,1.88,-10.00
8,1,-1.00,-1.00,-1.00,-1.00,0.1480,1.9,0.82,0.87,39.12,-0.06,29.71,-0.49,-10.00
8,1,-1.00,-1.00,-1.00,-1.00,0.1456,1.7,0.68,0.77,-23.61,-0.09,34.74,1.86,-10.00
8,1,-1.00,-1.00,-1.00,-1.00,0.1423,1.7,0.65,0.65,23.71,0.99,-48.65,-2.73,-10.00
8,1,6.37,430.14,45.66,490.98,0.1371,1.6,0.60,0.66,-21.66,-0.02,34.72,1.89,-10.00
8,1,1140.04,456.63,1171.40,518.08,0.1353,1.8,0.66,0.63,9.90,0.77,36.95,0.79,-10.00
8,1,-1.00,-1.00,-1.00,-1.00,0.1252,1.3,0.67,0.74,-29.13,0.23,-14.04,1.64,-10.00
8,1,769.09,422.52,797.37,474.47,0.1201,1.7,0.64,0.74,-1.14,-0.60,43.83,2.24,-10.00
8,1,-1.00,-1.00,-1.00,-1.00,0.1200,1.6,0.68,0.74,34.37,0.47,21.29,2.05,-10.00
8,1,0.00,431.10,27.53,487.51,0.1149,1.5,0.61,0.67,-21.99,-0.12,34.42,1.82,-10.00
8,1,-1.00,-1.00,-1.00,-1.00,0.1061,1.8,0.78,0.83,-26.48,-0.29,36.31,-1.14,-10.00
8,1,48.60,392.77,82.81,443.91,0.1058,1.9,0.83,0.76,-28.46,-1.83,48.02,2.05,-10.00
9,1,-1.00,-1.00,-1.00,-1.00,0.4429,1.8,0.66,0.70,9.27,1.59,-31.38,-2.82,-10.00
9,1,-1.00,-1.00,-1.00,-1.00,0.3765,1.8,0.65,0.74,-3.37,1.35,-25.74,-2.62,-10.00
9,1,-1.00,-1.00,-1.00,-1.00,0.3387,1.7,0.67,0.64,5.41,1.59,-25.27,-1.06,-10.00
9,1,889.12,469.58,925.13,544.15,0.2618,1.8,0.68,0.63,2.20,1.27,30.67,1.28,-10.00
9,1,519.18,479.80,561.94,520.73,0.2300,1.0,0.68,0.80,-6.94,0.73,31.88,0.59,-10.00
9,1,561.47,443.24,595.13,509.91,0.2278,1.8,0.66,0.63,-6.36,0.49,33.85,0.31,-10.00
9,1,-1.00,-1.00,-1.00,-1.00,0.2066,1.8,0.73,0.72,40.08,1.70,-13.03,-2.82,-10.00
9,1,0.00,487.04,47.34,682.86,0.1927,1.4,0.70,0.67,-6.24,1.35,9.34,0.45,-10.00
9,1,-1.00,-1.00,-1.00,-1.00,0.1814,1.8,0.61,0.62,1.64,-1.43,-46.04,-1.12,-10.00
9,1,-1.00,-1.00,-1.00,-1.00,0.1801,1.8,0.70,0.75,27.75,1.52,-41.15,-2.92,-10.00
9,1,752.41,469.03,784.61,539.16,0.1780,1.7,0.60,0.57,-1.19,1.18,31.71,2.00,-10.00
9,1,880.89,474.18,911.92,548.03,0.1655,1.7,0.62,0.60,1.91,1.34,30.28,1.43,-10.00
9,1,586.99,455.11,623.53,518.13,0.1548,1.7,0.67,0.69,-5.64,0.71,33.88,0.45,-10.00
9,1,706.87,447.89,727.66,495.58,0.1487,1.7,0.60,0.61,-3.55,0.14,45.46,0.16,-10.00
9,1,545.62,469.82,583.90,520.93,0.1365,1.3,0.66,0.69,-6.49,0.76,32.71,0.55,-10.00
9,1,-1.00,-1.00,-1.00,-1.00,0.1341,1.7,0.57,0.56,6.57,1.82,-24.94,-3.03,-10.00
9,1,-1.00,-1.00,-1.00,-1.00,0.1168,1.7,0.67,0.77,-36.07,-0.45,29.21,0.30,-10.00
9,1,-1.00,-1.00,-1.00,-1.00,0.1140,1.7,0.65,0.69,21.76,1.33,-37.82,-2.70,-10.00
9,1,-1.00,-1.00,-1.00,-1.00,0.1051,1.7,0.65,0.66,2.85,-1.71,-47.00,2.00,-10.00
10,1,-1.00,-1.00,-1.00,-1.00,0.4805,1.8,0.65,0.61,9.26,1.96,-27.88,-1.22,-10.00
10,1,675.90,463.14,719.79,547.62,0.3471,1.8,0.68,0.64,-2.52,1.18,26.96,-2.62,-10.00
10,1,296.24,436.05,332.34,514.34,0.3067,1.7,0.61,0.57,-11.38,0.51,28.71,0.94,-10.00
10,1,-1.00,-1.00,-1.00,-1.00,0.3037,1.7,0.59,0.65,-0.36,1.46,-29.48,-2.83,-10.00
10,1,-1.00,-1.00,-1.00,-1.00,0.2892,1.7,0.60,0.66,13.75,1.80,-33.78,-3.05,-10.00
10,1,-1.00,-1.00,-1.00,-1.00,0.2886,1.8,0.65,0.71,13.21,1.89,-33.11,-3.06,-10.00
10,1,-1.00,-1.00,-1.00,-1.00,0.2783,1.8,0.64,0.69,26.81,1.96,-37.50,-2.56,-10.00
10,1,527.00,454.84,567.26,536.29,0.2669,1.7,0.62,0.60,-5.76,0.95,27.12,1.83,-10.00
10,1,234.48,464.64,283.23,516.97,0.2089,1.1,0.66,0.66,-11.73,0.53,26.66,0.48,-10.00
10,1,-1.00,-1.00,-1.00,-1.00,0.2016,1.8,0.68,0.71,-40.60,-0.46,20.04,-2.71,-10.00
10,1,-1.00,-1.00,-1.00,-1.00,0.1911,1.9,0.73,0.72,40.63,1.98,-10.25,-2.90,-10.00
10,1,-1.00,-1.00,-1.00,-1.00,0.1876,1.7,0.62,0.59,10.20,2.04,-27.45,-1.32,-10.00
10,1,329.38,436.02,368.46,516.07,0.1688,1.8,0.59,0.55,-10.60,0.55,28.74,0.47,-10.00
10,1,-1.00,-1.00,-1.00,-1.00,0.1640,1.8,0.76,0.65,-47.18,-2.65,32.46,1.89,-10.00
10,1,-1.00,-1.00,-1.00,-1.00,0.1101,1.8,0.65,0.72,-31.55,-0.83,-42.45,-1.35,-10.00
10,1,271.23,456.21,314.08,520.04,0.1020,1.4,0.58,0.61,-11.37,0.62,27.51,0.34,-10.00
11,1,0.00,473.39,60.52,545.30,0.4691,1.3,0.73,0.77,-14.18,0.95,22.71,0.20,-10.00
11,1,494.03,468.33,542.89,567.67,0.4153,1.8,0.65,0.62,-5.41,1.37,23.02,-2.89,-10.00
11,1,-1.00,-1.00,-1.00,-1.00,0.4001,1.8,0.69,0.66,12.16,1.41,-30.26,2.03,-10.00
11,1,0.00,477.00,13.44,544.60,0.3772,1.1,0.74,0.79,-14.45,0.90,21.77,0.10,-10.00
11,1,-1.00,-1.00,-1.00,-1.00,0.3450,1.8,0.67,0.70,30.11,1.39,-37.89,-2.81,-10.00
11,1,18.47,433.61,78.22,529.92,0.3240,1.8,0.68,0.64,-14.43,0.72,23.80,0.28,-10.00
11,1,-1.00,-1.00,-1.00,-1.00,0.2861,1.8,0.71,0.69,-43.30,-0.09,12.10,-3.08,-10.00
11,1,198.13,508.95,264.61,595.96,0.2530,1.3,0.60,0.66,-8.80,1.55,19.07,0.24,-10.00
11,1,-1.00,-1.00,-1.00,-1.00,0.2431,1.8,0.75,0.72,40.89,1.56,-9.07,-2.51,-10.00
11,1,-1.00,-1.00,-1.00,-1.00,0.2410,1.8,0.71,0.69,36.54,1.24,-39.56,-2.81,-10.00
11,1,-1.00,-1.00,-1.00,-1.00,0.2367,1.8,0.68,0.73,2.04,0.98,-32.90,-3.07,-10.00
11,1,-1.00,-1.00,-1.00,-1.00,0.2325,1.8,0.62,0.64,16.05,1.38,-34.73,-2.66,-10.00
11,1,-1.00,-1.00,-1.00,-1.00,0.2281,1.7,0.60,0.63,16.77,1.29,-35.46,-2.85,-10.00
11,1,304.47,465.68,357.88,562.05,0.1889,1.7,0.65,0.63,-8.80,1.26,22.99,1.74,-10.00
11,1,-1.00,-1.00,-1.00,-1.00,0.1442,1.9,0.71,0.75,-44.08,0.14,13.57,0.47,-10.00
11,1,565.17,462.70,599.17,530.15,0.1430,1.5,0.61,0.57,-5.37,0.88,29.07,1.70,-10.00
11,1,-1.00,-1.00,-1.00,-1.00,0.1397,1.7,0.69,0.65,13.22,1.55,-29.75,-1.21,-10.00
11,1,-1.00,-1.00,-1.00,-1.00,0.1336,1.5,0.63,0.53,28.59,1.72,-5.04,-3.12,-10.00
11,1,-1.00,-1.00,-1.00,-1.00,0.1130,1.8,0.71,0.78,10.17,-1.47,-47.76,1.73,-10.00
11,1,-1.00,-1.00,-1.00,-1.00,0.1085,1.8,0.69,0.72,-10.27,-1.79,-47.32,-1.19,-10.00
11,1,-1.00,-1.00,-1.00,-1.00,0.1036,1.4,0.62,0.64,23.95,1.63,21.85,-1.38,-10.00
12,1,370.05,459.74,424.48,575.42,0.5050,1.8,0.62,0.56,-6.55,1.29,19.81,0.15,-10.00
12,1,-1.00,-1.00,-1.00,-1.00,0.2903,1.8,0.71,0.68,40.55,1.41,-9.65,-2.55,-10.00
12,1,141.89,458.60,205.85,574.51,0.2825,1.7,0.64,0.56,-9.83,1.25,19.39,1.70,-10.00
12,1,-1.00,-1.00,-1.00,-1.00,0.2748,1.8,0.63,0.59,-15.67,0.54,20.01,0.03,-10.00
12,1,0.00,510.68,65.93,601.24,0.2713,1.1,0.63,0.67,-9.76,1.32,15.56,-3.00,-10.00
12,1,-1.00,-1.00,-1.00,-1.00,0.2698,1.7,0.63,0.70,2.99,1.24,-35.44,-2.85,-10.00
12,1,-1.00,-1.00,-1.00,-1.00,0.2120,1.8,0.67,0.68,-44.22,-0.26,7.14,-2.95,-10.00
12,1,-1.00,-1.00,-1.00,-1.00,0.1761,1.8,0.66,0.69,37.99,1.34,-40.67,-2.67,-10.00
12,1,-1.00,-1.00,-1.00,-1.00,0.1760,1.8,0.62,0.58,-23.00,0.42,14.23,-2.04,-10.00
12,1,-1.00,-1.00,-1.00,-1.00,0.1646,1.8,0.65,0.66,17.76,1.20,-37.49,-3.05,-10.00
12,1,-1.00,-1.00,-1.00,-1.00,0.1469,1.7,0.66,0.64,13.66,1.61,-32.59,-1.30,-10.00
12,1,-1.00,-1.00,-1.00,-1.00,0.1431,1.2,0.64,0.63,-15.33,0.68,19.03,2.99,-10.00
12,1,742.72,467.06,765.49,522.80,0.1180,1.8,0.67,0.71,-1.99,1.00,40.61,-1.56,-10.00
12,1,-1.00,-1.00,-1.00,-1.00,0.1151,1.4,0.69,0.70,-24.93,-0.18,15.18,-1.37,-10.00
12,1,-1.00,-1.00,-1.00,-1.00,0.1143,1.8,0.67,0.67,-45.33,-0.33,8.09,-3.03,-10.00
12,1,-1.00,-1.00,-1.00,-1.00,0.1100,1.5,0.57,0.61,-15.22,0.81,21.95,1.74,-10.00
12,1,0.00,458.28,32.30,541.00,0.1067,1.4,0.61,0.70,-14.05,0.84,21.81,1.68,-10.00
13,1,-1.00,-1.00,-1.00,-1.00,0.5009,1.2,0.70,0.72,-16.52,0.96,13.54,-2.98,-10.00
13,1,177.97,448.78,254.75,596.66,0.3771,1.8,0.68,0.55,-7.49,1.29,15.83,0.20,-10.00
13,1,-1.00,-1.00,-1.00,-1.00,0.3593,1.7,0.62,0.55,-10.90,1.13,15.20,1.64,-10.00
13,1,-1.00,-1.00,-1.00,-1.00,0.3105,1.8,0.66,0.66,39.21,1.35,-42.33,-2.92,-10.00
13,1,-1.00,-1.00,-1.00,-1.00,0.2717,1.9,0.75,0.72,-45.03,-0.06,1.53,-2.62,-10.00
13,1,-1.00,-1.00,-1.00,-1.00,0.2690,1.1,0.70,0.77,-16.22,0.88,14.60,0.14,-10.00
13,1,-1.00,-1.00,-1.00,-1.00,0.2502,1.6,0.63,0.64,-16.63,0.85,15.54,0.16,-10.00
13,1,-1.00,-1.00,-1.00,-1.00,0.2322,1.7,0.66,0.70,4.12,1.22,-38.92,-3.12,-10.00
13,1,-1.00,-1.00,-1.00,-1.00,0.1883,1.8,0.71,0.71,32.55,1.62,-41.17,-3.11,-10.00
13,1,315.12,437.41,363.83,521.56,0.1835,1.4,0.59,0.60,-8.22,0.51,21.85,1.58,-10.00
13,1,-1.00,-1.00,-1.00,-1.00,0.1257,1.7,0.65,0.66,18.46,1.64,-39.40,-2.80,-10.00
14,1,-1.00,-1.00,-1.00,-1.00,0.5280,1.8,0.70,0.60,-8.10,1.11,11.18,0.02,-10.00
14,1,-1.00,-1.00,-1.00,-1.00,0.4334,1.2,0.74,0.77,-16.93,0.67,8.66,0.10,-10.00
14,1,-1.00,-1.00,-1.00,-1.00,0.3437,1.8,0.65,0.66,16.51,2.06,-39.13,-1.45,-10.00
14,1,-1.00,-1.00,-1.00,-1.00,0.3287,1.8,0.69,0.60,-17.24,0.49,10.73,0.16,-10.00
14,1,-1.00,-1.00,-1.00,-1.00,0.3115,1.8,0.63,0.57,-11.42,1.14,10.59,1.58,-10.00
14,1,-1.00,-1.00,-1.00,-1.00,0.2643,1.7,0.59,0.63,20.06,1.82,-43.44,-2.96,-10.00
14,1,-1.00,-1.00,-1.00,-1.00,0.2457,1.9,0.73,0.68,-35.63,-1.82,39.31,0.28,-10.00
14,1,-1.00,-1.00,-1.00,-1.00,0.2185,1.8,0.60,0.62,19.25,1.98,-42.73,-2.68,-10.00
14,1,-1.00,-1.00,-1.00,-1.00,0.2117,1.8,0.70,0.69,40.08,2.17,-13.24,-2.81,-10.00
14,1,110.17,415.97,179.48,515.62,0.2098,1.3,0.57,0.63,-9.06,0.32,17.11,1.60,-10.00
14,1,-1.00,-1.00,-1.00,-1.00,0.1978,1.8,0.69,0.73,33.58,2.26,-44.26,-3.06,-10.00
14,1,-1.00,-1.00,-1.00,-1.00,0.1709,1.3,0.70,0.78,-16.84,0.65,9.62,-0.08,-10.00
14,1,-1.00,-1.00,-1.00,-1.00,0.1665,1.7,0.56,0.60,20.15,1.92,-42.61,-2.89,-10.00
14,1,-1.00,-1.00,-1.00,-1.00,0.1339,1.8,0.67,0.69,-45.14,-1.09,-37.98,2.98,-10.00
14,1,-1.00,-1.00,-1.00,-1.00,0.1249,1.8,0.69,0.70,-45.38,-0.04,-4.76,0.43,-10.00
14,1,-1.00,-1.00,-1.00,-1.00,0.1211,1.8,0.68,0.72,4.72,1.52,-43.00,-2.35,-10.00
14,1,704.79,454.51,724.28,504.31,0.1106,1.7,0.62,0.65,-3.59,0.45,44.67,-0.04,-10.00
14,1,-1.00,-1.00,-1.00,-1.00,0.1102,1.8,0.68,0.67,-37.53,-2.45,40.36,-1.79,-10.00
14,1,-1.00,-1.00,-1.00,-1.00,0.1030,1.8,0.58,0.60,18.96,1.99,-42.98,-2.75,-10.00
15,1,-1.00,-1.00,-1.00,-1.00,0.5468,1.8,0.65,0.58,-8.47,1.09,5.91,0.26,-10.00
15,1,-1.00,-1.00,-1.00,-1.00,0.3998,1.2,0.73,0.73,-17.05,0.49,3.12,-0.04,-10.00
15,1,-1.00,-1.00,-1.00,-1.00,0.2888,1.7,0.58,0.54,-11.75,0.95,5.19,1.67,-10.00
15,1,-1.00,-1.00,-1.00,-1.00,0.2871,1.8,0.65,0.65,39.70,2.51,-16.70,-2.48,-10.00
15,1,-1.00,-1.00,-1.00,-1.00,0.2830,1.3,0.72,0.78,-17.06,0.35,4.19,0.06,-10.00
15,1,-1.00,-1.00,-1.00,-1.00,0.2804,1.8,0.67,0.59,-17.48,0.28,5.18,0.07,-10.00
15,1,-1.00,-1.00,-1.00,-1.00,0.2601,1.8,0.68,0.67,20.73,2.56,-47.85,3.03,-10.00
15,1,-1.00,-1.00,-1.00,-1.00,0.2409,1.7,0.65,0.71,5.10,1.75,-47.85,3.10,-10.00
15,1,-1.00,-1.00,-1.00,-1.00,0.2342,1.8,0.67,0.63,17.70,2.56,-43.56,-1.36,-10.00
15,1,-1.00,-1.00,-1.00,-1.00,0.2026,1.8,0.62,0.64,19.66,2.73,-47.44,3.05,-10.00
15,1,-1.00,-1.00,-1.00,-1.00,0.1725,1.8,0.62,0.62,20.11,2.74,-47.13,3.01,-10.00
15,1,-1.00,-1.00,-1.00,-1.00,0.1359,1.2,0.63,0.73,-11.26,1.18,1.46,-3.08,-10.00
15,1,-1.00,-1.00,-1.00,-1.00,0.1257,1.8,0.67,0.68,20.43,2.60,-47.51,3.12,-10.00
15,1,-1.00,-1.00,-1.00,-1.00,0.1229,1.8,0.62,0.63,-19.64,-2.07,28.04,-0.28,-10.00
15,1,1025.01,431.50,1049.74,485.79,0.1127,1.8,0.67,0.63,7.65,-0.21,43.81,2.92,-10.00
15,1,-1.00,-1.00,-1.00,-1.00,0.1114,1.4,0.70,0.72,-9.69,0.12,11.83,1.41,-10.00
15,1,519.88,431.02,553.50,509.91,0.1031,1.8,0.61,0.60,-6.33,0.41,28.70,1.56,-10.00
15,1,-1.00,-1.00,-1.00,-1.00,0.1014,1.4,0.65,0.71,-36.29,-0.11,-16.41,3.09,-10.00
16,1,-1.00,-1.00,-1.00,-1.00,0.7293,1.8,0.71,0.59,-8.57,1.04,1.01,0.14,-10.00
16,1,-1.00,-1.00,-1.00,-1.00,0.3385,1.8,0.70,0.71,39.24,2.69,-20.73,-2.56,-10.00
16,1,-1.00,-1.00,-1.00,-1.00,0.3252,1.8,0.68,0.59,18.05,2.33,-48.32,-1.49,-10.00
16,1,-1.00,-1.00,-1.00,-1.00,0.3030,1.2,0.73,0.77,-17.06,0.44,-1.81,-0.09,-10.00
16,1,-1.00,-1.00,-1.00,-1.00,0.2793,1.7,0.60,0.58,-11.81,0.81,0.30,-1.54,-10.00
16,1,-1.00,-1.00,-1.00,-1.00,0.2748,1.8,0.65,0.61,-17.50,0.16,0.22,0.08,-10.00
16,1,-1.00,-1.00,-1.00,-1.00,0.2433,1.4,0.68,0.68,-17.24,0.32,-0.88,-0.02,-10.00
17,1,-1.00,-1.00,-1.00,-1.00,0.4452,1.8,0.75,0.64,-8.59,0.94,-3.98,0.01,-10.00
17,1,-1.00,-1.00,-1.00,-1.00,0.4368,1.3,0.68,0.74,-17.35,0.40,-6.90,0.01,-10.00
17,1,-1.00,-1.00,-1.00,-1.00,0.2901,1.4,0.61,0.62,-11.32,1.19,-8.48,-0.03,-10.00
17,1,-1.00,-1.00,-1.00,-1.00,0.2732,1.7,0.57,0.55,-11.88,0.80,-4.66,-1.55,-10.00
17,1,-1.00,-1.00,-1.00,-1.00,0.2654,1.8,0.65,0.60,-17.67,0.14,-4.80,0.01,-10.00
17,1,-1.00,-1.00,-1.00,-1.00,0.2368,1.8,0.69,0.68,38.45,2.50,-25.20,-2.73,-10.00
17,1,-1.00,-1.00,-1.00,-1.00,0.2258,1.4,0.70,0.70,-17.27,0.28,-5.81,-0.04,-10.00
17,1,-1.00,-1.00,-1.00,-1.00,0.1746,1.1,0.62,0.67,-13.47,0.79,-4.87,-1.60,-10.00
17,1,592.52,453.07,618.32,516.21,0.1034,1.8,0.69,0.64,-6.03,0.70,36.27,1.44,-10.00
18,1,-1.00,-1.00,-1.00,-1.00,0.7059,1.8,0.69,0.55,-8.65,0.90,-8.55,0.06,-10.00
18,1,-1.00,-1.00,-1.00,-1.00,0.4189,1.8,0.59,0.52,-11.95,0.76,-9.27,1.64,-10.00
18,1,-1.00,-1.00,-1.00,-1.00,0.2961,1.8,0.66,0.58,-17.75,-0.12,-9.34,0.03,-10.00
18,1,-1.00,-1.00,-1.00,-1.00,0.2354,1.3,0.70,0.78,-17.31,0.21,-10.48,-0.12,-10.00
18,1,-1.00,-1.00,-1.00,-1.00,0.2301,0.98,0.60,0.73,-12.53,0.82,-6.97,1.54,-10.00
18,1,-1.00,-1.00,-1.00,-1.00,0.1960,1.8,0.68,0.61,37.73,2.53,-29.82,-2.98,-10.00
18,1,-1.00,-1.00,-1.00,-1.00,0.1281,1.1,0.62,0.68,-11.76,0.85,-7.60,1.55,-10.00
18,1,-1.00,-1.00,-1.00,-1.00,0.1246,1.3,0.59,0.68,-17.48,0.34,-7.35,0.42,-10.00
18,1,-1.00,-1.00,-1.00,-1.00,0.1125,1.2,0.67,0.73,-17.42,0.27,-11.38,0.04,-10.00
18,1,-1.00,-1.00,-1.00,-1.00,0.1099,1.1,0.62,0.70,-12.23,0.80,-7.26,1.56,-10.00
19,1,-1.00,-1.00,-1.00,-1.00,0.5646,1.8,0.71,0.57,-8.70,0.90,-13.82,-0.23,-10.00
19,1,-1.00,-1.00,-1.00,-1.00,0.3485,1.8,0.64,0.66,-11.97,0.72,-14.57,-0.12,-10.00
19,1,-1.00,-1.00,-1.00,-1.00,0.2463,1.2,0.61,0.65,-17.43,0.35,-16.81,-3.03,-10.00
19,1,-1.00,-1.00,-1.00,-1.00,0.1920,1.4,0.64,0.63,-9.94,0.36,-7.81,1.57,-10.00
19,1,-1.00,-1.00,-1.00,-1.00,0.1904,1.8,0.68,0.68,36.92,2.61,-34.68,-2.69,-10.00
19,1,-1.00,-1.00,-1.00,-1.00,0.1586,1.7,0.66,0.77,-11.68,1.39,13.51,1.66,-10.00
19,1,-1.00,-1.00,-1.00,-1.00,0.1342,1.5,0.64,0.66,-17.47,0.29,-15.71,0.04,-10.00
19,1,-1.00,-1.00,-1.00,-1.00,0.1135,1.8,0.61,0.63,-17.79,-0.07,-14.51,1.75,-10.00
20,1,-1.00,-1.00,-1.00,-1.00,0.4443,1.8,0.68,0.57,-8.67,0.91,-19.26,-0.09,-10.00
20,1,-1.00,-1.00,-1.00,-1.00,0.2229,1.8,0.67,0.68,36.52,2.31,-39.15,-2.87,-10.00
20,1,-1.00,-1.00,-1.00,-1.00,0.2015,1.3,0.58,0.62,-11.36,1.01,-23.74,-3.02,-10.00
20,1,-1.00,-1.00,-1.00,-1.00,0.1744,1.7,0.56,0.58,-11.95,0.84,-20.06,3.08,-10.00
20,1,-1.00,-1.00,-1.00,-1.00,0.1454,1.8,0.72,0.65,-8.61,0.68,-20.18,-0.03,-10.00
21,1,-1.00,-1.00,-1.00,-1.00,0.2181,1.8,0.65,0.61,-8.54,0.87,-24.56,-3.02,-10.00
21,1,-1.00,-1.00,-1.00,-1.00,0.2082,1.8,0.67,0.66,36.14,2.51,-43.91,-2.69,-10.00
21,1,-1.00,-1.00,-1.00,-1.00,0.1438,1.5,0.58,0.55,20.05,1.73,-12.63,3.09,-10.00
22,1,-1.00,-1.00,-1.00,-1.00,0.3230,1.7,0.62,0.60,-7.98,1.24,-29.85,-0.06,-10.00
22,1,-1.00,-1.00,-1.00,-1.00,0.1993,1.8,0.68,0.69,36.39,2.81,-47.99,-2.91,-10.00
22,1,-1.00,-1.00,-1.00,-1.00,0.1422,1.6,0.64,0.66,-16.62,0.81,-32.10,1.46,-10.00
22,1,-1.00,-1.00,-1.00,-1.00,0.1299,1.4,0.65,0.74,-9.03,0.78,-17.32,-1.55,-10.00
22,1,-1.00,-1.00,-1.00,-1.00,0.1192,1.8,0.64,0.73,-24.33,-0.22,-18.89,-3.06,-10.00
22,1,1531.38,477.40,1555.92,523.96,0.1180,1.8,0.63,0.64,27.90,1.24,48.58,-2.96,-10.00
22,1,-1.00,-1.00,-1.00,-1.00,0.1056,1.7,0.67,0.70,-10.42,1.48,-34.49,-0.03,-10.00
23,1,-1.00,-1.00,-1.00,-1.00,0.3627,1.7,0.60,0.54,-7.21,1.39,-34.95,0.19,-10.00
23,1,-1.00,-1.00,-1.00,-1.00,0.2176,1.4,0.67,0.67,-18.29,0.11,5.02,-0.01,-10.00
23,1,-1.00,-1.00,-1.00,-1.00,0.1803,1.8,0.59,0.55,-7.24,1.40,-35.80,-3.10,-10.00
23,1,-1.00,-1.00,-1.00,-1.00,0.1525,1.4,0.62,0.59,-8.24,0.81,-22.52,-0.01,-10.00
23,1,-1.00,-1.00,-1.00,-1.00,0.1103,1.4,0.74,0.79,-19.04,-0.12,6.40,-0.04,-10.00
24,1,-1.00,-1.00,-1.00,-1.00,0.3086,1.2,0.73,0.78,-18.50,-0.10,0.77,0.08,-10.00
24,1,-1.00,-1.00,-1.00,-1.00,0.2015,1.7,0.59,0.58,-6.43,1.21,-38.89,3.12,-10.00
24,1,1400.30,488.52,1428.61,540.49,0.1628,1.8,0.70,0.62,20.81,1.70,44.06,-1.52,-10.00
24,1,-1.00,-1.00,-1.00,-1.00,0.1401,1.3,0.73,0.80,-19.48,-0.66,-3.72,0.13,-10.00
24,1,-1.00,-1.00,-1.00,-1.00,0.1211,1.7,0.59,0.61,-6.43,1.34,-39.78,-3.12,-10.00
25,1,-1.00,-1.00,-1.00,-1.00,0.2592,1.3,0.67,0.71,-18.33,0.06,-4.10,0.14,-10.00
25,1,1428.57,495.00,1459.87,551.14,0.2034,1.8,0.70,0.67,19.87,1.87,40.08,-1.45,-10.00
25,1,1585.28,483.76,1600.00,543.43,0.2034,1.8,0.61,0.66,23.51,1.55,38.07,-2.61,-10.00
25,1,-1.00,-1.00,-1.00,-1.00,0.2029,1.8,0.69,0.65,-5.51,1.34,-43.66,-0.16,-10.00
25,1,-1.00,-1.00,-1.00,-1.00,0.1050,1.7,0.55,0.55,-8.09,1.08,-7.73,-0.01,-10.00
26,1,-1.00,-1.00,-1.00,-1.00,0.3456,1.4,0.71,0.67,-18.58,0.34,-8.63,0.07,-10.00
26,1,1472.45,483.42,1509.87,547.38,0.2920,1.8,0.75,0.75,19.45,1.60,36.51,-1.40,-10.00
26,1,-1.00,-1.00,-1.00,-1.00,0.2156,1.8,0.67,0.59,-5.11,1.71,-48.09,0.00,-10.00
26,1,-1.00,-1.00,-1.00,-1.00,0.1999,1.8,0.65,0.61,7.33,1.25,-39.03,-3.10,-10.00
26,1,-1.00,-1.00,-1.00,-1.00,0.1135,1.8,0.63,0.56,-3.99,1.51,-47.46,-2.97,-10.00
26,1,-1.00,-1.00,-1.00,-1.00,0.1119,1.8,0.63,0.63,-22.34,-0.02,-38.52,1.81,-10.00
27,1,1558.51,488.15,1594.65,559.87,0.3485,1.8,0.68,0.67,19.49,1.73,32.46,2.30,-10.00
27,1,-1.00,-1.00,-1.00,-1.00,0.3248,1.8,0.66,0.68,21.94,1.69,30.44,-2.41,-10.00
27,1,-1.00,-1.00,-1.00,-1.00,0.2226,0.94,0.71,0.75,25.60,1.69,36.44,-3.00,-10.00
27,1,-1.00,-1.00,-1.00,-1.00,0.2188,1.4,0.67,0.70,-18.59,0.01,-12.86,0.15,-10.00
27,1,-1.00,-1.00,-1.00,-1.00,0.1660,0.87,0.78,0.72,26.32,1.72,39.39,-0.07,-10.00
27,1,-1.00,-1.00,-1.00,-1.00,0.1442,1.8,0.64,0.68,-20.60,0.35,22.38,1.66,-10.00
27,1,-1.00,-1.00,-1.00,-1.00,0.1301,0.93,0.76,0.72,26.32,1.72,38.57,-3.10,-10.00
27,1,-1.00,-1.00,-1.00,-1.00,0.1296,1.9,0.77,0.66,-38.42,-2.71,40.02,-1.41,-10.00
27,1,-1.00,-1.00,-1.00,-1.00,0.1024,1.9,0.79,0.66,-38.43,-2.27,39.25,1.78,-10.00
28,1,-1.00,-1.00,-1.00,-1.00,0.4069,1.8,0.68,0.67,21.88,1.68,26.58,-2.45,-10.00
28,1,-1.00,-1.00,-1.00,-1.00,0.3745,1.3,0.71,0.79,-18.74,0.20,-16.53,0.14,-10.00
28,1,-1.00,-1.00,-1.00,-1.00,0.3503,1.8,0.69,0.66,19.57,1.48,28.43,-2.96,-10.00
28,1,-1.00,-1.00,-1.00,-1.00,0.2409,1.1,0.64,0.67,25.99,1.76,32.47,-2.97,-10.00
28,1,-1.00,-1.00,-1.00,-1.00,0.2215,1.1,0.67,0.67,26.41,1.70,34.56,-3.05,-10.00
28,1,-1.00,-1.00,-1.00,-1.00,0.1804,0.95,0.68,0.70,26.44,1.52,35.40,-3.03,-10.00
28,1,-1.00,-1.00,-1.00,-1.00,0.1531,1.7,0.63,0.67,-20.36,-0.40,-50.46,2.01,-10.00
28,1,-1.00,-1.00,-1.00,-1.00,0.1054,1.8,0.60,0.63,-11.56,1.12,-33.35,1.59,-10.00
28,1,-1.00,-1.00,-1.00,-1.00,0.1034,1.7,0.62,0.61,39.10,1.33,43.73,-1.47,-10.00
28,1,-1.00,-1.00,-1.00,-1.00,0.1033,1.7,0.61,0.63,21.79,0.88,20.22,2.13,-10.00
29,1,-1.00,-1.00,-1.00,-1.00,0.3559,1.9,0.75,0.66,20.27,2.62,24.20,1.67,-10.00
29,1,-1.00,-1.00,-1.00,-1.00,0.1975,1.8,0.70,0.64,22.27,2.59,22.61,-3.11,-10.00
29,1,-1.00,-1.00,-1.00,-1.00,0.1949,0.95,0.69,0.72,27.43,2.76,31.23,-3.10,-10.00
29,1,-1.00,-1.00,-1.00,-1.00,0.1656,1.1,0.67,0.69,27.42,2.83,30.21,3.10,-10.00
29,1,-1.00,-1.00,-1.00,-1.00,0.1650,1.7,0.60,0.61,28.65,3.13,36.09,1.69,-10.00
29,1,-1.00,-1.00,-1.00,-1.00,0.1264,1.3,0.59,0.64,-15.96,-0.61,-36.80,-1.47,-10.00
29,1,906.66,511.48,923.18,559.72,0.1257,1.8,0.59,0.58,3.62,2.49,46.50,0.05,-10.00
29,1,-1.00,-1.00,-1.00,-1.00,0.1154,1.1,0.68,0.70,26.74,2.89,28.00,-3.10,-10.00
30,1,-1.00,-1.00,-1.00,-1.00,0.4210,1.8,0.71,0.85,21.42,1.49,19.36,-2.83,-10.00
30,1,-1.00,-1.00,-1.00,-1.00,0.3672,1.8,0.71,0.74,23.40,1.55,17.82,-2.79,-10.00
30,1,-1.00,-1.00,-1.00,-1.00,0.2999,0.96,0.67,0.87,28.40,1.41,22.95,-2.96,-10.00
30,1,-1.00,-1.00,-1.00,-1.00,0.1778,0.9,0.72,0.73,29.05,1.26,25.29,-2.91,-10.00
30,1,-1.00,-1.00,-1.00,-1.00,0.1747,1.9,0.68,0.72,23.78,1.54,17.34,-2.88,-10.00
30,1,-1.00,-1.00,-1.00,-1.00,0.1454,1.7,0.66,0.64,-10.35,1.57,-26.23,-0.03,-10.00
30,1,-1.00,-1.00,-1.00,-1.00,0.1377,1.8,0.68,0.76,-45.26,-0.89,14.80,3.11,-10.00
30,1,-1.00,-1.00,-1.00,-1.00,0.1267,1.8,0.59,0.64,-22.95,0.53,-9.96,1.73,-10.00
30,1,-1.00,-1.00,-1.00,-1.00,0.1188,1.7,0.65,0.71,-8.23,1.72,-37.35,-1.38,-10.00
30,1,-1.00,-1.00,-1.00,-1.00,0.1136,0.96,0.75,0.75,29.14,1.26,26.07,-3.08,-10.00
31,1,-1.00,-1.00,-1.00,-1.00,0.4718,1.2,0.66,0.66,-21.80,0.63,-22.87,0.06,-10.00
31,1,-1.00,-1.00,-1.00,-1.00,0.3672,1.8,0.69,0.68,24.21,1.62,14.16,-2.64,-10.00
31,1,-1.00,-1.00,-1.00,-1.00,0.2706,1.8,0.69,0.81,22.57,1.57,15.26,1.75,-10.00
31,1,-1.00,-1.00,-1.00,-1.00,0.2645,1.8,0.67,0.68,-49.68,-1.05,22.11,0.77,-10.00
31,1,-1.00,-1.00,-1.00,-1.00,0.2242,0.91,0.60,0.60,30.71,1.56,21.83,-3.08,-10.00
31,1,-1.00,-1.00,-1.00,-1.00,0.2202,1.8,0.64,0.65,-44.46,-0.53,15.53,-2.07,-10.00
31,1,-1.00,-1.00,-1.00,-1.00,0.2018,1.8,0.71,0.79,-45.65,-0.75,14.84,0.90,-10.00
31,1,-1.00,-1.00,-1.00,-1.00,0.1975,1.1,0.59,0.65,29.79,1.65,18.80,-2.89,-10.00
31,1,-1.00,-1.00,-1.00,-1.00,0.1802,1.8,0.58,0.54,-15.73,1.05,13.13,-2.54,-10.00
31,1,-1.00,-1.00,-1.00,-1.00,0.1499,1.0,0.75,0.73,32.64,1.57,26.57,-2.88,-10.00
31,1,-1.00,-1.00,-1.00,-1.00,0.1265,0.92,0.64,0.66,30.63,1.52,21.31,-3.07,-10.00
31,1,-1.00,-1.00,-1.00,-1.00,0.1216,1.8,0.68,0.71,-11.93,1.48,-28.02,-3.06,-10.00
31,1,-1.00,-1.00,-1.00,-1.00,0.1203,1.5,0.77,0.82,-21.41,0.22,-16.86,0.20,-10.00
31,1,-1.00,-1.00,-1.00,-1.00,0.1043,1.8,0.66,0.69,-45.79,-0.75,15.56,0.97,-10.00
32,1,-1.00,-1.00,-1.00,-1.00,0.4295,1.8,0.71,0.77,23.78,1.53,9.80,2.63,-10.00
32,1,-1.00,-1.00,-1.00,-1.00,0.4126,1.8,0.66,0.71,25.38,1.55,8.91,-2.26,-10.00
32,1,-1.00,-1.00,-1.00,-1.00,0.2931,1.8,0.64,0.64,-42.89,-0.44,17.90,-2.29,-10.00
32,1,-1.00,-1.00,-1.00,-1.00,0.2639,1.4,0.65,0.68,-24.17,0.82,-23.27,0.22,-10.00
32,1,-1.00,-1.00,-1.00,-1.00,0.1991,1.8,0.64,0.68,-48.16,-0.82,23.18,0.67,-10.00
32,1,-1.00,-1.00,-1.00,-1.00,0.1857,1.8,0.68,0.64,-43.79,-0.55,16.82,-2.69,-10.00
32,1,-1.00,-1.00,-1.00,-1.00,0.1751,1.7,0.60,0.62,-46.86,-0.83,24.10,0.81,-10.00
32,1,-1.00,-1.00,-1.00,-1.00,0.1688,1.8,0.60,0.60,-44.08,-0.48,17.58,-2.58,-10.00
32,1,-1.00,-1.00,-1.00,-1.00,0.1608,1.7,0.58,0.59,-47.69,-0.89,23.93,0.75,-10.00
32,1,-1.00,-1.00,-1.00,-1.00,0.1560,0.86,0.65,0.72,32.57,1.21,14.91,-2.72,-10.00
32,1,-1.00,-1.00,-1.00,-1.00,0.1528,1.1,0.60,0.65,31.50,1.44,12.62,-2.84,-10.00
32,1,-1.00,-1.00,-1.00,-1.00,0.1346,1.7,0.66,0.61,-25.10,0.06,-23.66,0.16,-10.00
32,1,0.00,444.15,17.93,528.08,0.1248,1.5,0.61,0.65,-15.30,0.67,23.46,1.50,-10.00
32,1,-1.00,-1.00,-1.00,-1.00,0.1125,1.7,0.56,0.59,-47.31,-0.91,23.99,0.77,-10.00
33,1,-1.00,-1.00,-1.00,-1.00,0.3821,1.9,0.72,0.63,26.15,0.52,2.60,-3.00,-10.00
33,1,-1.00,-1.00,-1.00,-1.00,0.3809,1.8,0.80,0.82,24.53,0.74,3.39,3.06,-10.00
33,1,-1.00,-1.00,-1.00,-1.00,0.3007,1.7,0.60,0.63,-43.25,1.05,26.37,1.18,-10.00
33,1,-1.00,-1.00,-1.00,-1.00,0.2872,1.9,0.80,0.84,-40.85,0.98,20.82,-2.44,-10.00
33,1,-1.00,-1.00,-1.00,-1.00,0.2659,1.8,0.72,0.82,7.24,1.14,-49.01,0.13,-10.00
33,1,-1.00,-1.00,-1.00,-1.00,0.2645,1.8,0.61,0.60,-44.02,0.99,26.36,1.14,-10.00
33,1,-1.00,-1.00,-1.00,-1.00,0.2559,1.8,0.64,0.64,-44.55,1.01,25.66,1.09,-10.00
33,1,-1.00,-1.00,-1.00,-1.00,0.1364,1.2,0.64,0.74,34.55,0.66,8.52,-2.47,-10.00
33,1,-1.00,-1.00,-1.00,-1.00,0.1150,1.8,0.76,0.75,-46.04,1.14,25.20,-3.01,-10.00
34,1,-1.00,-1.00,-1.00,-1.00,0.5511,1.8,0.73,0.62,26.20,0.60,-1.84,-2.74,-10.00
34,1,-1.00,-1.00,-1.00,-1.00,0.4376,1.8,0.76,0.88,24.54,0.81,-1.42,1.92,-10.00
34,1,-1.00,-1.00,-1.00,-1.00,0.2827,1.8,0.65,0.71,2.91,0.67,-50.95,-1.34,-10.00
34,1,-1.00,-1.00,-1.00,-1.00,0.2806,1.8,0.68,0.67,-38.96,1.62,23.09,-2.47,-10.00
34,1,-1.00,-1.00,-1.00,-1.00,0.2264,1.8,0.63,0.65,-41.71,1.57,27.19,1.06,-10.00
34,1,-1.00,-1.00,-1.00,-1.00,0.2137,1.8,0.57,0.59,-40.98,1.55,27.95,1.30,-10.00
34,1,-1.00,-1.00,-1.00,-1.00,0.1938,1.7,0.57,0.61,-40.40,1.57,27.89,1.42,-10.00
34,1,-1.00,-1.00,-1.00,-1.00,0.1809,1.2,0.64,0.66,34.61,0.55,2.56,-2.83,-10.00
34,1,-1.00,-1.00,-1.00,-1.00,0.1646,1.4,0.71,0.71,-33.72,1.06,16.41,-3.13,-10.00
34,1,648.60,439.04,686.21,538.39,0.1410,1.7,0.60,0.56,-2.65,0.83,22.55,1.36,-10.00
34,1,-1.00,-1.00,-1.00,-1.00,0.1368,1.8,0.59,0.60,-41.25,1.53,27.60,1.13,-10.00
34,1,-1.00,-1.00,-1.00,-1.00,0.1062,1.8,0.68,0.65,40.32,0.53,12.93,-2.81,-10.00
35,1,-1.00,-1.00,-1.00,-1.00,0.3758,1.8,0.68,0.72,24.17,0.97,-5.09,2.13,-10.00
35,1,-1.00,-1.00,-1.00,-1.00,0.2552,1.7,0.59,0.61,-37.70,1.42,29.08,1.76,-10.00
35,1,-1.00,-1.00,-1.00,-1.00,0.2222,1.8,0.61,0.62,-38.44,1.45,29.13,1.80,-10.00
35,1,-1.00,-1.00,-1.00,-1.00,0.2108,1.9,0.79,0.74,-47.71,2.13,38.78,-2.38,-10.00
35,1,-1.00,-1.00,-1.00,-1.00,0.1981,1.7,0.63,0.65,-13.56,1.97,-22.94,2.03,-10.00
35,1,-1.00,-1.00,-1.00,-1.00,0.1918,1.7,0.62,0.65,-38.97,1.50,28.49,2.09,-10.00
35,1,-1.00,-1.00,-1.00,-1.00,0.1475,1.7,0.62,0.67,-37.25,1.51,24.78,3.03,-10.00
35,1,-1.00,-1.00,-1.00,-1.00,0.1426,1.8,0.58,0.55,42.96,0.21,7.64,-1.87,-10.00
35,1,-1.00,-1.00,-1.00,-1.00,0.1350,1.7,0.64,0.62,-13.79,1.65,13.87,-2.28,-10.00
35,1,-1.00,-1.00,-1.00,-1.00,0.1340,1.8,0.73,0.72,-41.70,1.50,28.79,-0.18,-10.00
35,1,-1.00,-1.00,-1.00,-1.00,0.1332,1.8,0.73,0.74,-41.25,1.59,29.15,3.04,-10.00
35,1,-1.00,-1.00,-1.00,-1.00,0.1273,1.7,0.61,0.65,-38.10,1.43,28.87,1.95,-10.00
35,1,-1.00,-1.00,-1.00,-1.00,0.1257,1.8,0.64,0.58,44.07,0.26,-17.04,-1.16,-10.00
35,1,-1.00,-1.00,-1.00,-1.00,0.1204,1.5,0.60,0.58,33.69,0.55,-5.42,0.61,-10.00
35,1,-1.00,-1.00,-1.00,-1.00,0.1110,1.7,0.67,0.72,-40.91,1.60,29.47,3.11,-10.00
36,1,-1.00,-1.00,-1.00,-1.00,0.3263,1.8,0.66,0.60,25.82,1.16,-7.50,-3.07,-10.00
36,1,-1.00,-1.00,-1.00,-1.00,0.2512,1.8,0.61,0.66,-36.52,1.08,29.51,1.48,-10.00
36,1,-1.00,-1.00,-1.00,-1.00,0.2365,1.6,0.62,0.66,-31.48,0.83,-20.91,-2.73,-10.00
36,1,-1.00,-1.00,-1.00,-1.00,0.2218,1.8,0.76,0.83,23.70,1.17,-7.20,2.84,-10.00
36,1,-1.00,-1.00,-1.00,-1.00,0.2186,1.7,0.67,0.71,-13.33,1.55,13.38,1.56,-10.00
36,1,-1.00,-1.00,-1.00,-1.00,0.2172,1.7,0.64,0.55,-10.19,1.72,8.94,2.62,-10.00
36,1,-1.00,-1.00,-1.00,-1.00,0.2085,1.8,0.63,0.64,-36.17,1.08,26.30,-2.20,-10.00
36,1,-1.00,-1.00,-1.00,-1.00,0.1984,1.7,0.58,0.62,-37.36,1.05,29.13,1.64,-10.00
36,1,-1.00,-1.00,-1.00,-1.00,0.1756,1.9,0.86,0.93,-46.37,1.08,39.98,-3.01,-10.00
36,1,-1.00,-1.00,-1.00,-1.00,0.1682,1.1,0.66,0.88,33.05,1.12,-6.21,-2.20,-10.00
36,1,-1.00,-1.00,-1.00,-1.00,0.1682,1.7,0.63,0.59,-32.62,0.23,-21.23,0.37,-10.00
36,1,-1.00,-1.00,-1.00,-1.00,0.1524,1.7,0.58,0.61,-36.17,1.16,29.23,1.47,-10.00
36,1,-1.00,-1.00,-1.00,-1.00,0.1430,1.7,0.68,0.67,-23.14,2.28,-31.32,-0.67,-10.00
36,1,-1.00,-1.00,-1.00,-1.00,0.1270,1.7,0.55,0.57,-36.86,1.07,29.25,1.56,-10.00
36,1,-1.00,-1.00,-1.00,-1.00,0.1130,1.5,0.58,0.62,-25.30,1.53,10.69,-3.08,-10.00
36,1,-1.00,-1.00,-1.00,-1.00,0.1108,1.8,0.62,0.62,-8.52,1.71,9.48,-2.07,-10.00
36,1,-1.00,-1.00,-1.00,-1.00,0.1072,1.7,0.67,0.66,-39.34,1.39,30.00,1.61,-10.00
36,1,-1.00,-1.00,-1.00,-1.00,0.1035,1.8,0.55,0.60,-20.19,-0.41,0.74,1.57,-10.00
36,1,-1.00,-1.00,-1.00,-1.00,0.1017,1.8,0.61,0.57,43.24,0.33,-19.90,2.09,-10.00
36,1,-1.00,-1.00,-1.00,-1.00,0.1016,1.8,0.65,0.71,-37.19,-1.27,-50.05,1.98,-10.00
37,1,-1.00,-1.00,-1.00,-1.00,0.4263,1.8,0.71,0.82,23.04,1.31,-9.42,2.46,-10.00
37,1,-1.00,-1.00,-1.00,-1.00,0.3216,1.8,0.67,0.57,25.50,1.21,-9.57,-2.99,-10.00
37,1,-1.00,-1.00,-1.00,-1.00,0.2801,1.7,0.57,0.60,-34.39,0.97,29.93,1.02,-10.00
37,1,-1.00,-1.00,-1.00,-1.00,0.2734,1.8,0.58,0.61,-35.22,0.90,29.63,1.09,-10.00
37,1,-1.00,-1.00,-1.00,-1.00,0.2318,1.8,0.63,0.68,-35.76,0.86,29.25,1.10,-10.00
37,1,-1.00,-1.00,-1.00,-1.00,0.2281,1.7,0.60,0.62,-9.71,1.64,8.33,2.93,-10.00
37,1,-1.00,-1.00,-1.00,-1.00,0.2171,1.8,0.65,0.68,-35.34,0.89,27.17,-2.15,-10.00
37,1,-1.00,-1.00,-1.00,-1.00,0.1831,1.9,0.78,0.80,-44.78,0.38,40.80,0.93,-10.00
37,1,-1.00,-1.00,-1.00,-1.00,0.1726,1.8,0.70,0.73,-30.50,0.61,18.82,2.43,-10.00
37,1,-1.00,-1.00,-1.00,-1.00,0.1209,1.8,0.69,0.66,-30.90,0.80,19.12,-0.79,-10.00
37,1,-1.00,-1.00,-1.00,-1.00,0.1123,1.7,0.64,0.64,-12.67,1.47,13.06,0.57,-10.00
38,1,-1.00,-1.00,-1.00,-1.00,0.3170,1.8,0.66,0.58,25.10,1.06,-11.40,-3.11,-10.00
38,1,-1.00,-1.00,-1.00,-1.00,0.2891,1.7,0.58,0.63,-32.98,1.08,29.93,1.07,-10.00
38,1,-1.00,-1.00,-1.00,-1.00,0.2739,1.8,0.64,0.69,-34.39,1.18,29.57,0.97,-10.00
38,1,-1.00,-1.00,-1.00,-1.00,0.2229,1.8,0.62,0.63,-34.58,1.09,28.43,-2.22,-10.00
38,1,-1.00,-1.00,-1.00,-1.00,0.2116,1.7,0.58,0.61,-33.72,1.07,29.99,1.02,-10.00
38,1,-1.00,-1.00,-1.00,-1.00,0.2049,1.8,0.72,0.93,22.25,1.30,-11.41,2.53,-10.00
38,1,-1.00,-1.00,-1.00,-1.00,0.1642,1.7,0.59,0.58,-9.39,1.57,7.93,-0.24,-10.00
38,1,-1.00,-1.00,-1.00,-1.00,0.1376,1.7,0.62,0.70,40.03,1.29,42.50,2.55,-10.00
38,1,-1.00,-1.00,-1.00,-1.00,0.1272,1.7,0.68,0.67,-38.02,0.70,35.63,0.74,-10.00
38,1,-1.00,-1.00,-1.00,-1.00,0.1198,1.7,0.64,0.61,-38.36,0.65,36.30,1.84,-10.00
39,1,-1.00,-1.00,-1.00,-1.00,0.3217,1.8,0.64,0.62,24.63,1.15,-13.39,-2.88,-10.00
39,1,-1.00,-1.00,-1.00,-1.00,0.3075,1.7,0.63,0.68,-32.59,1.01,29.54,1.09,-10.00
39,1,-1.00,-1.00,-1.00,-1.00,0.2928,1.7,0.66,0.69,21.79,1.45,-13.48,-0.82,-10.00
39,1,-1.00,-1.00,-1.00,-1.00,0.2876,1.8,0.63,0.67,-31.35,1.08,29.83,1.13,-10.00
39,1,-1.00,-1.00,-1.00,-1.00,0.2659,1.8,0.61,0.64,-33.63,0.99,29.85,-2.02,-10.00
39,1,-1.00,-1.00,-1.00,-1.00,0.1437,1.7,0.64,0.67,21.44,1.43,-13.72,-0.84,-10.00
39,1,-1.00,-1.00,-1.00,-1.00,0.1130,1.8,0.67,0.67,-29.36,0.50,17.21,0.93,-10.00
39,1,-1.00,-1.00,-1.00,-1.00,0.1068,1.7,0.63,0.66,-35.33,0.61,32.41,0.80,-10.00
39,1,-1.00,-1.00,-1.00,-1.00,0.1014,1.4,0.65,0.64,-32.11,1.15,24.41,-0.39,-10.00
