0,1,-1.00,-1.00,-1.00,-1.00,0.4042,1.8,0.66,0.65,-21.15,1.94,-23.19,1.62,-10.00
0,1,-1.00,-1.00,-1.00,-1.00,0.4016,1.8,0.72,0.67,-22.44,2.02,-23.61,-1.46,-10.00
0,1,-1.00,-1.00,-1.00,-1.00,0.3476,1.8,0.53,0.52,9.95,0.88,-12.33,1.68,-10.00
0,1,-1.00,-1.00,-1.00,-1.00,0.3312,1.8,0.57,0.56,10.84,0.83,-12.29,1.61,-10.00
0,1,-1.00,-1.00,-1.00,-1.00,0.2487,1.8,0.61,0.68,-19.93,1.94,-23.21,-1.47,-10.00
0,1,-1.00,-1.00,-1.00,-1.00,0.2233,1.9,0.80,0.88,-19.88,2.20,-15.13,-1.54,-10.00
0,1,-1.00,-1.00,-1.00,-1.00,0.2211,1.8,0.65,0.73,-20.47,2.17,-25.17,-1.48,-10.00
0,1,-1.00,-1.00,-1.00,-1.00,0.2033,1.8,0.55,0.55,9.15,1.01,-12.19,1.68,-10.00
0,1,-1.00,-1.00,-1.00,-1.00,0.1745,1.8,0.59,0.57,-25.06,2.28,-32.48,-1.47,-10.00
0,1,-1.00,-1.00,-1.00,-1.00,0.1584,1.7,0.51,0.53,11.30,0.82,-12.30,-1.51,-10.00
0,1,-1.00,-1.00,-1.00,-1.00,0.1196,1.9,0.64,0.59,-26.83,2.19,-31.49,-1.69,-10.00
0,1,-1.00,-1.00,-1.00,-1.00,0.1037,1.8,0.56,0.52,-5.03,1.16,-30.07,-1.56,-10.00
1,1,-1.00,-1.00,-1.00,-1.00,0.4967,1.8,0.64,0.67,8.73,0.90,-17.10,1.58,-10.00
1,1,-1.00,-1.00,-1.00,-1.00,0.4712,1.8,0.69,0.71,-20.06,2.14,-26.52,-1.41,-10.00
1,1,-1.00,-1.00,-1.00,-1.00,0.4628,1.9,0.68,0.66,-21.35,2.19,-26.45,-1.40,-10.00
1,1,-1.00,-1.00,-1.00,-1.00,0.4595,1.8,0.66,0.72,-20.87,2.20,-28.39,-1.47,-10.00
1,1,-1.00,-1.00,-1.00,-1.00,0.4051,1.8,0.59,0.69,10.49,0.77,-16.01,-1.54,-10.00
1,1,-1.00,-1.00,-1.00,-1.00,0.3889,1.8,0.73,0.85,9.88,1.06,0.19,1.68,-10.00
1,1,-1.00,-1.00,-1.00,-1.00,0.3704,1.8,0.64,0.74,9.63,0.85,-16.16,-1.59,-10.00
1,1,-1.00,-1.00,-1.00,-1.00,0.3174,1.9,0.72,0.71,-23.22,2.15,-27.96,2.00,-10.00
1,1,-1.00,-1.00,-1.00,-1.00,0.3140,1.8,0.64,0.68,-19.95,2.08,-19.73,1.58,-10.00
1,1,-1.00,-1.00,-1.00,-1.00,0.2341,1.8,0.66,0.69,-25.42,2.25,-35.69,-1.44,-10.00
1,1,-1.00,-1.00,-1.00,-1.00,0.2280,1.8,0.68,0.71,-20.42,2.11,-19.92,1.62,-10.00
1,1,-1.00,-1.00,-1.00,-1.00,0.1168,1.8,0.76,0.85,12.69,0.49,-35.79,0.03,-10.00
1,1,-1.00,-1.00,-1.00,-1.00,0.1109,1.8,0.66,0.66,-22.79,2.14,-25.60,-1.45,-10.00
2,1,-1.00,-1.00,-1.00,-1.00,0.4801,1.7,0.57,0.59,10.31,0.62,-19.55,-1.57,-10.00
2,1,-1.00,-1.00,-1.00,-1.00,0.4145,1.8,0.68,0.78,9.73,0.99,-4.58,1.65,-10.00
2,1,-1.00,-1.00,-1.00,-1.00,0.3537,1.8,0.59,0.65,-20.94,1.73,-24.39,1.62,-10.00
2,1,-1.00,-1.00,-1.00,-1.00,0.3524,1.8,0.57,0.64,-20.34,1.78,-24.36,1.64,-10.00
2,1,-1.00,-1.00,-1.00,-1.00,0.3505,1.8,0.71,0.77,-23.71,1.92,-32.33,1.76,-10.00
2,1,-1.00,-1.00,-1.00,-1.00,0.3499,1.8,0.66,0.69,8.31,0.92,-21.89,1.80,-10.00
2,1,-1.00,-1.00,-1.00,-1.00,0.3460,1.8,0.71,0.74,9.48,0.70,-19.60,-1.55,-10.00
2,1,-1.00,-1.00,-1.00,-1.00,0.3357,1.8,0.67,0.68,-21.35,2.01,-29.74,-1.43,-10.00
2,1,-1.00,-1.00,-1.00,-1.00,0.3284,1.8,0.68,0.73,-20.03,1.88,-29.74,-1.33,-10.00
2,1,-1.00,-1.00,-1.00,-1.00,0.3051,1.8,0.64,0.69,-20.98,1.88,-31.69,-1.49,-10.00
2,1,-1.00,-1.00,-1.00,-1.00,0.2483,1.9,0.76,0.79,-27.88,2.62,-40.28,1.62,-10.00
2,1,574.86,495.48,603.40,559.49,0.1286,1.8,0.67,0.72,-6.72,2.52,35.48,-1.57,-10.00
3,1,-1.00,-1.00,-1.00,-1.00,0.5593,1.8,0.66,0.66,9.15,0.71,-23.01,-1.56,-10.00
3,1,-1.00,-1.00,-1.00,-1.00,0.5058,1.8,0.69,0.71,-21.39,1.93,-32.85,-1.34,-10.00
3,1,-1.00,-1.00,-1.00,-1.00,0.4274,1.9,0.77,0.92,9.65,1.12,-9.13,1.59,-10.00
3,1,-1.00,-1.00,-1.00,-1.00,0.3988,1.8,0.64,0.65,-20.06,1.76,-32.86,-1.32,-10.00
3,1,-1.00,-1.00,-1.00,-1.00,0.3977,1.8,0.65,0.70,10.01,0.67,-22.98,-1.61,-10.00
3,1,-1.00,-1.00,-1.00,-1.00,0.3962,1.8,0.69,0.74,7.87,0.83,-26.65,1.70,-10.00
3,1,-1.00,-1.00,-1.00,-1.00,0.2610,1.8,0.69,0.73,-24.16,2.02,-36.43,1.65,-10.00
3,1,-1.00,-1.00,-1.00,-1.00,0.2511,1.9,0.68,0.71,-21.40,1.99,-29.13,1.75,-10.00
3,1,-1.00,-1.00,-1.00,-1.00,0.1945,1.9,0.80,0.86,-28.35,2.42,-44.71,1.68,-10.00
3,1,-1.00,-1.00,-1.00,-1.00,0.1940,1.8,0.68,0.73,-26.15,2.32,-41.61,-1.49,-10.00
3,1,-1.00,-1.00,-1.00,-1.00,0.1688,1.8,0.64,0.74,-23.86,2.09,-36.77,1.64,-10.00
3,1,-1.00,-1.00,-1.00,-1.00,0.1537,1.9,0.64,0.69,-20.96,1.98,-28.84,1.77,-10.00
3,1,-1.00,-1.00,-1.00,-1.00,0.1501,1.8,0.60,0.70,-21.01,2.05,-34.87,-1.51,-10.00
3,1,-1.00,-1.00,-1.00,-1.00,0.1138,1.6,0.66,0.73,23.12,0.48,9.74,1.52,-10.00
3,1,-1.00,-1.00,-1.00,-1.00,0.1116,1.8,0.63,0.72,-21.04,2.05,-35.53,1.57,-10.00
3,1,-1.00,-1.00,-1.00,-1.00,0.1086,1.8,0.70,0.70,11.69,0.09,-43.91,3.12,-10.00
4,1,-1.00,-1.00,-1.00,-1.00,0.4525,1.9,0.74,0.84,9.22,1.05,-13.40,1.70,-10.00
4,1,-1.00,-1.00,-1.00,-1.00,0.3848,1.8,0.66,0.70,-20.22,1.87,-35.59,-1.35,-10.00
4,1,-1.00,-1.00,-1.00,-1.00,0.3730,1.8,0.62,0.61,8.81,0.77,-25.99,-1.54,-10.00
4,1,-1.00,-1.00,-1.00,-1.00,0.3184,1.8,0.66,0.70,-22.22,1.92,-33.15,1.83,-10.00
4,1,-1.00,-1.00,-1.00,-1.00,0.2766,1.9,0.73,0.73,-21.46,1.99,-35.54,-1.37,-10.00
4,1,-1.00,-1.00,-1.00,-1.00,0.2643,1.8,0.62,0.67,-26.27,2.24,-44.32,-1.37,-10.00
4,1,-1.00,-1.00,-1.00,-1.00,0.2601,1.8,0.59,0.61,9.65,0.73,-25.94,-1.55,-10.00
4,1,-1.00,-1.00,-1.00,-1.00,0.2465,1.8,0.61,0.68,-21.75,2.10,-37.30,-1.52,-10.00
4,1,-1.00,-1.00,-1.00,-1.00,0.2401,1.8,0.73,0.76,7.38,0.88,-30.79,1.72,-10.00
4,1,-1.00,-1.00,-1.00,-1.00,0.1363,1.8,0.72,0.76,-29.06,2.30,-48.29,1.69,-10.00
4,1,-1.00,-1.00,-1.00,-1.00,0.1083,1.8,0.67,0.65,3.68,0.40,-40.30,0.07,-10.00
5,1,-1.00,-1.00,-1.00,-1.00,0.3415,1.9,0.74,0.72,8.67,0.95,-29.12,-1.56,-10.00
5,1,-1.00,-1.00,-1.00,-1.00,0.3226,1.9,0.75,0.85,8.90,0.90,-17.84,1.60,-10.00
5,1,-1.00,-1.00,-1.00,-1.00,0.3185,1.8,0.65,0.73,6.63,0.53,-35.18,1.72,-10.00
5,1,-1.00,-1.00,-1.00,-1.00,0.3182,1.8,0.67,0.73,-20.27,1.80,-38.37,-1.04,-10.00
5,1,-1.00,-1.00,-1.00,-1.00,0.3107,1.9,0.72,0.74,-23.05,1.90,-37.66,1.76,-10.00
5,1,-1.00,-1.00,-1.00,-1.00,0.2853,1.8,0.60,0.64,-21.74,1.95,-38.47,-1.30,-10.00
5,1,-1.00,-1.00,-1.00,-1.00,0.2827,1.8,0.64,0.70,9.47,0.94,-29.08,-1.54,-10.00
5,1,-1.00,-1.00,-1.00,-1.00,0.2750,1.9,0.71,0.73,-21.84,2.06,-40.09,-1.17,-10.00
5,1,-1.00,-1.00,-1.00,-1.00,0.2055,1.8,0.57,0.63,-25.00,1.87,-44.45,1.68,-10.00
5,1,-1.00,-1.00,-1.00,-1.00,0.1361,1.8,0.54,0.62,-24.76,1.88,-44.72,1.62,-10.00
5,1,-1.00,-1.00,-1.00,-1.00,0.1237,1.8,0.56,0.61,-26.73,1.96,-47.25,-1.55,-10.00
5,1,-1.00,-1.00,-1.00,-1.00,0.1141,1.9,0.77,0.94,9.12,1.08,-28.78,-1.56,-10.00
5,1,-1.00,-1.00,-1.00,-1.00,0.1117,1.8,0.60,0.64,-21.41,1.95,-38.12,-1.19,-10.00
6,1,-1.00,-1.00,-1.00,-1.00,0.4692,1.9,0.73,0.70,8.20,0.77,-32.30,-1.51,-10.00
6,1,-1.00,-1.00,-1.00,-1.00,0.3269,1.8,0.66,0.71,9.08,0.83,-32.28,-1.57,-10.00
6,1,-1.00,-1.00,-1.00,-1.00,0.3265,1.9,0.77,0.82,8.42,1.06,-22.18,1.71,-10.00
6,1,-1.00,-1.00,-1.00,-1.00,0.2075,1.9,0.80,0.87,6.11,0.71,-39.79,1.69,-10.00
6,1,-1.00,-1.00,-1.00,-1.00,0.1857,1.9,0.75,0.84,-23.93,1.84,-42.46,1.69,-10.00
6,1,-1.00,-1.00,-1.00,-1.00,0.1716,1.9,0.75,0.70,-24.97,1.45,-43.08,1.67,-10.00
6,1,-1.00,-1.00,-1.00,-1.00,0.1653,1.8,0.72,0.76,-20.92,1.84,-41.26,-1.64,-10.00
6,1,-1.00,-1.00,-1.00,-1.00,0.1453,1.8,0.71,0.78,9.67,0.46,-43.46,1.63,-10.00
6,1,-1.00,-1.00,-1.00,-1.00,0.1201,1.8,0.69,0.74,-22.28,1.99,-43.21,-1.62,-10.00
6,1,-1.00,-1.00,-1.00,-1.00,0.1130,1.8,0.66,0.75,-22.57,1.81,-42.85,-1.59,-10.00
6,1,-1.00,-1.00,-1.00,-1.00,0.1006,1.6,0.50,0.50,8.69,1.43,12.48,1.09,-10.00
7,1,-1.00,-1.00,-1.00,-1.00,0.2906,1.8,0.63,0.70,8.93,0.92,-35.11,-1.58,-10.00
7,1,-1.00,-1.00,-1.00,-1.00,0.2881,1.8,0.71,0.74,-21.04,1.76,-43.91,-1.63,-10.00
7,1,-1.00,-1.00,-1.00,-1.00,0.2830,1.9,0.74,0.73,8.24,1.08,-26.38,1.61,-10.00
7,1,-1.00,-1.00,-1.00,-1.00,0.2122,1.8,0.68,0.69,8.16,0.89,-35.17,-1.56,-10.00
7,1,-1.00,-1.00,-1.00,-1.00,0.1627,1.8,0.69,0.73,-25.44,1.44,-46.33,2.86,-10.00
7,1,-1.00,-1.00,-1.00,-1.00,0.1371,1.9,0.85,1.02,5.41,0.56,-43.88,1.73,-10.00
7,1,-1.00,-1.00,-1.00,-1.00,0.1109,1.8,0.70,0.78,-25.05,1.66,-47.13,-1.76,-10.00
7,1,968.16,463.33,997.79,525.18,0.1008,1.8,0.60,0.66,4.53,1.59,36.25,-2.68,-10.00
8,1,-1.00,-1.00,-1.00,-1.00,0.2934,1.8,0.65,0.64,7.78,1.02,-30.62,1.66,-10.00
8,1,-1.00,-1.00,-1.00,-1.00,0.2707,1.8,0.66,0.77,8.57,1.01,-37.95,-1.57,-10.00
8,1,-1.00,-1.00,-1.00,-1.00,0.2527,1.9,0.77,0.93,7.73,1.01,-38.22,-1.53,-10.00
8,1,-1.00,-1.00,-1.00,-1.00,0.1621,1.9,0.70,0.70,-25.10,1.75,-50.86,1.20,-10.00
8,1,-1.00,-1.00,-1.00,-1.00,0.1475,1.8,0.68,0.72,-21.17,1.99,-46.46,-1.46,-10.00
8,1,-1.00,-1.00,-1.00,-1.00,0.1155,1.9,0.81,0.99,-25.91,1.82,-50.82,1.46,-10.00
9,1,-1.00,-1.00,-1.00,-1.00,0.2067,1.8,0.72,0.77,7.35,0.41,-41.00,-1.55,-10.00
9,1,-1.00,-1.00,-1.00,-1.00,0.2009,1.8,0.67,0.74,7.82,0.36,-41.03,-1.59,-10.00
9,1,-1.00,-1.00,-1.00,-1.00,0.1522,1.8,0.66,0.69,7.16,0.55,-34.22,-1.55,-10.00
9,1,-1.00,-1.00,-1.00,-1.00,0.1224,1.8,0.67,0.82,8.14,0.38,-41.37,-1.58,-10.00
9,1,-1.00,-1.00,-1.00,-1.00,0.1137,1.8,0.73,0.81,31.49,0.44,-32.88,2.68,-10.00
10,1,-1.00,-1.00,-1.00,-1.00,0.3057,1.8,0.73,0.80,6.55,0.68,-38.32,1.72,-10.00
10,1,-1.00,-1.00,-1.00,-1.00,0.1918,1.9,0.74,0.84,6.61,0.63,-43.37,-1.73,-10.00
10,1,-1.00,-1.00,-1.00,-1.00,0.1605,1.8,0.64,0.69,7.67,0.40,-43.41,-1.63,-10.00
10,1,1279.92,458.32,1331.40,563.08,0.1268,1.8,0.55,0.58,8.14,1.57,21.31,-1.73,-10.00
10,1,577.64,464.74,601.88,513.39,0.1054,1.7,0.63,0.80,-8.63,1.57,45.65,-0.08,-10.00
11,1,-1.00,-1.00,-1.00,-1.00,0.3416,1.8,0.72,0.72,6.12,0.62,-45.86,-1.57,-10.00
11,1,-1.00,-1.00,-1.00,-1.00,0.2714,1.8,0.72,0.79,5.80,0.57,-41.94,1.69,-10.00
11,1,-1.00,-1.00,-1.00,-1.00,0.1944,1.8,0.68,0.77,7.26,0.66,-45.61,-1.51,-10.00
11,1,-1.00,-1.00,-1.00,-1.00,0.1379,1.7,0.47,0.52,7.47,1.13,0.58,-1.57,-10.00
12,1,-1.00,-1.00,-1.00,-1.00,0.3084,1.9,0.76,0.84,5.25,0.55,-45.47,1.79,-10.00
12,1,831.53,454.58,854.75,511.69,0.2851,1.8,0.70,0.68,0.55,1.36,41.11,-1.50,-10.00
12,1,-1.00,-1.00,-1.00,-1.00,0.1922,1.8,0.64,0.75,6.92,0.72,-47.88,-1.54,-10.00
12,1,848.70,454.05,868.61,509.89,0.1911,1.8,0.62,0.67,1.05,1.30,41.09,-1.52,-10.00
12,1,-1.00,-1.00,-1.00,-1.00,0.1805,1.9,0.78,0.86,5.78,0.71,-48.16,-1.61,-10.00
12,1,-1.00,-1.00,-1.00,-1.00,0.1004,1.8,0.72,0.87,6.54,0.70,-48.22,-1.60,-10.00
13,1,-1.00,-1.00,-1.00,-1.00,0.3289,1.8,0.65,0.71,6.51,0.45,-49.91,-1.53,-10.00
13,1,-1.00,-1.00,-1.00,-1.00,0.2279,1.8,0.70,0.71,5.56,0.51,-49.88,-1.53,-10.00
13,1,-1.00,-1.00,-1.00,-1.00,0.2099,1.9,0.75,0.85,4.52,0.59,-48.63,1.74,-10.00
14,1,-1.00,-1.00,-1.00,-1.00,0.1517,1.8,0.70,0.68,19.67,0.65,-41.20,0.58,-10.00
14,1,570.21,459.89,598.68,509.65,0.1424,1.8,0.68,0.89,-8.90,1.45,46.06,0.04,-10.00
14,1,-1.00,-1.00,-1.00,-1.00,0.1314,1.8,0.59,0.55,14.09,1.39,16.16,1.53,-10.00
15,1,711.24,409.93,755.51,492.47,0.1474,1.9,0.77,0.79,-2.22,0.52,29.84,-1.18,-10.00
16,1,-1.00,-1.00,-1.00,-1.00,0.1131,1.8,0.58,0.58,5.97,1.37,-11.12,1.61,-10.00
18,1,-1.00,-1.00,-1.00,-1.00,0.1218,1.7,0.54,0.56,7.91,1.61,7.76,1.53,-10.00
22,1,-1.00,-1.00,-1.00,-1.00,0.1092,1.8,0.64,0.66,20.66,0.51,-37.26,1.59,-10.00
24,1,1116.21,470.91,1154.62,550.17,0.2439,1.8,0.71,0.63,7.22,1.87,29.33,-1.55,-10.00
24,1,241.22,494.65,264.93,541.88,0.2430,1.8,0.64,0.62,-22.55,2.82,49.26,-1.64,-10.00
24,1,261.72,493.70,284.43,540.81,0.2164,1.8,0.62,0.60,-21.76,2.78,49.26,-1.64,-10.00
24,1,120.96,472.25,154.13,525.80,0.1864,1.8,0.70,0.76,-23.62,1.91,42.96,-1.62,-10.00
24,1,259.31,492.22,283.84,539.24,0.1229,1.8,0.66,0.72,-22.03,2.75,49.73,-1.63,-10.00
24,1,190.23,493.67,218.04,542.23,0.1054,1.8,0.64,0.75,-22.95,2.66,46.20,1.53,-10.00
24,1,248.28,488.39,272.94,535.30,0.1050,1.8,0.65,0.72,-22.48,2.59,49.77,-1.62,-10.00
25,1,1139.61,480.14,1174.72,561.73,0.2796,1.8,0.63,0.64,7.31,2.02,27.71,-1.45,-10.00
25,1,233.30,499.40,257.98,546.91,0.2681,1.8,0.64,0.65,-22.48,2.97,48.49,-1.62,-10.00
25,1,173.19,491.96,203.15,544.34,0.2255,1.8,0.70,0.71,-22.49,2.61,44.15,1.48,-10.00
25,1,251.74,499.88,275.41,547.37,0.2085,1.8,0.61,0.62,-21.64,2.97,48.16,-1.59,-10.00
25,1,168.11,495.04,197.21,546.31,0.1109,1.8,0.66,0.69,-22.83,2.70,44.43,1.52,-10.00
25,1,229.91,499.60,254.03,546.15,0.1008,1.8,0.61,0.68,-22.78,2.96,48.82,-1.62,-10.00
26,1,1175.40,483.27,1213.88,572.11,0.3194,1.8,0.63,0.55,7.54,2.08,25.69,-1.47,-10.00
26,1,36.05,495.55,70.23,552.54,0.1364,1.8,0.65,0.68,-24.47,2.60,39.65,-0.15,-10.00
26,1,84.34,481.99,117.94,540.11,0.1133,1.8,0.72,0.65,-23.02,2.22,39.76,-0.10,-10.00
27,1,208.26,500.28,236.69,550.40,0.2484,1.8,0.67,0.66,-22.19,2.95,46.03,-1.49,-10.00
27,1,226.48,503.03,252.99,553.27,0.2446,1.8,0.63,0.63,-21.40,3.03,45.70,-1.53,-10.00
27,1,1214.45,480.57,1256.46,575.85,0.1438,1.8,0.57,0.61,7.63,1.96,23.41,1.64,-10.00
27,1,-1.00,-1.00,-1.00,-1.00,0.1326,1.8,0.60,0.69,30.24,1.69,37.98,0.39,-10.00
27,1,121.95,485.17,151.46,537.66,0.1083,1.8,0.69,0.65,-24.08,2.36,43.74,1.41,-10.00
27,1,130.36,501.87,163.18,559.21,0.1066,1.8,0.64,0.68,-21.34,2.79,39.33,1.52,-10.00
28,1,1262.84,461.11,1311.60,569.50,0.3357,1.8,0.61,0.60,7.73,1.66,21.04,-1.42,-10.00
28,1,89.23,489.78,124.00,552.82,0.2866,1.8,0.66,0.70,-20.93,2.40,36.43,1.36,-10.00
28,1,189.36,492.56,220.53,545.00,0.2827,1.8,0.73,0.68,-22.09,2.66,44.53,-1.55,-10.00
28,1,208.45,496.38,236.45,548.59,0.2567,1.8,0.65,0.65,-21.30,2.76,44.17,-1.59,-10.00
28,1,64.56,495.39,99.89,559.60,0.1130,1.8,0.64,0.65,-21.40,2.57,36.02,1.43,-10.00
29,1,1328.73,460.24,1388.33,584.36,0.4760,1.8,0.66,0.60,7.88,1.68,18.59,-1.37,-10.00
29,1,173.96,486.78,205.54,541.33,0.3044,1.8,0.69,0.66,-21.80,2.44,42.89,-1.51,-10.00
29,1,188.41,490.14,219.50,544.26,0.2329,1.8,0.67,0.67,-21.27,2.53,42.81,-1.50,-10.00
29,1,47.58,480.60,86.35,548.52,0.2312,1.8,0.66,0.70,-20.33,2.10,33.55,1.36,-10.00
29,1,173.62,491.58,203.31,544.19,0.1070,1.8,0.64,0.65,-22.01,2.55,43.23,-1.51,-10.00
30,1,1431.20,461.91,1499.36,604.23,0.4725,1.7,0.60,0.65,8.03,1.66,15.75,-2.58,-10.00
30,1,0.00,489.17,21.65,564.83,0.3106,1.8,0.62,0.71,-19.92,2.27,30.13,1.55,-10.00
30,1,170.62,500.01,203.80,556.32,0.2903,1.8,0.68,0.69,-20.85,2.81,40.86,-1.52,-10.00
30,1,204.41,498.72,233.76,547.45,0.2486,1.8,0.70,0.72,-23.27,2.96,48.00,1.70,-10.00
30,1,-1.00,-1.00,-1.00,-1.00,0.2313,1.8,0.75,0.78,-35.56,2.44,11.44,3.06,-10.00
30,1,151.98,498.93,185.11,554.60,0.2116,1.8,0.68,0.69,-21.64,2.77,41.21,-1.52,-10.00
30,1,22.96,489.21,61.10,552.23,0.1754,1.8,0.73,0.63,-23.07,2.41,36.85,1.39,-10.00
30,1,1543.30,447.50,1585.74,512.19,0.1068,1.8,0.65,0.73,20.97,1.19,35.60,1.31,-10.00
31,1,-1.00,-1.00,-1.00,-1.00,0.3228,1.8,0.61,0.64,-19.56,2.41,26.94,1.46,-10.00
31,1,150.62,505.96,184.48,564.56,0.3119,1.8,0.65,0.67,-20.59,2.94,39.15,-1.50,-10.00
31,1,127.90,504.59,162.92,562.57,0.2615,1.8,0.67,0.70,-21.39,2.90,39.35,-1.53,-10.00
31,1,170.42,498.46,199.56,549.62,0.1623,1.8,0.69,0.71,-22.99,2.85,44.90,1.47,-10.00
32,1,-1.00,-1.00,-1.00,-1.00,0.3607,1.8,0.65,0.74,-19.22,2.32,23.63,1.53,-10.00
32,1,107.80,505.20,144.32,566.42,0.3215,1.8,0.65,0.69,-21.05,2.89,37.65,-1.50,-10.00
32,1,-1.00,-1.00,-1.00,-1.00,0.2973,1.8,0.61,0.63,8.25,1.54,10.12,-3.08,-10.00
32,1,127.68,510.16,161.19,571.87,0.2776,1.8,0.61,0.63,-20.24,3.01,37.17,-1.55,-10.00
32,1,956.39,443.99,982.14,496.64,0.1044,1.8,0.67,0.68,5.05,0.93,44.36,-0.27,-10.00
33,1,-1.00,-1.00,-1.00,-1.00,0.5862,1.8,0.59,0.58,8.17,1.58,7.28,-1.45,-10.00
33,1,-1.00,-1.00,-1.00,-1.00,0.4316,1.8,0.68,0.78,-18.83,2.40,20.42,1.55,-10.00
33,1,113.76,510.14,146.52,573.30,0.2777,1.8,0.54,0.61,-19.79,2.92,35.61,-1.53,-10.00
33,1,88.59,506.15,125.86,569.46,0.2074,1.8,0.61,0.69,-20.64,2.84,35.95,-1.48,-10.00
33,1,104.52,508.95,139.77,567.52,0.2040,1.8,0.66,0.73,-21.81,3.01,38.80,1.53,-10.00
33,1,97.50,505.34,132.77,569.18,0.1211,1.8,0.59,0.63,-20.22,2.81,35.62,-1.51,-10.00
33,1,75.17,505.28,115.06,569.85,0.1067,1.8,0.65,0.71,-20.63,2.80,35.34,-1.50,-10.00
34,1,-1.00,-1.00,-1.00,-1.00,0.6493,1.8,0.62,0.60,8.24,1.54,4.21,-1.55,-10.00
34,1,-1.00,-1.00,-1.00,-1.00,0.3651,1.8,0.58,0.66,-18.68,2.34,16.88,1.65,-10.00
34,1,84.69,511.40,119.35,578.51,0.2491,1.8,0.56,0.67,-19.40,2.89,33.55,-1.72,-10.00
34,1,59.15,506.34,94.08,573.79,0.2458,1.8,0.62,0.71,-20.29,2.79,33.90,-1.87,-10.00
34,1,59.23,510.70,94.26,575.05,0.1960,1.8,0.67,0.68,-21.33,2.97,35.65,1.28,-10.00
34,1,1019.90,460.13,1040.07,508.69,0.1578,1.8,0.65,0.76,7.64,1.44,47.06,1.64,-10.00
34,1,-1.00,-1.00,-1.00,-1.00,0.1334,1.7,0.56,0.55,-19.53,2.49,16.77,1.65,-10.00
34,1,1450.66,428.21,1482.71,477.89,0.1240,1.9,0.76,0.72,24.74,0.29,48.43,2.88,-10.00
34,1,-1.00,-1.00,-1.00,-1.00,0.1176,1.8,0.69,0.71,6.72,0.64,-29.37,0.17,-10.00
34,1,68.16,508.06,106.45,575.96,0.1167,1.8,0.63,0.77,-19.84,2.83,33.64,-1.77,-10.00
35,1,-1.00,-1.00,-1.00,-1.00,0.5616,1.8,0.59,0.61,8.20,1.48,1.03,-1.42,-10.00
35,1,-1.00,-1.00,-1.00,-1.00,0.4047,1.8,0.65,0.78,-18.45,2.24,13.33,1.67,-10.00
35,1,25.38,511.21,67.02,582.55,0.3592,1.8,0.60,0.65,-19.88,2.85,31.92,-1.50,-10.00
35,1,45.23,512.31,85.51,583.95,0.2896,1.8,0.58,0.64,-19.14,2.85,31.51,-1.56,-10.00
35,1,0.00,513.51,39.24,585.48,0.2621,1.8,0.67,0.71,-20.73,2.94,32.06,1.57,-10.00
35,1,-1.00,-1.00,-1.00,-1.00,0.2057,1.8,0.64,0.70,26.20,0.30,41.23,1.07,-10.00
35,1,-1.00,-1.00,-1.00,-1.00,0.1606,1.9,0.71,0.71,13.46,1.01,-4.00,1.73,-10.00
35,1,1593.34,417.31,1600.00,474.81,0.1346,1.8,0.69,0.67,25.40,0.14,40.53,-0.24,-10.00
35,1,1042.77,442.27,1082.80,508.42,0.1339,1.8,0.70,0.83,6.69,1.08,35.50,-0.59,-10.00
35,1,-1.00,-1.00,-1.00,-1.00,0.1336,1.8,0.66,0.73,45.10,0.08,10.63,-2.57,-10.00
35,1,-1.00,-1.00,-1.00,-1.00,0.1247,1.8,0.67,0.70,26.65,0.33,39.61,-1.30,-10.00
35,1,1520.20,423.67,1555.17,476.89,0.1221,1.9,0.73,0.73,25.47,0.23,44.88,-0.19,-10.00
35,1,1536.25,424.24,1571.45,476.11,0.1058,1.8,0.69,0.78,25.87,0.20,44.57,0.01,-10.00
36,1,-1.00,-1.00,-1.00,-1.00,0.7073,1.8,0.59,0.61,8.10,1.45,-2.30,-1.39,-10.00
36,1,-1.00,-1.00,-1.00,-1.00,0.3742,1.8,0.70,0.85,-18.19,2.22,9.98,1.74,-10.00
36,1,11.45,519.01,56.78,596.19,0.3414,1.8,0.58,0.67,-18.64,2.95,29.49,-1.49,-10.00
36,1,-1.00,-1.00,-1.00,-1.00,0.3099,1.8,0.70,0.81,-20.25,3.08,28.67,1.72,-10.00
36,1,0.00,519.15,36.41,595.55,0.3085,1.8,0.61,0.73,-19.42,2.97,29.89,-1.50,-10.00
36,1,0.00,519.15,41.55,595.62,0.1828,1.8,0.60,0.71,-19.12,2.95,29.62,-1.48,-10.00
36,1,-1.00,-1.00,-1.00,-1.00,0.1441,1.8,0.63,0.70,27.44,0.04,35.72,-1.41,-10.00
36,1,0.00,537.14,17.20,585.15,0.1233,1.8,0.74,0.77,-31.65,4.40,48.12,1.24,-10.00
37,1,-1.00,-1.00,-1.00,-1.00,0.5067,1.8,0.61,0.74,-18.13,2.24,6.36,1.70,-10.00
37,1,-1.00,-1.00,-1.00,-1.00,0.4471,1.8,0.70,0.81,-19.51,2.66,25.27,1.63,-10.00
37,1,-1.00,-1.00,-1.00,-1.00,0.4262,1.8,0.61,0.59,8.06,1.46,-5.74,-0.06,-10.00
37,1,-1.00,-1.00,-1.00,-1.00,0.3810,1.8,0.56,0.65,-18.79,2.55,27.65,-1.47,-10.00
37,1,0.00,508.56,16.18,589.08,0.2881,1.7,0.54,0.62,-18.17,2.58,27.31,-1.49,-10.00
37,1,-1.00,-1.00,-1.00,-1.00,0.1604,1.8,0.67,0.67,27.86,-0.26,33.32,0.95,-10.00
37,1,-1.00,-1.00,-1.00,-1.00,0.1440,1.8,0.69,0.68,28.17,-0.10,31.98,-1.58,-10.00
37,1,-1.00,-1.00,-1.00,-1.00,0.1360,1.8,0.69,0.78,-30.82,4.04,45.69,-3.08,-10.00
38,1,-1.00,-1.00,-1.00,-1.00,0.5063,1.8,0.64,0.77,-18.20,2.21,2.88,1.75,-10.00
38,1,-1.00,-1.00,-1.00,-1.00,0.4827,1.8,0.66,0.72,-18.78,2.79,21.95,1.53,-10.00
38,1,-1.00,-1.00,-1.00,-1.00,0.3631,1.8,0.62,0.67,7.72,1.30,-9.21,-1.36,-10.00
38,1,-1.00,-1.00,-1.00,-1.00,0.3491,1.7,0.55,0.63,-17.41,2.74,25.25,-1.54,-10.00
38,1,-1.00,-1.00,-1.00,-1.00,0.2838,1.8,0.61,0.66,-18.17,2.72,25.61,-1.53,-10.00
38,1,-1.00,-1.00,-1.00,-1.00,0.1832,1.8,0.72,0.82,-21.32,2.37,9.57,-1.26,-10.00
38,1,-1.00,-1.00,-1.00,-1.00,0.1206,1.6,0.71,0.96,-21.64,2.44,9.95,-1.28,-10.00
38,1,1303.95,430.88,1340.43,503.51,0.1188,1.8,0.61,0.65,12.42,0.83,31.42,-3.07,-10.00
38,1,1281.77,477.11,1325.00,568.02,0.1075,1.8,0.65,0.75,9.66,1.98,25.41,1.76,-10.00
38,1,-1.00,-1.00,-1.00,-1.00,0.1041,1.8,0.60,0.57,-46.55,5.04,46.98,1.43,-10.00
39,1,-1.00,-1.00,-1.00,-1.00,0.4264,1.8,0.64,0.68,-18.29,2.68,18.41,1.48,-10.00
39,1,-1.00,-1.00,-1.00,-1.00,0.4005,1.7,0.55,0.62,-16.85,2.55,23.13,-1.43,-10.00
39,1,-1.00,-1.00,-1.00,-1.00,0.3504,1.8,0.56,0.66,-17.59,2.54,23.49,-1.46,-10.00
39,1,-1.00,-1.00,-1.00,-1.00,0.3152,1.8,0.66,0.78,-18.30,2.23,-0.78,1.84,-10.00
39,1,-1.00,-1.00,-1.00,-1.00,0.2534,1.8,0.64,0.65,7.53,1.37,-12.80,1.82,-10.00
39,1,-1.00,-1.00,-1.00,-1.00,0.1650,1.8,0.72,0.74,-21.00,2.34,6.49,-1.49,-10.00
39,1,-1.00,-1.00,-1.00,-1.00,0.1320,1.8,0.67,0.68,-41.33,3.04,-33.81,1.70,-10.00
39,1,941.34,460.29,964.44,516.19,0.1237,1.8,0.70,0.73,4.19,1.52,41.51,-1.42,-10.00
39,1,1066.74,424.54,1108.85,512.33,0.1230,1.9,0.71,0.76,5.71,0.91,27.40,1.54,-10.00
39,1,910.23,467.92,930.83,521.13,0.1219,1.8,0.64,0.66,3.17,1.72,42.31,0.09,-10.00
39,1,113.69,520.13,139.59,573.13,0.1193,1.8,0.65,0.76,-24.13,3.54,43.20,1.20,-10.00
39,1,96.27,520.13,122.22,569.70,0.1073,1.7,0.72,0.71,-24.55,3.40,42.88,1.07,-10.00
39,1,-1.00,-1.00,-1.00,-1.00,0.1071,1.9,0.79,0.78,46.15,-0.56,-13.40,1.83,-10.00
