0,1,-1.00,-1.00,-1.00,-1.00,0.3423,1.7,0.61,0.58,13.00,2.02,15.11,2.96,-10.00
0,1,-1.00,-1.00,-1.00,-1.00,0.2576,1.8,0.70,0.63,-11.67,0.62,-8.64,1.62,-10.00
0,1,558.18,465.85,594.05,548.77,0.2214,1.8,0.67,0.64,-5.14,1.22,27.14,-1.65,-10.00
0,1,624.10,478.17,663.54,553.00,0.2083,1.7,0.62,0.64,-4.00,1.41,29.38,0.66,-10.00
0,1,-1.00,-1.00,-1.00,-1.00,0.1962,1.8,0.60,0.59,-13.36,0.01,-26.15,-1.85,-10.00
0,1,-1.00,-1.00,-1.00,-1.00,0.1601,1.8,0.62,0.58,3.86,1.49,-16.49,-1.54,-10.00
0,1,385.54,470.75,428.17,530.92,0.1383,1.6,0.77,0.74,-10.92,1.04,33.80,-2.75,-10.00
0,1,1327.87,511.98,1356.52,565.93,0.1259,1.7,0.66,0.68,16.67,2.34,40.15,-1.49,-10.00
0,1,-1.00,-1.00,-1.00,-1.00,0.1125,1.7,0.62,0.66,-17.50,0.01,-24.02,-2.30,-10.00
0,1,997.95,492.87,1017.66,541.11,0.1095,1.7,0.63,0.65,6.80,1.75,44.98,0.08,-10.00
1,1,-1.00,-1.00,-1.00,-1.00,0.5536,1.8,0.74,0.89,-11.83,0.71,-8.13,-1.76,-10.00
1,1,804.79,475.25,853.38,553.20,0.4696,1.7,0.68,0.87,0.29,1.38,28.62,2.63,-10.00
1,1,1336.05,511.93,1364.62,565.58,0.3909,1.7,0.57,0.63,17.09,2.36,40.54,-0.48,-10.00
1,1,-1.00,-1.00,-1.00,-1.00,0.3467,1.8,0.68,0.65,13.02,2.01,15.12,2.91,-10.00
1,1,524.44,458.16,579.22,543.25,0.3397,1.8,0.74,0.94,-5.63,1.09,26.97,2.61,-10.00
1,1,1352.44,514.28,1378.44,566.00,0.3309,1.7,0.53,0.57,17.91,2.42,41.30,-0.37,-10.00
1,1,1416.16,511.88,1441.88,562.56,0.2926,1.7,0.56,0.58,21.19,2.44,43.80,-0.42,-10.00
1,1,597.78,472.64,638.77,548.03,0.2747,1.7,0.62,0.75,-4.54,1.28,29.01,2.66,-10.00
1,1,1457.37,512.90,1484.74,565.31,0.2699,1.7,0.58,0.61,22.02,2.47,42.60,-0.54,-10.00
1,1,1432.60,512.91,1457.69,564.11,0.2355,1.7,0.54,0.57,21.49,2.47,43.27,-0.53,-10.00
1,1,1399.10,508.95,1426.26,558.19,0.2221,1.7,0.59,0.64,21.12,2.35,44.85,-0.42,-10.00
1,1,657.74,440.13,685.99,510.55,0.1192,1.8,0.66,0.66,-3.67,0.48,32.25,1.53,-10.00
1,1,1308.62,512.69,1334.62,565.94,0.1183,1.7,0.53,0.56,16.01,2.34,40.13,2.65,-10.00
1,1,-1.00,-1.00,-1.00,-1.00,0.1062,1.7,0.67,0.63,-13.06,0.46,-26.35,1.28,-10.00
2,1,497.75,465.42,547.74,548.60,0.4823,1.7,0.68,0.89,-6.17,1.19,26.61,2.72,-10.00
2,1,775.00,481.10,821.68,559.34,0.4763,1.7,0.67,0.84,-0.40,1.49,28.17,2.75,-10.00
2,1,561.20,472.74,601.58,548.50,0.4678,1.7,0.63,0.77,-5.31,1.28,28.60,2.75,-10.00
2,1,-1.00,-1.00,-1.00,-1.00,0.3514,1.8,0.68,0.65,13.02,2.01,15.12,2.83,-10.00
2,1,1410.57,512.41,1437.80,561.25,0.3312,1.7,0.59,0.64,21.57,2.46,44.95,-0.37,-10.00
2,1,1362.70,515.18,1386.95,566.79,0.3306,1.7,0.51,0.54,18.37,2.46,41.65,-0.53,-10.00
2,1,1344.52,512.32,1370.61,565.46,0.3201,1.7,0.52,0.58,17.48,2.37,40.89,-0.44,-10.00
2,1,-1.00,-1.00,-1.00,-1.00,0.3180,1.8,0.72,0.94,-11.90,0.72,-7.60,-1.72,-10.00
2,1,1471.96,513.66,1496.22,565.56,0.2995,1.7,0.58,0.60,22.66,2.50,42.97,-0.81,-10.00
2,1,1423.94,512.77,1451.53,562.88,0.2649,1.7,0.60,0.63,21.64,2.47,44.10,-0.44,-10.00
2,1,1312.94,512.42,1336.94,563.92,0.2564,1.7,0.51,0.55,16.71,2.37,41.62,-0.61,-10.00
2,1,1437.92,512.98,1463.75,563.79,0.2305,1.7,0.57,0.60,21.91,2.48,43.72,-0.58,-10.00
2,1,1327.30,512.18,1355.35,565.65,0.1803,1.7,0.56,0.61,16.67,2.34,40.21,-0.41,-10.00
2,1,1416.13,511.34,1444.69,561.01,0.1660,1.7,0.62,0.65,21.61,2.43,44.56,-0.35,-10.00
2,1,1458.78,511.72,1483.28,564.25,0.1479,1.8,0.61,0.63,22.38,2.47,43.28,-0.85,-10.00
2,1,1436.48,512.46,1461.78,562.83,0.1130,1.7,0.56,0.60,21.69,2.43,43.41,-0.64,-10.00
3,1,745.46,476.11,798.09,557.88,0.4080,1.8,0.71,0.90,-0.98,1.44,27.79,2.57,-10.00
3,1,465.75,459.43,525.83,548.43,0.4000,1.8,0.73,0.93,-6.56,1.15,25.92,2.38,-10.00
3,1,-1.00,-1.00,-1.00,-1.00,0.3640,1.8,0.65,0.62,13.02,2.03,15.11,2.82,-10.00
3,1,521.49,464.77,569.80,544.57,0.3397,1.7,0.67,0.88,-6.03,1.17,28.19,2.64,-10.00
3,1,1324.31,510.64,1348.34,562.69,0.3241,1.7,0.55,0.62,17.14,2.33,41.74,-0.83,-10.00
3,1,1369.53,511.63,1396.54,565.12,0.3067,1.7,0.58,0.67,18.70,2.41,41.79,-0.72,-10.00
3,1,1334.36,512.00,1361.96,566.18,0.2947,1.7,0.61,0.65,17.08,2.38,40.67,2.38,-10.00
3,1,1353.33,512.38,1379.32,566.32,0.2866,1.7,0.61,0.65,17.93,2.42,41.27,-0.86,-10.00
3,1,-1.00,-1.00,-1.00,-1.00,0.2761,1.8,0.65,0.81,-12.06,0.80,-6.99,-1.80,-10.00
3,1,1475.86,512.71,1504.31,564.84,0.2531,1.8,0.62,0.65,23.08,2.49,43.38,-0.59,-10.00
3,1,1430.29,512.94,1457.62,562.57,0.2480,1.7,0.60,0.63,22.05,2.48,44.49,-0.50,-10.00
3,1,1422.26,512.12,1450.15,561.34,0.2472,1.7,0.62,0.63,22.01,2.47,44.97,-0.37,-10.00
3,1,1443.16,513.43,1470.16,562.91,0.2222,1.7,0.58,0.60,22.33,2.48,44.16,-0.30,-10.00
3,1,1453.48,512.97,1477.19,562.99,0.2196,1.7,0.59,0.62,22.42,2.45,43.76,0.28,-10.00
3,1,1318.52,509.59,1343.26,562.09,0.1438,1.7,0.60,0.65,16.81,2.29,41.37,2.21,-10.00
3,1,1425.89,510.44,1452.80,558.47,0.1276,1.7,0.59,0.64,22.28,2.38,45.28,-0.44,-10.00
3,1,-1.00,-1.00,-1.00,-1.00,0.1129,1.7,0.69,0.66,-13.06,0.39,-26.35,1.49,-10.00
3,1,476.15,460.34,532.02,546.74,0.1121,1.8,0.73,0.89,-6.54,1.14,26.55,2.46,-10.00
4,1,-1.00,-1.00,-1.00,-1.00,0.4729,1.8,0.65,0.81,-12.17,0.69,-6.45,-1.79,-10.00
4,1,715.86,476.95,765.45,558.22,0.4657,1.7,0.67,0.85,-1.64,1.43,27.40,2.63,-10.00
4,1,431.53,463.94,487.69,553.93,0.4652,1.8,0.77,0.92,-7.28,1.26,25.83,2.62,-10.00
4,1,-1.00,-1.00,-1.00,-1.00,0.3610,1.8,0.68,0.65,13.01,2.01,15.12,2.86,-10.00
4,1,484.18,468.55,528.94,548.61,0.3145,1.7,0.67,0.85,-6.80,1.24,27.79,2.77,-10.00
4,1,1344.57,511.99,1371.51,564.34,0.2689,1.7,0.54,0.61,17.51,2.34,40.93,-0.52,-10.00
4,1,1389.69,516.88,1415.89,568.42,0.2573,1.7,0.54,0.57,19.51,2.54,42.13,-0.39,-10.00
4,1,1330.31,511.35,1357.61,562.65,0.2449,1.7,0.57,0.62,17.53,2.35,42.06,-0.41,-10.00
4,1,1367.35,512.72,1390.47,563.98,0.2407,1.7,0.48,0.50,18.39,2.36,41.39,-0.43,-10.00
4,1,1449.60,512.48,1476.13,562.25,0.2371,1.7,0.55,0.62,22.76,2.48,44.59,-0.31,-10.00
4,1,1484.09,513.22,1512.41,564.92,0.2295,1.8,0.59,0.65,23.54,2.52,43.72,-0.48,-10.00
4,1,1467.97,513.31,1494.92,564.10,0.2116,1.8,0.56,0.62,23.16,2.51,44.10,-0.43,-10.00
4,1,1329.32,512.27,1355.57,564.11,0.2055,1.7,0.59,0.64,17.18,2.35,41.34,-0.78,-10.00
4,1,1436.28,510.11,1463.75,558.88,0.2037,1.7,0.59,0.65,22.71,2.40,45.38,-0.25,-10.00
4,1,1325.85,510.96,1353.30,562.14,0.1722,1.7,0.58,0.62,17.25,2.31,41.75,-0.54,-10.00
4,1,1437.95,511.46,1463.90,560.45,0.1396,1.7,0.55,0.61,22.50,2.43,44.89,-0.27,-10.00
4,1,1341.77,511.10,1366.02,561.95,0.1360,1.7,0.53,0.53,17.87,2.33,42.10,-0.53,-10.00
4,1,1325.50,511.14,1352.79,562.85,0.1159,1.7,0.59,0.62,17.55,2.38,42.50,-0.54,-10.00
4,1,1400.00,520.78,1427.42,572.21,0.1113,1.7,0.56,0.61,19.88,2.67,42.15,-0.29,-10.00
4,1,1312.84,512.25,1342.87,563.69,0.1111,1.7,0.61,0.70,16.85,2.36,41.71,-0.48,-10.00
4,1,1347.58,511.17,1373.12,563.22,0.1101,1.7,0.54,0.57,17.94,2.35,41.77,-0.50,-10.00
4,1,1321.19,517.02,1350.85,569.61,0.1057,1.7,0.60,0.70,16.84,2.51,41.04,-0.57,-10.00
4,1,1385.30,515.32,1409.56,567.35,0.1053,1.7,0.53,0.50,19.20,2.49,41.84,-0.36,-10.00
4,1,1337.74,510.83,1362.85,561.92,0.1001,1.7,0.57,0.53,17.93,2.35,42.53,-0.41,-10.00
5,1,678.46,478.25,730.87,561.53,0.3611,1.7,0.70,0.91,-2.38,1.47,27.00,2.69,-10.00
5,1,-1.00,-1.00,-1.00,-1.00,0.3388,1.8,0.65,0.64,13.00,2.05,15.23,-3.05,-10.00
5,1,1371.90,512.28,1400.24,564.57,0.3254,1.7,0.59,0.64,18.80,2.39,41.78,-0.54,-10.00
5,1,-1.00,-1.00,-1.00,-1.00,0.3210,1.7,0.62,0.71,-12.30,0.73,-6.00,-2.01,-10.00
5,1,1351.02,512.28,1379.34,564.38,0.2861,1.7,0.59,0.65,17.91,2.36,41.32,-0.58,-10.00
5,1,1457.72,510.42,1482.63,559.41,0.2356,1.7,0.57,0.57,23.21,2.40,44.96,-0.56,-10.00
5,1,1451.05,509.07,1476.96,557.59,0.2312,1.7,0.59,0.58,23.18,2.35,45.32,-0.47,-10.00
5,1,1490.80,512.24,1516.24,563.42,0.1879,1.8,0.59,0.60,23.94,2.49,44.12,-0.69,-10.00
5,1,659.69,452.86,688.63,523.84,0.1867,1.8,0.71,0.65,-3.61,0.82,32.22,1.46,-10.00
5,1,-1.00,-1.00,-1.00,-1.00,0.1821,1.7,0.63,0.62,-13.13,0.30,-26.19,1.36,-10.00
5,1,1338.19,509.40,1366.63,559.96,0.1728,1.7,0.61,0.68,17.98,2.28,42.46,2.52,-10.00
5,1,1389.76,513.65,1412.10,565.27,0.1614,1.7,0.61,0.71,19.61,2.45,42.48,-1.04,-10.00
5,1,476.00,471.17,515.76,551.83,0.1485,1.7,0.67,0.65,-6.95,1.30,27.47,-1.55,-10.00
5,1,1475.39,511.19,1499.13,560.53,0.1450,1.7,0.56,0.57,23.57,2.41,44.49,-0.69,-10.00
5,1,1444.01,508.97,1470.18,556.98,0.1337,1.7,0.60,0.63,23.13,2.35,45.71,-0.55,-10.00
5,1,1355.34,511.12,1381.99,562.05,0.1257,1.7,0.58,0.63,18.38,2.33,42.15,-0.65,-10.00
5,1,1339.18,510.04,1363.16,561.68,0.1240,1.7,0.65,0.71,17.63,2.30,41.75,1.86,-10.00
5,1,1378.05,512.84,1405.55,564.23,0.1139,1.7,0.60,0.67,19.16,2.40,42.16,2.45,-10.00
6,1,-1.00,-1.00,-1.00,-1.00,0.4332,1.8,0.65,0.74,-12.56,0.76,-5.41,-1.92,-10.00
6,1,1496.77,513.43,1521.35,563.08,0.3424,1.7,0.56,0.59,24.35,2.50,44.50,-0.65,-10.00
6,1,-1.00,-1.00,-1.00,-1.00,0.3189,1.8,0.67,0.64,13.02,2.01,15.12,2.97,-10.00
6,1,1382.21,512.07,1407.97,563.52,0.3161,1.7,0.57,0.61,19.25,2.38,42.11,-0.69,-10.00
6,1,1453.12,511.18,1478.29,558.39,0.2994,1.7,0.57,0.60,23.63,2.42,46.08,-0.48,-10.00
6,1,1360.69,512.84,1385.62,564.55,0.2956,1.7,0.55,0.57,18.34,2.39,41.72,-0.69,-10.00
6,1,1465.58,513.43,1490.58,561.48,0.2890,1.7,0.53,0.59,23.68,2.49,45.32,-0.40,-10.00
6,1,1406.03,513.64,1433.85,565.93,0.2646,1.7,0.60,0.65,20.30,2.48,42.58,-0.61,-10.00
6,1,1351.69,511.33,1375.26,561.07,0.2004,1.7,0.56,0.58,18.42,2.33,42.62,-0.79,-10.00
6,1,1480.46,513.91,1503.38,561.98,0.1814,1.7,0.52,0.56,23.97,2.49,44.92,-0.62,-10.00
6,1,675.77,470.89,716.34,557.81,0.1783,1.8,0.68,0.72,-2.54,1.38,26.70,2.86,-10.00
6,1,1509.68,515.75,1535.61,566.08,0.1218,1.7,0.56,0.62,24.65,2.59,44.19,-0.59,-10.00
6,1,1463.90,512.21,1490.34,559.96,0.1180,1.7,0.56,0.64,23.86,2.46,45.73,-0.40,-10.00
6,1,-1.00,-1.00,-1.00,-1.00,0.1143,1.8,0.67,0.73,45.48,2.63,38.83,2.67,-10.00
6,1,1336.65,510.50,1364.44,562.26,0.1115,1.7,0.62,0.69,17.64,2.32,41.81,-0.77,-10.00
7,1,-1.00,-1.00,-1.00,-1.00,0.3197,1.8,0.66,0.64,13.01,2.02,15.23,-3.10,-10.00
7,1,-1.00,-1.00,-1.00,-1.00,0.3052,1.7,0.62,0.70,-12.75,0.74,-4.90,-2.13,-10.00
7,1,1411.53,514.29,1440.97,566.37,0.2947,1.7,0.63,0.67,20.68,2.52,42.93,-0.54,-10.00
7,1,1477.81,510.44,1503.10,558.37,0.2915,1.7,0.58,0.58,24.35,2.40,45.74,-0.48,-10.00
7,1,366.00,469.03,413.50,553.90,0.2883,1.7,0.65,0.67,-8.88,1.28,26.37,-1.28,-10.00
7,1,1367.60,511.55,1390.76,563.82,0.2658,1.7,0.63,0.65,18.72,2.39,42.12,0.33,-10.00
7,1,321.80,460.13,372.70,549.41,0.2522,1.7,0.63,0.66,-9.17,1.12,24.76,1.92,-10.00
7,1,1398.70,512.74,1425.55,564.49,0.2496,1.7,0.57,0.62,19.87,2.42,42.23,-0.58,-10.00
7,1,1338.13,511.60,1368.09,562.48,0.2453,1.7,0.65,0.68,18.01,2.37,42.48,-1.80,-10.00
7,1,1515.28,517.07,1541.66,566.31,0.2010,1.7,0.58,0.61,25.07,2.62,44.58,-0.55,-10.00
7,1,1503.97,513.24,1529.12,562.19,0.2010,1.7,0.58,0.59,24.82,2.49,44.88,-0.63,-10.00
7,1,1485.34,511.34,1510.49,558.83,0.1450,1.7,0.57,0.60,24.42,2.40,45.38,-0.56,-10.00
7,1,1463.47,507.37,1490.22,555.05,0.1282,1.7,0.62,0.62,24.05,2.30,46.11,-0.50,-10.00
7,1,1345.16,514.30,1375.20,567.59,0.1203,1.7,0.70,0.74,17.97,2.49,41.84,2.33,-10.00
7,1,1378.40,511.87,1403.47,563.61,0.1200,1.7,0.59,0.62,19.13,2.38,42.16,-0.81,-10.00
7,1,-1.00,-1.00,-1.00,-1.00,0.1025,1.8,0.65,0.65,-13.11,0.39,-26.25,1.50,-10.00
7,1,-1.00,-1.00,-1.00,-1.00,0.1015,1.5,0.65,0.71,6.80,2.19,-35.52,-2.31,-10.00
8,1,319.89,464.28,371.15,549.56,0.3928,1.7,0.65,0.81,-9.63,1.17,25.89,2.49,-10.00
8,1,282.13,456.73,336.22,549.61,0.3890,1.7,0.68,0.79,-9.76,1.10,24.36,2.50,-10.00
8,1,-1.00,-1.00,-1.00,-1.00,0.3059,1.8,0.67,0.64,13.01,2.03,15.13,2.92,-10.00
8,1,-1.00,-1.00,-1.00,-1.00,0.3049,1.7,0.63,0.73,-12.97,0.78,-4.40,-1.85,-10.00
8,1,1484.02,513.47,1509.45,560.97,0.2796,1.7,0.57,0.61,24.80,2.52,46.16,-0.50,-10.00
8,1,1520.72,516.50,1548.12,566.33,0.2513,1.8,0.58,0.65,25.50,2.64,44.97,-0.46,-10.00
8,1,1477.93,512.62,1502.48,560.29,0.2416,1.7,0.58,0.62,24.75,2.51,46.51,-0.62,-10.00
8,1,1406.35,512.99,1433.06,563.40,0.2310,1.7,0.58,0.64,20.30,2.40,42.60,0.84,-10.00
8,1,1373.81,512.31,1401.10,563.53,0.2195,1.7,0.62,0.67,19.17,2.40,42.50,-0.74,-10.00
8,1,1413.02,514.55,1442.85,565.25,0.1981,1.7,0.67,0.63,21.09,2.53,43.67,-0.35,-10.00
8,1,589.94,474.15,637.38,563.53,0.1932,1.8,0.67,0.79,-4.09,1.44,25.54,2.74,-10.00
8,1,1509.33,514.61,1535.59,563.08,0.1799,1.7,0.56,0.63,25.24,2.54,45.26,-0.47,-10.00
8,1,1423.48,515.37,1453.84,564.52,0.1784,1.7,0.63,0.68,21.13,2.46,43.01,-0.38,-10.00
8,1,1429.45,516.92,1460.05,567.69,0.1529,1.7,0.65,0.67,21.48,2.59,43.29,-0.27,-10.00
8,1,1351.21,515.79,1377.89,567.07,0.1338,1.7,0.64,0.69,18.42,2.52,42.55,2.29,-10.00
8,1,1386.75,512.38,1412.96,563.50,0.1078,1.7,0.58,0.63,19.46,2.38,42.22,-0.71,-10.00
8,1,1365.67,512.64,1395.18,563.86,0.1046,1.7,0.65,0.70,18.81,2.39,42.23,-0.67,-10.00
8,1,-1.00,-1.00,-1.00,-1.00,0.1042,1.8,0.64,0.63,-13.14,0.40,-26.22,1.43,-10.00
8,1,1489.68,513.58,1516.20,561.62,0.1024,1.7,0.56,0.64,24.83,2.52,45.79,-0.41,-10.00
8,1,1401.62,511.07,1425.39,560.29,0.1014,1.7,0.60,0.60,20.43,2.34,43.33,0.70,-10.00
9,1,248.52,460.69,311.39,555.59,0.5483,1.8,0.70,0.86,-10.13,1.19,23.93,2.32,-10.00
9,1,559.83,473.58,618.14,564.62,0.5128,1.8,0.71,0.87,-4.51,1.43,25.13,2.27,-10.00
9,1,-1.00,-1.00,-1.00,-1.00,0.4466,1.7,0.62,0.73,-13.09,0.86,-3.79,-1.88,-10.00
9,1,288.43,462.01,338.04,549.40,0.4091,1.7,0.63,0.73,-10.11,1.15,25.46,2.39,-10.00
9,1,1527.41,515.85,1553.63,564.29,0.3515,1.7,0.58,0.65,25.92,2.59,45.33,-0.59,-10.00
9,1,-1.00,-1.00,-1.00,-1.00,0.3440,1.7,0.61,0.59,13.01,2.08,15.12,2.85,-10.00
9,1,1489.37,514.17,1517.73,561.72,0.3151,1.7,0.63,0.69,25.24,2.56,46.51,-0.48,-10.00
9,1,1386.44,512.12,1412.50,564.13,0.2737,1.7,0.60,0.61,19.62,2.43,42.60,2.40,-10.00
9,1,1368.01,510.88,1394.97,562.19,0.2537,1.7,0.65,0.63,19.16,2.38,42.93,2.36,-10.00
9,1,1414.11,512.89,1440.67,563.48,0.2531,1.7,0.58,0.64,20.70,2.42,42.90,-0.66,-10.00
9,1,1513.29,514.82,1538.08,562.65,0.1967,1.7,0.58,0.64,25.57,2.55,45.65,-0.69,-10.00
9,1,1430.34,514.36,1458.41,564.10,0.1849,1.7,0.60,0.62,21.51,2.47,43.38,-0.19,-10.00
9,1,1503.52,514.98,1529.37,562.22,0.1445,1.7,0.58,0.59,25.51,2.56,46.15,-0.44,-10.00
9,1,-1.00,-1.00,-1.00,-1.00,0.1345,1.3,0.69,0.77,-22.83,0.71,21.89,1.78,-10.00
9,1,1361.72,510.28,1388.46,562.47,0.1250,1.7,0.64,0.63,18.82,2.37,42.65,2.34,-10.00
9,1,-1.00,-1.00,-1.00,-1.00,0.1171,1.8,0.67,0.65,-13.11,0.39,-26.23,1.44,-10.00
10,1,212.83,459.81,275.98,555.92,0.4502,1.7,0.68,0.84,-10.59,1.17,23.45,-0.83,-10.00
10,1,528.61,472.32,586.72,564.23,0.4062,1.8,0.71,0.86,-5.04,1.40,24.67,2.47,-10.00
10,1,-1.00,-1.00,-1.00,-1.00,0.3386,1.8,0.65,0.61,13.02,2.03,15.12,2.89,-10.00
10,1,241.14,462.72,295.76,551.72,0.3199,1.7,0.63,0.78,-10.82,1.17,25.01,-0.83,-10.00
10,1,1492.72,514.62,1517.86,560.08,0.3157,1.7,0.58,0.61,25.93,2.57,47.67,-0.46,-10.00
10,1,1533.13,515.13,1559.34,563.25,0.2879,1.7,0.58,0.64,26.34,2.57,45.70,-0.54,-10.00
10,1,1439.06,511.71,1466.95,562.43,0.2868,1.7,0.63,0.68,22.00,2.43,43.76,0.81,-10.00
10,1,1508.13,514.42,1533.78,561.33,0.2702,1.7,0.55,0.61,25.94,2.56,46.62,-0.32,-10.00
10,1,-1.00,-1.00,-1.00,-1.00,0.2329,1.7,0.58,0.60,-13.10,0.81,-3.65,-1.61,-10.00
10,1,1392.28,511.21,1419.32,561.24,0.2283,1.7,0.57,0.60,19.97,2.35,42.90,-0.26,-10.00
10,1,1420.26,511.81,1447.39,562.76,0.2211,1.7,0.61,0.66,21.10,2.42,43.27,-0.69,-10.00
10,1,659.73,450.60,688.19,523.65,0.1603,1.8,0.70,0.65,-3.62,0.81,32.23,1.45,-10.00
10,1,-1.00,-1.00,-1.00,-1.00,0.1561,1.3,0.61,0.69,-22.79,0.63,21.91,1.67,-10.00
10,1,1427.41,511.55,1454.44,561.17,0.1248,1.7,0.62,0.60,21.91,2.43,44.42,2.59,-10.00
10,1,767.06,422.74,792.86,475.49,0.1101,1.8,0.59,0.66,-1.25,-0.57,43.81,0.56,-10.00
10,1,1518.50,514.44,1543.44,560.88,0.1047,1.7,0.55,0.62,26.02,2.51,46.11,-0.54,-10.00
10,1,1384.87,509.98,1414.39,560.26,0.1022,1.7,0.61,0.66,19.63,2.30,42.62,-0.40,-10.00
10,1,1389.50,507.84,1412.35,558.27,0.1011,1.7,0.60,0.61,19.99,2.27,43.30,0.26,-10.00
11,1,505.24,472.92,566.19,568.53,0.4157,1.8,0.75,0.86,-5.38,1.45,24.30,2.37,-10.00
11,1,171.74,456.32,231.22,555.43,0.4131,1.8,0.69,0.80,-11.19,1.15,23.05,2.43,-10.00
11,1,209.19,463.82,262.33,554.23,0.3601,1.7,0.63,0.74,-11.27,1.20,24.60,-0.80,-10.00
11,1,-1.00,-1.00,-1.00,-1.00,0.3500,1.8,0.62,0.61,13.01,2.04,15.23,-3.07,-10.00
11,1,1514.39,513.31,1539.69,559.27,0.3028,1.7,0.55,0.62,26.30,2.50,46.87,-0.40,-10.00
11,1,1501.69,513.41,1527.80,558.49,0.2822,1.7,0.57,0.65,26.31,2.51,47.71,-0.34,-10.00
11,1,1543.67,515.44,1569.39,564.23,0.2634,1.7,0.57,0.60,26.76,2.61,45.79,-0.49,-10.00
11,1,1530.61,514.06,1555.36,561.04,0.2155,1.7,0.55,0.60,26.44,2.52,46.07,-0.55,-10.00
11,1,1520.60,513.85,1544.92,560.66,0.1337,1.7,0.55,0.59,26.09,2.50,46.11,-0.56,-10.00
11,1,1507.41,513.09,1533.89,558.73,0.1266,1.7,0.57,0.66,26.33,2.50,47.34,-0.36,-10.00
11,1,659.15,447.66,687.97,521.07,0.1061,1.8,0.70,0.66,-3.63,0.75,32.22,1.44,-10.00
11,1,1432.15,507.35,1462.11,557.34,0.1036,1.7,0.65,0.67,21.95,2.28,44.06,-0.43,-10.00
11,1,1428.50,506.85,1456.30,556.99,0.1033,1.7,0.66,0.58,21.98,2.29,44.47,2.88,-10.00
12,1,476.80,471.29,538.35,566.93,0.4224,1.8,0.73,0.85,-5.81,1.40,23.86,-0.80,-10.00
12,1,-1.00,-1.00,-1.00,-1.00,0.3497,1.7,0.59,0.61,-13.38,1.16,-2.13,-1.46,-10.00
12,1,-1.00,-1.00,-1.00,-1.00,0.3206,1.8,0.66,0.64,13.02,2.03,15.12,2.92,-10.00
12,1,140.40,453.83,210.20,557.11,0.3055,1.8,0.74,0.88,-11.42,1.15,22.56,2.30,-10.00
12,1,172.46,460.11,225.61,551.83,0.2600,1.7,0.63,0.75,-11.80,1.14,24.21,2.41,-10.00
12,1,-1.00,-1.00,-1.00,-1.00,0.1669,1.8,0.69,0.71,41.23,2.36,37.29,2.92,-10.00
12,1,-1.00,-1.00,-1.00,-1.00,0.1448,1.7,0.59,0.59,-13.13,0.39,-26.21,1.49,-10.00
12,1,-1.00,-1.00,-1.00,-1.00,0.1405,1.2,0.69,0.78,-22.83,0.59,21.88,1.77,-10.00
12,1,1534.61,513.79,1568.69,563.53,0.1017,1.8,0.73,0.80,26.77,2.61,46.11,-0.03,-10.00
13,1,97.26,459.03,156.75,559.90,0.4715,1.7,0.67,0.88,-12.06,1.18,22.16,2.65,-10.00
13,1,-1.00,-1.00,-1.00,-1.00,0.3305,1.8,0.61,0.59,13.03,2.06,15.12,2.92,-10.00
13,1,448.77,471.33,512.40,568.86,0.3264,1.8,0.74,0.84,-6.19,1.40,23.36,2.03,-10.00
13,1,-1.00,-1.00,-1.00,-1.00,0.3139,1.8,0.68,0.74,-13.25,0.83,-1.72,-1.45,-10.00
13,1,121.02,470.70,170.85,563.04,0.2699,1.7,0.61,0.71,-12.45,1.31,23.52,2.50,-10.00
13,1,-1.00,-1.00,-1.00,-1.00,0.2059,1.3,0.64,0.70,-22.80,0.66,21.88,1.84,-10.00
13,1,662.21,459.25,688.75,529.90,0.1602,1.8,0.65,0.59,-3.58,0.97,32.21,1.45,-10.00
13,1,-1.00,-1.00,-1.00,-1.00,0.1472,1.8,0.70,0.69,40.70,2.62,36.94,2.69,-10.00
13,1,-1.00,-1.00,-1.00,-1.00,0.1002,1.8,0.63,0.62,-13.15,0.32,-26.21,1.46,-10.00
14,1,55.72,454.27,117.11,555.63,0.4413,1.7,0.66,0.82,-12.57,1.09,21.81,2.50,-10.00
14,1,-1.00,-1.00,-1.00,-1.00,0.3384,1.8,0.67,0.64,13.02,2.04,15.12,2.87,-10.00
14,1,407.07,471.88,470.82,571.14,0.3287,1.8,0.73,0.83,-6.82,1.42,22.91,-0.82,-10.00
14,1,-1.00,-1.00,-1.00,-1.00,0.3037,1.8,0.69,0.68,39.96,2.73,36.81,2.66,-10.00
14,1,-1.00,-1.00,-1.00,-1.00,0.2679,1.7,0.61,0.71,-13.14,1.02,-1.23,-1.48,-10.00
14,1,-1.00,-1.00,-1.00,-1.00,0.1999,1.2,0.65,0.75,-22.80,0.65,21.92,1.51,-10.00
14,1,72.91,465.13,131.68,559.41,0.1806,1.7,0.60,0.68,-12.99,1.22,23.06,-1.31,-10.00
14,1,1412.23,510.67,1440.71,559.35,0.1487,1.7,0.59,0.69,21.26,2.35,44.13,-0.05,-10.00
14,1,1425.02,512.93,1453.04,561.94,0.1112,1.7,0.62,0.71,21.53,2.42,43.80,0.15,-10.00
14,1,996.45,496.23,1019.94,541.43,0.1040,1.6,0.68,0.66,6.82,1.76,45.00,-0.12,-10.00
15,1,1432.34,512.54,1458.95,562.95,0.3676,1.7,0.61,0.63,21.94,2.47,44.15,-0.64,-10.00
15,1,-1.00,-1.00,-1.00,-1.00,0.3574,1.8,0.65,0.62,13.02,2.00,15.12,2.82,-10.00
15,1,0.00,452.75,64.42,556.65,0.3285,1.7,0.66,0.82,-13.23,1.09,21.38,2.73,-10.00
15,1,1460.98,510.84,1487.09,560.55,0.3270,1.7,0.60,0.66,23.14,2.41,44.54,-0.69,-10.00
15,1,-1.00,-1.00,-1.00,-1.00,0.2991,1.7,0.62,0.73,-13.05,1.08,-0.77,-1.17,-10.00
15,1,382.60,462.41,452.81,566.48,0.2980,1.8,0.75,0.88,-7.02,1.30,22.34,2.14,-10.00
15,1,-1.00,-1.00,-1.00,-1.00,0.2924,1.8,0.68,0.68,39.23,2.67,36.47,2.83,-10.00
15,1,1418.15,511.32,1442.82,560.75,0.2920,1.7,0.61,0.61,21.60,2.42,44.55,-0.79,-10.00
15,1,1446.10,507.15,1471.23,556.95,0.2613,1.7,0.62,0.63,22.81,2.31,44.97,-0.77,-10.00
15,1,1474.64,511.40,1500.63,560.47,0.2461,1.7,0.64,0.68,24.01,2.45,45.30,-0.76,-10.00
15,1,6.28,461.32,61.83,558.87,0.1491,1.7,0.62,0.78,-13.77,1.17,22.30,2.62,-10.00
16,1,354.78,472.24,424.18,576.31,0.5479,1.8,0.72,0.86,-7.38,1.44,21.91,2.04,-10.00
16,1,0.00,451.49,14.88,558.40,0.3799,1.7,0.66,0.78,-13.76,1.09,20.98,2.57,-10.00
16,1,-1.00,-1.00,-1.00,-1.00,0.3674,1.7,0.60,0.70,-13.03,1.14,-0.24,-1.48,-10.00
16,1,1439.40,513.04,1464.19,562.70,0.3611,1.7,0.57,0.60,22.33,2.49,44.49,-0.67,-10.00
16,1,-1.00,-1.00,-1.00,-1.00,0.3437,1.8,0.67,0.64,13.02,1.99,15.12,2.81,-10.00
16,1,1453.22,510.66,1476.68,559.04,0.2840,1.7,0.57,0.59,23.20,2.40,45.30,-0.72,-10.00
16,1,1423.15,511.55,1446.22,560.40,0.2753,1.7,0.57,0.57,21.94,2.43,44.93,-0.75,-10.00
16,1,1468.97,513.09,1491.26,561.11,0.2658,1.7,0.54,0.59,23.54,2.45,44.90,-0.77,-10.00
16,1,0.00,458.29,6.93,558.67,0.2636,1.7,0.63,0.67,-14.50,1.15,21.95,2.40,-10.00
16,1,-1.00,-1.00,-1.00,-1.00,0.2537,1.8,0.70,0.73,38.65,2.64,36.12,2.75,-10.00
16,1,1567.45,512.39,1593.03,558.49,0.2187,1.7,0.57,0.60,28.76,2.51,47.68,-0.12,-10.00
16,1,1492.42,518.50,1518.66,566.07,0.2148,1.7,0.57,0.61,24.71,2.66,45.40,-0.44,-10.00
16,1,1542.33,507.90,1567.77,553.47,0.1953,1.8,0.61,0.59,28.80,2.40,49.38,-0.35,-10.00
16,1,660.47,456.28,686.75,528.39,0.1612,1.8,0.64,0.61,-3.63,0.93,32.21,1.46,-10.00
16,1,1589.89,513.48,1600.00,560.13,0.1599,1.7,0.57,0.63,29.19,2.53,46.97,-0.08,-10.00
16,1,0.00,457.58,32.31,556.77,0.1501,1.7,0.59,0.64,-14.23,1.13,22.28,2.44,-10.00
16,1,1558.53,511.69,1585.38,558.36,0.1496,1.8,0.60,0.63,28.72,2.53,48.13,-0.17,-10.00
16,1,623.24,462.98,649.78,531.92,0.1483,1.7,0.63,0.60,-4.53,1.01,31.93,1.45,-10.00
16,1,1547.96,511.90,1574.48,558.28,0.1173,1.8,0.59,0.64,28.48,2.54,48.41,-0.18,-10.00
17,1,-1.00,-1.00,-1.00,-1.00,0.3691,1.8,0.67,0.65,13.02,2.00,15.11,2.94,-10.00
17,1,331.27,480.07,402.47,586.07,0.3639,1.8,0.74,0.83,-7.62,1.57,21.50,2.10,-10.00
17,1,-1.00,-1.00,-1.00,-1.00,0.3379,1.7,0.64,0.80,-14.44,0.99,20.59,2.67,-10.00
17,1,-1.00,-1.00,-1.00,-1.00,0.2976,1.7,0.63,0.76,-15.28,1.13,21.51,2.33,-10.00
17,1,1428.64,509.62,1452.13,557.21,0.2908,1.7,0.58,0.62,22.34,2.34,45.33,-0.78,-10.00
17,1,-1.00,-1.00,-1.00,-1.00,0.2753,1.7,0.57,0.66,-12.99,1.14,0.00,-1.42,-10.00
17,1,-1.00,-1.00,-1.00,-1.00,0.2553,1.8,0.67,0.72,37.95,2.69,35.74,2.74,-10.00
17,1,1474.76,513.13,1500.05,561.28,0.2447,1.7,0.59,0.65,24.00,2.48,45.29,-0.69,-10.00
17,1,1450.94,512.02,1476.19,560.86,0.2436,1.7,0.58,0.63,22.80,2.43,44.62,-0.67,-10.00
17,1,1595.22,512.79,1600.00,559.80,0.2293,1.7,0.58,0.60,29.60,2.54,47.33,-0.26,-10.00
17,1,1460.15,510.41,1482.53,557.81,0.2060,1.7,0.55,0.58,23.60,2.37,45.63,-0.75,-10.00
17,1,1565.30,510.47,1589.18,557.12,0.1804,1.8,0.54,0.56,29.15,2.50,48.51,-0.35,-10.00
17,1,1572.65,510.90,1597.05,557.84,0.1781,1.8,0.55,0.57,29.20,2.51,48.11,-0.14,-10.00
17,1,1496.42,513.66,1525.15,561.10,0.1609,1.7,0.61,0.67,25.10,2.50,45.78,1.14,-10.00
17,1,-1.00,-1.00,-1.00,-1.00,0.1344,1.7,0.61,0.60,-22.46,1.08,16.02,-0.14,-10.00
17,1,-1.00,-1.00,-1.00,-1.00,0.1323,1.8,0.67,0.65,-13.12,0.38,-26.23,1.46,-10.00
17,1,-1.00,-1.00,-1.00,-1.00,0.1159,1.6,0.59,0.63,-7.80,-0.10,-33.69,1.49,-10.00
18,1,-1.00,-1.00,-1.00,-1.00,0.4594,1.7,0.64,0.81,-14.98,0.87,20.26,2.76,-10.00
18,1,-1.00,-1.00,-1.00,-1.00,0.4177,1.8,0.65,0.63,13.00,1.98,15.11,2.90,-10.00
18,1,340.67,475.87,389.24,579.52,0.4106,1.7,0.66,0.62,-7.63,1.47,21.42,1.40,-10.00
18,1,1505.08,516.48,1529.21,564.28,0.3371,1.7,0.53,0.55,25.51,2.64,46.10,-0.36,-10.00
18,1,1464.87,513.19,1489.70,561.56,0.3213,1.7,0.54,0.58,23.46,2.47,44.96,-0.43,-10.00
18,1,-1.00,-1.00,-1.00,-1.00,0.3149,1.8,0.70,0.72,37.19,2.71,35.31,2.59,-10.00
18,1,1436.98,513.24,1462.10,560.51,0.3015,1.7,0.56,0.60,22.84,2.48,45.68,-0.49,-10.00
18,1,1492.46,513.96,1517.81,562.06,0.2837,1.7,0.55,0.58,24.69,2.52,45.39,-0.28,-10.00
18,1,-1.00,-1.00,-1.00,-1.00,0.2832,1.7,0.63,0.77,-12.94,0.99,0.31,-1.57,-10.00
18,1,1597.46,513.97,1600.00,560.57,0.2773,1.7,0.62,0.65,29.98,2.59,47.75,-0.33,-10.00
18,1,-1.00,-1.00,-1.00,-1.00,0.2449,1.7,0.61,0.72,-16.01,1.10,20.99,2.52,-10.00
18,1,1479.29,513.75,1502.54,561.16,0.2328,1.7,0.53,0.53,24.37,2.50,45.75,-0.48,-10.00
18,1,659.90,449.23,689.65,521.02,0.2267,1.8,0.71,0.67,-3.60,0.75,32.22,1.43,-10.00
18,1,-1.00,-1.00,-1.00,-1.00,0.2109,1.3,0.66,0.74,-22.80,0.74,21.88,2.07,-10.00
18,1,1451.23,513.51,1476.47,560.38,0.1663,1.7,0.56,0.61,23.17,2.45,45.31,-0.53,-10.00
18,1,1575.80,514.69,1600.00,560.85,0.1540,1.8,0.63,0.68,29.64,2.64,48.51,-0.26,-10.00
18,1,-1.00,-1.00,-1.00,-1.00,0.1322,1.8,0.65,0.63,-13.11,0.39,-26.23,1.40,-10.00
18,1,-1.00,-1.00,-1.00,-1.00,0.1319,1.8,0.58,0.60,7.67,1.60,-0.27,-1.64,-10.00
18,1,1467.57,513.12,1490.48,560.10,0.1123,1.7,0.54,0.56,24.10,2.48,46.05,-0.63,-10.00
18,1,1561.14,504.04,1587.09,548.89,0.1017,1.7,0.62,0.63,29.58,2.23,49.43,-0.45,-10.00
19,1,-1.00,-1.00,-1.00,-1.00,0.3640,1.7,0.62,0.75,-15.64,0.97,19.94,2.67,-10.00
19,1,-1.00,-1.00,-1.00,-1.00,0.3439,1.8,0.66,0.64,13.01,2.01,15.12,2.90,-10.00
19,1,1471.87,513.38,1493.77,560.56,0.3234,1.7,0.53,0.58,23.86,2.46,45.34,-0.77,-10.00
19,1,1510.30,513.39,1535.94,560.48,0.3225,1.7,0.61,0.66,25.94,2.52,46.48,-0.67,-10.00
19,1,339.70,475.24,385.33,577.51,0.3220,1.7,0.61,0.57,-7.66,1.44,21.39,1.41,-10.00
19,1,-1.00,-1.00,-1.00,-1.00,0.3177,1.7,0.61,0.74,-16.62,1.04,20.65,2.63,-10.00
19,1,1498.86,513.45,1521.95,560.77,0.3051,1.7,0.55,0.60,25.08,2.49,45.76,-0.71,-10.00
19,1,1442.55,512.62,1466.04,559.63,0.2956,1.7,0.59,0.62,23.22,2.46,46.08,-0.76,-10.00
19,1,1485.81,513.53,1508.17,559.70,0.2698,1.7,0.54,0.57,24.80,2.47,46.14,-0.70,-10.00
19,1,1581.48,508.89,1600.00,553.00,0.2316,1.7,0.60,0.63,30.32,2.38,49.34,-0.38,-10.00
19,1,-1.00,-1.00,-1.00,-1.00,0.2263,1.8,0.66,0.68,36.45,2.44,34.97,2.72,-10.00
19,1,1595.95,515.44,1600.00,560.14,0.2211,1.7,0.58,0.65,30.37,2.62,48.49,-0.33,-10.00
19,1,-1.00,-1.00,-1.00,-1.00,0.2193,1.2,0.65,0.77,-22.80,0.66,21.93,1.74,-10.00
19,1,-1.00,-1.00,-1.00,-1.00,0.1888,1.7,0.56,0.57,-12.85,0.96,0.58,-1.62,-10.00
19,1,-1.00,-1.00,-1.00,-1.00,0.1822,1.7,0.62,0.72,30.46,2.57,47.77,-0.25,-10.00
19,1,1588.11,513.34,1600.00,557.99,0.1504,1.7,0.59,0.66,30.32,2.55,48.91,-0.39,-10.00
19,1,1458.25,513.57,1481.55,560.28,0.1488,1.7,0.56,0.62,23.58,2.47,45.68,-0.73,-10.00
19,1,1472.56,510.75,1494.71,556.57,0.1229,1.7,0.55,0.59,24.48,2.37,46.46,-0.74,-10.00
19,1,996.09,491.83,1018.44,542.02,0.1123,1.8,0.67,0.62,6.78,1.79,44.99,-0.13,-10.00
19,1,-1.00,-1.00,-1.00,-1.00,0.1099,1.6,0.62,0.62,-22.48,0.94,16.18,3.02,-10.00
20,1,-1.00,-1.00,-1.00,-1.00,0.4296,1.7,0.60,0.73,-17.39,0.99,20.32,2.74,-10.00
20,1,-1.00,-1.00,-1.00,-1.00,0.4276,1.7,0.63,0.77,-16.18,0.83,19.82,2.72,-10.00
20,1,-1.00,-1.00,-1.00,-1.00,0.4005,1.7,0.62,0.61,-12.61,0.96,0.56,-0.30,-10.00
20,1,341.13,468.38,391.14,571.62,0.3487,1.7,0.67,0.63,-7.60,1.34,21.41,1.41,-10.00
20,1,1476.36,513.55,1500.73,560.42,0.3384,1.7,0.53,0.59,24.27,2.47,45.73,-0.50,-10.00
20,1,-1.00,-1.00,-1.00,-1.00,0.3238,1.8,0.64,0.62,13.01,2.01,15.13,2.91,-10.00
20,1,1504.30,513.77,1528.18,559.95,0.2738,1.7,0.52,0.56,25.48,2.48,46.11,-0.37,-10.00
20,1,1523.88,514.96,1546.56,560.98,0.2696,1.7,0.52,0.52,26.44,2.54,46.58,-0.47,-10.00
20,1,-1.00,-1.00,-1.00,-1.00,0.2398,1.8,0.70,0.69,35.86,2.50,34.59,2.64,-10.00
20,1,1490.22,514.02,1511.62,559.23,0.2338,1.6,0.50,0.51,25.15,2.48,46.53,-0.54,-10.00
20,1,1448.48,513.39,1473.45,559.55,0.2092,1.7,0.56,0.61,23.66,2.48,46.48,-0.47,-10.00
20,1,-1.00,-1.00,-1.00,-1.00,0.2081,1.2,0.61,0.68,-22.65,0.65,21.88,1.52,-10.00
20,1,1592.92,509.14,1600.00,553.51,0.2071,1.7,0.60,0.62,30.79,2.41,49.40,-0.44,-10.00
20,1,1462.34,513.66,1485.83,559.03,0.1945,1.6,0.54,0.56,23.95,2.45,46.11,-0.54,-10.00
20,1,-1.00,-1.00,-1.00,-1.00,0.1751,1.7,0.65,0.72,31.13,2.63,48.19,-0.36,-10.00
20,1,1511.58,516.91,1534.99,561.94,0.1536,1.7,0.55,0.55,26.36,2.61,47.22,-0.49,-10.00
20,1,1598.47,513.79,1600.00,558.52,0.1506,1.7,0.61,0.64,30.47,2.55,48.51,-0.42,-10.00
20,1,1402.52,503.60,1428.30,550.47,0.1287,1.8,0.60,0.65,22.77,2.23,48.14,-0.32,-10.00
20,1,1572.08,509.97,1597.12,554.19,0.1267,1.7,0.60,0.61,30.01,2.44,49.46,-0.47,-10.00
20,1,659.50,452.79,685.50,523.56,0.1141,1.8,0.63,0.59,-3.65,0.81,32.21,1.48,-10.00
20,1,1524.52,517.66,1548.95,563.72,0.1127,1.7,0.57,0.59,26.66,2.66,46.87,-0.55,-10.00
20,1,1477.88,513.35,1500.22,558.18,0.1067,1.6,0.54,0.57,24.89,2.45,46.85,-0.65,-10.00
20,1,-1.00,-1.00,-1.00,-1.00,0.1021,1.7,0.61,0.64,30.77,2.55,48.92,-0.53,-10.00
21,1,-1.00,-1.00,-1.00,-1.00,0.5336,1.7,0.64,0.80,-16.90,0.86,19.52,2.84,-10.00
21,1,342.80,467.13,392.62,573.11,0.4687,1.8,0.69,0.66,-7.59,1.36,21.43,1.10,-10.00
21,1,-1.00,-1.00,-1.00,-1.00,0.4534,1.7,0.61,0.74,-18.16,0.95,19.93,2.69,-10.00
21,1,-1.00,-1.00,-1.00,-1.00,0.4208,1.7,0.63,0.56,-12.57,1.02,0.55,-0.32,-10.00
21,1,-1.00,-1.00,-1.00,-1.00,0.4014,1.8,0.66,0.63,13.01,2.00,15.11,2.85,-10.00
21,1,1495.03,515.11,1516.52,560.11,0.2925,1.7,0.50,0.51,25.55,2.53,46.93,-0.49,-10.00
21,1,1465.36,514.42,1490.28,560.69,0.2518,1.7,0.55,0.60,24.32,2.53,46.56,-0.43,-10.00
21,1,1516.02,514.49,1538.00,560.39,0.2506,1.7,0.48,0.51,25.95,2.50,46.24,-0.40,-10.00
21,1,1530.53,516.63,1552.76,562.86,0.2480,1.7,0.51,0.51,26.88,2.63,46.92,-0.47,-10.00
21,1,-1.00,-1.00,-1.00,-1.00,0.2112,1.8,0.64,0.72,31.62,2.69,48.51,-0.46,-10.00
21,1,1483.41,514.81,1507.98,561.16,0.2107,1.7,0.53,0.58,24.69,2.52,46.02,-0.39,-10.00
21,1,-1.00,-1.00,-1.00,-1.00,0.1856,1.8,0.70,0.71,35.22,2.46,34.16,2.66,-10.00
21,1,-1.00,-1.00,-1.00,-1.00,0.1703,1.8,0.64,0.70,31.21,2.51,49.40,-0.35,-10.00
21,1,624.40,452.81,650.63,522.42,0.1578,1.7,0.64,0.59,-4.55,0.78,32.23,1.42,-10.00
21,1,1540.45,518.97,1563.69,565.54,0.1392,1.7,0.52,0.52,27.11,2.72,46.66,-0.30,-10.00
21,1,1454.14,514.49,1478.65,560.71,0.1322,1.7,0.58,0.59,24.05,2.55,46.84,-0.53,-10.00
21,1,1525.28,517.35,1546.66,563.03,0.1298,1.7,0.51,0.50,26.84,2.65,47.24,-0.54,-10.00
21,1,1503.11,515.00,1526.38,561.50,0.1229,1.7,0.52,0.56,25.68,2.56,46.56,-0.48,-10.00
21,1,1591.31,511.77,1600.00,557.07,0.1180,1.8,0.63,0.66,30.81,2.55,49.47,2.84,-10.00
21,1,661.26,451.31,688.53,522.85,0.1098,1.8,0.67,0.61,-3.59,0.79,32.20,1.46,-10.00
22,1,-1.00,-1.00,-1.00,-1.00,0.5804,1.7,0.67,0.78,-12.91,1.05,0.68,-2.83,-10.00
22,1,345.26,474.30,392.39,578.63,0.4485,1.7,0.65,0.63,-7.58,1.45,21.45,1.10,-10.00
22,1,-1.00,-1.00,-1.00,-1.00,0.3583,1.8,0.65,0.62,13.02,2.03,15.11,2.87,-10.00
22,1,1523.19,514.19,1546.64,560.56,0.3200,1.7,0.51,0.56,26.41,2.53,46.55,-0.39,-10.00
22,1,1493.52,514.94,1518.86,561.70,0.3188,1.7,0.54,0.61,25.12,2.54,46.10,-0.38,-10.00
22,1,1502.11,514.64,1523.71,560.07,0.2941,1.7,0.49,0.52,26.01,2.55,47.29,-0.43,-10.00
22,1,-1.00,-1.00,-1.00,-1.00,0.2932,1.7,0.59,0.68,-18.89,0.98,19.82,2.86,-10.00
22,1,1546.62,517.99,1570.00,564.15,0.2712,1.7,0.51,0.55,27.52,2.68,46.97,-0.37,-10.00
22,1,1472.51,513.59,1496.68,559.29,0.2662,1.7,0.56,0.58,24.75,2.50,46.91,-0.49,-10.00
22,1,-1.00,-1.00,-1.00,-1.00,0.2547,1.8,0.61,0.69,-17.44,0.78,19.40,2.86,-10.00
22,1,-1.00,-1.00,-1.00,-1.00,0.2170,1.7,0.64,0.71,31.94,2.69,48.94,2.34,-10.00
22,1,-1.00,-1.00,-1.00,-1.00,0.1900,1.7,0.68,0.77,31.68,2.74,49.33,1.67,-10.00
22,1,658.83,455.11,691.05,527.10,0.1835,1.8,0.71,0.62,-3.59,0.90,32.19,0.17,-10.00
22,1,1535.75,519.64,1559.62,565.55,0.1511,1.7,0.57,0.56,27.52,2.77,47.65,-0.53,-10.00
22,1,1458.93,514.38,1482.82,560.10,0.1374,1.7,0.56,0.57,24.44,2.55,47.28,-0.49,-10.00
22,1,1536.01,516.96,1558.56,563.65,0.1233,1.7,0.53,0.53,27.31,2.68,47.31,-0.51,-10.00
22,1,-1.00,-1.00,-1.00,-1.00,0.1039,1.7,0.60,0.71,-16.96,0.73,19.52,2.95,-10.00
22,1,1507.42,514.96,1529.79,560.57,0.1013,1.7,0.51,0.54,26.05,2.55,46.96,-0.51,-10.00
23,1,-1.00,-1.00,-1.00,-1.00,0.5480,1.7,0.64,0.72,-18.13,0.67,19.13,2.85,-10.00
23,1,343.80,466.75,394.03,573.43,0.4518,1.8,0.69,0.66,-7.58,1.37,21.46,1.08,-10.00
23,1,-1.00,-1.00,-1.00,-1.00,0.4254,1.7,0.59,0.69,-19.68,0.95,19.52,2.94,-10.00
23,1,1552.01,517.10,1575.28,563.80,0.3545,1.7,0.53,0.55,27.92,2.69,47.32,-0.44,-10.00
23,1,-1.00,-1.00,-1.00,-1.00,0.3489,1.8,0.67,0.63,13.02,1.98,15.12,2.94,-10.00
23,1,-1.00,-1.00,-1.00,-1.00,0.3220,1.7,0.65,0.69,-13.06,0.99,0.94,-2.38,-10.00
23,1,1476.82,514.88,1501.11,560.43,0.2444,1.7,0.56,0.58,25.12,2.56,47.29,-0.44,-10.00
23,1,1513.17,515.15,1534.25,560.29,0.2360,1.7,0.49,0.53,26.46,2.56,47.38,-0.56,-10.00
23,1,1501.67,515.76,1525.60,561.28,0.2185,1.7,0.54,0.58,25.58,2.55,46.46,-0.50,-10.00
23,1,1530.95,514.88,1552.94,560.38,0.1940,1.7,0.49,0.54,26.87,2.54,46.89,-0.51,-10.00
23,1,1540.02,515.31,1563.11,561.72,0.1767,1.7,0.51,0.53,27.08,2.57,46.65,-0.40,-10.00
23,1,-1.00,-1.00,-1.00,-1.00,0.1624,1.2,0.69,0.76,-22.61,0.56,21.88,1.36,-10.00
23,1,307.21,465.14,350.77,571.23,0.1311,1.7,0.62,0.62,-8.12,1.31,21.10,1.15,-10.00
23,1,1473.32,516.71,1498.94,562.21,0.1245,1.7,0.58,0.62,24.87,2.61,47.02,-0.46,-10.00
24,1,344.46,469.16,391.87,574.04,0.4736,1.7,0.67,0.63,-7.59,1.38,21.46,1.11,-10.00
24,1,-1.00,-1.00,-1.00,-1.00,0.4329,1.7,0.62,0.72,-20.49,1.04,19.18,2.85,-10.00
24,1,-1.00,-1.00,-1.00,-1.00,0.4051,1.8,0.66,0.63,13.02,2.01,15.12,2.87,-10.00
24,1,-1.00,-1.00,-1.00,-1.00,0.3996,1.7,0.66,0.72,-13.30,1.07,1.17,-2.26,-10.00
24,1,1487.72,514.14,1512.65,559.57,0.3272,1.7,0.56,0.64,25.57,2.53,47.36,-0.52,-10.00
24,1,-1.00,-1.00,-1.00,-1.00,0.3021,1.8,0.64,0.71,-18.81,0.76,18.80,2.75,-10.00
24,1,1512.49,514.26,1537.53,560.44,0.2790,1.7,0.54,0.61,26.02,2.52,46.50,-0.44,-10.00
24,1,1565.29,515.58,1588.88,562.12,0.2524,1.7,0.53,0.54,28.45,2.63,47.35,-0.15,-10.00
24,1,1545.69,514.01,1569.67,560.35,0.2425,1.7,0.52,0.57,27.48,2.54,46.95,-0.33,-10.00
24,1,1558.66,515.95,1583.57,562.42,0.2053,1.7,0.57,0.57,28.43,2.66,47.71,-0.35,-10.00
24,1,1524.79,513.80,1547.90,559.08,0.1655,1.7,0.55,0.55,27.12,2.53,47.69,-0.54,-10.00
24,1,1534.09,514.14,1556.42,559.50,0.1520,1.7,0.51,0.53,27.22,2.53,47.30,-0.47,-10.00
24,1,-1.00,-1.00,-1.00,-1.00,0.1361,1.2,0.69,0.77,-22.81,0.62,21.85,1.41,-10.00
24,1,305.29,462.63,347.74,568.11,0.1112,1.7,0.61,0.62,-8.16,1.26,21.10,1.16,-10.00
25,1,-1.00,-1.00,-1.00,-1.00,0.5851,1.7,0.64,0.72,-19.36,0.67,18.67,2.84,-10.00
25,1,-1.00,-1.00,-1.00,-1.00,0.4294,1.8,0.67,0.63,13.01,2.00,15.11,2.87,-10.00
25,1,343.12,468.54,390.91,574.04,0.4159,1.7,0.68,0.62,-7.60,1.38,21.42,1.12,-10.00
25,1,-1.00,-1.00,-1.00,-1.00,0.3366,1.7,0.67,0.71,-13.51,1.11,1.40,-2.42,-10.00
25,1,1568.48,515.60,1592.77,560.62,0.2881,1.7,0.57,0.57,28.81,2.59,47.74,-0.50,-10.00
25,1,1494.52,514.53,1520.16,559.60,0.2792,1.7,0.58,0.66,26.02,2.55,47.68,-0.49,-10.00
25,1,-1.00,-1.00,-1.00,-1.00,0.2368,1.7,0.66,0.81,-21.22,0.99,19.09,2.89,-10.00
25,1,1517.20,514.62,1541.04,559.66,0.2300,1.6,0.55,0.59,26.37,2.51,46.85,-0.56,-10.00
25,1,1551.45,514.04,1575.16,559.69,0.2296,1.7,0.54,0.57,27.89,2.53,47.28,-0.49,-10.00
25,1,1561.89,516.64,1586.36,561.88,0.2117,1.7,0.59,0.60,28.78,2.66,48.10,-0.58,-10.00
25,1,1529.43,514.88,1553.30,560.03,0.1760,1.7,0.56,0.60,27.50,2.59,48.04,-0.55,-10.00
25,1,-1.00,-1.00,-1.00,-1.00,0.1622,1.8,0.64,0.64,-13.08,0.44,-26.25,1.45,-10.00
26,1,-1.00,-1.00,-1.00,-1.00,0.5417,1.7,0.64,0.65,-13.69,1.13,1.49,-1.85,-10.00
26,1,-1.00,-1.00,-1.00,-1.00,0.5159,1.8,0.66,0.63,13.01,2.00,15.09,2.84,-10.00
26,1,346.10,472.26,391.25,578.57,0.4621,1.8,0.68,0.64,-7.58,1.45,21.43,1.21,-10.00
26,1,-1.00,-1.00,-1.00,-1.00,0.3577,1.8,0.69,0.77,-20.06,0.66,18.39,2.75,-10.00
26,1,1564.07,514.32,1585.24,559.53,0.2989,1.7,0.47,0.48,28.36,2.53,47.37,-0.28,-10.00
26,1,1534.03,515.22,1559.11,560.16,0.2635,1.7,0.54,0.59,27.08,2.53,46.96,-0.32,-10.00
26,1,1581.14,516.65,1600.00,562.98,0.2168,1.7,0.58,0.57,29.52,2.70,48.10,-0.48,-10.00
26,1,1506.63,512.79,1532.71,558.03,0.2165,1.7,0.59,0.64,26.70,2.51,48.07,-0.36,-10.00
26,1,1568.36,516.32,1592.51,562.15,0.2074,1.7,0.59,0.57,29.24,2.69,48.47,-0.55,-10.00
26,1,1504.86,516.36,1529.36,560.50,0.1810,1.6,0.55,0.61,26.45,2.59,47.79,-0.43,-10.00
26,1,-1.00,-1.00,-1.00,-1.00,0.1749,1.7,0.63,0.77,-22.03,1.01,18.76,2.91,-10.00
26,1,1522.22,515.56,1547.52,560.44,0.1536,1.7,0.55,0.62,26.83,2.56,47.28,-0.38,-10.00
26,1,1580.71,514.28,1600.00,559.69,0.1265,1.7,0.52,0.55,29.29,2.56,47.79,-0.32,-10.00
26,1,1542.97,512.92,1563.93,557.56,0.1121,1.7,0.49,0.53,28.00,2.50,48.10,-0.56,-10.00
26,1,307.40,466.07,350.67,571.88,0.1077,1.7,0.64,0.65,-8.11,1.32,21.10,1.20,-10.00
27,1,-1.00,-1.00,-1.00,-1.00,0.5460,1.8,0.69,0.67,-13.74,1.10,1.59,-1.42,-10.00
27,1,343.06,467.55,391.79,574.45,0.4489,1.8,0.71,0.65,-7.59,1.39,21.44,1.31,-10.00
27,1,-1.00,-1.00,-1.00,-1.00,0.4445,1.8,0.65,0.61,13.01,2.02,15.10,2.86,-10.00
27,1,-1.00,-1.00,-1.00,-1.00,0.4147,1.7,0.67,0.74,-20.59,0.68,18.23,2.78,-10.00
27,1,-1.00,-1.00,-1.00,-1.00,0.2954,1.7,0.68,0.80,-22.61,0.84,18.69,2.93,-10.00
27,1,1569.95,514.07,1592.95,558.74,0.2938,1.7,0.54,0.53,28.82,2.52,47.71,-0.46,-10.00
27,1,1517.01,514.39,1542.52,559.09,0.2929,1.7,0.57,0.65,27.11,2.55,48.12,-0.46,-10.00
27,1,1591.10,516.64,1600.00,562.70,0.2583,1.7,0.55,0.56,29.91,2.69,48.13,-0.37,-10.00
27,1,1540.23,514.35,1564.92,559.59,0.2413,1.7,0.53,0.59,27.50,2.53,47.30,-0.34,-10.00
27,1,-1.00,-1.00,-1.00,-1.00,0.1413,1.7,0.60,0.68,-20.52,0.65,18.64,2.80,-10.00
27,1,-1.00,-1.00,-1.00,-1.00,0.1311,1.8,0.65,0.65,-13.13,0.43,-26.25,1.50,-10.00
27,1,1536.28,516.19,1563.21,560.95,0.1298,1.6,0.58,0.64,27.23,2.57,47.03,-0.32,-10.00
27,1,1581.39,513.85,1600.00,559.46,0.1074,1.7,0.54,0.54,29.11,2.53,47.44,-0.36,-10.00
27,1,1505.46,515.47,1530.57,560.29,0.1025,1.7,0.59,0.62,26.84,2.62,48.44,-0.47,-10.00
27,1,1515.41,516.75,1541.73,561.60,0.1018,1.7,0.58,0.66,26.88,2.63,47.78,-0.40,-10.00
28,1,-1.00,-1.00,-1.00,-1.00,0.5456,1.8,0.70,0.66,-13.78,1.18,1.60,-0.92,-10.00
28,1,342.77,465.29,391.66,571.86,0.5060,1.8,0.70,0.66,-7.60,1.34,21.44,1.31,-10.00
28,1,-1.00,-1.00,-1.00,-1.00,0.4763,1.7,0.62,0.66,-21.29,0.67,17.97,2.81,-10.00
28,1,-1.00,-1.00,-1.00,-1.00,0.3920,1.8,0.64,0.62,13.01,2.00,15.10,2.92,-10.00
28,1,1598.12,512.62,1600.00,557.02,0.2597,1.7,0.53,0.52,30.38,2.50,48.51,-0.42,-10.00
28,1,1549.36,517.18,1575.64,562.70,0.2584,1.7,0.56,0.64,27.93,2.65,47.40,-0.28,-10.00
28,1,1524.95,514.70,1548.05,559.88,0.2272,1.7,0.56,0.61,27.55,2.60,48.44,-0.62,-10.00
28,1,1579.84,514.25,1600.00,559.49,0.1961,1.7,0.53,0.55,29.26,2.55,47.78,-0.35,-10.00
28,1,-1.00,-1.00,-1.00,-1.00,0.1940,1.7,0.59,0.65,-21.24,0.68,18.64,2.99,-10.00
28,1,1590.70,513.45,1600.00,557.56,0.1829,1.7,0.53,0.52,30.34,2.54,48.92,-0.52,-10.00
28,1,-1.00,-1.00,-1.00,-1.00,0.1600,1.7,0.61,0.60,-13.14,0.42,-26.21,1.40,-10.00
28,1,-1.00,-1.00,-1.00,-1.00,0.1391,1.2,0.63,0.74,-22.83,0.57,21.85,1.61,-10.00
28,1,-1.00,-1.00,-1.00,-1.00,0.1357,1.7,0.65,0.77,-23.29,0.90,18.40,3.04,-10.00
28,1,1582.77,514.06,1600.00,559.56,0.1277,1.7,0.52,0.52,29.51,2.57,48.04,-0.41,-10.00
28,1,1574.27,510.34,1600.00,554.19,0.1163,1.7,0.61,0.64,30.07,2.43,49.39,-0.44,-10.00
28,1,-1.00,-1.00,-1.00,-1.00,0.1086,1.7,0.55,0.55,30.69,2.67,48.19,-0.19,-10.00
29,1,342.13,467.61,393.45,574.83,0.4655,1.8,0.73,0.67,-7.59,1.39,21.45,1.34,-10.00
29,1,-1.00,-1.00,-1.00,-1.00,0.4201,1.8,0.70,0.61,-13.83,1.13,1.74,-0.33,-10.00
29,1,-1.00,-1.00,-1.00,-1.00,0.3804,1.8,0.64,0.62,13.02,2.02,15.10,2.87,-10.00
29,1,-1.00,-1.00,-1.00,-1.00,0.3304,1.8,0.70,0.76,-21.83,0.69,17.86,2.86,-10.00
29,1,1594.39,514.27,1600.00,560.07,0.3109,1.7,0.55,0.54,30.01,2.59,48.10,-0.33,-10.00
29,1,-1.00,-1.00,-1.00,-1.00,0.2755,1.7,0.62,0.63,31.26,2.67,48.13,2.79,-10.00
29,1,1558.38,515.03,1584.67,560.40,0.2573,1.7,0.56,0.65,28.45,2.58,47.71,-0.35,-10.00
29,1,1531.88,512.75,1558.02,557.39,0.2323,1.7,0.58,0.64,27.92,2.51,48.52,-0.31,-10.00
29,1,1591.04,509.38,1600.00,554.55,0.2058,1.7,0.66,0.70,30.80,2.45,49.42,-0.17,-10.00
29,1,-1.00,-1.00,-1.00,-1.00,0.1973,1.7,0.65,0.79,-24.21,0.77,18.01,2.96,-10.00
29,1,-1.00,-1.00,-1.00,-1.00,0.1895,1.7,0.61,0.59,30.80,2.51,48.90,-0.47,-10.00
29,1,-1.00,-1.00,-1.00,-1.00,0.1703,1.7,0.58,0.56,30.81,2.57,48.51,-0.33,-10.00
29,1,-1.00,-1.00,-1.00,-1.00,0.1620,1.4,0.58,0.64,-22.63,0.57,21.86,1.53,-10.00
29,1,-1.00,-1.00,-1.00,-1.00,0.1186,1.8,0.60,0.61,-22.96,-0.56,24.39,1.46,-10.00
29,1,304.60,462.69,352.66,569.44,0.1184,1.7,0.67,0.66,-8.13,1.28,21.12,1.30,-10.00
29,1,1542.41,510.14,1568.58,555.43,0.1113,1.7,0.58,0.64,28.30,2.44,48.49,-0.32,-10.00
29,1,1598.00,512.63,1600.00,558.19,0.1076,1.7,0.61,0.58,30.43,2.54,48.50,-0.38,-10.00
29,1,-1.00,-1.00,-1.00,-1.00,0.1010,1.7,0.61,0.66,31.50,2.63,47.82,2.57,-10.00
30,1,343.89,466.58,392.33,572.65,0.4692,1.8,0.70,0.66,-7.58,1.36,21.46,1.32,-10.00
30,1,-1.00,-1.00,-1.00,-1.00,0.3970,1.7,0.65,0.68,-22.51,0.68,17.59,2.91,-10.00
30,1,-1.00,-1.00,-1.00,-1.00,0.3913,1.8,0.70,0.65,-13.83,1.16,1.74,0.73,-10.00
30,1,-1.00,-1.00,-1.00,-1.00,0.3868,1.8,0.65,0.62,13.00,2.00,15.11,2.80,-10.00
30,1,-1.00,-1.00,-1.00,-1.00,0.3079,1.7,0.62,0.68,30.78,2.63,47.69,2.62,-10.00
30,1,-1.00,-1.00,-1.00,-1.00,0.2550,1.7,0.66,0.79,-25.01,0.73,17.62,2.69,-10.00
30,1,1598.68,514.26,1600.00,560.58,0.2347,1.8,0.62,0.59,30.41,2.63,48.41,-0.43,-10.00
30,1,1541.49,515.83,1568.09,561.07,0.1944,1.7,0.61,0.64,28.30,2.65,48.53,-0.39,-10.00
30,1,-1.00,-1.00,-1.00,-1.00,0.1884,1.7,0.61,0.67,-22.47,0.64,18.23,3.01,-10.00
30,1,1562.66,515.06,1589.66,560.56,0.1861,1.7,0.60,0.66,28.83,2.61,48.05,-0.41,-10.00
30,1,1541.15,508.99,1567.38,553.29,0.1621,1.7,0.61,0.63,28.78,2.40,49.40,-0.22,-10.00
30,1,-1.00,-1.00,-1.00,-1.00,0.1546,1.8,0.62,0.61,-13.15,0.37,-26.22,1.42,-10.00
30,1,1572.28,508.67,1598.44,553.62,0.1535,1.7,0.63,0.64,30.02,2.41,49.44,-0.49,-10.00
30,1,1562.32,509.48,1587.68,553.41,0.1277,1.7,0.59,0.62,29.63,2.41,49.46,-0.37,-10.00
30,1,1548.03,511.71,1572.56,555.97,0.1272,1.7,0.58,0.59,28.76,2.48,48.95,-0.42,-10.00
30,1,-1.00,-1.00,-1.00,-1.00,0.1046,1.7,0.57,0.57,-22.47,0.96,16.19,2.74,-10.00
31,1,344.22,471.04,392.47,577.48,0.4573,1.8,0.70,0.67,-7.58,1.44,21.45,1.30,-10.00
31,1,-1.00,-1.00,-1.00,-1.00,0.4462,1.8,0.69,0.64,-13.81,1.11,1.62,-1.13,-10.00
31,1,-1.00,-1.00,-1.00,-1.00,0.3759,1.8,0.65,0.62,13.00,2.02,15.11,2.86,-10.00
31,1,-1.00,-1.00,-1.00,-1.00,0.2966,1.7,0.60,0.68,30.05,2.55,47.65,2.69,-10.00
31,1,-1.00,-1.00,-1.00,-1.00,0.2744,1.8,0.67,0.73,-23.20,0.62,17.48,2.79,-10.00
31,1,1548.29,513.43,1572.85,557.58,0.2640,1.7,0.58,0.63,28.73,2.54,48.88,-0.53,-10.00
31,1,1572.24,512.13,1599.27,557.93,0.2364,1.7,0.61,0.66,29.24,2.51,48.12,-0.45,-10.00
31,1,1552.35,508.52,1577.81,552.48,0.2228,1.7,0.60,0.63,29.20,2.37,49.38,-0.44,-10.00
31,1,-1.00,-1.00,-1.00,-1.00,0.2201,1.3,0.62,0.68,-22.63,0.53,21.91,1.83,-10.00
31,1,-1.00,-1.00,-1.00,-1.00,0.2009,1.7,0.59,0.59,-22.48,1.00,16.04,2.84,-10.00
31,1,-1.00,-1.00,-1.00,-1.00,0.1968,1.7,0.64,0.68,30.70,2.52,48.54,2.79,-10.00
31,1,1592.63,511.32,1600.00,555.99,0.1870,1.7,0.59,0.63,30.46,2.48,48.86,2.87,-10.00
31,1,-1.00,-1.00,-1.00,-1.00,0.1791,1.8,0.65,0.68,31.93,2.68,48.87,-0.09,-10.00
31,1,-1.00,-1.00,-1.00,-1.00,0.1632,1.8,0.68,0.71,31.93,2.61,49.38,-0.17,-10.00
31,1,1588.12,510.84,1600.00,556.43,0.1628,1.7,0.59,0.63,30.04,2.47,48.48,2.76,-10.00
31,1,-1.00,-1.00,-1.00,-1.00,0.1525,1.8,0.68,0.72,-13.08,0.43,-26.25,1.51,-10.00
31,1,-1.00,-1.00,-1.00,-1.00,0.1438,1.7,0.63,0.79,-25.78,0.64,17.52,2.91,-10.00
31,1,1541.56,507.48,1568.02,551.73,0.1431,1.7,0.61,0.68,28.79,2.34,49.37,-0.46,-10.00
31,1,1590.71,506.07,1600.00,551.31,0.1323,1.8,0.64,0.68,30.78,2.32,49.43,-0.29,-10.00
31,1,1557.57,512.45,1582.25,556.49,0.1224,1.7,0.57,0.63,29.14,2.50,48.98,-0.49,-10.00
31,1,1594.15,514.02,1600.00,559.74,0.1175,1.7,0.58,0.63,30.03,2.58,48.08,2.77,-10.00
31,1,1567.35,511.63,1592.37,556.07,0.1077,1.7,0.59,0.62,29.54,2.48,48.99,-0.49,-10.00
31,1,1576.21,511.91,1600.00,557.36,0.1030,1.7,0.58,0.61,29.55,2.51,48.44,2.67,-10.00
31,1,1571.32,508.15,1597.47,552.70,0.1010,1.7,0.59,0.65,29.98,2.38,49.44,-0.36,-10.00
32,1,342.73,467.82,393.51,574.76,0.4513,1.8,0.73,0.69,-7.58,1.39,21.44,1.32,-10.00
32,1,-1.00,-1.00,-1.00,-1.00,0.3981,1.8,0.68,0.62,-13.82,1.09,1.62,-0.33,-10.00
32,1,-1.00,-1.00,-1.00,-1.00,0.3954,1.8,0.63,0.59,13.01,2.02,15.10,2.77,-10.00
32,1,-1.00,-1.00,-1.00,-1.00,0.3232,1.8,0.68,0.76,-23.68,0.69,17.47,3.03,-10.00
32,1,-1.00,-1.00,-1.00,-1.00,0.3177,1.7,0.68,0.85,-26.51,0.70,17.19,2.85,-10.00
32,1,-1.00,-1.00,-1.00,-1.00,0.2623,1.8,0.64,0.69,32.37,2.63,49.37,-0.48,-10.00
32,1,656.36,453.43,691.53,525.35,0.2420,1.8,0.70,0.66,-3.62,0.86,32.21,1.14,-10.00
32,1,-1.00,-1.00,-1.00,-1.00,0.2156,1.7,0.61,0.65,29.58,2.55,47.00,2.38,-10.00
32,1,-1.00,-1.00,-1.00,-1.00,0.1903,1.7,0.63,0.68,31.25,2.62,48.83,-0.59,-10.00
32,1,1552.56,512.34,1578.21,555.83,0.1577,1.7,0.61,0.65,29.22,2.50,49.41,-0.49,-10.00
32,1,1578.08,511.16,1600.00,555.21,0.1505,1.7,0.59,0.60,29.61,2.43,48.48,0.19,-10.00
32,1,-1.00,-1.00,-1.00,-1.00,0.1467,1.7,0.64,0.72,-24.04,0.61,17.15,3.06,-10.00
32,1,302.63,464.62,348.38,570.60,0.1465,1.7,0.64,0.64,-8.18,1.30,21.12,1.28,-10.00
32,1,1559.80,513.70,1585.84,557.10,0.1392,1.7,0.59,0.63,29.23,2.52,48.94,-0.20,-10.00
32,1,-1.00,-1.00,-1.00,-1.00,0.1367,1.2,0.62,0.75,-22.64,0.56,21.90,1.54,-10.00
32,1,-1.00,-1.00,-1.00,-1.00,0.1128,1.7,0.66,0.72,31.21,2.51,49.36,-0.57,-10.00
33,1,343.33,468.60,391.33,575.30,0.4515,1.8,0.72,0.69,-7.59,1.40,21.43,1.27,-10.00
33,1,-1.00,-1.00,-1.00,-1.00,0.4190,1.8,0.66,0.73,-24.46,0.63,17.10,3.01,-10.00
33,1,-1.00,-1.00,-1.00,-1.00,0.4091,1.8,0.65,0.60,13.00,2.01,15.11,2.81,-10.00
33,1,-1.00,-1.00,-1.00,-1.00,0.3578,1.8,0.69,0.60,-13.82,1.14,1.63,-0.31,-10.00
33,1,-1.00,-1.00,-1.00,-1.00,0.3334,1.7,0.67,0.87,-27.28,0.70,16.79,2.69,-10.00
33,1,1595.08,520.06,1600.00,568.96,0.3205,1.8,0.65,0.71,29.09,2.82,46.53,-0.76,-10.00
33,1,-1.00,-1.00,-1.00,-1.00,0.2127,1.7,0.70,0.75,31.93,2.56,49.34,-0.47,-10.00
33,1,-1.00,-1.00,-1.00,-1.00,0.1968,1.8,0.66,0.68,31.67,2.66,48.93,-0.62,-10.00
33,1,661.16,456.76,687.33,527.63,0.1920,1.8,0.65,0.62,-3.61,0.91,32.20,-0.07,-10.00
33,1,304.45,463.61,346.85,569.20,0.1646,1.7,0.60,0.61,-8.18,1.28,21.13,1.27,-10.00
33,1,-1.00,-1.00,-1.00,-1.00,0.1383,1.3,0.65,0.77,-22.79,0.60,21.92,1.61,-10.00
33,1,1584.19,514.26,1600.00,558.80,0.1376,1.7,0.58,0.62,29.90,2.56,48.49,-0.34,-10.00
33,1,-1.00,-1.00,-1.00,-1.00,0.1198,1.7,0.57,0.57,-22.46,1.01,16.18,2.98,-10.00
33,1,-1.00,-1.00,-1.00,-1.00,0.1015,1.8,0.63,0.62,-13.12,0.42,-26.23,1.42,-10.00
34,1,343.79,467.98,391.26,574.83,0.4551,1.8,0.71,0.66,-7.58,1.39,21.43,1.27,-10.00
34,1,-1.00,-1.00,-1.00,-1.00,0.4035,1.8,0.64,0.61,13.01,2.03,15.11,2.93,-10.00
34,1,-1.00,-1.00,-1.00,-1.00,0.3275,1.8,0.70,0.64,-13.82,1.01,1.75,-0.31,-10.00
34,1,-1.00,-1.00,-1.00,-1.00,0.2696,1.8,0.69,0.73,-25.03,0.57,16.82,3.03,-10.00
34,1,-1.00,-1.00,-1.00,-1.00,0.2091,1.2,0.63,0.74,-22.65,0.58,21.88,1.43,-10.00
34,1,1592.45,512.51,1600.00,561.43,0.1927,1.7,0.62,0.62,28.47,2.51,45.80,2.20,-10.00
34,1,-1.00,-1.00,-1.00,-1.00,0.1622,1.7,0.62,0.74,-24.91,0.52,17.48,3.05,-10.00
34,1,661.11,456.81,689.37,527.92,0.1589,1.8,0.69,0.66,-3.59,0.92,32.23,1.46,-10.00
34,1,-1.00,-1.00,-1.00,-1.00,0.1580,1.8,0.68,0.68,32.31,2.53,49.36,-0.27,-10.00
34,1,-1.00,-1.00,-1.00,-1.00,0.1399,1.7,0.62,0.72,-27.75,0.65,16.75,2.97,-10.00
34,1,-1.00,-1.00,-1.00,-1.00,0.1076,1.7,0.63,0.68,-27.39,0.61,16.41,3.11,-10.00
35,1,344.32,472.48,389.36,577.75,0.5162,1.7,0.67,0.63,-7.60,1.44,21.43,1.27,-10.00
35,1,-1.00,-1.00,-1.00,-1.00,0.4305,1.8,0.65,0.63,13.01,1.99,15.11,2.82,-10.00
35,1,-1.00,-1.00,-1.00,-1.00,0.4096,1.7,0.65,0.66,-25.76,0.60,16.67,2.95,-10.00
35,1,-1.00,-1.00,-1.00,-1.00,0.3817,1.8,0.71,0.63,-13.83,1.12,1.75,-0.51,-10.00
35,1,1595.20,514.35,1600.00,564.65,0.2154,1.8,0.69,0.67,28.36,2.60,45.34,1.94,-10.00
35,1,-1.00,-1.00,-1.00,-1.00,0.2042,1.7,0.62,0.67,-25.77,0.54,17.40,3.01,-10.00
35,1,-1.00,-1.00,-1.00,-1.00,0.1210,1.7,0.63,0.62,-22.47,1.08,16.18,3.14,-10.00
35,1,660.02,453.65,688.33,524.15,0.1209,1.8,0.68,0.64,-3.62,0.83,32.23,1.42,-10.00
35,1,-1.00,-1.00,-1.00,-1.00,0.1166,1.8,0.63,0.61,-13.16,0.35,-26.23,1.41,-10.00
35,1,625.17,455.58,652.38,525.51,0.1096,1.7,0.65,0.60,-4.48,0.85,31.93,1.41,-10.00
36,1,341.38,467.19,392.49,573.94,0.4695,1.8,0.72,0.67,-7.60,1.38,21.44,1.35,-10.00
36,1,-1.00,-1.00,-1.00,-1.00,0.4188,1.8,0.72,0.67,-13.84,1.09,1.75,-0.52,-10.00
36,1,-1.00,-1.00,-1.00,-1.00,0.3925,1.8,0.66,0.63,13.01,1.98,15.11,2.86,-10.00
36,1,-1.00,-1.00,-1.00,-1.00,0.3057,1.8,0.75,0.81,-26.48,0.49,16.64,2.78,-10.00
36,1,657.18,451.15,690.96,522.51,0.2080,1.8,0.67,0.64,-3.61,0.78,32.23,0.27,-10.00
36,1,301.92,460.50,350.44,566.66,0.1648,1.7,0.65,0.65,-8.16,1.24,21.10,1.34,-10.00
36,1,-1.00,-1.00,-1.00,-1.00,0.1517,1.7,0.61,0.69,-29.38,0.52,15.60,2.62,-10.00
36,1,-1.00,-1.00,-1.00,-1.00,0.1092,1.7,0.66,0.73,-29.68,0.48,15.91,2.52,-10.00
36,1,-1.00,-1.00,-1.00,-1.00,0.1030,1.6,0.58,0.62,-7.81,-0.01,-33.69,1.49,-10.00
37,1,344.04,473.72,388.84,579.59,0.5522,1.8,0.68,0.65,-7.61,1.47,21.45,1.26,-10.00
37,1,-1.00,-1.00,-1.00,-1.00,0.4361,1.8,0.65,0.72,-26.95,0.53,16.26,2.71,-10.00
37,1,-1.00,-1.00,-1.00,-1.00,0.3494,1.8,0.64,0.61,13.01,2.06,15.12,2.87,-10.00
37,1,-1.00,-1.00,-1.00,-1.00,0.3320,1.8,0.70,0.63,-13.83,1.13,1.74,-0.35,-10.00
37,1,-1.00,-1.00,-1.00,-1.00,0.1568,1.7,0.65,0.72,-30.24,0.64,15.50,2.67,-10.00
37,1,-1.00,-1.00,-1.00,-1.00,0.1158,1.2,0.66,0.78,-22.63,0.62,21.87,1.73,-10.00
37,1,-1.00,-1.00,-1.00,-1.00,0.1109,1.8,0.63,0.63,-13.14,0.40,-26.25,1.51,-10.00
38,1,344.03,472.52,390.28,576.92,0.4728,1.7,0.69,0.67,-7.60,1.43,21.45,1.26,-10.00
38,1,-1.00,-1.00,-1.00,-1.00,0.4028,1.8,0.69,0.62,-13.83,1.15,1.64,2.70,-10.00
38,1,-1.00,-1.00,-1.00,-1.00,0.3002,1.8,0.66,0.65,13.00,2.04,15.13,2.97,-10.00
38,1,-1.00,-1.00,-1.00,-1.00,0.2331,1.2,0.65,0.76,-22.78,0.61,21.91,2.07,-10.00
38,1,-1.00,-1.00,-1.00,-1.00,0.2097,1.8,0.66,0.74,23.88,2.05,28.13,2.37,-10.00
38,1,-1.00,-1.00,-1.00,-1.00,0.1872,1.7,0.65,0.71,-30.98,0.66,15.16,2.78,-10.00
38,1,-1.00,-1.00,-1.00,-1.00,0.1700,1.8,0.62,0.62,-26.99,0.60,16.35,-0.17,-10.00
38,1,-1.00,-1.00,-1.00,-1.00,0.1403,1.8,0.62,0.64,-13.06,0.35,-26.20,1.44,-10.00
38,1,-1.00,-1.00,-1.00,-1.00,0.1395,1.7,0.63,0.59,-6.74,1.26,-16.12,2.93,-10.00
38,1,1576.38,514.03,1600.00,564.60,0.1373,1.8,0.67,0.65,27.60,2.59,45.21,-2.36,-10.00
38,1,306.10,464.46,352.15,570.29,0.1087,1.7,0.65,0.67,-8.12,1.30,21.13,1.28,-10.00
39,1,341.37,469.89,390.20,575.98,0.5058,1.8,0.70,0.66,-7.62,1.41,21.45,1.31,-10.00
39,1,-1.00,-1.00,-1.00,-1.00,0.3955,1.8,0.68,0.64,-13.81,1.13,1.62,-1.10,-10.00
39,1,-1.00,-1.00,-1.00,-1.00,0.3160,1.8,0.66,0.63,12.98,2.00,15.12,2.94,-10.00
39,1,-1.00,-1.00,-1.00,-1.00,0.2400,1.8,0.57,0.65,-28.21,0.42,15.62,-3.05,-10.00
39,1,-1.00,-1.00,-1.00,-1.00,0.2023,1.8,0.66,0.68,-31.73,0.40,14.72,2.86,-10.00
39,1,-1.00,-1.00,-1.00,-1.00,0.1961,1.8,0.69,0.70,23.15,1.98,27.85,3.01,-10.00
39,1,307.07,462.71,353.91,569.12,0.1236,1.7,0.66,0.67,-8.10,1.28,21.14,1.29,-10.00
39,1,-1.00,-1.00,-1.00,-1.00,0.1149,1.7,0.59,0.61,-7.80,-0.11,-33.68,1.54,-10.00
39,1,-1.00,-1.00,-1.00,-1.00,0.1126,1.8,0.65,0.63,-13.13,0.41,-26.23,1.50,-10.00
39,1,-1.00,-1.00,-1.00,-1.00,0.1091,1.6,0.65,0.66,-6.23,1.06,-29.36,2.99,-10.00
39,1,-1.00,-1.00,-1.00,-1.00,0.1049,1.3,0.61,0.69,-22.78,0.65,21.92,1.42,-10.00
40,1,342.96,468.11,392.58,573.88,0.5037,1.8,0.70,0.66,-7.59,1.38,21.45,1.34,-10.00
40,1,-1.00,-1.00,-1.00,-1.00,0.4176,1.8,0.68,0.63,-13.81,1.15,1.62,-1.01,-10.00
40,1,-1.00,-1.00,-1.00,-1.00,0.3803,1.7,0.66,0.72,22.40,2.09,27.72,2.68,-10.00
40,1,-1.00,-1.00,-1.00,-1.00,0.3483,1.8,0.67,0.69,-28.86,0.50,15.58,2.86,-10.00
40,1,-1.00,-1.00,-1.00,-1.00,0.3082,1.7,0.63,0.59,12.83,1.98,15.09,2.95,-10.00
40,1,300.40,462.03,345.04,567.60,0.1963,1.7,0.60,0.57,-8.23,1.26,21.14,1.35,-10.00
40,1,660.26,455.02,688.19,527.01,0.1877,1.8,0.68,0.63,-3.61,0.90,32.21,1.46,-10.00
40,1,-1.00,-1.00,-1.00,-1.00,0.1768,1.7,0.68,0.73,-32.50,0.45,14.42,2.83,-10.00
