0,1,471.42,444.94,507.98,524.55,0.1842,1.8,0.62,0.54,-7.31,0.74,28.35,-1.46,-10.00
0,1,-1.00,-1.00,-1.00,-1.00,0.1736,1.8,0.71,0.68,-14.72,0.62,-36.06,-1.57,-10.00
0,1,491.55,442.98,525.20,521.22,0.1297,1.7,0.57,0.51,-6.87,0.66,28.27,-1.45,-10.00
0,1,-1.00,-1.00,-1.00,-1.00,0.1249,1.7,0.66,0.71,-37.85,-1.12,-44.01,-0.91,-10.00
0,1,888.43,480.23,906.40,525.28,0.1192,1.7,0.64,0.65,3.12,1.29,48.70,-1.57,-10.00
1,1,-1.00,-1.00,-1.00,-1.00,0.2216,1.8,0.59,0.63,-21.38,-0.76,1.87,-1.48,-10.00
1,1,-1.00,-1.00,-1.00,-1.00,0.2195,1.8,0.70,0.65,35.07,2.89,34.89,-0.07,-10.00
1,1,-1.00,-1.00,-1.00,-1.00,0.1899,1.6,0.74,0.70,-24.54,-0.49,-21.17,0.15,-10.00
1,1,-1.00,-1.00,-1.00,-1.00,0.1279,1.7,0.67,0.67,28.99,2.52,33.70,3.03,-10.00
1,1,-1.00,-1.00,-1.00,-1.00,0.1005,1.7,0.62,0.66,15.36,0.91,-23.32,3.01,-10.00
2,1,-1.00,-1.00,-1.00,-1.00,0.1930,1.8,0.69,0.66,-13.16,-0.51,-42.93,-0.06,-10.00
2,1,898.16,477.23,920.26,523.46,0.1559,1.8,0.72,0.73,3.57,1.22,48.66,-0.09,-10.00
2,1,-1.00,-1.00,-1.00,-1.00,0.1469,1.8,0.62,0.63,-21.42,-0.75,-2.18,-1.55,-10.00
2,1,447.93,441.09,476.34,496.26,0.1360,1.8,0.71,0.76,-11.61,0.15,41.52,3.06,-10.00
2,1,911.42,479.30,930.52,524.99,0.1186,1.7,0.68,0.67,4.05,1.29,48.96,3.13,-10.00
2,1,-1.00,-1.00,-1.00,-1.00,0.1104,1.4,0.68,0.65,-24.18,-0.62,-25.20,1.59,-10.00
3,1,1010.73,486.21,1040.74,537.35,0.4153,1.8,0.71,0.80,7.51,1.63,45.38,-0.72,-10.00
3,1,787.77,479.42,816.46,533.09,0.1167,1.6,0.69,0.71,-0.44,1.27,39.01,1.25,-10.00
4,1,996.85,480.21,1029.22,536.66,0.3618,1.8,0.70,0.82,6.26,1.43,40.26,2.23,-10.00
4,1,756.29,468.21,792.35,536.46,0.2203,1.8,0.68,0.67,-1.13,1.21,34.21,0.77,-10.00
4,1,-1.00,-1.00,-1.00,-1.00,0.1717,1.5,0.62,0.68,37.59,3.66,40.49,1.98,-10.00
4,1,845.26,480.94,866.55,532.13,0.1190,1.4,0.58,0.71,1.14,1.15,36.22,-1.51,-10.00
4,1,-1.00,-1.00,-1.00,-1.00,0.1086,1.7,0.65,0.64,-23.14,-1.10,-21.96,0.13,-10.00
5,1,993.90,478.21,1027.90,542.35,0.3981,1.8,0.72,0.79,5.49,1.42,35.69,2.07,-10.00
5,1,739.09,471.90,781.39,549.67,0.3844,1.8,0.70,0.70,-1.33,1.37,30.14,0.80,-10.00
5,1,658.11,469.28,686.02,539.56,0.1765,1.8,0.63,0.64,-3.71,1.23,32.61,-0.01,-10.00
5,1,-1.00,-1.00,-1.00,-1.00,0.1195,1.7,0.60,0.66,36.41,3.57,35.19,-0.96,-10.00
5,1,843.33,473.53,868.57,536.65,0.1091,1.6,0.61,0.72,1.00,1.14,32.18,-1.57,-10.00
5,1,772.27,472.96,792.13,517.07,0.1084,1.7,0.69,0.67,-1.30,0.97,48.20,-0.14,-10.00
6,1,728.48,469.27,774.66,557.01,0.3595,1.8,0.71,0.68,-1.35,1.35,26.50,0.49,-10.00
6,1,994.86,479.42,1039.40,552.42,0.2637,1.8,0.75,0.84,5.03,1.51,31.69,2.31,-10.00
6,1,632.37,483.73,661.86,542.56,0.2250,1.4,0.68,0.63,-3.99,1.20,29.89,-0.06,-10.00
6,1,-1.00,-1.00,-1.00,-1.00,0.1562,1.8,0.74,0.61,-17.55,0.32,-24.00,0.03,-10.00
7,1,686.15,458.33,736.72,564.32,0.5394,1.8,0.82,0.72,-1.83,1.26,22.23,-1.58,-10.00
7,1,975.44,484.93,1029.96,573.00,0.5383,1.8,0.79,0.86,3.97,1.71,26.97,2.31,-10.00
7,1,853.33,492.66,880.25,569.27,0.2264,1.7,0.61,0.58,1.14,1.75,28.73,-3.13,-10.00
7,1,847.64,499.82,878.77,578.19,0.2080,1.7,0.62,0.60,1.03,1.89,27.84,3.05,-10.00
7,1,851.44,495.94,881.57,571.52,0.1104,1.7,0.72,0.66,1.17,1.84,29.36,-3.06,-10.00
7,1,620.61,463.41,660.22,555.43,0.1092,1.7,0.62,0.64,-3.37,1.22,24.34,0.04,-10.00
7,1,-1.00,-1.00,-1.00,-1.00,0.1086,1.7,0.64,0.67,27.61,3.57,33.72,-1.42,-10.00
7,1,-1.00,-1.00,-1.00,-1.00,0.1044,1.3,0.69,0.72,-15.02,0.68,6.26,-1.54,-10.00
7,1,577.60,498.16,613.29,554.18,0.1008,1.1,0.69,0.66,-4.45,1.25,25.51,2.91,-10.00
8,1,611.12,445.45,672.53,575.11,0.5255,1.9,0.81,0.74,-2.56,1.21,18.63,-1.61,-10.00
8,1,581.36,453.86,634.99,562.24,0.3708,1.7,0.68,0.70,-3.39,1.14,20.67,0.10,-10.00
8,1,963.81,472.63,1006.29,575.59,0.3683,1.8,0.72,0.86,3.03,1.48,22.71,1.74,-10.00
8,1,834.20,485.39,873.25,576.07,0.2721,1.8,0.71,0.61,0.74,1.67,25.29,-1.64,-10.00
8,1,820.01,487.45,855.29,579.68,0.2558,1.7,0.62,0.53,0.41,1.67,24.25,-1.63,-10.00
8,1,858.91,492.57,890.47,583.54,0.2523,1.7,0.60,0.53,1.14,1.77,24.59,-2.96,-10.00
8,1,890.09,480.77,916.40,540.62,0.2213,1.8,0.63,0.61,2.60,1.46,37.92,-0.25,-10.00
8,1,-1.00,-1.00,-1.00,-1.00,0.1492,1.2,0.76,0.85,-15.30,0.53,2.17,-1.58,-10.00
8,1,-1.00,-1.00,-1.00,-1.00,0.1112,1.8,0.64,0.59,-4.85,1.25,-47.71,1.63,-10.00
8,1,505.05,488.72,549.80,565.39,0.1060,1.3,0.59,0.63,-4.98,1.26,21.84,-0.01,-10.00
9,1,497.28,431.33,586.15,586.52,0.4567,1.8,0.75,0.73,-3.32,1.12,15.36,-2.70,-10.00
9,1,1194.20,472.45,1220.12,529.87,0.3016,1.8,0.68,0.71,12.40,1.21,40.19,1.72,-10.00
9,1,796.91,475.72,836.87,580.17,0.2825,1.8,0.67,0.57,0.02,1.51,21.86,0.17,-10.00
9,1,929.69,452.43,991.84,580.96,0.2680,1.8,0.79,1.04,2.15,1.29,18.72,1.80,-10.00
9,1,482.64,455.32,550.57,587.93,0.2390,1.7,0.65,0.60,-4.03,1.27,17.05,0.42,-10.00
9,1,-1.00,-1.00,-1.00,-1.00,0.2324,1.8,0.63,0.65,30.24,3.19,32.11,-1.50,-10.00
9,1,-1.00,-1.00,-1.00,-1.00,0.2261,1.0,0.65,0.72,-15.37,0.56,-1.57,-1.32,-10.00
9,1,780.01,480.14,828.01,587.17,0.1947,1.7,0.63,0.53,-0.20,1.56,20.91,-1.95,-10.00
9,1,821.47,479.42,860.49,586.10,0.1370,1.7,0.58,0.52,0.41,1.55,21.05,-2.90,-10.00
9,1,1542.26,509.18,1574.36,562.03,0.1273,1.7,0.65,0.62,24.28,2.29,41.44,2.89,-10.00
9,1,1517.48,507.23,1543.59,561.41,0.1216,1.7,0.61,0.56,23.25,2.26,41.24,0.16,-10.00
9,1,-1.00,-1.00,-1.00,-1.00,0.1101,1.6,0.61,0.63,35.50,3.85,23.96,-2.91,-10.00
10,1,843.08,446.11,944.01,610.82,0.3452,1.9,0.85,1.02,0.93,1.36,14.99,2.03,-10.00
10,1,1169.76,476.80,1198.40,539.31,0.2490,1.8,0.72,0.77,10.64,1.37,36.65,1.76,-10.00
10,1,312.29,410.82,415.92,603.07,0.2427,1.7,0.68,0.66,-4.26,1.02,11.92,0.80,-10.00
10,1,-1.00,-1.00,-1.00,-1.00,0.1726,1.5,0.64,0.66,28.76,3.03,30.06,-3.10,-10.00
10,1,1518.54,511.54,1550.15,561.34,0.1504,1.5,0.60,0.60,22.29,2.16,39.33,2.96,-10.00
10,1,1504.67,509.76,1533.32,560.13,0.1349,1.5,0.57,0.53,21.58,2.10,38.89,3.01,-10.00
10,1,361.68,431.92,432.08,596.40,0.1252,1.7,0.58,0.60,-4.48,1.10,13.57,1.47,-10.00
10,1,1150.47,471.72,1198.40,563.60,0.1231,1.8,0.72,0.67,7.17,1.43,25.37,-0.19,-10.00
10,1,1203.78,473.93,1242.83,561.76,0.1214,1.8,0.60,0.52,8.39,1.44,26.13,-0.29,-10.00
10,1,701.67,466.12,754.70,588.13,0.1125,1.7,0.63,0.52,-1.27,1.38,18.37,-2.73,-10.00
10,1,-1.00,-1.00,-1.00,-1.00,0.1118,1.7,0.59,0.58,-9.03,0.05,-10.91,1.51,-10.00
10,1,729.28,464.94,776.23,587.26,0.1112,1.8,0.66,0.58,-0.93,1.39,18.57,1.52,-10.00
11,1,695.66,444.51,818.60,662.61,0.5431,1.8,0.85,1.08,-0.50,1.45,11.29,1.77,-10.00
11,1,82.10,419.33,191.21,639.71,0.3367,1.7,0.58,0.55,-5.42,1.15,10.13,1.45,-10.00
11,1,0.00,387.25,98.67,659.24,0.3005,1.7,0.66,0.61,-5.30,1.09,8.51,1.36,-10.00
11,1,1096.64,479.27,1129.65,546.77,0.2361,1.8,0.68,0.72,7.85,1.45,33.49,1.54,-10.00
11,1,1454.16,520.45,1489.78,562.82,0.1762,1.2,0.64,0.70,19.51,2.11,37.69,3.05,-10.00
11,1,1439.61,510.94,1468.73,565.28,0.1568,1.6,0.56,0.56,18.75,2.16,37.23,-0.03,-10.00
11,1,-1.00,-1.00,-1.00,-1.00,0.1281,1.4,0.65,0.71,26.45,2.88,28.92,2.82,-10.00
11,1,-1.00,-1.00,-1.00,-1.00,0.1119,1.7,0.55,0.54,-7.90,0.31,-14.50,0.57,-10.00
11,1,292.61,474.75,343.34,531.84,0.1106,1.1,0.66,0.66,-9.66,0.78,24.57,0.16,-10.00
11,1,-1.00,-1.00,-1.00,-1.00,0.1076,1.8,0.62,0.60,7.82,1.73,-18.08,-2.93,-10.00
12,1,393.89,429.06,589.00,760.13,0.4513,1.8,0.81,0.95,-1.87,1.47,7.44,1.67,-10.00
12,1,-1.00,-1.00,-1.00,-1.00,0.4119,1.8,0.61,0.53,-6.42,1.30,6.60,1.47,-10.00
12,1,-1.00,-1.00,-1.00,-1.00,0.3596,1.8,0.65,0.60,-6.22,1.19,4.79,0.01,-10.00
12,1,979.67,470.74,1012.18,546.49,0.2394,1.8,0.71,0.80,4.29,1.30,30.31,1.64,-10.00
12,1,-1.00,-1.00,-1.00,-1.00,0.1986,1.2,0.60,0.64,-8.42,1.23,7.47,2.93,-10.00
12,1,598.98,477.60,625.87,528.31,0.1845,1.4,0.69,0.65,-5.69,1.02,35.35,1.35,-10.00
12,1,-1.00,-1.00,-1.00,-1.00,0.1669,1.2,0.60,0.59,-8.57,1.27,8.31,-0.20,-10.00
12,1,-1.00,-1.00,-1.00,-1.00,0.1654,1.8,0.67,0.64,2.15,0.80,-47.40,-3.04,-10.00
12,1,-1.00,-1.00,-1.00,-1.00,0.1496,1.6,0.60,0.61,29.91,3.29,20.06,0.07,-10.00
12,1,-1.00,-1.00,-1.00,-1.00,0.1436,1.4,0.65,0.74,30.36,3.26,21.68,1.89,-10.00
12,1,12.75,490.25,79.58,560.87,0.1204,1.1,0.58,0.65,-11.82,1.05,19.45,-3.12,-10.00
12,1,903.61,444.81,925.22,500.33,0.1197,1.8,0.67,0.65,3.19,0.28,41.10,0.14,-10.00
12,1,-1.00,-1.00,-1.00,-1.00,0.1057,1.1,0.60,0.68,-9.76,0.93,-8.89,0.07,-10.00
12,1,-1.00,-1.00,-1.00,-1.00,0.1054,1.7,0.63,0.61,31.08,3.25,20.06,-3.05,-10.00
13,1,-1.00,-1.00,-1.00,-1.00,0.5354,1.8,0.67,0.59,-6.66,1.32,1.12,0.13,-10.00
13,1,-1.00,-1.00,-1.00,-1.00,0.4510,0.96,0.61,0.75,-9.28,1.00,3.52,-0.21,-10.00
13,1,-1.00,-1.00,-1.00,-1.00,0.3778,1.8,0.78,0.93,-2.90,1.46,3.47,1.39,-10.00
13,1,-1.00,-1.00,-1.00,-1.00,0.3075,1.7,0.65,0.59,-7.08,1.29,2.79,1.32,-10.00
13,1,-1.00,-1.00,-1.00,-1.00,0.2749,1.2,0.58,0.62,27.44,3.18,20.37,3.13,-10.00
13,1,834.10,473.22,872.61,557.24,0.2206,1.8,0.70,0.76,0.78,1.38,26.96,1.44,-10.00
13,1,-1.00,-1.00,-1.00,-1.00,0.2120,1.3,0.58,0.60,28.57,3.12,20.54,3.09,-10.00
13,1,-1.00,-1.00,-1.00,-1.00,0.1898,1.3,0.66,0.62,-8.70,1.06,-12.92,-0.18,-10.00
13,1,-1.00,-1.00,-1.00,-1.00,0.1867,1.7,0.57,0.58,-8.59,1.35,5.45,0.15,-10.00
13,1,751.40,444.92,778.26,504.65,0.1651,1.8,0.68,0.68,-1.55,0.39,38.18,-2.99,-10.00
13,1,-1.00,-1.00,-1.00,-1.00,0.1501,1.1,0.67,0.76,-12.32,1.04,-18.47,-1.74,-10.00
13,1,-1.00,-1.00,-1.00,-1.00,0.1492,1.3,0.61,0.70,27.80,3.11,22.06,-3.02,-10.00
13,1,885.16,470.58,910.92,520.65,0.1439,1.4,0.66,0.72,2.34,0.83,36.24,0.06,-10.00
13,1,1201.23,500.81,1233.86,546.44,0.1166,1.3,0.63,0.67,11.57,1.58,36.54,-0.22,-10.00
13,1,-1.00,-1.00,-1.00,-1.00,0.1095,1.4,0.61,0.68,28.67,3.22,21.72,3.09,-10.00
13,1,-1.00,-1.00,-1.00,-1.00,0.1093,1.1,0.60,0.70,17.04,2.58,23.71,-2.72,-10.00
13,1,-1.00,-1.00,-1.00,-1.00,0.1093,1.2,0.61,0.67,-9.37,1.15,4.31,-0.16,-10.00
13,1,-1.00,-1.00,-1.00,-1.00,0.1089,1.8,0.69,0.61,-6.13,1.39,8.20,2.94,-10.00
14,1,-1.00,-1.00,-1.00,-1.00,0.3735,1.8,0.79,0.88,-3.10,1.46,-0.63,1.31,-10.00
14,1,628.65,481.63,671.81,579.02,0.2799,1.7,0.70,0.74,-3.01,1.57,22.99,1.52,-10.00
14,1,-1.00,-1.00,-1.00,-1.00,0.2683,1.0,0.62,0.65,14.25,2.44,22.17,3.03,-10.00
14,1,-1.00,-1.00,-1.00,-1.00,0.2631,1.8,0.68,0.62,-6.71,1.32,-2.80,-0.16,-10.00
14,1,539.51,438.66,569.24,504.21,0.2344,1.8,0.64,0.71,-7.16,0.34,34.62,-1.99,-10.00
14,1,-1.00,-1.00,-1.00,-1.00,0.2288,1.0,0.62,0.68,-9.80,1.20,-0.64,-1.90,-10.00
14,1,-1.00,-1.00,-1.00,-1.00,0.2068,1.7,0.61,0.54,-7.43,1.31,-1.09,0.34,-10.00
14,1,-1.00,-1.00,-1.00,-1.00,0.1868,1.1,0.66,0.72,-10.11,1.25,-0.16,1.31,-10.00
14,1,41.85,422.53,90.39,492.06,0.1681,1.3,0.71,0.67,-14.83,0.00,25.06,-0.32,-10.00
14,1,-1.00,-1.00,-1.00,-1.00,0.1183,1.8,0.69,0.87,-3.71,1.54,-0.54,-2.01,-10.00
14,1,-1.00,-1.00,-1.00,-1.00,0.1005,1.8,0.58,0.55,-9.35,1.30,1.04,0.07,-10.00
15,1,-1.00,-1.00,-1.00,-1.00,0.4123,1.8,0.78,0.88,-2.86,1.47,-4.67,1.25,-10.00
15,1,1434.88,568.46,1501.94,637.63,0.3182,1.1,0.63,0.77,10.77,2.38,20.93,3.06,-10.00
15,1,-1.00,-1.00,-1.00,-1.00,0.3091,1.7,0.62,0.60,-7.35,1.36,-5.27,-3.08,-10.00
15,1,362.50,473.77,419.82,596.34,0.2579,1.8,0.72,0.74,-6.24,1.51,18.62,1.32,-10.00
15,1,-1.00,-1.00,-1.00,-1.00,0.1341,1.2,0.62,0.69,-6.20,0.93,-27.33,-1.83,-10.00
15,1,302.18,453.74,333.40,525.48,0.1331,1.7,0.61,0.66,-12.05,0.82,30.62,1.31,-10.00
15,1,-1.00,-1.00,-1.00,-1.00,0.1269,1.1,0.62,0.75,20.95,2.80,21.33,-0.37,-10.00
15,1,-1.00,-1.00,-1.00,-1.00,0.1058,1.7,0.67,0.70,-18.27,0.10,19.53,0.28,-10.00
16,1,-1.00,-1.00,-1.00,-1.00,0.4480,1.8,0.73,0.81,-1.84,1.56,-8.70,1.24,-10.00
16,1,0.00,454.95,5.29,545.53,0.3631,1.8,0.65,0.70,-16.61,1.06,25.06,-0.09,-10.00
16,1,0.00,443.83,18.91,618.75,0.3365,1.8,0.75,0.76,-8.98,1.31,13.52,1.03,-10.00
16,1,1253.87,536.80,1317.82,607.86,0.3086,1.1,0.64,0.74,7.19,1.76,19.41,3.13,-10.00
16,1,-1.00,-1.00,-1.00,-1.00,0.2642,1.8,0.66,0.73,25.70,1.53,-48.71,2.89,-10.00
16,1,-1.00,-1.00,-1.00,-1.00,0.2078,1.5,0.61,0.67,-5.30,1.42,-10.68,1.01,-10.00
16,1,-1.00,-1.00,-1.00,-1.00,0.2000,1.7,0.62,0.61,-6.31,1.40,-9.41,0.50,-10.00
16,1,-1.00,-1.00,-1.00,-1.00,0.1554,1.2,0.58,0.68,16.70,2.27,22.99,2.87,-10.00
16,1,-1.00,-1.00,-1.00,-1.00,0.1331,1.8,0.68,0.60,-6.67,1.76,-6.98,2.82,-10.00
16,1,-1.00,-1.00,-1.00,-1.00,0.1223,1.8,0.64,0.67,36.05,1.88,-35.96,-0.84,-10.00
16,1,-1.00,-1.00,-1.00,-1.00,0.1143,1.1,0.61,0.66,17.05,2.06,21.44,-0.23,-10.00
16,1,707.06,508.99,754.54,559.37,0.1048,1.0,0.68,0.70,-1.76,1.38,26.14,-2.33,-10.00
16,1,-1.00,-1.00,-1.00,-1.00,0.1044,1.2,0.60,0.67,17.77,2.27,23.00,-0.09,-10.00
16,1,-1.00,-1.00,-1.00,-1.00,0.1037,0.96,0.68,0.73,-9.11,1.53,-9.03,0.19,-10.00
17,1,-1.00,-1.00,-1.00,-1.00,0.5919,1.8,0.78,0.90,-0.23,1.93,-12.54,1.86,-10.00
17,1,-1.00,-1.00,-1.00,-1.00,0.2997,1.7,0.61,0.66,-10.95,1.27,8.17,0.99,-10.00
17,1,940.18,502.60,987.53,555.58,0.2935,0.94,0.63,0.79,2.67,1.15,22.95,-3.13,-10.00
17,1,-1.00,-1.00,-1.00,-1.00,0.2530,1.5,0.61,0.68,-3.37,1.72,-14.55,0.77,-10.00
17,1,-1.00,-1.00,-1.00,-1.00,0.1695,1.8,0.66,0.67,39.95,1.78,10.86,-2.47,-10.00
17,1,1060.68,520.64,1125.28,593.70,0.1670,0.97,0.65,0.71,3.79,1.37,17.31,-2.65,-10.00
17,1,-1.00,-1.00,-1.00,-1.00,0.1623,1.5,0.62,0.60,-10.74,0.79,-29.21,0.29,-10.00
17,1,-1.00,-1.00,-1.00,-1.00,0.1410,1.8,0.66,0.64,-20.64,0.97,18.33,0.98,-10.00
17,1,371.86,481.72,425.00,536.61,0.1354,0.95,0.60,0.72,-7.35,0.78,22.28,1.75,-10.00
17,1,-1.00,-1.00,-1.00,-1.00,0.1134,1.8,0.65,0.61,34.01,2.53,-46.33,0.48,-10.00
17,1,-1.00,-1.00,-1.00,-1.00,0.1080,1.8,0.68,0.62,28.68,2.12,-2.70,0.30,-10.00
17,1,-1.00,-1.00,-1.00,-1.00,0.1058,1.4,0.68,0.71,-15.49,1.10,-30.95,-2.74,-10.00
17,1,436.73,485.28,489.07,545.10,0.1037,1.0,0.63,0.74,-6.21,0.93,22.27,1.71,-10.00
17,1,-1.00,-1.00,-1.00,-1.00,0.1010,1.7,0.66,0.70,-19.34,1.00,15.87,1.12,-10.00
18,1,-1.00,-1.00,-1.00,-1.00,0.4338,1.8,0.72,0.85,2.27,2.00,-15.83,1.81,-10.00
18,1,1292.13,518.46,1368.20,581.76,0.2714,0.99,0.68,0.94,8.31,1.43,20.48,2.72,-10.00
18,1,-1.00,-1.00,-1.00,-1.00,0.2686,1.8,0.62,0.72,-12.10,1.16,2.20,1.26,-10.00
18,1,-1.00,-1.00,-1.00,-1.00,0.2501,1.7,0.60,0.59,37.09,1.81,16.07,-1.44,-10.00
18,1,0.00,472.07,68.59,549.45,0.2371,1.0,0.58,0.70,-10.87,0.79,17.58,1.50,-10.00
18,1,1232.16,509.97,1297.24,572.43,0.2094,1.0,0.63,0.83,7.61,1.36,21.51,2.86,-10.00
18,1,-1.00,-1.00,-1.00,-1.00,0.1822,1.1,0.59,0.69,-11.81,0.74,17.50,0.80,-10.00
18,1,-1.00,-1.00,-1.00,-1.00,0.1503,1.7,0.66,0.61,18.38,1.89,-31.50,-3.10,-10.00
18,1,-1.00,-1.00,-1.00,-1.00,0.1384,1.8,0.65,0.69,43.99,0.86,45.36,0.77,-10.00
18,1,-1.00,-1.00,-1.00,-1.00,0.1308,1.8,0.64,0.57,28.63,2.22,0.19,0.05,-10.00
18,1,656.49,487.82,709.48,551.32,0.1158,0.98,0.66,0.72,-2.09,0.93,19.92,0.07,-10.00
18,1,1274.34,517.37,1319.78,576.12,0.1158,0.99,0.61,0.77,8.27,1.43,21.82,-1.37,-10.00
18,1,766.10,508.53,858.55,590.92,0.1122,0.92,0.66,0.92,-0.05,1.12,14.68,-2.19,-10.00
18,1,-1.00,-1.00,-1.00,-1.00,0.1088,1.5,0.68,0.61,18.43,1.84,-30.63,-2.71,-10.00
18,1,1333.94,505.95,1378.04,572.80,0.1080,1.1,0.59,0.64,9.08,1.35,21.33,1.82,-10.00
19,1,1044.52,513.09,1111.80,575.73,0.3868,0.91,0.68,0.94,3.91,1.24,18.97,-1.76,-10.00
19,1,1011.70,517.50,1059.73,576.42,0.3561,0.92,0.59,0.73,3.51,1.33,20.23,2.00,-10.00
19,1,433.38,529.62,522.35,631.80,0.3411,0.88,0.58,0.75,-3.06,1.24,11.50,1.60,-10.00
19,1,-1.00,-1.00,-1.00,-1.00,0.3401,1.8,0.64,0.63,-24.62,0.71,1.97,0.60,-10.00
19,1,-1.00,-1.00,-1.00,-1.00,0.3312,1.8,0.72,0.81,5.40,2.12,-18.35,1.71,-10.00
19,1,293.15,485.85,364.76,559.08,0.2852,0.91,0.66,0.79,-6.23,0.85,16.23,-0.28,-10.00
19,1,-1.00,-1.00,-1.00,-1.00,0.2420,1.2,0.66,0.62,-15.32,0.80,11.59,0.47,-10.00
19,1,-1.00,-1.00,-1.00,-1.00,0.2094,1.7,0.59,0.59,33.05,1.98,20.10,0.76,-10.00
19,1,375.91,550.78,488.25,643.85,0.1643,0.75,0.62,0.70,-3.34,1.28,11.02,-2.61,-10.00
19,1,-1.00,-1.00,-1.00,-1.00,0.1637,1.8,0.66,0.58,27.88,2.22,3.27,-0.15,-10.00
19,1,981.95,511.61,1043.75,575.52,0.1623,0.98,0.59,0.77,3.08,1.29,19.85,0.98,-10.00
19,1,-1.00,-1.00,-1.00,-1.00,0.1389,1.1,0.65,0.64,-15.78,0.75,12.56,0.18,-10.00
19,1,-1.00,-1.00,-1.00,-1.00,0.1267,1.2,0.66,0.70,-16.44,0.75,11.44,2.68,-10.00
19,1,-1.00,-1.00,-1.00,-1.00,0.1231,1.2,0.62,0.66,-16.84,0.65,12.35,-0.36,-10.00
19,1,362.80,538.26,467.48,639.26,0.1069,0.89,0.57,0.72,-3.73,1.33,11.79,-2.83,-10.00
19,1,-1.00,-1.00,-1.00,-1.00,0.1067,1.8,0.68,0.75,-25.00,0.67,1.53,0.43,-10.00
19,1,1093.66,512.35,1143.71,574.85,0.1058,0.95,0.64,0.68,4.72,1.28,19.73,2.00,-10.00
19,1,-1.00,-1.00,-1.00,-1.00,0.1044,1.8,0.61,0.58,-12.68,1.60,-11.78,0.30,-10.00
19,1,-1.00,-1.00,-1.00,-1.00,0.1039,1.3,0.67,0.66,-23.38,0.53,9.84,-1.11,-10.00
19,1,-1.00,-1.00,-1.00,-1.00,0.1023,1.8,0.69,0.67,-8.17,1.44,-6.28,-0.26,-10.00
20,1,0.00,546.86,64.73,680.39,0.4612,0.73,0.69,1.02,-5.35,1.09,7.84,-1.38,-10.00
20,1,808.94,514.85,863.17,581.98,0.3599,0.83,0.61,0.77,0.26,1.13,16.22,1.69,-10.00
20,1,-1.00,-1.00,-1.00,-1.00,0.3282,0.98,0.68,0.69,-17.36,0.62,5.51,1.16,-10.00
20,1,-1.00,-1.00,-1.00,-1.00,0.2422,1.5,0.67,0.64,-26.99,0.18,2.62,0.29,-10.00
20,1,-1.00,-1.00,-1.00,-1.00,0.2278,1.4,0.67,0.68,-25.38,0.80,1.42,-1.26,-10.00
20,1,-1.00,-1.00,-1.00,-1.00,0.2030,1.6,0.66,0.66,-26.89,0.52,1.62,-2.97,-10.00
20,1,-1.00,-1.00,-1.00,-1.00,0.2017,1.7,0.64,0.64,7.26,2.06,-22.26,0.48,-10.00
20,1,952.78,453.29,975.56,501.12,0.1995,1.8,0.69,0.76,5.58,0.36,47.80,-0.01,-10.00
20,1,-1.00,-1.00,-1.00,-1.00,0.1931,1.8,0.67,0.65,29.89,2.21,1.36,1.24,-10.00
20,1,-1.00,-1.00,-1.00,-1.00,0.1671,1.3,0.68,0.76,-25.00,0.68,1.99,-1.56,-10.00
20,1,-1.00,-1.00,-1.00,-1.00,0.1655,1.0,0.61,0.76,4.08,2.09,-23.91,-2.46,-10.00
20,1,-1.00,-1.00,-1.00,-1.00,0.1504,0.96,0.74,0.87,-16.52,0.63,6.23,-1.84,-10.00
20,1,-1.00,-1.00,-1.00,-1.00,0.1495,1.7,0.68,0.68,26.89,2.14,5.66,1.38,-10.00
20,1,-1.00,-1.00,-1.00,-1.00,0.1343,1.0,0.74,1.10,-4.46,1.02,5.42,-1.47,-10.00
20,1,751.63,512.08,802.16,574.60,0.1304,0.84,0.68,0.80,-0.55,1.13,17.57,1.53,-10.00
20,1,-1.00,-1.00,-1.00,-1.00,0.1281,1.8,0.68,0.70,15.46,1.39,13.73,-1.69,-10.00
20,1,-1.00,-1.00,-1.00,-1.00,0.1204,1.8,0.74,0.68,29.76,2.14,-27.84,1.50,-10.00
20,1,-1.00,-1.00,-1.00,-1.00,0.1109,1.8,0.66,0.68,-7.39,1.46,-6.98,0.18,-10.00
20,1,-1.00,-1.00,-1.00,-1.00,0.1029,0.97,0.58,0.71,-18.29,0.63,5.05,1.37,-10.00
20,1,-1.00,-1.00,-1.00,-1.00,0.1005,1.1,0.66,0.71,-22.24,0.57,0.77,-2.21,-10.00
20,1,-1.00,-1.00,-1.00,-1.00,0.1003,0.98,0.66,0.76,-9.36,0.79,11.86,-1.57,-10.00
21,1,531.15,516.65,616.89,602.39,0.5443,0.84,0.64,0.88,-2.47,1.10,12.99,-1.49,-10.00
21,1,-1.00,-1.00,-1.00,-1.00,0.5053,0.8,0.72,0.86,-6.52,1.19,3.80,-3.02,-10.00
21,1,-1.00,-1.00,-1.00,-1.00,0.3791,0.89,0.64,0.73,-18.98,0.47,-1.00,-1.69,-10.00
21,1,-1.00,-1.00,-1.00,-1.00,0.3290,1.6,0.69,0.66,-27.06,-0.04,-4.82,0.10,-10.00
21,1,-1.00,-1.00,-1.00,-1.00,0.3247,0.87,0.66,0.83,-11.01,0.88,7.07,1.43,-10.00
21,1,1258.58,456.86,1290.59,523.03,0.3028,1.8,0.67,0.64,12.36,0.85,34.18,0.05,-10.00
21,1,-1.00,-1.00,-1.00,-1.00,0.2973,1.1,0.64,0.71,-18.09,0.68,-0.47,-1.81,-10.00
21,1,-1.00,-1.00,-1.00,-1.00,0.2425,1.0,0.69,0.83,-17.27,0.73,0.32,0.34,-10.00
21,1,-1.00,-1.00,-1.00,-1.00,0.1932,1.0,0.61,0.73,-18.89,0.50,0.27,1.40,-10.00
21,1,-1.00,-1.00,-1.00,-1.00,0.1851,1.2,0.69,0.64,-25.38,0.36,-5.68,0.35,-10.00
21,1,409.13,528.64,511.66,604.62,0.1712,0.78,0.63,0.87,-3.80,1.18,13.54,0.14,-10.00
21,1,-1.00,-1.00,-1.00,-1.00,0.1672,1.0,0.60,0.74,7.67,1.97,-26.19,-1.50,-10.00
21,1,-1.00,-1.00,-1.00,-1.00,0.1651,0.91,0.65,0.91,7.24,1.96,-26.26,-1.48,-10.00
21,1,-1.00,-1.00,-1.00,-1.00,0.1629,1.4,0.67,0.67,-26.69,0.24,-5.68,0.19,-10.00
21,1,-1.00,-1.00,-1.00,-1.00,0.1276,1.0,0.68,0.92,-5.12,1.06,1.43,-1.47,-10.00
21,1,-1.00,-1.00,-1.00,-1.00,0.1195,0.99,0.66,0.71,-18.59,0.63,-0.02,-1.76,-10.00
21,1,81.34,541.14,259.01,727.24,0.1163,1.0,0.63,0.70,-3.78,1.32,7.45,-1.43,-10.00
21,1,-1.00,-1.00,-1.00,-1.00,0.1158,1.2,0.68,0.75,-24.97,0.40,-4.85,0.28,-10.00
21,1,-1.00,-1.00,-1.00,-1.00,0.1045,1.8,0.66,0.63,7.58,-0.23,-39.81,-2.55,-10.00
21,1,461.35,525.28,541.22,597.94,0.1021,0.75,0.66,1.00,-3.46,1.13,13.88,1.14,-10.00
22,1,216.99,531.11,348.55,647.79,0.4814,0.79,0.64,0.74,-3.81,1.08,9.10,-1.62,-10.00
22,1,-1.00,-1.00,-1.00,-1.00,0.4230,1.0,0.70,0.77,-11.72,0.96,2.41,0.06,-10.00
22,1,-1.00,-1.00,-1.00,-1.00,0.4072,0.97,0.66,0.69,-17.08,0.84,-4.93,-2.87,-10.00
22,1,-1.00,-1.00,-1.00,-1.00,0.3557,0.78,0.71,1.06,-6.93,1.23,-0.47,-1.40,-10.00
22,1,24.55,538.59,181.82,667.37,0.3443,0.92,0.65,0.84,-5.34,1.28,9.53,2.99,-10.00
22,1,237.77,510.55,358.38,626.20,0.2889,0.89,0.61,0.82,-4.15,1.04,10.18,1.60,-10.00
22,1,145.32,543.82,260.16,649.60,0.2660,0.81,0.59,0.78,-4.97,1.24,10.30,1.47,-10.00
22,1,-1.00,-1.00,-1.00,-1.00,0.2315,1.7,0.68,0.74,14.20,2.07,-24.54,1.17,-10.00
22,1,-1.00,-1.00,-1.00,-1.00,0.2254,1.1,0.65,0.65,-17.85,0.79,-5.78,0.87,-10.00
22,1,-1.00,-1.00,-1.00,-1.00,0.2149,1.2,0.58,0.62,-18.66,0.66,-6.53,-2.94,-10.00
22,1,-1.00,-1.00,-1.00,-1.00,0.1947,1.8,0.69,0.72,36.51,2.32,-25.89,0.30,-10.00
22,1,-1.00,-1.00,-1.00,-1.00,0.1625,1.0,0.69,0.98,-5.44,1.10,-2.53,-1.57,-10.00
22,1,612.46,477.39,636.16,521.45,0.1448,1.4,0.75,0.81,-6.40,0.99,42.24,-1.70,-10.00
22,1,-1.00,-1.00,-1.00,-1.00,0.1424,1.9,0.68,0.55,6.20,1.73,-24.98,3.11,-10.00
22,1,-1.00,-1.00,-1.00,-1.00,0.1294,1.7,0.64,0.59,-2.39,1.04,-26.60,-1.77,-10.00
22,1,-1.00,-1.00,-1.00,-1.00,0.1260,1.7,0.60,0.64,-3.09,1.27,-22.66,3.02,-10.00
22,1,-1.00,-1.00,-1.00,-1.00,0.1180,1.5,0.69,0.72,32.43,2.73,-33.11,-3.09,-10.00
22,1,-1.00,-1.00,-1.00,-1.00,0.1148,1.2,0.62,0.63,-19.50,0.66,-5.97,0.56,-10.00
22,1,-1.00,-1.00,-1.00,-1.00,0.1088,1.8,0.65,0.61,11.76,1.43,10.63,-1.53,-10.00
22,1,613.09,455.95,633.97,507.07,0.1041,1.8,0.68,0.68,-6.85,0.55,45.01,-1.66,-10.00
23,1,-1.00,-1.00,-1.00,-1.00,0.5222,0.96,0.73,0.84,-11.84,0.85,-1.82,1.49,-10.00
23,1,-1.00,-1.00,-1.00,-1.00,0.4393,1.0,0.76,0.70,-16.99,0.68,-9.44,-2.85,-10.00
23,1,-1.00,-1.00,-1.00,-1.00,0.3938,0.95,0.72,0.82,-6.93,1.23,-4.50,-3.10,-10.00
23,1,-1.00,-1.00,-1.00,-1.00,0.3483,1.2,0.59,0.59,-18.65,0.57,-9.72,0.75,-10.00
23,1,-1.00,-1.00,-1.00,-1.00,0.3431,0.74,0.73,0.86,-5.78,1.21,5.79,1.71,-10.00
23,1,-1.00,-1.00,-1.00,-1.00,0.3400,0.73,0.60,0.79,-4.61,1.13,6.21,-1.43,-10.00
23,1,-1.00,-1.00,-1.00,-1.00,0.3280,0.75,0.68,0.83,-4.26,1.24,5.30,-1.52,-10.00
23,1,-1.00,-1.00,-1.00,-1.00,0.2984,0.74,0.58,0.72,-5.45,1.32,6.28,1.66,-10.00
23,1,-1.00,-1.00,-1.00,-1.00,0.2685,1.2,0.65,0.65,-17.72,0.60,-10.22,-2.56,-10.00
23,1,-1.00,-1.00,-1.00,-1.00,0.2318,1.2,0.54,0.56,-19.15,0.54,-10.58,0.13,-10.00
23,1,-1.00,-1.00,-1.00,-1.00,0.1989,1.2,0.54,0.61,-18.52,0.56,-11.01,-2.95,-10.00
23,1,-1.00,-1.00,-1.00,-1.00,0.1970,1.1,0.68,0.71,-23.91,0.16,-16.80,-2.97,-10.00
23,1,-1.00,-1.00,-1.00,-1.00,0.1774,1.8,0.65,0.57,0.46,1.02,-28.86,-1.72,-10.00
23,1,432.97,474.08,470.77,526.62,0.1392,1.3,0.69,0.70,-8.82,0.85,30.69,0.01,-10.00
23,1,-1.00,-1.00,-1.00,-1.00,0.1279,1.7,0.61,0.57,-25.88,0.06,-16.10,2.97,-10.00
23,1,-1.00,-1.00,-1.00,-1.00,0.1238,1.7,0.64,0.64,-1.14,0.95,-30.50,-1.78,-10.00
23,1,-1.00,-1.00,-1.00,-1.00,0.1145,1.8,0.74,0.88,15.74,2.06,-27.84,-1.84,-10.00
23,1,-1.00,-1.00,-1.00,-1.00,0.1128,0.72,0.55,0.67,-4.95,1.28,5.91,-1.49,-10.00
23,1,-1.00,-1.00,-1.00,-1.00,0.1022,1.7,0.66,0.65,37.64,2.33,-27.89,2.98,-10.00
24,1,-1.00,-1.00,-1.00,-1.00,0.4437,0.8,0.54,0.64,-5.47,1.21,2.34,1.44,-10.00
24,1,-1.00,-1.00,-1.00,-1.00,0.4173,1.0,0.71,0.73,-16.97,0.48,-13.35,-2.80,-10.00
24,1,-1.00,-1.00,-1.00,-1.00,0.4045,0.78,0.76,0.93,-7.04,1.10,-8.43,-2.27,-10.00
24,1,-1.00,-1.00,-1.00,-1.00,0.3822,1.0,0.61,0.73,-11.93,0.78,-5.77,0.97,-10.00
24,1,-1.00,-1.00,-1.00,-1.00,0.3816,0.91,0.60,0.73,-4.61,1.18,2.28,-1.59,-10.00
24,1,-1.00,-1.00,-1.00,-1.00,0.3715,0.93,0.66,0.96,-6.10,1.11,1.53,3.01,-10.00
24,1,-1.00,-1.00,-1.00,-1.00,0.2977,0.89,0.58,0.76,-4.53,1.15,1.37,-1.62,-10.00
24,1,-1.00,-1.00,-1.00,-1.00,0.2872,1.1,0.59,0.58,-18.68,0.28,-13.73,-0.20,-10.00
24,1,-1.00,-1.00,-1.00,-1.00,0.2321,1.8,0.75,0.78,15.23,1.88,-31.89,1.36,-10.00
24,1,-1.00,-1.00,-1.00,-1.00,0.2283,1.1,0.65,0.60,-17.74,0.32,-14.42,-2.31,-10.00
24,1,-1.00,-1.00,-1.00,-1.00,0.1992,0.74,0.53,0.62,-5.53,1.20,1.90,1.45,-10.00
24,1,-1.00,-1.00,-1.00,-1.00,0.1979,1.7,0.62,0.74,-1.48,0.75,-34.55,1.14,-10.00
24,1,-1.00,-1.00,-1.00,-1.00,0.1741,1.1,0.64,0.64,-21.01,0.31,-20.43,2.90,-10.00
24,1,-1.00,-1.00,-1.00,-1.00,0.1520,0.7,0.71,0.81,-7.02,1.08,-8.97,0.90,-10.00
24,1,-1.00,-1.00,-1.00,-1.00,0.1396,1.8,0.65,0.59,7.24,1.65,-32.10,2.90,-10.00
24,1,-1.00,-1.00,-1.00,-1.00,0.1308,1.2,0.61,0.58,-18.60,0.28,-15.03,-2.96,-10.00
24,1,-1.00,-1.00,-1.00,-1.00,0.1229,1.8,0.62,0.61,37.38,2.48,-31.97,-2.98,-10.00
24,1,-1.00,-1.00,-1.00,-1.00,0.1217,1.7,0.61,0.69,-1.87,0.65,-34.58,-2.02,-10.00
24,1,-1.00,-1.00,-1.00,-1.00,0.1119,1.5,0.64,0.68,-23.91,-0.03,-20.00,0.04,-10.00
24,1,-1.00,-1.00,-1.00,-1.00,0.1109,1.1,0.65,0.77,10.43,1.99,-37.82,2.72,-10.00
24,1,-1.00,-1.00,-1.00,-1.00,0.1106,1.7,0.67,0.70,-0.67,1.09,-32.51,-1.75,-10.00
24,1,-1.00,-1.00,-1.00,-1.00,0.1097,0.92,0.63,0.76,11.32,1.86,-38.62,2.85,-10.00
24,1,-1.00,-1.00,-1.00,-1.00,0.1090,1.2,0.56,0.58,-19.12,0.28,-14.49,0.06,-10.00
24,1,-1.00,-1.00,-1.00,-1.00,0.1018,1.6,0.67,0.69,-25.88,-0.55,-20.09,-0.07,-10.00
25,1,-1.00,-1.00,-1.00,-1.00,0.5984,0.91,0.71,0.79,-7.05,1.00,-12.62,0.10,-10.00
25,1,-1.00,-1.00,-1.00,-1.00,0.4674,0.77,0.59,0.81,-5.48,1.16,-1.81,1.58,-10.00
25,1,-1.00,-1.00,-1.00,-1.00,0.3971,0.99,0.60,0.79,-4.33,1.25,-3.01,1.58,-10.00
25,1,-1.00,-1.00,-1.00,-1.00,0.3791,0.76,0.57,0.71,-5.93,1.11,-2.61,0.73,-10.00
25,1,-1.00,-1.00,-1.00,-1.00,0.3554,1.1,0.59,0.69,-11.96,0.88,-10.08,-0.06,-10.00
25,1,-1.00,-1.00,-1.00,-1.00,0.2040,1.8,0.73,0.70,-0.43,0.93,-36.55,0.73,-10.00
25,1,-1.00,-1.00,-1.00,-1.00,0.1978,1.1,0.61,0.63,-18.62,0.22,-17.97,1.75,-10.00
25,1,-1.00,-1.00,-1.00,-1.00,0.1888,0.81,0.64,0.96,-5.03,1.12,-1.80,1.61,-10.00
25,1,-1.00,-1.00,-1.00,-1.00,0.1789,1.0,0.60,0.66,-4.66,1.24,-1.85,1.61,-10.00
25,1,-1.00,-1.00,-1.00,-1.00,0.1755,1.7,0.65,0.64,36.96,2.43,-36.70,-1.77,-10.00
25,1,-1.00,-1.00,-1.00,-1.00,0.1590,1.2,0.66,0.64,-17.11,0.19,-17.64,-1.41,-10.00
25,1,-1.00,-1.00,-1.00,-1.00,0.1520,1.7,0.64,0.68,-1.51,0.64,-38.62,1.30,-10.00
25,1,-1.00,-1.00,-1.00,-1.00,0.1426,1.1,0.62,0.72,-18.95,0.23,-17.74,-1.67,-10.00
25,1,-1.00,-1.00,-1.00,-1.00,0.1341,0.76,0.69,0.88,-5.79,1.13,-2.14,0.99,-10.00
25,1,-1.00,-1.00,-1.00,-1.00,0.1170,1.1,0.64,0.71,-19.35,0.06,-18.81,-2.72,-10.00
25,1,-1.00,-1.00,-1.00,-1.00,0.1147,1.7,0.60,0.63,-2.44,0.66,-34.97,-0.13,-10.00
25,1,-1.00,-1.00,-1.00,-1.00,0.1105,1.8,0.60,0.51,5.17,1.60,-36.51,-0.24,-10.00
25,1,-1.00,-1.00,-1.00,-1.00,0.1061,0.9,0.61,0.94,-4.89,1.14,-2.95,-1.51,-10.00
26,1,-1.00,-1.00,-1.00,-1.00,0.4643,0.85,0.66,0.91,-4.62,1.19,-7.41,-1.58,-10.00
26,1,-1.00,-1.00,-1.00,-1.00,0.4003,0.97,0.65,0.69,-7.40,0.91,-17.03,3.11,-10.00
26,1,-1.00,-1.00,-1.00,-1.00,0.3802,0.78,0.59,0.74,-5.58,1.07,-6.44,1.52,-10.00
26,1,-1.00,-1.00,-1.00,-1.00,0.3037,0.92,0.65,0.74,-6.14,1.05,-7.22,-3.08,-10.00
26,1,-1.00,-1.00,-1.00,-1.00,0.2713,0.72,0.61,0.82,-4.99,1.14,-6.49,1.54,-10.00
26,1,-1.00,-1.00,-1.00,-1.00,0.2701,1.3,0.67,0.72,-24.76,-0.47,-29.22,-3.07,-10.00
26,1,-1.00,-1.00,-1.00,-1.00,0.1945,1.1,0.62,0.60,-19.08,-0.04,-22.33,0.24,-10.00
26,1,-1.00,-1.00,-1.00,-1.00,0.1782,1.3,0.67,0.65,-24.61,-0.44,-28.10,-3.09,-10.00
26,1,195.77,492.13,266.79,566.11,0.1752,1.0,0.67,0.87,-8.25,1.04,17.89,1.44,-10.00
26,1,-1.00,-1.00,-1.00,-1.00,0.1734,1.1,0.65,0.65,-17.46,0.18,-21.79,-1.89,-10.00
26,1,464.48,438.43,502.57,511.36,0.1645,1.8,0.74,0.84,-8.44,0.50,32.14,1.55,-10.00
26,1,-1.00,-1.00,-1.00,-1.00,0.1490,0.98,0.67,0.82,-12.23,0.57,-14.46,1.53,-10.00
26,1,-1.00,-1.00,-1.00,-1.00,0.1412,1.6,0.63,0.63,-2.29,0.37,-2.07,-1.58,-10.00
26,1,-1.00,-1.00,-1.00,-1.00,0.1371,1.3,0.56,0.60,-26.18,-0.51,-29.19,-0.08,-10.00
26,1,-1.00,-1.00,-1.00,-1.00,0.1248,1.7,0.64,0.63,-0.69,0.42,-41.02,-1.75,-10.00
26,1,-1.00,-1.00,-1.00,-1.00,0.1210,1.4,0.63,0.66,20.34,2.17,7.23,-3.07,-10.00
26,1,-1.00,-1.00,-1.00,-1.00,0.1033,0.96,0.61,0.84,-5.02,1.14,-7.68,-1.63,-10.00
27,1,-1.00,-1.00,-1.00,-1.00,0.5478,0.82,0.62,0.86,-5.85,1.17,-10.98,1.64,-10.00
27,1,-1.00,-1.00,-1.00,-1.00,0.5047,0.76,0.59,0.76,-6.28,1.11,-11.78,1.23,-10.00
27,1,-1.00,-1.00,-1.00,-1.00,0.2971,0.91,0.64,0.81,-4.74,1.22,-12.15,-1.55,-10.00
27,1,0.00,482.47,93.36,593.17,0.2166,1.1,0.76,1.05,-8.06,1.02,13.16,0.88,-10.00
27,1,-1.00,-1.00,-1.00,-1.00,0.1867,0.96,0.71,0.72,-7.87,1.15,-21.72,-2.60,-10.00
27,1,-1.00,-1.00,-1.00,-1.00,0.1443,1.7,0.66,0.76,13.59,1.92,-45.95,1.38,-10.00
27,1,-1.00,-1.00,-1.00,-1.00,0.1372,0.85,0.61,0.69,-5.49,1.24,-11.27,1.60,-10.00
27,1,-1.00,-1.00,-1.00,-1.00,0.1323,0.82,0.61,0.65,-5.07,1.28,-11.25,1.62,-10.00
27,1,-1.00,-1.00,-1.00,-1.00,0.1282,1.2,0.60,0.66,-12.62,0.83,-18.98,-1.53,-10.00
27,1,332.57,439.28,371.75,527.00,0.1112,1.8,0.74,0.80,-9.79,0.74,26.75,-1.90,-10.00
27,1,-1.00,-1.00,-1.00,-1.00,0.1086,1.7,0.64,0.62,-0.85,0.91,-45.49,-1.60,-10.00
28,1,-1.00,-1.00,-1.00,-1.00,0.4864,0.9,0.56,0.69,-4.96,1.31,-16.47,-1.99,-10.00
28,1,-1.00,-1.00,-1.00,-1.00,0.3901,1.1,0.68,0.66,-6.59,1.18,-16.04,-0.22,-10.00
28,1,-1.00,-1.00,-1.00,-1.00,0.3264,0.89,0.69,0.99,-7.88,0.93,9.03,1.59,-10.00
28,1,-1.00,-1.00,-1.00,-1.00,0.2804,0.95,0.59,0.71,-6.16,1.26,-15.29,0.12,-10.00
28,1,-1.00,-1.00,-1.00,-1.00,0.2084,0.94,0.58,0.71,-5.35,1.34,-15.42,-1.60,-10.00
28,1,-1.00,-1.00,-1.00,-1.00,0.1460,1.8,0.68,0.63,-1.09,0.60,-50.08,1.37,-10.00
28,1,-1.00,-1.00,-1.00,-1.00,0.1403,1.6,0.69,0.64,-18.39,0.55,-30.49,0.93,-10.00
28,1,-1.00,-1.00,-1.00,-1.00,0.1366,1.2,0.63,0.63,-8.22,1.13,-26.04,-3.03,-10.00
28,1,-1.00,-1.00,-1.00,-1.00,0.1257,0.88,0.58,0.67,-5.89,1.28,-15.69,0.55,-10.00
28,1,-1.00,-1.00,-1.00,-1.00,0.1093,1.7,0.64,0.70,12.85,1.78,-50.64,0.12,-10.00
29,1,-1.00,-1.00,-1.00,-1.00,0.3031,0.76,0.74,1.24,-8.08,1.16,3.51,1.63,-10.00
29,1,0.00,521.30,54.32,631.36,0.2785,0.92,0.64,0.84,-7.23,1.18,11.07,-1.63,-10.00
29,1,-1.00,-1.00,-1.00,-1.00,0.1946,1.0,0.68,0.64,-6.33,1.36,-20.82,1.68,-10.00
29,1,-1.00,-1.00,-1.00,-1.00,0.1799,0.98,0.63,0.81,-5.35,1.32,-21.84,-1.42,-10.00
29,1,-1.00,-1.00,-1.00,-1.00,0.1696,0.85,0.73,0.90,-5.46,1.36,-20.85,1.68,-10.00
29,1,-1.00,-1.00,-1.00,-1.00,0.1596,1.3,0.66,0.64,-7.00,1.40,-21.44,-1.36,-10.00
29,1,-1.00,-1.00,-1.00,-1.00,0.1220,1.8,0.60,0.58,10.18,1.21,-20.95,1.61,-10.00
29,1,-1.00,-1.00,-1.00,-1.00,0.1038,1.8,0.62,0.56,-7.57,0.93,-45.71,-0.22,-10.00
30,1,-1.00,-1.00,-1.00,-1.00,0.4389,0.85,0.72,0.98,-7.90,1.06,-1.31,-1.50,-10.00
30,1,-1.00,-1.00,-1.00,-1.00,0.3135,0.88,0.75,0.90,-7.09,1.13,6.14,-1.55,-10.00
30,1,-1.00,-1.00,-1.00,-1.00,0.2541,1.3,0.66,0.61,-7.19,1.40,-26.48,-0.23,-10.00
30,1,-1.00,-1.00,-1.00,-1.00,0.2443,1.1,0.60,0.57,-6.66,1.42,-25.61,0.47,-10.00
30,1,-1.00,-1.00,-1.00,-1.00,0.1208,1.5,0.63,0.63,-5.46,1.60,-26.96,0.60,-10.00
30,1,-1.00,-1.00,-1.00,-1.00,0.1078,1.4,0.58,0.56,-5.61,1.34,-25.74,-2.48,-10.00
31,1,-1.00,-1.00,-1.00,-1.00,0.3077,0.95,0.74,0.93,-7.94,1.10,-6.25,0.23,-10.00
31,1,-1.00,-1.00,-1.00,-1.00,0.2653,1.7,0.63,0.66,-9.12,1.64,-41.31,-1.47,-10.00
31,1,-1.00,-1.00,-1.00,-1.00,0.2551,0.91,0.63,0.78,-7.13,1.39,1.08,-1.56,-10.00
31,1,-1.00,-1.00,-1.00,-1.00,0.1861,1.2,0.63,0.75,-6.64,1.63,-30.64,1.79,-10.00
31,1,-1.00,-1.00,-1.00,-1.00,0.1441,1.7,0.65,0.68,-5.56,1.97,-31.72,-1.42,-10.00
32,1,-1.00,-1.00,-1.00,-1.00,0.3455,1.1,0.74,0.94,-7.99,1.32,-11.36,1.56,-10.00
32,1,-1.00,-1.00,-1.00,-1.00,0.2374,0.84,0.67,0.94,-7.33,1.32,-3.81,-1.51,-10.00
32,1,-1.00,-1.00,-1.00,-1.00,0.1333,1.8,0.63,0.66,-9.19,1.82,-46.28,-1.58,-10.00
32,1,-1.00,-1.00,-1.00,-1.00,0.1308,1.2,0.60,0.66,-6.34,1.67,-35.78,1.74,-10.00
33,1,-1.00,-1.00,-1.00,-1.00,0.3255,1.1,0.69,0.83,-7.99,1.35,-16.16,-0.02,-10.00
33,1,-1.00,-1.00,-1.00,-1.00,0.2637,0.82,0.68,1.00,-7.38,1.35,-8.65,-1.52,-10.00
34,1,-1.00,-1.00,-1.00,-1.00,0.1895,1.1,0.70,0.70,-8.29,1.49,-20.83,0.04,-10.00
34,1,-1.00,-1.00,-1.00,-1.00,0.1769,0.78,0.75,0.99,-7.42,1.29,-13.36,-1.48,-10.00
34,1,-1.00,-1.00,-1.00,-1.00,0.1493,1.7,0.69,0.78,12.87,2.11,-51.09,-1.51,-10.00
34,1,-1.00,-1.00,-1.00,-1.00,0.1133,1.8,0.75,0.77,9.69,1.92,-45.82,1.55,-10.00
35,1,-1.00,-1.00,-1.00,-1.00,0.1188,1.2,0.74,0.76,-8.23,1.41,-25.38,0.75,-10.00
36,1,-1.00,-1.00,-1.00,-1.00,0.1088,1.2,0.73,0.75,-8.24,1.39,-29.83,0.48,-10.00
37,1,-1.00,-1.00,-1.00,-1.00,0.1140,1.8,0.60,0.63,40.69,2.82,0.77,1.53,-10.00
37,1,-1.00,-1.00,-1.00,-1.00,0.1113,1.7,0.72,0.70,-9.61,1.41,-45.76,-0.23,-10.00
37,1,-1.00,-1.00,-1.00,-1.00,0.1020,1.1,0.66,0.74,-7.50,1.44,-26.91,-1.53,-10.00
38,1,1250.54,490.11,1272.26,535.82,0.1152,1.7,0.62,0.62,17.07,1.69,48.56,0.02,-10.00
39,1,-1.00,-1.00,-1.00,-1.00,0.1566,1.7,0.69,0.67,-8.68,1.56,-41.78,-2.92,-10.00
