0,1,-1.00,-1.00,-1.00,-1.00,0.4303,1.8,0.59,0.61,14.02,0.98,-10.27,-1.24,-10.00
0,1,1162.18,459.55,1212.08,550.95,0.3860,1.7,0.71,0.81,6.84,1.53,23.81,1.62,-10.00
0,1,-1.00,-1.00,-1.00,-1.00,0.3744,1.8,0.60,0.61,-25.51,2.45,30.43,-1.64,-10.00
0,1,-1.00,-1.00,-1.00,-1.00,0.3396,1.9,0.79,0.81,7.25,0.99,-24.76,-1.37,-10.00
0,1,-1.00,-1.00,-1.00,-1.00,0.3238,1.8,0.70,0.71,4.99,0.96,-25.86,-1.64,-10.00
0,1,-1.00,-1.00,-1.00,-1.00,0.2996,1.8,0.71,0.71,6.63,1.03,-23.97,-1.37,-10.00
0,1,-1.00,-1.00,-1.00,-1.00,0.2407,1.8,0.71,0.81,11.00,1.35,12.01,-1.50,-10.00
0,1,-1.00,-1.00,-1.00,-1.00,0.2398,1.8,0.59,0.63,-24.62,2.35,30.16,-1.57,-10.00
0,1,-1.00,-1.00,-1.00,-1.00,0.1236,1.7,0.67,0.64,-31.52,2.59,16.26,1.41,-10.00
0,1,-1.00,-1.00,-1.00,-1.00,0.1203,1.8,0.69,0.71,32.62,0.89,-6.87,-1.65,-10.00
0,1,-1.00,-1.00,-1.00,-1.00,0.1151,1.8,0.61,0.68,-25.07,2.30,30.47,-1.58,-10.00
0,1,1329.03,451.09,1378.55,555.62,0.1006,1.8,0.65,0.60,9.34,1.51,22.22,-3.02,-10.00
1,1,1249.31,431.39,1317.86,557.03,0.5527,1.8,0.71,0.79,6.75,1.28,18.55,1.63,-10.00
1,1,-1.00,-1.00,-1.00,-1.00,0.5007,1.8,0.70,0.73,-32.10,2.69,10.85,2.92,-10.00
1,1,-1.00,-1.00,-1.00,-1.00,0.4737,1.8,0.68,0.66,6.30,0.98,-29.46,-0.57,-10.00
1,1,-1.00,-1.00,-1.00,-1.00,0.4596,1.8,0.73,0.77,4.71,1.00,-31.41,2.20,-10.00
1,1,1471.29,435.18,1542.65,568.73,0.3866,1.8,0.60,0.59,9.23,1.33,17.02,-3.10,-10.00
1,1,-1.00,-1.00,-1.00,-1.00,0.3545,1.8,0.71,0.76,7.01,0.98,-30.23,2.73,-10.00
1,1,-1.00,-1.00,-1.00,-1.00,0.3538,1.8,0.73,0.89,10.72,1.27,5.85,1.62,-10.00
1,1,-1.00,-1.00,-1.00,-1.00,0.3098,1.8,0.61,0.66,-25.63,2.33,24.50,1.60,-10.00
1,1,-1.00,-1.00,-1.00,-1.00,0.2957,1.8,0.57,0.62,-24.82,2.45,24.44,1.60,-10.00
1,1,-1.00,-1.00,-1.00,-1.00,0.2190,1.8,0.70,0.68,13.93,0.84,-15.50,-2.87,-10.00
2,1,-1.00,-1.00,-1.00,-1.00,0.6199,1.8,0.72,0.92,10.63,1.17,0.04,1.58,-10.00
2,1,-1.00,-1.00,-1.00,-1.00,0.5351,1.8,0.66,0.73,-25.09,2.44,-16.43,-1.57,-10.00
2,1,-1.00,-1.00,-1.00,-1.00,0.4182,1.8,0.67,0.70,-32.89,2.75,4.92,2.76,-10.00
2,1,-1.00,-1.00,-1.00,-1.00,0.3094,1.8,0.72,0.72,4.68,0.89,-36.77,2.64,-10.00
2,1,-1.00,-1.00,-1.00,-1.00,0.2997,1.8,0.63,0.68,6.73,0.89,-35.54,2.76,-10.00
2,1,-1.00,-1.00,-1.00,-1.00,0.2449,1.8,0.67,0.71,6.12,1.00,-34.80,2.64,-10.00
2,1,-1.00,-1.00,-1.00,-1.00,0.2312,1.8,0.62,0.72,-25.22,2.25,18.40,1.54,-10.00
2,1,1388.86,416.00,1478.83,587.67,0.2285,1.8,0.60,0.64,6.47,1.24,13.38,1.60,-10.00
2,1,-1.00,-1.00,-1.00,-1.00,0.2157,1.8,0.68,0.68,9.04,1.31,11.82,-3.00,-10.00
2,1,-1.00,-1.00,-1.00,-1.00,0.1840,1.8,0.55,0.57,-26.06,2.38,18.85,1.58,-10.00
2,1,-1.00,-1.00,-1.00,-1.00,0.1436,1.8,0.60,0.58,-30.02,2.66,-18.85,-1.59,-10.00
2,1,-1.00,-1.00,-1.00,-1.00,0.1305,1.8,0.58,0.63,-26.30,2.43,19.23,-1.56,-10.00
2,1,-1.00,-1.00,-1.00,-1.00,0.1145,1.8,0.67,0.67,-43.63,3.14,-23.37,0.13,-10.00
2,1,-1.00,-1.00,-1.00,-1.00,0.1038,1.8,0.58,0.69,-25.99,2.34,18.14,1.60,-10.00
3,1,-1.00,-1.00,-1.00,-1.00,0.4203,1.8,0.75,0.94,10.57,1.02,-5.21,1.57,-10.00
3,1,-1.00,-1.00,-1.00,-1.00,0.3468,1.9,0.72,0.69,-33.68,2.77,-0.37,2.75,-10.00
3,1,-1.00,-1.00,-1.00,-1.00,0.3173,1.8,0.71,0.86,-24.90,2.54,-20.73,-1.56,-10.00
3,1,-1.00,-1.00,-1.00,-1.00,0.3029,1.8,0.69,0.75,6.36,1.31,8.66,1.57,-10.00
3,1,-1.00,-1.00,-1.00,-1.00,0.3014,1.8,0.68,0.78,5.89,0.88,-39.81,2.71,-10.00
3,1,-1.00,-1.00,-1.00,-1.00,0.2937,1.9,0.76,0.81,4.45,0.72,-41.77,3.00,-10.00
3,1,-1.00,-1.00,-1.00,-1.00,0.2774,1.9,0.73,0.73,-29.55,2.12,-50.01,2.26,-10.00
3,1,-1.00,-1.00,-1.00,-1.00,0.2770,1.9,0.67,0.67,6.62,0.85,-40.40,2.86,-10.00
3,1,-1.00,-1.00,-1.00,-1.00,0.2058,1.8,0.70,0.64,-29.96,2.56,-23.89,1.65,-10.00
3,1,-1.00,-1.00,-1.00,-1.00,0.1620,1.9,0.67,0.70,-50.33,2.42,-11.36,1.58,-10.00
3,1,-1.00,-1.00,-1.00,-1.00,0.1379,1.8,0.60,0.61,12.56,0.70,-43.11,3.13,-10.00
3,1,-1.00,-1.00,-1.00,-1.00,0.1281,1.8,0.64,0.63,-12.85,0.52,-35.55,1.56,-10.00
3,1,-1.00,-1.00,-1.00,-1.00,0.1091,1.8,0.59,0.60,12.47,0.76,-44.01,3.12,-10.00
3,1,-1.00,-1.00,-1.00,-1.00,0.1011,1.9,0.66,0.68,13.01,0.71,-44.38,2.75,-10.00
4,1,-1.00,-1.00,-1.00,-1.00,0.4670,1.8,0.68,0.89,10.54,0.93,-11.21,1.55,-10.00
4,1,-1.00,-1.00,-1.00,-1.00,0.4207,1.9,0.81,0.85,3.75,0.61,-47.09,3.00,-10.00
4,1,-1.00,-1.00,-1.00,-1.00,0.3776,1.9,0.72,0.71,6.18,0.61,-45.94,-3.12,-10.00
4,1,-1.00,-1.00,-1.00,-1.00,0.3477,1.8,0.63,0.66,-25.62,2.35,6.96,1.56,-10.00
4,1,-1.00,-1.00,-1.00,-1.00,0.3257,1.9,0.74,0.77,5.39,0.70,-45.13,-3.12,-10.00
4,1,-1.00,-1.00,-1.00,-1.00,0.2613,1.8,0.69,0.83,-24.93,2.19,-25.28,-1.55,-10.00
4,1,-1.00,-1.00,-1.00,-1.00,0.2525,1.8,0.70,0.71,-34.54,2.45,-5.98,2.87,-10.00
4,1,-1.00,-1.00,-1.00,-1.00,0.2514,1.8,0.68,0.70,6.39,1.36,3.34,-1.53,-10.00
4,1,-1.00,-1.00,-1.00,-1.00,0.2193,1.8,0.56,0.63,-26.19,2.38,6.93,1.58,-10.00
4,1,-1.00,-1.00,-1.00,-1.00,0.1834,1.8,0.65,0.65,-30.02,2.23,-29.22,-1.57,-10.00
4,1,-1.00,-1.00,-1.00,-1.00,0.1317,1.8,0.63,0.61,-33.00,2.64,-31.55,1.61,-10.00
4,1,-1.00,-1.00,-1.00,-1.00,0.1219,1.8,0.69,0.78,-18.43,1.81,-27.57,1.15,-10.00
4,1,-1.00,-1.00,-1.00,-1.00,0.1120,1.8,0.62,0.63,-28.33,1.99,-41.57,0.34,-10.00
4,1,-1.00,-1.00,-1.00,-1.00,0.1012,1.8,0.69,0.81,-39.54,2.64,-14.74,-0.18,-10.00
5,1,-1.00,-1.00,-1.00,-1.00,0.5769,1.9,0.75,0.91,10.47,1.04,-17.91,1.52,-10.00
5,1,-1.00,-1.00,-1.00,-1.00,0.5094,1.8,0.69,0.74,6.69,1.49,-2.60,-0.02,-10.00
5,1,-1.00,-1.00,-1.00,-1.00,0.3870,1.9,0.74,0.92,-25.22,2.11,-30.32,-1.55,-10.00
5,1,-1.00,-1.00,-1.00,-1.00,0.2766,1.8,0.64,0.78,-25.70,1.95,0.60,1.58,-10.00
5,1,-1.00,-1.00,-1.00,-1.00,0.2751,1.8,0.76,0.72,-35.19,2.32,-11.99,2.75,-10.00
5,1,-1.00,-1.00,-1.00,-1.00,0.2589,1.8,0.60,0.66,-26.47,1.98,0.88,1.61,-10.00
5,1,-1.00,-1.00,-1.00,-1.00,0.2115,1.7,0.63,0.62,13.84,0.79,-36.44,-1.66,-10.00
5,1,-1.00,-1.00,-1.00,-1.00,0.1996,1.9,0.83,0.87,4.53,1.10,-51.11,-2.37,-10.00
5,1,61.87,487.83,90.91,540.08,0.1428,1.8,0.62,0.58,-26.46,2.47,44.19,0.17,-10.00
5,1,-1.00,-1.00,-1.00,-1.00,0.1370,1.8,0.64,0.65,-26.64,2.18,30.55,1.52,-10.00
5,1,-1.00,-1.00,-1.00,-1.00,0.1349,1.8,0.56,0.51,-27.96,2.20,-26.79,-0.02,-10.00
5,1,-1.00,-1.00,-1.00,-1.00,0.1062,1.8,0.58,0.53,8.60,1.39,-4.00,3.07,-10.00
6,1,-1.00,-1.00,-1.00,-1.00,0.5369,1.8,0.73,0.87,10.40,0.95,-23.90,1.59,-10.00
6,1,-1.00,-1.00,-1.00,-1.00,0.3703,1.8,0.65,0.76,-26.59,1.86,-5.17,1.59,-10.00
6,1,-1.00,-1.00,-1.00,-1.00,0.2861,1.8,0.55,0.64,-25.76,1.96,-5.24,1.58,-10.00
6,1,-1.00,-1.00,-1.00,-1.00,0.2816,1.9,0.76,0.87,-25.04,1.93,-34.90,-1.54,-10.00
6,1,-1.00,-1.00,-1.00,-1.00,0.2162,1.8,0.60,0.55,-28.00,2.12,-32.37,-0.04,-10.00
6,1,-1.00,-1.00,-1.00,-1.00,0.1438,1.6,0.61,0.58,-26.63,2.39,38.90,0.32,-10.00
6,1,698.55,467.11,717.88,520.27,0.1363,1.8,0.58,0.62,-4.07,1.72,43.10,-1.54,-10.00
6,1,663.19,449.19,681.54,502.17,0.1223,1.8,0.59,0.62,-5.32,1.10,43.25,1.51,-10.00
6,1,-1.00,-1.00,-1.00,-1.00,0.1189,1.8,0.64,0.61,-30.21,1.71,-40.44,1.55,-10.00
6,1,1263.28,455.12,1296.31,514.24,0.1138,1.8,0.69,0.71,13.75,1.33,38.02,1.57,-10.00
6,1,-1.00,-1.00,-1.00,-1.00,0.1026,1.8,0.74,0.72,11.32,1.23,-51.31,-1.55,-10.00
7,1,-1.00,-1.00,-1.00,-1.00,0.3353,1.9,0.75,0.93,10.39,0.78,-30.01,1.53,-10.00
7,1,-1.00,-1.00,-1.00,-1.00,0.3160,1.9,0.68,0.72,-25.34,2.00,-39.55,-1.62,-10.00
7,1,-1.00,-1.00,-1.00,-1.00,0.3089,1.7,0.56,0.65,-25.80,1.88,-11.05,1.57,-10.00
7,1,-1.00,-1.00,-1.00,-1.00,0.3028,1.8,0.65,0.71,10.83,1.40,11.84,-1.57,-10.00
7,1,-1.00,-1.00,-1.00,-1.00,0.2737,1.8,0.61,0.68,-26.61,1.97,-11.05,1.59,-10.00
7,1,-1.00,-1.00,-1.00,-1.00,0.2690,1.9,0.75,0.81,10.35,1.31,4.88,1.56,-10.00
7,1,-1.00,-1.00,-1.00,-1.00,0.2607,1.9,0.67,0.57,-26.98,2.50,27.26,1.58,-10.00
7,1,1333.35,455.53,1371.53,519.63,0.2511,1.6,0.67,0.66,13.66,1.28,32.57,-1.55,-10.00
7,1,-1.00,-1.00,-1.00,-1.00,0.2493,1.9,0.73,0.77,-36.75,2.38,-23.37,2.56,-10.00
7,1,-1.00,-1.00,-1.00,-1.00,0.1693,1.8,0.54,0.54,-28.10,1.84,-37.55,-0.04,-10.00
7,1,-1.00,-1.00,-1.00,-1.00,0.1397,1.8,0.62,0.58,-26.72,2.40,33.63,-0.02,-10.00
8,1,-1.00,-1.00,-1.00,-1.00,0.5707,1.8,0.70,0.86,10.79,1.31,7.34,-1.56,-10.00
8,1,-1.00,-1.00,-1.00,-1.00,0.3833,1.7,0.58,0.67,-25.91,1.82,-16.86,1.62,-10.00
8,1,-1.00,-1.00,-1.00,-1.00,0.3151,1.8,0.64,0.70,-25.44,1.80,-44.31,-1.60,-10.00
8,1,-1.00,-1.00,-1.00,-1.00,0.3056,1.8,0.57,0.66,-26.71,1.82,-16.82,1.61,-10.00
8,1,974.11,462.29,995.87,514.77,0.2439,1.8,0.63,0.65,5.55,1.56,43.91,-1.61,-10.00
8,1,-1.00,-1.00,-1.00,-1.00,0.2275,1.8,0.62,0.56,-26.81,2.63,28.14,1.48,-10.00
8,1,-1.00,-1.00,-1.00,-1.00,0.1500,1.5,0.68,0.69,-37.33,2.13,9.45,3.01,-10.00
8,1,-1.00,-1.00,-1.00,-1.00,0.1409,1.8,0.62,0.63,-18.04,1.86,-18.03,0.33,-10.00
8,1,-1.00,-1.00,-1.00,-1.00,0.1313,1.9,0.61,0.55,-28.21,1.76,-43.08,-0.05,-10.00
9,1,-1.00,-1.00,-1.00,-1.00,0.6570,1.8,0.69,0.89,10.60,1.33,2.85,-1.64,-10.00
9,1,-1.00,-1.00,-1.00,-1.00,0.4538,1.8,0.60,0.66,-26.04,1.55,-22.73,1.59,-10.00
9,1,-1.00,-1.00,-1.00,-1.00,0.4027,1.8,0.62,0.66,-26.85,1.54,-22.68,1.60,-10.00
9,1,-1.00,-1.00,-1.00,-1.00,0.3594,1.8,0.59,0.70,10.12,0.95,-7.08,1.48,-10.00
9,1,199.35,502.16,239.15,575.38,0.1915,1.8,0.60,0.65,-14.75,2.55,30.44,-1.49,-10.00
10,1,-1.00,-1.00,-1.00,-1.00,0.6496,1.8,0.67,0.87,10.60,1.25,-1.83,-1.56,-10.00
10,1,-1.00,-1.00,-1.00,-1.00,0.2770,1.8,0.70,0.84,9.77,1.02,-13.38,1.62,-10.00
10,1,-1.00,-1.00,-1.00,-1.00,0.2488,1.8,0.59,0.64,-26.99,1.37,-28.40,1.63,-10.00
10,1,-1.00,-1.00,-1.00,-1.00,0.2218,1.8,0.56,0.59,-26.20,1.36,-28.44,1.64,-10.00
10,1,-1.00,-1.00,-1.00,-1.00,0.2008,1.9,0.68,0.73,21.45,-2.35,-19.33,-1.55,-10.00
10,1,-1.00,-1.00,-1.00,-1.00,0.1084,1.7,0.62,0.64,-18.39,1.46,-28.76,1.67,-10.00
11,1,-1.00,-1.00,-1.00,-1.00,0.6425,1.8,0.70,0.89,10.62,1.21,-6.35,-1.53,-10.00
11,1,-1.00,-1.00,-1.00,-1.00,0.3977,1.8,0.63,0.66,-27.32,1.28,-34.29,1.60,-10.00
11,1,-1.00,-1.00,-1.00,-1.00,0.3959,1.8,0.71,0.90,9.68,1.07,-19.52,1.59,-10.00
11,1,-1.00,-1.00,-1.00,-1.00,0.2924,1.8,0.54,0.57,-26.44,1.24,-34.37,1.65,-10.00
11,1,-1.00,-1.00,-1.00,-1.00,0.1790,1.9,0.69,0.62,-26.57,1.72,28.88,-2.41,-10.00
11,1,-1.00,-1.00,-1.00,-1.00,0.1327,1.9,0.76,0.78,21.24,-2.30,-24.20,-1.64,-10.00
11,1,-1.00,-1.00,-1.00,-1.00,0.1165,1.9,0.65,0.78,-30.61,1.07,-34.22,1.59,-10.00
11,1,-1.00,-1.00,-1.00,-1.00,0.1143,1.5,0.66,0.60,-27.27,2.11,5.70,-0.15,-10.00
11,1,-1.00,-1.00,-1.00,-1.00,0.1067,1.9,0.65,0.76,-30.13,1.07,-34.27,1.58,-10.00
12,1,-1.00,-1.00,-1.00,-1.00,0.4052,1.8,0.68,0.82,9.53,1.04,-25.46,1.63,-10.00
12,1,-1.00,-1.00,-1.00,-1.00,0.2470,1.8,0.67,0.86,10.78,1.21,-10.98,-1.48,-10.00
12,1,1164.39,479.10,1197.75,540.36,0.1278,1.8,0.69,0.81,10.56,2.09,37.34,-3.05,-10.00
12,1,109.13,496.68,138.55,546.10,0.1016,1.8,0.66,0.66,-26.53,2.87,47.29,0.22,-10.00
13,1,-1.00,-1.00,-1.00,-1.00,0.3270,1.8,0.67,0.74,10.73,1.15,-15.45,-1.50,-10.00
13,1,-1.00,-1.00,-1.00,-1.00,0.2591,1.8,0.70,0.87,9.17,1.04,-31.60,1.64,-10.00
13,1,1359.73,454.18,1395.12,510.10,0.2412,1.8,0.67,0.84,18.35,1.33,41.75,-3.10,-10.00
13,1,1187.56,462.82,1217.64,527.21,0.2076,1.8,0.63,0.65,10.64,1.61,35.47,-1.53,-10.00
13,1,22.04,503.01,52.92,554.56,0.1913,1.7,0.63,0.58,-26.48,2.83,42.05,0.07,-10.00
13,1,1344.45,457.72,1376.07,516.32,0.1864,1.8,0.68,0.71,16.70,1.44,39.22,-1.47,-10.00
13,1,1158.54,465.97,1185.08,528.65,0.1834,1.8,0.60,0.65,9.86,1.67,35.81,1.68,-10.00
13,1,-1.00,-1.00,-1.00,-1.00,0.1810,1.8,0.68,0.67,-39.84,2.81,-11.43,3.12,-10.00
13,1,-1.00,-1.00,-1.00,-1.00,0.1614,1.8,0.63,0.64,-26.77,1.05,-45.99,1.65,-10.00
13,1,1148.01,467.03,1179.75,529.55,0.1478,1.8,0.63,0.63,9.82,1.73,36.49,0.76,-10.00
13,1,-1.00,-1.00,-1.00,-1.00,0.1405,1.8,0.67,0.68,-41.16,2.70,-10.99,-0.04,-10.00
13,1,-1.00,-1.00,-1.00,-1.00,0.1350,1.8,0.64,0.57,-26.73,2.35,31.33,0.10,-10.00
13,1,-1.00,-1.00,-1.00,-1.00,0.1087,1.6,0.56,0.58,-25.57,2.03,23.41,-1.54,-10.00
13,1,-1.00,-1.00,-1.00,-1.00,0.1057,1.8,0.70,0.78,-29.42,2.63,35.74,0.15,-10.00
14,1,1429.83,470.25,1467.87,538.43,0.4710,1.8,0.66,0.71,16.93,1.86,34.08,-0.76,-10.00
14,1,-1.00,-1.00,-1.00,-1.00,0.3162,1.8,0.68,0.81,8.94,0.83,-37.80,1.71,-10.00
14,1,-1.00,-1.00,-1.00,-1.00,0.2724,1.8,0.63,0.77,10.75,1.08,-19.98,-1.44,-10.00
14,1,1444.06,462.95,1477.03,528.21,0.2504,1.9,0.66,0.59,18.28,1.67,36.14,-3.03,-10.00
14,1,761.10,477.64,779.09,526.40,0.1649,1.8,0.63,0.68,-2.09,2.08,46.31,-1.59,-10.00
14,1,-1.00,-1.00,-1.00,-1.00,0.1512,1.8,0.59,0.59,-18.57,1.75,-28.88,1.54,-10.00
14,1,-1.00,-1.00,-1.00,-1.00,0.1440,1.8,0.73,0.70,-39.97,2.83,-16.70,1.80,-10.00
14,1,-1.00,-1.00,-1.00,-1.00,0.1419,1.8,0.74,0.71,-37.41,2.29,-6.99,0.26,-10.00
15,1,1539.87,452.08,1581.58,531.19,0.4223,1.8,0.59,0.54,16.91,1.41,28.87,-3.14,-10.00
15,1,-1.00,-1.00,-1.00,-1.00,0.3398,1.8,0.68,0.86,8.86,0.93,-43.86,1.59,-10.00
15,1,-1.00,-1.00,-1.00,-1.00,0.1794,1.8,0.65,0.60,-26.73,2.19,31.28,0.15,-10.00
15,1,1550.64,452.05,1592.94,527.89,0.1629,1.8,0.62,0.60,18.15,1.40,30.53,0.04,-10.00
15,1,-1.00,-1.00,-1.00,-1.00,0.1554,1.8,0.72,0.68,-33.85,2.17,-14.65,-2.75,-10.00
15,1,-1.00,-1.00,-1.00,-1.00,0.1405,1.8,0.68,0.59,-26.86,1.72,7.44,-0.03,-10.00
15,1,242.06,474.44,270.06,524.90,0.1303,1.9,0.72,0.70,-21.32,2.04,46.83,-1.63,-10.00
15,1,493.86,413.87,562.72,524.51,0.1146,1.9,0.85,0.95,-5.18,0.94,21.80,1.75,-10.00
15,1,749.90,465.88,772.96,522.68,0.1037,1.8,0.67,0.70,-2.12,1.71,40.75,1.63,-10.00
16,1,-1.00,-1.00,-1.00,-1.00,0.3501,1.8,0.68,0.86,8.92,0.81,-49.86,1.60,-10.00
16,1,-1.00,-1.00,-1.00,-1.00,0.1644,1.8,0.70,0.67,-41.34,2.62,-27.02,1.80,-10.00
16,1,-1.00,-1.00,-1.00,-1.00,0.1023,1.6,0.63,0.62,-27.62,1.82,-22.01,-0.39,-10.00
17,1,-1.00,-1.00,-1.00,-1.00,0.1247,1.8,0.63,0.73,-31.02,2.03,-11.49,-1.56,-10.00
17,1,-1.00,-1.00,-1.00,-1.00,0.1058,1.6,0.59,0.64,-30.03,1.44,-26.69,-1.58,-10.00
20,1,-1.00,-1.00,-1.00,-1.00,0.1378,1.9,0.82,0.86,-32.78,2.51,46.98,0.40,-10.00
20,1,-1.00,-1.00,-1.00,-1.00,0.1110,1.7,0.69,0.65,-28.40,1.71,-48.83,0.50,-10.00
20,1,-1.00,-1.00,-1.00,-1.00,0.1097,1.9,0.80,0.82,9.32,1.25,-0.71,3.11,-10.00
20,1,72.18,499.89,117.84,559.91,0.1080,1.5,0.71,0.74,-18.69,2.29,32.02,1.55,-10.00
20,1,-1.00,-1.00,-1.00,-1.00,0.1074,1.4,0.64,0.64,18.46,1.65,-17.32,3.13,-10.00
20,1,-1.00,-1.00,-1.00,-1.00,0.1021,1.8,0.66,0.64,9.07,1.24,-0.25,0.02,-10.00
21,1,-1.00,-1.00,-1.00,-1.00,0.1691,1.9,0.68,0.71,10.01,0.14,-51.09,-1.63,-10.00
21,1,371.84,450.40,395.10,498.41,0.1484,1.9,0.63,0.64,-17.61,1.12,49.81,1.69,-10.00
22,1,-1.00,-1.00,-1.00,-1.00,0.1377,1.8,0.52,0.52,9.25,1.50,-10.59,0.55,-10.00
22,1,646.61,470.26,669.72,517.13,0.1224,1.7,0.61,0.71,-6.39,1.78,47.57,-2.95,-10.00
23,1,-1.00,-1.00,-1.00,-1.00,0.3455,1.8,0.69,0.75,-22.28,2.24,30.89,1.72,-10.00
23,1,-1.00,-1.00,-1.00,-1.00,0.1283,1.8,0.61,0.62,8.90,1.24,-16.26,-3.13,-10.00
24,1,1148.82,455.13,1171.94,516.79,0.2416,1.8,0.56,0.56,9.85,1.37,37.00,-2.99,-10.00
24,1,-1.00,-1.00,-1.00,-1.00,0.1762,1.8,0.71,0.86,-22.27,2.57,24.81,1.55,-10.00
24,1,188.11,480.84,232.05,545.93,0.1340,1.8,0.75,0.91,-17.77,2.18,36.12,-1.49,-10.00
25,1,1202.36,446.35,1231.57,519.06,0.2594,1.8,0.58,0.56,9.80,1.23,31.48,-3.01,-10.00
25,1,-1.00,-1.00,-1.00,-1.00,0.1985,1.8,0.71,0.79,-22.68,2.59,18.86,1.53,-10.00
25,1,-1.00,-1.00,-1.00,-1.00,0.1487,1.9,0.68,0.64,-28.01,2.51,-25.44,1.68,-10.00
25,1,94.76,479.45,136.59,554.18,0.1246,1.8,0.65,0.59,-17.48,2.06,30.82,1.57,-10.00
25,1,-1.00,-1.00,-1.00,-1.00,0.1228,1.8,0.60,0.60,-27.07,2.00,-40.79,-2.15,-10.00
25,1,-1.00,-1.00,-1.00,-1.00,0.1148,1.9,0.67,0.60,-29.54,1.16,-49.44,0.15,-10.00
25,1,-1.00,-1.00,-1.00,-1.00,0.1075,1.9,0.74,0.69,-27.84,1.52,-39.15,-1.42,-10.00
25,1,-1.00,-1.00,-1.00,-1.00,0.1032,1.8,0.64,0.67,-28.28,1.58,-45.48,1.09,-10.00
26,1,-1.00,-1.00,-1.00,-1.00,0.3265,1.9,0.76,0.85,-22.91,2.55,12.76,1.64,-10.00
26,1,1273.03,461.02,1314.22,540.50,0.2364,1.6,0.61,0.60,9.74,1.47,26.16,-3.10,-10.00
26,1,-1.00,-1.00,-1.00,-1.00,0.1922,1.7,0.62,0.58,-28.07,1.81,-30.81,-0.02,-10.00
26,1,-1.00,-1.00,-1.00,-1.00,0.1683,1.7,0.65,0.64,-28.07,1.90,-30.03,0.00,-10.00
26,1,-1.00,-1.00,-1.00,-1.00,0.1569,1.8,0.64,0.61,-27.94,2.10,-26.79,0.07,-10.00
26,1,-1.00,-1.00,-1.00,-1.00,0.1012,1.8,0.65,0.72,-23.46,-2.39,-44.13,1.80,-10.00
27,1,-1.00,-1.00,-1.00,-1.00,0.3187,1.8,0.69,0.79,-23.27,2.48,6.74,1.66,-10.00
27,1,-1.00,-1.00,-1.00,-1.00,0.1254,1.3,0.69,0.93,-19.37,1.91,-5.67,0.09,-10.00
28,1,-1.00,-1.00,-1.00,-1.00,0.3108,1.9,0.78,0.87,-23.40,2.60,0.76,1.86,-10.00
28,1,1560.05,445.36,1600.00,595.71,0.2205,1.8,0.60,0.55,9.51,1.53,15.45,-3.00,-10.00
28,1,-1.00,-1.00,-1.00,-1.00,0.1554,1.8,0.65,0.61,22.65,0.91,1.50,1.61,-10.00
28,1,1111.36,464.55,1135.93,514.18,0.1515,1.8,0.63,0.60,11.03,1.63,46.53,-1.87,-10.00
28,1,-1.00,-1.00,-1.00,-1.00,0.1381,1.7,0.79,0.71,42.13,-0.98,-0.92,0.29,-10.00
28,1,-1.00,-1.00,-1.00,-1.00,0.1344,1.7,0.61,0.57,-28.13,1.75,-40.80,-0.04,-10.00
28,1,-1.00,-1.00,-1.00,-1.00,0.1143,1.7,0.59,0.55,-28.20,1.69,-41.55,-0.14,-10.00
28,1,112.76,506.97,143.83,561.71,0.1060,1.8,0.62,0.66,-23.24,3.04,41.71,1.59,-10.00
28,1,-1.00,-1.00,-1.00,-1.00,0.1045,1.5,0.61,0.64,-28.13,1.81,-37.51,0.01,-10.00
29,1,-1.00,-1.00,-1.00,-1.00,0.2954,1.9,0.79,0.92,-23.48,2.37,-5.67,1.63,-10.00
29,1,0.00,496.01,16.20,561.32,0.2427,1.8,0.63,0.67,-23.33,2.56,35.20,1.61,-10.00
29,1,-1.00,-1.00,-1.00,-1.00,0.2117,1.8,0.64,0.58,9.45,1.52,9.69,3.11,-10.00
29,1,-1.00,-1.00,-1.00,-1.00,0.1137,1.8,0.64,0.66,-26.91,2.14,33.78,-3.13,-10.00
29,1,-1.00,-1.00,-1.00,-1.00,0.1041,1.5,0.73,0.78,-19.53,2.20,-16.56,1.32,-10.00
29,1,1368.54,453.78,1427.85,557.32,0.1029,1.8,0.63,0.74,9.93,1.51,21.78,-3.00,-10.00
30,1,-1.00,-1.00,-1.00,-1.00,0.2739,1.8,0.65,0.77,-23.16,2.74,29.76,1.61,-10.00
30,1,-1.00,-1.00,-1.00,-1.00,0.1697,1.7,0.71,0.85,-19.92,2.12,-21.27,-1.46,-10.00
30,1,-1.00,-1.00,-1.00,-1.00,0.1647,1.8,0.77,0.76,-23.77,2.39,-10.84,1.60,-10.00
30,1,-1.00,-1.00,-1.00,-1.00,0.1640,1.8,0.68,0.74,-29.77,2.79,40.09,-1.60,-10.00
30,1,100.00,454.84,135.46,518.44,0.1292,1.8,0.61,0.66,-20.65,1.40,36.50,-1.54,-10.00
30,1,-1.00,-1.00,-1.00,-1.00,0.1180,1.8,0.63,0.68,19.23,0.25,-51.29,1.64,-10.00
31,1,-1.00,-1.00,-1.00,-1.00,0.3128,1.9,0.83,0.92,-23.92,2.56,-16.42,1.57,-10.00
31,1,-1.00,-1.00,-1.00,-1.00,0.2762,1.8,0.55,0.64,-23.13,2.45,23.99,1.62,-10.00
32,1,-1.00,-1.00,-1.00,-1.00,0.3286,1.8,0.67,0.81,-23.50,2.38,17.94,1.67,-10.00
32,1,-1.00,-1.00,-1.00,-1.00,0.2984,1.8,0.68,0.74,-24.10,2.54,-22.39,1.72,-10.00
32,1,-1.00,-1.00,-1.00,-1.00,0.2451,1.8,0.60,0.58,13.92,0.85,10.52,-3.08,-10.00
33,1,-1.00,-1.00,-1.00,-1.00,0.3264,1.8,0.69,0.78,-24.41,2.43,-28.82,1.70,-10.00
33,1,-1.00,-1.00,-1.00,-1.00,0.3263,1.8,0.68,0.82,-23.62,2.42,11.35,1.60,-10.00
34,1,-1.00,-1.00,-1.00,-1.00,0.4676,1.8,0.72,0.85,-23.82,2.36,5.29,1.61,-10.00
34,1,-1.00,-1.00,-1.00,-1.00,0.2600,1.8,0.67,0.84,-24.53,2.64,-34.75,1.59,-10.00
34,1,-1.00,-1.00,-1.00,-1.00,0.1453,1.9,0.70,0.71,-28.04,2.35,21.35,1.62,-10.00
34,1,-1.00,-1.00,-1.00,-1.00,0.1129,1.8,0.67,0.70,-31.14,2.31,18.12,-2.28,-10.00
35,1,-1.00,-1.00,-1.00,-1.00,0.3556,1.8,0.71,0.85,-23.85,2.31,-0.62,1.55,-10.00
35,1,-1.00,-1.00,-1.00,-1.00,0.1211,1.7,0.76,0.77,14.22,0.88,-37.19,-0.03,-10.00
36,1,-1.00,-1.00,-1.00,-1.00,0.3145,1.8,0.70,0.83,-23.93,2.00,-6.62,1.49,-10.00
36,1,1520.33,433.09,1558.18,503.33,0.1354,1.8,0.56,0.57,18.45,0.85,32.43,1.45,-10.00
36,1,1540.00,440.20,1578.60,508.37,0.1344,1.7,0.56,0.60,19.05,0.99,32.58,1.46,-10.00
36,1,-1.00,-1.00,-1.00,-1.00,0.1147,1.7,0.74,0.69,17.68,0.35,17.68,0.11,-10.00
36,1,1174.35,469.72,1199.70,522.87,0.1098,1.9,0.78,0.71,12.81,1.87,44.55,-1.35,-10.00
37,1,-1.00,-1.00,-1.00,-1.00,0.3061,1.8,0.54,0.52,15.18,1.43,19.01,3.12,-10.00
37,1,-1.00,-1.00,-1.00,-1.00,0.2276,1.8,0.71,0.87,-24.22,2.00,-12.64,1.60,-10.00
37,1,-1.00,-1.00,-1.00,-1.00,0.2200,1.8,0.55,0.51,15.12,1.34,18.18,-3.12,-10.00
37,1,-1.00,-1.00,-1.00,-1.00,0.1857,1.9,0.85,0.75,17.55,0.29,12.61,-0.15,-10.00
37,1,-1.00,-1.00,-1.00,-1.00,0.1556,1.8,0.60,0.55,15.21,1.53,19.67,0.10,-10.00
37,1,1187.93,463.84,1212.82,517.68,0.1317,1.8,0.55,0.58,12.32,1.56,41.29,3.04,-10.00
37,1,-1.00,-1.00,-1.00,-1.00,0.1161,1.6,0.62,0.62,20.39,1.01,15.69,0.03,-10.00
37,1,-1.00,-1.00,-1.00,-1.00,0.1056,1.9,0.74,0.70,17.54,0.35,9.28,-2.98,-10.00
37,1,-1.00,-1.00,-1.00,-1.00,0.1007,1.8,0.57,0.56,9.77,0.88,-42.35,2.96,-10.00
38,1,-1.00,-1.00,-1.00,-1.00,0.3199,1.8,0.69,0.83,-24.29,1.89,-17.87,1.60,-10.00
38,1,-1.00,-1.00,-1.00,-1.00,0.2968,1.8,0.54,0.52,15.06,1.34,13.61,3.10,-10.00
38,1,-1.00,-1.00,-1.00,-1.00,0.2037,1.8,0.54,0.50,15.09,1.39,14.43,-3.07,-10.00
38,1,247.93,469.59,277.33,520.85,0.1180,1.8,0.69,0.75,-20.58,1.85,45.72,1.62,-10.00
38,1,-1.00,-1.00,-1.00,-1.00,0.1066,1.8,0.53,0.50,15.09,1.43,14.06,-3.03,-10.00
39,1,155.17,475.77,186.59,532.97,0.2848,1.8,0.61,0.66,-20.98,2.01,40.09,1.60,-10.00
39,1,-1.00,-1.00,-1.00,-1.00,0.1948,1.6,0.79,0.76,17.52,-0.00,2.97,-0.10,-10.00
39,1,-1.00,-1.00,-1.00,-1.00,0.1578,1.9,0.72,0.75,-24.43,2.04,-23.63,1.62,-10.00
39,1,1469.46,450.97,1503.01,509.88,0.1371,1.8,0.63,0.64,20.67,1.24,39.27,-2.14,-10.00
39,1,1292.25,452.18,1325.45,523.23,0.1350,1.8,0.59,0.58,12.19,1.34,31.67,-1.50,-10.00
39,1,145.81,480.36,178.09,537.65,0.1305,1.8,0.64,0.65,-21.43,2.18,40.41,1.62,-10.00
39,1,-1.00,-1.00,-1.00,-1.00,0.1079,1.8,0.62,0.59,17.41,0.48,-0.64,-0.03,-10.00
