0,1,-1.00,-1.00,-1.00,-1.00,0.4055,1.7,0.66,0.68,8.85,1.81,-23.38,-1.27,-10.00
0,1,-1.00,-1.00,-1.00,-1.00,0.3510,1.7,0.66,0.73,-9.49,0.60,-4.00,1.54,-10.00
0,1,-1.00,-1.00,-1.00,-1.00,0.3352,1.8,0.75,0.71,-9.89,0.66,-6.59,1.67,-10.00
0,1,16.57,360.99,87.78,471.31,0.2826,1.8,0.74,0.83,-12.91,-0.36,21.41,-1.72,-10.00
0,1,-1.00,-1.00,-1.00,-1.00,0.2655,1.8,0.61,0.63,-25.03,0.06,3.10,1.53,-10.00
0,1,-1.00,-1.00,-1.00,-1.00,0.2568,0.89,0.70,0.73,9.77,1.44,-1.03,-2.33,-10.00
0,1,-1.00,-1.00,-1.00,-1.00,0.2525,1.7,0.61,0.58,10.60,1.27,2.08,-1.11,-10.00
0,1,-1.00,-1.00,-1.00,-1.00,0.1987,1.2,0.64,0.67,7.86,1.23,6.54,3.04,-10.00
0,1,-1.00,-1.00,-1.00,-1.00,0.1696,1.8,0.64,0.62,23.50,2.78,-7.79,-1.77,-10.00
0,1,-1.00,-1.00,-1.00,-1.00,0.1529,1.3,0.61,0.59,-13.45,0.63,-6.82,1.65,-10.00
0,1,-1.00,-1.00,-1.00,-1.00,0.1507,1.8,0.66,0.67,-13.94,-0.10,-30.37,-1.28,-10.00
0,1,-1.00,-1.00,-1.00,-1.00,0.1440,1.8,0.59,0.60,-8.97,0.73,-2.94,1.57,-10.00
0,1,-1.00,-1.00,-1.00,-1.00,0.1363,1.7,0.64,0.62,3.19,1.91,-28.72,-1.47,-10.00
0,1,-1.00,-1.00,-1.00,-1.00,0.1053,1.8,0.70,0.63,-16.92,-1.36,12.68,0.00,-10.00
1,1,-1.00,-1.00,-1.00,-1.00,0.4630,1.9,0.83,0.96,-10.27,0.69,-7.40,-1.77,-10.00
1,1,36.87,366.98,97.53,482.95,0.3740,1.8,0.66,0.75,-12.18,-0.15,20.58,-2.35,-10.00
1,1,-1.00,-1.00,-1.00,-1.00,0.3161,1.8,0.70,0.92,-9.53,0.65,-6.25,1.36,-10.00
1,1,-1.00,-1.00,-1.00,-1.00,0.3051,1.8,0.68,0.73,8.22,1.81,-25.52,-0.40,-10.00
1,1,0.00,355.54,24.71,448.64,0.2988,1.9,0.87,0.92,-17.71,-0.95,27.20,-2.57,-10.00
1,1,-1.00,-1.00,-1.00,-1.00,0.2885,1.8,0.68,0.67,23.27,2.73,-10.98,0.23,-10.00
1,1,-1.00,-1.00,-1.00,-1.00,0.1680,1.1,0.59,0.59,8.21,1.52,4.17,-2.98,-10.00
1,1,-1.00,-1.00,-1.00,-1.00,0.1611,1.8,0.63,0.61,8.68,1.36,3.09,-1.35,-10.00
1,1,-1.00,-1.00,-1.00,-1.00,0.1375,1.8,0.62,0.70,32.94,-0.85,-35.53,-0.73,-10.00
1,1,-1.00,-1.00,-1.00,-1.00,0.1044,1.5,0.71,0.78,-10.92,0.58,13.75,1.60,-10.00
2,1,-1.00,-1.00,-1.00,-1.00,0.6432,1.8,0.68,0.80,-10.64,0.58,-8.51,-1.70,-10.00
2,1,-1.00,-1.00,-1.00,-1.00,0.4549,1.7,0.64,0.78,-9.79,0.63,-8.62,1.44,-10.00
2,1,0.00,360.72,14.35,453.31,0.3776,1.8,0.74,0.79,-17.26,-0.82,26.36,-2.44,-10.00
2,1,30.37,369.21,85.83,488.07,0.3375,1.8,0.64,0.75,-11.74,-0.06,19.61,-2.21,-10.00
2,1,-1.00,-1.00,-1.00,-1.00,0.3255,1.8,0.68,0.66,22.85,2.63,-13.80,0.41,-10.00
2,1,-1.00,-1.00,-1.00,-1.00,0.2426,1.7,0.67,0.75,7.80,1.66,-27.69,-0.42,-10.00
2,1,-1.00,-1.00,-1.00,-1.00,0.1619,1.8,0.62,0.55,-11.02,-0.03,-26.02,-0.03,-10.00
2,1,-1.00,-1.00,-1.00,-1.00,0.1486,1.7,0.65,0.61,-29.74,-2.53,38.86,2.04,-10.00
2,1,-1.00,-1.00,-1.00,-1.00,0.1438,1.7,0.69,0.70,27.45,0.31,20.64,1.44,-10.00
3,1,9.80,392.96,72.87,514.68,0.3826,1.7,0.64,0.75,-11.44,0.34,18.69,-2.31,-10.00
3,1,0.00,369.04,26.13,462.67,0.3608,1.8,0.68,0.75,-16.42,-0.60,25.54,-2.28,-10.00
3,1,-1.00,-1.00,-1.00,-1.00,0.3274,1.9,0.73,0.64,39.00,1.79,13.80,2.79,-10.00
3,1,-1.00,-1.00,-1.00,-1.00,0.3240,1.8,0.71,0.82,7.66,1.20,-30.09,0.20,-10.00
3,1,-1.00,-1.00,-1.00,-1.00,0.3176,1.8,0.70,0.69,22.24,2.47,-16.61,-2.01,-10.00
3,1,-1.00,-1.00,-1.00,-1.00,0.2764,1.8,0.71,0.89,-10.13,0.55,-11.05,1.63,-10.00
3,1,-1.00,-1.00,-1.00,-1.00,0.2569,1.8,0.70,0.83,-10.91,0.51,-9.61,-1.48,-10.00
3,1,-1.00,-1.00,-1.00,-1.00,0.1945,1.6,0.59,0.62,8.54,1.69,-2.60,1.78,-10.00
3,1,-1.00,-1.00,-1.00,-1.00,0.1866,1.8,0.58,0.66,-16.83,-0.44,25.14,-2.41,-10.00
3,1,-1.00,-1.00,-1.00,-1.00,0.1798,1.8,0.63,0.71,-27.07,-0.49,0.01,-2.10,-10.00
3,1,-1.00,-1.00,-1.00,-1.00,0.1348,1.7,0.59,0.56,-7.99,-0.04,-18.85,1.82,-10.00
3,1,-1.00,-1.00,-1.00,-1.00,0.1214,1.3,0.56,0.62,9.59,1.01,-31.41,-2.99,-10.00
3,1,-1.00,-1.00,-1.00,-1.00,0.1137,1.3,0.61,0.63,9.69,1.56,0.21,-2.87,-10.00
3,1,-1.00,-1.00,-1.00,-1.00,0.1091,1.8,0.61,0.71,-16.92,-0.36,24.76,-2.43,-10.00
3,1,-1.00,-1.00,-1.00,-1.00,0.1077,1.6,0.55,0.57,8.53,1.27,-30.97,-2.70,-10.00
4,1,-1.00,-1.00,-1.00,-1.00,0.4720,1.9,0.78,0.96,-11.38,0.67,-10.42,-1.56,-10.00
4,1,3.56,407.51,64.57,531.45,0.3890,1.7,0.61,0.67,-11.04,0.56,17.88,-2.28,-10.00
4,1,-1.00,-1.00,-1.00,-1.00,0.3105,1.9,0.74,0.69,38.95,1.61,10.12,2.96,-10.00
4,1,202.94,406.98,233.75,460.56,0.3092,1.9,0.74,0.86,-21.54,-1.14,45.62,0.80,-10.00
4,1,0.00,399.30,17.85,499.73,0.2870,1.9,0.80,0.87,-16.10,0.15,24.65,-2.28,-10.00
4,1,-1.00,-1.00,-1.00,-1.00,0.2837,1.7,0.61,0.66,7.21,0.71,-32.14,0.09,-10.00
4,1,-1.00,-1.00,-1.00,-1.00,0.2399,1.8,0.67,0.83,-10.53,0.61,-13.39,1.40,-10.00
4,1,-1.00,-1.00,-1.00,-1.00,0.2204,1.7,0.60,0.57,21.60,1.80,-19.49,-0.09,-10.00
4,1,-1.00,-1.00,-1.00,-1.00,0.1686,1.1,0.66,0.70,9.68,1.37,-2.12,-2.97,-10.00
4,1,0.00,400.87,44.39,498.33,0.1662,1.9,0.77,0.88,-15.73,0.13,25.01,-2.15,-10.00
4,1,-1.00,-1.00,-1.00,-1.00,0.1493,1.1,0.69,0.71,13.33,1.28,0.96,-0.16,-10.00
4,1,-1.00,-1.00,-1.00,-1.00,0.1446,1.8,0.59,0.55,0.11,0.42,-50.59,-2.64,-10.00
4,1,-1.00,-1.00,-1.00,-1.00,0.1235,1.7,0.64,0.75,-8.65,0.65,-38.11,0.16,-10.00
4,1,-1.00,-1.00,-1.00,-1.00,0.1051,1.7,0.63,0.70,6.63,0.61,-32.17,-0.02,-10.00
4,1,-1.00,-1.00,-1.00,-1.00,0.1014,1.3,0.63,0.61,8.49,1.34,-4.75,3.02,-10.00
5,1,0.00,417.11,43.07,553.03,0.5884,1.8,0.71,0.88,-10.93,0.82,17.14,-2.18,-10.00
5,1,-1.00,-1.00,-1.00,-1.00,0.5286,1.9,0.77,0.75,38.64,1.15,6.94,-3.13,-10.00
5,1,10.82,403.17,53.86,498.59,0.3185,1.8,0.64,0.74,-14.97,0.13,24.20,-2.08,-10.00
5,1,0.00,399.23,24.53,498.35,0.3143,1.8,0.69,0.76,-15.37,0.12,23.85,-2.20,-10.00
5,1,-1.00,-1.00,-1.00,-1.00,0.3070,1.7,0.60,0.67,6.81,0.52,-34.28,0.36,-10.00
5,1,-1.00,-1.00,-1.00,-1.00,0.2992,1.8,0.76,0.94,-11.76,0.65,-11.19,-1.66,-10.00
5,1,240.69,429.25,261.93,482.87,0.2943,1.8,0.64,0.78,-19.61,-0.31,43.96,1.15,-10.00
5,1,-1.00,-1.00,-1.00,-1.00,0.2609,1.0,0.70,0.67,11.37,1.20,-2.75,-2.80,-10.00
5,1,-1.00,-1.00,-1.00,-1.00,0.1692,1.7,0.57,0.52,-17.06,0.35,13.46,-0.11,-10.00
5,1,-1.00,-1.00,-1.00,-1.00,0.1550,1.5,0.71,0.62,-15.00,0.23,-12.63,0.25,-10.00
5,1,-1.00,-1.00,-1.00,-1.00,0.1535,1.8,0.56,0.51,-16.80,0.23,12.61,2.89,-10.00
5,1,-1.00,-1.00,-1.00,-1.00,0.1528,1.7,0.63,0.63,-16.06,0.69,14.56,2.98,-10.00
5,1,-1.00,-1.00,-1.00,-1.00,0.1423,1.7,0.56,0.61,6.09,0.59,-35.07,0.34,-10.00
5,1,-1.00,-1.00,-1.00,-1.00,0.1373,1.7,0.58,0.55,-16.45,0.09,11.89,2.71,-10.00
5,1,-1.00,-1.00,-1.00,-1.00,0.1371,1.8,0.71,0.61,-14.03,-0.35,-30.11,1.07,-10.00
5,1,-1.00,-1.00,-1.00,-1.00,0.1271,1.1,0.63,0.70,9.49,1.24,-4.24,-2.97,-10.00
5,1,-1.00,-1.00,-1.00,-1.00,0.1004,1.7,0.58,0.55,-17.33,0.40,14.29,-0.08,-10.00
6,1,-1.00,-1.00,-1.00,-1.00,0.5104,1.8,0.72,0.79,-11.68,0.73,15.95,-2.38,-10.00
6,1,-1.00,-1.00,-1.00,-1.00,0.4571,1.9,0.81,0.86,-15.79,0.04,22.66,-2.24,-10.00
6,1,-1.00,-1.00,-1.00,-1.00,0.4337,1.7,0.63,0.75,-11.07,0.51,-18.04,1.61,-10.00
6,1,-1.00,-1.00,-1.00,-1.00,0.3751,1.8,0.67,0.75,7.72,0.18,-35.83,0.13,-10.00
6,1,-1.00,-1.00,-1.00,-1.00,0.3467,1.8,0.71,0.68,37.84,1.46,6.00,-3.04,-10.00
6,1,-1.00,-1.00,-1.00,-1.00,0.3013,1.9,0.90,0.98,-11.53,0.63,-12.43,-1.54,-10.00
6,1,194.62,429.44,222.72,486.23,0.2894,1.8,0.66,0.75,-19.91,-0.18,41.52,1.34,-10.00
6,1,-1.00,-1.00,-1.00,-1.00,0.1991,1.8,0.69,0.71,-26.35,-0.94,35.29,2.36,-10.00
6,1,662.48,422.48,690.07,488.78,0.1838,1.7,0.66,0.68,-3.75,-0.08,33.91,2.97,-10.00
6,1,-1.00,-1.00,-1.00,-1.00,0.1453,1.8,0.62,0.53,-15.04,0.14,-11.36,0.13,-10.00
6,1,-1.00,-1.00,-1.00,-1.00,0.1303,1.6,0.61,0.58,-14.20,0.23,-11.27,0.07,-10.00
6,1,-1.00,-1.00,-1.00,-1.00,0.1161,1.4,0.66,0.61,-14.69,0.21,-12.89,0.20,-10.00
6,1,-1.00,-1.00,-1.00,-1.00,0.1145,1.8,0.64,0.60,37.28,1.51,-5.11,-2.47,-10.00
6,1,1231.48,448.50,1294.82,548.91,0.1109,1.4,0.61,0.66,6.58,0.83,18.66,2.51,-10.00
6,1,-1.00,-1.00,-1.00,-1.00,0.1086,1.7,0.64,0.73,8.03,0.28,-35.37,0.20,-10.00
7,1,-1.00,-1.00,-1.00,-1.00,0.5896,1.7,0.65,0.75,-13.71,0.63,13.82,-2.34,-10.00
7,1,-1.00,-1.00,-1.00,-1.00,0.4838,1.9,0.85,0.92,-18.57,0.19,19.93,-2.30,-10.00
7,1,-1.00,-1.00,-1.00,-1.00,0.3709,1.8,0.74,0.71,36.31,1.41,8.01,2.87,-10.00
7,1,-1.00,-1.00,-1.00,-1.00,0.3296,1.8,0.70,0.78,-10.52,0.86,-14.50,-1.59,-10.00
7,1,7.05,401.05,42.00,467.30,0.3162,1.9,0.76,0.84,-23.29,-0.73,37.25,0.90,-10.00
7,1,-1.00,-1.00,-1.00,-1.00,0.3010,1.8,0.68,0.84,-9.19,0.54,-21.32,1.41,-10.00
7,1,-1.00,-1.00,-1.00,-1.00,0.2807,1.8,0.67,0.74,11.66,0.37,-36.34,2.30,-10.00
7,1,-1.00,-1.00,-1.00,-1.00,0.1850,1.2,0.61,0.65,10.09,1.48,-6.24,-2.85,-10.00
7,1,-1.00,-1.00,-1.00,-1.00,0.1755,1.8,0.66,0.68,-29.71,-1.41,31.10,-0.08,-10.00
7,1,-1.00,-1.00,-1.00,-1.00,0.1405,1.4,0.60,0.57,13.36,1.30,-2.75,3.08,-10.00
7,1,-1.00,-1.00,-1.00,-1.00,0.1378,1.6,0.62,0.55,-13.46,0.44,-15.78,-0.23,-10.00
7,1,523.11,417.42,563.50,489.26,0.1370,1.8,0.68,0.79,-6.88,-0.07,31.93,0.14,-10.00
7,1,-1.00,-1.00,-1.00,-1.00,0.1225,1.8,0.65,0.64,-31.45,-0.06,-37.54,-0.13,-10.00
7,1,-1.00,-1.00,-1.00,-1.00,0.1196,1.1,0.71,0.68,-23.30,0.24,17.62,-0.51,-10.00
7,1,-1.00,-1.00,-1.00,-1.00,0.1181,1.8,0.64,0.69,30.77,0.24,28.62,1.60,-10.00
7,1,-1.00,-1.00,-1.00,-1.00,0.1116,1.2,0.58,0.61,-11.96,0.61,-13.38,0.03,-10.00
7,1,-1.00,-1.00,-1.00,-1.00,0.1050,1.2,0.60,0.63,-22.45,0.15,14.76,1.32,-10.00
7,1,-1.00,-1.00,-1.00,-1.00,0.1039,1.5,0.59,0.59,-18.02,0.02,7.53,-0.21,-10.00
7,1,-1.00,-1.00,-1.00,-1.00,0.1023,1.8,0.61,0.56,-8.90,0.81,-14.85,-1.64,-10.00
8,1,-1.00,-1.00,-1.00,-1.00,0.6551,1.8,0.72,0.86,-16.62,0.70,10.31,-2.28,-10.00
8,1,-1.00,-1.00,-1.00,-1.00,0.5404,1.8,0.73,0.81,-22.18,0.11,15.54,-2.29,-10.00
8,1,-1.00,-1.00,-1.00,-1.00,0.4402,1.8,0.69,0.79,-22.51,0.13,15.19,-2.28,-10.00
8,1,-1.00,-1.00,-1.00,-1.00,0.4215,1.8,0.69,0.84,-8.25,0.89,-17.05,-1.92,-10.00
8,1,-1.00,-1.00,-1.00,-1.00,0.3912,1.8,0.68,0.80,-5.57,0.53,-24.87,1.41,-10.00
8,1,-1.00,-1.00,-1.00,-1.00,0.3344,1.8,0.73,0.79,33.74,1.17,12.19,2.65,-10.00
8,1,-1.00,-1.00,-1.00,-1.00,0.2934,1.8,0.70,0.78,18.02,0.30,-35.37,-0.02,-10.00
8,1,0.00,390.15,2.06,448.35,0.1790,1.8,0.69,0.71,-26.52,-1.40,40.36,0.53,-10.00
8,1,-1.00,-1.00,-1.00,-1.00,0.1577,1.8,0.63,0.66,17.37,-0.27,22.14,-2.86,-10.00
8,1,-1.00,-1.00,-1.00,-1.00,0.1461,1.7,0.62,0.60,17.21,0.62,-34.61,-0.19,-10.00
8,1,-1.00,-1.00,-1.00,-1.00,0.1312,1.8,0.69,0.70,-19.96,-0.17,-29.99,-0.18,-10.00
8,1,0.03,397.92,30.29,450.52,0.1186,1.7,0.65,0.67,-27.31,-1.42,43.17,-0.23,-10.00
8,1,-1.00,-1.00,-1.00,-1.00,0.1186,1.7,0.60,0.63,-27.99,-1.07,33.91,0.03,-10.00
8,1,-1.00,-1.00,-1.00,-1.00,0.1125,1.1,0.59,0.77,10.14,1.23,-8.70,2.86,-10.00
8,1,-1.00,-1.00,-1.00,-1.00,0.1100,1.2,0.64,0.60,13.39,1.13,-1.89,-3.09,-10.00
8,1,-1.00,-1.00,-1.00,-1.00,0.1081,1.1,0.63,0.70,9.68,1.43,-6.62,3.00,-10.00
9,1,-1.00,-1.00,-1.00,-1.00,0.6422,1.8,0.69,0.85,-19.41,0.69,5.05,-2.32,-10.00
9,1,-1.00,-1.00,-1.00,-1.00,0.3645,1.8,0.72,0.79,26.14,0.05,-31.55,-0.19,-10.00
9,1,-1.00,-1.00,-1.00,-1.00,0.3456,1.9,0.75,0.79,-26.18,0.12,8.39,-2.66,-10.00
9,1,-1.00,-1.00,-1.00,-1.00,0.3215,1.8,0.70,0.72,29.09,1.32,18.03,2.28,-10.00
9,1,-1.00,-1.00,-1.00,-1.00,0.3020,1.8,0.66,0.65,-22.37,-0.16,-27.23,-2.43,-10.00
9,1,-1.00,-1.00,-1.00,-1.00,0.2492,1.8,0.70,0.86,-4.55,0.81,-19.36,-1.92,-10.00
9,1,-1.00,-1.00,-1.00,-1.00,0.1892,1.8,0.69,0.77,-32.91,-0.50,26.83,-0.87,-10.00
9,1,-1.00,-1.00,-1.00,-1.00,0.1287,1.8,0.73,0.84,-26.08,-0.01,9.01,-2.60,-10.00
9,1,-1.00,-1.00,-1.00,-1.00,0.1276,1.2,0.59,0.59,11.65,1.50,-4.68,-3.02,-10.00
9,1,-1.00,-1.00,-1.00,-1.00,0.1019,1.8,0.66,0.67,-31.27,-0.01,18.82,-1.91,-10.00
10,1,-1.00,-1.00,-1.00,-1.00,0.5274,1.8,0.76,0.88,-21.10,0.79,-1.31,-2.83,-10.00
10,1,-1.00,-1.00,-1.00,-1.00,0.4473,1.7,0.58,0.65,7.62,0.17,-28.97,1.38,-10.00
10,1,-1.00,-1.00,-1.00,-1.00,0.3910,1.8,0.74,0.78,23.11,1.27,22.58,2.19,-10.00
10,1,-1.00,-1.00,-1.00,-1.00,0.3135,1.8,0.69,0.72,-28.15,0.36,0.80,-2.80,-10.00
10,1,-1.00,-1.00,-1.00,-1.00,0.3108,1.8,0.66,0.61,-28.23,0.39,0.30,-2.84,-10.00
10,1,-1.00,-1.00,-1.00,-1.00,0.2294,1.8,0.65,0.73,-38.84,-0.33,16.40,-1.58,-10.00
10,1,-1.00,-1.00,-1.00,-1.00,0.2161,1.8,0.65,0.64,33.42,-0.32,-25.43,-3.01,-10.00
10,1,-1.00,-1.00,-1.00,-1.00,0.1639,1.8,0.60,0.63,-4.36,0.07,-38.92,2.67,-10.00
10,1,-1.00,-1.00,-1.00,-1.00,0.1396,1.8,0.69,0.76,24.80,-0.40,-33.39,-0.13,-10.00
10,1,-1.00,-1.00,-1.00,-1.00,0.1052,1.7,0.61,0.67,-30.58,0.24,7.97,-3.01,-10.00
10,1,-1.00,-1.00,-1.00,-1.00,0.1038,1.3,0.66,0.65,-21.80,0.48,-7.29,-1.17,-10.00
10,1,1058.23,397.19,1103.28,491.48,0.1013,1.8,0.71,0.79,5.14,-0.01,24.58,0.30,-10.00
11,1,-1.00,-1.00,-1.00,-1.00,0.6775,1.8,0.71,0.82,-21.05,0.82,-8.13,-3.00,-10.00
11,1,-1.00,-1.00,-1.00,-1.00,0.5445,1.9,0.80,0.84,-28.26,0.32,-8.04,-3.01,-10.00
11,1,-1.00,-1.00,-1.00,-1.00,0.3904,1.8,0.70,0.76,16.24,1.10,25.39,1.96,-10.00
11,1,-1.00,-1.00,-1.00,-1.00,0.2739,1.8,0.67,0.71,15.19,0.39,-28.20,0.94,-10.00
11,1,-1.00,-1.00,-1.00,-1.00,0.2570,1.3,0.64,0.66,-17.07,0.66,-13.63,-1.55,-10.00
11,1,1559.67,434.00,1594.03,487.41,0.2022,1.9,0.70,0.91,27.22,-0.15,45.33,0.30,-10.00
11,1,-1.00,-1.00,-1.00,-1.00,0.1603,1.8,0.72,0.73,38.95,-0.39,-17.46,-0.47,-10.00
11,1,1545.86,433.86,1574.43,486.51,0.1448,1.9,0.69,0.72,26.83,-0.19,45.69,0.25,-10.00
11,1,-1.00,-1.00,-1.00,-1.00,0.1144,1.1,0.68,0.79,12.30,1.27,-1.44,2.91,-10.00
11,1,-1.00,-1.00,-1.00,-1.00,0.1061,1.7,0.62,0.68,6.46,0.14,-27.80,2.83,-10.00
12,1,-1.00,-1.00,-1.00,-1.00,0.6370,1.8,0.66,0.71,-19.43,0.82,-14.89,2.76,-10.00
12,1,1244.48,448.42,1295.12,540.40,0.3509,1.9,0.83,0.90,9.39,1.00,26.24,1.72,-10.00
12,1,-1.00,-1.00,-1.00,-1.00,0.3425,1.8,0.61,0.68,8.61,0.77,-21.76,-2.55,-10.00
12,1,-1.00,-1.00,-1.00,-1.00,0.3166,1.8,0.69,0.71,21.76,0.28,-25.90,0.68,-10.00
12,1,-1.00,-1.00,-1.00,-1.00,0.2857,1.9,0.75,0.78,-26.31,0.42,-16.80,2.77,-10.00
12,1,-1.00,-1.00,-1.00,-1.00,0.2306,1.8,0.67,0.69,-38.12,0.53,-10.77,-0.34,-10.00
12,1,-1.00,-1.00,-1.00,-1.00,0.2290,1.3,0.65,0.69,-13.56,0.80,-20.52,-1.76,-10.00
12,1,-1.00,-1.00,-1.00,-1.00,0.1622,1.9,0.86,0.90,-26.54,0.54,-16.18,2.85,-10.00
12,1,-1.00,-1.00,-1.00,-1.00,0.1473,1.7,0.59,0.59,2.85,-0.01,-34.95,-1.39,-10.00
12,1,-1.00,-1.00,-1.00,-1.00,0.1441,1.0,0.69,0.84,12.09,1.18,-0.20,2.87,-10.00
12,1,-1.00,-1.00,-1.00,-1.00,0.1282,1.1,0.63,0.62,12.70,1.07,7.48,-3.06,-10.00
12,1,-1.00,-1.00,-1.00,-1.00,0.1225,1.0,0.77,0.79,12.16,1.16,-1.54,2.91,-10.00
12,1,1216.32,439.45,1246.70,488.85,0.1212,1.9,0.78,0.90,16.06,-0.11,49.01,-0.03,-10.00
12,1,-1.00,-1.00,-1.00,-1.00,0.1186,1.7,0.74,0.64,-43.98,-0.22,-25.22,-0.10,-10.00
12,1,-1.00,-1.00,-1.00,-1.00,0.1164,1.3,0.62,0.63,-11.83,1.01,4.37,1.41,-10.00
12,1,-1.00,-1.00,-1.00,-1.00,0.1020,1.8,0.63,0.65,-19.10,0.84,-15.29,2.66,-10.00
13,1,-1.00,-1.00,-1.00,-1.00,0.3939,1.8,0.74,0.75,-23.40,0.40,-23.30,2.79,-10.00
13,1,-1.00,-1.00,-1.00,-1.00,0.3614,1.8,0.65,0.72,-16.95,0.86,-20.55,2.73,-10.00
13,1,985.07,460.10,1032.33,553.80,0.3082,1.8,0.77,0.89,3.78,1.21,24.96,1.55,-10.00
13,1,-1.00,-1.00,-1.00,-1.00,0.2428,1.8,0.69,0.74,27.26,0.09,-23.37,0.72,-10.00
13,1,-1.00,-1.00,-1.00,-1.00,0.2322,1.8,0.69,0.74,-18.63,0.37,-2.20,-0.62,-10.00
13,1,-1.00,-1.00,-1.00,-1.00,0.1856,1.8,0.63,0.70,2.19,-0.25,-37.32,-1.98,-10.00
13,1,-1.00,-1.00,-1.00,-1.00,0.1739,1.8,0.65,0.70,-23.15,0.33,-23.95,2.69,-10.00
13,1,-1.00,-1.00,-1.00,-1.00,0.1696,1.8,0.71,0.73,-48.26,-0.59,-39.23,2.65,-10.00
13,1,-1.00,-1.00,-1.00,-1.00,0.1538,1.7,0.58,0.61,-8.60,0.15,-35.27,-1.58,-10.00
13,1,-1.00,-1.00,-1.00,-1.00,0.1417,1.8,0.67,0.71,-50.38,-1.28,-40.74,3.03,-10.00
13,1,-1.00,-1.00,-1.00,-1.00,0.1323,1.8,0.69,0.64,6.49,-1.25,-38.06,3.10,-10.00
13,1,-1.00,-1.00,-1.00,-1.00,0.1307,1.1,0.69,0.76,11.72,1.28,0.25,2.93,-10.00
13,1,-1.00,-1.00,-1.00,-1.00,0.1255,1.1,0.65,0.73,-7.06,0.54,-23.84,-1.77,-10.00
13,1,-1.00,-1.00,-1.00,-1.00,0.1127,1.7,0.65,0.68,10.16,-0.62,-40.55,2.59,-10.00
13,1,-1.00,-1.00,-1.00,-1.00,0.1088,1.1,0.59,0.69,-0.79,0.20,-22.99,-1.40,-10.00
13,1,-1.00,-1.00,-1.00,-1.00,0.1052,1.7,0.62,0.73,-17.04,0.79,-21.28,2.77,-10.00
13,1,-1.00,-1.00,-1.00,-1.00,0.1010,1.7,0.69,0.73,-44.98,-0.00,-16.73,0.52,-10.00
14,1,786.45,451.14,844.38,553.94,0.5409,1.8,0.75,0.83,-0.02,1.10,22.65,1.16,-10.00
14,1,-1.00,-1.00,-1.00,-1.00,0.4996,1.8,0.69,0.71,-14.30,0.89,-25.35,2.70,-10.00
14,1,-1.00,-1.00,-1.00,-1.00,0.4361,1.8,0.68,0.73,-20.22,0.65,-28.89,2.81,-10.00
14,1,779.52,450.04,809.01,499.36,0.3044,1.8,0.73,0.87,-0.84,0.29,48.24,-0.52,-10.00
14,1,-1.00,-1.00,-1.00,-1.00,0.2956,1.8,0.64,0.67,-31.41,0.52,-25.73,-1.05,-10.00
14,1,-1.00,-1.00,-1.00,-1.00,0.2524,1.1,0.64,0.63,9.46,1.06,7.50,-2.58,-10.00
14,1,-1.00,-1.00,-1.00,-1.00,0.2449,1.8,0.64,0.70,-19.93,0.58,-29.31,2.73,-10.00
14,1,-1.00,-1.00,-1.00,-1.00,0.2108,1.7,0.58,0.61,14.86,-0.04,-38.94,2.57,-10.00
14,1,-1.00,-1.00,-1.00,-1.00,0.1829,1.7,0.60,0.56,-25.86,0.73,-23.60,0.17,-10.00
14,1,-1.00,-1.00,-1.00,-1.00,0.1539,1.8,0.69,0.61,-37.04,0.22,-25.23,-1.20,-10.00
14,1,-1.00,-1.00,-1.00,-1.00,0.1505,1.1,0.65,0.78,11.91,1.20,-1.14,2.98,-10.00
14,1,-1.00,-1.00,-1.00,-1.00,0.1200,1.7,0.62,0.61,22.06,0.12,-24.34,-1.26,-10.00
14,1,-1.00,-1.00,-1.00,-1.00,0.1190,1.7,0.63,0.65,-13.92,0.86,-25.75,2.46,-10.00
14,1,-1.00,-1.00,-1.00,-1.00,0.1123,1.7,0.60,0.63,14.57,-0.03,-38.62,2.59,-10.00
14,1,-1.00,-1.00,-1.00,-1.00,0.1103,1.6,0.69,0.81,16.01,0.15,-35.05,-1.69,-10.00
14,1,-1.00,-1.00,-1.00,-1.00,0.1100,1.7,0.55,0.58,14.53,0.01,-38.24,2.51,-10.00
14,1,-1.00,-1.00,-1.00,-1.00,0.1097,1.8,0.70,0.69,16.08,0.00,-40.59,-1.89,-10.00
14,1,-1.00,-1.00,-1.00,-1.00,0.1095,1.6,0.67,0.68,21.03,0.21,-24.13,1.87,-10.00
14,1,-1.00,-1.00,-1.00,-1.00,0.1085,1.7,0.63,0.62,-32.30,-0.02,-43.63,-2.88,-10.00
14,1,-1.00,-1.00,-1.00,-1.00,0.1024,1.0,0.72,0.68,11.46,1.01,0.18,2.81,-10.00
14,1,-1.00,-1.00,-1.00,-1.00,0.1002,1.7,0.60,0.63,-25.11,0.93,-24.51,2.86,-10.00
15,1,657.51,439.29,711.91,557.79,0.4145,1.8,0.76,0.88,-2.06,1.02,19.71,1.39,-10.00
15,1,-1.00,-1.00,-1.00,-1.00,0.4029,1.8,0.63,0.62,-28.66,0.39,-30.06,-0.89,-10.00
15,1,-1.00,-1.00,-1.00,-1.00,0.3971,1.8,0.63,0.71,-17.53,0.52,-33.69,-0.73,-10.00
15,1,-1.00,-1.00,-1.00,-1.00,0.3962,1.8,0.70,0.84,-12.60,0.85,-29.30,2.24,-10.00
15,1,-1.00,-1.00,-1.00,-1.00,0.3914,1.8,0.65,0.69,-17.95,0.54,-33.29,-0.79,-10.00
15,1,660.45,446.35,688.24,497.07,0.2696,1.8,0.72,0.75,-5.17,0.20,46.17,-1.19,-10.00
15,1,-1.00,-1.00,-1.00,-1.00,0.2624,1.7,0.63,0.61,-34.63,0.11,-30.79,-1.13,-10.00
15,1,-1.00,-1.00,-1.00,-1.00,0.2504,1.0,0.59,0.68,9.70,1.32,0.61,3.05,-10.00
15,1,-1.00,-1.00,-1.00,-1.00,0.2342,1.8,0.65,0.62,33.68,0.33,-20.35,0.40,-10.00
15,1,-1.00,-1.00,-1.00,-1.00,0.2182,1.7,0.68,0.71,15.42,0.61,-22.17,-0.78,-10.00
15,1,-1.00,-1.00,-1.00,-1.00,0.1375,1.7,0.59,0.57,15.75,0.27,-36.93,-2.04,-10.00
15,1,-1.00,-1.00,-1.00,-1.00,0.1311,1.8,0.68,0.63,27.36,1.63,12.62,-2.93,-10.00
15,1,-1.00,-1.00,-1.00,-1.00,0.1253,1.7,0.70,0.72,15.70,0.58,-22.51,2.15,-10.00
15,1,-1.00,-1.00,-1.00,-1.00,0.1205,1.7,0.63,0.67,-16.69,0.49,-40.91,0.10,-10.00
15,1,-1.00,-1.00,-1.00,-1.00,0.1197,1.0,0.71,0.66,11.36,1.18,-0.99,2.86,-10.00
15,1,-1.00,-1.00,-1.00,-1.00,0.1035,1.8,0.65,0.57,33.75,0.33,-19.89,0.36,-10.00
16,1,568.23,438.67,631.65,574.65,0.6631,1.8,0.75,0.85,-2.93,1.10,17.12,1.31,-10.00
16,1,-1.00,-1.00,-1.00,-1.00,0.5018,1.7,0.66,0.76,-11.46,0.90,-32.19,2.41,-10.00
16,1,-1.00,-1.00,-1.00,-1.00,0.3376,1.8,0.74,0.85,-27.00,0.89,-32.86,-1.30,-10.00
16,1,-1.00,-1.00,-1.00,-1.00,0.2862,1.8,0.72,0.77,-16.66,0.46,-36.52,2.28,-10.00
16,1,-1.00,-1.00,-1.00,-1.00,0.2713,1.2,0.68,0.64,11.38,1.23,-2.26,3.08,-10.00
16,1,-1.00,-1.00,-1.00,-1.00,0.2453,1.9,0.74,0.70,35.00,0.34,-20.68,0.42,-10.00
16,1,583.85,432.96,614.57,488.06,0.2310,1.9,0.74,0.78,-7.59,-0.13,44.31,-1.18,-10.00
16,1,-1.00,-1.00,-1.00,-1.00,0.2134,1.8,0.70,0.71,39.30,0.52,-37.54,2.85,-10.00
16,1,-1.00,-1.00,-1.00,-1.00,0.1980,1.8,0.67,0.72,21.59,0.28,-41.87,2.74,-10.00
16,1,-1.00,-1.00,-1.00,-1.00,0.1688,1.8,0.63,0.69,-16.06,0.49,-36.84,2.13,-10.00
16,1,-1.00,-1.00,-1.00,-1.00,0.1653,1.0,0.61,0.73,12.11,1.33,-3.47,3.14,-10.00
16,1,-1.00,-1.00,-1.00,-1.00,0.1365,1.8,0.68,0.75,24.78,-0.86,-35.50,2.98,-10.00
16,1,-1.00,-1.00,-1.00,-1.00,0.1195,1.5,0.64,0.68,1.19,0.90,-30.63,0.81,-10.00
16,1,-1.00,-1.00,-1.00,-1.00,0.1119,1.7,0.63,0.68,-0.80,0.10,-45.29,2.93,-10.00
16,1,1092.06,459.91,1120.81,518.86,0.1072,1.6,0.59,0.60,7.84,0.74,34.23,1.45,-10.00
16,1,-1.00,-1.00,-1.00,-1.00,0.1038,1.7,0.64,0.69,0.78,-1.27,-48.88,2.45,-10.00
17,1,481.76,431.55,565.88,598.86,0.3760,1.8,0.71,0.82,-3.20,1.15,13.92,1.57,-10.00
17,1,-1.00,-1.00,-1.00,-1.00,0.3416,1.8,0.66,0.75,-11.24,0.79,-35.38,2.13,-10.00
17,1,-1.00,-1.00,-1.00,-1.00,0.3392,1.8,0.68,0.73,-26.01,0.77,-35.24,-1.09,-10.00
17,1,560.93,434.39,586.57,491.96,0.2992,1.9,0.74,0.78,-8.09,0.01,42.27,-1.65,-10.00
17,1,-1.00,-1.00,-1.00,-1.00,0.2979,1.8,0.60,0.60,26.29,1.24,10.21,-1.10,-10.00
17,1,-1.00,-1.00,-1.00,-1.00,0.2495,1.9,0.76,0.81,-16.29,0.43,-39.72,2.25,-10.00
17,1,-1.00,-1.00,-1.00,-1.00,0.2431,1.2,0.67,0.69,12.12,1.40,-5.69,-3.04,-10.00
17,1,-1.00,-1.00,-1.00,-1.00,0.2177,1.7,0.63,0.63,20.43,0.20,-39.42,-2.12,-10.00
17,1,-1.00,-1.00,-1.00,-1.00,0.1768,1.7,0.60,0.60,24.81,0.42,-26.96,1.22,-10.00
17,1,-1.00,-1.00,-1.00,-1.00,0.1675,1.7,0.61,0.62,25.72,0.36,-26.97,-1.86,-10.00
17,1,812.33,435.92,836.69,485.28,0.1623,1.8,0.65,0.65,0.31,-0.24,46.75,-1.05,-10.00
17,1,-1.00,-1.00,-1.00,-1.00,0.1540,1.8,0.63,0.63,36.19,0.18,-22.20,-0.67,-10.00
17,1,-1.00,-1.00,-1.00,-1.00,0.1520,1.7,0.63,0.62,11.84,0.93,-0.47,0.29,-10.00
17,1,-1.00,-1.00,-1.00,-1.00,0.1327,1.6,0.65,0.65,16.44,0.86,-25.41,-2.98,-10.00
17,1,-1.00,-1.00,-1.00,-1.00,0.1325,1.8,0.56,0.54,17.65,0.27,-41.45,-2.19,-10.00
17,1,-1.00,-1.00,-1.00,-1.00,0.1318,1.8,0.66,0.67,-25.05,0.57,-37.30,1.59,-10.00
17,1,-1.00,-1.00,-1.00,-1.00,0.1308,1.8,0.60,0.53,18.96,-0.36,-41.91,-2.84,-10.00
17,1,-1.00,-1.00,-1.00,-1.00,0.1299,1.6,0.63,0.65,-32.25,0.48,-37.61,0.29,-10.00
17,1,-1.00,-1.00,-1.00,-1.00,0.1258,1.8,0.63,0.59,-14.19,0.97,-24.52,0.36,-10.00
17,1,-1.00,-1.00,-1.00,-1.00,0.1247,1.0,0.64,0.66,11.38,1.39,-4.51,3.00,-10.00
17,1,-1.00,-1.00,-1.00,-1.00,0.1193,1.8,0.57,0.53,18.52,0.25,-41.01,-2.32,-10.00
17,1,-1.00,-1.00,-1.00,-1.00,0.1185,1.8,0.67,0.74,-15.66,0.43,-40.07,2.14,-10.00
17,1,-1.00,-1.00,-1.00,-1.00,0.1153,1.7,0.55,0.59,19.26,0.32,-39.85,-1.97,-10.00
18,1,533.51,440.69,563.09,501.47,0.3564,1.9,0.77,0.90,-8.44,0.31,39.91,-1.63,-10.00
18,1,-1.00,-1.00,-1.00,-1.00,0.3559,1.8,0.71,0.83,-11.55,0.80,-38.65,2.41,-10.00
18,1,391.60,413.22,502.47,638.65,0.3539,1.8,0.79,0.93,-3.09,1.19,10.68,1.38,-10.00
18,1,-1.00,-1.00,-1.00,-1.00,0.3230,1.8,0.66,0.67,-25.47,0.64,-37.38,-0.95,-10.00
18,1,-1.00,-1.00,-1.00,-1.00,0.2588,1.8,0.69,0.69,16.01,0.46,-27.84,2.89,-10.00
18,1,-1.00,-1.00,-1.00,-1.00,0.2334,1.9,0.81,0.87,-16.00,0.32,-43.00,2.24,-10.00
18,1,-1.00,-1.00,-1.00,-1.00,0.1998,1.8,0.63,0.61,26.18,1.14,7.85,-1.00,-10.00
18,1,-1.00,-1.00,-1.00,-1.00,0.1302,1.8,0.71,0.73,-23.89,0.19,-41.20,-2.98,-10.00
18,1,-1.00,-1.00,-1.00,-1.00,0.1287,1.8,0.63,0.62,12.58,0.28,-31.00,-2.00,-10.00
18,1,-1.00,-1.00,-1.00,-1.00,0.1270,1.2,0.82,0.84,7.90,1.06,0.06,3.13,-10.00
18,1,-1.00,-1.00,-1.00,-1.00,0.1178,1.8,0.62,0.61,-16.74,0.52,-19.31,0.50,-10.00
19,1,-1.00,-1.00,-1.00,-1.00,0.3466,1.8,0.69,0.78,-11.98,0.54,-42.02,2.09,-10.00
19,1,182.21,417.14,372.12,752.72,0.3289,1.8,0.80,0.94,-3.06,1.40,7.30,1.39,-10.00
19,1,-1.00,-1.00,-1.00,-1.00,0.2933,1.7,0.64,0.69,15.43,0.44,-30.70,3.11,-10.00
19,1,-1.00,-1.00,-1.00,-1.00,0.2760,1.7,0.64,0.71,-25.21,0.58,-39.59,-1.17,-10.00
19,1,-1.00,-1.00,-1.00,-1.00,0.2615,1.8,0.59,0.60,26.15,1.01,5.22,-0.98,-10.00
19,1,519.12,449.39,552.17,510.85,0.2569,1.8,0.68,0.71,-8.32,0.57,37.58,-1.27,-10.00
19,1,-1.00,-1.00,-1.00,-1.00,0.2541,1.8,0.62,0.65,-16.73,0.19,-46.10,2.19,-10.00
19,1,-1.00,-1.00,-1.00,-1.00,0.2540,1.8,0.69,0.69,-16.34,0.22,-46.39,2.09,-10.00
19,1,-1.00,-1.00,-1.00,-1.00,0.1597,1.8,0.62,0.63,16.82,-0.35,-46.24,-2.01,-10.00
19,1,-1.00,-1.00,-1.00,-1.00,0.1533,1.2,0.61,0.66,10.67,1.05,-4.67,-2.95,-10.00
19,1,-1.00,-1.00,-1.00,-1.00,0.1453,1.7,0.65,0.68,36.54,-1.32,-33.81,-1.00,-10.00
19,1,-1.00,-1.00,-1.00,-1.00,0.1334,1.7,0.67,0.69,36.86,-1.48,-33.44,-1.01,-10.00
19,1,1039.92,440.33,1061.99,493.60,0.1214,1.8,0.75,0.87,8.28,0.06,44.64,-1.38,-10.00
19,1,-1.00,-1.00,-1.00,-1.00,0.1187,1.6,0.65,0.77,-11.80,1.12,-18.04,1.66,-10.00
19,1,-1.00,-1.00,-1.00,-1.00,0.1154,1.7,0.58,0.60,42.67,-0.42,-5.43,-1.07,-10.00
19,1,-1.00,-1.00,-1.00,-1.00,0.1087,1.7,0.63,0.66,3.59,-0.03,-50.05,-1.64,-10.00
20,1,566.06,451.74,602.63,516.49,0.3513,1.8,0.70,0.81,-6.55,0.70,35.82,-1.28,-10.00
20,1,-1.00,-1.00,-1.00,-1.00,0.3289,1.8,0.65,0.64,26.26,0.90,1.31,-1.31,-10.00
20,1,-1.00,-1.00,-1.00,-1.00,0.3117,1.7,0.64,0.72,-14.33,0.60,-44.82,-0.77,-10.00
20,1,-1.00,-1.00,-1.00,-1.00,0.3067,1.7,0.67,0.76,13.58,-0.05,-34.21,2.91,-10.00
20,1,-1.00,-1.00,-1.00,-1.00,0.2733,1.7,0.63,0.66,-26.69,0.46,-40.79,-1.34,-10.00
20,1,0.00,288.98,133.89,900.00,0.2515,1.8,0.83,0.94,-2.72,1.31,3.89,1.36,-10.00
20,1,-1.00,-1.00,-1.00,-1.00,0.2317,1.8,0.69,0.71,-18.87,0.18,-48.53,3.00,-10.00
20,1,-1.00,-1.00,-1.00,-1.00,0.1867,1.4,0.68,0.68,16.91,-0.64,-48.51,-2.04,-10.00
20,1,-1.00,-1.00,-1.00,-1.00,0.1559,1.8,0.76,0.77,11.48,0.64,-8.66,-1.47,-10.00
20,1,-1.00,-1.00,-1.00,-1.00,0.1448,1.7,0.69,0.65,-5.52,0.38,-45.35,-1.55,-10.00
20,1,-1.00,-1.00,-1.00,-1.00,0.1398,1.5,0.67,0.70,14.80,-0.51,-49.82,-2.04,-10.00
20,1,-1.00,-1.00,-1.00,-1.00,0.1323,1.8,0.65,0.70,33.84,1.33,8.01,0.85,-10.00
20,1,-1.00,-1.00,-1.00,-1.00,0.1154,1.7,0.65,0.71,35.34,-0.15,-5.51,-1.36,-10.00
20,1,-1.00,-1.00,-1.00,-1.00,0.1135,1.3,0.60,0.66,12.90,0.81,-14.23,3.08,-10.00
20,1,-1.00,-1.00,-1.00,-1.00,0.1036,1.4,0.59,0.58,12.53,0.75,-13.79,3.02,-10.00
20,1,-1.00,-1.00,-1.00,-1.00,0.1018,1.7,0.58,0.60,42.19,-0.62,-9.90,-1.09,-10.00
21,1,647.23,465.85,675.74,532.30,0.4346,1.8,0.68,0.66,-4.14,1.08,33.89,-1.59,-10.00
21,1,-1.00,-1.00,-1.00,-1.00,0.4068,1.7,0.64,0.62,26.25,0.88,-3.03,2.91,-10.00
21,1,-1.00,-1.00,-1.00,-1.00,0.3228,1.8,0.62,0.60,-28.74,0.43,-41.21,-0.56,-10.00
21,1,-1.00,-1.00,-1.00,-1.00,0.2984,1.7,0.80,0.90,-2.53,1.38,0.75,1.59,-10.00
21,1,-1.00,-1.00,-1.00,-1.00,0.2453,1.7,0.63,0.67,10.90,-0.16,-37.70,-2.95,-10.00
21,1,912.48,489.57,952.17,536.06,0.2452,1.0,0.66,0.79,2.66,1.01,29.04,3.04,-10.00
21,1,-1.00,-1.00,-1.00,-1.00,0.2429,1.8,0.69,0.76,-17.68,0.14,-46.82,2.24,-10.00
21,1,-1.00,-1.00,-1.00,-1.00,0.2352,1.8,0.74,0.78,-9.77,0.56,2.56,1.79,-10.00
21,1,-1.00,-1.00,-1.00,-1.00,0.2159,1.3,0.69,0.65,9.37,0.77,-11.44,3.07,-10.00
21,1,-1.00,-1.00,-1.00,-1.00,0.1823,1.7,0.55,0.57,33.86,1.56,1.99,0.67,-10.00
21,1,-1.00,-1.00,-1.00,-1.00,0.1457,1.9,0.70,0.77,-39.62,-1.66,-41.51,-0.31,-10.00
21,1,-1.00,-1.00,-1.00,-1.00,0.1231,1.7,0.58,0.57,-26.75,-0.08,-43.32,-0.26,-10.00
21,1,-1.00,-1.00,-1.00,-1.00,0.1213,1.4,0.66,0.65,-27.96,0.22,-33.17,-0.25,-10.00
21,1,815.42,452.25,840.80,512.32,0.1162,1.7,0.55,0.59,0.34,0.61,37.00,-1.94,-10.00
21,1,-1.00,-1.00,-1.00,-1.00,0.1143,1.7,0.63,0.62,-27.85,0.30,-42.12,2.39,-10.00
21,1,-1.00,-1.00,-1.00,-1.00,0.1069,1.7,0.60,0.65,-28.66,0.28,-42.49,2.53,-10.00
21,1,-1.00,-1.00,-1.00,-1.00,0.1001,1.8,0.68,0.69,-22.30,-0.41,-50.14,2.12,-10.00
22,1,-1.00,-1.00,-1.00,-1.00,0.3558,1.7,0.63,0.60,25.91,0.72,-7.84,2.77,-10.00
22,1,-1.00,-1.00,-1.00,-1.00,0.3243,1.8,0.76,0.76,13.83,0.05,-19.09,1.64,-10.00
22,1,739.02,455.06,783.16,529.85,0.2924,1.8,0.76,0.83,-1.37,0.95,31.54,-1.07,-10.00
22,1,-1.00,-1.00,-1.00,-1.00,0.2741,1.8,0.77,0.89,-2.49,1.41,-2.56,1.64,-10.00
22,1,-1.00,-1.00,-1.00,-1.00,0.2341,1.8,0.67,0.77,-21.93,0.52,-48.79,2.68,-10.00
22,1,-1.00,-1.00,-1.00,-1.00,0.2226,1.7,0.63,0.64,-31.23,0.64,-41.25,-0.91,-10.00
22,1,-1.00,-1.00,-1.00,-1.00,0.2128,1.3,0.64,0.66,8.54,0.61,-15.01,0.07,-10.00
22,1,-1.00,-1.00,-1.00,-1.00,0.2060,1.8,0.62,0.64,33.76,-1.22,-40.31,0.48,-10.00
22,1,-1.00,-1.00,-1.00,-1.00,0.1945,1.8,0.67,0.75,7.37,-0.25,-41.35,2.80,-10.00
22,1,-1.00,-1.00,-1.00,-1.00,0.1897,1.8,0.66,0.64,11.25,0.41,-16.55,1.96,-10.00
22,1,914.45,444.42,945.55,509.33,0.1356,1.7,0.60,0.57,3.04,0.47,33.85,1.00,-10.00
22,1,-1.00,-1.00,-1.00,-1.00,0.1290,1.8,0.66,0.71,11.58,-0.92,-43.43,-1.93,-10.00
22,1,-1.00,-1.00,-1.00,-1.00,0.1167,1.8,0.61,0.61,38.55,-0.84,-19.90,-0.97,-10.00
22,1,-1.00,-1.00,-1.00,-1.00,0.1136,1.6,0.61,0.60,12.03,0.49,-19.42,-1.59,-10.00
22,1,-1.00,-1.00,-1.00,-1.00,0.1084,0.9,0.71,0.76,7.26,0.71,-18.11,-0.09,-10.00
22,1,-1.00,-1.00,-1.00,-1.00,0.1078,1.8,0.70,0.59,-30.83,0.75,-42.85,3.11,-10.00
22,1,-1.00,-1.00,-1.00,-1.00,0.1004,1.7,0.59,0.62,43.38,-1.01,-31.52,2.13,-10.00
23,1,-1.00,-1.00,-1.00,-1.00,0.3672,1.7,0.62,0.60,25.06,0.82,-13.02,2.82,-10.00
23,1,849.93,459.45,888.75,540.94,0.3251,1.8,0.80,0.88,1.22,1.12,29.04,-1.43,-10.00
23,1,-1.00,-1.00,-1.00,-1.00,0.2989,1.8,0.63,0.64,-34.00,0.51,-41.22,-0.58,-10.00
23,1,-1.00,-1.00,-1.00,-1.00,0.2488,1.8,0.73,0.64,9.69,0.32,-20.48,-1.28,-10.00
23,1,-1.00,-1.00,-1.00,-1.00,0.2288,1.7,0.66,0.73,3.34,-0.43,-44.93,-3.09,-10.00
23,1,-1.00,-1.00,-1.00,-1.00,0.1992,1.9,0.73,0.86,31.19,-1.55,-45.78,-0.05,-10.00
23,1,-1.00,-1.00,-1.00,-1.00,0.1975,1.1,0.84,1.15,4.14,0.64,-19.69,-2.85,-10.00
23,1,-1.00,-1.00,-1.00,-1.00,0.1798,1.8,0.75,0.94,-2.91,1.37,-6.08,1.92,-10.00
23,1,-1.00,-1.00,-1.00,-1.00,0.1762,1.8,0.73,0.67,8.89,0.48,-19.45,1.65,-10.00
23,1,-1.00,-1.00,-1.00,-1.00,0.1663,1.5,0.61,0.62,33.78,0.56,-14.72,-2.78,-10.00
23,1,-1.00,-1.00,-1.00,-1.00,0.1582,1.8,0.58,0.64,-26.36,0.22,-50.07,2.10,-10.00
23,1,-1.00,-1.00,-1.00,-1.00,0.1200,1.8,0.72,0.66,9.84,0.47,-19.74,1.76,-10.00
23,1,-1.00,-1.00,-1.00,-1.00,0.1197,1.7,0.63,0.61,8.86,0.37,-20.98,-0.99,-10.00
23,1,-1.00,-1.00,-1.00,-1.00,0.1102,1.6,0.58,0.65,30.78,-0.26,-40.24,0.48,-10.00
24,1,928.52,452.84,977.44,541.17,0.3468,1.8,0.74,0.73,2.84,1.02,26.29,-0.96,-10.00
24,1,-1.00,-1.00,-1.00,-1.00,0.3152,1.8,0.73,0.90,-3.33,1.35,-9.75,1.76,-10.00
24,1,-1.00,-1.00,-1.00,-1.00,0.3076,1.8,0.77,0.71,7.73,0.27,-22.99,1.20,-10.00
24,1,-1.00,-1.00,-1.00,-1.00,0.2899,1.8,0.59,0.59,24.44,1.03,-17.36,3.07,-10.00
24,1,-1.00,-1.00,-1.00,-1.00,0.2844,1.8,0.76,0.66,8.66,0.07,-24.09,-1.93,-10.00
24,1,-1.00,-1.00,-1.00,-1.00,0.2671,1.9,0.75,0.81,29.65,-1.48,-50.19,0.19,-10.00
24,1,-1.00,-1.00,-1.00,-1.00,0.1591,1.7,0.59,0.56,7.64,0.01,-24.53,0.00,-10.00
24,1,-1.00,-1.00,-1.00,-1.00,0.1269,1.7,0.60,0.61,44.14,-1.47,-42.60,-1.93,-10.00
24,1,-1.00,-1.00,-1.00,-1.00,0.1200,1.3,0.62,0.66,6.93,0.70,-21.84,1.47,-10.00
24,1,-1.00,-1.00,-1.00,-1.00,0.1153,1.3,0.75,0.77,3.21,0.79,-23.03,-2.92,-10.00
24,1,-1.00,-1.00,-1.00,-1.00,0.1145,1.6,0.62,0.66,28.19,0.38,-26.62,-2.39,-10.00
24,1,-1.00,-1.00,-1.00,-1.00,0.1064,1.7,0.57,0.55,32.95,-0.63,-26.18,-1.86,-10.00
24,1,-1.00,-1.00,-1.00,-1.00,0.1059,1.7,0.57,0.51,34.07,-0.49,-26.19,-1.94,-10.00
24,1,-1.00,-1.00,-1.00,-1.00,0.1047,1.3,0.60,0.57,6.20,0.52,-22.12,-2.90,-10.00
24,1,-1.00,-1.00,-1.00,-1.00,0.1035,1.4,0.61,0.69,32.97,0.43,-19.47,-0.97,-10.00
25,1,1008.32,456.57,1052.12,557.42,0.5569,1.8,0.76,0.82,3.95,1.20,23.37,-1.36,-10.00
25,1,-1.00,-1.00,-1.00,-1.00,0.3769,1.8,0.60,0.59,23.83,1.12,-21.44,2.82,-10.00
25,1,-1.00,-1.00,-1.00,-1.00,0.3164,1.8,0.77,0.95,-3.86,1.42,-13.67,1.82,-10.00
25,1,-1.00,-1.00,-1.00,-1.00,0.2174,1.8,0.71,0.63,8.01,0.12,-27.50,-1.56,-10.00
25,1,1459.37,500.62,1557.64,575.95,0.1288,0.88,0.74,0.84,8.37,1.00,15.35,-2.98,-10.00
25,1,-1.00,-1.00,-1.00,-1.00,0.1243,1.7,0.67,0.65,1.59,-0.40,-45.82,-0.02,-10.00
25,1,-1.00,-1.00,-1.00,-1.00,0.1152,1.8,0.58,0.56,28.55,-0.81,-40.23,-2.44,-10.00
26,1,-1.00,-1.00,-1.00,-1.00,0.4416,1.8,0.78,0.94,-4.34,1.17,-17.68,1.73,-10.00
26,1,1073.74,447.29,1142.06,564.79,0.4071,1.8,0.77,0.82,4.67,1.15,20.28,-0.88,-10.00
26,1,-1.00,-1.00,-1.00,-1.00,0.2883,1.8,0.62,0.60,23.34,0.78,-25.33,2.84,-10.00
26,1,-1.00,-1.00,-1.00,-1.00,0.1807,1.4,0.60,0.61,3.69,0.73,-26.21,0.23,-10.00
26,1,1525.10,467.96,1578.21,562.58,0.1630,1.8,0.59,0.64,13.84,1.33,23.85,-0.07,-10.00
26,1,1506.36,464.50,1557.44,556.05,0.1361,1.8,0.59,0.64,13.91,1.24,24.63,-0.04,-10.00
26,1,-1.00,-1.00,-1.00,-1.00,0.1339,1.8,0.72,0.73,1.74,0.73,-29.78,-1.84,-10.00
27,1,1156.92,445.12,1225.95,585.47,0.5080,1.8,0.74,0.99,5.07,1.23,17.07,-1.13,-10.00
27,1,-1.00,-1.00,-1.00,-1.00,0.1926,1.8,0.59,0.58,23.17,0.75,-29.07,-2.71,-10.00
27,1,-1.00,-1.00,-1.00,-1.00,0.1335,1.8,0.61,0.64,18.86,-0.37,-48.26,0.16,-10.00
27,1,-1.00,-1.00,-1.00,-1.00,0.1253,1.4,0.68,0.66,7.00,0.07,-35.00,2.83,-10.00
27,1,-1.00,-1.00,-1.00,-1.00,0.1159,1.5,0.74,0.73,3.29,0.20,-49.78,-1.47,-10.00
27,1,-1.00,-1.00,-1.00,-1.00,0.1081,1.8,0.78,0.89,-4.73,1.16,-21.87,1.84,-10.00
27,1,-1.00,-1.00,-1.00,-1.00,0.1064,1.0,0.69,0.72,8.68,1.41,8.15,2.92,-10.00
28,1,-1.00,-1.00,-1.00,-1.00,0.4287,1.8,0.75,0.86,-5.16,0.97,-26.23,1.89,-10.00
28,1,1256.72,440.51,1367.61,621.90,0.3542,1.9,0.84,0.99,5.41,1.36,13.80,-0.86,-10.00
28,1,-1.00,-1.00,-1.00,-1.00,0.3133,1.8,0.64,0.59,22.97,0.36,-32.92,-3.06,-10.00
28,1,-1.00,-1.00,-1.00,-1.00,0.1788,1.8,0.58,0.64,35.88,0.09,43.79,3.07,-10.00
28,1,-1.00,-1.00,-1.00,-1.00,0.1077,1.8,0.68,0.73,37.52,0.00,46.51,1.28,-10.00
28,1,-1.00,-1.00,-1.00,-1.00,0.1006,1.7,0.62,0.61,39.12,-0.22,46.96,-1.72,-10.00
29,1,1461.81,405.21,1600.00,651.99,0.4794,1.9,0.84,0.95,5.81,1.23,10.27,-0.89,-10.00
29,1,-1.00,-1.00,-1.00,-1.00,0.2814,1.8,0.79,0.92,-5.61,1.32,-30.84,2.01,-10.00
29,1,-1.00,-1.00,-1.00,-1.00,0.2247,1.8,0.60,0.56,22.79,1.06,-36.96,-1.70,-10.00
29,1,357.95,439.15,418.75,562.50,0.1495,1.7,0.61,0.63,-6.02,0.99,17.85,1.59,-10.00
30,1,-1.00,-1.00,-1.00,-1.00,0.3668,1.9,0.88,1.02,6.14,1.43,6.62,-0.69,-10.00
30,1,-1.00,-1.00,-1.00,-1.00,0.3600,0.96,0.61,0.61,8.56,1.31,-3.54,2.98,-10.00
30,1,-1.00,-1.00,-1.00,-1.00,0.3289,1.8,0.76,0.88,-6.23,0.66,-35.28,2.15,-10.00
30,1,-1.00,-1.00,-1.00,-1.00,0.3096,1.8,0.64,0.69,22.41,0.48,-41.03,2.62,-10.00
30,1,-1.00,-1.00,-1.00,-1.00,0.2101,1.8,0.66,0.61,0.85,0.08,-45.08,1.52,-10.00
31,1,-1.00,-1.00,-1.00,-1.00,0.3613,1.8,0.74,0.84,-6.72,0.50,-39.77,1.90,-10.00
31,1,-1.00,-1.00,-1.00,-1.00,0.2717,2.0,0.97,1.15,6.53,1.45,2.97,-0.76,-10.00
31,1,-1.00,-1.00,-1.00,-1.00,0.1069,1.9,0.73,0.74,24.73,-0.25,28.17,0.08,-10.00
32,1,-1.00,-1.00,-1.00,-1.00,0.3723,1.9,0.97,1.18,6.68,1.48,-0.68,-0.88,-10.00
32,1,-1.00,-1.00,-1.00,-1.00,0.2694,1.8,0.73,0.82,-7.21,0.64,-44.42,1.63,-10.00
32,1,-1.00,-1.00,-1.00,-1.00,0.1242,1.8,0.66,0.65,47.22,1.30,27.34,-3.02,-10.00
32,1,1287.02,475.28,1316.83,516.12,0.1087,1.4,0.68,0.78,16.64,0.84,43.41,-3.10,-10.00
33,1,-1.00,-1.00,-1.00,-1.00,0.3180,1.9,0.83,1.01,7.11,1.38,-4.50,-0.69,-10.00
33,1,-1.00,-1.00,-1.00,-1.00,0.2946,1.8,0.74,0.79,-8.04,0.71,-48.92,1.75,-10.00
33,1,-1.00,-1.00,-1.00,-1.00,0.1604,1.7,0.59,0.62,44.54,-0.31,-3.44,-1.32,-10.00
33,1,1329.21,466.96,1360.41,525.87,0.1047,1.7,0.66,0.66,15.59,1.01,37.37,-1.53,-10.00
34,1,-1.00,-1.00,-1.00,-1.00,0.4928,1.9,0.83,1.05,7.37,1.36,-8.18,-0.95,-10.00
34,1,-1.00,-1.00,-1.00,-1.00,0.1833,1.8,0.68,0.68,42.56,-0.67,-8.56,2.10,-10.00
34,1,-1.00,-1.00,-1.00,-1.00,0.1253,1.8,0.59,0.56,44.49,-0.38,-7.85,-1.45,-10.00
34,1,-1.00,-1.00,-1.00,-1.00,0.1146,1.7,0.60,0.67,46.61,1.24,18.83,-1.94,-10.00
35,1,-1.00,-1.00,-1.00,-1.00,0.2944,2.0,0.95,1.03,7.51,1.30,-12.13,-0.95,-10.00
35,1,-1.00,-1.00,-1.00,-1.00,0.2349,1.8,0.68,0.65,46.16,1.71,14.37,3.11,-10.00
35,1,639.48,455.40,664.86,504.33,0.1319,1.8,0.71,0.77,-6.05,0.47,46.74,1.76,-10.00
35,1,1393.56,456.63,1417.96,501.75,0.1288,1.7,0.59,0.64,22.84,0.39,49.07,-1.74,-10.00
35,1,-1.00,-1.00,-1.00,-1.00,0.1008,1.8,0.65,0.63,45.42,1.54,15.67,-2.74,-10.00
36,1,-1.00,-1.00,-1.00,-1.00,0.3421,1.9,0.89,1.03,7.74,1.36,-15.94,-0.88,-10.00
36,1,-1.00,-1.00,-1.00,-1.00,0.1972,1.8,0.73,0.76,45.73,1.92,9.75,-2.96,-10.00
36,1,1261.42,433.06,1290.97,486.32,0.1290,1.8,0.69,0.77,15.62,-0.19,43.01,0.03,-10.00
36,1,-1.00,-1.00,-1.00,-1.00,0.1131,1.3,0.61,0.67,6.22,1.63,-26.14,-0.10,-10.00
36,1,-1.00,-1.00,-1.00,-1.00,0.1085,1.8,0.77,0.80,45.82,1.86,10.45,0.13,-10.00
37,1,-1.00,-1.00,-1.00,-1.00,0.3556,1.9,0.84,0.99,7.75,1.20,-20.08,-0.97,-10.00
37,1,-1.00,-1.00,-1.00,-1.00,0.1736,1.7,0.61,0.62,25.09,0.00,2.19,0.18,-10.00
38,1,-1.00,-1.00,-1.00,-1.00,0.3888,1.8,0.70,0.75,7.83,1.15,-24.29,-0.87,-10.00
38,1,1339.93,432.72,1382.00,507.81,0.1159,1.8,0.71,0.81,13.49,0.40,31.36,-0.80,-10.00
38,1,-1.00,-1.00,-1.00,-1.00,0.1134,1.5,0.67,0.68,6.85,1.24,-37.31,-0.21,-10.00
38,1,-1.00,-1.00,-1.00,-1.00,0.1092,1.7,0.62,0.59,-10.58,-1.03,0.99,0.00,-10.00
39,1,-1.00,-1.00,-1.00,-1.00,0.2775,1.8,0.72,0.80,7.78,1.09,-28.46,-0.61,-10.00
39,1,-1.00,-1.00,-1.00,-1.00,0.1515,1.7,0.55,0.58,-10.64,-1.26,-3.28,-3.14,-10.00
40,1,-1.00,-1.00,-1.00,-1.00,0.3418,1.7,0.63,0.65,7.97,1.15,-32.62,-0.60,-10.00
40,1,523.82,427.42,578.58,509.63,0.1508,1.3,0.77,0.81,-4.39,0.30,21.03,3.03,-10.00
40,1,-1.00,-1.00,-1.00,-1.00,0.1121,1.8,0.67,0.64,32.94,0.31,-21.40,-1.59,-10.00
