0,1,-1.00,-1.00,-1.00,-1.00,0.3974,1.7,0.57,0.61,-9.96,1.26,-0.89,-1.53,-10.00
0,1,-1.00,-1.00,-1.00,-1.00,0.2389,1.6,0.65,0.66,-32.54,1.64,9.07,-1.50,-10.00
0,1,-1.00,-1.00,-1.00,-1.00,0.2060,1.7,0.64,0.69,-34.39,1.65,14.13,1.51,-10.00
0,1,-1.00,-1.00,-1.00,-1.00,0.1981,1.8,0.60,0.57,-36.84,0.67,-11.70,-1.47,-10.00
0,1,-1.00,-1.00,-1.00,-1.00,0.1806,1.6,0.55,0.60,-32.47,1.71,13.85,1.60,-10.00
0,1,-1.00,-1.00,-1.00,-1.00,0.1704,1.8,0.58,0.66,-35.42,1.47,7.76,-1.56,-10.00
0,1,-1.00,-1.00,-1.00,-1.00,0.1664,1.8,0.73,0.65,-22.20,1.68,-39.98,1.66,-10.00
0,1,-1.00,-1.00,-1.00,-1.00,0.1643,1.8,0.55,0.58,-35.30,1.60,13.33,-1.74,-10.00
0,1,1120.84,484.40,1144.61,540.11,0.1442,1.8,0.61,0.57,10.18,2.33,41.68,-1.58,-10.00
0,1,-1.00,-1.00,-1.00,-1.00,0.1251,1.4,0.63,0.64,-33.98,0.70,-19.34,-1.55,-10.00
0,1,-1.00,-1.00,-1.00,-1.00,0.1204,1.8,0.62,0.62,-37.17,0.62,-11.35,1.66,-10.00
1,1,-1.00,-1.00,-1.00,-1.00,0.3507,1.8,0.71,0.97,-10.16,1.36,-4.32,-1.57,-10.00
1,1,-1.00,-1.00,-1.00,-1.00,0.3377,1.8,0.66,0.75,-35.72,1.45,3.76,-1.60,-10.00
1,1,-1.00,-1.00,-1.00,-1.00,0.2741,1.8,0.56,0.64,-35.76,1.62,9.42,-1.62,-10.00
1,1,-1.00,-1.00,-1.00,-1.00,0.2652,1.8,0.72,0.83,-35.66,0.33,-32.49,-1.63,-10.00
1,1,-1.00,-1.00,-1.00,-1.00,0.2642,1.8,0.66,0.71,-36.58,1.72,8.19,-1.54,-10.00
1,1,-1.00,-1.00,-1.00,-1.00,0.2513,1.8,0.63,0.77,-34.87,1.66,9.91,-1.60,-10.00
1,1,-1.00,-1.00,-1.00,-1.00,0.2448,1.8,0.65,0.67,-35.05,0.05,-36.60,-1.55,-10.00
1,1,-1.00,-1.00,-1.00,-1.00,0.2292,1.4,0.60,0.67,-33.74,0.75,-29.82,1.58,-10.00
1,1,-1.00,-1.00,-1.00,-1.00,0.1967,1.8,0.58,0.59,-36.28,0.16,-36.07,1.53,-10.00
1,1,-1.00,-1.00,-1.00,-1.00,0.1908,1.8,0.66,0.73,-15.99,1.12,-20.88,-1.53,-10.00
1,1,-1.00,-1.00,-1.00,-1.00,0.1802,1.8,0.65,0.71,-36.75,0.98,-15.79,-1.57,-10.00
1,1,-1.00,-1.00,-1.00,-1.00,0.1768,1.4,0.63,0.70,-33.65,0.88,-28.69,1.16,-10.00
1,1,-1.00,-1.00,-1.00,-1.00,0.1709,1.7,0.66,0.65,-33.99,1.00,-26.68,-1.57,-10.00
1,1,-1.00,-1.00,-1.00,-1.00,0.1692,1.8,0.60,0.61,-34.85,0.97,-18.59,-1.51,-10.00
1,1,-1.00,-1.00,-1.00,-1.00,0.1692,1.5,0.57,0.60,-33.64,0.79,-23.83,1.61,-10.00
1,1,-1.00,-1.00,-1.00,-1.00,0.1672,1.8,0.62,0.69,-34.50,0.98,-17.07,1.69,-10.00
1,1,-1.00,-1.00,-1.00,-1.00,0.1633,1.5,0.58,0.58,-33.17,0.87,-18.17,1.64,-10.00
1,1,-1.00,-1.00,-1.00,-1.00,0.1620,1.8,0.62,0.60,-36.43,1.03,-20.69,-1.61,-10.00
1,1,-1.00,-1.00,-1.00,-1.00,0.1508,1.8,0.60,0.59,-35.59,0.97,-20.70,-1.67,-10.00
1,1,-1.00,-1.00,-1.00,-1.00,0.1496,1.3,0.76,0.92,-32.86,1.65,9.39,1.60,-10.00
1,1,-1.00,-1.00,-1.00,-1.00,0.1425,1.4,0.75,0.74,-33.35,1.48,0.97,-1.55,-10.00
1,1,-1.00,-1.00,-1.00,-1.00,0.1412,1.8,0.66,0.68,-36.14,1.86,14.68,-1.54,-10.00
1,1,-1.00,-1.00,-1.00,-1.00,0.1331,1.8,0.56,0.57,-33.98,0.99,-18.91,-1.51,-10.00
1,1,-1.00,-1.00,-1.00,-1.00,0.1243,1.3,0.54,0.61,-32.88,0.80,-18.67,-1.51,-10.00
1,1,1122.74,474.67,1148.73,527.61,0.1233,1.6,0.60,0.60,9.33,1.73,37.82,1.56,-10.00
1,1,-1.00,-1.00,-1.00,-1.00,0.1129,1.2,0.66,0.71,-32.80,1.51,5.73,0.07,-10.00
1,1,540.14,476.44,565.35,525.51,0.1121,1.9,0.78,0.86,-10.86,2.19,49.70,1.61,-10.00
1,1,-1.00,-1.00,-1.00,-1.00,0.1112,1.2,0.64,0.67,-32.84,1.60,4.56,-2.50,-10.00
1,1,-1.00,-1.00,-1.00,-1.00,0.1099,1.8,0.60,0.63,-32.51,1.03,-29.00,-1.42,-10.00
1,1,-1.00,-1.00,-1.00,-1.00,0.1097,1.9,0.71,0.74,-35.47,1.64,33.39,0.03,-10.00
1,1,-1.00,-1.00,-1.00,-1.00,0.1097,1.6,0.67,0.68,-33.23,1.72,9.71,1.58,-10.00
1,1,-1.00,-1.00,-1.00,-1.00,0.1087,1.8,0.68,0.71,-36.45,0.97,-16.11,-1.57,-10.00
1,1,-1.00,-1.00,-1.00,-1.00,0.1038,1.8,0.59,0.60,-36.08,0.99,-20.89,-1.65,-10.00
2,1,-1.00,-1.00,-1.00,-1.00,0.3252,1.8,0.70,0.80,-35.83,1.50,0.20,-1.60,-10.00
2,1,-1.00,-1.00,-1.00,-1.00,0.3041,1.8,0.60,0.65,-36.08,1.71,5.87,-1.61,-10.00
2,1,-1.00,-1.00,-1.00,-1.00,0.2732,1.8,0.60,0.67,-34.99,1.71,6.50,-1.59,-10.00
2,1,-1.00,-1.00,-1.00,-1.00,0.2546,1.9,0.75,0.83,-36.47,1.74,11.79,-1.57,-10.00
2,1,-1.00,-1.00,-1.00,-1.00,0.2377,1.8,0.61,0.66,-36.83,1.63,4.66,-1.58,-10.00
2,1,-1.00,-1.00,-1.00,-1.00,0.2232,1.8,0.65,0.88,-9.99,1.29,-7.55,-1.55,-10.00
2,1,-1.00,-1.00,-1.00,-1.00,0.2086,1.8,0.59,0.65,-35.40,0.62,-35.84,-1.56,-10.00
2,1,-1.00,-1.00,-1.00,-1.00,0.1736,1.4,0.68,0.65,-32.19,1.56,-5.02,3.14,-10.00
2,1,-1.00,-1.00,-1.00,-1.00,0.1722,1.2,0.65,0.61,-33.22,1.66,9.42,-2.30,-10.00
2,1,27.10,493.69,64.13,549.01,0.1709,1.9,0.71,0.79,-26.49,2.67,42.50,2.13,-10.00
2,1,-1.00,-1.00,-1.00,-1.00,0.1684,1.8,0.62,0.65,-34.82,0.89,-22.61,-1.57,-10.00
2,1,-1.00,-1.00,-1.00,-1.00,0.1580,1.8,0.57,0.60,-32.86,1.92,19.46,1.58,-10.00
2,1,-1.00,-1.00,-1.00,-1.00,0.1425,1.2,0.56,0.61,-33.23,1.66,10.18,0.13,-10.00
2,1,-1.00,-1.00,-1.00,-1.00,0.1417,1.8,0.58,0.60,-34.85,0.98,-22.19,1.58,-10.00
2,1,-1.00,-1.00,-1.00,-1.00,0.1395,1.8,0.62,0.66,-34.94,0.59,-40.21,-1.54,-10.00
2,1,-1.00,-1.00,-1.00,-1.00,0.1329,1.8,0.57,0.59,-36.50,1.05,-19.44,-1.53,-10.00
2,1,-1.00,-1.00,-1.00,-1.00,0.1259,1.8,0.63,0.66,-35.49,1.72,29.08,1.57,-10.00
2,1,-1.00,-1.00,-1.00,-1.00,0.1092,1.4,0.62,0.60,-32.98,1.71,0.27,0.45,-10.00
2,1,-1.00,-1.00,-1.00,-1.00,0.1092,1.8,0.63,0.66,-35.45,0.47,-36.46,1.59,-10.00
2,1,-1.00,-1.00,-1.00,-1.00,0.1002,1.3,0.53,0.59,-33.15,1.67,13.00,-3.04,-10.00
3,1,-1.00,-1.00,-1.00,-1.00,0.6852,1.8,0.69,0.84,-10.22,1.22,-10.10,-1.56,-10.00
3,1,-1.00,-1.00,-1.00,-1.00,0.4277,1.8,0.68,0.80,-36.50,1.84,9.42,-1.56,-10.00
3,1,-1.00,-1.00,-1.00,-1.00,0.3341,1.8,0.64,0.71,-36.88,1.76,2.24,-1.61,-10.00
3,1,-1.00,-1.00,-1.00,-1.00,0.3056,1.9,0.80,0.96,-35.07,0.99,-42.57,-1.55,-10.00
3,1,-1.00,-1.00,-1.00,-1.00,0.2622,1.8,0.55,0.62,-35.84,1.70,3.37,-1.55,-10.00
3,1,-1.00,-1.00,-1.00,-1.00,0.2607,1.8,0.61,0.71,-34.99,1.71,3.90,-1.55,-10.00
3,1,-1.00,-1.00,-1.00,-1.00,0.2523,1.8,0.62,0.67,-35.89,1.55,-2.24,-1.57,-10.00
3,1,-1.00,-1.00,-1.00,-1.00,0.1743,1.3,0.58,0.63,-32.93,1.60,-1.48,1.57,-10.00
3,1,-1.00,-1.00,-1.00,-1.00,0.1737,1.8,0.68,0.73,-26.48,2.89,38.86,-1.29,-10.00
3,1,-1.00,-1.00,-1.00,-1.00,0.1689,1.5,0.48,0.53,-32.91,1.89,16.57,-0.12,-10.00
3,1,-1.00,-1.00,-1.00,-1.00,0.1378,1.4,0.48,0.49,-31.97,1.79,16.66,-3.10,-10.00
3,1,-1.00,-1.00,-1.00,-1.00,0.1313,1.7,0.60,0.62,-32.33,1.67,-7.95,-1.59,-10.00
3,1,-1.00,-1.00,-1.00,-1.00,0.1121,1.8,0.61,0.62,-33.09,1.89,-2.95,-1.58,-10.00
3,1,-1.00,-1.00,-1.00,-1.00,0.1047,1.4,0.64,0.63,-32.92,1.80,2.13,1.62,-10.00
4,1,-1.00,-1.00,-1.00,-1.00,0.5294,1.8,0.72,0.87,-10.36,1.25,-13.38,-1.54,-10.00
4,1,-1.00,-1.00,-1.00,-1.00,0.2764,1.8,0.61,0.64,-35.03,2.03,0.65,-1.57,-10.00
4,1,-1.00,-1.00,-1.00,-1.00,0.2572,1.8,0.67,0.68,-36.14,1.81,-5.43,-1.55,-10.00
4,1,-1.00,-1.00,-1.00,-1.00,0.2396,1.8,0.68,0.75,-36.49,1.98,6.55,-1.54,-10.00
4,1,-1.00,-1.00,-1.00,-1.00,0.2290,1.8,0.62,0.67,-36.98,1.72,-0.88,-1.58,-10.00
4,1,-1.00,-1.00,-1.00,-1.00,0.2268,1.8,0.67,0.78,-26.33,2.74,34.49,-1.58,-10.00
4,1,0.00,484.86,8.38,534.95,0.2141,1.9,0.70,0.75,-31.36,2.44,47.11,-1.70,-10.00
4,1,46.10,509.69,82.52,572.69,0.1959,1.8,0.59,0.63,-21.68,2.91,35.65,3.14,-10.00
4,1,459.09,484.18,484.94,544.43,0.1957,1.8,0.59,0.59,-10.85,2.27,38.33,1.64,-10.00
4,1,-1.00,-1.00,-1.00,-1.00,0.1935,1.9,0.68,0.60,-36.61,1.39,-31.00,-1.55,-10.00
4,1,-1.00,-1.00,-1.00,-1.00,0.1926,1.8,0.61,0.60,-36.10,2.08,0.18,-1.63,-10.00
4,1,-1.00,-1.00,-1.00,-1.00,0.1904,1.8,0.61,0.69,-32.14,2.14,2.60,1.56,-10.00
4,1,-1.00,-1.00,-1.00,-1.00,0.1556,1.7,0.63,0.71,-33.36,2.12,2.49,-1.60,-10.00
4,1,-1.00,-1.00,-1.00,-1.00,0.1479,1.8,0.68,0.78,-33.31,2.14,3.23,-1.60,-10.00
4,1,-1.00,-1.00,-1.00,-1.00,0.1400,1.3,0.55,0.59,-32.99,1.77,-5.41,1.67,-10.00
4,1,-1.00,-1.00,-1.00,-1.00,0.1322,1.5,0.69,0.75,-34.95,1.30,-28.68,-1.56,-10.00
4,1,-1.00,-1.00,-1.00,-1.00,0.1232,1.9,0.70,0.70,-35.53,1.16,-45.87,-1.49,-10.00
4,1,-1.00,-1.00,-1.00,-1.00,0.1172,1.6,0.62,0.66,-32.25,2.02,1.27,-1.60,-10.00
4,1,-1.00,-1.00,-1.00,-1.00,0.1039,1.3,0.65,0.71,-33.01,1.82,-1.46,-1.56,-10.00
4,1,-1.00,-1.00,-1.00,-1.00,0.1029,1.8,0.61,0.55,31.54,0.15,9.61,-3.09,-10.00
4,1,-1.00,-1.00,-1.00,-1.00,0.1009,1.8,0.63,0.67,-29.70,2.12,38.56,3.09,-10.00
5,1,-1.00,-1.00,-1.00,-1.00,0.4936,1.8,0.70,0.89,-10.46,1.26,-16.81,-1.54,-10.00
5,1,-1.00,-1.00,-1.00,-1.00,0.3315,1.8,0.62,0.66,-37.05,2.62,-4.20,-1.58,-10.00
5,1,-1.00,-1.00,-1.00,-1.00,0.3007,1.8,0.66,0.76,-35.09,2.54,-2.69,-1.54,-10.00
5,1,419.02,503.73,453.26,571.58,0.2878,1.8,0.68,0.69,-10.66,2.76,34.21,1.62,-10.00
5,1,-1.00,-1.00,-1.00,-1.00,0.2734,1.8,0.56,0.62,-36.14,2.75,-3.08,-1.59,-10.00
5,1,-1.00,-1.00,-1.00,-1.00,0.2385,1.8,0.64,0.75,-26.59,3.65,29.64,1.82,-10.00
5,1,-1.00,-1.00,-1.00,-1.00,0.2277,1.8,0.71,0.80,-35.96,2.29,-8.74,-1.50,-10.00
5,1,-1.00,-1.00,-1.00,-1.00,0.2226,1.8,0.69,0.75,-36.51,2.65,3.01,-1.53,-10.00
5,1,-1.00,-1.00,-1.00,-1.00,0.2124,1.8,0.65,0.77,-35.26,1.57,-32.20,-1.58,-10.00
5,1,-1.00,-1.00,-1.00,-1.00,0.1800,1.8,0.60,0.61,-34.46,2.89,18.20,1.50,-10.00
5,1,-1.00,-1.00,-1.00,-1.00,0.1529,1.8,0.58,0.58,-36.09,1.61,-33.77,1.58,-10.00
5,1,-1.00,-1.00,-1.00,-1.00,0.1414,1.6,0.56,0.61,-35.19,2.83,18.99,1.62,-10.00
5,1,-1.00,-1.00,-1.00,-1.00,0.1243,1.5,0.62,0.64,-32.92,2.95,8.80,-1.55,-10.00
5,1,-1.00,-1.00,-1.00,-1.00,0.1183,1.4,0.66,0.67,-33.26,2.45,1.74,-1.57,-10.00
5,1,-1.00,-1.00,-1.00,-1.00,0.1096,1.6,0.59,0.62,-32.29,2.60,-3.04,-1.58,-10.00
5,1,-1.00,-1.00,-1.00,-1.00,0.1012,1.9,0.71,0.73,-36.94,1.45,-34.96,1.57,-10.00
6,1,-1.00,-1.00,-1.00,-1.00,0.4007,1.8,0.72,0.86,-10.50,1.03,-20.39,-1.50,-10.00
6,1,-1.00,-1.00,-1.00,-1.00,0.2981,1.8,0.60,0.64,-36.26,1.38,-12.55,-1.58,-10.00
6,1,-1.00,-1.00,-1.00,-1.00,0.2519,1.8,0.70,0.76,-36.60,1.90,0.10,-1.54,-10.00
6,1,355.78,491.89,392.06,568.77,0.2435,1.8,0.61,0.59,-10.71,2.33,29.66,-1.53,-10.00
6,1,-1.00,-1.00,-1.00,-1.00,0.2051,1.8,0.62,0.64,-37.14,1.44,-7.78,-1.55,-10.00
6,1,-1.00,-1.00,-1.00,-1.00,0.2034,1.4,0.58,0.64,-32.93,1.94,4.25,-1.51,-10.00
6,1,-1.00,-1.00,-1.00,-1.00,0.1843,1.4,0.56,0.65,-33.36,1.55,-5.02,-1.52,-10.00
6,1,-1.00,-1.00,-1.00,-1.00,0.1768,1.8,0.63,0.68,-35.11,1.51,-6.29,-1.53,-10.00
6,1,-1.00,-1.00,-1.00,-1.00,0.1659,1.8,0.64,0.69,-27.08,2.74,24.98,3.00,-10.00
6,1,-1.00,-1.00,-1.00,-1.00,0.1649,1.3,0.60,0.67,-33.47,1.32,-15.05,1.11,-10.00
6,1,-1.00,-1.00,-1.00,-1.00,0.1492,1.8,0.69,0.64,-37.37,0.91,-38.96,-1.53,-10.00
6,1,-1.00,-1.00,-1.00,-1.00,0.1453,1.8,0.58,0.63,-34.39,1.92,13.83,-1.54,-10.00
6,1,-1.00,-1.00,-1.00,-1.00,0.1421,1.7,0.55,0.59,-32.71,1.37,-20.25,3.04,-10.00
6,1,-1.00,-1.00,-1.00,-1.00,0.1321,1.6,0.58,0.57,-32.27,1.90,-0.31,3.07,-10.00
6,1,-1.00,-1.00,-1.00,-1.00,0.1302,1.3,0.51,0.53,-21.51,2.56,26.94,-0.09,-10.00
6,1,-1.00,-1.00,-1.00,-1.00,0.1255,1.5,0.58,0.63,-33.47,1.47,-5.81,-1.55,-10.00
6,1,-1.00,-1.00,-1.00,-1.00,0.1228,1.6,0.59,0.64,-32.74,1.33,-17.83,-1.94,-10.00
6,1,-1.00,-1.00,-1.00,-1.00,0.1195,1.5,0.60,0.65,-31.84,1.89,4.54,0.35,-10.00
6,1,-1.00,-1.00,-1.00,-1.00,0.1185,1.8,0.58,0.67,-35.31,0.72,-35.91,-1.59,-10.00
6,1,-1.00,-1.00,-1.00,-1.00,0.1167,1.6,0.63,0.65,-35.88,0.66,-38.27,1.63,-10.00
6,1,622.69,490.54,647.19,541.31,0.1166,1.7,0.68,0.77,-6.54,2.43,42.75,-0.07,-10.00
6,1,-1.00,-1.00,-1.00,-1.00,0.1159,1.8,0.61,0.66,-39.36,2.39,33.09,-2.83,-10.00
6,1,-1.00,-1.00,-1.00,-1.00,0.1129,1.7,0.72,0.85,-33.84,1.48,-10.17,1.60,-10.00
6,1,-1.00,-1.00,-1.00,-1.00,0.1090,1.8,0.68,0.72,-31.41,2.30,40.20,-1.53,-10.00
6,1,-1.00,-1.00,-1.00,-1.00,0.1075,1.6,0.69,0.76,-33.47,1.47,-9.86,-1.52,-10.00
6,1,-1.00,-1.00,-1.00,-1.00,0.1048,1.8,0.63,0.74,-37.42,1.49,-7.48,-1.56,-10.00
6,1,-1.00,-1.00,-1.00,-1.00,0.1013,1.3,0.58,0.70,-33.43,1.31,-13.84,1.60,-10.00
7,1,278.10,481.58,321.64,569.37,0.3631,1.8,0.61,0.58,-10.69,2.01,25.45,-1.54,-10.00
7,1,391.33,488.49,420.02,552.54,0.2837,1.7,0.60,0.65,-11.52,2.25,34.31,1.47,-10.00
7,1,-1.00,-1.00,-1.00,-1.00,0.2713,1.9,0.74,0.84,-36.62,1.23,-3.33,-1.55,-10.00
7,1,-1.00,-1.00,-1.00,-1.00,0.2592,1.9,0.78,0.85,-27.64,2.35,20.41,2.80,-10.00
7,1,-1.00,-1.00,-1.00,-1.00,0.2572,1.8,0.72,0.86,-10.57,0.86,-23.79,-1.52,-10.00
7,1,-1.00,-1.00,-1.00,-1.00,0.2176,1.8,0.59,0.62,-36.08,0.91,-16.09,-1.48,-10.00
7,1,-1.00,-1.00,-1.00,-1.00,0.1651,1.8,0.65,0.70,-37.14,1.47,-11.40,-1.57,-10.00
7,1,-1.00,-1.00,-1.00,-1.00,0.1548,1.6,0.57,0.56,-33.55,1.36,-10.12,0.61,-10.00
7,1,-1.00,-1.00,-1.00,-1.00,0.1543,1.4,0.62,0.64,-32.98,1.55,0.11,1.67,-10.00
7,1,-1.00,-1.00,-1.00,-1.00,0.1359,1.7,0.64,0.72,22.69,0.72,0.04,1.63,-10.00
7,1,-1.00,-1.00,-1.00,-1.00,0.1190,1.1,0.52,0.56,-21.53,2.36,22.86,3.14,-10.00
7,1,-1.00,-1.00,-1.00,-1.00,0.1099,1.7,0.70,0.72,-33.45,1.89,22.66,1.40,-10.00
7,1,-1.00,-1.00,-1.00,-1.00,0.1001,1.8,0.63,0.63,-35.41,1.27,-10.17,1.65,-10.00
8,1,-1.00,-1.00,-1.00,-1.00,0.3463,1.8,0.73,0.86,-10.60,0.93,-27.26,-1.47,-10.00
8,1,-1.00,-1.00,-1.00,-1.00,0.2879,1.9,0.69,0.82,-31.78,1.60,33.71,-1.60,-10.00
8,1,974.50,470.30,997.14,521.04,0.2716,1.9,0.71,0.74,5.93,1.89,46.71,1.56,-10.00
8,1,-1.00,-1.00,-1.00,-1.00,0.2562,1.8,0.68,0.72,-36.31,1.01,-19.44,-1.61,-10.00
8,1,167.46,474.92,220.59,581.20,0.2300,1.8,0.57,0.58,-10.73,1.87,21.27,-1.55,-10.00
8,1,-1.00,-1.00,-1.00,-1.00,0.2285,1.9,0.80,0.77,-27.95,2.15,16.18,-3.05,-10.00
8,1,350.22,490.12,383.28,562.11,0.2054,1.7,0.60,0.64,-11.11,2.22,30.28,-0.19,-10.00
8,1,-1.00,-1.00,-1.00,-1.00,0.1870,1.3,0.61,0.63,-18.59,1.92,7.93,-2.98,-10.00
8,1,-1.00,-1.00,-1.00,-1.00,0.1276,1.8,0.59,0.61,-35.24,1.09,-13.43,-1.52,-10.00
8,1,-1.00,-1.00,-1.00,-1.00,0.1273,1.5,0.76,0.80,-33.52,1.87,18.63,1.37,-10.00
8,1,-1.00,-1.00,-1.00,-1.00,0.1066,1.3,0.67,0.69,-33.84,0.79,-13.40,-1.51,-10.00
8,1,-1.00,-1.00,-1.00,-1.00,0.1049,1.3,0.53,0.57,-33.20,1.19,-9.40,3.13,-10.00
8,1,-1.00,-1.00,-1.00,-1.00,0.1029,1.3,0.59,0.62,-33.40,1.32,-8.62,0.34,-10.00
9,1,6.82,471.24,89.06,603.98,0.3442,1.8,0.70,0.66,-10.81,1.84,17.42,-1.59,-10.00
9,1,988.74,468.00,1014.15,525.08,0.3390,1.9,0.74,0.75,5.84,1.83,41.89,1.61,-10.00
9,1,-1.00,-1.00,-1.00,-1.00,0.3132,1.9,0.75,0.73,-28.39,2.10,12.16,3.08,-10.00
9,1,-1.00,-1.00,-1.00,-1.00,0.2902,1.8,0.65,0.72,-10.66,0.87,-30.45,-1.53,-10.00
9,1,290.82,494.86,333.60,575.71,0.2305,1.7,0.60,0.61,-10.76,2.20,26.23,-1.51,-10.00
9,1,-1.00,-1.00,-1.00,-1.00,0.2098,1.8,0.73,0.84,-36.37,0.80,-22.88,-1.60,-10.00
9,1,-1.00,-1.00,-1.00,-1.00,0.1817,1.8,0.69,0.73,-36.75,1.50,-9.72,-1.57,-10.00
9,1,-1.00,-1.00,-1.00,-1.00,0.1672,1.8,0.62,0.72,-31.89,1.50,30.23,-1.51,-10.00
9,1,-1.00,-1.00,-1.00,-1.00,0.1464,1.4,0.65,0.69,-32.17,1.16,-7.81,-3.06,-10.00
9,1,-1.00,-1.00,-1.00,-1.00,0.1416,1.5,0.57,0.66,-33.55,1.77,14.55,1.61,-10.00
9,1,-1.00,-1.00,-1.00,-1.00,0.1285,1.5,0.66,0.69,-33.31,1.87,14.21,1.60,-10.00
9,1,-1.00,-1.00,-1.00,-1.00,0.1262,1.7,0.58,0.61,-35.26,1.00,-17.01,1.59,-10.00
9,1,519.97,492.17,550.77,542.02,0.1167,1.2,0.67,0.76,-7.06,1.74,30.38,1.41,-10.00
9,1,-1.00,-1.00,-1.00,-1.00,0.1133,1.3,0.62,0.68,-33.16,1.35,-10.17,1.58,-10.00
9,1,1051.00,485.73,1074.85,539.55,0.1109,1.8,0.71,0.66,7.89,2.32,41.80,-2.82,-10.00
9,1,-1.00,-1.00,-1.00,-1.00,0.1093,1.7,0.59,0.73,-33.57,1.91,13.83,1.62,-10.00
9,1,-1.00,-1.00,-1.00,-1.00,0.1038,1.2,0.67,0.67,-18.60,1.81,4.04,-1.62,-10.00
9,1,-1.00,-1.00,-1.00,-1.00,0.1027,1.2,0.64,0.71,-33.96,0.96,-22.13,1.59,-10.00
10,1,-1.00,-1.00,-1.00,-1.00,0.4966,1.8,0.64,0.64,-10.94,1.77,13.52,-1.62,-10.00
10,1,995.59,461.63,1024.27,524.73,0.4662,1.9,0.72,0.80,5.48,1.63,37.48,1.58,-10.00
10,1,-1.00,-1.00,-1.00,-1.00,0.3400,1.8,0.68,0.79,-10.58,0.77,-33.41,-1.53,-10.00
10,1,210.06,484.18,258.11,581.08,0.2884,1.7,0.66,0.74,-10.69,1.98,22.61,-0.47,-10.00
10,1,-1.00,-1.00,-1.00,-1.00,0.2421,1.8,0.65,0.73,-32.33,1.44,27.33,-1.83,-10.00
10,1,-1.00,-1.00,-1.00,-1.00,0.1983,1.8,0.53,0.56,-35.19,0.75,-20.16,1.64,-10.00
10,1,-1.00,-1.00,-1.00,-1.00,0.1835,1.8,0.75,0.70,-28.81,1.76,8.21,-3.11,-10.00
10,1,-1.00,-1.00,-1.00,-1.00,0.1802,1.4,0.54,0.62,-21.94,2.06,10.93,-3.05,-10.00
10,1,-1.00,-1.00,-1.00,-1.00,0.1667,1.8,0.62,0.71,-33.07,1.29,-14.20,-0.12,-10.00
10,1,-1.00,-1.00,-1.00,-1.00,0.1604,1.4,0.60,0.69,-21.94,2.26,13.98,-1.65,-10.00
10,1,-1.00,-1.00,-1.00,-1.00,0.1088,1.7,0.58,0.61,-32.48,1.26,-18.56,-0.09,-10.00
10,1,-1.00,-1.00,-1.00,-1.00,0.1010,1.7,0.66,0.70,-11.17,1.80,13.87,-1.83,-10.00
11,1,-1.00,-1.00,-1.00,-1.00,0.3879,1.8,0.60,0.58,-11.02,1.71,9.94,-1.47,-10.00
11,1,1004.01,463.07,1035.44,534.78,0.3274,1.9,0.74,0.83,5.09,1.71,33.08,1.67,-10.00
11,1,94.88,485.03,169.81,600.76,0.3149,1.7,0.67,0.71,-10.64,1.98,19.23,-1.34,-10.00
11,1,-1.00,-1.00,-1.00,-1.00,0.2814,1.8,0.60,0.70,-36.14,0.60,-29.07,-1.61,-10.00
11,1,-1.00,-1.00,-1.00,-1.00,0.2752,1.8,0.66,0.69,-36.51,0.88,-23.05,-1.62,-10.00
11,1,-1.00,-1.00,-1.00,-1.00,0.2727,1.9,0.75,0.66,-29.05,1.72,4.57,-2.97,-10.00
11,1,-1.00,-1.00,-1.00,-1.00,0.2509,1.3,0.51,0.61,-21.81,2.14,7.22,-3.02,-10.00
11,1,-1.00,-1.00,-1.00,-1.00,0.2257,1.8,0.67,0.69,-35.18,0.71,-23.10,-1.61,-10.00
11,1,-1.00,-1.00,-1.00,-1.00,0.1842,1.8,0.63,0.65,-36.97,0.95,-24.19,-1.58,-10.00
11,1,-1.00,-1.00,-1.00,-1.00,0.1575,1.5,0.58,0.67,-32.36,1.10,-22.30,-1.70,-10.00
11,1,-1.00,-1.00,-1.00,-1.00,0.1547,1.5,0.54,0.58,-33.16,1.02,-15.48,-0.14,-10.00
11,1,-1.00,-1.00,-1.00,-1.00,0.1538,1.9,0.66,0.68,-36.76,1.15,-15.70,-1.53,-10.00
11,1,-1.00,-1.00,-1.00,-1.00,0.1405,1.6,0.62,0.65,-34.86,1.74,17.46,1.51,-10.00
11,1,-1.00,-1.00,-1.00,-1.00,0.1346,1.8,0.51,0.54,-32.27,1.16,-15.44,-3.05,-10.00
11,1,-1.00,-1.00,-1.00,-1.00,0.1315,1.8,0.67,0.67,-11.23,1.73,10.27,-1.49,-10.00
11,1,-1.00,-1.00,-1.00,-1.00,0.1209,1.7,0.66,0.65,14.21,0.67,8.55,-1.53,-10.00
11,1,-1.00,-1.00,-1.00,-1.00,0.1080,1.6,0.56,0.60,-32.42,1.01,-20.23,3.10,-10.00
11,1,-1.00,-1.00,-1.00,-1.00,0.1041,1.6,0.60,0.68,-33.67,0.95,-29.81,1.63,-10.00
12,1,-1.00,-1.00,-1.00,-1.00,0.5186,1.8,0.70,0.68,-11.26,1.74,6.71,-1.60,-10.00
12,1,0.00,480.06,43.42,619.70,0.3917,1.7,0.64,0.68,-10.47,1.88,16.03,-0.50,-10.00
12,1,-1.00,-1.00,-1.00,-1.00,0.3758,1.8,0.64,0.70,-10.11,0.71,-38.91,-1.54,-10.00
12,1,1014.74,462.95,1053.41,543.71,0.3076,1.8,0.72,0.82,4.80,1.70,29.02,1.55,-10.00
12,1,-1.00,-1.00,-1.00,-1.00,0.2632,1.8,0.69,0.73,-35.86,0.48,-32.15,-1.60,-10.00
12,1,-1.00,-1.00,-1.00,-1.00,0.2603,1.8,0.60,0.66,-35.18,0.61,-26.20,-1.65,-10.00
12,1,-1.00,-1.00,-1.00,-1.00,0.2593,1.9,0.80,0.80,-29.47,1.67,1.27,-2.56,-10.00
12,1,-1.00,-1.00,-1.00,-1.00,0.2546,1.8,0.65,0.70,-36.87,0.70,-27.06,-1.61,-10.00
12,1,-1.00,-1.00,-1.00,-1.00,0.2399,1.8,0.64,0.72,-36.47,0.75,-26.10,-1.65,-10.00
12,1,-1.00,-1.00,-1.00,-1.00,0.2270,1.8,0.61,0.66,-36.74,1.00,-18.46,-1.54,-10.00
12,1,-1.00,-1.00,-1.00,-1.00,0.1789,1.5,0.67,0.72,-33.23,1.20,-23.80,1.64,-10.00
12,1,-1.00,-1.00,-1.00,-1.00,0.1644,1.5,0.56,0.59,-34.48,1.43,9.31,1.50,-10.00
12,1,-1.00,-1.00,-1.00,-1.00,0.1531,1.9,0.71,0.79,-33.70,1.17,-33.14,-1.61,-10.00
12,1,-1.00,-1.00,-1.00,-1.00,0.1516,1.4,0.65,0.71,-32.14,1.05,-29.38,-2.70,-10.00
12,1,-1.00,-1.00,-1.00,-1.00,0.1438,1.4,0.71,0.75,-33.36,0.94,-28.63,1.60,-10.00
12,1,-1.00,-1.00,-1.00,-1.00,0.1352,1.3,0.68,0.74,-32.43,0.95,-30.64,-0.05,-10.00
12,1,-1.00,-1.00,-1.00,-1.00,0.1289,1.8,0.53,0.58,-32.06,1.18,-19.01,-3.05,-10.00
12,1,-1.00,-1.00,-1.00,-1.00,0.1234,1.7,0.66,0.67,-33.03,1.17,-35.52,1.60,-10.00
12,1,-1.00,-1.00,-1.00,-1.00,0.1181,1.6,0.66,0.61,-28.95,2.71,3.75,0.08,-10.00
12,1,-1.00,-1.00,-1.00,-1.00,0.1140,1.6,0.64,0.68,-29.78,1.85,-36.24,0.06,-10.00
12,1,-1.00,-1.00,-1.00,-1.00,0.1095,1.2,0.52,0.59,-22.04,1.84,3.96,-3.08,-10.00
12,1,-1.00,-1.00,-1.00,-1.00,0.1091,1.4,0.52,0.59,-33.14,0.81,-19.06,0.01,-10.00
12,1,-1.00,-1.00,-1.00,-1.00,0.1022,1.5,0.66,0.73,-32.86,1.00,-33.07,-1.57,-10.00
12,1,-1.00,-1.00,-1.00,-1.00,0.1011,1.6,0.68,0.70,-32.40,1.15,-28.58,0.44,-10.00
13,1,-1.00,-1.00,-1.00,-1.00,0.4891,1.7,0.69,0.75,-10.37,1.79,13.60,-1.31,-10.00
13,1,1023.34,454.13,1066.26,546.36,0.4706,1.8,0.70,0.82,4.43,1.55,25.49,1.58,-10.00
13,1,-1.00,-1.00,-1.00,-1.00,0.4306,1.8,0.70,0.70,-11.34,1.67,3.85,-1.56,-10.00
13,1,-1.00,-1.00,-1.00,-1.00,0.3298,1.8,0.68,0.74,-9.89,0.82,-41.01,-1.59,-10.00
13,1,-1.00,-1.00,-1.00,-1.00,0.3225,1.8,0.68,0.69,-35.79,0.45,-34.55,-1.65,-10.00
13,1,-1.00,-1.00,-1.00,-1.00,0.2976,1.9,0.78,0.75,-29.82,1.53,-1.74,-2.90,-10.00
13,1,-1.00,-1.00,-1.00,-1.00,0.2696,1.8,0.60,0.69,-33.23,1.51,19.47,-1.61,-10.00
13,1,-1.00,-1.00,-1.00,-1.00,0.2288,1.8,0.62,0.69,-34.95,0.85,-28.63,-1.62,-10.00
13,1,-1.00,-1.00,-1.00,-1.00,0.2080,1.8,0.66,0.68,-36.58,0.82,-29.47,-1.61,-10.00
13,1,-1.00,-1.00,-1.00,-1.00,0.1782,1.8,0.63,0.67,-36.44,0.81,-28.54,-1.63,-10.00
13,1,-1.00,-1.00,-1.00,-1.00,0.1662,1.9,0.74,0.81,-36.48,0.96,-20.60,-1.50,-10.00
13,1,-1.00,-1.00,-1.00,-1.00,0.1528,1.5,0.70,0.68,-35.28,1.50,12.59,1.54,-10.00
13,1,-1.00,-1.00,-1.00,-1.00,0.1404,1.3,0.70,0.82,-33.45,0.72,-36.29,1.61,-10.00
13,1,-1.00,-1.00,-1.00,-1.00,0.1292,1.3,0.71,0.72,-33.22,0.96,-27.02,1.55,-10.00
13,1,-1.00,-1.00,-1.00,-1.00,0.1204,1.6,0.61,0.58,-35.24,1.49,10.93,-1.65,-10.00
13,1,-1.00,-1.00,-1.00,-1.00,0.1179,1.1,0.61,0.71,-15.02,1.81,3.65,-1.55,-10.00
13,1,-1.00,-1.00,-1.00,-1.00,0.1179,1.4,0.68,0.71,-32.62,0.99,-40.26,1.58,-10.00
13,1,-1.00,-1.00,-1.00,-1.00,0.1062,1.4,0.78,0.91,-19.04,1.73,-9.92,-1.63,-10.00
13,1,-1.00,-1.00,-1.00,-1.00,0.1045,1.4,0.65,0.67,-33.38,0.87,-32.26,-0.00,-10.00
13,1,-1.00,-1.00,-1.00,-1.00,0.1019,1.2,0.52,0.55,-22.12,1.99,0.87,-3.06,-10.00
14,1,-1.00,-1.00,-1.00,-1.00,0.4337,1.8,0.72,0.83,-10.15,1.81,11.23,-1.49,-10.00
14,1,1041.84,451.41,1089.26,557.01,0.3855,1.8,0.66,0.72,4.16,1.51,21.85,1.59,-10.00
14,1,-1.00,-1.00,-1.00,-1.00,0.3325,1.8,0.65,0.64,-11.40,1.61,0.86,2.84,-10.00
14,1,-1.00,-1.00,-1.00,-1.00,0.3093,1.8,0.63,0.65,-35.35,1.60,9.03,1.58,-10.00
14,1,-1.00,-1.00,-1.00,-1.00,0.2978,1.8,0.66,0.71,-9.60,0.84,-43.24,-1.57,-10.00
14,1,-1.00,-1.00,-1.00,-1.00,0.2350,1.8,0.67,0.73,-33.53,1.45,17.15,-1.69,-10.00
14,1,-1.00,-1.00,-1.00,-1.00,0.2340,1.8,0.62,0.66,-36.74,0.54,-22.87,-1.63,-10.00
14,1,-1.00,-1.00,-1.00,-1.00,0.1833,2.0,0.86,0.84,-30.20,1.11,-4.63,3.13,-10.00
14,1,-1.00,-1.00,-1.00,-1.00,0.1570,1.8,0.63,0.60,-35.30,1.55,7.79,-1.64,-10.00
14,1,-1.00,-1.00,-1.00,-1.00,0.1541,1.5,0.52,0.54,-34.57,1.11,3.35,1.48,-10.00
14,1,-1.00,-1.00,-1.00,-1.00,0.1211,1.8,0.65,0.64,-35.84,0.14,-37.32,-1.61,-10.00
14,1,-1.00,-1.00,-1.00,-1.00,0.1117,1.4,0.67,0.85,-18.82,1.70,-12.78,1.47,-10.00
14,1,-1.00,-1.00,-1.00,-1.00,0.1021,1.9,0.71,0.73,-35.61,1.58,9.36,1.62,-10.00
15,1,1091.47,444.75,1161.50,576.96,0.5372,1.9,0.75,0.87,4.32,1.53,18.12,1.54,-10.00
15,1,-1.00,-1.00,-1.00,-1.00,0.4394,1.7,0.67,0.81,-9.99,1.76,9.09,-1.45,-10.00
15,1,-1.00,-1.00,-1.00,-1.00,0.3870,1.8,0.69,0.70,-11.47,1.61,-1.94,-1.48,-10.00
15,1,-1.00,-1.00,-1.00,-1.00,0.2914,1.9,0.71,0.75,-36.80,1.12,-24.63,-1.58,-10.00
15,1,-1.00,-1.00,-1.00,-1.00,0.2831,1.8,0.71,0.82,-9.96,0.89,-45.19,-1.58,-10.00
15,1,-1.00,-1.00,-1.00,-1.00,0.2034,1.8,0.62,0.75,-33.34,1.90,15.43,-1.61,-10.00
15,1,-1.00,-1.00,-1.00,-1.00,0.1840,1.8,0.72,0.78,-30.62,1.10,-7.08,-2.77,-10.00
15,1,-1.00,-1.00,-1.00,-1.00,0.1289,1.7,0.54,0.57,-34.66,1.40,0.30,1.61,-10.00
15,1,-1.00,-1.00,-1.00,-1.00,0.1209,1.2,0.53,0.62,-22.17,1.96,-4.74,2.92,-10.00
15,1,-1.00,-1.00,-1.00,-1.00,0.1194,1.8,0.60,0.66,-30.99,1.62,32.54,0.02,-10.00
15,1,-1.00,-1.00,-1.00,-1.00,0.1125,1.5,0.59,0.69,-31.91,1.65,-12.21,-1.59,-10.00
15,1,-1.00,-1.00,-1.00,-1.00,0.1019,1.8,0.62,0.75,-32.85,1.90,15.42,-1.59,-10.00
16,1,-1.00,-1.00,-1.00,-1.00,0.4765,1.7,0.65,0.87,-9.80,1.71,7.45,-1.54,-10.00
16,1,-1.00,-1.00,-1.00,-1.00,0.4349,1.8,0.73,0.70,-11.53,1.65,-4.12,-1.45,-10.00
16,1,-1.00,-1.00,-1.00,-1.00,0.3173,1.8,0.64,0.75,-10.63,0.80,-46.59,-1.57,-10.00
16,1,-1.00,-1.00,-1.00,-1.00,0.2541,1.8,0.63,0.65,-36.99,1.33,-25.78,-1.56,-10.00
16,1,1172.49,428.44,1265.93,588.46,0.2500,1.8,0.76,0.91,4.64,1.38,14.86,1.54,-10.00
16,1,-1.00,-1.00,-1.00,-1.00,0.2166,1.5,0.58,0.64,-22.28,2.31,-2.74,0.56,-10.00
16,1,-1.00,-1.00,-1.00,-1.00,0.1572,1.8,0.63,0.81,-33.25,1.88,14.21,-1.58,-10.00
16,1,-1.00,-1.00,-1.00,-1.00,0.1244,1.8,0.56,0.64,-30.62,1.35,30.55,0.15,-10.00
17,1,1260.36,409.78,1371.64,605.92,0.6290,1.8,0.71,0.89,4.70,1.28,12.09,1.63,-10.00
17,1,-1.00,-1.00,-1.00,-1.00,0.4451,1.8,0.68,0.90,-9.74,1.66,6.20,-1.56,-10.00
17,1,-1.00,-1.00,-1.00,-1.00,0.3112,1.8,0.65,0.61,-11.57,1.49,-5.98,2.87,-10.00
17,1,-1.00,-1.00,-1.00,-1.00,0.2280,1.8,0.70,0.85,-11.13,0.78,-47.75,-1.52,-10.00
17,1,-1.00,-1.00,-1.00,-1.00,0.1980,1.8,0.63,0.66,-37.38,1.10,-26.68,-1.57,-10.00
17,1,883.20,461.60,911.30,510.64,0.1761,1.9,0.75,0.85,2.74,1.57,48.60,-0.32,-10.00
17,1,-1.00,-1.00,-1.00,-1.00,0.1477,1.4,0.55,0.61,-34.68,1.26,-3.01,1.62,-10.00
17,1,-1.00,-1.00,-1.00,-1.00,0.1435,1.6,0.60,0.64,-22.32,2.31,-4.40,1.59,-10.00
17,1,-1.00,-1.00,-1.00,-1.00,0.1389,1.4,0.65,0.69,-34.14,0.73,-36.63,0.73,-10.00
17,1,-1.00,-1.00,-1.00,-1.00,0.1329,1.8,0.61,0.61,-16.57,1.12,-31.10,0.27,-10.00
17,1,-1.00,-1.00,-1.00,-1.00,0.1263,1.5,0.62,0.63,-35.34,1.54,1.77,1.56,-10.00
17,1,-1.00,-1.00,-1.00,-1.00,0.1190,1.9,0.75,0.80,-31.81,1.48,-10.29,-3.02,-10.00
17,1,-1.00,-1.00,-1.00,-1.00,0.1167,1.6,0.62,0.69,-22.35,2.09,-8.70,1.05,-10.00
17,1,-1.00,-1.00,-1.00,-1.00,0.1097,1.3,0.54,0.58,8.29,0.61,-17.40,-2.32,-10.00
17,1,-1.00,-1.00,-1.00,-1.00,0.1084,1.6,0.58,0.57,-30.25,1.46,28.70,-0.03,-10.00
17,1,-1.00,-1.00,-1.00,-1.00,0.1070,1.8,0.66,0.72,-11.75,1.17,-33.71,-1.53,-10.00
17,1,-1.00,-1.00,-1.00,-1.00,0.1055,1.6,0.55,0.59,-32.27,1.51,-15.79,-1.58,-10.00
17,1,-1.00,-1.00,-1.00,-1.00,0.1041,1.8,0.63,0.73,-34.24,1.10,-45.81,-1.54,-10.00
18,1,-1.00,-1.00,-1.00,-1.00,0.5491,1.7,0.65,0.86,-9.66,1.61,4.76,-1.53,-10.00
18,1,1390.19,383.98,1565.23,649.92,0.4736,1.9,0.75,0.92,4.77,1.28,9.25,1.59,-10.00
18,1,-1.00,-1.00,-1.00,-1.00,0.4546,1.8,0.67,0.76,-11.53,0.95,-48.90,-1.60,-10.00
18,1,-1.00,-1.00,-1.00,-1.00,0.3015,1.8,0.71,0.73,-11.77,1.53,-7.73,-1.50,-10.00
18,1,-1.00,-1.00,-1.00,-1.00,0.2201,1.3,0.61,0.66,-22.60,1.87,-10.37,3.06,-10.00
18,1,-1.00,-1.00,-1.00,-1.00,0.2002,1.9,0.76,0.86,-32.26,1.33,-11.75,-2.76,-10.00
18,1,-1.00,-1.00,-1.00,-1.00,0.1941,1.3,0.58,0.61,-34.11,1.47,1.46,1.63,-10.00
18,1,-1.00,-1.00,-1.00,-1.00,0.1914,1.3,0.59,0.64,-33.84,1.52,0.50,1.63,-10.00
18,1,-1.00,-1.00,-1.00,-1.00,0.1530,1.8,0.56,0.62,-36.13,0.99,-36.55,-1.54,-10.00
18,1,-1.00,-1.00,-1.00,-1.00,0.1477,1.8,0.55,0.57,-30.02,1.52,27.05,0.00,-10.00
18,1,-1.00,-1.00,-1.00,-1.00,0.1311,1.7,0.56,0.64,-34.09,1.09,-33.09,1.61,-10.00
18,1,-1.00,-1.00,-1.00,-1.00,0.1270,1.6,0.62,0.63,-22.37,2.17,-6.31,1.60,-10.00
18,1,916.37,460.79,944.69,511.75,0.1252,1.8,0.71,0.90,3.84,1.53,46.30,0.28,-10.00
18,1,-1.00,-1.00,-1.00,-1.00,0.1092,1.5,0.52,0.55,-34.94,1.22,-4.64,1.56,-10.00
18,1,-1.00,-1.00,-1.00,-1.00,0.1075,1.5,0.56,0.59,-35.37,1.62,0.17,1.58,-10.00
19,1,-1.00,-1.00,-1.00,-1.00,0.6691,1.8,0.69,0.84,4.74,1.33,6.53,1.61,-10.00
19,1,-1.00,-1.00,-1.00,-1.00,0.5904,1.8,0.68,0.88,-9.68,1.58,3.53,-1.53,-10.00
19,1,-1.00,-1.00,-1.00,-1.00,0.3620,1.9,0.73,0.69,-11.78,1.47,-9.62,3.10,-10.00
19,1,-1.00,-1.00,-1.00,-1.00,0.3019,1.8,0.63,0.73,-11.52,0.88,-50.00,-1.52,-10.00
19,1,-1.00,-1.00,-1.00,-1.00,0.2298,1.8,0.69,0.71,-32.43,1.34,-13.36,-3.02,-10.00
19,1,-1.00,-1.00,-1.00,-1.00,0.2079,1.4,0.58,0.58,-35.33,1.55,-0.58,1.61,-10.00
19,1,943.03,462.92,969.79,516.19,0.2055,1.9,0.75,0.91,4.61,1.63,44.58,0.09,-10.00
19,1,-1.00,-1.00,-1.00,-1.00,0.1479,1.8,0.54,0.54,-35.02,1.49,-6.26,-1.55,-10.00
19,1,-1.00,-1.00,-1.00,-1.00,0.1335,1.6,0.58,0.63,-34.54,0.83,-39.49,1.11,-10.00
19,1,-1.00,-1.00,-1.00,-1.00,0.1314,1.8,0.62,0.75,23.48,-2.04,-33.96,-3.09,-10.00
19,1,-1.00,-1.00,-1.00,-1.00,0.1292,1.8,0.66,0.74,24.91,-2.04,-33.98,-3.07,-10.00
19,1,-1.00,-1.00,-1.00,-1.00,0.1286,1.8,0.63,0.73,-36.66,1.09,-39.29,1.56,-10.00
19,1,-1.00,-1.00,-1.00,-1.00,0.1271,1.6,0.53,0.58,-34.30,0.96,-37.09,0.47,-10.00
19,1,-1.00,-1.00,-1.00,-1.00,0.1264,1.3,0.63,0.67,-22.64,1.82,-12.10,-0.10,-10.00
19,1,-1.00,-1.00,-1.00,-1.00,0.1224,1.5,0.59,0.63,-22.57,2.10,-7.99,1.64,-10.00
19,1,-1.00,-1.00,-1.00,-1.00,0.1211,1.4,0.58,0.56,-35.41,1.49,-1.53,-1.59,-10.00
19,1,-1.00,-1.00,-1.00,-1.00,0.1158,1.5,0.62,0.70,-22.61,2.01,-9.15,-0.01,-10.00
19,1,-1.00,-1.00,-1.00,-1.00,0.1138,1.3,0.60,0.62,-34.10,1.56,-1.41,-1.52,-10.00
19,1,-1.00,-1.00,-1.00,-1.00,0.1102,1.2,0.60,0.65,-34.17,1.46,-3.86,1.63,-10.00
19,1,-1.00,-1.00,-1.00,-1.00,0.1037,1.8,0.58,0.61,-33.06,1.31,-34.67,-0.02,-10.00
20,1,-1.00,-1.00,-1.00,-1.00,0.6204,1.8,0.72,0.90,4.60,1.30,4.09,1.61,-10.00
20,1,-1.00,-1.00,-1.00,-1.00,0.3872,1.8,0.69,0.90,-9.67,1.62,2.42,-1.55,-10.00
20,1,-1.00,-1.00,-1.00,-1.00,0.3761,1.8,0.71,0.76,-11.19,0.57,-50.87,-1.60,-10.00
20,1,-1.00,-1.00,-1.00,-1.00,0.3661,1.8,0.75,0.74,-11.79,1.47,-11.28,-0.01,-10.00
20,1,-1.00,-1.00,-1.00,-1.00,0.2977,1.9,0.67,0.67,-33.66,2.09,48.23,-1.53,-10.00
20,1,-1.00,-1.00,-1.00,-1.00,0.2540,1.7,0.54,0.54,-35.10,1.26,-8.58,1.56,-10.00
20,1,960.59,457.13,989.87,512.92,0.2231,1.9,0.75,0.93,5.10,1.46,42.98,0.18,-10.00
20,1,-1.00,-1.00,-1.00,-1.00,0.2206,1.8,0.59,0.69,-33.37,1.63,10.22,-1.59,-10.00
20,1,-1.00,-1.00,-1.00,-1.00,0.1298,1.3,0.58,0.64,-22.45,1.69,-13.92,2.70,-10.00
20,1,-1.00,-1.00,-1.00,-1.00,0.1069,1.7,0.59,0.59,-35.12,1.72,-2.26,-1.53,-10.00
20,1,-1.00,-1.00,-1.00,-1.00,0.1065,1.8,0.59,0.58,-30.26,1.66,23.41,-0.07,-10.00
20,1,-1.00,-1.00,-1.00,-1.00,0.1054,1.6,0.58,0.63,-32.48,1.54,9.36,-1.56,-10.00
20,1,1233.86,480.56,1307.57,568.43,0.1045,1.2,0.64,0.77,5.99,1.32,16.92,-3.06,-10.00
20,1,-1.00,-1.00,-1.00,-1.00,0.1015,1.8,0.70,0.68,11.70,0.28,-10.64,2.89,-10.00
21,1,-1.00,-1.00,-1.00,-1.00,0.3695,1.8,0.71,0.68,-11.61,1.29,-13.13,-1.37,-10.00
21,1,-1.00,-1.00,-1.00,-1.00,0.3267,1.8,0.72,0.95,4.52,1.25,1.64,1.59,-10.00
21,1,-1.00,-1.00,-1.00,-1.00,0.2990,1.8,0.70,0.90,-9.70,1.60,1.25,-1.53,-10.00
21,1,974.91,463.20,1010.72,521.58,0.2563,1.9,0.78,0.96,5.48,1.69,41.35,-0.15,-10.00
21,1,-1.00,-1.00,-1.00,-1.00,0.2516,1.8,0.63,0.66,-35.06,1.25,-10.70,1.54,-10.00
21,1,-1.00,-1.00,-1.00,-1.00,0.2025,1.8,0.52,0.54,15.53,-0.28,-12.30,-1.62,-10.00
21,1,-1.00,-1.00,-1.00,-1.00,0.2020,1.8,0.72,0.77,-33.59,1.61,8.94,-1.60,-10.00
21,1,-1.00,-1.00,-1.00,-1.00,0.1560,1.2,0.52,0.62,-22.44,1.58,-15.89,3.10,-10.00
21,1,-1.00,-1.00,-1.00,-1.00,0.1470,1.6,0.59,0.58,11.33,0.22,-12.15,2.84,-10.00
21,1,-1.00,-1.00,-1.00,-1.00,0.1337,1.6,0.57,0.54,-30.41,1.48,21.47,-0.15,-10.00
21,1,505.45,456.35,533.01,511.48,0.1331,1.9,0.78,0.83,-10.89,1.46,44.42,1.54,-10.00
21,1,-1.00,-1.00,-1.00,-1.00,0.1318,1.8,0.62,0.59,-20.88,1.27,-27.28,3.01,-10.00
21,1,-1.00,-1.00,-1.00,-1.00,0.1180,1.9,0.76,0.89,-34.03,2.10,47.00,-1.62,-10.00
21,1,-1.00,-1.00,-1.00,-1.00,0.1104,1.8,0.68,0.71,-40.36,2.06,47.16,-1.57,-10.00
21,1,-1.00,-1.00,-1.00,-1.00,0.1056,1.7,0.57,0.58,-22.39,2.21,-11.61,1.61,-10.00
21,1,491.29,464.96,516.11,518.09,0.1052,1.8,0.67,0.67,-11.23,1.67,43.60,1.59,-10.00
22,1,-1.00,-1.00,-1.00,-1.00,0.6074,1.8,0.68,0.83,-9.73,1.54,-0.13,-1.59,-10.00
22,1,-1.00,-1.00,-1.00,-1.00,0.5143,1.8,0.73,0.95,4.29,1.22,-1.11,1.59,-10.00
22,1,-1.00,-1.00,-1.00,-1.00,0.3234,1.8,0.69,0.66,-11.62,1.34,-14.97,1.56,-10.00
22,1,994.19,473.17,1020.28,532.01,0.3167,1.9,0.73,0.70,5.84,2.00,40.50,-0.01,-10.00
22,1,-1.00,-1.00,-1.00,-1.00,0.3112,1.9,0.72,0.74,-34.16,1.83,45.87,-1.53,-10.00
22,1,999.38,467.30,1027.00,527.36,0.3074,1.9,0.72,0.76,5.87,1.80,39.44,0.05,-10.00
22,1,-1.00,-1.00,-1.00,-1.00,0.2365,1.5,0.67,0.68,-22.33,1.92,-13.62,1.59,-10.00
22,1,-1.00,-1.00,-1.00,-1.00,0.1993,1.5,0.58,0.63,-34.81,0.99,-12.95,1.62,-10.00
22,1,-1.00,-1.00,-1.00,-1.00,0.1253,1.3,0.57,0.60,-22.35,1.42,-17.92,2.87,-10.00
22,1,-1.00,-1.00,-1.00,-1.00,0.1095,1.4,0.52,0.58,-30.70,1.43,19.40,0.05,-10.00
22,1,-1.00,-1.00,-1.00,-1.00,0.1059,1.0,0.68,0.70,9.88,1.23,0.59,0.04,-10.00
23,1,-1.00,-1.00,-1.00,-1.00,0.6761,1.8,0.74,0.94,4.25,1.15,-4.19,1.60,-10.00
23,1,-1.00,-1.00,-1.00,-1.00,0.4315,1.8,0.65,0.79,-9.80,1.52,-1.80,-1.62,-10.00
23,1,-1.00,-1.00,-1.00,-1.00,0.3139,1.8,0.69,0.64,-11.69,1.26,-17.30,-1.45,-10.00
23,1,-1.00,-1.00,-1.00,-1.00,0.2931,1.9,0.68,0.78,-34.16,1.83,44.29,-1.54,-10.00
23,1,1031.37,471.88,1062.99,534.43,0.2675,1.8,0.69,0.72,6.57,1.92,37.36,-0.14,-10.00
23,1,1016.68,472.08,1046.22,533.07,0.2610,1.8,0.67,0.66,6.24,1.92,38.19,-0.21,-10.00
23,1,-1.00,-1.00,-1.00,-1.00,0.1748,1.7,0.63,0.66,-35.44,1.40,-8.73,-1.56,-10.00
23,1,-1.00,-1.00,-1.00,-1.00,0.1434,1.4,0.75,0.78,-22.38,1.71,-15.99,-1.75,-10.00
23,1,-1.00,-1.00,-1.00,-1.00,0.1133,1.7,0.65,0.67,-34.77,1.23,-15.34,1.57,-10.00
23,1,-1.00,-1.00,-1.00,-1.00,0.1088,1.6,0.64,0.68,-34.34,1.21,-15.45,1.58,-10.00
24,1,-1.00,-1.00,-1.00,-1.00,0.5833,1.9,0.81,0.95,4.20,1.08,-8.14,1.59,-10.00
24,1,1074.62,464.94,1107.60,530.98,0.3120,1.8,0.68,0.69,7.45,1.71,35.30,-0.11,-10.00
24,1,-1.00,-1.00,-1.00,-1.00,0.2671,1.8,0.71,0.69,-11.89,1.19,-20.17,-1.52,-10.00
24,1,1080.09,461.69,1119.82,530.68,0.2652,1.9,0.71,0.81,7.46,1.65,34.23,-0.19,-10.00
24,1,-1.00,-1.00,-1.00,-1.00,0.2603,1.8,0.67,0.78,-9.93,1.44,-4.21,-1.63,-10.00
24,1,-1.00,-1.00,-1.00,-1.00,0.1432,1.7,0.58,0.60,-34.88,0.86,-18.15,1.64,-10.00
24,1,-1.00,-1.00,-1.00,-1.00,0.1194,1.4,0.66,0.68,-22.45,1.77,-18.83,-1.72,-10.00
24,1,416.99,471.08,445.90,526.39,0.1132,1.6,0.55,0.63,-11.46,1.63,36.35,0.05,-10.00
25,1,-1.00,-1.00,-1.00,-1.00,0.5051,1.8,0.68,0.87,4.08,0.93,-11.96,1.60,-10.00
25,1,1136.20,460.33,1177.03,534.07,0.3295,1.9,0.70,0.76,8.48,1.64,32.20,-0.14,-10.00
25,1,1145.04,457.66,1186.71,533.50,0.3052,1.9,0.71,0.77,8.47,1.58,31.30,-0.09,-10.00
25,1,-1.00,-1.00,-1.00,-1.00,0.2996,1.8,0.68,0.83,-9.97,1.37,-6.62,-1.57,-10.00
25,1,-1.00,-1.00,-1.00,-1.00,0.2043,1.8,0.71,0.80,-12.07,1.25,-22.88,-1.75,-10.00
25,1,-1.00,-1.00,-1.00,-1.00,0.1727,1.8,0.70,0.84,-34.09,1.90,40.22,-1.58,-10.00
25,1,-1.00,-1.00,-1.00,-1.00,0.1707,1.8,0.66,0.69,-34.08,1.64,8.93,0.83,-10.00
25,1,648.90,473.07,670.45,521.08,0.1705,1.8,0.70,0.69,-6.38,1.95,47.93,-3.08,-10.00
25,1,-1.00,-1.00,-1.00,-1.00,0.1645,1.7,0.58,0.60,-31.12,1.47,-15.02,3.05,-10.00
25,1,-1.00,-1.00,-1.00,-1.00,0.1298,1.5,0.61,0.67,-22.51,1.80,-21.89,1.60,-10.00
25,1,-1.00,-1.00,-1.00,-1.00,0.1177,1.8,0.62,0.62,-34.11,0.50,-24.56,1.64,-10.00
25,1,591.97,469.61,613.57,517.01,0.1139,1.9,0.71,0.71,-8.89,1.86,49.78,-1.53,-10.00
25,1,-1.00,-1.00,-1.00,-1.00,0.1105,1.5,0.51,0.53,-30.76,1.54,11.37,-0.05,-10.00
25,1,-1.00,-1.00,-1.00,-1.00,0.1013,1.5,0.61,0.69,-22.87,1.71,-23.05,-1.57,-10.00
26,1,-1.00,-1.00,-1.00,-1.00,0.6176,1.8,0.73,0.83,3.99,0.81,-16.14,1.57,-10.00
26,1,1205.60,446.96,1251.76,527.96,0.5285,1.8,0.64,0.74,9.29,1.33,28.96,-0.25,-10.00
26,1,-1.00,-1.00,-1.00,-1.00,0.5039,1.7,0.65,0.78,-10.28,1.46,-9.41,-1.63,-10.00
26,1,-1.00,-1.00,-1.00,-1.00,0.4200,1.8,0.63,0.61,-12.08,1.19,-26.48,0.01,-10.00
26,1,1215.22,445.30,1268.40,530.34,0.3196,1.9,0.71,0.84,9.30,1.35,28.08,-0.23,-10.00
26,1,-1.00,-1.00,-1.00,-1.00,0.3175,1.5,0.58,0.58,-30.61,1.52,8.20,0.03,-10.00
26,1,580.96,474.98,605.20,525.00,0.2722,1.9,0.72,0.76,-8.80,2.07,47.24,-1.49,-10.00
26,1,-1.00,-1.00,-1.00,-1.00,0.2290,1.8,0.66,0.66,-33.70,1.87,5.47,0.15,-10.00
26,1,-1.00,-1.00,-1.00,-1.00,0.2243,1.8,0.73,0.77,-34.41,1.40,-26.98,-1.57,-10.00
26,1,-1.00,-1.00,-1.00,-1.00,0.1990,1.9,0.76,0.79,-35.99,1.35,-50.32,-1.58,-10.00
26,1,-1.00,-1.00,-1.00,-1.00,0.1835,1.5,0.55,0.60,-32.32,1.90,17.34,-0.09,-10.00
26,1,-1.00,-1.00,-1.00,-1.00,0.1588,1.8,0.64,0.66,-35.93,1.56,-18.93,-1.54,-10.00
26,1,-1.00,-1.00,-1.00,-1.00,0.1259,1.5,0.74,0.74,-35.59,1.31,-24.16,1.56,-10.00
26,1,-1.00,-1.00,-1.00,-1.00,0.1134,1.5,0.54,0.61,-22.95,1.52,-29.15,-2.46,-10.00
27,1,-1.00,-1.00,-1.00,-1.00,0.5147,1.8,0.68,0.82,3.93,0.64,-20.31,1.58,-10.00
27,1,1307.78,451.17,1364.28,545.58,0.3979,1.8,0.67,0.76,10.00,1.48,24.60,-0.05,-10.00
27,1,-1.00,-1.00,-1.00,-1.00,0.3534,1.7,0.66,0.77,-10.39,1.23,-12.21,-1.57,-10.00
27,1,1291.30,451.23,1341.99,540.84,0.3302,1.8,0.65,0.72,10.03,1.45,25.66,-0.04,-10.00
27,1,-1.00,-1.00,-1.00,-1.00,0.2809,1.8,0.65,0.67,-33.47,2.07,1.81,1.48,-10.00
27,1,-1.00,-1.00,-1.00,-1.00,0.2696,1.8,0.66,0.62,-12.21,0.73,-29.70,-1.44,-10.00
27,1,-1.00,-1.00,-1.00,-1.00,0.1906,1.8,0.61,0.70,-33.73,2.30,35.41,-1.57,-10.00
27,1,-1.00,-1.00,-1.00,-1.00,0.1510,1.6,0.63,0.67,-34.95,0.43,-30.22,1.64,-10.00
27,1,-1.00,-1.00,-1.00,-1.00,0.1233,1.5,0.55,0.59,-30.86,1.59,4.98,0.04,-10.00
27,1,-1.00,-1.00,-1.00,-1.00,0.1188,1.5,0.71,0.71,-22.92,1.60,-28.28,1.29,-10.00
27,1,-1.00,-1.00,-1.00,-1.00,0.1140,1.4,0.58,0.65,-34.39,0.88,-21.44,1.58,-10.00
28,1,-1.00,-1.00,-1.00,-1.00,0.6362,1.9,0.77,0.87,3.95,0.67,-24.56,1.57,-10.00
28,1,605.07,466.49,635.61,528.41,0.4615,1.8,0.75,0.73,-6.24,1.76,37.93,-1.48,-10.00
28,1,-1.00,-1.00,-1.00,-1.00,0.3145,1.7,0.66,0.75,-10.45,1.11,-15.01,-1.53,-10.00
28,1,556.99,486.32,585.31,543.77,0.3143,1.9,0.79,0.72,-8.53,2.46,41.87,-1.56,-10.00
28,1,-1.00,-1.00,-1.00,-1.00,0.2914,1.8,0.71,0.73,-12.20,0.81,-33.19,-1.46,-10.00
28,1,1399.28,459.04,1460.02,561.47,0.2845,1.8,0.65,0.72,10.77,1.62,22.40,0.04,-10.00
28,1,1407.49,451.86,1473.76,559.94,0.2466,1.8,0.66,0.75,10.59,1.54,21.63,-0.04,-10.00
28,1,-1.00,-1.00,-1.00,-1.00,0.2194,1.8,0.66,0.81,-33.82,1.98,33.30,-1.62,-10.00
28,1,-1.00,-1.00,-1.00,-1.00,0.1681,1.8,0.62,0.71,-35.33,-0.11,-32.90,-1.71,-10.00
28,1,193.36,499.80,222.21,550.03,0.1646,1.8,0.63,0.65,-22.18,2.86,44.91,0.14,-10.00
28,1,-1.00,-1.00,-1.00,-1.00,0.1557,1.5,0.54,0.52,-30.66,1.21,1.71,0.03,-10.00
28,1,-1.00,-1.00,-1.00,-1.00,0.1539,1.5,0.69,0.75,-32.43,1.53,10.90,-1.55,-10.00
28,1,196.27,472.95,243.18,567.20,0.1338,1.7,0.59,0.57,-11.41,1.82,23.56,-0.01,-10.00
28,1,-1.00,-1.00,-1.00,-1.00,0.1252,1.6,0.61,0.60,-33.38,0.95,-1.49,-1.55,-10.00
28,1,-1.00,-1.00,-1.00,-1.00,0.1106,1.6,0.58,0.63,-35.46,0.10,-30.64,-0.05,-10.00
29,1,-1.00,-1.00,-1.00,-1.00,0.5846,1.8,0.68,0.76,-10.45,1.03,-18.42,-1.54,-10.00
29,1,562.83,469.36,595.21,536.15,0.3946,1.8,0.64,0.68,-6.71,1.79,33.95,0.16,-10.00
29,1,1545.99,447.00,1600.00,573.02,0.3062,1.8,0.71,0.73,11.29,1.51,18.60,-0.09,-10.00
29,1,518.58,487.85,545.35,547.70,0.2830,1.8,0.67,0.65,-9.02,2.37,38.39,-1.60,-10.00
29,1,-1.00,-1.00,-1.00,-1.00,0.2772,1.8,0.75,0.88,4.02,0.46,-29.33,1.60,-10.00
29,1,-1.00,-1.00,-1.00,-1.00,0.2734,1.8,0.68,0.66,-11.90,0.68,-36.96,3.05,-10.00
29,1,1577.61,443.11,1600.00,571.05,0.2697,1.8,0.63,0.72,11.23,1.42,17.78,0.09,-10.00
29,1,-1.00,-1.00,-1.00,-1.00,0.2390,1.9,0.77,0.96,-34.21,2.04,29.80,-1.60,-10.00
29,1,134.42,502.47,163.78,554.06,0.1853,1.8,0.64,0.69,-24.05,2.98,44.49,1.56,-10.00
29,1,-1.00,-1.00,-1.00,-1.00,0.1850,1.7,0.57,0.55,-30.90,1.41,-2.55,0.06,-10.00
29,1,-1.00,-1.00,-1.00,-1.00,0.1808,1.6,0.63,0.67,-29.95,2.02,27.74,0.01,-10.00
29,1,-1.00,-1.00,-1.00,-1.00,0.1585,1.5,0.58,0.59,-32.51,1.34,6.67,1.64,-10.00
29,1,58.32,480.25,108.77,594.58,0.1568,1.8,0.51,0.52,-11.61,1.93,19.59,-0.26,-10.00
29,1,-1.00,-1.00,-1.00,-1.00,0.1562,1.8,0.65,0.70,-35.33,0.04,-36.95,-1.60,-10.00
29,1,1577.98,441.76,1600.00,570.62,0.1544,1.8,0.72,0.78,11.51,1.44,18.12,-0.00,-10.00
29,1,556.74,481.59,581.89,539.12,0.1403,1.8,0.65,0.70,-8.26,2.22,40.25,-1.56,-10.00
29,1,-1.00,-1.00,-1.00,-1.00,0.1240,1.7,0.56,0.57,-35.40,-0.14,-34.87,1.08,-10.00
29,1,-1.00,-1.00,-1.00,-1.00,0.1048,1.8,0.56,0.59,-33.09,1.21,-5.83,-1.57,-10.00
30,1,-1.00,-1.00,-1.00,-1.00,0.5707,1.7,0.65,0.73,-10.37,0.91,-21.19,-1.57,-10.00
30,1,-1.00,-1.00,-1.00,-1.00,0.5328,1.8,0.65,0.75,11.90,1.44,15.71,-0.08,-10.00
30,1,-1.00,-1.00,-1.00,-1.00,0.4962,1.8,0.60,0.56,-11.89,1.80,16.34,3.02,-10.00
30,1,-1.00,-1.00,-1.00,-1.00,0.4363,1.8,0.71,0.81,4.31,0.32,-33.40,1.60,-10.00
30,1,-1.00,-1.00,-1.00,-1.00,0.3571,1.8,0.63,0.73,11.88,1.39,14.60,0.06,-10.00
30,1,526.39,488.47,559.84,563.50,0.2938,1.8,0.70,0.65,-6.96,2.28,30.76,1.51,-10.00
30,1,-1.00,-1.00,-1.00,-1.00,0.2530,1.8,0.65,0.66,-11.75,0.62,-40.41,-1.55,-10.00
30,1,-1.00,-1.00,-1.00,-1.00,0.1544,1.8,0.70,0.83,-34.38,2.29,27.04,-1.60,-10.00
30,1,-1.00,-1.00,-1.00,-1.00,0.1282,1.5,0.65,0.62,-30.98,0.90,-32.58,-0.06,-10.00
30,1,-1.00,-1.00,-1.00,-1.00,0.1200,1.8,0.60,0.61,-30.98,1.77,-5.94,1.43,-10.00
30,1,-1.00,-1.00,-1.00,-1.00,0.1133,1.8,0.58,0.62,-32.78,2.01,17.32,-1.51,-10.00
30,1,-1.00,-1.00,-1.00,-1.00,0.1052,1.1,0.66,0.74,-32.93,1.39,3.28,1.56,-10.00
31,1,-1.00,-1.00,-1.00,-1.00,0.5255,1.8,0.66,0.75,12.44,1.22,11.35,-0.06,-10.00
31,1,-1.00,-1.00,-1.00,-1.00,0.4597,1.8,0.68,0.78,12.64,1.31,12.57,-0.22,-10.00
31,1,431.98,491.19,468.02,561.43,0.3991,1.8,0.71,0.77,-9.81,2.37,32.67,-1.59,-10.00
31,1,-1.00,-1.00,-1.00,-1.00,0.3639,1.8,0.54,0.52,-12.01,1.74,12.82,-0.29,-10.00
31,1,-1.00,-1.00,-1.00,-1.00,0.3441,1.8,0.68,0.75,-10.14,0.91,-24.10,-1.58,-10.00
31,1,476.38,481.22,517.28,568.09,0.3417,1.9,0.72,0.62,-7.21,2.13,27.42,0.14,-10.00
31,1,-1.00,-1.00,-1.00,-1.00,0.2670,1.8,0.74,0.89,4.29,0.14,-37.71,1.63,-10.00
31,1,-1.00,-1.00,-1.00,-1.00,0.1929,1.5,0.56,0.59,-30.80,1.47,-9.54,-0.03,-10.00
31,1,-1.00,-1.00,-1.00,-1.00,0.1348,1.6,0.63,0.64,-32.67,1.80,1.43,1.61,-10.00
31,1,-1.00,-1.00,-1.00,-1.00,0.1238,1.4,0.69,0.70,-34.78,-0.55,-43.40,-1.61,-10.00
31,1,-1.00,-1.00,-1.00,-1.00,0.1198,1.7,0.55,0.61,-30.36,1.87,20.62,-0.13,-10.00
31,1,-1.00,-1.00,-1.00,-1.00,0.1175,1.6,0.61,0.66,-32.85,1.79,3.86,1.60,-10.00
31,1,-1.00,-1.00,-1.00,-1.00,0.1157,1.8,0.58,0.60,-30.33,1.58,-7.82,-0.10,-10.00
32,1,426.42,474.61,471.13,571.88,0.5601,1.8,0.69,0.59,-7.21,1.93,23.93,0.09,-10.00
32,1,-1.00,-1.00,-1.00,-1.00,0.4062,1.8,0.71,0.77,13.44,1.24,9.65,-0.55,-10.00
32,1,394.36,490.11,433.08,566.19,0.4052,1.8,0.67,0.71,-9.84,2.28,29.87,-1.57,-10.00
32,1,-1.00,-1.00,-1.00,-1.00,0.3111,1.8,0.69,0.76,4.23,0.29,-41.88,1.61,-10.00
32,1,-1.00,-1.00,-1.00,-1.00,0.3104,1.8,0.70,0.75,-34.32,0.93,-16.15,-1.60,-10.00
32,1,-1.00,-1.00,-1.00,-1.00,0.3035,1.8,0.66,0.75,13.17,1.27,8.22,-0.13,-10.00
32,1,-1.00,-1.00,-1.00,-1.00,0.2772,1.8,0.60,0.56,-12.09,1.77,9.50,2.84,-10.00
32,1,-1.00,-1.00,-1.00,-1.00,0.2699,1.8,0.69,0.81,-10.38,0.92,-27.13,-1.47,-10.00
32,1,-1.00,-1.00,-1.00,-1.00,0.2025,1.8,0.57,0.57,-33.10,0.94,-16.55,1.61,-10.00
32,1,-1.00,-1.00,-1.00,-1.00,0.1984,1.8,0.57,0.57,-31.11,1.34,-12.75,-0.18,-10.00
32,1,-1.00,-1.00,-1.00,-1.00,0.1754,1.8,0.72,0.72,21.39,-1.22,-27.86,-3.08,-10.00
32,1,-1.00,-1.00,-1.00,-1.00,0.1645,1.8,0.70,0.69,-11.58,0.81,-47.31,1.60,-10.00
32,1,-1.00,-1.00,-1.00,-1.00,0.1565,1.6,0.65,0.69,9.12,0.62,-19.15,-3.09,-10.00
32,1,-1.00,-1.00,-1.00,-1.00,0.1416,1.6,0.65,0.65,8.80,0.71,-21.01,3.10,-10.00
32,1,-1.00,-1.00,-1.00,-1.00,0.1363,1.6,0.58,0.62,-32.96,1.92,1.83,-1.48,-10.00
32,1,-1.00,-1.00,-1.00,-1.00,0.1195,1.4,0.66,0.70,-32.95,1.49,-3.78,-1.49,-10.00
32,1,-1.00,-1.00,-1.00,-1.00,0.1180,1.3,0.62,0.64,-33.08,1.56,-4.61,-1.51,-10.00
32,1,-1.00,-1.00,-1.00,-1.00,0.1151,1.4,0.56,0.65,-32.89,1.68,5.36,1.61,-10.00
32,1,-1.00,-1.00,-1.00,-1.00,0.1143,1.8,0.60,0.53,-8.58,0.73,-30.80,0.00,-10.00
32,1,-1.00,-1.00,-1.00,-1.00,0.1137,1.8,0.63,0.64,-35.17,0.13,-47.00,1.64,-10.00
32,1,-1.00,-1.00,-1.00,-1.00,0.1068,1.8,0.63,0.66,15.56,-0.73,-21.59,-1.62,-10.00
33,1,-1.00,-1.00,-1.00,-1.00,0.5512,1.8,0.68,0.79,14.29,1.13,6.50,-0.48,-10.00
33,1,389.83,463.67,440.34,576.89,0.3670,1.8,0.68,0.57,-6.84,1.76,20.84,0.06,-10.00
33,1,-1.00,-1.00,-1.00,-1.00,0.3263,1.8,0.74,0.85,14.14,1.05,4.98,-0.56,-10.00
33,1,372.71,490.04,412.46,572.76,0.3197,1.8,0.62,0.64,-9.43,2.22,27.24,-1.56,-10.00
33,1,-1.00,-1.00,-1.00,-1.00,0.3154,1.8,0.63,0.75,-10.84,1.12,-29.62,-1.54,-10.00
33,1,-1.00,-1.00,-1.00,-1.00,0.2824,1.8,0.54,0.50,-11.99,1.68,6.44,2.87,-10.00
33,1,-1.00,-1.00,-1.00,-1.00,0.2518,1.4,0.65,0.73,-33.00,1.51,-6.33,-1.49,-10.00
33,1,-1.00,-1.00,-1.00,-1.00,0.2347,1.8,0.68,0.79,3.40,0.42,-45.94,1.55,-10.00
33,1,-1.00,-1.00,-1.00,-1.00,0.2198,1.9,0.74,0.84,-34.70,1.06,-18.07,-1.50,-10.00
33,1,-1.00,-1.00,-1.00,-1.00,0.1685,1.8,0.60,0.56,-31.28,1.28,-15.49,-0.07,-10.00
33,1,-1.00,-1.00,-1.00,-1.00,0.1604,1.9,0.67,0.71,-34.56,2.18,46.62,-1.58,-10.00
33,1,157.72,504.34,197.44,558.18,0.1433,1.3,0.61,0.65,-16.20,2.19,31.28,-1.50,-10.00
33,1,1195.87,461.87,1231.85,538.07,0.1357,1.9,0.70,0.67,9.69,1.70,31.37,-3.08,-10.00
33,1,-1.00,-1.00,-1.00,-1.00,0.1282,1.7,0.70,0.73,20.95,-1.31,-31.52,0.06,-10.00
33,1,-1.00,-1.00,-1.00,-1.00,0.1117,1.7,0.54,0.58,-33.30,0.99,-19.41,1.56,-10.00
33,1,-1.00,-1.00,-1.00,-1.00,0.1024,1.8,0.56,0.59,-12.44,0.55,-50.41,1.92,-10.00
33,1,-1.00,-1.00,-1.00,-1.00,0.1014,1.7,0.62,0.65,15.16,-0.70,-25.20,0.77,-10.00
33,1,-1.00,-1.00,-1.00,-1.00,0.1003,1.1,0.54,0.57,4.73,0.84,-21.37,-2.96,-10.00
34,1,-1.00,-1.00,-1.00,-1.00,0.5430,1.8,0.69,0.84,15.06,1.03,4.02,-0.65,-10.00
34,1,-1.00,-1.00,-1.00,-1.00,0.4532,1.7,0.64,0.73,-11.27,1.33,-31.67,-1.52,-10.00
34,1,-1.00,-1.00,-1.00,-1.00,0.3482,1.9,0.78,0.84,2.77,0.72,-49.80,1.65,-10.00
34,1,-1.00,-1.00,-1.00,-1.00,0.3216,1.8,0.77,0.86,14.92,0.98,2.44,-0.54,-10.00
34,1,-1.00,-1.00,-1.00,-1.00,0.3060,1.6,0.56,0.56,-31.57,1.22,-17.87,-0.09,-10.00
34,1,-1.00,-1.00,-1.00,-1.00,0.2926,1.8,0.64,0.71,-35.12,1.07,-19.50,-1.56,-10.00
34,1,-1.00,-1.00,-1.00,-1.00,0.2702,1.8,0.57,0.51,-11.89,1.63,3.89,2.99,-10.00
34,1,-1.00,-1.00,-1.00,-1.00,0.1922,1.4,0.75,0.77,-33.05,1.41,-8.72,1.69,-10.00
34,1,-1.00,-1.00,-1.00,-1.00,0.1188,1.4,0.59,0.66,-29.19,2.94,13.30,0.10,-10.00
34,1,-1.00,-1.00,-1.00,-1.00,0.1166,1.5,0.66,0.69,31.25,0.79,12.62,-0.99,-10.00
34,1,-1.00,-1.00,-1.00,-1.00,0.1094,1.4,0.49,0.56,-31.62,1.26,-20.23,-0.08,-10.00
34,1,-1.00,-1.00,-1.00,-1.00,0.1091,1.8,0.61,0.65,-29.49,2.26,22.21,0.22,-10.00
34,1,314.79,452.20,404.88,583.35,0.1054,1.8,0.80,0.93,-6.78,1.63,18.23,-2.63,-10.00
34,1,-1.00,-1.00,-1.00,-1.00,0.1004,1.7,0.63,0.70,-8.93,1.36,-28.07,1.18,-10.00
34,1,-1.00,-1.00,-1.00,-1.00,0.1002,1.3,0.58,0.66,-33.15,1.39,-13.78,-1.49,-10.00
34,1,-1.00,-1.00,-1.00,-1.00,0.1000,1.8,0.69,0.64,20.05,-1.13,-40.66,-2.93,-10.00
35,1,283.01,437.23,364.50,585.96,0.4528,1.9,0.75,0.69,-6.50,1.48,16.24,0.08,-10.00
35,1,-1.00,-1.00,-1.00,-1.00,0.4464,1.8,0.72,0.84,15.76,0.97,2.41,-0.56,-10.00
35,1,-1.00,-1.00,-1.00,-1.00,0.4022,1.8,0.72,0.87,-35.22,1.05,-20.58,-1.54,-10.00
35,1,-1.00,-1.00,-1.00,-1.00,0.3935,1.8,0.72,0.81,15.72,1.06,0.91,-0.53,-10.00
35,1,-1.00,-1.00,-1.00,-1.00,0.3426,1.8,0.67,0.75,-11.30,1.36,-33.03,-1.51,-10.00
35,1,-1.00,-1.00,-1.00,-1.00,0.3406,1.8,0.53,0.50,-11.90,1.53,1.91,3.12,-10.00
35,1,337.00,487.37,383.69,581.27,0.3052,1.8,0.60,0.67,-8.87,2.10,23.86,-1.52,-10.00
35,1,-1.00,-1.00,-1.00,-1.00,0.2717,1.8,0.61,0.60,5.42,0.60,-25.38,-3.08,-10.00
35,1,-1.00,-1.00,-1.00,-1.00,0.2135,1.5,0.57,0.64,-31.70,1.30,-19.79,-0.00,-10.00
35,1,-1.00,-1.00,-1.00,-1.00,0.1428,1.1,0.63,0.85,-33.41,1.41,-10.63,1.67,-10.00
35,1,-1.00,-1.00,-1.00,-1.00,0.1287,1.6,0.54,0.57,-31.10,1.45,-18.25,-0.01,-10.00
35,1,-1.00,-1.00,-1.00,-1.00,0.1067,1.8,0.66,0.72,-33.78,1.50,43.06,1.59,-10.00
35,1,-1.00,-1.00,-1.00,-1.00,0.1033,1.6,0.58,0.62,14.39,0.68,-10.39,1.60,-10.00
36,1,307.87,488.27,359.81,586.15,0.4949,1.8,0.65,0.69,-9.09,2.13,23.13,-1.53,-10.00
36,1,-1.00,-1.00,-1.00,-1.00,0.3983,1.9,0.77,0.88,16.49,0.98,0.06,-0.34,-10.00
36,1,-1.00,-1.00,-1.00,-1.00,0.3219,1.8,0.58,0.67,-35.20,0.97,-21.04,-1.53,-10.00
36,1,-1.00,-1.00,-1.00,-1.00,0.3004,1.8,0.66,0.67,-27.11,3.09,22.15,2.23,-10.00
36,1,232.84,462.43,318.32,622.49,0.2796,1.8,0.73,0.62,-6.53,1.78,14.88,0.12,-10.00
36,1,-1.00,-1.00,-1.00,-1.00,0.2764,1.7,0.65,0.78,-11.27,1.07,-33.98,-1.52,-10.00
36,1,-1.00,-1.00,-1.00,-1.00,0.2740,1.7,0.57,0.63,-22.64,3.03,22.49,-1.63,-10.00
36,1,-1.00,-1.00,-1.00,-1.00,0.2598,1.8,0.64,0.57,-29.49,2.16,19.00,1.58,-10.00
36,1,-1.00,-1.00,-1.00,-1.00,0.2115,1.8,0.70,0.84,16.36,0.90,1.54,-0.49,-10.00
36,1,-1.00,-1.00,-1.00,-1.00,0.2062,1.8,0.72,0.77,-35.72,2.06,11.79,1.49,-10.00
36,1,-1.00,-1.00,-1.00,-1.00,0.1961,1.4,0.57,0.59,-29.32,2.88,9.18,-0.05,-10.00
36,1,-1.00,-1.00,-1.00,-1.00,0.1722,1.3,0.63,0.62,-29.19,2.99,9.97,0.04,-10.00
36,1,-1.00,-1.00,-1.00,-1.00,0.1497,1.6,0.55,0.59,13.96,0.47,-11.56,-1.58,-10.00
36,1,-1.00,-1.00,-1.00,-1.00,0.1352,1.8,0.67,0.85,-15.52,2.16,21.95,-1.76,-10.00
36,1,-1.00,-1.00,-1.00,-1.00,0.1258,1.8,0.60,0.59,-37.20,0.96,-46.93,1.57,-10.00
36,1,-1.00,-1.00,-1.00,-1.00,0.1045,1.5,0.56,0.62,-33.07,1.69,-9.82,-1.47,-10.00
36,1,-1.00,-1.00,-1.00,-1.00,0.1021,1.4,0.67,0.73,31.22,0.58,9.16,-1.06,-10.00
37,1,-1.00,-1.00,-1.00,-1.00,0.4443,1.8,0.68,0.74,17.07,0.96,-0.38,-0.37,-10.00
37,1,-1.00,-1.00,-1.00,-1.00,0.3852,1.8,0.72,0.80,17.14,0.96,0.88,-0.37,-10.00
37,1,-1.00,-1.00,-1.00,-1.00,0.3828,1.8,0.58,0.54,-29.62,2.06,17.79,1.58,-10.00
37,1,291.15,498.47,352.21,599.77,0.3373,1.8,0.72,0.78,-9.09,2.31,22.58,-1.48,-10.00
37,1,-1.00,-1.00,-1.00,-1.00,0.3317,1.8,0.65,0.71,-11.01,0.87,-34.56,-1.50,-10.00
37,1,169.52,457.74,268.34,632.74,0.3116,1.9,0.75,0.63,-6.68,1.76,13.81,0.19,-10.00
37,1,-1.00,-1.00,-1.00,-1.00,0.3026,1.8,0.66,0.69,-27.67,3.06,20.85,2.71,-10.00
37,1,-1.00,-1.00,-1.00,-1.00,0.2679,1.8,0.67,0.75,-35.16,1.02,-21.70,-1.51,-10.00
37,1,-1.00,-1.00,-1.00,-1.00,0.2379,1.8,0.54,0.53,-11.94,1.56,-0.53,-3.10,-10.00
37,1,-1.00,-1.00,-1.00,-1.00,0.2295,1.8,0.61,0.69,-22.45,3.06,21.73,-1.42,-10.00
37,1,-1.00,-1.00,-1.00,-1.00,0.2205,1.5,0.57,0.63,-29.22,3.01,8.79,-0.02,-10.00
37,1,-1.00,-1.00,-1.00,-1.00,0.1852,1.4,0.57,0.65,-29.26,2.90,8.03,-0.06,-10.00
37,1,-1.00,-1.00,-1.00,-1.00,0.1819,1.8,0.69,0.76,-35.72,1.61,9.87,1.59,-10.00
37,1,-1.00,-1.00,-1.00,-1.00,0.1812,1.5,0.60,0.62,-31.67,1.04,-22.27,0.10,-10.00
37,1,-1.00,-1.00,-1.00,-1.00,0.1391,1.8,0.67,0.79,-29.51,2.91,-6.21,1.67,-10.00
37,1,-1.00,-1.00,-1.00,-1.00,0.1374,1.3,0.56,0.66,-33.52,1.44,-13.06,1.65,-10.00
37,1,-1.00,-1.00,-1.00,-1.00,0.1291,1.5,0.57,0.59,-31.03,1.59,-9.08,0.00,-10.00
37,1,-1.00,-1.00,-1.00,-1.00,0.1156,1.5,0.56,0.62,-32.77,2.12,7.85,1.67,-10.00
37,1,-1.00,-1.00,-1.00,-1.00,0.1136,1.2,0.65,0.65,-33.04,1.50,-8.67,1.63,-10.00
37,1,-1.00,-1.00,-1.00,-1.00,0.1080,1.4,0.55,0.61,-33.07,1.45,-11.03,1.66,-10.00
38,1,-1.00,-1.00,-1.00,-1.00,0.6434,1.8,0.70,0.79,17.79,0.87,0.43,-0.42,-10.00
38,1,-1.00,-1.00,-1.00,-1.00,0.4361,1.8,0.72,0.85,17.80,0.90,-0.80,-0.50,-10.00
38,1,280.69,498.89,343.70,602.14,0.4163,1.8,0.75,0.79,-9.15,2.33,22.30,-1.53,-10.00
38,1,116.01,463.33,220.34,646.09,0.3871,1.8,0.69,0.60,-6.71,1.76,12.79,0.29,-10.00
38,1,-1.00,-1.00,-1.00,-1.00,0.3240,1.8,0.60,0.66,-22.65,3.10,21.24,-1.53,-10.00
38,1,-1.00,-1.00,-1.00,-1.00,0.2661,1.9,0.77,0.86,-35.75,1.77,8.20,1.62,-10.00
38,1,-1.00,-1.00,-1.00,-1.00,0.2508,1.8,0.64,0.71,-28.06,2.87,19.61,2.52,-10.00
38,1,-1.00,-1.00,-1.00,-1.00,0.2473,1.6,0.64,0.66,-31.66,1.21,-23.43,0.14,-10.00
38,1,-1.00,-1.00,-1.00,-1.00,0.2438,1.8,0.61,0.69,-10.92,0.81,-35.23,-1.54,-10.00
38,1,-1.00,-1.00,-1.00,-1.00,0.2422,1.8,0.61,0.65,-35.12,1.02,-21.82,-1.49,-10.00
38,1,-1.00,-1.00,-1.00,-1.00,0.1998,1.8,0.54,0.47,-11.97,1.79,-1.55,-0.06,-10.00
38,1,-1.00,-1.00,-1.00,-1.00,0.1831,1.8,0.62,0.68,-20.76,3.10,27.71,1.52,-10.00
38,1,-1.00,-1.00,-1.00,-1.00,0.1391,1.5,0.61,0.66,-29.29,3.21,7.68,0.01,-10.00
38,1,-1.00,-1.00,-1.00,-1.00,0.1071,1.5,0.60,0.60,-31.57,1.18,-22.71,-0.07,-10.00
38,1,-1.00,-1.00,-1.00,-1.00,0.1048,1.4,0.62,0.69,-33.04,1.73,-4.74,1.70,-10.00
38,1,-1.00,-1.00,-1.00,-1.00,0.1018,1.6,0.59,0.60,-31.36,1.17,-23.05,0.11,-10.00
38,1,266.91,502.98,328.16,604.65,0.1002,1.8,0.72,0.82,-9.56,2.41,22.66,-1.54,-10.00
39,1,36.83,472.45,154.50,672.63,0.7013,1.8,0.74,0.62,-6.91,1.87,11.88,0.05,-10.00
39,1,252.23,511.17,312.27,616.37,0.5303,1.8,0.71,0.81,-9.50,2.52,21.89,-1.65,-10.00
39,1,-1.00,-1.00,-1.00,-1.00,0.4376,1.9,0.75,0.83,18.50,0.89,0.09,-0.36,-10.00
39,1,-1.00,-1.00,-1.00,-1.00,0.3149,1.8,0.72,0.90,-35.78,1.87,6.18,1.54,-10.00
39,1,-1.00,-1.00,-1.00,-1.00,0.3034,1.8,0.64,0.70,-34.84,0.75,-22.47,-1.47,-10.00
39,1,-1.00,-1.00,-1.00,-1.00,0.2762,1.7,0.64,0.66,-31.34,0.91,-24.64,-0.06,-10.00
39,1,-1.00,-1.00,-1.00,-1.00,0.2557,1.8,0.72,0.81,18.33,0.94,-1.07,-0.32,-10.00
39,1,-1.00,-1.00,-1.00,-1.00,0.2260,1.8,0.55,0.56,-12.07,1.47,-2.49,3.02,-10.00
39,1,-1.00,-1.00,-1.00,-1.00,0.2218,1.8,0.61,0.65,-28.51,3.03,18.18,-1.64,-10.00
39,1,-1.00,-1.00,-1.00,-1.00,0.2128,1.8,0.63,0.67,-33.70,2.71,35.46,1.63,-10.00
39,1,-1.00,-1.00,-1.00,-1.00,0.1919,1.7,0.63,0.69,-22.76,3.60,20.65,-1.54,-10.00
39,1,-1.00,-1.00,-1.00,-1.00,0.1517,1.9,0.71,0.72,5.87,0.02,-29.41,-1.56,-10.00
39,1,-1.00,-1.00,-1.00,-1.00,0.1500,1.8,0.67,0.66,-36.35,0.36,-49.47,-1.55,-10.00
39,1,-1.00,-1.00,-1.00,-1.00,0.1130,1.8,0.61,0.63,-35.76,3.02,37.01,1.59,-10.00
39,1,-1.00,-1.00,-1.00,-1.00,0.1033,1.7,0.62,0.65,-35.36,-0.30,-42.59,-1.62,-10.00
