0,1,1507.58,279.20,1600.00,645.27,0.2640,1.9,0.79,0.79,4.39,0.93,6.92,-1.48,-10.00
0,1,310.31,443.40,356.17,528.10,0.1195,1.9,0.74,0.88,-11.00,1.29,27.95,1.44,-10.00
2,1,-1.00,-1.00,-1.00,-1.00,0.1495,1.7,0.54,0.55,4.38,1.08,-25.92,1.59,-10.00
2,1,305.40,455.56,348.60,539.70,0.1329,1.8,0.73,0.84,-10.99,1.53,27.59,1.36,-10.00
2,1,-1.00,-1.00,-1.00,-1.00,0.1064,1.7,0.57,0.65,-13.67,-1.01,-29.40,1.62,-10.00
3,1,1164.41,428.47,1210.05,519.23,0.1531,1.8,0.65,0.62,7.42,1.01,25.79,2.90,-10.00
7,1,279.33,472.12,311.38,538.72,0.1730,1.8,0.60,0.64,-14.27,1.84,33.66,-0.16,-10.00
7,1,-1.00,-1.00,-1.00,-1.00,0.1098,1.8,0.72,0.83,-23.89,1.34,22.17,-0.01,-10.00
7,1,-1.00,-1.00,-1.00,-1.00,0.1048,1.6,0.58,0.63,-20.43,3.04,23.58,-1.11,-10.00
8,1,-1.00,-1.00,-1.00,-1.00,0.1151,0.77,0.78,1.07,7.47,0.96,-5.77,-3.07,-10.00
8,1,-1.00,-1.00,-1.00,-1.00,0.1005,1.8,0.67,0.71,-23.91,3.59,18.92,-3.01,-10.00
10,1,-1.00,-1.00,-1.00,-1.00,0.1191,1.9,0.72,0.67,2.61,0.89,-1.52,2.98,-10.00
11,1,-1.00,-1.00,-1.00,-1.00,0.1075,1.7,0.70,0.75,-32.05,1.56,9.77,1.65,-10.00
11,1,-1.00,-1.00,-1.00,-1.00,0.1029,1.9,0.80,0.86,-36.56,1.16,9.49,0.16,-10.00
12,1,213.44,491.90,277.78,599.76,0.1453,1.7,0.61,0.73,-9.60,2.12,20.71,0.43,-10.00
12,1,-1.00,-1.00,-1.00,-1.00,0.1007,1.8,0.68,0.78,27.07,1.21,40.39,-1.41,-10.00
13,1,-1.00,-1.00,-1.00,-1.00,0.2068,1.8,0.68,0.72,-40.15,2.58,6.52,-1.32,-10.00
15,1,-1.00,-1.00,-1.00,-1.00,0.2532,1.8,0.63,0.72,-14.32,0.91,-38.82,1.61,-10.00
16,1,-1.00,-1.00,-1.00,-1.00,0.2775,1.8,0.64,0.71,-12.63,0.71,-42.77,1.28,-10.00
16,1,-1.00,-1.00,-1.00,-1.00,0.1405,1.8,0.64,0.72,-13.14,0.65,-43.29,1.29,-10.00
16,1,-1.00,-1.00,-1.00,-1.00,0.1175,1.8,0.61,0.57,4.60,0.70,-11.31,-2.85,-10.00
17,1,-1.00,-1.00,-1.00,-1.00,0.2105,1.8,0.72,0.79,-12.34,0.47,-47.20,1.63,-10.00
17,1,-1.00,-1.00,-1.00,-1.00,0.1474,1.8,0.70,0.79,-11.55,0.37,-46.44,1.52,-10.00
18,1,1140.57,490.98,1168.18,545.14,0.1257,1.8,0.69,0.68,11.01,2.52,42.09,-1.60,-10.00
18,1,-1.00,-1.00,-1.00,-1.00,0.1012,1.9,0.80,0.82,-15.07,1.13,-12.47,1.80,-10.00
20,1,-1.00,-1.00,-1.00,-1.00,0.1115,1.8,0.66,0.73,-31.19,0.89,-50.18,-0.03,-10.00
21,1,-1.00,-1.00,-1.00,-1.00,0.1060,1.6,0.76,0.77,34.37,0.56,-23.68,-0.14,-10.00
24,1,-1.00,-1.00,-1.00,-1.00,0.1343,1.7,0.68,0.66,49.43,0.65,-5.54,-2.67,-10.00
27,1,-1.00,-1.00,-1.00,-1.00,0.1030,1.8,0.74,0.82,31.25,1.36,-14.43,0.47,-10.00
28,1,-1.00,-1.00,-1.00,-1.00,0.1576,1.8,0.64,0.66,-33.04,1.17,-4.52,-2.93,-10.00
28,1,-1.00,-1.00,-1.00,-1.00,0.1072,1.8,0.61,0.63,3.71,-0.29,-49.73,0.52,-10.00
30,1,-1.00,-1.00,-1.00,-1.00,0.2760,1.8,0.65,0.71,-33.54,0.40,-9.35,1.71,-10.00
31,1,-1.00,-1.00,-1.00,-1.00,0.3227,1.8,0.70,0.79,-33.97,0.49,-12.47,2.01,-10.00
32,1,-1.00,-1.00,-1.00,-1.00,0.2608,1.9,0.71,0.84,-34.28,0.45,-15.33,1.73,-10.00
34,1,586.57,458.68,612.99,516.73,0.2553,1.8,0.65,0.71,-7.00,1.43,38.66,-0.02,-10.00
34,1,481.59,466.59,515.47,532.02,0.2138,1.9,0.74,0.76,-9.43,1.78,36.04,0.02,-10.00
34,1,-1.00,-1.00,-1.00,-1.00,0.1140,1.8,0.75,0.80,24.51,0.43,-40.12,-0.81,-10.00
35,1,441.51,464.21,482.25,536.65,0.2634,1.9,0.72,0.78,-9.52,1.74,32.73,0.15,-10.00
35,1,-1.00,-1.00,-1.00,-1.00,0.2521,1.9,0.88,0.92,-8.45,0.71,-29.79,-2.93,-10.00
35,1,-1.00,-1.00,-1.00,-1.00,0.2222,1.8,0.81,0.82,-8.27,1.24,-46.63,-3.11,-10.00
35,1,45.25,446.91,141.01,584.92,0.1478,1.8,0.74,0.83,-10.04,1.56,17.18,0.05,-10.00
35,1,-1.00,-1.00,-1.00,-1.00,0.1375,1.8,0.73,0.82,2.64,1.06,-36.34,2.88,-10.00
35,1,112.25,451.99,191.07,576.58,0.1286,1.8,0.68,0.78,-10.05,1.57,18.68,-0.04,-10.00
35,1,-1.00,-1.00,-1.00,-1.00,0.1210,1.8,0.75,0.91,31.21,2.44,8.71,1.31,-10.00
35,1,157.37,451.74,229.89,570.58,0.1195,1.8,0.68,0.78,-10.03,1.58,19.88,-0.03,-10.00
35,1,1332.89,471.55,1396.32,587.02,0.1147,1.8,0.64,0.67,8.49,1.83,19.79,-0.01,-10.00
35,1,-1.00,-1.00,-1.00,-1.00,0.1032,1.8,0.62,0.65,-10.73,1.15,-50.57,-1.51,-10.00
37,1,-1.00,-1.00,-1.00,-1.00,0.1089,1.7,0.60,0.63,7.60,-0.27,-24.61,-1.58,-10.00
39,1,-1.00,-1.00,-1.00,-1.00,0.1048,1.8,0.56,0.54,10.46,0.45,-22.70,-0.35,-10.00
