0,1,-1.00,-1.00,-1.00,-1.00,0.2119,1.8,0.67,0.67,9.68,0.60,-3.51,0.03,-10.00
0,1,-1.00,-1.00,-1.00,-1.00,0.1583,1.8,0.69,0.67,7.13,1.18,-22.27,1.46,-10.00
0,1,805.17,472.38,824.03,518.92,0.1252,1.8,0.67,0.78,-0.48,1.92,49.52,1.49,-10.00
0,1,646.84,459.56,669.03,511.80,0.1229,1.8,0.67,0.74,-6.07,1.50,45.09,-1.88,-10.00
0,1,-1.00,-1.00,-1.00,-1.00,0.1225,1.5,0.61,0.57,7.30,1.12,-6.15,-2.71,-10.00
0,1,-1.00,-1.00,-1.00,-1.00,0.1195,1.8,0.71,0.68,-8.72,0.11,-44.81,1.65,-10.00
0,1,-1.00,-1.00,-1.00,-1.00,0.1176,1.8,0.74,0.70,14.25,0.55,-33.03,-2.35,-10.00
1,1,1271.68,420.82,1306.70,479.52,0.3801,1.9,0.76,0.76,15.41,0.30,41.76,-0.20,-10.00
1,1,1309.76,422.13,1346.73,481.24,0.2213,1.9,0.77,0.77,16.68,0.35,41.67,-0.44,-10.00
1,1,-1.00,-1.00,-1.00,-1.00,0.1544,1.7,0.64,0.60,9.71,0.64,-3.50,-3.10,-10.00
2,1,1293.95,430.27,1330.29,488.99,0.3501,1.9,0.79,0.81,16.18,0.62,41.77,-0.11,-10.00
2,1,-1.00,-1.00,-1.00,-1.00,0.2410,1.9,0.77,0.79,-44.55,2.39,33.16,-2.72,-10.00
2,1,-1.00,-1.00,-1.00,-1.00,0.1513,1.8,0.58,0.52,22.24,-0.16,1.15,-2.79,-10.00
2,1,-1.00,-1.00,-1.00,-1.00,0.1190,1.8,0.64,0.61,9.71,0.64,-3.50,-3.12,-10.00
2,1,-1.00,-1.00,-1.00,-1.00,0.1017,1.1,0.73,0.82,7.12,1.32,-0.33,0.04,-10.00
3,1,1311.16,429.29,1344.04,487.11,0.3574,1.9,0.74,0.78,16.71,0.55,41.80,0.08,-10.00
3,1,-1.00,-1.00,-1.00,-1.00,0.2652,1.9,0.74,0.76,-45.04,2.54,33.45,-2.89,-10.00
3,1,-1.00,-1.00,-1.00,-1.00,0.1631,1.7,0.64,0.60,9.71,0.68,-3.51,-3.13,-10.00
3,1,-1.00,-1.00,-1.00,-1.00,0.1548,1.7,0.56,0.50,22.23,-0.14,1.15,2.98,-10.00
3,1,1247.20,436.51,1277.31,489.59,0.1373,1.9,0.76,0.77,15.91,0.70,45.78,-0.03,-10.00
4,1,1384.28,435.61,1416.24,490.22,0.3237,1.9,0.74,0.73,20.19,0.70,44.09,0.01,-10.00
4,1,-1.00,-1.00,-1.00,-1.00,0.2608,1.9,0.81,0.82,-45.75,2.40,33.53,-3.01,-10.00
4,1,1373.24,432.00,1400.16,488.97,0.2330,1.9,0.69,0.75,18.80,0.62,42.06,-1.25,-10.00
4,1,-1.00,-1.00,-1.00,-1.00,0.1613,1.2,0.73,0.79,7.08,1.32,-0.33,0.15,-10.00
4,1,-1.00,-1.00,-1.00,-1.00,0.1390,1.8,0.68,0.64,9.69,0.62,-3.51,3.14,-10.00
4,1,1309.93,435.32,1336.82,492.84,0.1051,1.9,0.69,0.68,16.70,0.75,42.12,-1.35,-10.00
4,1,1314.02,435.16,1342.38,493.89,0.1011,1.9,0.77,0.82,17.01,0.79,42.50,-1.27,-10.00
5,1,1396.26,427.53,1432.52,484.86,0.4491,1.9,0.74,0.75,19.75,0.48,42.11,-0.21,-10.00
5,1,-1.00,-1.00,-1.00,-1.00,0.2596,1.9,0.72,0.69,-46.64,2.72,33.48,-3.11,-10.00
5,1,-1.00,-1.00,-1.00,-1.00,0.2337,1.8,0.68,0.63,9.70,0.65,-3.51,-3.12,-10.00
5,1,1284.85,443.62,1316.94,495.63,0.2091,1.9,0.75,0.78,17.45,0.93,46.10,-0.15,-10.00
5,1,1395.75,442.21,1426.44,495.48,0.1482,1.8,0.68,0.66,20.58,0.88,44.12,-0.15,-10.00
5,1,1312.13,440.17,1340.02,489.96,0.1371,1.8,0.63,0.67,18.69,0.73,46.87,-0.29,-10.00
5,1,-1.00,-1.00,-1.00,-1.00,0.1195,1.2,0.76,0.86,7.12,1.32,-0.34,0.15,-10.00
6,1,1410.63,424.68,1448.78,482.38,0.2820,1.9,0.76,0.83,20.28,0.40,42.13,-0.07,-10.00
6,1,-1.00,-1.00,-1.00,-1.00,0.2664,1.9,0.70,0.69,-47.75,2.54,33.52,-3.04,-10.00
6,1,-1.00,-1.00,-1.00,-1.00,0.1430,1.8,0.64,0.62,9.73,0.68,-3.51,-3.01,-10.00
6,1,1138.69,453.44,1165.48,504.16,0.1351,1.9,0.69,0.72,12.19,1.27,46.93,3.00,-10.00
6,1,1375.36,427.71,1405.77,484.75,0.1126,1.9,0.68,0.63,18.99,0.48,42.19,-0.07,-10.00
7,1,1381.76,424.59,1414.28,480.96,0.3659,1.9,0.71,0.64,19.41,0.36,42.57,-0.33,-10.00
7,1,1429.20,420.04,1466.02,477.48,0.2975,1.9,0.78,0.74,21.01,0.24,42.40,-0.18,-10.00
7,1,-1.00,-1.00,-1.00,-1.00,0.2559,1.9,0.73,0.72,-48.58,2.67,33.51,-3.14,-10.00
7,1,1130.08,444.63,1160.55,497.42,0.2411,1.9,0.79,0.73,11.88,1.01,46.71,2.75,-10.00
7,1,1319.68,443.26,1348.52,493.43,0.1779,1.8,0.68,0.70,18.66,0.85,46.08,-0.09,-10.00
7,1,-1.00,-1.00,-1.00,-1.00,0.1242,1.8,0.69,0.66,9.69,0.68,-3.52,-0.01,-10.00
8,1,1112.49,442.82,1143.08,496.91,0.3122,2.0,0.83,0.78,11.18,0.99,46.53,2.93,-10.00
8,1,1394.63,421.42,1429.91,478.25,0.2486,1.9,0.74,0.73,19.91,0.26,42.61,-0.21,-10.00
8,1,-1.00,-1.00,-1.00,-1.00,0.2441,1.9,0.80,0.77,-49.39,2.54,33.59,-3.00,-10.00
8,1,-1.00,-1.00,-1.00,-1.00,0.1872,1.7,0.66,0.61,9.71,0.75,-3.52,-3.12,-10.00
8,1,1446.02,422.77,1478.38,479.54,0.1846,1.9,0.71,0.71,21.39,0.30,42.17,0.11,-10.00
8,1,1441.52,420.68,1475.50,475.92,0.1450,1.9,0.75,0.70,22.27,0.19,44.15,-0.18,-10.00
8,1,1147.85,449.12,1175.67,501.37,0.1422,1.9,0.71,0.72,12.33,1.14,46.11,2.98,-10.00
8,1,1451.72,425.73,1487.42,482.45,0.1125,1.9,0.76,0.76,21.78,0.40,42.45,0.03,-10.00
8,1,-1.00,-1.00,-1.00,-1.00,0.1124,1.7,0.55,0.49,22.25,-0.12,1.15,3.02,-10.00
9,1,1102.66,448.26,1129.87,500.04,0.3658,1.9,0.69,0.71,10.68,1.10,46.20,2.92,-10.00
9,1,1413.58,425.38,1446.71,482.38,0.3414,1.9,0.74,0.71,20.65,0.41,42.88,0.00,-10.00
9,1,-1.00,-1.00,-1.00,-1.00,0.2026,1.8,0.68,0.65,9.70,0.71,-3.51,-3.13,-10.00
9,1,1428.05,424.05,1455.48,474.04,0.1588,1.8,0.65,0.68,22.63,0.13,46.10,0.14,-10.00
9,1,-1.00,-1.00,-1.00,-1.00,0.1444,1.9,0.80,0.86,-49.93,2.52,33.59,-3.10,-10.00
10,1,1431.93,415.95,1468.51,473.20,0.2873,1.9,0.77,0.81,21.40,0.09,43.01,0.01,-10.00
10,1,1080.17,447.38,1112.87,501.30,0.2477,1.9,0.81,0.90,9.93,1.14,46.11,2.96,-10.00
10,1,-1.00,-1.00,-1.00,-1.00,0.2455,1.8,0.70,0.66,9.67,0.64,-3.51,3.14,-10.00
10,1,-1.00,-1.00,-1.00,-1.00,0.1515,1.2,0.79,0.88,7.09,1.37,-0.34,-3.07,-10.00
11,1,1072.14,465.22,1103.10,515.79,0.1153,1.8,0.70,0.86,9.54,1.66,45.79,2.93,-10.00
11,1,-1.00,-1.00,-1.00,-1.00,0.1102,1.8,0.57,0.52,22.24,-0.18,1.18,3.12,-10.00
11,1,-1.00,-1.00,-1.00,-1.00,0.1068,1.7,0.67,0.65,9.73,0.74,-3.49,-3.13,-10.00
12,1,-1.00,-1.00,-1.00,-1.00,0.1239,1.7,0.65,0.62,9.67,0.57,-3.50,3.12,-10.00
12,1,1040.94,452.00,1072.33,503.92,0.1080,1.8,0.66,0.86,8.33,1.22,45.39,2.60,-10.00
13,1,1021.65,441.79,1054.14,496.30,0.3053,1.9,0.74,0.85,7.59,0.93,45.01,2.71,-10.00
13,1,-1.00,-1.00,-1.00,-1.00,0.1847,1.7,0.66,0.64,9.67,0.60,-3.49,-3.14,-10.00
14,1,1005.79,441.54,1038.77,496.70,0.2840,1.9,0.77,0.87,6.97,0.94,44.63,2.82,-10.00
14,1,-1.00,-1.00,-1.00,-1.00,0.1641,1.7,0.65,0.62,9.72,0.73,-3.50,-3.12,-10.00
14,1,-1.00,-1.00,-1.00,-1.00,0.1285,1.2,0.75,0.86,7.08,1.34,-0.32,0.12,-10.00
15,1,984.04,442.10,1022.32,498.33,0.2203,1.9,0.79,1.04,6.22,0.98,44.11,2.61,-10.00
15,1,-1.00,-1.00,-1.00,-1.00,0.1963,1.8,0.68,0.65,9.70,0.70,-3.50,-3.13,-10.00
15,1,-1.00,-1.00,-1.00,-1.00,0.1901,1.9,0.75,0.79,-49.17,2.21,28.00,-0.18,-10.00
16,1,964.52,438.46,997.88,496.04,0.2887,2.0,0.84,0.91,5.40,0.90,43.81,2.94,-10.00
16,1,-1.00,-1.00,-1.00,-1.00,0.1704,1.9,0.75,0.72,-48.62,2.23,28.28,-0.21,-10.00
16,1,-1.00,-1.00,-1.00,-1.00,0.1117,1.8,0.56,0.51,22.20,-0.11,1.20,-3.11,-10.00
16,1,-1.00,-1.00,-1.00,-1.00,0.1111,1.2,0.73,0.88,7.11,1.30,-0.34,-3.03,-10.00
16,1,-1.00,-1.00,-1.00,-1.00,0.1104,1.7,0.63,0.61,9.70,0.68,-3.52,-3.03,-10.00
17,1,944.31,441.63,980.65,499.57,0.2647,2.0,0.84,0.95,4.70,1.01,43.34,2.80,-10.00
17,1,-1.00,-1.00,-1.00,-1.00,0.2155,1.9,0.72,0.69,-47.80,2.34,28.40,-0.18,-10.00
17,1,-1.00,-1.00,-1.00,-1.00,0.1452,1.8,0.57,0.51,22.24,-0.12,1.17,2.96,-10.00
17,1,-1.00,-1.00,-1.00,-1.00,0.1343,1.7,0.66,0.64,9.72,0.75,-3.50,-3.12,-10.00
18,1,923.29,439.35,956.27,496.66,0.4319,1.9,0.76,0.89,3.85,0.90,42.69,2.89,-10.00
18,1,-1.00,-1.00,-1.00,-1.00,0.1154,1.8,0.64,0.63,9.73,0.70,-3.51,-2.84,-10.00
19,1,901.82,439.76,937.36,498.70,0.3138,1.9,0.80,0.90,3.14,0.95,42.29,2.72,-10.00
19,1,-1.00,-1.00,-1.00,-1.00,0.1826,1.9,0.74,0.74,-46.31,2.21,28.75,-0.18,-10.00
19,1,-1.00,-1.00,-1.00,-1.00,0.1618,1.2,0.81,0.90,7.10,1.33,-0.33,0.15,-10.00
19,1,-1.00,-1.00,-1.00,-1.00,0.1336,1.7,0.66,0.63,9.72,0.55,-3.51,-3.13,-10.00
19,1,-1.00,-1.00,-1.00,-1.00,0.1319,1.8,0.58,0.51,22.23,-0.08,1.14,2.94,-10.00
20,1,878.69,441.42,913.71,500.34,0.4037,1.9,0.79,0.92,2.32,1.00,41.90,2.83,-10.00
20,1,-1.00,-1.00,-1.00,-1.00,0.1709,1.7,0.63,0.61,9.73,0.69,-3.49,-3.12,-10.00
21,1,862.38,441.63,897.23,500.05,0.3532,1.9,0.76,0.87,1.76,0.98,41.49,2.68,-10.00
21,1,-1.00,-1.00,-1.00,-1.00,0.2156,1.9,0.74,0.77,-44.76,2.27,29.21,-0.06,-10.00
21,1,-1.00,-1.00,-1.00,-1.00,0.1428,1.2,0.78,0.86,7.10,1.34,-0.33,0.12,-10.00
21,1,-1.00,-1.00,-1.00,-1.00,0.1309,1.7,0.65,0.62,9.71,0.65,-3.51,-3.12,-10.00
22,1,842.49,449.38,874.51,507.40,0.3963,1.9,0.70,0.78,1.05,1.22,41.10,2.61,-10.00
22,1,-1.00,-1.00,-1.00,-1.00,0.2368,1.9,0.73,0.71,-44.18,2.82,29.42,-0.07,-10.00
22,1,-1.00,-1.00,-1.00,-1.00,0.1175,1.7,0.66,0.64,6.51,1.12,-0.97,-0.01,-10.00
22,1,733.37,469.69,751.40,517.33,0.1055,1.8,0.67,0.81,-3.28,1.83,48.82,1.48,-10.00
23,1,643.02,478.24,688.68,553.04,0.3169,1.9,0.86,0.85,-4.20,2.16,32.78,1.99,-10.00
23,1,816.43,465.19,848.37,521.44,0.2340,1.8,0.68,0.75,0.19,1.65,40.28,2.37,-10.00
23,1,-1.00,-1.00,-1.00,-1.00,0.2146,1.9,0.73,0.71,-43.49,2.40,29.06,-0.06,-10.00
23,1,-1.00,-1.00,-1.00,-1.00,0.1547,1.9,0.76,0.73,10.81,1.38,14.61,2.67,-10.00
23,1,835.88,468.30,862.72,523.00,0.1321,1.8,0.64,0.68,0.76,1.77,41.89,-1.07,-10.00
23,1,404.90,469.98,430.69,528.78,0.1300,1.8,0.65,0.66,-12.68,1.82,38.86,-0.18,-10.00
23,1,-1.00,-1.00,-1.00,-1.00,0.1236,1.8,0.74,0.66,-14.36,0.52,-43.27,-1.25,-10.00
23,1,-1.00,-1.00,-1.00,-1.00,0.1057,1.5,0.70,0.71,11.86,0.20,-36.82,3.08,-10.00
24,1,-1.00,-1.00,-1.00,-1.00,0.2399,1.9,0.79,0.78,-43.02,2.36,28.26,0.09,-10.00
24,1,783.32,467.22,814.13,525.73,0.2151,1.8,0.68,0.87,-0.88,1.74,39.39,2.98,-10.00
24,1,-1.00,-1.00,-1.00,-1.00,0.1478,1.7,0.64,0.59,11.86,0.20,-37.79,-3.10,-10.00
24,1,640.27,476.44,682.94,550.03,0.1448,1.8,0.81,0.79,-4.21,2.03,31.97,0.36,-10.00
24,1,-1.00,-1.00,-1.00,-1.00,0.1172,1.7,0.68,0.65,-7.13,0.69,-22.55,-1.63,-10.00
24,1,-1.00,-1.00,-1.00,-1.00,0.1044,1.6,0.76,0.85,7.06,0.97,-20.20,3.02,-10.00
24,1,-1.00,-1.00,-1.00,-1.00,0.1011,1.8,0.67,0.73,-35.96,0.67,-11.72,0.53,-10.00
25,1,-1.00,-1.00,-1.00,-1.00,0.2624,1.8,0.70,0.66,10.69,1.48,12.57,2.39,-10.00
25,1,755.66,463.57,784.04,524.45,0.2468,1.8,0.67,0.81,-1.72,1.64,37.90,3.03,-10.00
25,1,-1.00,-1.00,-1.00,-1.00,0.2239,1.9,0.78,0.85,-42.28,2.15,27.14,-0.09,-10.00
25,1,631.12,492.91,672.64,570.72,0.1834,1.9,0.85,0.86,-4.28,2.45,30.66,1.23,-10.00
26,1,351.55,469.74,381.64,536.46,0.4635,1.9,0.71,0.70,-12.92,1.86,35.21,-0.24,-10.00
26,1,730.58,467.19,766.97,531.19,0.2585,1.8,0.69,0.91,-2.25,1.76,36.21,2.85,-10.00
26,1,-1.00,-1.00,-1.00,-1.00,0.1567,1.8,0.62,0.69,-41.80,2.13,25.52,0.10,-10.00
26,1,-1.00,-1.00,-1.00,-1.00,0.1466,1.8,0.71,0.74,9.61,0.54,-10.76,2.86,-10.00
26,1,1159.52,460.83,1186.78,516.30,0.1455,1.9,0.71,0.66,11.89,1.58,42.98,3.08,-10.00
26,1,-1.00,-1.00,-1.00,-1.00,0.1368,1.5,0.68,0.69,11.83,-0.06,-40.59,3.13,-10.00
26,1,618.20,484.63,667.25,564.62,0.1343,1.8,0.78,0.84,-4.26,2.19,29.08,-2.75,-10.00
26,1,712.69,466.55,739.48,521.31,0.1088,1.8,0.70,0.85,-3.42,1.74,42.72,-0.00,-10.00
26,1,-1.00,-1.00,-1.00,-1.00,0.1082,1.6,0.70,0.72,7.29,0.06,-48.75,-2.68,-10.00
26,1,-1.00,-1.00,-1.00,-1.00,0.1041,1.6,0.72,0.75,6.51,0.82,-8.19,3.05,-10.00
27,1,698.04,463.54,733.79,531.15,0.3749,1.8,0.71,0.86,-3.04,1.67,34.31,2.89,-10.00
27,1,328.09,465.84,359.87,535.40,0.2518,1.8,0.69,0.66,-12.94,1.75,33.60,-0.18,-10.00
27,1,-1.00,-1.00,-1.00,-1.00,0.2072,1.9,0.72,0.76,-41.03,1.85,24.31,-0.23,-10.00
27,1,-1.00,-1.00,-1.00,-1.00,0.1914,1.8,0.66,0.63,6.45,0.71,-14.65,-0.06,-10.00
27,1,965.30,462.60,989.77,504.12,0.1690,1.5,0.68,0.78,5.62,1.26,46.70,-1.75,-10.00
27,1,-1.00,-1.00,-1.00,-1.00,0.1340,1.9,0.70,0.72,-40.71,1.72,23.88,-0.17,-10.00
27,1,-1.00,-1.00,-1.00,-1.00,0.1094,1.6,0.66,0.68,11.69,0.09,-42.29,2.96,-10.00
27,1,1170.32,462.37,1198.93,507.75,0.1062,1.5,0.64,0.69,11.82,1.24,41.38,3.06,-10.00
28,1,-1.00,-1.00,-1.00,-1.00,0.3186,1.8,0.73,0.72,9.56,0.69,-11.45,-2.96,-10.00
28,1,656.83,442.92,694.90,517.64,0.2996,1.9,0.74,0.94,-3.86,1.21,32.01,3.00,-10.00
28,1,-1.00,-1.00,-1.00,-1.00,0.1253,1.8,0.70,0.82,-10.46,1.30,-26.38,1.49,-10.00
28,1,727.93,462.03,750.22,510.74,0.1221,1.8,0.70,0.77,-3.33,1.54,47.59,-0.17,-10.00
28,1,-1.00,-1.00,-1.00,-1.00,0.1059,1.9,0.82,0.93,-40.00,1.27,22.66,0.04,-10.00
28,1,712.37,464.96,733.76,519.48,0.1006,1.8,0.66,0.78,-3.40,1.62,41.15,-1.61,-10.00
29,1,628.23,452.59,667.52,530.73,0.4325,1.8,0.70,0.83,-4.26,1.44,29.87,2.86,-10.00
29,1,-1.00,-1.00,-1.00,-1.00,0.2519,1.9,0.79,0.80,-39.17,1.54,20.80,-0.05,-10.00
29,1,-1.00,-1.00,-1.00,-1.00,0.2103,1.7,0.73,0.70,9.27,1.05,-13.62,3.12,-10.00
29,1,-1.00,-1.00,-1.00,-1.00,0.1497,1.9,0.72,0.66,6.13,0.73,-14.15,3.00,-10.00
30,1,622.19,438.29,670.67,523.09,0.4022,1.8,0.69,0.89,-3.97,1.16,27.55,2.71,-10.00
30,1,-1.00,-1.00,-1.00,-1.00,0.2132,1.9,0.77,0.72,-37.93,1.44,20.17,-0.10,-10.00
30,1,742.53,443.80,772.51,509.88,0.1850,1.8,0.66,0.74,-1.93,1.11,35.06,0.08,-10.00
30,1,1283.17,424.84,1318.71,495.42,0.1762,1.9,0.77,0.72,13.04,0.68,34.46,0.16,-10.00
30,1,-1.00,-1.00,-1.00,-1.00,0.1705,1.8,0.68,0.61,8.81,0.98,-16.00,-3.07,-10.00
30,1,753.55,456.34,779.10,518.66,0.1610,1.8,0.68,0.69,-1.78,1.43,37.07,0.03,-10.00
30,1,-1.00,-1.00,-1.00,-1.00,0.1350,1.9,0.74,0.72,38.26,0.92,4.91,-0.17,-10.00
30,1,-1.00,-1.00,-1.00,-1.00,0.1150,1.6,0.75,0.80,5.70,0.82,-15.18,-3.10,-10.00
31,1,-1.00,-1.00,-1.00,-1.00,0.2905,1.9,0.72,0.73,-36.01,1.67,19.85,-0.03,-10.00
31,1,631.50,439.31,680.73,530.89,0.2879,1.8,0.67,0.86,-3.43,1.22,25.17,2.80,-10.00
31,1,-1.00,-1.00,-1.00,-1.00,0.2349,1.9,0.73,0.62,39.34,0.67,0.61,-0.22,-10.00
31,1,-1.00,-1.00,-1.00,-1.00,0.2300,1.8,0.69,0.66,7.89,0.84,-18.71,-3.07,-10.00
31,1,-1.00,-1.00,-1.00,-1.00,0.2283,1.9,0.69,0.58,39.50,0.54,-0.10,-0.13,-10.00
31,1,1401.99,451.03,1440.32,522.99,0.2046,1.8,0.64,0.58,14.99,1.33,31.59,3.09,-10.00
31,1,-1.00,-1.00,-1.00,-1.00,0.1532,1.9,0.81,0.82,-36.38,1.41,18.25,0.01,-10.00
31,1,801.12,443.54,838.77,511.11,0.1479,1.7,0.86,0.86,-0.17,1.06,32.75,0.13,-10.00
31,1,842.80,464.95,865.04,520.66,0.1175,1.8,0.63,0.64,0.91,1.67,41.40,0.16,-10.00
32,1,677.85,445.77,725.43,544.90,0.4605,1.8,0.69,0.79,-2.35,1.40,23.54,2.90,-10.00
32,1,-1.00,-1.00,-1.00,-1.00,0.3346,1.9,0.72,0.81,-33.96,1.47,20.51,-0.10,-10.00
32,1,-1.00,-1.00,-1.00,-1.00,0.2915,1.8,0.71,0.60,6.75,0.83,-20.79,-3.05,-10.00
32,1,892.63,452.26,925.19,526.81,0.2634,1.8,0.68,0.68,2.03,1.40,31.03,-0.10,-10.00
32,1,-1.00,-1.00,-1.00,-1.00,0.2185,1.9,0.74,0.68,6.40,0.56,-23.87,3.12,-10.00
32,1,1548.96,472.57,1600.00,541.53,0.1967,1.6,0.68,0.68,17.23,1.64,28.87,-0.34,-10.00
32,1,-1.00,-1.00,-1.00,-1.00,0.1172,1.7,0.58,0.62,-10.20,0.55,-30.14,-1.45,-10.00
32,1,-1.00,-1.00,-1.00,-1.00,0.1145,1.9,0.74,0.75,40.09,0.65,-3.84,0.06,-10.00
32,1,-1.00,-1.00,-1.00,-1.00,0.1109,1.7,0.63,0.78,-11.35,0.72,-35.73,0.29,-10.00
32,1,1170.31,458.01,1201.04,520.10,0.1028,1.7,0.68,0.75,10.26,1.42,35.81,1.67,-10.00
32,1,-1.00,-1.00,-1.00,-1.00,0.1018,1.8,0.57,0.59,15.01,0.60,-7.20,1.14,-10.00
33,1,744.97,463.30,790.62,568.97,0.3603,1.8,0.69,0.77,-1.03,1.71,21.85,3.07,-10.00
33,1,-1.00,-1.00,-1.00,-1.00,0.2875,1.8,0.67,0.59,4.82,0.40,-23.07,-2.72,-10.00
33,1,-1.00,-1.00,-1.00,-1.00,0.2494,1.8,0.70,0.65,40.15,0.26,-8.58,-0.03,-10.00
33,1,-1.00,-1.00,-1.00,-1.00,0.2026,1.9,0.74,0.76,-31.22,2.06,21.71,-0.03,-10.00
33,1,1051.95,485.18,1076.34,547.01,0.1775,1.8,0.67,0.67,7.07,2.29,37.30,0.20,-10.00
33,1,-1.00,-1.00,-1.00,-1.00,0.1661,1.9,0.72,0.66,40.18,0.14,-9.33,0.05,-10.00
33,1,699.05,475.32,739.64,562.52,0.1620,1.8,0.63,0.66,-2.21,1.89,25.77,2.74,-10.00
33,1,1008.28,472.37,1046.61,545.26,0.1504,1.7,0.78,0.84,4.65,1.74,29.00,0.15,-10.00
33,1,1341.73,474.12,1377.69,543.59,0.1482,1.8,0.61,0.61,13.86,1.91,32.58,-2.30,-10.00
33,1,1043.23,477.74,1073.25,545.51,0.1452,1.8,0.62,0.65,6.10,1.98,32.97,0.35,-10.00
33,1,1028.39,483.61,1056.26,555.27,0.1411,1.7,0.62,0.62,5.32,2.10,30.90,1.69,-10.00
33,1,1521.51,467.39,1566.40,546.17,0.1334,1.9,0.66,0.65,17.25,1.83,30.15,-3.07,-10.00
33,1,-1.00,-1.00,-1.00,-1.00,0.1263,1.9,0.81,0.73,4.30,0.19,-26.15,1.69,-10.00
33,1,-1.00,-1.00,-1.00,-1.00,0.1260,1.7,0.59,0.58,6.32,0.33,-24.32,-3.09,-10.00
33,1,1342.99,468.33,1370.37,538.86,0.1169,1.8,0.64,0.61,14.08,1.83,33.29,-2.75,-10.00
33,1,1294.53,477.88,1325.39,537.69,0.1135,1.6,0.60,0.60,13.50,1.89,34.99,-3.10,-10.00
33,1,1054.59,475.95,1079.08,520.36,0.1078,1.5,0.74,0.80,8.39,1.75,43.75,0.18,-10.00
33,1,-1.00,-1.00,-1.00,-1.00,0.1048,1.7,0.66,0.69,19.35,1.75,25.54,-2.99,-10.00
33,1,1406.41,483.17,1446.54,543.50,0.1019,1.5,0.68,0.70,15.35,1.88,32.08,-3.01,-10.00
33,1,-1.00,-1.00,-1.00,-1.00,0.1016,1.8,0.87,0.83,2.00,0.61,-21.76,0.41,-10.00
34,1,817.15,462.42,880.56,567.14,0.3100,1.9,0.93,0.99,0.41,1.83,23.79,2.91,-10.00
34,1,-1.00,-1.00,-1.00,-1.00,0.2721,1.9,0.82,0.85,-27.62,2.31,23.38,0.38,-10.00
34,1,853.53,455.93,914.22,572.23,0.2710,1.8,0.74,0.94,0.92,1.63,20.18,-3.09,-10.00
34,1,-1.00,-1.00,-1.00,-1.00,0.2453,1.8,0.71,0.69,22.53,1.38,21.11,-3.03,-10.00
34,1,-1.00,-1.00,-1.00,-1.00,0.2339,0.99,0.84,1.07,9.65,0.74,-12.34,0.11,-10.00
34,1,-1.00,-1.00,-1.00,-1.00,0.1900,1.8,0.69,0.66,1.13,0.17,-28.20,-2.83,-10.00
34,1,-1.00,-1.00,-1.00,-1.00,0.1587,1.8,0.61,0.54,1.96,0.34,-25.34,-2.45,-10.00
34,1,1204.18,466.14,1252.98,551.10,0.1373,1.7,0.72,0.77,8.41,1.69,26.23,0.05,-10.00
34,1,-1.00,-1.00,-1.00,-1.00,0.1291,1.9,0.76,0.72,39.16,-0.41,-16.10,1.05,-10.00
34,1,-1.00,-1.00,-1.00,-1.00,0.1194,1.8,0.73,0.74,22.49,1.44,20.39,2.97,-10.00
34,1,-1.00,-1.00,-1.00,-1.00,0.1166,1.5,0.70,0.76,18.90,1.60,28.10,-1.98,-10.00
34,1,-1.00,-1.00,-1.00,-1.00,0.1144,1.8,1.00,1.02,0.00,0.43,-21.71,-1.24,-10.00
34,1,-1.00,-1.00,-1.00,-1.00,0.1125,1.7,0.63,0.60,13.53,-1.24,-25.42,-2.59,-10.00
34,1,-1.00,-1.00,-1.00,-1.00,0.1093,1.4,0.66,0.73,-5.89,-0.01,-38.50,-2.96,-10.00
35,1,1038.28,445.12,1100.74,573.57,0.3938,1.8,0.72,0.82,3.50,1.48,18.12,-3.00,-10.00
35,1,-1.00,-1.00,-1.00,-1.00,0.2681,1.9,0.81,0.84,25.45,0.92,15.60,-2.88,-10.00
35,1,-1.00,-1.00,-1.00,-1.00,0.2354,1.9,0.80,0.83,-22.80,2.01,25.60,0.41,-10.00
35,1,1005.58,452.80,1059.99,559.42,0.2325,1.8,0.71,0.77,3.53,1.52,21.50,3.12,-10.00
35,1,1466.51,449.81,1536.70,536.38,0.1702,1.5,0.82,0.93,12.40,1.21,23.01,-2.44,-10.00
35,1,-1.00,-1.00,-1.00,-1.00,0.1588,1.8,0.67,0.69,20.78,1.26,13.99,-1.36,-10.00
35,1,1505.09,455.55,1539.86,519.26,0.1408,1.8,0.69,0.72,20.21,1.42,36.39,-2.79,-10.00
35,1,-1.00,-1.00,-1.00,-1.00,0.1305,1.9,0.73,0.73,-1.77,0.53,-27.00,-2.84,-10.00
35,1,-1.00,-1.00,-1.00,-1.00,0.1153,1.7,0.64,0.71,22.46,1.35,26.74,-2.52,-10.00
35,1,-1.00,-1.00,-1.00,-1.00,0.1135,1.8,0.71,0.68,-3.17,0.31,-29.68,0.58,-10.00
35,1,-1.00,-1.00,-1.00,-1.00,0.1113,1.8,0.66,0.58,-38.27,0.90,-8.48,-0.05,-10.00
35,1,-1.00,-1.00,-1.00,-1.00,0.1062,1.3,0.73,0.80,23.22,1.09,23.19,-1.22,-10.00
35,1,1488.85,469.07,1531.16,558.14,0.1026,1.7,0.59,0.67,13.56,1.74,24.86,-2.63,-10.00
36,1,1289.79,433.52,1370.42,580.35,0.3532,1.8,0.72,0.85,6.29,1.37,15.69,-2.81,-10.00
36,1,26.67,476.64,88.03,564.78,0.3014,1.9,0.78,0.92,-16.76,2.05,27.30,0.58,-10.00
36,1,-1.00,-1.00,-1.00,-1.00,0.2795,2.0,0.93,0.94,27.80,0.80,8.79,-2.92,-10.00
36,1,-1.00,-1.00,-1.00,-1.00,0.2066,1.8,0.68,0.64,48.06,-0.34,-9.47,0.56,-10.00
36,1,-1.00,-1.00,-1.00,-1.00,0.1873,1.8,0.61,0.58,46.56,-0.14,-8.60,0.45,-10.00
36,1,-1.00,-1.00,-1.00,-1.00,0.1589,1.5,0.97,0.99,16.50,1.24,18.50,-1.02,-10.00
36,1,-1.00,-1.00,-1.00,-1.00,0.1575,1.6,0.58,0.63,-23.12,0.88,-22.75,0.51,-10.00
36,1,1247.67,457.23,1312.24,574.56,0.1361,1.7,0.68,0.82,6.83,1.57,18.91,-2.88,-10.00
36,1,-1.00,-1.00,-1.00,-1.00,0.1339,1.8,0.71,0.62,-6.84,0.73,-27.84,-2.76,-10.00
36,1,-1.00,-1.00,-1.00,-1.00,0.1313,1.8,0.67,0.65,48.16,-0.49,-8.60,0.52,-10.00
36,1,-1.00,-1.00,-1.00,-1.00,0.1259,1.9,0.72,0.70,48.52,-0.19,-10.78,0.51,-10.00
36,1,-1.00,-1.00,-1.00,-1.00,0.1147,1.8,0.74,0.80,23.40,1.02,8.03,0.07,-10.00
36,1,-1.00,-1.00,-1.00,-1.00,0.1129,1.9,0.75,0.72,38.20,0.22,-6.85,1.16,-10.00
36,1,-1.00,-1.00,-1.00,-1.00,0.1122,1.8,0.69,0.62,-39.08,1.12,-2.83,-0.01,-10.00
36,1,-1.00,-1.00,-1.00,-1.00,0.1050,1.8,0.68,0.68,13.14,1.33,18.54,1.92,-10.00
37,1,-1.00,-1.00,-1.00,-1.00,0.4029,1.8,0.71,0.83,8.80,1.28,12.64,-2.67,-10.00
37,1,-1.00,-1.00,-1.00,-1.00,0.3396,1.8,0.72,0.68,28.67,0.82,1.46,-2.99,-10.00
37,1,345.30,478.06,397.71,562.75,0.3004,1.9,0.80,0.91,-10.19,2.06,28.06,0.84,-10.00
37,1,-1.00,-1.00,-1.00,-1.00,0.2979,1.8,0.70,0.74,13.02,0.35,-31.54,-2.85,-10.00
37,1,-1.00,-1.00,-1.00,-1.00,0.1789,1.8,0.69,0.67,-14.58,0.28,-29.59,-0.26,-10.00
37,1,-1.00,-1.00,-1.00,-1.00,0.1656,1.9,0.71,0.73,45.93,-0.56,-22.64,0.78,-10.00
37,1,-1.00,-1.00,-1.00,-1.00,0.1500,1.7,0.69,0.74,20.30,0.94,12.88,-2.54,-10.00
37,1,-1.00,-1.00,-1.00,-1.00,0.1348,1.7,0.74,0.72,30.84,1.14,12.32,-0.15,-10.00
37,1,-1.00,-1.00,-1.00,-1.00,0.1160,1.9,0.99,1.02,36.07,-0.05,-16.13,0.59,-10.00
38,1,-1.00,-1.00,-1.00,-1.00,0.4670,1.8,0.71,0.87,11.06,1.02,8.86,-2.40,-10.00
38,1,673.36,442.97,726.18,533.02,0.4191,1.9,0.82,0.86,-2.74,1.35,27.03,0.97,-10.00
38,1,-1.00,-1.00,-1.00,-1.00,0.3735,1.8,0.69,0.64,27.74,0.51,-7.29,-2.98,-10.00
38,1,-1.00,-1.00,-1.00,-1.00,0.2918,1.8,0.68,0.65,-20.90,1.03,-27.56,0.05,-10.00
38,1,-1.00,-1.00,-1.00,-1.00,0.2099,1.9,0.69,0.78,12.30,1.07,11.29,-2.77,-10.00
38,1,-1.00,-1.00,-1.00,-1.00,0.1749,1.9,0.79,0.81,-18.44,1.32,-26.29,1.60,-10.00
38,1,-1.00,-1.00,-1.00,-1.00,0.1259,1.8,0.61,0.64,-43.50,-0.16,-42.37,0.96,-10.00
39,1,-1.00,-1.00,-1.00,-1.00,0.4722,1.8,0.67,0.65,14.27,0.79,6.95,2.94,-10.00
39,1,939.77,443.29,1001.25,543.89,0.4412,1.9,0.85,0.92,2.81,1.44,24.54,1.22,-10.00
39,1,-1.00,-1.00,-1.00,-1.00,0.3808,1.8,0.78,0.77,25.29,0.12,-13.93,-2.70,-10.00
39,1,-1.00,-1.00,-1.00,-1.00,0.3591,1.8,0.69,0.90,12.16,0.93,5.41,-2.12,-10.00
39,1,-1.00,-1.00,-1.00,-1.00,0.2022,1.9,0.70,0.64,32.91,-1.14,-43.64,1.40,-10.00
39,1,-1.00,-1.00,-1.00,-1.00,0.1895,1.9,0.71,0.65,32.55,-1.15,-44.89,1.39,-10.00
39,1,-1.00,-1.00,-1.00,-1.00,0.1655,1.7,0.89,0.91,30.97,0.22,-8.50,3.03,-10.00
39,1,-1.00,-1.00,-1.00,-1.00,0.1604,1.9,0.71,0.81,34.12,-1.14,-40.95,2.29,-10.00
39,1,-1.00,-1.00,-1.00,-1.00,0.1565,1.6,0.73,0.84,10.22,1.15,-2.63,1.28,-10.00
39,1,-1.00,-1.00,-1.00,-1.00,0.1504,1.8,0.70,0.76,32.12,-0.88,-41.82,1.75,-10.00
39,1,-1.00,-1.00,-1.00,-1.00,0.1032,1.8,0.59,0.59,15.58,0.75,7.69,-2.44,-10.00
