0,1,-1.00,-1.00,-1.00,-1.00,0.5852,1.8,0.63,0.65,-16.43,1.48,-17.99,1.66,-10.00
0,1,-1.00,-1.00,-1.00,-1.00,0.4222,1.8,0.66,0.81,-13.78,1.77,1.67,1.67,-10.00
0,1,-1.00,-1.00,-1.00,-1.00,0.3970,1.8,0.63,0.67,6.23,1.39,2.69,1.48,-10.00
0,1,-1.00,-1.00,-1.00,-1.00,0.3485,1.8,0.63,0.69,5.48,1.40,2.84,1.57,-10.00
0,1,-1.00,-1.00,-1.00,-1.00,0.3323,1.8,0.73,0.93,-14.31,1.57,-3.37,-1.60,-10.00
0,1,-1.00,-1.00,-1.00,-1.00,0.2982,1.8,0.67,0.61,-25.45,0.22,-13.08,1.99,-10.00
0,1,-1.00,-1.00,-1.00,-1.00,0.2646,1.8,0.56,0.58,-24.30,0.51,-13.14,-1.26,-10.00
0,1,-1.00,-1.00,-1.00,-1.00,0.2304,1.7,0.61,0.58,-18.22,1.47,8.44,1.28,-10.00
0,1,-1.00,-1.00,-1.00,-1.00,0.1691,1.8,0.68,0.75,-20.92,1.20,7.36,-1.64,-10.00
0,1,1596.75,453.00,1600.00,501.98,0.1579,1.8,0.68,0.74,29.61,1.19,47.22,1.68,-10.00
0,1,-1.00,-1.00,-1.00,-1.00,0.1456,1.8,0.57,0.54,-24.53,1.01,-5.06,0.49,-10.00
0,1,-1.00,-1.00,-1.00,-1.00,0.1454,1.8,0.79,0.82,-28.86,1.88,-21.86,1.36,-10.00
0,1,-1.00,-1.00,-1.00,-1.00,0.1405,1.7,0.64,0.65,-2.50,1.56,-0.47,-1.73,-10.00
0,1,1337.15,462.13,1368.53,511.54,0.1314,1.8,0.72,0.89,19.89,1.56,47.35,1.52,-10.00
0,1,-1.00,-1.00,-1.00,-1.00,0.1279,1.8,0.77,0.84,-27.29,1.29,-27.63,-1.51,-10.00
0,1,-1.00,-1.00,-1.00,-1.00,0.1188,1.8,0.69,0.74,-18.96,1.02,-28.84,-1.51,-10.00
0,1,1469.15,474.99,1516.53,560.36,0.1011,1.8,0.61,0.61,14.06,1.90,26.45,-1.54,-10.00
1,1,-1.00,-1.00,-1.00,-1.00,0.6667,1.8,0.61,0.71,6.25,1.41,0.89,-1.56,-10.00
1,1,-1.00,-1.00,-1.00,-1.00,0.6521,1.8,0.62,0.66,5.42,1.37,0.92,-1.55,-10.00
1,1,-1.00,-1.00,-1.00,-1.00,0.4206,1.9,0.75,0.90,-14.54,1.56,-5.29,-1.60,-10.00
1,1,-1.00,-1.00,-1.00,-1.00,0.3765,1.8,0.70,0.84,-13.74,1.71,-0.32,-1.45,-10.00
1,1,1357.22,455.45,1381.81,503.35,0.3542,1.8,0.65,0.64,21.18,1.29,48.89,1.63,-10.00
1,1,-1.00,-1.00,-1.00,-1.00,0.3500,1.8,0.65,0.76,-16.71,1.44,-21.23,1.60,-10.00
1,1,1372.48,461.47,1398.60,513.26,0.3159,1.8,0.62,0.64,19.83,1.53,44.45,1.65,-10.00
1,1,1378.89,460.49,1407.54,510.59,0.2582,1.8,0.61,0.67,20.79,1.48,45.97,2.92,-10.00
1,1,1536.62,474.72,1592.82,567.59,0.2274,1.8,0.66,0.68,14.36,1.89,24.40,-1.47,-10.00
1,1,-1.00,-1.00,-1.00,-1.00,0.2214,1.8,0.60,0.53,-25.52,0.36,-15.44,-1.32,-10.00
1,1,1551.52,459.83,1600.00,528.17,0.2116,1.9,0.74,0.83,20.86,1.61,34.87,3.01,-10.00
1,1,-1.00,-1.00,-1.00,-1.00,0.1299,1.8,0.66,0.66,-23.11,0.47,-15.81,1.71,-10.00
1,1,1368.73,463.35,1395.97,514.91,0.1080,1.8,0.63,0.66,19.58,1.57,44.15,1.61,-10.00
1,1,-1.00,-1.00,-1.00,-1.00,0.1079,1.8,0.58,0.59,-21.91,0.58,-15.95,-1.55,-10.00
1,1,1357.47,461.68,1384.93,510.10,0.1027,1.9,0.72,0.72,21.41,1.57,49.27,1.60,-10.00
2,1,-1.00,-1.00,-1.00,-1.00,0.6712,1.8,0.68,0.78,-13.79,1.73,-2.50,-1.55,-10.00
2,1,-1.00,-1.00,-1.00,-1.00,0.6073,1.8,0.60,0.69,5.42,1.35,-1.07,-1.54,-10.00
2,1,-1.00,-1.00,-1.00,-1.00,0.5856,1.8,0.66,0.73,-16.79,1.32,-24.82,1.63,-10.00
2,1,-1.00,-1.00,-1.00,-1.00,0.4539,1.8,0.60,0.64,14.94,1.80,22.06,-1.48,-10.00
2,1,-1.00,-1.00,-1.00,-1.00,0.3968,1.9,0.71,0.78,20.16,1.47,31.61,2.38,-10.00
2,1,1408.75,458.80,1440.57,516.21,0.3706,1.9,0.76,0.74,19.87,1.53,41.64,0.20,-10.00
2,1,1595.97,471.03,1600.00,571.57,0.3501,1.7,0.60,0.67,14.15,1.78,22.16,-1.54,-10.00
2,1,-1.00,-1.00,-1.00,-1.00,0.3314,1.8,0.61,0.76,6.12,1.30,-1.13,-1.60,-10.00
2,1,-1.00,-1.00,-1.00,-1.00,0.3077,1.9,0.84,1.03,-14.56,1.55,-7.54,-1.53,-10.00
2,1,1385.07,457.56,1413.20,507.54,0.2694,1.8,0.65,0.66,21.03,1.37,46.03,1.50,-10.00
2,1,1414.45,460.12,1443.44,513.82,0.2220,1.8,0.63,0.65,20.61,1.49,42.87,1.61,-10.00
2,1,1395.09,460.50,1421.69,508.93,0.1247,1.8,0.67,0.68,22.28,1.48,48.00,-1.50,-10.00
2,1,1404.94,460.99,1429.97,513.34,0.1173,1.8,0.59,0.60,20.37,1.49,43.19,-1.39,-10.00
2,1,-1.00,-1.00,-1.00,-1.00,0.1017,1.8,0.60,0.56,-24.76,0.27,-12.74,0.16,-10.00
2,1,-1.00,-1.00,-1.00,-1.00,0.1016,1.8,0.62,0.64,6.01,0.51,-44.73,1.54,-10.00
3,1,-1.00,-1.00,-1.00,-1.00,0.5911,1.8,0.62,0.70,14.01,1.79,19.74,-1.54,-10.00
3,1,-1.00,-1.00,-1.00,-1.00,0.5898,1.8,0.62,0.68,5.30,1.39,-3.46,-1.49,-10.00
3,1,-1.00,-1.00,-1.00,-1.00,0.5811,1.8,0.70,0.83,-14.62,1.37,-10.01,-1.56,-10.00
3,1,-1.00,-1.00,-1.00,-1.00,0.5102,1.8,0.68,0.75,-13.86,1.72,-5.16,-1.54,-10.00
3,1,-1.00,-1.00,-1.00,-1.00,0.4696,1.8,0.73,0.80,-16.89,1.08,-28.89,1.67,-10.00
3,1,-1.00,-1.00,-1.00,-1.00,0.4488,1.8,0.65,0.77,6.07,1.27,-3.37,-1.53,-10.00
3,1,1439.06,462.04,1469.64,520.01,0.3542,1.8,0.59,0.60,19.83,1.57,39.58,1.54,-10.00
3,1,1453.40,458.13,1488.16,520.00,0.3186,1.9,0.73,0.75,19.73,1.52,38.39,0.26,-10.00
3,1,-1.00,-1.00,-1.00,-1.00,0.3032,1.7,0.58,0.67,14.72,1.83,19.56,-1.53,-10.00
3,1,-1.00,-1.00,-1.00,-1.00,0.2679,1.8,0.71,0.78,19.36,1.37,27.72,2.26,-10.00
3,1,-1.00,-1.00,-1.00,-1.00,0.2222,1.9,0.76,0.66,29.48,1.34,38.85,0.02,-10.00
3,1,1422.74,460.33,1452.53,515.18,0.2073,1.8,0.69,0.65,20.75,1.52,42.55,0.10,-10.00
3,1,-1.00,-1.00,-1.00,-1.00,0.2067,1.8,0.59,0.63,46.69,-2.11,-19.32,0.10,-10.00
3,1,1431.51,462.69,1465.37,515.26,0.1440,1.8,0.71,0.74,22.23,1.61,44.80,-0.23,-10.00
3,1,724.27,485.32,748.55,545.32,0.1413,1.7,0.70,0.74,-2.66,2.22,37.01,-1.64,-10.00
3,1,532.59,468.76,555.87,516.39,0.1125,1.9,0.74,0.85,-11.20,1.83,49.70,1.55,-10.00
3,1,1393.27,462.76,1416.76,505.99,0.1119,1.5,0.62,0.71,21.11,1.30,45.73,-2.75,-10.00
3,1,-1.00,-1.00,-1.00,-1.00,0.1076,1.9,0.70,0.69,-22.25,1.27,-36.36,-1.71,-10.00
4,1,-1.00,-1.00,-1.00,-1.00,0.6743,1.7,0.60,0.68,13.90,1.94,17.25,-1.55,-10.00
4,1,-1.00,-1.00,-1.00,-1.00,0.5215,1.8,0.71,0.82,-16.92,0.82,-32.82,1.54,-10.00
4,1,-1.00,-1.00,-1.00,-1.00,0.5004,1.9,0.80,0.93,-14.65,1.33,-12.56,-1.47,-10.00
4,1,-1.00,-1.00,-1.00,-1.00,0.4058,1.8,0.66,0.76,-13.94,1.60,-7.78,-1.60,-10.00
4,1,1485.64,469.69,1520.64,533.84,0.3935,1.8,0.69,0.67,19.47,1.83,36.05,0.75,-10.00
4,1,-1.00,-1.00,-1.00,-1.00,0.3900,1.8,0.70,0.78,5.29,1.39,-5.84,-1.50,-10.00
4,1,-1.00,-1.00,-1.00,-1.00,0.3003,1.8,0.68,0.81,6.04,1.25,-5.75,-1.53,-10.00
4,1,-1.00,-1.00,-1.00,-1.00,0.2848,1.7,0.56,0.66,14.52,1.93,16.99,-1.55,-10.00
4,1,1500.86,469.14,1539.55,533.45,0.2648,1.8,0.65,0.69,19.46,1.78,35.16,-3.03,-10.00
4,1,-1.00,-1.00,-1.00,-1.00,0.2126,1.9,0.81,0.95,18.76,1.87,24.11,2.44,-10.00
4,1,1471.41,473.65,1498.81,533.23,0.2097,1.8,0.74,0.65,20.66,1.98,39.30,-2.58,-10.00
4,1,-1.00,-1.00,-1.00,-1.00,0.2042,1.8,0.66,0.72,-6.74,0.55,-46.47,-1.54,-10.00
4,1,646.29,497.02,671.37,554.09,0.1712,1.8,0.66,0.77,-5.44,2.72,40.63,1.65,-10.00
4,1,-1.00,-1.00,-1.00,-1.00,0.1692,1.7,0.60,0.64,34.08,1.30,35.10,-3.03,-10.00
4,1,1466.96,481.58,1499.22,537.75,0.1177,1.8,0.69,0.65,21.82,2.25,41.64,-3.11,-10.00
4,1,-1.00,-1.00,-1.00,-1.00,0.1136,1.7,0.63,0.58,-25.57,1.16,-17.43,0.04,-10.00
4,1,-1.00,-1.00,-1.00,-1.00,0.1062,1.8,0.60,0.58,-24.72,0.20,-19.39,0.29,-10.00
4,1,-1.00,-1.00,-1.00,-1.00,0.1052,1.8,0.57,0.53,-24.45,0.15,-16.71,0.18,-10.00
4,1,-1.00,-1.00,-1.00,-1.00,0.1005,1.7,0.53,0.52,-25.30,0.05,-24.74,-1.44,-10.00
5,1,-1.00,-1.00,-1.00,-1.00,0.5229,1.8,0.67,0.83,-14.69,1.17,-15.22,-1.55,-10.00
5,1,-1.00,-1.00,-1.00,-1.00,0.4937,1.8,0.61,0.69,-16.97,0.69,-36.82,1.60,-10.00
5,1,-1.00,-1.00,-1.00,-1.00,0.4584,1.7,0.58,0.69,14.47,1.98,14.41,-1.54,-10.00
5,1,-1.00,-1.00,-1.00,-1.00,0.3898,1.8,0.68,0.77,5.32,1.41,-8.30,-1.46,-10.00
5,1,-1.00,-1.00,-1.00,-1.00,0.3278,1.8,0.76,0.83,18.11,2.03,20.32,2.13,-10.00
5,1,-1.00,-1.00,-1.00,-1.00,0.2981,1.8,0.62,0.79,6.05,1.39,-8.31,-1.49,-10.00
5,1,1534.28,478.95,1563.81,543.46,0.2842,1.8,0.63,0.60,20.59,2.09,35.70,0.63,-10.00
5,1,1554.93,487.71,1591.05,557.26,0.2705,1.8,0.64,0.67,19.33,2.25,32.45,0.42,-10.00
5,1,-1.00,-1.00,-1.00,-1.00,0.2565,1.8,0.61,0.70,13.87,2.01,14.74,-1.56,-10.00
5,1,-1.00,-1.00,-1.00,-1.00,0.2377,1.8,0.58,0.63,-14.00,1.47,-10.84,-1.60,-10.00
5,1,1582.11,468.43,1600.00,525.08,0.2330,1.8,0.69,0.67,25.42,1.81,41.27,0.24,-10.00
5,1,1568.32,488.04,1600.00,559.13,0.2085,1.8,0.62,0.61,19.24,2.25,31.70,-2.88,-10.00
5,1,-1.00,-1.00,-1.00,-1.00,0.1873,1.8,0.68,0.67,24.30,-1.13,-30.64,3.14,-10.00
5,1,-1.00,-1.00,-1.00,-1.00,0.1696,1.8,0.66,0.64,25.64,1.78,22.35,-1.58,-10.00
5,1,-1.00,-1.00,-1.00,-1.00,0.1232,1.6,0.54,0.55,-25.17,0.97,-20.76,-0.05,-10.00
5,1,1449.17,466.75,1478.07,517.74,0.1151,1.8,0.63,0.61,22.80,1.70,44.85,2.95,-10.00
5,1,-1.00,-1.00,-1.00,-1.00,0.1130,1.8,0.76,0.87,-14.61,1.39,-10.83,-1.69,-10.00
5,1,-1.00,-1.00,-1.00,-1.00,0.1083,1.8,0.60,0.62,-19.59,0.32,-9.05,1.72,-10.00
5,1,-1.00,-1.00,-1.00,-1.00,0.1061,1.8,0.66,0.82,-13.95,1.43,-11.59,1.53,-10.00
5,1,-1.00,-1.00,-1.00,-1.00,0.1013,1.8,0.64,0.66,-24.42,-0.41,-28.26,-1.72,-10.00
6,1,-1.00,-1.00,-1.00,-1.00,0.6497,1.8,0.76,0.80,-13.96,1.62,-13.26,-1.55,-10.00
6,1,-1.00,-1.00,-1.00,-1.00,0.5975,1.8,0.67,0.75,5.33,1.64,-10.73,-1.48,-10.00
6,1,-1.00,-1.00,-1.00,-1.00,0.5287,1.8,0.76,0.85,17.58,1.50,16.47,2.14,-10.00
6,1,-1.00,-1.00,-1.00,-1.00,0.5228,1.8,0.61,0.71,14.34,1.64,11.99,-1.53,-10.00
6,1,-1.00,-1.00,-1.00,-1.00,0.4816,1.8,0.63,0.67,13.66,1.63,12.12,-1.51,-10.00
6,1,-1.00,-1.00,-1.00,-1.00,0.4595,1.8,0.68,0.78,-17.02,1.84,-40.77,1.59,-10.00
6,1,-1.00,-1.00,-1.00,-1.00,0.4103,1.8,0.64,0.71,-14.71,1.59,-17.77,-1.60,-10.00
6,1,-1.00,-1.00,-1.00,-1.00,0.3999,1.8,0.57,0.57,19.24,1.23,29.37,0.14,-10.00
6,1,-1.00,-1.00,-1.00,-1.00,0.2735,1.8,0.64,0.82,6.05,1.57,-10.81,-1.46,-10.00
6,1,-1.00,-1.00,-1.00,-1.00,0.2571,1.8,0.59,0.56,19.03,1.06,28.76,-3.14,-10.00
6,1,-1.00,-1.00,-1.00,-1.00,0.2323,1.9,0.70,0.74,25.70,0.63,38.02,0.19,-10.00
6,1,1596.65,432.56,1600.00,504.95,0.2222,1.8,0.66,0.62,20.44,0.89,32.47,0.77,-10.00
6,1,1490.27,421.06,1524.77,478.29,0.1792,1.9,0.72,0.66,22.67,0.26,41.72,-1.57,-10.00
6,1,616.64,444.95,642.04,503.88,0.1671,1.9,0.81,0.93,-6.56,1.11,41.68,1.44,-10.00
6,1,-1.00,-1.00,-1.00,-1.00,0.1568,1.8,0.54,0.54,-24.52,0.59,-25.91,-3.00,-10.00
6,1,-1.00,-1.00,-1.00,-1.00,0.1559,1.8,0.56,0.54,-25.25,0.27,-27.02,1.70,-10.00
6,1,-1.00,-1.00,-1.00,-1.00,0.1493,1.8,0.68,0.71,25.29,1.44,18.87,1.50,-10.00
6,1,-1.00,-1.00,-1.00,-1.00,0.1370,1.8,0.68,0.70,33.70,0.67,28.79,0.22,-10.00
6,1,1515.01,441.25,1553.63,504.66,0.1235,1.8,0.67,0.63,20.56,1.00,36.41,-1.72,-10.00
6,1,-1.00,-1.00,-1.00,-1.00,0.1133,1.9,0.68,0.67,27.44,0.87,38.34,-0.00,-10.00
7,1,-1.00,-1.00,-1.00,-1.00,0.7150,1.8,0.62,0.73,5.24,1.39,-13.49,-1.48,-10.00
7,1,-1.00,-1.00,-1.00,-1.00,0.6380,1.8,0.64,0.68,13.62,1.59,9.27,-1.56,-10.00
7,1,-1.00,-1.00,-1.00,-1.00,0.5360,1.9,0.73,0.79,-14.76,1.46,-20.54,-1.54,-10.00
7,1,-1.00,-1.00,-1.00,-1.00,0.4583,1.7,0.59,0.73,14.33,1.61,8.98,-1.58,-10.00
7,1,-1.00,-1.00,-1.00,-1.00,0.4279,1.8,0.76,0.83,-14.03,1.57,-16.18,-1.54,-10.00
7,1,-1.00,-1.00,-1.00,-1.00,0.3784,1.8,0.63,0.82,5.99,1.35,-13.78,-1.42,-10.00
7,1,-1.00,-1.00,-1.00,-1.00,0.3638,1.8,0.62,0.60,18.98,1.17,25.22,-3.09,-10.00
7,1,-1.00,-1.00,-1.00,-1.00,0.3352,1.7,0.65,0.77,17.10,1.50,12.17,2.25,-10.00
7,1,-1.00,-1.00,-1.00,-1.00,0.3024,1.8,0.69,0.65,20.49,1.15,28.79,0.63,-10.00
7,1,-1.00,-1.00,-1.00,-1.00,0.2768,1.8,0.66,0.72,-17.14,1.52,-44.80,1.49,-10.00
7,1,592.75,460.17,622.42,524.10,0.2177,1.9,0.81,0.92,-6.53,1.61,37.41,1.47,-10.00
7,1,-1.00,-1.00,-1.00,-1.00,0.1708,1.8,0.67,0.64,21.43,1.09,32.09,-1.41,-10.00
7,1,-1.00,-1.00,-1.00,-1.00,0.1682,1.8,0.69,0.65,33.64,0.75,25.49,-3.11,-10.00
7,1,-1.00,-1.00,-1.00,-1.00,0.1681,1.8,0.66,0.69,-13.55,0.61,-50.41,0.69,-10.00
7,1,-1.00,-1.00,-1.00,-1.00,0.1389,1.8,0.62,0.68,26.08,1.10,34.09,1.57,-10.00
7,1,-1.00,-1.00,-1.00,-1.00,0.1148,1.8,0.66,0.75,-24.14,1.21,-25.12,0.19,-10.00
7,1,-1.00,-1.00,-1.00,-1.00,0.1068,1.8,0.84,0.85,-34.69,3.53,-3.54,-2.46,-10.00
8,1,-1.00,-1.00,-1.00,-1.00,0.6747,1.7,0.66,0.77,13.54,1.50,6.48,-1.55,-10.00
8,1,-1.00,-1.00,-1.00,-1.00,0.6161,1.8,0.71,0.90,6.05,1.56,-16.65,-1.19,-10.00
8,1,-1.00,-1.00,-1.00,-1.00,0.5916,1.8,0.71,0.80,-14.87,1.68,-23.29,-1.58,-10.00
8,1,-1.00,-1.00,-1.00,-1.00,0.4094,1.8,0.67,0.79,14.26,1.50,6.33,-1.54,-10.00
8,1,-1.00,-1.00,-1.00,-1.00,0.4057,1.8,0.57,0.67,5.32,1.54,-16.22,-1.29,-10.00
8,1,-1.00,-1.00,-1.00,-1.00,0.3483,1.8,0.75,0.83,-14.08,1.82,-19.16,-1.58,-10.00
8,1,-1.00,-1.00,-1.00,-1.00,0.3157,1.8,0.59,0.69,19.92,1.08,22.38,0.01,-10.00
8,1,-1.00,-1.00,-1.00,-1.00,0.3099,1.8,0.74,0.89,16.80,1.37,7.72,2.22,-10.00
8,1,-1.00,-1.00,-1.00,-1.00,0.2743,1.8,0.63,0.61,19.11,0.99,21.78,-0.00,-10.00
8,1,-1.00,-1.00,-1.00,-1.00,0.2484,1.8,0.70,0.69,20.75,0.87,25.15,0.81,-10.00
8,1,-1.00,-1.00,-1.00,-1.00,0.2083,1.7,0.65,0.64,33.57,0.60,21.95,0.02,-10.00
8,1,-1.00,-1.00,-1.00,-1.00,0.1788,1.8,0.64,0.71,-19.47,1.46,-39.22,1.53,-10.00
8,1,-1.00,-1.00,-1.00,-1.00,0.1724,1.8,0.71,0.67,22.62,0.18,34.83,-2.37,-10.00
8,1,-1.00,-1.00,-1.00,-1.00,0.1354,1.8,0.62,0.76,-35.42,1.37,34.32,2.72,-10.00
8,1,-1.00,-1.00,-1.00,-1.00,0.1188,1.8,0.65,0.68,-37.39,2.11,34.21,2.82,-10.00
8,1,-1.00,-1.00,-1.00,-1.00,0.1131,1.8,0.68,0.67,26.19,0.32,30.73,3.02,-10.00
8,1,-1.00,-1.00,-1.00,-1.00,0.1036,1.5,0.57,0.59,-18.77,1.57,-16.53,0.18,-10.00
9,1,-1.00,-1.00,-1.00,-1.00,0.5456,1.8,0.67,0.76,-14.92,1.45,-26.79,-1.55,-10.00
9,1,-1.00,-1.00,-1.00,-1.00,0.5225,1.7,0.62,0.71,13.51,1.35,2.88,-1.57,-10.00
9,1,-1.00,-1.00,-1.00,-1.00,0.4769,1.9,0.72,0.82,6.07,1.36,-20.29,-1.18,-10.00
9,1,-1.00,-1.00,-1.00,-1.00,0.4600,1.8,0.64,0.72,20.85,0.92,20.51,1.46,-10.00
9,1,-1.00,-1.00,-1.00,-1.00,0.4223,1.8,0.74,0.84,16.32,1.37,2.50,2.21,-10.00
9,1,-1.00,-1.00,-1.00,-1.00,0.3889,1.7,0.60,0.65,14.21,1.36,2.74,-1.56,-10.00
9,1,-1.00,-1.00,-1.00,-1.00,0.3448,1.8,0.61,0.58,18.94,1.12,17.60,0.15,-10.00
9,1,-1.00,-1.00,-1.00,-1.00,0.2750,1.8,0.58,0.61,19.99,1.14,18.11,3.05,-10.00
9,1,-1.00,-1.00,-1.00,-1.00,0.2624,1.8,0.67,0.70,-14.16,1.58,-22.78,-1.53,-10.00
9,1,1572.44,420.96,1600.00,485.29,0.2161,1.8,0.69,0.67,22.10,0.42,36.14,3.13,-10.00
9,1,-1.00,-1.00,-1.00,-1.00,0.1685,1.8,0.68,0.82,5.55,1.42,-19.87,-1.26,-10.00
9,1,1147.39,440.54,1170.67,494.48,0.1545,1.8,0.68,0.70,11.49,0.83,43.32,1.74,-10.00
9,1,-1.00,-1.00,-1.00,-1.00,0.1480,1.8,0.72,0.72,26.81,0.45,26.33,-0.23,-10.00
9,1,-1.00,-1.00,-1.00,-1.00,0.1338,1.8,0.67,0.61,33.55,0.58,17.61,-0.02,-10.00
9,1,-1.00,-1.00,-1.00,-1.00,0.1263,1.8,0.64,0.75,20.79,1.01,20.05,1.50,-10.00
10,1,-1.00,-1.00,-1.00,-1.00,0.5874,1.8,0.67,0.72,-14.46,1.36,-26.03,-1.61,-10.00
10,1,-1.00,-1.00,-1.00,-1.00,0.5072,1.8,0.62,0.58,19.04,1.08,13.65,-0.09,-10.00
10,1,-1.00,-1.00,-1.00,-1.00,0.4472,1.7,0.63,0.68,20.76,1.09,14.12,-0.17,-10.00
10,1,-1.00,-1.00,-1.00,-1.00,0.4277,1.7,0.62,0.73,13.53,1.25,-0.37,-1.53,-10.00
10,1,-1.00,-1.00,-1.00,-1.00,0.4029,1.7,0.57,0.67,14.25,1.23,-0.60,-1.53,-10.00
10,1,-1.00,-1.00,-1.00,-1.00,0.3851,1.8,0.67,0.74,5.45,1.05,-22.74,-1.26,-10.00
10,1,-1.00,-1.00,-1.00,-1.00,0.3661,1.9,0.71,0.66,21.06,0.88,16.41,1.51,-10.00
10,1,-1.00,-1.00,-1.00,-1.00,0.3206,1.8,0.67,0.80,6.08,0.90,-23.39,-1.27,-10.00
10,1,-1.00,-1.00,-1.00,-1.00,0.3189,1.9,0.79,0.93,16.06,1.08,-2.40,1.73,-10.00
10,1,-1.00,-1.00,-1.00,-1.00,0.3178,1.8,0.70,0.76,-15.01,1.27,-29.75,-1.54,-10.00
10,1,1199.82,460.70,1228.90,517.87,0.2316,1.7,0.60,0.64,11.93,1.47,38.56,1.45,-10.00
10,1,-1.00,-1.00,-1.00,-1.00,0.1992,1.8,0.63,0.67,19.52,1.21,14.55,0.12,-10.00
10,1,-1.00,-1.00,-1.00,-1.00,0.1588,1.8,0.70,0.71,22.40,0.65,26.79,2.99,-10.00
10,1,-1.00,-1.00,-1.00,-1.00,0.1441,1.8,0.61,0.62,26.83,0.59,22.28,1.39,-10.00
10,1,-1.00,-1.00,-1.00,-1.00,0.1283,1.8,0.66,0.66,22.82,0.70,26.42,3.00,-10.00
11,1,-1.00,-1.00,-1.00,-1.00,0.5749,1.8,0.63,0.65,21.48,0.96,10.45,0.13,-10.00
11,1,-1.00,-1.00,-1.00,-1.00,0.4207,1.8,0.67,0.62,21.42,0.90,12.39,1.54,-10.00
11,1,-1.00,-1.00,-1.00,-1.00,0.3601,1.7,0.56,0.67,14.21,1.22,-3.53,-1.58,-10.00
11,1,-1.00,-1.00,-1.00,-1.00,0.3598,1.8,0.77,0.87,15.45,1.06,-6.71,1.89,-10.00
11,1,-1.00,-1.00,-1.00,-1.00,0.3272,1.8,0.61,0.71,5.59,0.91,-26.14,-1.25,-10.00
11,1,-1.00,-1.00,-1.00,-1.00,0.3133,1.8,0.61,0.64,19.84,1.20,10.90,0.22,-10.00
11,1,-1.00,-1.00,-1.00,-1.00,0.2894,1.8,0.60,0.55,19.25,1.02,9.94,-0.05,-10.00
11,1,-1.00,-1.00,-1.00,-1.00,0.2580,1.8,0.65,0.74,13.47,1.17,-3.39,-1.56,-10.00
11,1,-1.00,-1.00,-1.00,-1.00,0.2384,1.8,0.66,0.75,5.07,1.04,-25.51,-1.25,-10.00
11,1,1270.18,456.36,1303.27,521.39,0.2251,1.8,0.61,0.68,12.69,1.41,34.56,1.56,-10.00
11,1,-1.00,-1.00,-1.00,-1.00,0.2222,1.8,0.59,0.58,27.47,0.77,18.33,-0.37,-10.00
11,1,-1.00,-1.00,-1.00,-1.00,0.2029,1.8,0.71,0.69,22.59,0.42,34.50,3.01,-10.00
11,1,-1.00,-1.00,-1.00,-1.00,0.1978,1.8,0.70,0.70,47.93,0.11,-17.11,0.55,-10.00
11,1,-1.00,-1.00,-1.00,-1.00,0.1810,1.8,0.66,0.62,23.25,0.23,22.82,2.96,-10.00
11,1,-1.00,-1.00,-1.00,-1.00,0.1526,1.8,0.74,0.87,-15.72,1.35,-32.51,-1.56,-10.00
11,1,-1.00,-1.00,-1.00,-1.00,0.1113,1.8,0.67,0.64,43.69,0.28,-13.82,1.40,-10.00
12,1,-1.00,-1.00,-1.00,-1.00,0.5490,1.7,0.58,0.61,22.18,1.02,6.41,0.04,-10.00
12,1,-1.00,-1.00,-1.00,-1.00,0.4496,1.8,0.64,0.56,19.48,1.00,5.96,0.14,-10.00
12,1,-1.00,-1.00,-1.00,-1.00,0.3940,1.7,0.55,0.62,14.12,1.39,-6.68,-1.61,-10.00
12,1,-1.00,-1.00,-1.00,-1.00,0.3916,1.8,0.78,0.92,14.96,1.15,-11.45,1.79,-10.00
12,1,-1.00,-1.00,-1.00,-1.00,0.3898,1.7,0.61,0.68,13.38,1.33,-6.47,-1.56,-10.00
12,1,-1.00,-1.00,-1.00,-1.00,0.3672,1.8,0.61,0.69,4.33,1.31,-28.29,-1.18,-10.00
12,1,-1.00,-1.00,-1.00,-1.00,0.3640,1.9,0.72,0.61,28.01,0.61,13.99,-0.45,-10.00
12,1,-1.00,-1.00,-1.00,-1.00,0.3536,1.8,0.69,0.79,5.07,1.19,-29.00,-1.15,-10.00
12,1,-1.00,-1.00,-1.00,-1.00,0.3290,1.8,0.69,0.69,21.81,0.90,8.11,1.51,-10.00
12,1,1376.46,442.85,1415.58,517.59,0.2915,1.8,0.63,0.68,13.85,1.15,30.49,1.66,-10.00
12,1,-1.00,-1.00,-1.00,-1.00,0.2558,1.8,0.67,0.67,29.99,0.66,45.23,-0.99,-10.00
12,1,-1.00,-1.00,-1.00,-1.00,0.2266,1.7,0.77,0.68,23.60,-0.02,24.42,-3.02,-10.00
12,1,-1.00,-1.00,-1.00,-1.00,0.2158,1.7,0.67,0.64,23.92,0.20,18.75,3.10,-10.00
12,1,-1.00,-1.00,-1.00,-1.00,0.1976,1.9,0.77,0.75,47.89,0.66,-22.63,0.28,-10.00
12,1,-1.00,-1.00,-1.00,-1.00,0.1947,1.6,0.54,0.53,24.38,0.40,19.62,-2.59,-10.00
12,1,-1.00,-1.00,-1.00,-1.00,0.1813,1.8,0.65,0.70,4.73,1.20,-28.69,-1.13,-10.00
12,1,-1.00,-1.00,-1.00,-1.00,0.1730,1.8,0.71,0.70,25.38,0.39,27.50,1.55,-10.00
12,1,-1.00,-1.00,-1.00,-1.00,0.1701,1.6,0.62,0.60,23.30,0.40,19.59,-0.07,-10.00
12,1,-1.00,-1.00,-1.00,-1.00,0.1348,1.6,0.54,0.57,23.51,0.23,19.21,-0.14,-10.00
12,1,-1.00,-1.00,-1.00,-1.00,0.1348,1.6,0.67,0.68,34.16,0.58,5.12,0.27,-10.00
12,1,-1.00,-1.00,-1.00,-1.00,0.1320,1.8,0.69,0.80,5.53,1.13,-29.03,-1.15,-10.00
12,1,350.83,452.53,372.88,502.09,0.1259,1.8,0.55,0.62,-16.94,1.16,45.68,-1.57,-10.00
12,1,-1.00,-1.00,-1.00,-1.00,0.1139,1.9,0.80,0.78,38.74,0.56,4.22,-2.98,-10.00
12,1,-1.00,-1.00,-1.00,-1.00,0.1075,1.8,0.61,0.66,13.74,1.30,-6.67,-1.59,-10.00
12,1,-1.00,-1.00,-1.00,-1.00,0.1064,1.9,0.74,0.70,41.44,0.74,2.58,1.63,-10.00
12,1,-1.00,-1.00,-1.00,-1.00,0.1034,1.7,0.57,0.56,28.67,0.49,14.83,0.91,-10.00
13,1,-1.00,-1.00,-1.00,-1.00,0.6179,1.8,0.63,0.72,13.25,1.28,-9.64,-1.51,-10.00
13,1,-1.00,-1.00,-1.00,-1.00,0.4561,1.8,0.62,0.54,19.55,1.10,2.01,0.14,-10.00
13,1,-1.00,-1.00,-1.00,-1.00,0.4506,1.8,0.63,0.62,22.68,1.09,2.37,0.17,-10.00
13,1,-1.00,-1.00,-1.00,-1.00,0.3772,1.8,0.77,0.89,14.35,1.15,-15.85,2.09,-10.00
13,1,-1.00,-1.00,-1.00,-1.00,0.3726,1.9,0.71,0.61,21.94,0.97,4.09,1.47,-10.00
13,1,-1.00,-1.00,-1.00,-1.00,0.3355,1.8,0.60,0.69,14.03,1.28,-9.82,-1.52,-10.00
13,1,-1.00,-1.00,-1.00,-1.00,0.2721,1.8,0.67,0.63,24.30,0.51,14.76,3.03,-10.00
13,1,-1.00,-1.00,-1.00,-1.00,0.2617,1.5,0.61,0.59,23.64,0.56,15.66,0.06,-10.00
13,1,1332.53,445.36,1361.38,495.91,0.2477,1.9,0.75,0.71,19.94,0.98,48.01,0.84,-10.00
13,1,1497.77,435.63,1552.46,522.48,0.2451,1.8,0.64,0.69,14.61,1.09,26.22,1.31,-10.00
13,1,1351.15,441.32,1376.87,492.56,0.2249,1.9,0.81,0.76,20.68,0.85,48.21,0.52,-10.00
13,1,-1.00,-1.00,-1.00,-1.00,0.2172,1.8,0.66,0.61,28.43,0.62,9.65,0.53,-10.00
13,1,-1.00,-1.00,-1.00,-1.00,0.2080,1.8,0.75,0.67,25.97,0.85,22.68,1.60,-10.00
13,1,-1.00,-1.00,-1.00,-1.00,0.2014,1.5,0.78,0.81,24.10,0.39,20.43,-2.99,-10.00
13,1,-1.00,-1.00,-1.00,-1.00,0.1937,1.7,0.65,0.65,26.77,0.95,21.56,1.51,-10.00
13,1,-1.00,-1.00,-1.00,-1.00,0.1639,1.6,0.54,0.52,24.78,0.52,15.62,3.08,-10.00
13,1,-1.00,-1.00,-1.00,-1.00,0.1332,1.9,0.70,0.85,4.68,0.87,-31.89,-1.14,-10.00
13,1,-1.00,-1.00,-1.00,-1.00,0.1312,1.9,0.74,0.68,47.59,0.57,-27.87,1.40,-10.00
13,1,-1.00,-1.00,-1.00,-1.00,0.1303,1.6,0.68,0.67,34.11,0.55,1.06,0.07,-10.00
13,1,-1.00,-1.00,-1.00,-1.00,0.1196,1.9,0.68,0.88,4.25,0.95,-31.45,-1.10,-10.00
13,1,-1.00,-1.00,-1.00,-1.00,0.1100,1.8,0.69,0.70,30.23,1.17,36.72,0.09,-10.00
13,1,271.54,437.32,298.31,491.22,0.1010,1.8,0.63,0.70,-18.22,0.70,42.16,-0.22,-10.00
14,1,-1.00,-1.00,-1.00,-1.00,0.6159,1.8,0.65,0.75,13.18,1.18,-12.75,-1.53,-10.00
14,1,-1.00,-1.00,-1.00,-1.00,0.4263,1.8,0.70,0.67,21.85,0.97,0.35,-3.14,-10.00
14,1,-1.00,-1.00,-1.00,-1.00,0.3885,1.8,0.64,0.55,19.53,1.13,-1.70,0.24,-10.00
14,1,-1.00,-1.00,-1.00,-1.00,0.3191,1.9,0.82,1.01,13.90,1.14,-20.33,1.85,-10.00
14,1,-1.00,-1.00,-1.00,-1.00,0.3177,1.8,0.65,0.61,24.32,0.31,10.92,3.01,-10.00
14,1,-1.00,-1.00,-1.00,-1.00,0.3073,1.8,0.61,0.57,22.92,0.90,-1.31,0.23,-10.00
14,1,-1.00,-1.00,-1.00,-1.00,0.2989,1.8,0.60,0.74,4.61,1.07,-34.61,-1.09,-10.00
14,1,-1.00,-1.00,-1.00,-1.00,0.2946,1.8,0.68,0.78,13.99,1.20,-12.87,-1.53,-10.00
14,1,1412.18,436.03,1449.04,492.35,0.2883,1.9,0.78,0.86,21.07,0.76,43.71,0.87,-10.00
14,1,-1.00,-1.00,-1.00,-1.00,0.2849,1.8,0.59,0.60,14.90,1.15,22.40,1.69,-10.00
14,1,-1.00,-1.00,-1.00,-1.00,0.2520,1.8,0.65,0.75,4.20,1.17,-34.23,-1.11,-10.00
14,1,1418.14,434.37,1458.27,492.04,0.2499,2.0,0.90,0.96,21.50,0.75,44.05,0.80,-10.00
14,1,-1.00,-1.00,-1.00,-1.00,0.2499,1.8,0.69,0.65,15.69,-3.81,-50.48,-2.94,-10.00
14,1,-1.00,-1.00,-1.00,-1.00,0.2310,1.6,0.55,0.53,23.89,0.26,11.69,0.02,-10.00
14,1,1317.33,437.19,1342.92,490.34,0.2177,1.9,0.68,0.65,18.21,0.72,45.33,-1.41,-10.00
14,1,-1.00,-1.00,-1.00,-1.00,0.2159,1.8,0.59,0.62,-11.55,1.70,13.15,-1.49,-10.00
14,1,-1.00,-1.00,-1.00,-1.00,0.2110,1.8,0.80,0.83,24.52,0.32,22.47,3.13,-10.00
14,1,-1.00,-1.00,-1.00,-1.00,0.2091,1.8,0.61,0.61,28.60,0.32,5.84,-1.56,-10.00
14,1,-1.00,-1.00,-1.00,-1.00,0.1698,1.8,0.63,0.75,3.90,1.18,-33.92,1.88,-10.00
14,1,-1.00,-1.00,-1.00,-1.00,0.1667,1.8,0.73,0.73,24.40,0.41,16.53,-3.14,-10.00
14,1,-1.00,-1.00,-1.00,-1.00,0.1611,1.7,0.51,0.48,24.82,0.26,11.72,-2.95,-10.00
14,1,-1.00,-1.00,-1.00,-1.00,0.1488,1.8,0.61,0.62,26.86,0.68,17.86,-1.58,-10.00
14,1,-1.00,-1.00,-1.00,-1.00,0.1470,1.8,0.60,0.57,29.17,0.27,6.01,-1.57,-10.00
14,1,-1.00,-1.00,-1.00,-1.00,0.1258,1.5,0.60,0.62,21.40,1.18,28.09,3.04,-10.00
14,1,-1.00,-1.00,-1.00,-1.00,0.1180,1.7,0.66,0.63,26.02,0.72,18.39,1.53,-10.00
14,1,-1.00,-1.00,-1.00,-1.00,0.1040,1.8,0.64,0.60,28.59,0.15,6.70,1.59,-10.00
14,1,-1.00,-1.00,-1.00,-1.00,0.1040,1.5,0.56,0.53,23.62,0.35,11.94,-0.05,-10.00
15,1,-1.00,-1.00,-1.00,-1.00,0.5955,1.8,0.66,0.75,13.24,1.04,-15.98,-1.42,-10.00
15,1,-1.00,-1.00,-1.00,-1.00,0.5612,1.9,0.68,0.58,19.41,1.05,-5.64,0.32,-10.00
15,1,1508.59,440.09,1546.50,500.43,0.3617,1.9,0.73,0.81,22.21,0.95,39.69,0.79,-10.00
15,1,-1.00,-1.00,-1.00,-1.00,0.3489,1.9,0.74,0.71,21.80,0.80,-3.71,1.71,-10.00
15,1,-1.00,-1.00,-1.00,-1.00,0.3449,1.9,0.79,0.90,13.24,0.99,-25.05,1.76,-10.00
15,1,1501.96,439.02,1539.57,499.68,0.3193,1.8,0.73,0.80,21.74,0.91,39.24,0.77,-10.00
15,1,1354.10,448.76,1385.24,505.72,0.3172,1.9,0.72,0.70,18.19,1.18,41.98,-1.48,-10.00
15,1,-1.00,-1.00,-1.00,-1.00,0.3049,1.8,0.64,0.64,15.07,1.15,18.02,1.37,-10.00
15,1,-1.00,-1.00,-1.00,-1.00,0.3035,1.7,0.61,0.71,13.96,1.03,-16.23,-1.40,-10.00
15,1,307.80,463.62,340.68,524.63,0.2848,1.8,0.66,0.68,-14.96,1.62,37.31,-1.51,-10.00
15,1,-1.00,-1.00,-1.00,-1.00,0.2828,1.8,0.62,0.58,23.22,0.87,-5.31,0.02,-10.00
15,1,-1.00,-1.00,-1.00,-1.00,0.2727,1.8,0.80,0.83,24.37,0.21,12.78,0.03,-10.00
15,1,-1.00,-1.00,-1.00,-1.00,0.2526,1.5,0.69,0.64,24.27,0.40,6.89,-3.06,-10.00
15,1,-1.00,-1.00,-1.00,-1.00,0.2429,1.7,0.56,0.62,11.67,1.60,17.67,1.59,-10.00
15,1,-1.00,-1.00,-1.00,-1.00,0.2344,1.7,0.62,0.60,-11.61,1.66,9.41,1.67,-10.00
15,1,-1.00,-1.00,-1.00,-1.00,0.2324,1.8,0.63,0.59,-11.41,1.76,8.46,-3.11,-10.00
15,1,-1.00,-1.00,-1.00,-1.00,0.2087,1.9,0.65,0.68,4.95,0.78,-37.88,-1.01,-10.00
15,1,329.68,466.94,355.95,521.65,0.1870,1.8,0.57,0.63,-15.78,1.68,40.88,1.64,-10.00
15,1,302.79,460.32,329.63,516.50,0.1651,1.8,0.59,0.63,-16.62,1.51,40.80,1.59,-10.00
15,1,262.42,458.66,289.82,516.25,0.1604,1.8,0.59,0.63,-17.45,1.46,39.71,1.50,-10.00
15,1,-1.00,-1.00,-1.00,-1.00,0.1575,1.5,0.57,0.55,13.53,1.49,16.12,-1.45,-10.00
15,1,-1.00,-1.00,-1.00,-1.00,0.1574,1.8,0.70,0.82,4.22,0.88,-37.44,2.00,-10.00
15,1,-1.00,-1.00,-1.00,-1.00,0.1574,1.8,0.63,0.69,31.01,0.52,39.24,-0.20,-10.00
15,1,282.12,462.09,314.35,520.34,0.1222,1.8,0.62,0.76,-16.52,1.57,39.18,1.66,-10.00
15,1,-1.00,-1.00,-1.00,-1.00,0.1128,1.5,0.61,0.63,23.83,0.58,7.87,-0.11,-10.00
15,1,-1.00,-1.00,-1.00,-1.00,0.1088,1.7,0.63,0.67,27.09,0.93,-37.30,0.05,-10.00
15,1,-1.00,-1.00,-1.00,-1.00,0.1052,1.8,0.66,0.64,28.62,0.49,1.62,-1.52,-10.00
15,1,-1.00,-1.00,-1.00,-1.00,0.1033,1.8,0.61,0.58,29.02,0.31,1.94,-1.52,-10.00
15,1,-1.00,-1.00,-1.00,-1.00,0.1031,1.6,0.62,0.66,33.81,0.22,-6.93,0.08,-10.00
15,1,-1.00,-1.00,-1.00,-1.00,0.1029,1.8,0.69,0.85,3.81,0.94,-37.81,2.09,-10.00
15,1,-1.00,-1.00,-1.00,-1.00,0.1007,1.3,0.52,0.51,13.63,1.42,15.24,-1.47,-10.00
16,1,-1.00,-1.00,-1.00,-1.00,0.5321,1.8,0.64,0.72,13.96,1.25,-18.76,-1.51,-10.00
16,1,-1.00,-1.00,-1.00,-1.00,0.4819,1.8,0.67,0.77,13.25,1.26,-18.65,-1.51,-10.00
16,1,-1.00,-1.00,-1.00,-1.00,0.4152,1.8,0.64,0.61,19.38,0.99,-8.71,0.45,-10.00
16,1,-1.00,-1.00,-1.00,-1.00,0.4116,1.8,0.64,0.63,21.76,0.78,-6.91,-1.48,-10.00
16,1,-1.00,-1.00,-1.00,-1.00,0.4003,1.8,0.65,0.62,23.22,0.99,-8.40,3.01,-10.00
16,1,1593.90,427.70,1600.00,494.08,0.3952,1.9,0.75,0.81,22.94,0.68,36.45,0.29,-10.00
16,1,-1.00,-1.00,-1.00,-1.00,0.3762,1.8,0.68,0.68,33.68,0.51,31.56,-0.21,-10.00
16,1,-1.00,-1.00,-1.00,-1.00,0.3653,1.9,0.79,0.89,13.01,1.22,-28.73,1.84,-10.00
16,1,-1.00,-1.00,-1.00,-1.00,0.3546,1.8,0.75,0.74,24.22,0.54,3.63,-3.12,-10.00
16,1,-1.00,-1.00,-1.00,-1.00,0.3364,1.6,0.60,0.60,-11.38,1.54,5.52,3.05,-10.00
16,1,-1.00,-1.00,-1.00,-1.00,0.3235,1.7,0.59,0.60,15.22,1.05,14.55,1.21,-10.00
16,1,-1.00,-1.00,-1.00,-1.00,0.3168,1.8,0.63,0.65,36.12,0.54,31.14,2.76,-10.00
16,1,1585.62,436.62,1600.00,502.58,0.3076,1.8,0.70,0.74,22.11,0.91,35.71,0.57,-10.00
16,1,271.06,454.60,305.93,521.57,0.2543,1.8,0.64,0.68,-14.94,1.42,34.79,-1.56,-10.00
16,1,0.00,450.07,1.98,586.27,0.2473,1.8,0.70,0.79,-11.96,1.58,17.21,-1.58,-10.00
16,1,259.37,452.87,286.92,513.72,0.2436,1.8,0.55,0.56,-16.64,1.31,37.67,1.58,-10.00
16,1,231.11,450.25,263.13,514.30,0.1804,1.8,0.59,0.66,-16.50,1.25,35.69,1.54,-10.00
16,1,-1.00,-1.00,-1.00,-1.00,0.1549,1.6,0.56,0.57,-11.66,1.37,6.29,-0.05,-10.00
16,1,-1.00,-1.00,-1.00,-1.00,0.1449,1.9,0.73,0.72,-14.64,1.67,3.15,-3.05,-10.00
16,1,218.01,454.17,246.16,516.84,0.1415,1.8,0.54,0.54,-17.35,1.36,36.58,1.54,-10.00
16,1,289.55,454.10,317.93,514.27,0.1396,1.8,0.57,0.62,-15.74,1.32,37.73,1.59,-10.00
16,1,-1.00,-1.00,-1.00,-1.00,0.1290,1.8,0.54,0.56,11.62,1.55,12.90,1.58,-10.00
16,1,232.46,447.58,261.57,509.50,0.1229,1.8,0.57,0.57,-17.43,1.18,37.67,1.61,-10.00
16,1,-1.00,-1.00,-1.00,-1.00,0.1135,1.7,0.69,0.63,23.85,0.71,4.39,-3.11,-10.00
16,1,-1.00,-1.00,-1.00,-1.00,0.1038,1.5,0.68,0.68,21.50,0.61,-1.18,-3.07,-10.00
16,1,1590.94,430.33,1600.00,497.50,0.1028,1.9,0.76,0.81,22.61,0.77,36.08,0.35,-10.00
16,1,233.50,450.76,264.24,515.71,0.1014,1.8,0.57,0.62,-16.31,1.28,35.37,1.53,-10.00
16,1,-1.00,-1.00,-1.00,-1.00,0.1006,1.9,0.72,0.77,11.74,0.78,-40.27,-3.04,-10.00
17,1,-1.00,-1.00,-1.00,-1.00,0.5133,1.8,0.65,0.81,14.02,1.05,-21.53,-1.52,-10.00
17,1,-1.00,-1.00,-1.00,-1.00,0.4254,1.8,0.76,0.83,12.60,0.87,-32.76,1.90,-10.00
17,1,-1.00,-1.00,-1.00,-1.00,0.4201,1.8,0.71,0.64,19.36,0.85,-11.96,0.47,-10.00
17,1,196.35,461.61,236.08,532.23,0.4037,1.9,0.72,0.69,-16.58,1.69,34.05,1.54,-10.00
17,1,166.95,460.36,201.63,532.61,0.3876,1.8,0.56,0.59,-16.24,1.58,31.69,1.52,-10.00
17,1,-1.00,-1.00,-1.00,-1.00,0.3750,1.9,0.76,0.68,21.72,0.52,-10.28,2.94,-10.00
17,1,219.17,461.23,260.43,534.24,0.3611,1.8,0.67,0.73,-14.97,1.63,31.98,-1.54,-10.00
17,1,-1.00,-1.00,-1.00,-1.00,0.3534,1.8,0.60,0.59,23.30,0.70,-11.52,3.03,-10.00
17,1,-1.00,-1.00,-1.00,-1.00,0.3532,1.8,0.69,0.70,34.07,0.51,28.74,-0.61,-10.00
17,1,-1.00,-1.00,-1.00,-1.00,0.3037,1.8,0.69,0.75,22.49,0.90,32.08,0.58,-10.00
17,1,-1.00,-1.00,-1.00,-1.00,0.3031,1.8,0.67,0.76,13.27,0.98,-21.43,-1.51,-10.00
17,1,-1.00,-1.00,-1.00,-1.00,0.2879,1.9,0.73,0.74,31.02,0.26,32.79,-0.40,-10.00
17,1,-1.00,-1.00,-1.00,-1.00,0.2740,1.9,0.69,0.77,23.26,0.76,32.82,0.43,-10.00
17,1,-1.00,-1.00,-1.00,-1.00,0.2620,1.8,0.72,0.80,22.97,0.87,32.43,0.59,-10.00
17,1,-1.00,-1.00,-1.00,-1.00,0.2452,1.7,0.58,0.62,15.05,1.18,10.98,1.64,-10.00
17,1,-1.00,-1.00,-1.00,-1.00,0.2427,1.8,0.73,0.80,28.56,0.10,-4.85,1.53,-10.00
17,1,151.93,467.66,185.89,537.70,0.1882,1.8,0.55,0.57,-17.09,1.76,32.56,1.55,-10.00
17,1,-1.00,-1.00,-1.00,-1.00,0.1826,1.4,0.64,0.71,22.23,0.39,-5.51,-2.88,-10.00
17,1,-1.00,-1.00,-1.00,-1.00,0.1814,1.7,0.71,0.62,24.13,0.41,0.50,3.06,-10.00
17,1,-1.00,-1.00,-1.00,-1.00,0.1652,1.8,0.78,0.81,21.36,0.78,-4.46,3.04,-10.00
17,1,353.59,476.06,385.17,534.67,0.1620,1.8,0.70,0.75,-14.47,2.04,39.67,-1.57,-10.00
17,1,-1.00,-1.00,-1.00,-1.00,0.1554,1.7,0.72,0.64,13.01,1.12,-6.68,1.59,-10.00
17,1,-1.00,-1.00,-1.00,-1.00,0.1432,1.4,0.62,0.59,23.72,0.38,1.53,0.08,-10.00
17,1,-1.00,-1.00,-1.00,-1.00,0.1429,1.9,0.65,0.84,5.83,0.85,-43.07,-1.23,-10.00
17,1,-1.00,-1.00,-1.00,-1.00,0.1186,1.9,0.71,0.78,37.30,0.41,-50.99,1.55,-10.00
17,1,-1.00,-1.00,-1.00,-1.00,0.1179,1.8,0.57,0.58,11.85,1.40,8.83,1.57,-10.00
17,1,-1.00,-1.00,-1.00,-1.00,0.1124,1.8,0.60,0.63,12.13,0.73,-44.71,2.93,-10.00
17,1,-1.00,-1.00,-1.00,-1.00,0.1085,1.7,0.51,0.56,-19.64,0.26,12.15,-1.57,-10.00
17,1,165.35,463.18,200.56,532.44,0.1020,1.8,0.55,0.65,-16.67,1.61,32.45,1.55,-10.00
17,1,-1.00,-1.00,-1.00,-1.00,0.1002,1.9,0.68,0.61,29.30,0.53,33.26,0.39,-10.00
18,1,71.82,469.01,120.30,551.04,0.4050,1.8,0.64,0.70,-16.29,1.80,27.95,1.54,-10.00
18,1,-1.00,-1.00,-1.00,-1.00,0.3794,1.8,0.72,0.80,12.21,0.84,-36.68,1.92,-10.00
18,1,-1.00,-1.00,-1.00,-1.00,0.3606,1.8,0.62,0.72,13.41,0.95,-23.96,-1.53,-10.00
18,1,-1.00,-1.00,-1.00,-1.00,0.3285,1.8,0.72,0.72,22.95,0.58,28.49,0.59,-10.00
18,1,117.64,462.47,159.26,539.09,0.3191,1.8,0.63,0.65,-16.68,1.67,30.39,1.53,-10.00
18,1,-1.00,-1.00,-1.00,-1.00,0.3157,1.8,0.63,0.64,19.35,0.58,-15.12,0.70,-10.00
18,1,319.45,474.91,351.44,537.45,0.3113,1.8,0.66,0.72,-14.54,1.99,37.10,-1.61,-10.00
18,1,-1.00,-1.00,-1.00,-1.00,0.3089,1.8,0.71,0.66,34.48,0.56,25.88,-0.29,-10.00
18,1,-1.00,-1.00,-1.00,-1.00,0.2982,1.9,0.71,0.71,23.73,0.42,29.31,0.40,-10.00
18,1,364.44,466.39,392.82,518.46,0.2831,1.9,0.77,0.77,-16.58,1.78,46.37,1.54,-10.00
18,1,-1.00,-1.00,-1.00,-1.00,0.2822,1.8,0.58,0.60,-11.67,1.60,-0.40,-1.53,-10.00
18,1,-1.00,-1.00,-1.00,-1.00,0.2720,1.7,0.60,0.67,15.01,1.06,7.37,1.59,-10.00
18,1,-1.00,-1.00,-1.00,-1.00,0.2593,1.8,0.61,0.69,14.07,0.92,-24.04,-1.54,-10.00
18,1,-1.00,-1.00,-1.00,-1.00,0.2537,1.7,0.54,0.56,-12.19,1.78,-0.76,-1.47,-10.00
18,1,-1.00,-1.00,-1.00,-1.00,0.2514,1.8,0.61,0.60,34.90,0.33,24.80,3.00,-10.00
18,1,66.22,468.32,109.64,547.34,0.2357,1.8,0.58,0.64,-16.99,1.77,28.83,1.55,-10.00
18,1,-1.00,-1.00,-1.00,-1.00,0.2266,1.8,0.72,0.75,31.25,0.08,29.53,-0.30,-10.00
18,1,-1.00,-1.00,-1.00,-1.00,0.2035,1.8,0.71,0.61,24.10,0.18,-2.49,-3.13,-10.00
18,1,159.95,470.19,211.15,550.93,0.2018,1.9,0.74,0.87,-15.10,1.90,29.53,-1.60,-10.00
18,1,-1.00,-1.00,-1.00,-1.00,0.1926,1.3,0.65,0.64,23.48,0.23,-1.62,3.05,-10.00
18,1,295.43,465.89,325.84,529.56,0.1860,1.8,0.58,0.65,-14.69,1.69,35.68,-1.59,-10.00
18,1,-1.00,-1.00,-1.00,-1.00,0.1710,1.8,0.68,0.76,31.67,0.27,29.21,-0.30,-10.00
18,1,-1.00,-1.00,-1.00,-1.00,0.1696,1.8,0.71,0.71,24.34,0.37,15.50,0.31,-10.00
18,1,113.47,460.86,152.29,536.31,0.1678,1.8,0.59,0.58,-17.04,1.62,30.77,1.59,-10.00
18,1,148.86,463.46,187.99,538.77,0.1598,1.8,0.58,0.67,-15.99,1.67,30.45,1.54,-10.00
18,1,520.31,475.50,542.96,522.02,0.1505,1.8,0.69,0.73,-11.69,2.06,49.68,-1.52,-10.00
18,1,1273.14,436.61,1299.65,489.29,0.1500,1.8,0.64,0.65,16.33,0.67,44.50,1.55,-10.00
18,1,1473.99,438.86,1514.08,507.62,0.1325,1.8,0.67,0.69,18.10,1.01,33.99,-1.52,-10.00
18,1,125.07,464.53,167.52,540.59,0.1316,1.8,0.60,0.71,-16.35,1.69,30.13,1.57,-10.00
18,1,-1.00,-1.00,-1.00,-1.00,0.1306,1.8,0.67,0.63,23.26,0.58,-14.75,1.20,-10.00
18,1,-1.00,-1.00,-1.00,-1.00,0.1293,1.5,0.73,0.80,21.27,0.26,-7.63,-2.80,-10.00
18,1,86.15,471.39,127.42,549.41,0.1209,1.8,0.57,0.62,-16.74,1.84,29.15,1.54,-10.00
18,1,-1.00,-1.00,-1.00,-1.00,0.1193,1.8,0.64,0.62,12.07,0.44,-46.33,-2.15,-10.00
18,1,-1.00,-1.00,-1.00,-1.00,0.1175,1.8,0.65,0.64,17.40,0.58,-46.30,-1.48,-10.00
18,1,-1.00,-1.00,-1.00,-1.00,0.1084,1.4,0.86,0.91,22.15,0.20,-8.64,3.14,-10.00
18,1,-1.00,-1.00,-1.00,-1.00,0.1075,1.7,0.56,0.64,11.79,0.27,-48.40,-1.96,-10.00
18,1,99.71,468.61,137.04,543.53,0.1071,1.8,0.52,0.60,-16.99,1.76,30.07,1.57,-10.00
18,1,-1.00,-1.00,-1.00,-1.00,0.1055,1.7,0.70,0.66,19.64,0.76,-45.58,1.69,-10.00
18,1,-1.00,-1.00,-1.00,-1.00,0.1027,1.8,0.65,0.68,-13.81,1.66,-0.87,-1.53,-10.00
19,1,22.09,473.87,70.24,559.49,0.4559,1.8,0.59,0.62,-16.70,1.91,26.82,1.60,-10.00
19,1,-1.00,-1.00,-1.00,-1.00,0.4466,1.7,0.58,0.57,-11.75,1.73,-3.37,1.65,-10.00
19,1,-1.00,-1.00,-1.00,-1.00,0.4094,1.8,0.66,0.61,21.61,0.27,-16.40,3.07,-10.00
19,1,-1.00,-1.00,-1.00,-1.00,0.3771,1.8,0.66,0.59,-11.34,1.74,-4.39,3.00,-10.00
19,1,-1.00,-1.00,-1.00,-1.00,0.3630,1.8,0.67,0.66,34.34,0.56,21.93,-3.04,-10.00
19,1,-1.00,-1.00,-1.00,-1.00,0.3626,1.9,0.72,0.75,31.72,0.21,26.37,0.04,-10.00
19,1,276.84,488.87,315.12,556.65,0.3553,1.8,0.72,0.72,-14.57,2.37,34.41,-1.58,-10.00
19,1,-1.00,-1.00,-1.00,-1.00,0.3481,1.8,0.68,0.67,23.58,0.92,25.23,0.25,-10.00
19,1,-1.00,-1.00,-1.00,-1.00,0.3453,1.7,0.62,0.72,14.05,0.70,-26.75,-1.51,-10.00
19,1,0.00,472.46,6.48,562.30,0.3440,1.8,0.57,0.65,-17.04,1.85,25.22,1.60,-10.00
19,1,-1.00,-1.00,-1.00,-1.00,0.3363,1.8,0.65,0.75,13.42,0.74,-26.45,-1.53,-10.00
19,1,0.00,476.10,16.88,567.87,0.3340,1.8,0.56,0.63,-16.23,1.89,24.33,1.57,-10.00
19,1,-1.00,-1.00,-1.00,-1.00,0.3310,1.9,0.75,0.82,12.12,0.72,-40.38,1.62,-10.00
19,1,-1.00,-1.00,-1.00,-1.00,0.3226,1.7,0.59,0.59,34.98,0.58,23.04,-0.29,-10.00
19,1,-1.00,-1.00,-1.00,-1.00,0.3035,1.8,0.60,0.61,22.76,0.52,-17.92,3.03,-10.00
19,1,324.42,472.35,354.54,527.39,0.2944,1.8,0.70,0.73,-16.61,1.95,42.72,1.62,-10.00
19,1,-1.00,-1.00,-1.00,-1.00,0.2927,1.5,0.63,0.62,23.44,0.12,-4.74,0.03,-10.00
19,1,56.45,478.36,101.65,560.65,0.2716,1.7,0.55,0.62,-16.02,1.93,26.86,1.58,-10.00
19,1,-1.00,-1.00,-1.00,-1.00,0.2601,1.6,0.63,0.56,24.05,0.02,-5.58,-3.08,-10.00
19,1,220.39,479.27,266.65,553.95,0.1896,1.8,0.73,0.85,-14.69,2.11,31.58,-1.55,-10.00
19,1,-1.00,-1.00,-1.00,-1.00,0.1783,1.8,0.66,0.67,24.39,0.86,26.00,0.40,-10.00
19,1,-1.00,-1.00,-1.00,-1.00,0.1729,1.7,0.76,0.72,24.39,0.29,12.33,-0.10,-10.00
19,1,241.29,487.61,278.78,557.47,0.1708,1.8,0.66,0.72,-15.02,2.31,33.22,-1.62,-10.00
19,1,-1.00,-1.00,-1.00,-1.00,0.1548,1.8,0.60,0.63,15.01,0.96,4.46,-1.57,-10.00
19,1,-1.00,-1.00,-1.00,-1.00,0.1343,1.8,0.64,0.70,6.91,0.61,-48.28,-2.98,-10.00
19,1,-1.00,-1.00,-1.00,-1.00,0.1340,1.8,0.73,0.78,24.99,1.39,31.16,0.00,-10.00
19,1,247.00,503.00,285.60,575.69,0.1215,1.8,0.64,0.76,-14.28,2.68,31.94,-1.62,-10.00
19,1,-1.00,-1.00,-1.00,-1.00,0.1127,1.8,0.60,0.60,12.84,0.91,19.38,-1.80,-10.00
19,1,-1.00,-1.00,-1.00,-1.00,0.1083,1.7,0.71,0.68,24.29,0.19,6.03,-3.01,-10.00
19,1,-1.00,-1.00,-1.00,-1.00,0.1005,1.8,0.68,0.74,15.06,0.95,5.24,-1.57,-10.00
20,1,-1.00,-1.00,-1.00,-1.00,0.4867,1.7,0.57,0.69,-16.04,1.94,20.48,1.57,-10.00
20,1,273.10,469.31,306.59,529.56,0.4715,1.8,0.67,0.73,-16.62,1.84,38.82,1.65,-10.00
20,1,-1.00,-1.00,-1.00,-1.00,0.4501,1.8,0.63,0.64,19.12,0.63,-21.59,0.16,-10.00
20,1,-1.00,-1.00,-1.00,-1.00,0.4264,1.8,0.69,0.77,11.71,0.65,-44.69,1.60,-10.00
20,1,-1.00,-1.00,-1.00,-1.00,0.3892,1.8,0.66,0.71,13.45,0.64,-29.24,-1.52,-10.00
20,1,-1.00,-1.00,-1.00,-1.00,0.3634,1.8,0.65,0.70,14.02,0.68,-29.52,-1.48,-10.00
20,1,-1.00,-1.00,-1.00,-1.00,0.3530,1.8,0.67,0.68,22.31,0.67,-21.21,-2.68,-10.00
20,1,-1.00,-1.00,-1.00,-1.00,0.3529,1.8,0.59,0.61,-16.72,1.79,23.13,1.59,-10.00
20,1,1392.85,449.61,1427.79,513.60,0.3477,1.8,0.65,0.68,17.00,1.26,36.50,1.60,-10.00
20,1,-1.00,-1.00,-1.00,-1.00,0.3468,1.8,0.67,0.66,24.13,0.85,21.58,0.13,-10.00
20,1,-1.00,-1.00,-1.00,-1.00,0.3219,1.8,0.58,0.63,31.97,0.51,22.84,1.86,-10.00
20,1,-1.00,-1.00,-1.00,-1.00,0.3072,1.8,0.73,0.72,33.89,0.46,18.76,-2.84,-10.00
20,1,-1.00,-1.00,-1.00,-1.00,0.2914,1.7,0.61,0.59,-11.43,1.57,-7.61,-2.53,-10.00
20,1,-1.00,-1.00,-1.00,-1.00,0.2889,1.7,0.61,0.63,-11.78,1.67,-6.57,-1.46,-10.00
20,1,-1.00,-1.00,-1.00,-1.00,0.2885,1.8,0.71,0.76,23.78,0.44,-9.15,3.08,-10.00
20,1,198.80,485.36,239.71,560.00,0.2857,1.8,0.62,0.70,-14.74,2.18,30.43,-1.56,-10.00
20,1,167.85,482.11,212.10,561.41,0.2594,1.8,0.64,0.70,-14.67,2.10,28.88,-1.59,-10.00
20,1,-1.00,-1.00,-1.00,-1.00,0.2568,1.8,0.67,0.61,21.57,0.58,-19.94,3.12,-10.00
20,1,-1.00,-1.00,-1.00,-1.00,0.2490,1.8,0.69,0.64,24.09,0.27,-3.27,0.30,-10.00
20,1,-1.00,-1.00,-1.00,-1.00,0.2314,1.8,0.57,0.67,-17.04,1.73,21.31,1.61,-10.00
20,1,-1.00,-1.00,-1.00,-1.00,0.2294,1.8,0.61,0.57,24.83,0.89,22.49,0.37,-10.00
20,1,230.29,489.21,272.73,562.97,0.2263,1.8,0.71,0.72,-14.53,2.34,31.67,-1.56,-10.00
20,1,-1.00,-1.00,-1.00,-1.00,0.2176,1.5,0.63,0.64,24.24,0.19,2.48,-3.05,-10.00
20,1,-1.00,-1.00,-1.00,-1.00,0.2088,1.7,0.61,0.66,23.42,0.48,-8.06,0.15,-10.00
20,1,1365.46,455.33,1398.19,518.28,0.1834,1.8,0.63,0.69,16.22,1.40,36.62,1.66,-10.00
20,1,-1.00,-1.00,-1.00,-1.00,0.1794,1.8,0.60,0.57,-17.12,1.55,24.39,1.56,-10.00
20,1,-1.00,-1.00,-1.00,-1.00,0.1791,1.5,0.68,0.69,21.07,1.07,8.31,-3.02,-10.00
20,1,930.74,463.16,950.92,511.49,0.1628,1.9,0.73,0.80,4.48,1.61,49.12,-1.52,-10.00
20,1,-1.00,-1.00,-1.00,-1.00,0.1621,1.8,0.55,0.55,14.95,1.00,1.00,-3.14,-10.00
20,1,-1.00,-1.00,-1.00,-1.00,0.1570,1.8,0.71,0.69,20.11,0.93,-47.27,-3.02,-10.00
20,1,-1.00,-1.00,-1.00,-1.00,0.1426,1.7,0.55,0.56,12.78,1.06,15.31,-1.64,-10.00
20,1,1425.83,454.71,1475.88,550.82,0.1256,1.7,0.61,0.59,11.19,1.44,22.48,-2.99,-10.00
20,1,-1.00,-1.00,-1.00,-1.00,0.1235,1.9,0.66,0.77,7.25,0.55,-51.13,-1.57,-10.00
20,1,-1.00,-1.00,-1.00,-1.00,0.1233,1.8,0.53,0.53,10.00,1.21,-49.89,2.79,-10.00
20,1,-1.00,-1.00,-1.00,-1.00,0.1228,1.5,0.69,0.72,22.06,0.47,-15.21,3.11,-10.00
20,1,-1.00,-1.00,-1.00,-1.00,0.1224,1.6,0.59,0.63,25.79,0.26,-2.36,1.63,-10.00
20,1,-1.00,-1.00,-1.00,-1.00,0.1221,1.8,0.61,0.65,6.84,0.89,-50.72,1.56,-10.00
20,1,-1.00,-1.00,-1.00,-1.00,0.1190,1.8,0.71,0.74,25.75,1.33,27.95,-0.28,-10.00
20,1,-1.00,-1.00,-1.00,-1.00,0.1163,1.8,0.61,0.65,25.14,0.91,22.76,0.22,-10.00
20,1,-1.00,-1.00,-1.00,-1.00,0.1153,1.7,0.69,0.66,21.23,0.70,-19.68,-2.96,-10.00
20,1,-1.00,-1.00,-1.00,-1.00,0.1150,1.7,0.65,0.62,36.03,0.83,19.81,0.03,-10.00
20,1,-1.00,-1.00,-1.00,-1.00,0.1055,1.3,0.61,0.63,11.82,1.02,-6.97,-1.60,-10.00
20,1,-1.00,-1.00,-1.00,-1.00,0.1039,1.7,0.51,0.52,-12.32,1.62,-7.28,-1.53,-10.00
20,1,-1.00,-1.00,-1.00,-1.00,0.1017,1.7,0.58,0.55,-11.81,1.57,-7.65,-1.57,-10.00
21,1,-1.00,-1.00,-1.00,-1.00,0.5486,1.8,0.60,0.55,-11.84,1.62,-9.58,1.62,-10.00
21,1,-1.00,-1.00,-1.00,-1.00,0.5459,1.8,0.66,0.59,-11.49,1.58,-10.49,-3.01,-10.00
21,1,-1.00,-1.00,-1.00,-1.00,0.4673,1.8,0.62,0.67,24.80,0.94,18.39,0.07,-10.00
21,1,-1.00,-1.00,-1.00,-1.00,0.4491,1.8,0.60,0.67,-16.76,1.83,19.60,1.56,-10.00
21,1,-1.00,-1.00,-1.00,-1.00,0.4156,1.8,0.66,0.71,14.20,0.59,-31.96,-1.46,-10.00
21,1,-1.00,-1.00,-1.00,-1.00,0.4140,1.8,0.67,0.74,25.62,0.97,19.27,0.14,-10.00
21,1,-1.00,-1.00,-1.00,-1.00,0.3393,1.9,0.68,0.58,21.57,0.56,-22.80,1.49,-10.00
21,1,-1.00,-1.00,-1.00,-1.00,0.3343,1.7,0.55,0.54,14.86,0.83,-1.85,-3.14,-10.00
21,1,-1.00,-1.00,-1.00,-1.00,0.3173,1.6,0.71,0.69,24.22,0.18,-0.33,0.04,-10.00
21,1,-1.00,-1.00,-1.00,-1.00,0.3151,1.8,0.63,0.73,-16.09,1.97,16.93,1.56,-10.00
21,1,134.48,490.12,178.03,570.47,0.3099,1.8,0.59,0.64,-14.96,2.23,27.97,-1.56,-10.00
21,1,-1.00,-1.00,-1.00,-1.00,0.3093,1.8,0.61,0.67,13.48,0.63,-31.67,-1.49,-10.00
21,1,-1.00,-1.00,-1.00,-1.00,0.2982,1.8,0.81,0.80,23.75,0.21,-12.00,-3.11,-10.00
21,1,-1.00,-1.00,-1.00,-1.00,0.2968,1.9,0.77,0.82,11.38,0.53,-48.39,1.77,-10.00
21,1,1454.67,447.59,1494.32,517.98,0.2929,1.8,0.64,0.68,17.05,1.25,32.98,1.62,-10.00
21,1,-1.00,-1.00,-1.00,-1.00,0.2899,1.8,0.68,0.67,19.08,0.68,-24.48,0.37,-10.00
21,1,183.33,491.34,223.29,568.80,0.2830,1.8,0.59,0.64,-14.56,2.30,29.27,-1.59,-10.00
21,1,-1.00,-1.00,-1.00,-1.00,0.2732,1.8,0.70,0.64,33.24,0.63,16.02,-2.89,-10.00
21,1,208.69,472.25,245.89,537.31,0.2677,1.8,0.65,0.66,-16.87,1.89,35.28,1.77,-10.00
21,1,-1.00,-1.00,-1.00,-1.00,0.2668,1.8,0.67,0.78,-15.06,1.75,-12.85,1.57,-10.00
21,1,-1.00,-1.00,-1.00,-1.00,0.2664,1.8,0.71,0.70,32.35,0.69,19.85,0.24,-10.00
21,1,-1.00,-1.00,-1.00,-1.00,0.2603,1.7,0.75,0.67,24.29,0.64,6.03,0.26,-10.00
21,1,-1.00,-1.00,-1.00,-1.00,0.2513,1.8,0.64,0.64,21.89,0.79,-24.35,2.91,-10.00
21,1,1418.54,452.57,1460.12,523.17,0.2419,1.8,0.69,0.75,16.23,1.40,33.21,1.61,-10.00
21,1,92.33,483.96,143.90,569.67,0.2305,1.8,0.66,0.74,-14.99,2.10,26.52,-1.63,-10.00
21,1,-1.00,-1.00,-1.00,-1.00,0.2209,1.8,0.58,0.69,-16.84,1.82,17.72,1.53,-10.00
21,1,-1.00,-1.00,-1.00,-1.00,0.2117,1.7,0.66,0.71,25.80,0.27,-4.74,-1.56,-10.00
21,1,934.77,466.80,951.83,516.01,0.2094,1.8,0.60,0.64,4.41,1.73,47.35,-1.51,-10.00
21,1,-1.00,-1.00,-1.00,-1.00,0.1943,1.8,0.64,0.64,26.76,1.07,23.25,0.07,-10.00
21,1,-1.00,-1.00,-1.00,-1.00,0.1647,1.8,0.59,0.62,18.20,1.27,26.55,-1.51,-10.00
21,1,-1.00,-1.00,-1.00,-1.00,0.1632,1.7,0.60,0.60,36.30,0.88,17.12,-0.23,-10.00
21,1,-1.00,-1.00,-1.00,-1.00,0.1589,1.8,0.66,0.73,13.12,1.47,6.91,-1.38,-10.00
21,1,-1.00,-1.00,-1.00,-1.00,0.1524,1.9,0.71,0.65,35.39,0.79,33.44,0.55,-10.00
21,1,-1.00,-1.00,-1.00,-1.00,0.1358,1.8,0.66,0.70,13.43,1.48,7.23,-1.36,-10.00
21,1,-1.00,-1.00,-1.00,-1.00,0.1304,1.8,0.66,0.70,20.07,0.97,-50.16,-2.97,-10.00
21,1,-1.00,-1.00,-1.00,-1.00,0.1283,1.8,0.62,0.61,26.41,1.33,24.72,0.08,-10.00
21,1,-1.00,-1.00,-1.00,-1.00,0.1164,1.8,0.63,0.72,11.49,1.64,16.94,-1.48,-10.00
21,1,-1.00,-1.00,-1.00,-1.00,0.1118,1.7,0.51,0.48,-12.57,1.55,-10.49,-0.34,-10.00
21,1,-1.00,-1.00,-1.00,-1.00,0.1098,1.6,0.65,0.70,20.42,0.79,-22.83,1.54,-10.00
21,1,-1.00,-1.00,-1.00,-1.00,0.1094,1.9,0.78,0.71,35.01,0.95,33.12,0.72,-10.00
21,1,-1.00,-1.00,-1.00,-1.00,0.1085,1.4,0.56,0.57,-17.86,1.51,3.66,-0.10,-10.00
21,1,-1.00,-1.00,-1.00,-1.00,0.1085,1.7,0.53,0.48,-12.55,1.62,-10.85,-0.22,-10.00
21,1,-1.00,-1.00,-1.00,-1.00,0.1057,1.6,0.69,0.62,24.04,0.17,-6.07,-3.02,-10.00
21,1,-1.00,-1.00,-1.00,-1.00,0.1034,1.8,0.85,0.79,28.75,0.25,-24.52,1.61,-10.00
22,1,-1.00,-1.00,-1.00,-1.00,0.4607,1.7,0.56,0.58,-11.91,1.47,-12.46,0.80,-10.00
22,1,66.05,491.61,117.19,580.33,0.4519,1.8,0.61,0.66,-15.02,2.24,25.61,-1.53,-10.00
22,1,-1.00,-1.00,-1.00,-1.00,0.4499,1.8,0.68,0.66,32.75,0.56,13.48,-2.73,-10.00
22,1,-1.00,-1.00,-1.00,-1.00,0.4425,1.7,0.57,0.59,-11.57,1.48,-13.36,-3.03,-10.00
22,1,-1.00,-1.00,-1.00,-1.00,0.4234,1.8,0.58,0.52,14.87,0.88,-4.81,-3.13,-10.00
22,1,-1.00,-1.00,-1.00,-1.00,0.4151,1.8,0.62,0.71,14.27,0.69,-34.32,-1.51,-10.00
22,1,947.43,467.74,967.57,520.14,0.3742,1.9,0.68,0.65,4.70,1.79,45.00,-1.45,-10.00
22,1,-1.00,-1.00,-1.00,-1.00,0.3584,1.8,0.69,0.72,25.26,0.86,15.19,0.42,-10.00
22,1,-1.00,-1.00,-1.00,-1.00,0.3550,1.7,0.70,0.65,24.25,0.60,3.16,1.54,-10.00
22,1,-1.00,-1.00,-1.00,-1.00,0.3468,1.8,0.62,0.71,-16.87,1.69,14.44,1.55,-10.00
22,1,-1.00,-1.00,-1.00,-1.00,0.3339,1.8,0.59,0.62,-16.41,1.87,16.05,1.54,-10.00
22,1,-1.00,-1.00,-1.00,-1.00,0.3324,1.8,0.62,0.66,-16.13,1.84,13.56,1.56,-10.00
22,1,145.82,470.87,183.67,541.73,0.3253,1.8,0.59,0.59,-16.95,1.83,32.09,1.71,-10.00
22,1,0.00,487.84,41.99,580.82,0.3239,1.8,0.60,0.67,-15.80,2.14,24.38,-1.57,-10.00
22,1,-1.00,-1.00,-1.00,-1.00,0.3100,1.8,0.70,0.75,26.06,0.84,16.30,0.34,-10.00
22,1,1523.28,445.74,1569.01,524.11,0.3080,1.8,0.63,0.68,16.98,1.27,29.57,1.62,-10.00
22,1,121.87,493.25,168.49,576.93,0.3061,1.8,0.61,0.65,-14.58,2.27,26.82,-1.57,-10.00
22,1,0.00,497.90,9.45,577.27,0.3047,1.8,0.55,0.59,-19.00,2.42,28.38,-1.57,-10.00
22,1,-1.00,-1.00,-1.00,-1.00,0.2970,1.2,0.54,0.54,23.28,-0.11,-13.95,0.04,-10.00
22,1,17.97,486.45,72.63,580.15,0.2953,1.8,0.60,0.66,-15.02,2.10,24.10,-1.59,-10.00
22,1,1486.94,448.78,1533.40,527.25,0.2824,1.8,0.67,0.71,16.20,1.35,29.70,1.63,-10.00
22,1,-1.00,-1.00,-1.00,-1.00,0.2716,1.8,0.65,0.68,13.51,0.57,-34.06,-1.51,-10.00
22,1,1292.51,456.08,1313.10,503.86,0.2715,1.8,0.63,0.65,18.42,1.30,48.48,-1.31,-10.00
22,1,-1.00,-1.00,-1.00,-1.00,0.2587,1.6,0.56,0.54,23.73,-0.02,-14.87,-3.07,-10.00
22,1,-1.00,-1.00,-1.00,-1.00,0.2573,1.8,0.67,0.63,19.06,0.69,-27.46,0.34,-10.00
22,1,-1.00,-1.00,-1.00,-1.00,0.2569,1.9,0.72,0.66,18.20,1.48,24.41,-1.55,-10.00
22,1,-1.00,-1.00,-1.00,-1.00,0.2384,1.8,0.65,0.69,21.60,0.64,-27.24,2.68,-10.00
22,1,-1.00,-1.00,-1.00,-1.00,0.2282,1.8,0.68,0.69,21.46,0.31,-25.67,-0.40,-10.00
22,1,-1.00,-1.00,-1.00,-1.00,0.2003,1.8,0.61,0.62,32.26,0.44,16.81,1.77,-10.00
22,1,-1.00,-1.00,-1.00,-1.00,0.1983,1.8,0.65,0.60,36.42,0.86,14.62,-0.99,-10.00
22,1,132.64,468.72,167.61,539.10,0.1898,1.8,0.58,0.54,-17.77,1.81,32.92,0.09,-10.00
22,1,-1.00,-1.00,-1.00,-1.00,0.1827,1.6,0.74,0.67,24.18,0.24,-3.23,2.99,-10.00
22,1,1531.15,460.48,1600.00,568.73,0.1739,1.8,0.66,0.68,12.32,1.63,20.89,1.44,-10.00
22,1,-1.00,-1.00,-1.00,-1.00,0.1664,1.8,0.64,0.67,20.37,0.60,-25.74,-2.78,-10.00
22,1,-1.00,-1.00,-1.00,-1.00,0.1512,1.8,0.60,0.65,-16.77,1.91,16.26,1.59,-10.00
22,1,-1.00,-1.00,-1.00,-1.00,0.1465,1.8,0.69,0.63,26.97,0.56,-2.75,0.36,-10.00
22,1,-1.00,-1.00,-1.00,-1.00,0.1381,1.6,0.72,0.76,23.76,0.11,-9.17,0.10,-10.00
22,1,-1.00,-1.00,-1.00,-1.00,0.1355,1.8,0.61,0.62,-17.53,1.05,18.34,-1.54,-10.00
22,1,-1.00,-1.00,-1.00,-1.00,0.1306,1.8,0.68,0.68,25.77,0.36,-6.92,-1.53,-10.00
22,1,928.17,467.82,948.80,519.26,0.1289,1.8,0.66,0.70,4.02,1.76,45.05,-1.57,-10.00
22,1,-1.00,-1.00,-1.00,-1.00,0.1267,1.7,0.55,0.56,-12.37,1.47,-13.62,-1.52,-10.00
22,1,-1.00,-1.00,-1.00,-1.00,0.1262,1.4,0.58,0.64,21.98,-0.25,-20.87,-3.12,-10.00
22,1,937.51,469.94,956.36,520.55,0.1228,1.8,0.62,0.67,4.35,1.82,45.32,-1.53,-10.00
22,1,-1.00,-1.00,-1.00,-1.00,0.1222,1.3,0.56,0.66,-17.87,1.60,0.73,0.03,-10.00
22,1,-1.00,-1.00,-1.00,-1.00,0.1215,1.8,0.56,0.57,-11.88,1.50,-12.82,0.90,-10.00
22,1,1139.24,464.62,1160.43,510.93,0.1090,1.8,0.61,0.64,12.76,1.61,49.47,1.53,-10.00
22,1,-1.00,-1.00,-1.00,-1.00,0.1033,1.7,0.57,0.56,-11.84,1.51,-13.66,-2.19,-10.00
22,1,-1.00,-1.00,-1.00,-1.00,0.1029,1.3,0.60,0.69,-18.15,1.53,0.48,-3.04,-10.00
23,1,-1.00,-1.00,-1.00,-1.00,0.5214,1.7,0.56,0.64,-16.90,1.73,10.80,1.55,-10.00
23,1,0.00,489.19,37.73,586.03,0.5096,1.8,0.58,0.65,-15.12,2.13,23.17,-1.51,-10.00
23,1,-1.00,-1.00,-1.00,-1.00,0.4674,1.8,0.62,0.73,-15.93,2.10,22.03,-1.56,-10.00
23,1,-1.00,-1.00,-1.00,-1.00,0.4296,1.8,0.55,0.57,-11.57,1.44,-16.48,-3.14,-10.00
23,1,-1.00,-1.00,-1.00,-1.00,0.3975,1.7,0.57,0.65,-16.36,1.73,10.00,1.64,-10.00
23,1,-1.00,-1.00,-1.00,-1.00,0.3933,1.8,0.61,0.68,14.31,0.58,-36.75,-1.49,-10.00
23,1,-1.00,-1.00,-1.00,-1.00,0.3886,1.7,0.53,0.59,-16.53,1.72,12.46,1.59,-10.00
23,1,-1.00,-1.00,-1.00,-1.00,0.3639,1.8,0.66,0.63,32.29,0.45,10.74,-2.85,-10.00
23,1,54.36,492.72,112.41,584.44,0.3593,1.7,0.63,0.73,-14.43,2.21,24.34,-1.49,-10.00
23,1,-1.00,-1.00,-1.00,-1.00,0.3381,1.8,0.60,0.66,-15.09,2.03,21.68,-1.59,-10.00
23,1,-1.00,-1.00,-1.00,-1.00,0.3302,1.7,0.62,0.71,-15.14,2.10,17.15,-1.57,-10.00
23,1,-1.00,-1.00,-1.00,-1.00,0.3037,1.8,0.58,0.54,14.82,0.79,-7.80,-3.10,-10.00
23,1,-1.00,-1.00,-1.00,-1.00,0.2935,1.8,0.65,0.69,19.01,0.52,-30.40,0.27,-10.00
23,1,-1.00,-1.00,-1.00,-1.00,0.2879,1.8,0.68,0.65,18.32,1.23,22.06,-1.42,-10.00
23,1,1311.42,456.19,1337.40,507.08,0.2720,1.8,0.66,0.66,18.33,1.36,46.15,-1.52,-10.00
23,1,-1.00,-1.00,-1.00,-1.00,0.2663,1.8,0.55,0.55,-12.01,1.51,-15.41,1.62,-10.00
23,1,63.75,468.49,108.81,546.60,0.2662,1.8,0.60,0.63,-17.10,1.76,28.95,0.07,-10.00
23,1,-1.00,-1.00,-1.00,-1.00,0.2580,1.8,0.63,0.65,13.75,0.54,-36.66,-1.47,-10.00
23,1,-1.00,-1.00,-1.00,-1.00,0.2547,1.8,0.70,0.74,16.93,1.15,26.04,1.15,-10.00
23,1,-1.00,-1.00,-1.00,-1.00,0.2464,1.9,0.70,0.63,23.68,0.05,-17.93,-2.97,-10.00
23,1,41.00,472.24,82.81,550.01,0.2429,1.8,0.57,0.57,-17.83,1.86,29.21,0.06,-10.00
23,1,-1.00,-1.00,-1.00,-1.00,0.2340,1.8,0.63,0.60,21.44,0.21,-28.72,0.17,-10.00
23,1,-1.00,-1.00,-1.00,-1.00,0.2306,1.7,0.62,0.58,23.26,0.14,-16.88,0.24,-10.00
23,1,-1.00,-1.00,-1.00,-1.00,0.2255,1.8,0.71,0.61,36.75,0.67,12.20,-0.68,-10.00
23,1,-1.00,-1.00,-1.00,-1.00,0.2144,1.7,0.51,0.53,-12.42,1.51,-16.73,-2.24,-10.00
23,1,937.78,466.43,966.43,522.01,0.2091,1.9,0.76,0.78,4.26,1.76,42.56,-1.74,-10.00
23,1,-1.00,-1.00,-1.00,-1.00,0.1995,1.8,0.63,0.67,26.00,0.21,-9.19,-1.52,-10.00
23,1,-1.00,-1.00,-1.00,-1.00,0.1951,1.5,0.75,0.85,23.72,-0.12,-12.06,-2.99,-10.00
23,1,-1.00,-1.00,-1.00,-1.00,0.1878,1.8,0.61,0.61,32.05,0.39,13.94,-2.97,-10.00
23,1,-1.00,-1.00,-1.00,-1.00,0.1733,1.8,0.59,0.65,-16.81,1.80,12.68,1.58,-10.00
23,1,-1.00,-1.00,-1.00,-1.00,0.1711,1.8,0.73,0.66,24.18,0.48,0.27,-3.14,-10.00
23,1,-1.00,-1.00,-1.00,-1.00,0.1702,1.8,0.61,0.68,21.40,0.38,-30.36,-3.13,-10.00
23,1,-1.00,-1.00,-1.00,-1.00,0.1648,1.7,0.58,0.57,21.96,-0.17,-23.92,-2.08,-10.00
23,1,50.70,471.74,89.87,548.39,0.1619,1.8,0.55,0.54,-17.85,1.84,29.58,0.05,-10.00
23,1,-1.00,-1.00,-1.00,-1.00,0.1552,1.8,0.55,0.55,11.54,1.39,8.43,-1.56,-10.00
23,1,-1.00,-1.00,-1.00,-1.00,0.1551,1.8,0.64,0.63,-17.61,0.85,15.25,-1.54,-10.00
23,1,-1.00,-1.00,-1.00,-1.00,0.1532,1.7,0.62,0.65,20.38,0.47,-28.72,0.67,-10.00
23,1,-1.00,-1.00,-1.00,-1.00,0.1517,1.8,0.64,0.57,26.89,0.49,-5.96,3.11,-10.00
23,1,-1.00,-1.00,-1.00,-1.00,0.1463,1.8,0.56,0.56,-19.08,2.35,25.34,-1.59,-10.00
23,1,-1.00,-1.00,-1.00,-1.00,0.1369,1.7,0.60,0.56,24.35,-0.11,-16.88,-2.07,-10.00
23,1,-1.00,-1.00,-1.00,-1.00,0.1333,1.9,0.78,0.94,25.59,1.31,25.96,1.59,-10.00
23,1,-1.00,-1.00,-1.00,-1.00,0.1224,1.7,0.52,0.53,-12.75,1.46,-16.06,0.78,-10.00
23,1,-1.00,-1.00,-1.00,-1.00,0.1222,1.7,0.51,0.53,-12.29,1.39,-15.60,1.16,-10.00
23,1,-1.00,-1.00,-1.00,-1.00,0.1207,1.9,0.77,0.71,23.30,1.24,22.00,-1.59,-10.00
23,1,-1.00,-1.00,-1.00,-1.00,0.1136,1.8,0.71,0.75,17.26,1.19,26.38,0.98,-10.00
23,1,-1.00,-1.00,-1.00,-1.00,0.1135,1.7,0.52,0.56,-16.19,1.78,12.41,1.58,-10.00
23,1,-1.00,-1.00,-1.00,-1.00,0.1114,1.8,0.61,0.58,25.19,0.86,12.34,-0.00,-10.00
23,1,-1.00,-1.00,-1.00,-1.00,0.1104,1.8,0.58,0.68,-17.14,1.79,12.44,1.59,-10.00
23,1,-1.00,-1.00,-1.00,-1.00,0.1067,1.7,0.51,0.53,-12.75,1.35,-15.71,1.16,-10.00
23,1,-1.00,-1.00,-1.00,-1.00,0.1028,1.8,0.65,0.60,25.99,0.80,13.15,0.13,-10.00
23,1,-1.00,-1.00,-1.00,-1.00,0.1024,1.8,0.69,0.76,29.71,0.37,-40.87,0.67,-10.00
24,1,-1.00,-1.00,-1.00,-1.00,0.6161,1.8,0.68,0.80,-15.28,1.93,14.36,-1.58,-10.00
24,1,-1.00,-1.00,-1.00,-1.00,0.4700,1.7,0.57,0.69,-16.05,2.10,19.13,-1.55,-10.00
24,1,-1.00,-1.00,-1.00,-1.00,0.4115,1.7,0.55,0.63,-17.01,1.70,6.45,1.56,-10.00
24,1,-1.00,-1.00,-1.00,-1.00,0.4017,1.8,0.61,0.72,-15.26,2.13,20.28,-1.53,-10.00
24,1,-1.00,-1.00,-1.00,-1.00,0.3798,1.7,0.55,0.62,-16.51,1.79,8.09,1.54,-10.00
24,1,-1.00,-1.00,-1.00,-1.00,0.3759,1.7,0.60,0.68,-15.30,2.11,18.83,-1.56,-10.00
24,1,-1.00,-1.00,-1.00,-1.00,0.3689,1.8,0.57,0.55,23.22,-0.00,-20.39,0.04,-10.00
24,1,-1.00,-1.00,-1.00,-1.00,0.3597,1.8,0.64,0.58,26.38,1.08,7.87,-0.14,-10.00
24,1,-1.00,-1.00,-1.00,-1.00,0.3579,1.8,0.67,0.63,28.38,0.93,15.46,-0.13,-10.00
24,1,-1.00,-1.00,-1.00,-1.00,0.3511,1.8,0.64,0.67,18.30,1.18,19.27,-1.48,-10.00
24,1,-1.00,-1.00,-1.00,-1.00,0.3374,1.8,0.64,0.59,-11.63,1.40,-20.04,3.11,-10.00
24,1,-1.00,-1.00,-1.00,-1.00,0.3338,1.9,0.75,0.82,13.79,0.51,-39.48,-1.51,-10.00
24,1,-1.00,-1.00,-1.00,-1.00,0.3172,1.8,0.60,0.58,21.06,0.46,-33.95,-2.93,-10.00
24,1,-1.00,-1.00,-1.00,-1.00,0.3159,1.7,0.66,0.63,23.75,-0.17,-15.57,-2.84,-10.00
24,1,-1.00,-1.00,-1.00,-1.00,0.3103,1.8,0.65,0.69,18.98,0.39,-33.92,-2.69,-10.00
24,1,-1.00,-1.00,-1.00,-1.00,0.3066,1.8,0.63,0.58,-17.40,1.91,25.25,0.05,-10.00
24,1,-1.00,-1.00,-1.00,-1.00,0.3041,1.8,0.58,0.52,14.76,0.86,-11.23,3.09,-10.00
24,1,-1.00,-1.00,-1.00,-1.00,0.3019,1.8,0.62,0.66,31.58,0.49,7.55,-2.97,-10.00
24,1,0.00,492.27,10.24,597.14,0.2899,1.7,0.62,0.73,-14.45,2.14,21.30,-1.55,-10.00
24,1,-1.00,-1.00,-1.00,-1.00,0.2893,1.8,0.63,0.59,27.22,0.75,9.18,-0.12,-10.00
24,1,-1.00,-1.00,-1.00,-1.00,0.2739,1.8,0.56,0.56,23.67,-0.16,-21.24,-3.11,-10.00
24,1,-1.00,-1.00,-1.00,-1.00,0.2392,1.8,0.80,0.76,24.12,0.42,-3.34,1.46,-10.00
24,1,-1.00,-1.00,-1.00,-1.00,0.2377,1.9,0.71,0.70,14.26,0.51,-39.56,-1.50,-10.00
24,1,-1.00,-1.00,-1.00,-1.00,0.2372,1.8,0.70,0.72,28.67,0.60,13.93,0.02,-10.00
24,1,-1.00,-1.00,-1.00,-1.00,0.2247,1.7,0.56,0.65,-16.42,1.66,5.73,1.60,-10.00
24,1,-1.00,-1.00,-1.00,-1.00,0.2234,1.7,0.56,0.58,-12.01,1.50,-18.96,-1.50,-10.00
24,1,-1.00,-1.00,-1.00,-1.00,0.2161,1.9,0.67,0.61,21.38,0.11,-32.11,-2.95,-10.00
24,1,-1.00,-1.00,-1.00,-1.00,0.2117,1.8,0.56,0.52,24.30,-0.13,-20.47,3.05,-10.00
24,1,-1.00,-1.00,-1.00,-1.00,0.2044,1.8,0.68,0.77,26.11,0.10,-11.95,-1.44,-10.00
24,1,-1.00,-1.00,-1.00,-1.00,0.2003,1.8,0.68,0.66,20.34,0.42,-32.28,0.49,-10.00
24,1,-1.00,-1.00,-1.00,-1.00,0.1974,1.8,0.58,0.65,-16.91,1.80,8.04,1.52,-10.00
24,1,-1.00,-1.00,-1.00,-1.00,0.1903,1.8,0.60,0.60,-17.73,1.29,11.55,0.02,-10.00
24,1,-1.00,-1.00,-1.00,-1.00,0.1805,1.9,0.76,0.73,23.19,1.14,19.22,-1.58,-10.00
24,1,-1.00,-1.00,-1.00,-1.00,0.1724,1.8,0.78,0.78,24.06,0.34,-9.64,-3.09,-10.00
24,1,-1.00,-1.00,-1.00,-1.00,0.1686,1.8,0.70,0.76,16.09,1.10,21.79,1.62,-10.00
24,1,-1.00,-1.00,-1.00,-1.00,0.1624,1.8,0.54,0.57,-19.13,2.30,21.89,1.50,-10.00
24,1,0.00,472.04,10.39,563.17,0.1596,1.8,0.65,0.66,-17.25,1.89,25.61,0.01,-10.00
24,1,1466.48,456.73,1520.75,552.64,0.1579,1.5,0.58,0.57,10.91,1.35,20.50,-2.98,-10.00
24,1,-1.00,-1.00,-1.00,-1.00,0.1433,1.9,0.69,0.68,28.41,0.76,14.30,-0.10,-10.00
24,1,-1.00,-1.00,-1.00,-1.00,0.1382,1.4,0.65,0.65,-18.28,1.47,-5.98,-0.04,-10.00
24,1,-1.00,-1.00,-1.00,-1.00,0.1286,1.5,0.64,0.76,21.95,-0.44,-27.26,3.14,-10.00
24,1,-1.00,-1.00,-1.00,-1.00,0.1282,1.8,0.69,0.74,-22.20,2.03,31.99,3.11,-10.00
24,1,-1.00,-1.00,-1.00,-1.00,0.1235,1.8,0.63,0.69,25.52,1.17,21.63,1.55,-10.00
24,1,-1.00,-1.00,-1.00,-1.00,0.1219,1.8,0.62,0.62,32.30,0.46,10.34,0.19,-10.00
24,1,-1.00,-1.00,-1.00,-1.00,0.1112,1.8,0.73,0.71,33.47,-0.45,-35.26,-1.64,-10.00
24,1,-1.00,-1.00,-1.00,-1.00,0.1086,1.9,0.61,0.53,-17.91,1.65,26.11,-0.05,-10.00
24,1,-1.00,-1.00,-1.00,-1.00,0.1041,1.8,0.58,0.69,-17.22,1.75,8.32,1.55,-10.00
24,1,-1.00,-1.00,-1.00,-1.00,0.1034,1.7,0.57,0.58,-11.88,1.32,-19.72,-2.42,-10.00
25,1,-1.00,-1.00,-1.00,-1.00,0.5151,1.8,0.69,0.67,32.33,0.28,7.49,-0.01,-10.00
25,1,-1.00,-1.00,-1.00,-1.00,0.4921,1.7,0.53,0.59,-16.46,1.75,2.39,1.60,-10.00
25,1,-1.00,-1.00,-1.00,-1.00,0.4856,1.7,0.58,0.67,-16.10,2.04,16.79,-1.55,-10.00
25,1,-1.00,-1.00,-1.00,-1.00,0.4476,1.7,0.61,0.62,26.98,0.72,4.72,0.25,-10.00
25,1,-1.00,-1.00,-1.00,-1.00,0.4225,1.8,0.65,0.88,-15.24,2.04,12.25,-1.54,-10.00
25,1,-1.00,-1.00,-1.00,-1.00,0.3973,1.8,0.54,0.51,-11.63,1.57,-22.87,-3.03,-10.00
25,1,-1.00,-1.00,-1.00,-1.00,0.3870,1.7,0.57,0.65,-15.46,2.07,17.94,-1.58,-10.00
25,1,-1.00,-1.00,-1.00,-1.00,0.3457,1.8,0.57,0.55,-11.99,1.53,-21.95,1.63,-10.00
25,1,-1.00,-1.00,-1.00,-1.00,0.3453,1.7,0.64,0.79,-14.48,2.08,19.07,-1.56,-10.00
25,1,-1.00,-1.00,-1.00,-1.00,0.3437,1.7,0.51,0.56,-16.45,1.68,4.71,1.59,-10.00
25,1,-1.00,-1.00,-1.00,-1.00,0.3309,1.8,0.71,0.68,29.14,0.43,11.20,-0.05,-10.00
25,1,-1.00,-1.00,-1.00,-1.00,0.3291,1.7,0.59,0.68,-15.33,2.03,16.46,-1.54,-10.00
25,1,-1.00,-1.00,-1.00,-1.00,0.3181,1.8,0.67,0.65,18.93,0.37,-36.75,0.47,-10.00
25,1,-1.00,-1.00,-1.00,-1.00,0.3140,1.8,0.66,0.63,31.09,0.55,4.82,-2.76,-10.00
25,1,-1.00,-1.00,-1.00,-1.00,0.3095,1.8,0.64,0.63,-17.60,2.02,22.72,-2.85,-10.00
25,1,-1.00,-1.00,-1.00,-1.00,0.2992,1.7,0.54,0.61,-17.05,1.67,4.73,1.59,-10.00
25,1,-1.00,-1.00,-1.00,-1.00,0.2944,1.7,0.56,0.63,-17.23,1.66,3.10,1.59,-10.00
25,1,-1.00,-1.00,-1.00,-1.00,0.2938,1.8,0.68,0.67,27.83,0.63,5.83,0.38,-10.00
25,1,-1.00,-1.00,-1.00,-1.00,0.2884,1.9,0.73,0.78,13.78,0.55,-41.84,-1.49,-10.00
25,1,-1.00,-1.00,-1.00,-1.00,0.2859,1.8,0.62,0.68,14.52,0.55,-42.02,-1.49,-10.00
25,1,-1.00,-1.00,-1.00,-1.00,0.2539,1.8,0.67,0.65,34.25,0.54,7.89,1.57,-10.00
25,1,-1.00,-1.00,-1.00,-1.00,0.2402,1.7,0.67,0.66,23.98,0.16,-12.51,-3.01,-10.00
25,1,-1.00,-1.00,-1.00,-1.00,0.2333,1.7,0.59,0.57,23.21,-0.05,-23.29,-0.11,-10.00
25,1,-1.00,-1.00,-1.00,-1.00,0.2138,1.8,0.64,0.61,18.27,1.26,16.92,-1.50,-10.00
25,1,-1.00,-1.00,-1.00,-1.00,0.2125,1.8,0.53,0.50,23.58,-0.22,-24.28,-2.55,-10.00
25,1,-1.00,-1.00,-1.00,-1.00,0.2108,1.9,0.64,0.56,14.57,0.81,-14.04,-3.06,-10.00
25,1,-1.00,-1.00,-1.00,-1.00,0.2037,1.8,0.68,0.72,20.69,0.06,-36.77,-2.42,-10.00
25,1,-1.00,-1.00,-1.00,-1.00,0.1943,1.8,0.52,0.51,-11.69,1.65,-23.31,3.02,-10.00
25,1,-1.00,-1.00,-1.00,-1.00,0.1737,1.7,0.78,0.82,23.70,-0.28,-18.46,-2.65,-10.00
25,1,-1.00,-1.00,-1.00,-1.00,0.1731,1.8,0.64,0.68,16.01,1.00,18.40,1.59,-10.00
25,1,-1.00,-1.00,-1.00,-1.00,0.1569,1.8,0.66,0.64,21.38,-0.03,-35.12,2.75,-10.00
25,1,-1.00,-1.00,-1.00,-1.00,0.1440,1.7,0.60,0.59,33.11,0.38,6.67,3.02,-10.00
25,1,-1.00,-1.00,-1.00,-1.00,0.1416,1.7,0.54,0.57,-15.32,1.84,4.31,1.62,-10.00
25,1,-1.00,-1.00,-1.00,-1.00,0.1381,1.8,0.65,0.68,-17.53,1.99,23.16,-3.02,-10.00
25,1,-1.00,-1.00,-1.00,-1.00,0.1283,1.7,0.53,0.53,-12.51,1.61,-23.38,-0.29,-10.00
25,1,-1.00,-1.00,-1.00,-1.00,0.1273,1.6,0.60,0.59,24.26,-0.34,-23.47,-1.78,-10.00
25,1,-1.00,-1.00,-1.00,-1.00,0.1227,1.8,0.65,0.68,-6.46,1.17,-22.95,1.64,-10.00
25,1,-1.00,-1.00,-1.00,-1.00,0.1164,1.4,0.59,0.61,12.91,0.94,-19.22,-3.11,-10.00
25,1,-1.00,-1.00,-1.00,-1.00,0.1079,1.8,0.64,0.63,28.73,0.49,11.97,0.11,-10.00
25,1,-1.00,-1.00,-1.00,-1.00,0.1029,1.8,0.66,0.64,28.65,0.52,12.39,0.15,-10.00
25,1,-1.00,-1.00,-1.00,-1.00,0.1017,1.8,0.62,0.69,-17.91,2.13,22.06,-0.01,-10.00
26,1,-1.00,-1.00,-1.00,-1.00,0.5416,1.7,0.57,0.68,-15.63,2.02,15.26,-1.59,-10.00
26,1,-1.00,-1.00,-1.00,-1.00,0.5315,1.7,0.68,0.80,-15.31,2.03,9.46,-1.59,-10.00
26,1,-1.00,-1.00,-1.00,-1.00,0.5128,1.7,0.65,0.73,-14.45,2.04,16.27,-1.52,-10.00
26,1,-1.00,-1.00,-1.00,-1.00,0.4420,1.8,0.68,0.69,32.27,0.17,4.02,-0.03,-10.00
26,1,-1.00,-1.00,-1.00,-1.00,0.4280,1.7,0.58,0.67,-15.54,1.99,13.92,-1.59,-10.00
26,1,-1.00,-1.00,-1.00,-1.00,0.4241,1.7,0.55,0.63,-16.49,1.70,-1.62,1.55,-10.00
26,1,-1.00,-1.00,-1.00,-1.00,0.4237,1.8,0.66,0.68,28.33,0.52,1.98,0.44,-10.00
26,1,-1.00,-1.00,-1.00,-1.00,0.4048,1.8,0.67,0.72,15.98,0.90,14.40,1.57,-10.00
26,1,-1.00,-1.00,-1.00,-1.00,0.3833,1.8,0.65,0.70,13.76,0.37,-44.39,-1.53,-10.00
26,1,-1.00,-1.00,-1.00,-1.00,0.3821,1.8,0.63,0.69,14.52,0.38,-44.73,-1.55,-10.00
26,1,-1.00,-1.00,-1.00,-1.00,0.3804,1.8,0.64,0.57,-11.72,1.51,-26.19,3.08,-10.00
26,1,-1.00,-1.00,-1.00,-1.00,0.3762,1.7,0.62,0.61,-12.00,1.50,-25.29,1.62,-10.00
26,1,-1.00,-1.00,-1.00,-1.00,0.3619,1.8,0.63,0.65,30.50,0.43,1.93,-2.62,-10.00
26,1,-1.00,-1.00,-1.00,-1.00,0.3278,1.8,0.62,0.78,-17.33,1.68,-1.10,1.57,-10.00
26,1,-1.00,-1.00,-1.00,-1.00,0.2909,1.8,0.67,0.66,27.74,0.53,1.05,0.51,-10.00
26,1,-1.00,-1.00,-1.00,-1.00,0.2849,1.8,0.61,0.62,-18.08,1.91,19.57,-3.00,-10.00
26,1,-1.00,-1.00,-1.00,-1.00,0.2800,1.7,0.50,0.56,-16.52,1.77,0.48,1.56,-10.00
26,1,-1.00,-1.00,-1.00,-1.00,0.2719,1.7,0.53,0.61,-15.44,1.83,0.47,1.57,-10.00
26,1,-1.00,-1.00,-1.00,-1.00,0.2684,1.8,0.58,0.58,18.04,1.12,14.41,-1.59,-10.00
26,1,-1.00,-1.00,-1.00,-1.00,0.2596,1.7,0.81,0.84,23.61,-0.33,-21.73,1.51,-10.00
26,1,-1.00,-1.00,-1.00,-1.00,0.2463,1.7,0.59,0.67,-16.31,2.01,14.10,-1.59,-10.00
26,1,-1.00,-1.00,-1.00,-1.00,0.2440,1.8,0.72,0.69,31.85,0.33,6.83,2.95,-10.00
26,1,-1.00,-1.00,-1.00,-1.00,0.2436,1.8,0.64,0.58,23.55,-0.12,-27.58,-1.62,-10.00
26,1,-1.00,-1.00,-1.00,-1.00,0.2429,1.8,0.72,0.64,29.60,0.86,9.11,0.16,-10.00
26,1,1151.04,462.84,1174.72,511.25,0.2310,1.8,0.66,0.73,12.81,1.56,47.74,0.43,-10.00
26,1,-1.00,-1.00,-1.00,-1.00,0.2272,1.9,0.71,0.67,18.87,0.13,-40.05,0.50,-10.00
26,1,-1.00,-1.00,-1.00,-1.00,0.2260,1.8,0.56,0.64,16.77,0.96,14.19,1.61,-10.00
26,1,-1.00,-1.00,-1.00,-1.00,0.2138,1.8,0.65,0.65,-17.52,1.95,19.62,-1.58,-10.00
26,1,-1.00,-1.00,-1.00,-1.00,0.1844,1.8,0.53,0.58,-17.01,1.72,0.81,1.55,-10.00
26,1,-1.00,-1.00,-1.00,-1.00,0.1838,1.7,0.62,0.66,23.92,-0.10,-15.96,1.49,-10.00
26,1,-1.00,-1.00,-1.00,-1.00,0.1803,1.7,0.49,0.54,-16.30,1.76,0.70,1.56,-10.00
26,1,-1.00,-1.00,-1.00,-1.00,0.1767,1.8,0.68,0.62,20.58,0.09,-40.27,-3.08,-10.00
26,1,-1.00,-1.00,-1.00,-1.00,0.1625,1.8,0.64,0.57,14.46,0.66,-17.42,3.08,-10.00
26,1,-1.00,-1.00,-1.00,-1.00,0.1608,1.7,0.63,0.65,34.16,0.32,4.63,1.55,-10.00
26,1,-1.00,-1.00,-1.00,-1.00,0.1587,1.8,0.63,0.68,-14.89,1.71,1.92,1.57,-10.00
26,1,-1.00,-1.00,-1.00,-1.00,0.1423,1.8,0.60,0.67,-19.85,0.38,-8.82,-0.29,-10.00
26,1,-1.00,-1.00,-1.00,-1.00,0.1296,1.8,0.62,0.63,-18.00,1.91,19.97,-2.93,-10.00
26,1,-1.00,-1.00,-1.00,-1.00,0.1289,1.8,0.59,0.67,-17.31,1.66,1.10,1.59,-10.00
26,1,-1.00,-1.00,-1.00,-1.00,0.1246,1.7,0.59,0.60,33.00,0.44,3.17,-3.08,-10.00
26,1,-1.00,-1.00,-1.00,-1.00,0.1197,1.7,0.64,0.64,23.15,-0.26,-26.71,1.56,-10.00
26,1,-1.00,-1.00,-1.00,-1.00,0.1182,1.8,0.70,0.69,21.30,0.03,-38.44,0.01,-10.00
26,1,-1.00,-1.00,-1.00,-1.00,0.1166,1.8,0.61,0.57,24.17,-0.23,-26.75,1.54,-10.00
26,1,-1.00,-1.00,-1.00,-1.00,0.1149,1.8,0.72,0.71,29.87,0.48,7.92,-0.03,-10.00
26,1,-1.00,-1.00,-1.00,-1.00,0.1140,1.9,0.83,0.87,24.06,0.44,-9.54,1.56,-10.00
26,1,-1.00,-1.00,-1.00,-1.00,0.1084,1.8,0.55,0.64,-17.34,1.72,0.45,1.54,-10.00
27,1,-1.00,-1.00,-1.00,-1.00,0.5090,1.8,0.61,0.58,-11.78,1.62,-28.91,-3.09,-10.00
27,1,-1.00,-1.00,-1.00,-1.00,0.4830,1.7,0.60,0.70,-16.37,2.00,12.03,-1.56,-10.00
27,1,-1.00,-1.00,-1.00,-1.00,0.4761,1.8,0.65,0.66,28.23,0.48,-1.96,0.23,-10.00
27,1,-1.00,-1.00,-1.00,-1.00,0.4744,1.7,0.58,0.66,-15.76,2.09,13.20,-1.59,-10.00
27,1,-1.00,-1.00,-1.00,-1.00,0.4637,1.7,0.63,0.71,-14.47,2.06,14.04,-1.60,-10.00
27,1,-1.00,-1.00,-1.00,-1.00,0.4582,1.7,0.57,0.67,-15.61,2.00,11.88,-1.58,-10.00
27,1,-1.00,-1.00,-1.00,-1.00,0.4517,1.8,0.67,0.65,32.23,-0.03,1.43,0.04,-10.00
27,1,-1.00,-1.00,-1.00,-1.00,0.4412,1.8,0.67,0.68,28.92,0.44,-0.92,0.29,-10.00
27,1,-1.00,-1.00,-1.00,-1.00,0.4407,1.8,0.59,0.69,-17.35,1.68,-4.35,1.60,-10.00
27,1,-1.00,-1.00,-1.00,-1.00,0.4230,1.7,0.54,0.62,-16.56,1.70,-4.91,1.61,-10.00
27,1,-1.00,-1.00,-1.00,-1.00,0.4020,1.8,0.65,0.78,-15.35,2.08,7.43,-1.57,-10.00
27,1,-1.00,-1.00,-1.00,-1.00,0.3483,1.8,0.65,0.62,29.90,0.37,-0.41,-2.76,-10.00
27,1,-1.00,-1.00,-1.00,-1.00,0.3482,1.7,0.56,0.58,-12.06,1.69,-28.03,1.65,-10.00
27,1,-1.00,-1.00,-1.00,-1.00,0.3340,1.7,0.51,0.59,-16.54,1.78,-2.75,1.57,-10.00
27,1,-1.00,-1.00,-1.00,-1.00,0.3265,1.8,0.63,0.64,-14.69,2.04,-0.85,1.58,-10.00
27,1,-1.00,-1.00,-1.00,-1.00,0.3256,1.8,0.59,0.58,-17.54,1.94,16.74,-1.74,-10.00
27,1,-1.00,-1.00,-1.00,-1.00,0.3130,1.7,0.52,0.57,-15.47,1.84,-2.38,1.57,-10.00
27,1,-1.00,-1.00,-1.00,-1.00,0.3075,1.8,0.58,0.66,16.69,0.97,10.99,1.61,-10.00
27,1,-1.00,-1.00,-1.00,-1.00,0.3049,1.8,0.64,0.71,15.96,0.89,11.16,1.58,-10.00
27,1,-1.00,-1.00,-1.00,-1.00,0.3029,1.8,0.65,0.66,17.96,1.07,12.33,-1.64,-10.00
27,1,-1.00,-1.00,-1.00,-1.00,0.3017,1.8,0.66,0.68,-18.48,1.91,17.21,-2.94,-10.00
27,1,-1.00,-1.00,-1.00,-1.00,0.2901,1.8,0.64,0.55,14.47,0.51,-20.06,-3.11,-10.00
27,1,-1.00,-1.00,-1.00,-1.00,0.2683,1.8,0.63,0.67,14.54,0.35,-46.85,-1.40,-10.00
27,1,-1.00,-1.00,-1.00,-1.00,0.2595,1.8,0.64,0.69,13.72,0.43,-46.63,-1.45,-10.00
27,1,-1.00,-1.00,-1.00,-1.00,0.2566,1.8,0.61,0.57,23.46,-0.07,-30.31,3.10,-10.00
27,1,-1.00,-1.00,-1.00,-1.00,0.2425,1.8,0.61,0.70,-17.35,1.77,-2.74,1.58,-10.00
27,1,1183.85,453.69,1211.84,504.85,0.2311,1.8,0.63,0.66,13.19,1.23,44.52,1.03,-10.00
27,1,-1.00,-1.00,-1.00,-1.00,0.2297,1.8,0.67,0.74,37.46,0.08,1.15,-1.33,-10.00
27,1,-1.00,-1.00,-1.00,-1.00,0.1918,1.8,0.52,0.58,-16.32,1.81,-2.50,1.58,-10.00
27,1,-1.00,-1.00,-1.00,-1.00,0.1842,1.8,0.70,0.69,18.84,0.05,-42.79,0.43,-10.00
27,1,-1.00,-1.00,-1.00,-1.00,0.1766,1.8,0.56,0.60,-17.07,1.81,-2.49,1.58,-10.00
27,1,-1.00,-1.00,-1.00,-1.00,0.1695,1.8,0.66,0.71,23.86,-0.08,-18.50,-2.92,-10.00
27,1,-1.00,-1.00,-1.00,-1.00,0.1548,1.6,0.68,0.68,34.15,0.24,1.86,1.50,-10.00
27,1,-1.00,-1.00,-1.00,-1.00,0.1495,1.5,0.57,0.56,32.99,0.12,0.64,3.12,-10.00
27,1,-1.00,-1.00,-1.00,-1.00,0.1458,1.8,0.65,0.64,20.54,0.06,-42.79,-3.10,-10.00
27,1,-1.00,-1.00,-1.00,-1.00,0.1255,1.8,0.57,0.60,24.56,1.15,25.25,1.57,-10.00
27,1,-1.00,-1.00,-1.00,-1.00,0.1192,1.8,0.72,0.79,30.30,0.61,5.13,0.53,-10.00
27,1,-1.00,-1.00,-1.00,-1.00,0.1185,1.8,0.61,0.59,-18.03,1.92,16.44,-3.04,-10.00
27,1,-1.00,-1.00,-1.00,-1.00,0.1164,1.8,0.73,0.67,42.55,-0.36,-9.36,0.07,-10.00
27,1,-1.00,-1.00,-1.00,-1.00,0.1100,1.8,0.60,0.71,-17.80,1.71,-4.46,1.63,-10.00
27,1,-1.00,-1.00,-1.00,-1.00,0.1087,1.8,0.70,0.65,35.10,0.20,3.11,-3.00,-10.00
27,1,-1.00,-1.00,-1.00,-1.00,0.1063,1.7,0.49,0.49,-15.71,1.82,-4.48,1.61,-10.00
27,1,-1.00,-1.00,-1.00,-1.00,0.1052,1.4,0.69,0.76,11.90,0.84,-24.77,-1.90,-10.00
28,1,-1.00,-1.00,-1.00,-1.00,0.6490,1.7,0.65,0.76,-14.48,2.06,11.95,-1.54,-10.00
28,1,-1.00,-1.00,-1.00,-1.00,0.5297,1.8,0.63,0.69,-15.97,2.05,11.19,-1.64,-10.00
28,1,-1.00,-1.00,-1.00,-1.00,0.5146,1.8,0.66,0.76,15.91,0.77,8.03,1.59,-10.00
28,1,-1.00,-1.00,-1.00,-1.00,0.5086,1.8,0.62,0.71,-15.73,2.07,9.89,-1.60,-10.00
28,1,-1.00,-1.00,-1.00,-1.00,0.4702,1.7,0.63,0.62,29.43,0.38,-2.81,-2.90,-10.00
28,1,-1.00,-1.00,-1.00,-1.00,0.4321,1.8,0.68,0.71,17.84,0.98,10.44,-1.57,-10.00
28,1,-1.00,-1.00,-1.00,-1.00,0.4312,1.7,0.58,0.72,-16.53,2.08,10.01,-1.59,-10.00
28,1,-1.00,-1.00,-1.00,-1.00,0.3949,1.8,0.70,0.83,-15.39,2.03,5.43,-1.53,-10.00
28,1,-1.00,-1.00,-1.00,-1.00,0.3853,1.8,0.57,0.64,-16.54,1.85,-8.00,1.58,-10.00
28,1,-1.00,-1.00,-1.00,-1.00,0.3769,1.8,0.63,0.64,32.18,-0.08,-1.23,0.05,-10.00
28,1,-1.00,-1.00,-1.00,-1.00,0.3763,1.8,0.60,0.64,-16.64,1.95,-5.98,1.54,-10.00
28,1,-1.00,-1.00,-1.00,-1.00,0.3736,1.8,0.64,0.60,29.41,0.35,-3.76,0.33,-10.00
28,1,-1.00,-1.00,-1.00,-1.00,0.3202,1.8,0.62,0.63,-12.19,1.73,-30.52,1.68,-10.00
28,1,-1.00,-1.00,-1.00,-1.00,0.3131,1.8,0.60,0.69,16.73,0.84,7.96,1.59,-10.00
28,1,-1.00,-1.00,-1.00,-1.00,0.3094,1.8,0.65,0.60,-11.82,1.59,-31.37,-3.00,-10.00
28,1,-1.00,-1.00,-1.00,-1.00,0.2955,1.8,0.71,0.71,28.84,0.35,-4.79,0.47,-10.00
28,1,-1.00,-1.00,-1.00,-1.00,0.2899,1.8,0.60,0.71,-17.39,1.76,-7.33,1.57,-10.00
28,1,-1.00,-1.00,-1.00,-1.00,0.2876,1.8,0.61,0.67,14.43,0.37,-48.81,-1.56,-10.00
28,1,1218.33,453.96,1248.08,509.84,0.2721,1.8,0.66,0.69,13.42,1.31,41.37,1.46,-10.00
28,1,-1.00,-1.00,-1.00,-1.00,0.2625,1.8,0.67,0.71,13.73,0.35,-48.46,-1.52,-10.00
28,1,1483.40,450.69,1518.19,517.95,0.2624,1.8,0.59,0.60,18.56,1.31,34.50,-1.48,-10.00
28,1,-1.00,-1.00,-1.00,-1.00,0.2575,1.8,0.66,0.66,-18.77,1.96,14.79,-2.04,-10.00
28,1,-1.00,-1.00,-1.00,-1.00,0.2236,1.8,0.58,0.60,-17.43,1.92,-5.24,1.54,-10.00
28,1,-1.00,-1.00,-1.00,-1.00,0.2206,1.8,0.66,0.71,-23.58,1.58,19.33,0.14,-10.00
28,1,-1.00,-1.00,-1.00,-1.00,0.1685,1.7,0.58,0.61,14.47,0.79,-22.67,1.53,-10.00
28,1,-1.00,-1.00,-1.00,-1.00,0.1678,1.6,0.69,0.65,23.85,-0.31,-21.12,-3.03,-10.00
28,1,-1.00,-1.00,-1.00,-1.00,0.1522,1.9,0.77,0.69,26.77,-0.49,-22.34,-2.90,-10.00
28,1,-1.00,-1.00,-1.00,-1.00,0.1417,1.8,0.74,0.72,23.92,0.17,-14.75,1.51,-10.00
28,1,-1.00,-1.00,-1.00,-1.00,0.1408,1.8,0.71,0.80,23.51,-0.18,-27.13,1.56,-10.00
28,1,-1.00,-1.00,-1.00,-1.00,0.1381,1.8,0.62,0.60,18.61,0.18,-45.24,-2.77,-10.00
28,1,1506.31,452.83,1539.64,515.37,0.1285,1.8,0.56,0.58,20.07,1.30,36.11,-1.60,-10.00
28,1,-1.00,-1.00,-1.00,-1.00,0.1277,1.8,0.63,0.60,20.47,0.09,-45.25,-3.14,-10.00
28,1,-1.00,-1.00,-1.00,-1.00,0.1225,1.8,0.59,0.66,-17.40,1.93,-6.01,1.53,-10.00
28,1,-1.00,-1.00,-1.00,-1.00,0.1198,1.8,0.64,0.70,-17.01,1.98,-5.68,1.53,-10.00
28,1,1245.76,444.31,1269.16,503.68,0.1087,1.8,0.64,0.58,13.51,1.04,39.30,-2.93,-10.00
29,1,-1.00,-1.00,-1.00,-1.00,0.5933,1.8,0.72,0.85,-15.43,2.01,3.53,-1.56,-10.00
29,1,-1.00,-1.00,-1.00,-1.00,0.5258,1.8,0.69,0.78,15.91,0.85,4.94,1.58,-10.00
29,1,-1.00,-1.00,-1.00,-1.00,0.4820,1.7,0.55,0.67,-16.49,2.04,8.34,-1.56,-10.00
29,1,-1.00,-1.00,-1.00,-1.00,0.4614,1.8,0.68,0.79,-14.51,2.01,10.02,-1.58,-10.00
29,1,-1.00,-1.00,-1.00,-1.00,0.4583,1.8,0.62,0.68,-17.43,1.72,-10.37,1.68,-10.00
29,1,-1.00,-1.00,-1.00,-1.00,0.4452,1.7,0.59,0.70,-15.77,2.02,8.04,-1.56,-10.00
29,1,-1.00,-1.00,-1.00,-1.00,0.4450,1.7,0.59,0.66,-16.64,1.73,-10.90,1.71,-10.00
29,1,-1.00,-1.00,-1.00,-1.00,0.3939,1.8,0.58,0.64,-16.08,1.99,9.30,-1.61,-10.00
29,1,-1.00,-1.00,-1.00,-1.00,0.3874,1.8,0.71,0.76,32.16,-0.24,-3.64,0.08,-10.00
29,1,-1.00,-1.00,-1.00,-1.00,0.3871,1.8,0.57,0.58,-12.17,1.61,-32.90,1.62,-10.00
29,1,-1.00,-1.00,-1.00,-1.00,0.3617,1.8,0.65,0.67,17.57,0.97,8.47,-1.87,-10.00
29,1,-1.00,-1.00,-1.00,-1.00,0.3541,1.8,0.64,0.60,29.34,0.18,-7.36,0.25,-10.00
29,1,-1.00,-1.00,-1.00,-1.00,0.3320,1.8,0.61,0.67,16.77,0.94,4.87,1.58,-10.00
29,1,-1.00,-1.00,-1.00,-1.00,0.3251,1.8,0.57,0.68,-16.72,1.92,-8.78,1.59,-10.00
29,1,-1.00,-1.00,-1.00,-1.00,0.3179,1.8,0.70,0.72,13.72,0.07,-50.34,-1.55,-10.00
29,1,-1.00,-1.00,-1.00,-1.00,0.3099,1.8,0.64,0.63,30.03,0.16,-6.42,0.34,-10.00
29,1,-1.00,-1.00,-1.00,-1.00,0.3006,1.8,0.68,0.88,23.41,0.86,8.41,-1.46,-10.00
29,1,1515.34,450.27,1556.13,522.32,0.2935,1.9,0.66,0.63,18.57,1.36,32.82,-1.51,-10.00
29,1,1257.29,455.92,1289.65,516.61,0.2880,1.8,0.68,0.68,13.75,1.43,38.55,1.53,-10.00
29,1,-1.00,-1.00,-1.00,-1.00,0.2587,1.8,0.62,0.69,14.50,0.11,-50.69,-1.54,-10.00
29,1,-1.00,-1.00,-1.00,-1.00,0.2557,1.8,0.65,0.73,-19.19,1.92,12.74,-1.65,-10.00
29,1,-1.00,-1.00,-1.00,-1.00,0.2515,1.7,0.76,0.78,23.65,-0.32,-23.57,1.53,-10.00
29,1,1162.56,463.16,1190.21,512.06,0.2481,1.9,0.69,0.74,13.64,1.63,48.85,2.47,-10.00
29,1,-1.00,-1.00,-1.00,-1.00,0.2389,1.8,0.66,0.59,28.92,0.26,-5.16,-3.01,-10.00
29,1,-1.00,-1.00,-1.00,-1.00,0.2156,1.8,0.61,0.58,-11.99,1.55,-33.73,-2.90,-10.00
29,1,-1.00,-1.00,-1.00,-1.00,0.2038,1.8,0.65,0.69,37.69,-0.29,-3.26,-1.60,-10.00
29,1,-1.00,-1.00,-1.00,-1.00,0.1460,1.7,0.75,0.79,23.47,-0.30,-29.52,0.21,-10.00
29,1,-1.00,-1.00,-1.00,-1.00,0.1434,1.8,0.58,0.58,20.37,-0.10,-47.67,-3.07,-10.00
29,1,-1.00,-1.00,-1.00,-1.00,0.1434,1.8,0.55,0.59,26.68,-0.33,-24.54,-1.75,-10.00
29,1,-1.00,-1.00,-1.00,-1.00,0.1335,1.7,0.72,0.76,32.49,0.00,-4.89,-3.01,-10.00
29,1,-1.00,-1.00,-1.00,-1.00,0.1254,1.9,0.66,0.61,18.61,0.15,-47.89,0.28,-10.00
29,1,-1.00,-1.00,-1.00,-1.00,0.1161,1.8,0.64,0.67,14.49,0.12,-51.18,-1.57,-10.00
29,1,1164.14,467.13,1193.05,515.42,0.1147,1.9,0.72,0.77,13.86,1.78,49.34,-0.37,-10.00
29,1,-1.00,-1.00,-1.00,-1.00,0.1110,1.7,0.60,0.63,27.22,-0.37,-24.78,-1.81,-10.00
29,1,-1.00,-1.00,-1.00,-1.00,0.1011,1.7,0.70,0.72,34.05,-0.17,-3.23,0.72,-10.00
30,1,-1.00,-1.00,-1.00,-1.00,0.6115,1.8,0.68,0.84,15.86,0.95,2.08,1.59,-10.00
30,1,-1.00,-1.00,-1.00,-1.00,0.4906,1.8,0.67,0.81,-15.45,1.96,1.88,-1.57,-10.00
30,1,-1.00,-1.00,-1.00,-1.00,0.4897,1.8,0.62,0.59,30.51,0.17,-8.85,0.19,-10.00
30,1,-1.00,-1.00,-1.00,-1.00,0.4681,1.7,0.57,0.66,-15.79,1.95,6.44,-1.57,-10.00
30,1,-1.00,-1.00,-1.00,-1.00,0.4672,1.8,0.60,0.69,-17.50,1.75,-13.16,1.56,-10.00
30,1,-1.00,-1.00,-1.00,-1.00,0.4232,1.8,0.65,0.67,17.57,1.06,6.87,-1.57,-10.00
30,1,-1.00,-1.00,-1.00,-1.00,0.3805,1.8,0.68,0.67,32.13,-0.10,-5.96,0.06,-10.00
30,1,-1.00,-1.00,-1.00,-1.00,0.3586,1.8,0.63,0.60,30.04,0.15,-9.95,0.23,-10.00
30,1,-1.00,-1.00,-1.00,-1.00,0.3467,1.8,0.63,0.77,-16.73,1.81,-13.75,1.61,-10.00
30,1,-1.00,-1.00,-1.00,-1.00,0.3454,1.8,0.69,0.64,28.41,0.38,-7.24,-3.09,-10.00
30,1,-1.00,-1.00,-1.00,-1.00,0.3256,1.8,0.53,0.54,-12.16,1.71,-35.25,0.61,-10.00
30,1,1549.67,443.53,1593.06,518.55,0.3249,1.8,0.64,0.63,18.55,1.20,31.22,-1.53,-10.00
30,1,-1.00,-1.00,-1.00,-1.00,0.3173,1.8,0.57,0.60,-16.37,1.93,7.65,-1.67,-10.00
30,1,-1.00,-1.00,-1.00,-1.00,0.3170,1.8,0.72,0.87,16.93,0.96,2.00,1.57,-10.00
30,1,-1.00,-1.00,-1.00,-1.00,0.3125,1.7,0.54,0.61,-16.56,2.02,6.49,-1.56,-10.00
30,1,-1.00,-1.00,-1.00,-1.00,0.2774,1.8,0.66,0.77,-14.63,2.05,8.27,-1.62,-10.00
30,1,1158.17,463.05,1189.53,513.31,0.2675,1.8,0.69,0.83,12.80,1.59,46.17,2.77,-10.00
30,1,-1.00,-1.00,-1.00,-1.00,0.2260,1.8,0.55,0.55,-12.01,1.59,-36.05,-2.98,-10.00
30,1,-1.00,-1.00,-1.00,-1.00,0.1792,1.8,0.62,0.63,18.52,0.15,-50.00,0.46,-10.00
30,1,-1.00,-1.00,-1.00,-1.00,0.1700,1.9,0.77,0.83,23.44,-0.06,-31.67,1.50,-10.00
30,1,-1.00,-1.00,-1.00,-1.00,0.1570,1.8,0.61,0.66,-19.26,1.71,10.71,-1.47,-10.00
30,1,-1.00,-1.00,-1.00,-1.00,0.1523,1.8,0.63,0.66,-23.37,1.47,-5.55,-1.57,-10.00
30,1,-1.00,-1.00,-1.00,-1.00,0.1431,1.8,0.57,0.60,-12.48,1.67,-35.03,1.64,-10.00
30,1,-1.00,-1.00,-1.00,-1.00,0.1398,1.8,0.59,0.68,-20.07,0.53,-18.64,0.42,-10.00
30,1,1288.80,458.11,1318.04,519.96,0.1291,1.8,0.58,0.58,13.75,1.43,36.13,0.02,-10.00
30,1,-1.00,-1.00,-1.00,-1.00,0.1238,1.7,0.72,0.75,-3.60,1.32,-48.72,-0.05,-10.00
30,1,-1.00,-1.00,-1.00,-1.00,0.1236,1.9,0.80,0.81,23.66,0.04,-19.51,1.64,-10.00
30,1,-1.00,-1.00,-1.00,-1.00,0.1189,1.8,0.72,0.67,20.39,0.11,-49.99,0.10,-10.00
30,1,-1.00,-1.00,-1.00,-1.00,0.1138,1.8,0.58,0.57,-19.50,1.73,-19.67,-1.65,-10.00
30,1,-1.00,-1.00,-1.00,-1.00,0.1071,1.7,0.69,0.69,32.58,-0.04,-6.91,-2.66,-10.00
30,1,-1.00,-1.00,-1.00,-1.00,0.1048,1.8,0.69,0.68,23.40,-0.20,-37.33,-0.05,-10.00
31,1,-1.00,-1.00,-1.00,-1.00,0.5586,1.7,0.61,0.71,-14.84,1.90,6.73,-1.63,-10.00
31,1,-1.00,-1.00,-1.00,-1.00,0.4150,1.8,0.59,0.69,-16.46,1.78,6.09,-1.63,-10.00
31,1,-1.00,-1.00,-1.00,-1.00,0.4014,1.8,0.69,0.79,-16.70,1.96,-16.39,1.59,-10.00
31,1,-1.00,-1.00,-1.00,-1.00,0.4007,1.8,0.67,0.74,17.46,1.06,5.55,-1.58,-10.00
31,1,-1.00,-1.00,-1.00,-1.00,0.3833,1.8,0.70,0.66,27.81,0.39,-9.22,-2.99,-10.00
31,1,-1.00,-1.00,-1.00,-1.00,0.3764,1.8,0.64,0.71,-17.50,1.87,-15.95,1.57,-10.00
31,1,-1.00,-1.00,-1.00,-1.00,0.3522,1.8,0.63,0.64,30.60,0.33,-12.12,0.08,-10.00
31,1,-1.00,-1.00,-1.00,-1.00,0.3487,1.8,0.69,0.78,15.82,0.84,-0.46,1.57,-10.00
31,1,-1.00,-1.00,-1.00,-1.00,0.3361,1.8,0.70,0.76,-23.82,1.40,-7.49,-3.01,-10.00
31,1,-1.00,-1.00,-1.00,-1.00,0.3337,1.8,0.66,0.63,31.20,0.27,-10.98,0.08,-10.00
31,1,-1.00,-1.00,-1.00,-1.00,0.3329,1.8,0.57,0.59,-12.09,1.53,-38.07,-2.99,-10.00
31,1,-1.00,-1.00,-1.00,-1.00,0.2953,1.8,0.71,0.90,-15.51,2.01,0.46,-1.60,-10.00
31,1,-1.00,-1.00,-1.00,-1.00,0.2789,1.8,0.62,0.70,16.70,0.84,-0.67,1.58,-10.00
31,1,-1.00,-1.00,-1.00,-1.00,0.2735,1.8,0.62,0.74,-15.83,1.87,4.90,-1.58,-10.00
31,1,1587.45,445.98,1600.00,523.71,0.2698,1.8,0.61,0.63,18.56,1.27,29.69,-1.53,-10.00
31,1,-1.00,-1.00,-1.00,-1.00,0.2664,1.8,0.67,0.63,32.05,-0.07,-8.08,-0.08,-10.00
31,1,1161.08,462.41,1189.22,514.50,0.2652,1.8,0.67,0.78,12.18,1.55,43.79,-3.09,-10.00
31,1,-1.00,-1.00,-1.00,-1.00,0.2515,1.8,0.52,0.56,-12.25,1.63,-37.24,0.92,-10.00
31,1,1345.31,452.13,1383.24,521.81,0.2343,1.8,0.65,0.67,14.23,1.36,33.18,1.55,-10.00
31,1,-1.00,-1.00,-1.00,-1.00,0.2004,1.5,0.67,0.68,-21.29,0.79,-21.92,1.53,-10.00
31,1,-1.00,-1.00,-1.00,-1.00,0.1798,1.7,0.57,0.66,-16.51,1.92,4.91,-1.60,-10.00
31,1,-1.00,-1.00,-1.00,-1.00,0.1327,1.7,0.67,0.68,23.50,0.03,-27.71,-2.71,-10.00
31,1,1336.59,459.32,1373.95,530.03,0.1089,1.8,0.64,0.65,13.73,1.55,32.56,1.56,-10.00
31,1,-1.00,-1.00,-1.00,-1.00,0.1062,1.7,0.66,0.64,32.55,0.04,-8.85,1.65,-10.00
31,1,-1.00,-1.00,-1.00,-1.00,0.1056,1.8,0.69,0.72,-3.61,1.23,-50.98,-0.05,-10.00
32,1,-1.00,-1.00,-1.00,-1.00,0.5634,1.7,0.57,0.64,-16.56,1.86,4.83,-1.62,-10.00
32,1,-1.00,-1.00,-1.00,-1.00,0.5387,1.9,0.73,0.80,17.48,1.09,4.39,-1.55,-10.00
32,1,-1.00,-1.00,-1.00,-1.00,0.4838,1.7,0.63,0.68,-14.97,1.83,5.47,-1.62,-10.00
32,1,-1.00,-1.00,-1.00,-1.00,0.4189,1.8,0.67,0.68,31.29,0.44,-14.01,0.11,-10.00
32,1,-1.00,-1.00,-1.00,-1.00,0.4182,1.8,0.65,0.66,31.73,0.28,-12.96,0.20,-10.00
32,1,-1.00,-1.00,-1.00,-1.00,0.4139,1.8,0.57,0.60,-12.26,1.62,-38.91,0.28,-10.00
32,1,-1.00,-1.00,-1.00,-1.00,0.3992,1.8,0.70,0.65,27.29,0.45,-10.92,-3.14,-10.00
32,1,-1.00,-1.00,-1.00,-1.00,0.3978,1.8,0.65,0.74,15.81,0.93,-2.79,1.57,-10.00
32,1,-1.00,-1.00,-1.00,-1.00,0.3364,1.8,0.57,0.64,-17.60,1.59,-18.36,1.69,-10.00
32,1,-1.00,-1.00,-1.00,-1.00,0.3320,1.8,0.59,0.66,-15.83,1.85,3.84,-1.56,-10.00
32,1,-1.00,-1.00,-1.00,-1.00,0.2868,1.8,0.59,0.63,-16.87,1.75,-18.74,1.67,-10.00
32,1,-1.00,-1.00,-1.00,-1.00,0.2823,1.8,0.57,0.58,-12.09,1.54,-39.73,-3.14,-10.00
32,1,-1.00,-1.00,-1.00,-1.00,0.2797,1.8,0.66,0.65,18.46,1.21,28.58,-1.51,-10.00
32,1,-1.00,-1.00,-1.00,-1.00,0.2687,1.8,0.71,0.90,-15.68,1.97,-0.70,-1.60,-10.00
32,1,1153.43,457.00,1183.66,511.76,0.2523,1.8,0.65,0.69,11.41,1.39,41.81,2.85,-10.00
32,1,-1.00,-1.00,-1.00,-1.00,0.2388,1.8,0.57,0.64,16.87,0.93,-3.06,1.54,-10.00
32,1,1383.16,447.43,1429.84,524.10,0.2130,1.8,0.71,0.81,14.25,1.32,30.79,1.57,-10.00
32,1,-1.00,-1.00,-1.00,-1.00,0.2087,1.7,0.55,0.61,-16.61,1.87,3.67,-1.61,-10.00
32,1,-1.00,-1.00,-1.00,-1.00,0.1860,1.8,0.55,0.59,-17.68,1.60,-16.40,1.57,-10.00
32,1,1379.51,465.99,1405.40,516.61,0.1762,1.8,0.63,0.67,20.61,1.69,45.64,0.67,-10.00
32,1,-1.00,-1.00,-1.00,-1.00,0.1702,1.7,0.61,0.66,-19.60,2.00,23.71,-2.32,-10.00
32,1,-1.00,-1.00,-1.00,-1.00,0.1236,1.3,0.57,0.61,11.27,0.95,-14.78,-1.58,-10.00
32,1,-1.00,-1.00,-1.00,-1.00,0.1219,1.7,0.78,0.77,23.52,-0.06,-29.58,1.15,-10.00
32,1,-1.00,-1.00,-1.00,-1.00,0.1141,1.8,0.62,0.64,20.11,1.21,27.61,-1.56,-10.00
32,1,-1.00,-1.00,-1.00,-1.00,0.1096,1.8,0.55,0.57,-12.17,1.60,-39.35,3.13,-10.00
32,1,-1.00,-1.00,-1.00,-1.00,0.1091,1.8,0.71,0.76,32.03,0.31,-10.11,0.15,-10.00
32,1,1363.22,448.96,1405.05,525.31,0.1076,1.8,0.68,0.69,13.75,1.36,30.90,1.60,-10.00
32,1,1128.38,444.25,1153.83,500.03,0.1013,1.8,0.57,0.57,10.29,0.97,40.99,-0.21,-10.00
33,1,-1.00,-1.00,-1.00,-1.00,0.4796,1.8,0.56,0.63,-15.87,1.75,2.79,-1.57,-10.00
33,1,-1.00,-1.00,-1.00,-1.00,0.4721,1.8,0.73,0.68,26.81,0.45,-12.42,3.13,-10.00
33,1,-1.00,-1.00,-1.00,-1.00,0.4518,1.8,0.59,0.63,-16.62,1.82,3.88,-1.60,-10.00
33,1,-1.00,-1.00,-1.00,-1.00,0.3900,1.8,0.61,0.65,-16.82,1.96,-20.81,1.58,-10.00
33,1,-1.00,-1.00,-1.00,-1.00,0.3789,1.7,0.54,0.60,-16.65,1.74,2.70,-1.57,-10.00
33,1,1438.14,446.74,1484.64,528.03,0.3695,1.8,0.66,0.66,14.46,1.32,28.54,1.57,-10.00
33,1,-1.00,-1.00,-1.00,-1.00,0.3616,1.7,0.57,0.65,16.56,0.96,-5.15,1.61,-10.00
33,1,-1.00,-1.00,-1.00,-1.00,0.3613,1.7,0.61,0.67,-15.04,1.73,4.42,-1.59,-10.00
33,1,-1.00,-1.00,-1.00,-1.00,0.3474,1.8,0.62,0.68,-17.58,1.80,-20.42,1.57,-10.00
33,1,-1.00,-1.00,-1.00,-1.00,0.3286,1.8,0.70,0.85,15.81,0.88,-4.86,1.58,-10.00
33,1,-1.00,-1.00,-1.00,-1.00,0.3223,1.8,0.59,0.60,-12.29,1.67,-40.49,0.19,-10.00
33,1,-1.00,-1.00,-1.00,-1.00,0.3179,1.8,0.68,0.76,17.37,1.23,3.51,-1.57,-10.00
33,1,-1.00,-1.00,-1.00,-1.00,0.3089,1.8,0.59,0.59,-12.12,1.60,-41.29,3.11,-10.00
33,1,-1.00,-1.00,-1.00,-1.00,0.2986,1.8,0.67,0.79,-15.65,1.90,-1.59,-1.55,-10.00
33,1,-1.00,-1.00,-1.00,-1.00,0.2744,1.8,0.71,0.68,31.97,0.56,-15.61,0.14,-10.00
33,1,-1.00,-1.00,-1.00,-1.00,0.2655,1.8,0.66,0.65,18.38,1.22,27.70,-1.52,-10.00
33,1,-1.00,-1.00,-1.00,-1.00,0.2569,1.8,0.64,0.66,32.44,0.40,-14.47,0.10,-10.00
33,1,-1.00,-1.00,-1.00,-1.00,0.2363,1.8,0.69,0.77,23.66,0.79,-5.21,1.55,-10.00
33,1,1199.88,463.88,1222.30,510.71,0.2115,1.8,0.63,0.66,15.16,1.60,49.41,1.56,-10.00
33,1,-1.00,-1.00,-1.00,-1.00,0.2099,1.8,0.65,0.69,24.56,0.76,-4.93,1.54,-10.00
33,1,-1.00,-1.00,-1.00,-1.00,0.1794,1.6,0.70,0.80,23.62,-0.11,-24.79,-3.00,-10.00
33,1,-1.00,-1.00,-1.00,-1.00,0.1519,1.8,0.73,0.74,23.53,-0.01,-31.17,1.55,-10.00
33,1,-1.00,-1.00,-1.00,-1.00,0.1379,1.8,0.64,0.53,23.83,0.21,-41.98,3.08,-10.00
33,1,-1.00,-1.00,-1.00,-1.00,0.1162,1.8,0.60,0.64,17.77,1.21,3.58,-1.57,-10.00
33,1,-1.00,-1.00,-1.00,-1.00,0.1055,1.8,0.68,0.66,22.99,-0.00,-42.85,0.33,-10.00
34,1,-1.00,-1.00,-1.00,-1.00,0.4889,1.7,0.54,0.64,-15.86,1.67,2.03,-1.58,-10.00
34,1,-1.00,-1.00,-1.00,-1.00,0.4579,1.8,0.70,0.88,15.78,0.97,-6.78,1.57,-10.00
34,1,-1.00,-1.00,-1.00,-1.00,0.4310,1.7,0.52,0.59,-16.67,1.67,1.90,-1.57,-10.00
34,1,-1.00,-1.00,-1.00,-1.00,0.4034,1.9,0.77,0.70,32.87,0.61,-16.06,0.32,-10.00
34,1,-1.00,-1.00,-1.00,-1.00,0.3832,1.8,0.71,0.65,32.45,0.57,-16.98,0.13,-10.00
34,1,1488.13,442.74,1544.38,531.57,0.3590,1.8,0.72,0.74,14.58,1.30,26.51,1.59,-10.00
34,1,-1.00,-1.00,-1.00,-1.00,0.3444,1.8,0.71,0.91,-15.70,1.87,-2.32,-1.57,-10.00
34,1,-1.00,-1.00,-1.00,-1.00,0.3321,1.7,0.61,0.68,-15.08,1.71,3.57,-1.56,-10.00
34,1,-1.00,-1.00,-1.00,-1.00,0.3221,1.8,0.77,0.70,26.35,0.53,-13.65,-3.01,-10.00
34,1,-1.00,-1.00,-1.00,-1.00,0.3036,1.8,0.63,0.70,17.30,1.21,2.72,-1.57,-10.00
34,1,-1.00,-1.00,-1.00,-1.00,0.2956,1.8,0.54,0.60,-16.85,1.74,3.12,-1.66,-10.00
34,1,-1.00,-1.00,-1.00,-1.00,0.2937,1.9,0.73,0.82,23.70,0.74,-7.14,1.47,-10.00
34,1,-1.00,-1.00,-1.00,-1.00,0.2907,1.8,0.54,0.61,-16.91,1.71,-22.73,1.62,-10.00
34,1,-1.00,-1.00,-1.00,-1.00,0.2721,1.8,0.64,0.72,18.43,1.10,26.99,-1.47,-10.00
34,1,-1.00,-1.00,-1.00,-1.00,0.2661,1.7,0.62,0.66,-19.61,1.78,20.91,-1.64,-10.00
34,1,-1.00,-1.00,-1.00,-1.00,0.2619,1.8,0.55,0.58,-12.29,1.63,-41.74,0.66,-10.00
34,1,-1.00,-1.00,-1.00,-1.00,0.2578,1.8,0.62,0.60,-12.18,1.53,-42.59,-2.96,-10.00
34,1,-1.00,-1.00,-1.00,-1.00,0.2569,1.8,0.71,0.68,23.56,0.16,-32.43,0.02,-10.00
34,1,-1.00,-1.00,-1.00,-1.00,0.2461,1.8,0.55,0.62,-17.69,1.50,-22.34,1.62,-10.00
34,1,-1.00,-1.00,-1.00,-1.00,0.1920,1.8,0.65,0.64,10.58,1.21,-35.14,1.63,-10.00
34,1,14.54,483.39,60.09,562.93,0.1913,1.7,0.57,0.60,-17.38,2.04,27.60,1.60,-10.00
34,1,-1.00,-1.00,-1.00,-1.00,0.1766,1.8,0.58,0.55,22.66,0.41,-43.23,0.29,-10.00
34,1,-1.00,-1.00,-1.00,-1.00,0.1717,1.7,0.58,0.67,16.61,0.99,-6.80,1.58,-10.00
34,1,-1.00,-1.00,-1.00,-1.00,0.1647,1.9,0.74,0.84,24.54,0.73,-6.91,1.48,-10.00
34,1,-1.00,-1.00,-1.00,-1.00,0.1538,1.8,0.54,0.59,-18.03,1.41,-24.38,1.64,-10.00
34,1,1212.25,460.62,1233.67,508.93,0.1526,1.8,0.58,0.59,15.08,1.47,47.68,1.57,-10.00
34,1,-1.00,-1.00,-1.00,-1.00,0.1331,1.8,0.60,0.60,-12.24,1.59,-42.16,-3.00,-10.00
34,1,-1.00,-1.00,-1.00,-1.00,0.1240,1.8,0.61,0.56,23.77,0.38,-43.32,-1.57,-10.00
34,1,-1.00,-1.00,-1.00,-1.00,0.1118,1.8,0.55,0.54,11.50,1.17,-19.05,-1.64,-10.00
34,1,-1.00,-1.00,-1.00,-1.00,0.1103,1.8,0.57,0.55,22.90,0.40,-42.92,0.23,-10.00
34,1,-1.00,-1.00,-1.00,-1.00,0.1068,1.1,0.54,0.56,11.66,0.94,-9.51,1.57,-10.00
34,1,-1.00,-1.00,-1.00,-1.00,0.1036,1.8,0.60,0.63,24.30,0.96,11.47,-0.11,-10.00
34,1,-1.00,-1.00,-1.00,-1.00,0.1005,1.8,0.56,0.54,-18.30,2.00,-7.73,-0.12,-10.00
35,1,-1.00,-1.00,-1.00,-1.00,0.5384,1.7,0.53,0.61,-15.77,1.58,1.50,-1.52,-10.00
35,1,-1.00,-1.00,-1.00,-1.00,0.4759,1.8,0.68,0.64,33.24,0.44,-18.21,0.34,-10.00
35,1,-1.00,-1.00,-1.00,-1.00,0.4368,1.8,0.71,0.89,-15.72,1.82,-2.86,-1.52,-10.00
35,1,-1.00,-1.00,-1.00,-1.00,0.4138,1.8,0.74,0.73,25.71,0.53,-14.78,-2.96,-10.00
35,1,-1.00,-1.00,-1.00,-1.00,0.3658,1.8,0.70,0.78,23.71,0.75,-8.84,1.54,-10.00
35,1,-1.00,-1.00,-1.00,-1.00,0.3639,1.9,0.72,0.74,33.53,0.50,-17.31,0.29,-10.00
35,1,-1.00,-1.00,-1.00,-1.00,0.3548,1.8,0.58,0.60,-16.88,1.75,-24.49,1.61,-10.00
35,1,-1.00,-1.00,-1.00,-1.00,0.3468,1.8,0.67,0.62,-12.21,1.45,-43.78,-2.95,-10.00
35,1,-1.00,-1.00,-1.00,-1.00,0.3329,1.8,0.57,0.63,-17.70,1.51,-24.02,1.54,-10.00
35,1,-1.00,-1.00,-1.00,-1.00,0.3242,1.8,0.72,0.91,15.78,0.91,-8.64,1.59,-10.00
35,1,-1.00,-1.00,-1.00,-1.00,0.3230,1.8,0.65,0.64,18.21,1.20,26.50,-1.59,-10.00
35,1,-1.00,-1.00,-1.00,-1.00,0.2962,1.7,0.51,0.56,-16.60,1.68,1.30,-1.58,-10.00
35,1,-1.00,-1.00,-1.00,-1.00,0.2881,1.7,0.59,0.64,-15.36,1.62,3.06,-1.56,-10.00
35,1,-1.00,-1.00,-1.00,-1.00,0.2860,1.8,0.55,0.58,-16.85,1.78,2.42,-1.54,-10.00
35,1,-1.00,-1.00,-1.00,-1.00,0.2759,1.8,0.65,0.82,17.12,1.25,2.19,-1.57,-10.00
35,1,-1.00,-1.00,-1.00,-1.00,0.2684,1.7,0.55,0.64,16.52,0.92,-8.63,1.63,-10.00
35,1,1537.45,438.90,1599.76,534.29,0.2325,1.8,0.72,0.74,14.57,1.26,24.62,1.58,-10.00
35,1,-1.00,-1.00,-1.00,-1.00,0.2086,1.8,0.63,0.70,24.46,0.72,-8.74,1.56,-10.00
35,1,-1.00,-1.00,-1.00,-1.00,0.1768,1.7,0.63,0.63,-19.64,1.80,19.71,-3.09,-10.00
35,1,-1.00,-1.00,-1.00,-1.00,0.1706,1.8,0.66,0.64,13.53,0.66,-34.70,1.54,-10.00
35,1,154.15,444.39,200.23,527.58,0.1400,1.8,0.63,0.62,-14.38,1.27,27.75,0.14,-10.00
35,1,-1.00,-1.00,-1.00,-1.00,0.1350,1.8,0.55,0.53,-18.32,1.93,-8.90,-0.18,-10.00
35,1,-1.00,-1.00,-1.00,-1.00,0.1322,1.7,0.64,0.53,23.72,0.19,-44.48,-3.10,-10.00
35,1,-1.00,-1.00,-1.00,-1.00,0.1188,1.8,0.65,0.64,26.30,0.46,-27.98,-1.52,-10.00
35,1,-1.00,-1.00,-1.00,-1.00,0.1136,1.8,0.60,0.58,-12.26,1.43,-43.37,-2.85,-10.00
35,1,-1.00,-1.00,-1.00,-1.00,0.1134,1.7,0.60,0.67,-15.65,1.64,2.83,-1.59,-10.00
35,1,-1.00,-1.00,-1.00,-1.00,0.1129,1.9,0.75,0.73,23.37,0.29,-39.63,1.46,-10.00
36,1,-1.00,-1.00,-1.00,-1.00,0.5264,1.8,0.68,0.76,15.75,0.91,-9.98,1.62,-10.00
36,1,-1.00,-1.00,-1.00,-1.00,0.4630,1.8,0.65,0.80,-15.76,1.83,-3.16,-1.58,-10.00
36,1,-1.00,-1.00,-1.00,-1.00,0.4308,1.7,0.57,0.66,-15.84,1.52,1.09,-1.54,-10.00
36,1,-1.00,-1.00,-1.00,-1.00,0.4267,1.8,0.65,0.76,17.04,1.33,1.95,-1.62,-10.00
36,1,-1.00,-1.00,-1.00,-1.00,0.4108,1.8,0.60,0.67,-16.86,1.86,-26.02,1.62,-10.00
36,1,-1.00,-1.00,-1.00,-1.00,0.3509,1.8,0.57,0.64,16.52,0.87,-10.01,1.62,-10.00
36,1,-1.00,-1.00,-1.00,-1.00,0.3429,1.8,0.58,0.66,-17.67,1.57,-25.58,1.58,-10.00
36,1,-1.00,-1.00,-1.00,-1.00,0.3405,1.9,0.76,0.68,25.30,0.66,-15.69,3.05,-10.00
36,1,-1.00,-1.00,-1.00,-1.00,0.3207,1.7,0.52,0.59,-16.58,1.67,0.85,-1.59,-10.00
36,1,-1.00,-1.00,-1.00,-1.00,0.3114,1.8,0.58,0.63,-16.94,1.68,2.29,-1.57,-10.00
36,1,1589.95,436.27,1600.00,537.44,0.3039,1.8,0.75,0.77,14.78,1.24,23.21,1.59,-10.00
36,1,-1.00,-1.00,-1.00,-1.00,0.2882,1.9,0.66,0.61,18.17,1.32,26.13,-1.60,-10.00
36,1,-1.00,-1.00,-1.00,-1.00,0.2617,1.9,0.67,0.62,37.91,0.64,13.13,0.01,-10.00
36,1,-1.00,-1.00,-1.00,-1.00,0.2192,1.8,0.65,0.63,-12.24,1.47,-44.63,-3.01,-10.00
36,1,-1.00,-1.00,-1.00,-1.00,0.2015,1.7,0.58,0.54,22.80,0.14,-45.29,0.04,-10.00
36,1,-1.00,-1.00,-1.00,-1.00,0.1922,1.8,0.58,0.50,23.71,0.07,-45.29,3.05,-10.00
36,1,-1.00,-1.00,-1.00,-1.00,0.1888,1.9,0.76,0.74,33.66,0.51,-19.25,0.16,-10.00
36,1,1247.73,436.96,1277.20,496.65,0.1815,1.9,0.65,0.66,13.81,0.83,39.72,0.01,-10.00
36,1,-1.00,-1.00,-1.00,-1.00,0.1621,1.8,0.53,0.46,23.36,0.19,-46.11,-3.12,-10.00
36,1,130.08,442.02,177.21,527.56,0.1566,1.8,0.63,0.60,-14.43,1.23,26.88,0.47,-10.00
36,1,-1.00,-1.00,-1.00,-1.00,0.1524,1.8,0.65,0.75,-18.62,1.59,-33.99,0.57,-10.00
36,1,-1.00,-1.00,-1.00,-1.00,0.1326,1.8,0.56,0.60,-18.08,1.53,-26.41,-1.51,-10.00
36,1,-1.00,-1.00,-1.00,-1.00,0.1294,1.8,0.55,0.64,-16.67,1.64,2.06,-1.53,-10.00
36,1,-1.00,-1.00,-1.00,-1.00,0.1269,1.8,0.65,0.68,-18.84,1.50,-33.61,0.24,-10.00
36,1,-1.00,-1.00,-1.00,-1.00,0.1264,1.8,0.62,0.57,22.96,0.25,-46.43,-3.11,-10.00
36,1,-1.00,-1.00,-1.00,-1.00,0.1242,1.8,0.81,0.77,20.08,1.39,22.81,1.53,-10.00
36,1,-1.00,-1.00,-1.00,-1.00,0.1192,1.8,0.57,0.56,-17.63,1.24,-23.66,1.59,-10.00
36,1,-1.00,-1.00,-1.00,-1.00,0.1174,1.9,0.78,0.78,23.37,0.39,-40.47,1.45,-10.00
36,1,-1.00,-1.00,-1.00,-1.00,0.1127,1.8,0.70,0.69,13.52,0.59,-35.55,-1.66,-10.00
36,1,-1.00,-1.00,-1.00,-1.00,0.1121,1.8,0.57,0.62,-18.54,1.55,-34.39,0.30,-10.00
36,1,-1.00,-1.00,-1.00,-1.00,0.1118,1.6,0.62,0.63,-18.86,1.56,-30.79,-0.05,-10.00
36,1,-1.00,-1.00,-1.00,-1.00,0.1101,1.8,0.62,0.59,-19.64,2.03,18.80,0.12,-10.00
36,1,-1.00,-1.00,-1.00,-1.00,0.1090,1.9,0.67,0.63,26.27,0.59,-34.57,-1.55,-10.00
36,1,-1.00,-1.00,-1.00,-1.00,0.1037,1.8,0.58,0.68,-18.22,1.67,-33.63,0.01,-10.00
36,1,-1.00,-1.00,-1.00,-1.00,0.1037,1.8,0.59,0.71,-16.88,1.68,1.16,-1.59,-10.00
36,1,1431.44,455.20,1464.30,511.11,0.1030,1.8,0.67,0.66,20.24,1.33,40.83,3.10,-10.00
36,1,-1.00,-1.00,-1.00,-1.00,0.1022,1.8,0.56,0.60,-17.65,1.35,-24.40,1.57,-10.00
36,1,-1.00,-1.00,-1.00,-1.00,0.1017,1.9,0.69,0.81,23.73,0.74,-10.30,1.51,-10.00
37,1,-1.00,-1.00,-1.00,-1.00,0.6248,1.8,0.67,0.77,-15.82,1.72,-3.25,-1.58,-10.00
37,1,-1.00,-1.00,-1.00,-1.00,0.4824,1.8,0.67,0.75,15.71,0.87,-11.24,1.64,-10.00
37,1,-1.00,-1.00,-1.00,-1.00,0.3850,1.8,0.63,0.75,-15.88,1.57,0.85,-1.57,-10.00
37,1,-1.00,-1.00,-1.00,-1.00,0.3833,1.8,0.67,0.66,24.82,0.75,-16.37,3.10,-10.00
37,1,-1.00,-1.00,-1.00,-1.00,0.3798,1.8,0.69,0.82,16.96,1.19,1.76,-1.62,-10.00
37,1,-1.00,-1.00,-1.00,-1.00,0.3439,1.8,0.62,0.58,18.03,1.31,26.01,-1.82,-10.00
37,1,-1.00,-1.00,-1.00,-1.00,0.3417,1.8,0.58,0.64,-17.64,1.65,-26.84,1.60,-10.00
37,1,-1.00,-1.00,-1.00,-1.00,0.3247,1.9,0.75,0.86,23.67,0.85,-11.62,1.54,-10.00
37,1,-1.00,-1.00,-1.00,-1.00,0.3220,1.8,0.60,0.66,16.43,0.92,-11.46,1.65,-10.00
37,1,-1.00,-1.00,-1.00,-1.00,0.3189,1.8,0.56,0.63,-16.85,1.75,-27.52,1.58,-10.00
37,1,-1.00,-1.00,-1.00,-1.00,0.2914,1.8,0.70,0.73,14.75,1.27,21.75,1.58,-10.00
37,1,1063.20,458.31,1103.19,525.05,0.2438,1.8,0.69,0.80,7.07,1.51,34.56,2.80,-10.00
37,1,-1.00,-1.00,-1.00,-1.00,0.2261,1.8,0.64,0.70,-17.73,1.63,-25.16,1.60,-10.00
37,1,-1.00,-1.00,-1.00,-1.00,0.2219,1.8,0.60,0.62,-17.03,1.76,1.57,-1.56,-10.00
37,1,-1.00,-1.00,-1.00,-1.00,0.1889,1.8,0.67,0.68,24.46,0.85,-11.56,1.51,-10.00
37,1,-1.00,-1.00,-1.00,-1.00,0.1666,1.8,0.61,0.51,23.71,0.09,-46.06,3.10,-10.00
37,1,-1.00,-1.00,-1.00,-1.00,0.1591,1.8,0.69,0.65,23.47,0.20,-35.25,-2.89,-10.00
37,1,-1.00,-1.00,-1.00,-1.00,0.1591,1.8,0.57,0.53,22.80,0.17,-46.05,0.07,-10.00
37,1,-1.00,-1.00,-1.00,-1.00,0.1572,1.8,0.59,0.53,-19.69,2.04,18.03,1.51,-10.00
37,1,-1.00,-1.00,-1.00,-1.00,0.1292,1.8,0.69,0.64,13.45,0.31,-36.30,-0.04,-10.00
37,1,-1.00,-1.00,-1.00,-1.00,0.1237,1.8,0.65,0.66,-16.54,1.63,0.80,-1.59,-10.00
37,1,-1.00,-1.00,-1.00,-1.00,0.1150,1.8,0.65,0.81,-17.29,1.84,1.89,-1.56,-10.00
37,1,-1.00,-1.00,-1.00,-1.00,0.1130,1.8,0.53,0.49,23.36,0.13,-46.86,-3.12,-10.00
37,1,-1.00,-1.00,-1.00,-1.00,0.1008,1.8,0.58,0.61,-18.45,1.39,-27.15,1.63,-10.00
38,1,-1.00,-1.00,-1.00,-1.00,0.6690,1.8,0.68,0.79,-15.82,1.70,-3.21,-1.55,-10.00
38,1,-1.00,-1.00,-1.00,-1.00,0.5613,1.8,0.72,0.84,15.73,0.87,-12.40,1.60,-10.00
38,1,-1.00,-1.00,-1.00,-1.00,0.4618,1.8,0.65,0.75,-15.79,1.56,0.84,-1.51,-10.00
38,1,-1.00,-1.00,-1.00,-1.00,0.4470,1.8,0.75,0.76,24.44,0.72,-16.83,-2.79,-10.00
38,1,-1.00,-1.00,-1.00,-1.00,0.4017,1.8,0.60,0.67,-16.91,1.58,-28.52,1.64,-10.00
38,1,1046.73,453.27,1087.63,523.28,0.3339,1.9,0.75,0.83,6.50,1.43,33.87,2.95,-10.00
38,1,-1.00,-1.00,-1.00,-1.00,0.3150,1.8,0.65,0.72,23.69,0.88,-12.77,1.56,-10.00
38,1,-1.00,-1.00,-1.00,-1.00,0.2985,1.8,0.69,0.84,16.94,1.20,1.77,-1.56,-10.00
38,1,-1.00,-1.00,-1.00,-1.00,0.2920,1.8,0.62,0.65,16.48,0.92,-12.47,1.63,-10.00
38,1,-1.00,-1.00,-1.00,-1.00,0.2582,1.8,0.59,0.58,17.96,1.28,26.14,-1.45,-10.00
38,1,-1.00,-1.00,-1.00,-1.00,0.2425,1.8,0.61,0.69,-17.60,1.51,-27.97,1.62,-10.00
38,1,-1.00,-1.00,-1.00,-1.00,0.2270,1.8,0.69,0.76,14.73,1.50,20.58,1.58,-10.00
38,1,-1.00,-1.00,-1.00,-1.00,0.2117,1.8,0.71,0.64,13.36,0.61,-36.80,0.15,-10.00
38,1,-1.00,-1.00,-1.00,-1.00,0.1940,1.9,0.63,0.55,22.78,0.26,-46.54,0.16,-10.00
38,1,-1.00,-1.00,-1.00,-1.00,0.1877,1.8,0.69,0.84,16.11,0.90,-12.68,1.61,-10.00
38,1,-1.00,-1.00,-1.00,-1.00,0.1797,1.8,0.56,0.62,-17.74,1.55,-26.02,1.56,-10.00
38,1,-1.00,-1.00,-1.00,-1.00,0.1677,1.8,0.61,0.64,24.40,0.90,-12.59,1.57,-10.00
38,1,-1.00,-1.00,-1.00,-1.00,0.1660,1.8,0.71,0.65,23.37,0.55,-41.72,1.48,-10.00
38,1,-1.00,-1.00,-1.00,-1.00,0.1568,1.8,0.60,0.66,-12.22,1.53,-46.11,3.03,-10.00
38,1,-1.00,-1.00,-1.00,-1.00,0.1427,1.3,0.67,0.67,12.38,0.75,-27.04,-3.06,-10.00
38,1,-1.00,-1.00,-1.00,-1.00,0.1285,1.9,0.62,0.48,23.73,0.24,-46.78,-3.07,-10.00
38,1,-1.00,-1.00,-1.00,-1.00,0.1197,1.9,0.62,0.56,23.25,0.25,-47.56,-3.06,-10.00
38,1,-1.00,-1.00,-1.00,-1.00,0.1195,1.8,0.56,0.57,-18.62,1.41,-32.01,-0.00,-10.00
38,1,-1.00,-1.00,-1.00,-1.00,0.1146,1.8,0.54,0.56,-18.67,1.36,-32.40,-0.04,-10.00
38,1,-1.00,-1.00,-1.00,-1.00,0.1078,1.8,0.63,0.65,25.77,0.32,-40.85,-1.54,-10.00
