0,1,-1.00,-1.00,-1.00,-1.00,0.1845,1.6,0.57,0.61,15.83,1.84,-22.70,1.65,-10.00
0,1,-1.00,-1.00,-1.00,-1.00,0.1543,1.7,0.54,0.53,19.13,1.47,10.51,1.67,-10.00
0,1,-1.00,-1.00,-1.00,-1.00,0.1201,1.8,0.69,0.72,-22.17,0.37,12.28,1.47,-10.00
0,1,1020.85,465.92,1041.94,515.25,0.1155,1.7,0.68,0.66,7.64,0.84,44.97,-1.49,-10.00
1,1,-1.00,-1.00,-1.00,-1.00,0.2342,1.8,0.71,0.69,-44.51,1.74,-7.27,3.04,-10.00
1,1,922.87,480.33,949.18,548.01,0.2241,1.7,0.62,0.69,3.13,1.46,33.08,-1.39,-10.00
1,1,931.43,470.31,952.50,522.03,0.1263,1.8,0.71,0.74,4.48,1.08,45.12,-1.50,-10.00
1,1,-1.00,-1.00,-1.00,-1.00,0.1046,1.8,0.63,0.59,16.45,1.63,-45.07,-3.04,-10.00
2,1,-1.00,-1.00,-1.00,-1.00,0.1114,1.9,0.67,0.67,-44.54,1.73,-9.65,-3.01,-10.00
2,1,-1.00,-1.00,-1.00,-1.00,0.1006,1.3,0.71,0.64,16.08,1.17,-26.71,-3.07,-10.00
3,1,-1.00,-1.00,-1.00,-1.00,0.1364,1.8,0.70,0.75,-44.51,2.62,0.32,-1.58,-10.00
4,1,-1.00,-1.00,-1.00,-1.00,0.1044,1.8,0.68,0.68,-44.28,2.05,-15.64,0.01,-10.00
5,1,232.49,427.68,259.39,489.01,0.1010,1.7,0.58,0.60,-16.36,-0.08,36.33,-1.81,-10.00
6,1,1469.63,476.56,1503.56,522.05,0.1647,1.4,0.66,0.76,21.24,0.96,40.13,1.55,-10.00
7,1,1501.82,476.62,1533.32,534.64,0.2186,1.7,0.60,0.64,21.10,1.29,38.11,1.59,-10.00
7,1,-1.00,-1.00,-1.00,-1.00,0.1747,1.7,0.61,0.60,18.68,1.36,25.37,1.62,-10.00
7,1,-1.00,-1.00,-1.00,-1.00,0.1291,1.7,0.58,0.60,19.17,1.35,25.39,-1.57,-10.00
7,1,-1.00,-1.00,-1.00,-1.00,0.1104,1.6,0.57,0.58,19.49,1.40,25.66,-1.59,-10.00
8,1,1525.23,479.64,1558.41,540.43,0.1714,1.7,0.61,0.66,20.76,1.39,36.25,1.68,-10.00
8,1,-1.00,-1.00,-1.00,-1.00,0.1069,1.8,0.66,0.71,-30.13,1.02,-11.68,-1.58,-10.00
9,1,1549.20,475.25,1588.25,539.22,0.2353,1.7,0.63,0.68,20.75,1.31,34.94,1.40,-10.00
9,1,-1.00,-1.00,-1.00,-1.00,0.1313,1.8,0.64,0.67,-30.14,0.98,-13.29,1.60,-10.00
10,1,1574.45,480.81,1600.00,547.38,0.2971,1.7,0.63,0.67,20.67,1.47,33.67,1.62,-10.00
10,1,-1.00,-1.00,-1.00,-1.00,0.1126,1.7,0.61,0.68,18.71,1.23,14.16,-0.03,-10.00
10,1,-1.00,-1.00,-1.00,-1.00,0.1038,1.3,0.67,0.68,-12.88,2.19,-39.71,-0.02,-10.00
11,1,1591.70,479.01,1600.00,548.03,0.2469,1.8,0.63,0.64,20.44,1.44,32.59,1.73,-10.00
12,1,-1.00,-1.00,-1.00,-1.00,0.2637,1.7,0.62,0.63,20.24,2.19,30.87,1.62,-10.00
12,1,317.29,476.27,348.06,538.74,0.1741,1.8,0.61,0.60,-13.70,1.33,35.89,0.04,-10.00
12,1,-1.00,-1.00,-1.00,-1.00,0.1392,1.4,0.61,0.65,18.77,1.58,20.16,3.10,-10.00
13,1,-1.00,-1.00,-1.00,-1.00,0.2153,1.7,0.54,0.56,19.86,2.21,29.05,-1.40,-10.00
13,1,-1.00,-1.00,-1.00,-1.00,0.1518,1.7,0.63,0.69,-13.33,1.30,1.38,-1.64,-10.00
13,1,-1.00,-1.00,-1.00,-1.00,0.1042,1.6,0.61,0.66,23.86,2.13,31.65,3.07,-10.00
13,1,-1.00,-1.00,-1.00,-1.00,0.1013,1.8,0.71,0.74,18.06,1.56,-41.54,-1.66,-10.00
14,1,-1.00,-1.00,-1.00,-1.00,0.2719,1.8,0.63,0.69,19.60,1.90,26.52,1.49,-10.00
14,1,-1.00,-1.00,-1.00,-1.00,0.1534,1.7,0.51,0.55,20.27,2.10,26.94,1.51,-10.00
15,1,-1.00,-1.00,-1.00,-1.00,0.2569,1.7,0.60,0.65,19.38,2.02,23.66,1.60,-10.00
15,1,-1.00,-1.00,-1.00,-1.00,0.1503,1.7,0.57,0.64,19.94,2.18,23.79,1.57,-10.00
16,1,-1.00,-1.00,-1.00,-1.00,0.2956,1.7,0.59,0.62,19.11,1.93,20.44,1.37,-10.00
16,1,-1.00,-1.00,-1.00,-1.00,0.1533,1.7,0.57,0.60,19.87,2.14,20.66,1.36,-10.00
17,1,-1.00,-1.00,-1.00,-1.00,0.2639,1.7,0.62,0.65,18.99,1.91,17.01,1.23,-10.00
17,1,-1.00,-1.00,-1.00,-1.00,0.1355,1.6,0.59,0.55,22.37,1.09,8.24,-1.64,-10.00
18,1,-1.00,-1.00,-1.00,-1.00,0.3454,1.7,0.61,0.66,18.74,1.90,13.42,1.42,-10.00
18,1,-1.00,-1.00,-1.00,-1.00,0.1510,1.7,0.54,0.59,19.42,2.06,13.81,1.45,-10.00
19,1,-1.00,-1.00,-1.00,-1.00,0.1446,1.7,0.59,0.60,18.70,1.94,10.51,1.42,-10.00
19,1,-1.00,-1.00,-1.00,-1.00,0.1236,1.7,0.58,0.59,19.37,2.12,10.90,1.38,-10.00
19,1,-1.00,-1.00,-1.00,-1.00,0.1096,1.7,0.64,0.67,18.35,1.86,10.20,1.51,-10.00
20,1,-1.00,-1.00,-1.00,-1.00,0.2602,1.7,0.60,0.64,18.62,2.10,6.17,1.54,-10.00
20,1,1391.19,441.94,1425.67,505.25,0.1181,1.8,0.71,0.72,17.46,0.40,37.35,0.09,-10.00
20,1,1593.39,442.78,1600.00,519.17,0.1114,1.8,0.66,0.61,18.85,0.65,29.87,1.60,-10.00
20,1,-1.00,-1.00,-1.00,-1.00,0.1060,1.6,0.56,0.59,19.37,2.26,6.58,1.54,-10.00
21,1,-1.00,-1.00,-1.00,-1.00,0.2762,1.7,0.56,0.61,18.62,2.02,1.78,1.54,-10.00
21,1,-1.00,-1.00,-1.00,-1.00,0.1355,1.7,0.64,0.61,20.16,0.91,9.32,1.61,-10.00
22,1,-1.00,-1.00,-1.00,-1.00,0.3239,1.7,0.60,0.64,18.65,2.11,-1.88,0.96,-10.00
22,1,1331.74,478.31,1361.99,513.65,0.1323,1.2,0.68,0.73,17.67,0.73,42.17,-1.62,-10.00
23,1,318.93,464.73,348.73,519.69,0.3780,1.8,0.74,0.74,-16.11,0.94,42.29,1.46,-10.00
23,1,-1.00,-1.00,-1.00,-1.00,0.2483,1.7,0.55,0.56,18.54,2.06,-6.35,-1.84,-10.00
23,1,-1.00,-1.00,-1.00,-1.00,0.1312,1.6,0.67,0.70,-17.46,0.45,-40.50,-1.56,-10.00
23,1,-1.00,-1.00,-1.00,-1.00,0.1074,1.5,0.63,0.66,-16.33,1.35,-13.32,-1.53,-10.00
24,1,255.25,464.20,291.41,525.53,0.3364,1.8,0.71,0.78,-16.11,1.00,37.58,1.57,-10.00
24,1,-1.00,-1.00,-1.00,-1.00,0.3171,1.7,0.61,0.66,18.47,2.11,-11.00,1.53,-10.00
24,1,-1.00,-1.00,-1.00,-1.00,0.1436,1.4,0.72,0.68,-17.66,0.38,-44.51,-2.08,-10.00
24,1,-1.00,-1.00,-1.00,-1.00,0.1267,1.6,0.65,0.58,-16.34,1.60,-17.37,-1.55,-10.00
25,1,185.95,467.80,226.83,536.19,0.3213,1.8,0.69,0.72,-15.98,1.16,33.20,1.58,-10.00
25,1,-1.00,-1.00,-1.00,-1.00,0.2758,1.7,0.64,0.71,18.42,2.08,-15.36,1.50,-10.00
25,1,-1.00,-1.00,-1.00,-1.00,0.1438,1.5,0.61,0.63,-18.74,0.58,-23.99,1.56,-10.00
25,1,-1.00,-1.00,-1.00,-1.00,0.1130,1.3,0.64,0.74,-16.63,1.23,-21.20,1.56,-10.00
26,1,108.03,462.48,154.06,540.76,0.3182,1.8,0.65,0.72,-15.74,1.12,29.11,1.55,-10.00
26,1,-1.00,-1.00,-1.00,-1.00,0.1675,1.7,0.56,0.58,18.23,2.42,-19.45,-1.66,-10.00
26,1,-1.00,-1.00,-1.00,-1.00,0.1588,1.1,0.62,0.75,18.02,1.48,26.23,3.14,-10.00
26,1,136.10,476.46,176.64,552.30,0.1361,1.7,0.59,0.59,-14.92,1.36,28.64,-1.61,-10.00
26,1,-1.00,-1.00,-1.00,-1.00,0.1242,1.8,0.69,0.72,-31.78,0.41,-15.68,-0.02,-10.00
27,1,0.00,444.94,49.90,534.40,0.2684,1.7,0.65,0.67,-15.66,0.84,24.98,1.52,-10.00
27,1,-1.00,-1.00,-1.00,-1.00,0.2401,1.7,0.63,0.64,18.12,2.36,-23.46,1.05,-10.00
27,1,43.69,427.56,84.98,502.40,0.1278,1.8,0.64,0.63,-17.96,0.26,30.26,-0.15,-10.00
27,1,-1.00,-1.00,-1.00,-1.00,0.1251,1.8,0.62,0.58,-17.01,0.81,18.24,1.51,-10.00
28,1,-1.00,-1.00,-1.00,-1.00,0.4692,1.8,0.70,0.81,-15.40,1.20,21.55,1.55,-10.00
28,1,-1.00,-1.00,-1.00,-1.00,0.2064,1.8,0.66,0.77,17.79,2.27,-26.96,1.54,-10.00
29,1,-1.00,-1.00,-1.00,-1.00,0.4294,1.8,0.68,0.80,-15.27,1.17,18.00,1.52,-10.00
29,1,-1.00,-1.00,-1.00,-1.00,0.2237,1.8,0.64,0.72,17.64,2.30,-30.55,1.64,-10.00
29,1,-1.00,-1.00,-1.00,-1.00,0.1606,1.6,0.73,0.80,-19.86,0.84,-36.24,1.61,-10.00
29,1,164.85,436.56,194.46,485.22,0.1220,1.7,0.66,0.70,-22.50,-0.23,44.77,-0.05,-10.00
29,1,-1.00,-1.00,-1.00,-1.00,0.1202,1.7,0.59,0.61,-17.39,0.80,24.68,-0.00,-10.00
29,1,0.00,474.81,47.00,534.98,0.1026,1.2,0.72,0.83,-16.40,0.88,25.92,0.18,-10.00
30,1,-1.00,-1.00,-1.00,-1.00,0.3247,1.8,0.67,0.81,-15.03,1.27,14.80,1.65,-10.00
30,1,-1.00,-1.00,-1.00,-1.00,0.2589,1.7,0.64,0.75,17.25,2.33,-33.75,1.59,-10.00
30,1,-1.00,-1.00,-1.00,-1.00,0.1706,0.98,0.75,0.81,18.59,1.92,13.62,-3.06,-10.00
30,1,-1.00,-1.00,-1.00,-1.00,0.1569,1.4,0.61,0.64,-16.82,1.30,14.65,-3.06,-10.00
30,1,-1.00,-1.00,-1.00,-1.00,0.1532,1.7,0.62,0.67,-21.31,0.16,24.65,0.13,-10.00
30,1,203.48,430.11,239.93,494.58,0.1475,1.8,0.64,0.68,-16.81,0.08,35.81,0.07,-10.00
30,1,-1.00,-1.00,-1.00,-1.00,0.1223,1.4,0.66,0.73,-16.75,1.40,-36.10,0.16,-10.00
30,1,251.42,433.04,282.68,490.46,0.1066,1.7,0.61,0.66,-16.81,-0.04,38.76,0.02,-10.00
31,1,-1.00,-1.00,-1.00,-1.00,0.2372,1.8,0.65,0.75,-15.04,1.20,11.44,1.55,-10.00
31,1,-1.00,-1.00,-1.00,-1.00,0.2334,1.8,0.67,0.75,17.17,2.73,-37.00,1.54,-10.00
31,1,811.79,448.53,849.80,528.05,0.1239,1.8,0.67,0.75,0.33,0.82,28.56,-2.97,-10.00
31,1,-1.00,-1.00,-1.00,-1.00,0.1191,1.8,0.74,0.71,31.65,2.23,-41.96,-3.10,-10.00
31,1,262.29,442.15,293.14,500.55,0.1097,1.8,0.68,0.70,-16.80,0.28,39.53,1.48,-10.00
31,1,1371.46,478.06,1395.59,520.17,0.1054,1.6,0.75,0.66,21.21,1.07,47.37,0.18,-10.00
32,1,-1.00,-1.00,-1.00,-1.00,0.4946,1.8,0.73,0.82,-15.01,1.43,8.68,1.54,-10.00
32,1,-1.00,-1.00,-1.00,-1.00,0.1060,1.7,0.62,0.61,-20.37,0.14,-22.47,-0.08,-10.00
32,1,-1.00,-1.00,-1.00,-1.00,0.1013,1.6,0.66,0.67,-20.47,0.67,-44.88,-0.03,-10.00
33,1,-1.00,-1.00,-1.00,-1.00,0.3997,1.8,0.68,0.81,-15.02,1.38,5.91,1.55,-10.00
33,1,-1.00,-1.00,-1.00,-1.00,0.2294,1.8,0.65,0.70,16.89,2.14,-42.19,1.55,-10.00
33,1,-1.00,-1.00,-1.00,-1.00,0.1686,1.7,0.57,0.64,17.71,2.32,-41.92,1.58,-10.00
33,1,72.35,428.33,115.99,505.43,0.1096,1.7,0.62,0.59,-16.54,0.31,29.02,0.09,-10.00
33,1,-1.00,-1.00,-1.00,-1.00,0.1069,1.7,0.63,0.69,19.15,1.84,-37.90,-1.57,-10.00
34,1,-1.00,-1.00,-1.00,-1.00,0.4720,1.7,0.62,0.76,-15.01,1.39,3.42,1.58,-10.00
34,1,-1.00,-1.00,-1.00,-1.00,0.2572,1.8,0.65,0.73,16.89,2.14,-44.35,1.55,-10.00
34,1,-1.00,-1.00,-1.00,-1.00,0.1931,1.8,0.63,0.72,-25.25,0.41,12.82,1.64,-10.00
34,1,-1.00,-1.00,-1.00,-1.00,0.1716,1.8,0.64,0.61,-16.58,0.46,23.95,0.04,-10.00
34,1,-1.00,-1.00,-1.00,-1.00,0.1027,1.7,0.60,0.69,17.62,2.40,-44.23,1.53,-10.00
35,1,-1.00,-1.00,-1.00,-1.00,0.4774,1.7,0.62,0.79,-15.01,1.29,1.17,1.55,-10.00
35,1,-1.00,-1.00,-1.00,-1.00,0.2115,1.7,0.64,0.63,19.67,2.33,-10.78,1.52,-10.00
35,1,-1.00,-1.00,-1.00,-1.00,0.1121,1.8,0.62,0.57,16.89,2.12,-45.94,-3.02,-10.00
35,1,-1.00,-1.00,-1.00,-1.00,0.1035,1.8,0.71,0.70,-16.66,0.90,4.69,0.05,-10.00
35,1,-1.00,-1.00,-1.00,-1.00,0.1007,1.7,0.64,0.59,22.71,0.53,5.27,-0.14,-10.00
35,1,-1.00,-1.00,-1.00,-1.00,0.1002,1.7,0.57,0.56,24.53,0.67,5.89,3.10,-10.00
36,1,-1.00,-1.00,-1.00,-1.00,0.5406,1.8,0.71,0.88,-15.04,1.47,-0.92,1.59,-10.00
36,1,-1.00,-1.00,-1.00,-1.00,0.2113,1.8,0.66,0.77,16.89,2.49,-48.17,1.53,-10.00
36,1,-1.00,-1.00,-1.00,-1.00,0.1338,1.8,0.65,0.64,19.15,2.12,-49.99,-0.13,-10.00
36,1,-1.00,-1.00,-1.00,-1.00,0.1213,1.8,0.68,0.60,19.68,2.14,-49.45,2.95,-10.00
37,1,-1.00,-1.00,-1.00,-1.00,0.4555,1.7,0.63,0.82,-14.99,1.36,-2.83,1.57,-10.00
37,1,-1.00,-1.00,-1.00,-1.00,0.1011,1.8,0.66,0.71,-32.48,-0.87,20.05,-3.01,-10.00
38,1,-1.00,-1.00,-1.00,-1.00,0.4263,1.8,0.70,0.90,-15.09,1.56,-4.45,1.63,-10.00
39,1,-1.00,-1.00,-1.00,-1.00,0.3700,1.8,0.71,0.94,-15.06,1.51,-5.72,1.54,-10.00
40,1,-1.00,-1.00,-1.00,-1.00,0.4701,1.8,0.68,0.84,-15.10,1.39,-6.82,1.57,-10.00
40,1,978.16,536.36,1018.79,629.16,0.1383,1.7,0.65,0.67,3.47,2.59,24.16,-1.61,-10.00
