0,1,-1.00,-1.00,-1.00,-1.00,0.5683,1.8,0.74,0.85,-18.53,1.94,10.09,-1.60,-10.00
1,1,-1.00,-1.00,-1.00,-1.00,0.6442,1.8,0.72,0.92,-18.48,1.94,9.17,1.51,-10.00
2,1,-1.00,-1.00,-1.00,-1.00,0.5118,1.8,0.72,0.87,-18.47,1.95,7.90,1.51,-10.00
2,1,237.86,418.44,346.08,633.42,0.3855,1.8,0.63,0.63,-4.49,1.35,10.57,1.55,-10.00
2,1,816.47,515.33,836.09,565.04,0.1383,1.8,0.65,0.64,-0.01,3.48,46.07,1.48,-10.00
2,1,-1.00,-1.00,-1.00,-1.00,0.1149,1.8,0.71,0.81,-21.69,1.06,-17.11,1.57,-10.00
2,1,-1.00,-1.00,-1.00,-1.00,0.1081,1.8,0.73,0.78,39.47,0.83,8.31,0.84,-10.00
2,1,-1.00,-1.00,-1.00,-1.00,0.1037,1.7,0.63,0.74,1.67,0.75,-18.49,-3.11,-10.00
3,1,-1.00,-1.00,-1.00,-1.00,0.5795,1.8,0.70,0.84,-18.51,1.93,5.96,1.54,-10.00
3,1,166.50,412.80,309.30,651.66,0.1007,1.8,0.75,0.77,-4.56,1.37,9.77,-1.64,-10.00
4,1,-1.00,-1.00,-1.00,-1.00,0.4741,1.8,0.76,0.88,-18.59,1.91,3.92,1.55,-10.00
4,1,-1.00,-1.00,-1.00,-1.00,0.1419,1.8,0.69,0.81,-25.96,0.86,-7.17,-1.99,-10.00
5,1,-1.00,-1.00,-1.00,-1.00,0.4364,1.8,0.70,0.87,-18.61,1.83,1.33,1.60,-10.00
5,1,-1.00,-1.00,-1.00,-1.00,0.1299,1.7,0.57,0.61,8.79,0.71,-22.68,1.55,-10.00
5,1,-1.00,-1.00,-1.00,-1.00,0.1155,1.8,0.70,0.71,39.13,0.45,5.42,1.50,-10.00
5,1,-1.00,-1.00,-1.00,-1.00,0.1058,1.7,0.56,0.57,8.17,0.74,-10.14,1.51,-10.00
6,1,-1.00,-1.00,-1.00,-1.00,0.3890,1.9,0.76,0.96,-18.64,1.74,-1.48,1.52,-10.00
6,1,-1.00,-1.00,-1.00,-1.00,0.1230,1.5,0.61,0.62,-25.86,0.35,-11.09,-0.03,-10.00
7,1,-1.00,-1.00,-1.00,-1.00,0.6650,1.8,0.73,0.88,-18.65,1.64,-4.38,1.50,-10.00
8,1,-1.00,-1.00,-1.00,-1.00,0.6148,1.8,0.69,0.87,-18.66,1.40,-7.16,1.48,-10.00
9,1,-1.00,-1.00,-1.00,-1.00,0.5199,1.8,0.68,0.82,-18.72,1.54,-10.36,1.50,-10.00
9,1,-1.00,-1.00,-1.00,-1.00,0.2228,1.8,0.60,0.60,47.69,0.08,0.08,-1.70,-10.00
9,1,-1.00,-1.00,-1.00,-1.00,0.1259,1.9,0.69,0.83,-19.49,1.68,-10.34,1.51,-10.00
10,1,-1.00,-1.00,-1.00,-1.00,0.3379,1.8,0.68,0.88,-18.80,1.79,-13.07,1.52,-10.00
11,1,-1.00,-1.00,-1.00,-1.00,0.5708,1.9,0.81,0.99,-19.09,1.75,-16.38,1.61,-10.00
11,1,-1.00,-1.00,-1.00,-1.00,0.1184,1.8,0.65,0.63,48.90,-2.96,-50.19,-0.21,-10.00
12,1,-1.00,-1.00,-1.00,-1.00,0.3636,1.8,0.72,0.96,-19.13,1.72,-19.91,1.54,-10.00
12,1,-1.00,-1.00,-1.00,-1.00,0.1159,1.8,0.56,0.60,-26.11,1.55,-25.04,1.51,-10.00
12,1,603.67,466.79,623.19,512.78,0.1031,1.8,0.68,0.66,-8.45,1.69,49.71,1.54,-10.00
13,1,-1.00,-1.00,-1.00,-1.00,0.5608,1.9,0.79,0.89,-19.26,1.77,-23.25,1.67,-10.00
13,1,-1.00,-1.00,-1.00,-1.00,0.1253,1.8,0.71,0.78,44.12,0.01,-7.04,-2.52,-10.00
13,1,-1.00,-1.00,-1.00,-1.00,0.1074,1.9,0.72,0.74,43.40,-0.01,-7.07,-2.39,-10.00
14,1,-1.00,-1.00,-1.00,-1.00,0.3235,1.8,0.71,0.89,-19.56,1.79,-26.49,1.54,-10.00
14,1,-1.00,-1.00,-1.00,-1.00,0.1573,1.8,0.63,0.69,-21.54,1.09,-40.85,-1.48,-10.00
14,1,-1.00,-1.00,-1.00,-1.00,0.1137,1.8,0.59,0.68,-21.05,1.13,-41.18,-1.52,-10.00
15,1,-1.00,-1.00,-1.00,-1.00,0.4168,1.8,0.67,0.75,-20.03,2.04,-29.32,1.55,-10.00
16,1,-1.00,-1.00,-1.00,-1.00,0.3770,1.9,0.74,0.85,-20.51,2.09,-32.32,1.58,-10.00
16,1,-1.00,-1.00,-1.00,-1.00,0.2210,1.8,0.66,0.67,-25.73,2.15,-34.36,1.50,-10.00
16,1,-1.00,-1.00,-1.00,-1.00,0.1819,1.8,0.61,0.64,-27.27,1.60,-33.94,-1.84,-10.00
16,1,-1.00,-1.00,-1.00,-1.00,0.1053,1.7,0.70,0.66,-24.47,2.37,-26.90,-2.43,-10.00
17,1,-1.00,-1.00,-1.00,-1.00,0.3059,1.9,0.71,0.80,-20.92,2.21,-34.89,1.60,-10.00
17,1,-1.00,-1.00,-1.00,-1.00,0.1179,1.6,0.70,0.78,-24.88,2.27,-28.83,-2.21,-10.00
18,1,-1.00,-1.00,-1.00,-1.00,0.4380,1.9,0.75,0.81,-21.38,2.22,-37.70,1.60,-10.00
18,1,-1.00,-1.00,-1.00,-1.00,0.1743,1.8,0.63,0.67,5.32,1.35,-33.94,0.39,-10.00
18,1,-1.00,-1.00,-1.00,-1.00,0.1664,1.9,0.64,0.58,6.51,1.36,-40.23,0.21,-10.00
18,1,-1.00,-1.00,-1.00,-1.00,0.1176,1.9,0.67,0.66,5.85,1.37,-33.44,-2.65,-10.00
18,1,-1.00,-1.00,-1.00,-1.00,0.1038,1.9,0.69,0.60,-49.84,2.40,40.76,-1.68,-10.00
19,1,-1.00,-1.00,-1.00,-1.00,0.2707,1.9,0.71,0.77,-21.77,2.33,-40.38,1.59,-10.00
19,1,-1.00,-1.00,-1.00,-1.00,0.1698,1.8,0.63,0.58,6.20,1.37,-41.95,-1.69,-10.00
19,1,-1.00,-1.00,-1.00,-1.00,0.1073,1.8,0.59,0.57,5.04,1.55,-35.94,-2.79,-10.00
20,1,1516.64,562.53,1544.81,611.38,0.1335,1.8,0.69,0.70,26.87,5.37,47.82,-2.93,-10.00
20,1,-1.00,-1.00,-1.00,-1.00,0.1076,1.8,0.61,0.64,5.43,1.05,-37.12,-2.95,-10.00
21,1,-1.00,-1.00,-1.00,-1.00,0.2303,1.8,0.69,0.70,5.39,1.18,-38.34,-2.83,-10.00
21,1,-1.00,-1.00,-1.00,-1.00,0.1323,1.5,0.77,0.81,-23.71,2.63,-37.51,0.03,-10.00
22,1,-1.00,-1.00,-1.00,-1.00,0.1730,1.8,0.70,0.70,-23.74,2.67,-38.31,-0.01,-10.00
23,1,-1.00,-1.00,-1.00,-1.00,0.1336,1.5,0.72,0.73,-23.73,2.57,-39.25,-3.06,-10.00
25,1,-1.00,-1.00,-1.00,-1.00,0.1118,1.9,0.71,0.68,8.63,2.05,-37.96,-2.01,-10.00
25,1,0.00,502.28,3.84,551.47,0.1004,1.9,0.76,0.66,-32.78,3.18,49.00,1.39,-10.00
26,1,0.00,503.21,11.82,552.44,0.1048,1.9,0.81,0.77,-32.52,3.21,48.95,0.14,-10.00
28,1,-1.00,-1.00,-1.00,-1.00,0.2350,1.8,0.66,0.63,5.06,0.64,-42.20,3.14,-10.00
28,1,-1.00,-1.00,-1.00,-1.00,0.1051,1.8,0.57,0.53,3.56,1.36,-49.09,2.99,-10.00
29,1,-1.00,-1.00,-1.00,-1.00,0.1528,1.8,0.66,0.66,33.41,-1.29,-31.16,-2.34,-10.00
29,1,-1.00,-1.00,-1.00,-1.00,0.1202,1.9,0.67,0.63,44.51,0.36,-51.14,-1.65,-10.00
29,1,-1.00,-1.00,-1.00,-1.00,0.1126,1.5,0.69,0.74,-23.85,2.55,-41.25,3.10,-10.00
30,1,-1.00,-1.00,-1.00,-1.00,0.1345,1.8,0.70,0.66,-21.72,2.67,-39.34,1.60,-10.00
31,1,-1.00,-1.00,-1.00,-1.00,0.1219,1.8,0.69,0.63,-21.73,2.64,-40.06,1.60,-10.00
31,1,-1.00,-1.00,-1.00,-1.00,0.1156,1.8,0.54,0.53,3.36,1.29,-50.39,2.88,-10.00
32,1,1065.21,498.50,1087.64,548.01,0.2511,1.9,0.78,0.74,9.58,2.98,48.05,-1.34,-10.00
32,1,-1.00,-1.00,-1.00,-1.00,0.1844,1.8,0.64,0.63,-26.12,3.92,35.63,0.15,-10.00
32,1,-1.00,-1.00,-1.00,-1.00,0.1591,1.8,0.68,0.62,-26.17,3.87,36.46,-0.17,-10.00
32,1,-1.00,-1.00,-1.00,-1.00,0.1131,1.9,0.68,0.66,5.20,1.51,-44.30,0.33,-10.00
32,1,1065.25,505.08,1089.29,554.52,0.1058,1.8,0.76,0.78,9.47,3.18,47.32,-1.50,-10.00
33,1,-1.00,-1.00,-1.00,-1.00,0.2154,1.9,0.66,0.57,-26.12,4.27,35.66,-0.14,-10.00
33,1,-1.00,-1.00,-1.00,-1.00,0.1580,1.8,0.66,0.61,-26.10,4.40,35.16,-0.07,-10.00
33,1,-1.00,-1.00,-1.00,-1.00,0.1315,1.9,0.87,0.77,-36.93,2.46,48.21,0.05,-10.00
34,1,-1.00,-1.00,-1.00,-1.00,0.1987,1.8,0.65,0.59,-25.89,4.44,34.33,-0.41,-10.00
34,1,-1.00,-1.00,-1.00,-1.00,0.1571,1.8,0.66,0.58,-26.05,4.37,35.14,-0.04,-10.00
36,1,-1.00,-1.00,-1.00,-1.00,0.1354,1.9,0.76,0.65,-32.15,3.24,43.71,0.22,-10.00
38,1,1218.58,507.33,1269.43,615.81,0.1254,1.7,0.52,0.54,6.81,2.35,20.45,2.80,-10.00
