0,1,1202.41,450.20,1246.43,538.81,0.1245,1.8,0.67,0.67,8.17,1.41,25.76,-1.51,-10.00
1,1,-1.00,-1.00,-1.00,-1.00,0.2954,1.8,0.62,0.56,6.40,1.06,-22.18,2.94,-10.00
2,1,-1.00,-1.00,-1.00,-1.00,0.3094,1.9,0.74,0.74,16.56,0.93,23.32,3.14,-10.00
2,1,-1.00,-1.00,-1.00,-1.00,0.1665,1.6,0.58,0.52,6.21,0.93,-25.83,2.95,-10.00
3,1,-1.00,-1.00,-1.00,-1.00,0.3638,1.9,0.70,0.63,16.51,0.90,19.69,-3.03,-10.00
3,1,126.87,492.48,167.67,560.70,0.3232,1.8,0.75,0.80,-18.26,2.43,33.68,-2.32,-10.00
3,1,988.46,458.37,1013.10,510.58,0.2600,1.8,0.69,0.74,6.21,1.44,44.67,0.30,-10.00
3,1,-1.00,-1.00,-1.00,-1.00,0.1421,1.9,0.61,0.53,6.19,0.99,-29.52,-3.10,-10.00
4,1,-1.00,-1.00,-1.00,-1.00,0.3354,1.8,0.69,0.64,16.44,0.76,16.19,-3.04,-10.00
4,1,37.02,504.55,81.76,578.48,0.3038,1.8,0.72,0.83,-18.69,2.62,30.53,-2.35,-10.00
4,1,1002.15,463.52,1023.09,518.77,0.1286,1.8,0.65,0.63,6.14,1.60,41.37,-2.96,-10.00
4,1,902.57,465.69,922.98,515.84,0.1160,1.8,0.65,0.66,3.09,1.64,45.01,3.13,-10.00
5,1,-1.00,-1.00,-1.00,-1.00,0.5343,1.9,0.71,0.65,16.40,0.87,12.91,3.13,-10.00
5,1,1007.77,465.31,1038.14,526.18,0.2963,1.8,0.67,0.74,5.93,1.69,37.86,3.06,-10.00
5,1,-1.00,-1.00,-1.00,-1.00,0.2835,1.8,0.74,0.78,-19.38,2.56,27.67,-2.46,-10.00
5,1,-1.00,-1.00,-1.00,-1.00,0.2246,1.8,0.63,0.66,-25.81,2.52,28.07,-1.68,-10.00
6,1,-1.00,-1.00,-1.00,-1.00,0.4487,1.8,0.73,0.81,-19.89,2.48,24.88,-2.36,-10.00
6,1,-1.00,-1.00,-1.00,-1.00,0.2788,1.8,0.64,0.61,-25.86,2.56,24.90,-1.63,-10.00
6,1,-1.00,-1.00,-1.00,-1.00,0.2773,1.8,0.68,0.62,16.40,0.71,9.69,-3.04,-10.00
6,1,1022.64,464.58,1048.54,530.81,0.1897,1.8,0.65,0.65,5.82,1.69,34.90,-3.03,-10.00
6,1,910.54,467.21,932.76,528.21,0.1386,1.9,0.67,0.65,2.92,1.79,38.57,-3.08,-10.00
7,1,-1.00,-1.00,-1.00,-1.00,0.4669,1.9,0.69,0.54,16.30,0.79,6.41,-0.06,-10.00
7,1,-1.00,-1.00,-1.00,-1.00,0.4363,1.8,0.76,0.77,-20.32,2.67,22.13,-2.27,-10.00
7,1,-1.00,-1.00,-1.00,-1.00,0.1071,1.8,0.70,0.79,-18.08,2.20,7.62,1.52,-10.00
8,1,1076.82,457.02,1114.41,540.64,0.3586,1.9,0.76,0.65,6.06,1.59,28.25,1.73,-10.00
8,1,-1.00,-1.00,-1.00,-1.00,0.3463,1.8,0.65,0.54,16.20,0.73,3.02,2.85,-10.00
8,1,-1.00,-1.00,-1.00,-1.00,0.3155,1.8,0.74,0.82,-20.69,2.63,19.48,-2.15,-10.00
9,1,1103.55,449.61,1156.83,545.87,0.5565,1.9,0.77,0.64,6.07,1.51,25.04,-0.70,-10.00
9,1,-1.00,-1.00,-1.00,-1.00,0.4500,1.8,0.67,0.61,16.09,0.79,-0.33,1.68,-10.00
9,1,884.17,459.69,907.42,509.75,0.3390,1.9,0.79,0.87,2.68,1.53,48.58,1.52,-10.00
9,1,-1.00,-1.00,-1.00,-1.00,0.3068,1.8,0.66,0.69,-21.08,2.48,16.77,-2.18,-10.00
9,1,-1.00,-1.00,-1.00,-1.00,0.1794,1.7,0.74,0.71,27.86,0.38,-5.75,-2.93,-10.00
9,1,-1.00,-1.00,-1.00,-1.00,0.1374,1.8,0.71,0.70,-25.38,2.46,28.90,0.19,-10.00
9,1,-1.00,-1.00,-1.00,-1.00,0.1223,1.9,0.66,0.60,5.70,0.56,-49.07,3.06,-10.00
10,1,1139.86,451.21,1196.50,560.77,0.4690,1.9,0.77,0.70,6.03,1.59,22.13,-2.52,-10.00
10,1,-1.00,-1.00,-1.00,-1.00,0.4300,1.8,0.66,0.64,26.94,0.43,-8.89,-2.63,-10.00
10,1,-1.00,-1.00,-1.00,-1.00,0.4048,1.8,0.66,0.62,15.79,0.72,-3.44,2.17,-10.00
10,1,888.68,459.47,911.78,513.71,0.3695,1.9,0.80,0.96,2.64,1.56,45.00,1.63,-10.00
10,1,-1.00,-1.00,-1.00,-1.00,0.3229,1.8,0.67,0.66,27.40,0.46,-8.35,-2.53,-10.00
10,1,-1.00,-1.00,-1.00,-1.00,0.2564,1.8,0.72,0.77,-21.34,2.32,14.32,-2.21,-10.00
11,1,-1.00,-1.00,-1.00,-1.00,0.5135,1.8,0.63,0.60,15.76,0.81,-6.78,1.86,-10.00
11,1,1192.35,439.31,1261.41,568.76,0.5115,1.9,0.78,0.71,6.04,1.48,18.90,-0.99,-10.00
11,1,894.95,463.42,921.18,521.98,0.3933,1.9,0.75,0.87,2.67,1.69,41.01,1.74,-10.00
11,1,-1.00,-1.00,-1.00,-1.00,0.3465,1.8,0.72,0.77,-21.74,1.99,11.55,-2.50,-10.00
11,1,-1.00,-1.00,-1.00,-1.00,0.1161,1.8,0.65,0.68,26.52,0.89,-11.75,-2.06,-10.00
12,1,1260.97,444.61,1344.57,599.56,0.6347,1.9,0.77,0.67,5.98,1.60,15.76,3.06,-10.00
12,1,-1.00,-1.00,-1.00,-1.00,0.4882,1.8,0.72,0.79,-22.18,2.21,8.77,-2.00,-10.00
12,1,-1.00,-1.00,-1.00,-1.00,0.3689,1.8,0.63,0.64,25.71,0.57,-14.39,-2.37,-10.00
12,1,903.54,470.30,931.46,535.14,0.3544,1.9,0.78,0.98,2.69,1.92,37.11,1.62,-10.00
12,1,-1.00,-1.00,-1.00,-1.00,0.3371,1.8,0.66,0.68,15.78,0.81,-10.23,2.02,-10.00
12,1,-1.00,-1.00,-1.00,-1.00,0.2817,1.8,0.69,0.70,26.32,0.55,-13.98,-2.45,-10.00
12,1,328.21,501.23,360.61,565.01,0.1497,1.8,0.70,0.72,-13.68,2.68,35.57,-1.72,-10.00
13,1,1365.56,448.19,1473.29,636.11,0.6294,1.8,0.71,0.62,5.97,1.64,12.64,2.94,-10.00
13,1,-1.00,-1.00,-1.00,-1.00,0.5682,1.8,0.69,0.70,25.61,0.59,-16.80,-2.41,-10.00
13,1,911.02,458.54,944.29,530.96,0.3998,1.9,0.75,0.96,2.67,1.60,33.05,1.76,-10.00
13,1,-1.00,-1.00,-1.00,-1.00,0.3689,1.8,0.66,0.66,25.11,0.61,-17.28,-2.34,-10.00
13,1,-1.00,-1.00,-1.00,-1.00,0.3676,1.8,0.76,0.85,-22.63,1.99,6.05,-2.26,-10.00
13,1,-1.00,-1.00,-1.00,-1.00,0.3409,1.8,0.67,0.60,15.74,0.82,-13.56,0.35,-10.00
13,1,-1.00,-1.00,-1.00,-1.00,0.1451,1.9,0.70,0.59,13.39,0.71,8.48,0.38,-10.00
14,1,934.78,459.50,975.07,544.48,0.5875,1.9,0.79,1.04,2.94,1.70,28.67,1.77,-10.00
14,1,-1.00,-1.00,-1.00,-1.00,0.4485,1.8,0.67,0.67,24.79,0.78,-20.02,-2.31,-10.00
14,1,1578.62,420.59,1600.00,699.20,0.3673,1.9,0.78,0.69,6.06,1.58,9.02,-0.34,-10.00
14,1,-1.00,-1.00,-1.00,-1.00,0.3660,1.8,0.66,0.56,15.55,0.82,-17.43,0.30,-10.00
14,1,-1.00,-1.00,-1.00,-1.00,0.3525,1.9,0.86,0.92,-23.30,1.82,3.18,-2.63,-10.00
14,1,-1.00,-1.00,-1.00,-1.00,0.2927,1.8,0.66,0.64,24.28,0.79,-20.50,-2.33,-10.00
14,1,-1.00,-1.00,-1.00,-1.00,0.1045,1.8,0.67,0.75,24.07,0.85,-20.07,-2.43,-10.00
15,1,-1.00,-1.00,-1.00,-1.00,0.5998,1.9,0.87,0.77,6.20,1.51,5.69,-0.34,-10.00
15,1,-1.00,-1.00,-1.00,-1.00,0.4854,1.8,0.68,0.59,15.23,0.76,-20.77,0.34,-10.00
15,1,-1.00,-1.00,-1.00,-1.00,0.4552,1.8,0.73,0.74,-23.71,1.98,0.53,-2.94,-10.00
15,1,-1.00,-1.00,-1.00,-1.00,0.3628,1.8,0.65,0.63,23.26,0.70,-23.65,-2.37,-10.00
15,1,-1.00,-1.00,-1.00,-1.00,0.3448,1.8,0.65,0.68,23.90,0.65,-22.93,-2.35,-10.00
15,1,963.15,460.94,1012.50,561.05,0.3247,1.9,0.85,1.10,3.19,1.78,24.70,1.78,-10.00
15,1,1272.85,464.13,1316.60,545.64,0.1364,1.6,0.70,0.69,9.17,1.48,24.57,-1.31,-10.00
16,1,-1.00,-1.00,-1.00,-1.00,0.6668,1.9,0.79,0.67,6.21,1.38,2.64,2.80,-10.00
16,1,-1.00,-1.00,-1.00,-1.00,0.5470,1.8,0.66,0.55,14.76,0.89,-23.90,-2.84,-10.00
16,1,-1.00,-1.00,-1.00,-1.00,0.5401,1.8,0.76,0.81,-24.29,2.05,-1.52,-2.65,-10.00
16,1,1000.69,446.80,1050.72,559.41,0.3646,1.8,0.78,1.03,3.35,1.49,21.05,1.73,-10.00
16,1,-1.00,-1.00,-1.00,-1.00,0.2728,1.8,0.63,0.62,22.27,0.73,-26.46,-2.58,-10.00
16,1,-1.00,-1.00,-1.00,-1.00,0.2467,1.8,0.66,0.68,23.00,0.75,-25.76,-2.26,-10.00
16,1,-1.00,-1.00,-1.00,-1.00,0.1865,1.8,0.66,0.67,22.24,0.79,-26.01,-2.41,-10.00
16,1,-1.00,-1.00,-1.00,-1.00,0.1257,1.8,0.71,0.68,37.52,0.62,41.14,2.20,-10.00
16,1,-1.00,-1.00,-1.00,-1.00,0.1175,1.8,0.63,0.60,-31.04,1.12,-47.49,0.67,-10.00
17,1,-1.00,-1.00,-1.00,-1.00,0.7644,1.9,0.81,0.68,6.21,1.36,-0.67,-0.16,-10.00
17,1,1059.49,436.00,1128.79,577.75,0.4245,1.9,0.79,1.06,3.64,1.45,17.11,1.69,-10.00
17,1,-1.00,-1.00,-1.00,-1.00,0.3604,1.8,0.68,0.69,21.18,0.94,-29.65,-2.67,-10.00
17,1,-1.00,-1.00,-1.00,-1.00,0.3001,1.8,0.64,0.58,14.19,0.98,-27.22,-2.67,-10.00
17,1,-1.00,-1.00,-1.00,-1.00,0.2944,1.8,0.69,0.74,-24.75,1.90,-3.85,-2.51,-10.00
17,1,-1.00,-1.00,-1.00,-1.00,0.2705,1.8,0.66,0.67,21.80,0.95,-28.95,-2.60,-10.00
17,1,-1.00,-1.00,-1.00,-1.00,0.1447,1.9,0.70,0.71,15.06,1.23,-36.80,-2.80,-10.00
18,1,-1.00,-1.00,-1.00,-1.00,0.6143,1.9,0.79,0.65,6.16,1.32,-4.12,-0.26,-10.00
18,1,1127.05,455.17,1228.13,645.98,0.5723,1.9,0.80,1.08,3.58,1.75,12.86,1.69,-10.00
18,1,-1.00,-1.00,-1.00,-1.00,0.4497,1.8,0.68,0.73,21.04,0.46,-32.04,-2.27,-10.00
18,1,-1.00,-1.00,-1.00,-1.00,0.3861,1.8,0.70,0.62,13.91,0.34,-30.84,0.41,-10.00
18,1,-1.00,-1.00,-1.00,-1.00,0.3420,1.8,0.81,0.84,-25.44,1.51,-6.99,-2.83,-10.00
18,1,-1.00,-1.00,-1.00,-1.00,0.2479,1.8,0.70,0.75,20.54,0.38,-32.72,-2.27,-10.00
19,1,1200.60,435.50,1356.04,713.28,0.6418,1.9,0.79,1.02,3.20,1.66,8.97,1.69,-10.00
19,1,-1.00,-1.00,-1.00,-1.00,0.6414,1.9,0.72,0.60,6.14,1.24,-7.17,3.01,-10.00
19,1,-1.00,-1.00,-1.00,-1.00,0.4266,1.8,0.73,0.74,-25.86,1.76,-10.03,-2.55,-10.00
19,1,-1.00,-1.00,-1.00,-1.00,0.4059,1.9,0.73,0.71,20.26,0.42,-35.19,-2.77,-10.00
19,1,-1.00,-1.00,-1.00,-1.00,0.3408,1.8,0.62,0.61,14.24,0.54,-33.91,-2.73,-10.00
19,1,-1.00,-1.00,-1.00,-1.00,0.2165,1.8,0.62,0.63,20.99,0.38,-34.50,-2.62,-10.00
19,1,-1.00,-1.00,-1.00,-1.00,0.1720,1.9,0.67,0.68,20.62,0.39,-34.79,-2.71,-10.00
19,1,-1.00,-1.00,-1.00,-1.00,0.1416,1.8,0.72,0.66,-38.63,1.63,1.10,1.96,-10.00
19,1,-1.00,-1.00,-1.00,-1.00,0.1115,1.8,0.66,0.74,26.36,-0.11,-25.55,2.70,-10.00
20,1,-1.00,-1.00,-1.00,-1.00,0.4130,1.8,0.68,0.62,6.24,1.31,-10.22,2.88,-10.00
20,1,-1.00,-1.00,-1.00,-1.00,0.2875,1.8,0.68,0.62,15.11,0.88,-36.75,-2.55,-10.00
20,1,-1.00,-1.00,-1.00,-1.00,0.2803,1.8,0.76,0.83,-26.25,1.11,-13.61,-2.63,-10.00
20,1,1377.80,382.99,1600.00,900.00,0.2293,1.9,0.83,1.22,2.92,1.63,5.11,1.67,-10.00
20,1,-1.00,-1.00,-1.00,-1.00,0.1312,1.5,0.58,0.57,7.09,0.70,-37.40,-2.67,-10.00
20,1,-1.00,-1.00,-1.00,-1.00,0.1196,1.8,0.61,0.55,15.29,0.93,-37.16,0.72,-10.00
21,1,-1.00,-1.00,-1.00,-1.00,0.4171,1.9,0.85,1.06,2.34,1.46,1.34,1.69,-10.00
21,1,-1.00,-1.00,-1.00,-1.00,0.2815,1.8,0.75,0.81,-26.09,1.88,-17.62,-2.62,-10.00
21,1,-1.00,-1.00,-1.00,-1.00,0.1028,1.7,0.67,0.71,-17.15,1.01,17.67,-0.29,-10.00
21,1,-1.00,-1.00,-1.00,-1.00,0.1015,1.8,0.62,0.58,16.56,0.81,-39.56,0.56,-10.00
22,1,-1.00,-1.00,-1.00,-1.00,0.5359,1.9,0.83,1.13,2.22,1.34,-2.59,1.59,-10.00
22,1,-1.00,-1.00,-1.00,-1.00,0.3781,1.8,0.71,0.74,-26.15,1.88,-21.57,-2.84,-10.00
22,1,-1.00,-1.00,-1.00,-1.00,0.1032,1.7,0.66,0.63,9.68,0.89,-43.22,-2.97,-10.00
23,1,-1.00,-1.00,-1.00,-1.00,0.4427,1.9,0.89,1.08,2.24,1.24,-6.53,1.52,-10.00
23,1,-1.00,-1.00,-1.00,-1.00,0.3097,1.8,0.70,0.72,-26.20,1.28,-25.44,-2.95,-10.00
23,1,-1.00,-1.00,-1.00,-1.00,0.1164,2.0,0.92,0.78,-48.77,1.20,-23.29,-0.03,-10.00
23,1,-1.00,-1.00,-1.00,-1.00,0.1085,1.8,0.65,0.72,-36.10,1.29,12.24,0.06,-10.00
24,1,-1.00,-1.00,-1.00,-1.00,0.4913,1.9,0.88,1.11,2.39,1.24,-10.68,1.51,-10.00
24,1,-1.00,-1.00,-1.00,-1.00,0.4729,1.9,0.70,0.75,-26.45,1.34,-29.14,-2.91,-10.00
24,1,-1.00,-1.00,-1.00,-1.00,0.2012,1.8,0.61,0.58,24.70,-2.28,-27.11,-0.04,-10.00
25,1,-1.00,-1.00,-1.00,-1.00,0.5915,1.9,0.86,1.11,2.49,1.15,-14.95,1.57,-10.00
25,1,-1.00,-1.00,-1.00,-1.00,0.2808,1.9,0.77,0.81,-26.87,1.93,-32.83,3.13,-10.00
25,1,-1.00,-1.00,-1.00,-1.00,0.1226,1.8,0.61,0.58,24.74,-2.47,-30.39,-3.14,-10.00
26,1,-1.00,-1.00,-1.00,-1.00,0.3078,1.9,0.73,0.77,-27.34,1.70,-36.41,-2.95,-10.00
26,1,-1.00,-1.00,-1.00,-1.00,0.2801,1.9,0.79,1.06,2.52,1.07,-19.13,1.54,-10.00
26,1,-1.00,-1.00,-1.00,-1.00,0.1317,1.8,0.68,0.70,-28.21,2.08,-31.87,0.38,-10.00
26,1,-1.00,-1.00,-1.00,-1.00,0.1244,1.8,0.59,0.56,24.72,-2.64,-33.89,3.04,-10.00
27,1,-1.00,-1.00,-1.00,-1.00,0.5574,1.9,0.80,1.12,2.69,1.07,-23.52,1.54,-10.00
27,1,-1.00,-1.00,-1.00,-1.00,0.4215,1.9,0.67,0.65,-27.92,1.07,-39.94,2.96,-10.00
27,1,-1.00,-1.00,-1.00,-1.00,0.2541,1.9,0.82,0.69,-42.16,0.53,-40.89,3.12,-10.00
27,1,-1.00,-1.00,-1.00,-1.00,0.1124,1.8,0.73,0.80,-40.03,1.84,15.81,0.18,-10.00
28,1,-1.00,-1.00,-1.00,-1.00,0.4041,1.9,0.83,1.09,2.62,1.06,-27.95,1.58,-10.00
28,1,-1.00,-1.00,-1.00,-1.00,0.3136,2.0,0.86,0.88,-28.60,1.27,-43.84,3.01,-10.00
29,1,-1.00,-1.00,-1.00,-1.00,0.4748,1.9,0.87,1.16,2.61,0.91,-32.55,1.57,-10.00
29,1,-1.00,-1.00,-1.00,-1.00,0.1877,1.9,0.77,0.82,-29.02,1.35,-47.55,-2.95,-10.00
30,1,-1.00,-1.00,-1.00,-1.00,0.3248,1.9,0.80,1.12,2.51,0.79,-36.62,1.56,-10.00
30,1,-1.00,-1.00,-1.00,-1.00,0.1688,1.8,0.67,0.72,-29.92,1.00,-50.79,-1.67,-10.00
31,1,-1.00,-1.00,-1.00,-1.00,0.5117,1.9,0.79,1.04,2.20,0.74,-41.05,1.61,-10.00
31,1,-1.00,-1.00,-1.00,-1.00,0.1183,1.4,0.63,0.68,-21.13,2.06,-11.62,-1.51,-10.00
31,1,418.29,475.03,439.50,525.50,0.1106,1.8,0.58,0.59,-14.47,2.01,45.60,3.09,-10.00
32,1,-1.00,-1.00,-1.00,-1.00,0.3720,1.9,0.79,1.07,2.12,0.54,-45.52,1.54,-10.00
33,1,-1.00,-1.00,-1.00,-1.00,0.3072,1.9,0.80,1.00,2.02,0.33,-49.96,1.63,-10.00
35,1,-1.00,-1.00,-1.00,-1.00,0.1901,1.8,0.69,0.63,-14.60,1.39,-43.35,1.68,-10.00
35,1,-1.00,-1.00,-1.00,-1.00,0.1708,1.8,0.69,0.65,-18.49,1.17,-34.72,0.09,-10.00
35,1,-1.00,-1.00,-1.00,-1.00,0.1143,1.8,0.77,0.76,4.50,0.67,3.05,0.13,-10.00
36,1,-1.00,-1.00,-1.00,-1.00,0.2771,1.9,0.81,0.84,19.66,-3.35,-44.22,-2.46,-10.00
36,1,-1.00,-1.00,-1.00,-1.00,0.1418,1.8,0.69,0.70,-18.67,1.58,-38.78,2.68,-10.00
36,1,-1.00,-1.00,-1.00,-1.00,0.1342,1.9,0.83,0.80,4.31,0.61,-0.97,-2.90,-10.00
36,1,-1.00,-1.00,-1.00,-1.00,0.1102,2.0,0.94,0.99,19.64,-3.37,-44.95,-2.67,-10.00
37,1,-1.00,-1.00,-1.00,-1.00,0.1141,1.8,0.70,0.64,4.27,0.81,-4.93,-3.01,-10.00
38,1,-1.00,-1.00,-1.00,-1.00,0.1328,1.9,0.79,0.73,4.21,0.86,-8.67,-2.76,-10.00
39,1,382.41,485.37,407.86,534.31,0.1676,1.7,0.58,0.64,-15.58,2.32,45.23,-2.57,-10.00
39,1,-1.00,-1.00,-1.00,-1.00,0.1174,1.8,0.59,0.52,4.15,0.78,-12.52,-2.97,-10.00
39,1,-1.00,-1.00,-1.00,-1.00,0.1030,1.8,0.73,0.72,-37.00,1.79,1.85,1.05,-10.00
