0,1,-1.00,-1.00,-1.00,-1.00,0.1079,1.7,0.67,0.64,-10.62,0.60,13.34,1.46,-10.00
2,1,-1.00,-1.00,-1.00,-1.00,0.1571,1.8,0.69,0.71,34.80,2.70,-49.91,0.71,-10.00
4,1,331.33,480.51,360.11,539.85,0.3044,1.8,0.61,0.59,-14.10,1.44,37.96,-3.10,-10.00
4,1,-1.00,-1.00,-1.00,-1.00,0.1487,1.8,0.69,0.82,-13.15,1.09,-50.95,-1.44,-10.00
4,1,-1.00,-1.00,-1.00,-1.00,0.1170,1.8,0.75,0.72,-7.81,0.11,-29.02,-2.47,-10.00
4,1,-1.00,-1.00,-1.00,-1.00,0.1064,2.0,1.06,1.24,-49.22,0.31,28.42,-0.02,-10.00
5,1,453.67,473.78,481.44,536.51,0.2252,1.8,0.67,0.61,-10.00,1.28,36.34,1.45,-10.00
5,1,-1.00,-1.00,-1.00,-1.00,0.1364,1.7,0.67,0.65,-10.80,0.07,-30.92,-1.38,-10.00
6,1,-1.00,-1.00,-1.00,-1.00,0.1756,1.8,0.65,0.54,-15.53,1.66,-30.60,-0.04,-10.00
7,1,-1.00,-1.00,-1.00,-1.00,0.1767,1.8,0.69,0.61,-20.23,1.78,-30.45,1.07,-10.00
7,1,-1.00,-1.00,-1.00,-1.00,0.1124,1.5,0.62,0.66,-31.75,0.60,21.46,-2.89,-10.00
7,1,-1.00,-1.00,-1.00,-1.00,0.1107,1.4,0.67,0.72,23.96,1.10,37.33,-1.15,-10.00
8,1,1062.12,476.49,1092.64,550.14,0.2387,1.7,0.66,0.62,5.97,1.33,28.99,1.74,-10.00
8,1,-1.00,-1.00,-1.00,-1.00,0.2067,1.7,0.64,0.63,30.39,1.39,35.26,-0.99,-10.00
8,1,-1.00,-1.00,-1.00,-1.00,0.1852,1.8,0.62,0.62,41.05,1.68,42.13,-2.29,-10.00
8,1,-1.00,-1.00,-1.00,-1.00,0.1203,1.7,0.61,0.54,41.20,1.57,42.83,0.67,-10.00
8,1,415.06,454.10,441.20,506.60,0.1151,1.8,0.66,0.63,-13.59,0.52,44.36,0.15,-10.00
8,1,-1.00,-1.00,-1.00,-1.00,0.1122,1.5,0.65,0.76,29.57,1.23,34.55,-1.15,-10.00
9,1,1388.02,465.58,1429.00,556.97,0.2777,1.7,0.66,0.60,11.45,1.25,24.51,1.90,-10.00
9,1,-1.00,-1.00,-1.00,-1.00,0.1253,1.7,0.62,0.64,44.25,1.19,29.75,-1.58,-10.00
9,1,-1.00,-1.00,-1.00,-1.00,0.1112,1.8,0.63,0.59,-29.67,0.37,31.06,0.42,-10.00
9,1,-1.00,-1.00,-1.00,-1.00,0.1007,1.7,0.61,0.64,-27.64,0.35,33.18,-0.70,-10.00
10,1,-1.00,-1.00,-1.00,-1.00,0.1337,1.8,0.64,0.58,41.05,1.34,14.88,-1.82,-10.00
10,1,-1.00,-1.00,-1.00,-1.00,0.1270,1.7,0.61,0.57,-35.13,1.18,-22.77,-0.19,-10.00
11,1,244.54,471.20,282.17,546.23,0.3193,1.7,0.62,0.59,-12.53,1.23,28.71,-0.08,-10.00
11,1,-1.00,-1.00,-1.00,-1.00,0.1557,1.7,0.62,0.63,18.78,1.70,12.88,1.82,-10.00
11,1,-1.00,-1.00,-1.00,-1.00,0.1396,1.8,0.70,0.65,-38.56,0.96,-19.65,3.05,-10.00
11,1,-1.00,-1.00,-1.00,-1.00,0.1361,1.8,0.62,0.60,9.69,1.50,-25.71,3.08,-10.00
11,1,926.62,421.23,951.55,473.64,0.1182,1.8,0.63,0.66,4.34,-0.65,44.72,1.18,-10.00
11,1,275.10,450.30,306.48,513.83,0.1053,1.7,0.59,0.65,-14.55,0.62,35.06,-0.14,-10.00
12,1,-1.00,-1.00,-1.00,-1.00,0.1630,1.6,0.63,0.63,5.83,1.34,-30.20,-2.71,-10.00
12,1,-1.00,-1.00,-1.00,-1.00,0.1298,1.8,0.63,0.56,39.35,2.05,-8.66,2.95,-10.00
12,1,-1.00,-1.00,-1.00,-1.00,0.1009,1.7,0.63,0.65,20.29,1.91,6.82,1.57,-10.00
13,1,-1.00,-1.00,-1.00,-1.00,0.1323,1.7,0.73,0.69,-30.83,0.74,38.41,-0.11,-10.00
13,1,427.42,424.62,453.94,489.86,0.1044,1.8,0.57,0.55,-10.51,-0.05,35.46,0.00,-10.00
15,1,-1.00,-1.00,-1.00,-1.00,0.1825,1.8,0.71,0.71,43.92,-0.95,20.87,0.03,-10.00
16,1,-1.00,-1.00,-1.00,-1.00,0.1455,1.9,0.73,0.72,43.81,-0.82,16.93,0.01,-10.00
16,1,488.26,474.14,508.79,518.21,0.1214,1.7,0.61,0.62,-12.44,1.04,49.58,0.02,-10.00
17,1,-1.00,-1.00,-1.00,-1.00,0.2071,1.8,0.61,0.56,17.77,1.97,8.17,1.48,-10.00
17,1,-1.00,-1.00,-1.00,-1.00,0.1820,1.7,0.63,0.63,20.07,2.00,-47.43,1.44,-10.00
17,1,414.19,466.78,440.34,518.12,0.1233,1.8,0.72,0.67,-13.70,0.93,44.62,0.02,-10.00
17,1,-1.00,-1.00,-1.00,-1.00,0.1157,1.8,0.82,0.80,-41.96,-0.72,-36.04,-1.44,-10.00
17,1,-1.00,-1.00,-1.00,-1.00,0.1001,2.0,0.89,1.00,-40.04,-1.03,47.97,0.04,-10.00
18,1,341.46,467.53,368.44,516.17,0.1237,1.5,0.60,0.63,-14.39,0.77,39.51,-0.06,-10.00
19,1,255.82,468.33,287.21,523.15,0.1450,1.5,0.61,0.65,-14.91,0.86,34.67,-0.19,-10.00
19,1,-1.00,-1.00,-1.00,-1.00,0.1447,1.8,0.65,0.65,-40.74,-0.90,-48.34,-2.95,-10.00
20,1,-1.00,-1.00,-1.00,-1.00,0.1105,1.7,0.70,0.66,9.33,1.68,-41.72,1.36,-10.00
21,1,780.47,466.37,801.36,518.66,0.1389,1.8,0.78,0.65,-0.90,0.96,45.13,0.09,-10.00
21,1,-1.00,-1.00,-1.00,-1.00,0.1121,1.5,0.74,0.82,-32.91,0.93,40.37,1.88,-10.00
22,1,777.59,461.50,797.44,517.95,0.1326,1.8,0.71,0.62,-0.93,0.85,40.96,3.12,-10.00
22,1,-1.00,-1.00,-1.00,-1.00,0.1281,1.7,0.64,0.66,-41.72,-0.01,22.31,-3.13,-10.00
22,1,-1.00,-1.00,-1.00,-1.00,0.1280,1.8,0.64,0.59,31.27,-0.52,-28.93,-0.02,-10.00
22,1,-1.00,-1.00,-1.00,-1.00,0.1259,1.8,0.69,0.63,-15.33,0.96,22.68,-0.17,-10.00
23,1,-1.00,-1.00,-1.00,-1.00,0.1436,1.6,0.74,0.67,-40.49,0.39,36.08,-0.19,-10.00
23,1,-1.00,-1.00,-1.00,-1.00,0.1046,1.7,0.63,0.62,-27.33,0.67,30.21,0.05,-10.00
23,1,792.76,458.81,817.55,520.43,0.1044,1.8,0.71,0.66,-0.33,0.84,36.95,3.06,-10.00
24,1,-1.00,-1.00,-1.00,-1.00,0.2212,1.5,0.76,0.76,-40.04,0.55,33.09,1.32,-10.00
24,1,-1.00,-1.00,-1.00,-1.00,0.2195,1.7,0.61,0.57,-22.16,1.04,19.92,-3.04,-10.00
24,1,813.79,462.70,847.06,533.00,0.1132,1.8,0.76,0.75,0.37,1.07,33.04,-0.15,-10.00
25,1,-1.00,-1.00,-1.00,-1.00,0.1413,1.7,0.65,0.67,-39.37,0.40,30.33,0.55,-10.00
25,1,-1.00,-1.00,-1.00,-1.00,0.1365,1.8,0.72,0.70,-20.96,1.04,16.25,3.10,-10.00
25,1,845.48,465.99,878.01,542.15,0.1081,1.7,0.70,0.66,1.05,1.17,29.45,-0.09,-10.00
26,1,-1.00,-1.00,-1.00,-1.00,0.1879,1.8,0.63,0.64,28.48,-0.00,-45.56,-2.68,-10.00
26,1,878.23,456.14,910.87,545.23,0.1794,1.8,0.67,0.60,1.61,1.10,26.18,3.11,-10.00
26,1,-1.00,-1.00,-1.00,-1.00,0.1663,1.7,0.66,0.61,17.94,1.34,15.30,-0.00,-10.00
26,1,851.29,457.12,883.55,548.03,0.1590,1.9,0.73,0.62,1.06,1.16,26.23,3.14,-10.00
26,1,-1.00,-1.00,-1.00,-1.00,0.1003,1.8,0.66,0.66,40.96,-0.71,-24.27,-1.76,-10.00
27,1,-1.00,-1.00,-1.00,-1.00,0.1463,1.7,0.75,0.78,-38.48,0.58,25.48,-2.96,-10.00
27,1,-1.00,-1.00,-1.00,-1.00,0.1339,1.8,0.64,0.68,-17.13,1.97,-51.02,1.61,-10.00
27,1,-1.00,-1.00,-1.00,-1.00,0.1254,1.7,0.66,0.70,-17.64,2.00,-51.00,1.64,-10.00
27,1,-1.00,-1.00,-1.00,-1.00,0.1012,1.8,0.73,0.73,40.88,-1.09,-27.78,-1.73,-10.00
28,1,909.21,445.95,958.61,559.05,0.2717,1.8,0.72,0.70,1.91,1.08,20.60,3.10,-10.00
29,1,-1.00,-1.00,-1.00,-1.00,0.1549,1.8,0.64,0.67,45.11,0.69,48.17,1.52,-10.00
31,1,-1.00,-1.00,-1.00,-1.00,0.1088,1.8,0.60,0.60,45.60,0.62,44.07,-3.07,-10.00
32,1,-1.00,-1.00,-1.00,-1.00,0.1303,1.8,0.70,0.81,38.32,0.22,42.57,0.34,-10.00
32,1,-1.00,-1.00,-1.00,-1.00,0.1041,1.8,0.71,0.69,-40.57,0.44,16.79,3.05,-10.00
33,1,-1.00,-1.00,-1.00,-1.00,0.1234,1.2,0.64,0.66,-25.35,0.82,8.26,0.00,-10.00
33,1,1129.17,465.56,1153.01,512.90,0.1175,1.8,0.61,0.63,12.35,0.81,48.14,0.93,-10.00
33,1,-1.00,-1.00,-1.00,-1.00,0.1087,1.8,0.70,0.66,39.63,-1.72,-39.93,-1.94,-10.00
34,1,63.05,452.65,111.52,535.31,0.2522,1.7,0.63,0.59,-15.38,0.92,26.73,0.21,-10.00
35,1,1143.05,462.07,1165.79,511.46,0.1430,1.8,0.65,0.65,12.45,0.73,46.65,-1.58,-10.00
35,1,1222.55,485.17,1252.23,533.60,0.1413,1.5,0.72,0.67,13.52,1.34,40.66,1.55,-10.00
35,1,-1.00,-1.00,-1.00,-1.00,0.1307,1.8,0.70,0.79,-40.51,0.73,14.41,-3.08,-10.00
35,1,0.00,444.40,25.02,727.55,0.1283,1.8,0.66,0.75,-5.76,1.47,8.26,-3.08,-10.00
36,1,1228.60,481.80,1258.83,536.38,0.1864,1.7,0.72,0.63,13.58,1.42,40.24,1.50,-10.00
36,1,-1.00,-1.00,-1.00,-1.00,0.1078,1.8,0.59,0.58,13.78,1.63,-45.07,1.58,-10.00
37,1,-1.00,-1.00,-1.00,-1.00,0.1209,1.8,0.73,0.76,-40.53,0.68,13.87,3.10,-10.00
37,1,-1.00,-1.00,-1.00,-1.00,0.1075,1.8,0.66,0.72,-5.74,1.54,7.48,-3.11,-10.00
37,1,1229.69,481.22,1259.05,537.18,0.1057,1.8,0.69,0.64,13.56,1.44,40.12,1.53,-10.00
39,1,-1.00,-1.00,-1.00,-1.00,0.1291,1.8,0.69,0.69,-40.51,0.61,13.61,0.07,-10.00
