0,1,-1.00,-1.00,-1.00,-1.00,0.3410,1.8,0.53,0.62,-11.03,1.51,-1.16,1.55,-10.00
0,1,-1.00,-1.00,-1.00,-1.00,0.2983,1.8,0.62,0.61,10.35,1.06,-9.97,-1.58,-10.00
0,1,-1.00,-1.00,-1.00,-1.00,0.2815,1.8,0.66,0.70,-11.19,1.48,13.25,-1.61,-10.00
0,1,-1.00,-1.00,-1.00,-1.00,0.2620,1.8,0.56,0.60,-11.05,1.36,-13.62,0.54,-10.00
0,1,378.44,479.21,409.76,541.79,0.2616,1.8,0.65,0.67,-12.72,2.11,36.86,1.63,-10.00
0,1,405.28,480.67,437.03,543.05,0.2534,1.8,0.67,0.75,-11.87,2.13,36.68,1.58,-10.00
0,1,1067.69,455.22,1097.63,523.43,0.2520,1.8,0.66,0.64,7.01,1.46,34.29,3.12,-10.00
0,1,-1.00,-1.00,-1.00,-1.00,0.1975,1.8,0.51,0.55,-10.86,1.23,-16.95,-1.61,-10.00
0,1,1206.57,430.30,1241.64,495.29,0.1855,1.8,0.67,0.74,11.34,0.71,35.75,1.47,-10.00
0,1,966.54,456.24,987.51,510.61,0.1740,1.8,0.57,0.60,5.08,1.36,42.35,-1.64,-10.00
0,1,562.01,474.14,585.35,524.52,0.1348,1.8,0.75,0.92,-9.29,2.00,46.05,-1.68,-10.00
0,1,-1.00,-1.00,-1.00,-1.00,0.1213,1.7,0.59,0.70,-9.12,1.46,-17.26,1.56,-10.00
0,1,629.01,466.25,666.16,532.10,0.1196,1.9,0.91,1.04,-5.40,1.87,37.81,1.64,-10.00
0,1,955.34,459.35,975.15,513.40,0.1120,1.8,0.56,0.54,4.73,1.47,42.72,-1.62,-10.00
0,1,-1.00,-1.00,-1.00,-1.00,0.1119,1.8,0.53,0.49,13.40,0.69,-10.68,3.14,-10.00
0,1,-1.00,-1.00,-1.00,-1.00,0.1016,1.8,0.59,0.58,9.69,0.94,-13.92,1.57,-10.00
1,1,-1.00,-1.00,-1.00,-1.00,0.5432,1.8,0.72,0.82,10.48,1.14,-10.64,1.53,-10.00
1,1,-1.00,-1.00,-1.00,-1.00,0.4242,1.8,0.57,0.72,-11.04,1.56,-1.76,1.55,-10.00
1,1,965.90,459.34,984.41,512.39,0.4046,1.8,0.52,0.53,5.01,1.42,42.29,3.12,-10.00
1,1,954.76,460.77,972.09,511.30,0.3825,1.7,0.48,0.48,4.69,1.41,42.96,3.05,-10.00
1,1,381.83,473.69,409.44,534.86,0.3310,1.8,0.63,0.66,-12.90,1.94,37.52,-1.68,-10.00
1,1,1064.62,452.76,1095.42,521.97,0.3198,1.9,0.68,0.59,6.93,1.42,34.29,2.99,-10.00
1,1,410.85,470.93,438.69,533.56,0.2950,1.8,0.67,0.67,-11.92,1.88,37.18,-1.71,-10.00
1,1,655.41,465.26,690.15,527.41,0.2772,1.8,0.72,0.84,-4.59,1.71,37.42,0.21,-10.00
1,1,-1.00,-1.00,-1.00,-1.00,0.2514,1.8,0.73,0.89,-11.17,1.63,12.68,1.50,-10.00
1,1,655.35,470.94,675.47,519.57,0.2110,1.8,0.70,0.64,-6.11,1.87,47.50,1.54,-10.00
1,1,-1.00,-1.00,-1.00,-1.00,0.1742,1.8,0.51,0.53,-11.06,1.30,-13.64,-0.08,-10.00
1,1,-1.00,-1.00,-1.00,-1.00,0.1639,1.8,0.54,0.63,-10.94,1.82,-2.88,1.56,-10.00
1,1,-1.00,-1.00,-1.00,-1.00,0.1330,1.8,0.60,0.63,-10.85,1.27,-16.99,1.55,-10.00
1,1,-1.00,-1.00,-1.00,-1.00,0.1155,1.8,0.59,0.60,-12.33,1.22,-2.01,1.57,-10.00
1,1,663.55,466.90,684.16,516.14,0.1120,1.8,0.72,0.70,-5.76,1.73,47.24,1.52,-10.00
2,1,-1.00,-1.00,-1.00,-1.00,0.4577,1.8,0.67,0.85,-10.97,1.56,-2.51,1.50,-10.00
2,1,965.51,461.57,982.68,514.52,0.4082,1.8,0.47,0.48,4.97,1.49,42.22,3.11,-10.00
2,1,955.02,462.72,970.30,512.86,0.3944,1.7,0.46,0.43,4.66,1.46,42.94,3.08,-10.00
2,1,-1.00,-1.00,-1.00,-1.00,0.3011,1.8,0.72,0.94,10.58,1.31,-11.25,1.45,-10.00
2,1,1064.94,451.69,1094.16,520.12,0.2996,1.8,0.65,0.58,6.91,1.36,34.27,3.03,-10.00
2,1,411.09,473.88,439.38,534.40,0.2921,1.8,0.63,0.69,-12.06,1.93,37.66,-1.60,-10.00
2,1,393.48,474.89,422.47,535.25,0.2893,1.8,0.63,0.65,-12.70,1.98,38.02,-1.53,-10.00
2,1,-1.00,-1.00,-1.00,-1.00,0.2164,1.8,0.68,0.82,-10.96,1.65,11.88,1.52,-10.00
2,1,970.39,465.99,990.86,518.95,0.1841,1.8,0.57,0.55,5.38,1.71,43.81,3.00,-10.00
2,1,-1.00,-1.00,-1.00,-1.00,0.1696,1.8,0.54,0.56,-11.11,1.31,-13.64,-0.01,-10.00
2,1,-1.00,-1.00,-1.00,-1.00,0.1290,1.8,0.58,0.62,-10.87,1.22,-16.99,1.52,-10.00
2,1,954.40,462.16,969.12,512.82,0.1226,1.7,0.52,0.46,4.67,1.47,43.31,-3.08,-10.00
3,1,-1.00,-1.00,-1.00,-1.00,0.3947,1.8,0.68,0.88,-10.93,1.65,11.11,1.49,-10.00
3,1,-1.00,-1.00,-1.00,-1.00,0.3886,1.8,0.69,0.76,10.60,1.32,-11.90,1.54,-10.00
3,1,396.95,472.48,423.12,531.46,0.3794,1.8,0.59,0.62,-12.88,1.90,38.74,-1.59,-10.00
3,1,419.17,470.64,444.76,529.48,0.3510,1.8,0.60,0.64,-12.07,1.82,38.34,-1.63,-10.00
3,1,954.11,463.97,972.05,515.41,0.3354,1.7,0.52,0.48,4.68,1.55,42.96,3.02,-10.00
3,1,965.53,461.38,983.01,514.73,0.3309,1.8,0.49,0.48,4.97,1.50,42.16,3.09,-10.00
3,1,1065.90,454.40,1094.12,522.60,0.2942,1.8,0.64,0.56,6.93,1.43,34.29,3.05,-10.00
3,1,-1.00,-1.00,-1.00,-1.00,0.2332,1.8,0.61,0.76,-10.97,1.75,-3.24,1.57,-10.00
3,1,-1.00,-1.00,-1.00,-1.00,0.1828,1.8,0.52,0.53,-11.06,1.28,-13.64,-0.02,-10.00
3,1,-1.00,-1.00,-1.00,-1.00,0.1811,1.7,0.59,0.78,-10.97,1.67,-2.11,-1.62,-10.00
3,1,-1.00,-1.00,-1.00,-1.00,0.1810,1.7,0.60,0.67,-10.72,1.77,-2.85,1.45,-10.00
3,1,-1.00,-1.00,-1.00,-1.00,0.1424,1.8,0.60,0.57,-12.36,1.23,-1.98,1.54,-10.00
3,1,648.05,467.84,668.84,518.96,0.1086,1.8,0.63,0.68,-6.11,1.77,45.54,1.63,-10.00
3,1,-1.00,-1.00,-1.00,-1.00,0.1053,1.8,0.61,0.59,12.82,0.98,-10.21,1.48,-10.00
3,1,-1.00,-1.00,-1.00,-1.00,0.1019,1.8,0.59,0.62,-10.88,1.13,-16.96,-1.58,-10.00
4,1,-1.00,-1.00,-1.00,-1.00,0.4290,1.9,0.74,1.01,-10.84,1.71,10.42,1.50,-10.00
4,1,955.49,460.44,971.77,511.32,0.4120,1.7,0.48,0.45,4.70,1.41,42.95,3.06,-10.00
4,1,426.11,469.67,451.81,527.94,0.3802,1.8,0.61,0.65,-12.11,1.80,39.14,-1.61,-10.00
4,1,1065.09,458.17,1092.45,525.96,0.3554,1.8,0.67,0.56,6.94,1.53,34.49,3.11,-10.00
4,1,965.12,459.29,982.69,512.21,0.3266,1.8,0.49,0.47,4.96,1.41,42.17,3.06,-10.00
4,1,403.88,471.41,428.87,528.83,0.2767,1.8,0.58,0.61,-12.93,1.85,39.51,-1.59,-10.00
4,1,-1.00,-1.00,-1.00,-1.00,0.2664,1.8,0.61,0.64,10.72,1.22,-12.65,1.54,-10.00
4,1,-1.00,-1.00,-1.00,-1.00,0.2625,1.8,0.62,0.65,-8.36,1.39,-50.47,-1.64,-10.00
4,1,-1.00,-1.00,-1.00,-1.00,0.1712,1.8,0.54,0.55,-11.07,1.39,-13.63,-0.01,-10.00
4,1,-1.00,-1.00,-1.00,-1.00,0.1461,1.8,0.57,0.60,-10.86,1.19,-16.98,1.54,-10.00
4,1,971.24,463.84,989.00,516.35,0.1425,1.8,0.56,0.55,5.37,1.61,43.83,-3.10,-10.00
4,1,-1.00,-1.00,-1.00,-1.00,0.1102,1.9,0.66,0.73,-7.51,0.95,-49.78,-1.67,-10.00
4,1,946.29,461.42,963.92,512.47,0.1009,1.7,0.50,0.47,4.38,1.44,42.68,3.02,-10.00
5,1,406.99,475.23,433.19,532.59,0.4807,1.8,0.62,0.64,-12.97,1.99,40.00,-1.59,-10.00
5,1,955.65,465.18,972.19,516.34,0.4127,1.7,0.50,0.45,4.70,1.58,42.92,3.05,-10.00
5,1,964.99,464.19,983.40,517.22,0.3494,1.8,0.48,0.48,4.97,1.58,42.16,3.00,-10.00
5,1,-1.00,-1.00,-1.00,-1.00,0.3434,1.9,0.71,0.76,-8.38,1.08,-49.72,-1.62,-10.00
5,1,-1.00,-1.00,-1.00,-1.00,0.3268,1.8,0.72,0.83,-10.80,1.56,9.64,1.46,-10.00
5,1,1063.22,450.10,1093.99,520.72,0.3260,1.9,0.75,0.63,6.93,1.39,34.49,3.10,-10.00
5,1,436.31,471.98,461.07,529.46,0.2785,1.8,0.61,0.63,-12.04,1.89,39.93,-1.62,-10.00
5,1,-1.00,-1.00,-1.00,-1.00,0.2578,1.8,0.64,0.69,10.79,1.23,-13.25,1.50,-10.00
5,1,-1.00,-1.00,-1.00,-1.00,0.1832,1.7,0.55,0.57,-11.10,1.23,-13.65,0.02,-10.00
5,1,-1.00,-1.00,-1.00,-1.00,0.1574,1.7,0.69,0.72,-2.02,1.15,-30.16,3.04,-10.00
5,1,971.04,467.26,989.47,519.34,0.1499,1.8,0.53,0.53,5.37,1.72,43.84,3.09,-10.00
5,1,-1.00,-1.00,-1.00,-1.00,0.1254,1.8,0.70,0.80,-11.29,1.61,9.50,1.48,-10.00
5,1,594.66,472.97,615.49,520.12,0.1109,1.8,0.72,0.81,-8.79,1.98,49.70,1.28,-10.00
5,1,-1.00,-1.00,-1.00,-1.00,0.1067,1.8,0.58,0.61,-10.86,1.12,-16.98,1.51,-10.00
6,1,-1.00,-1.00,-1.00,-1.00,0.5540,1.8,0.71,0.87,-10.91,1.53,8.85,1.56,-10.00
6,1,954.88,461.78,972.75,513.48,0.3650,1.8,0.49,0.48,4.70,1.48,42.95,3.02,-10.00
6,1,414.18,472.36,440.31,529.02,0.3560,1.8,0.63,0.64,-12.98,1.91,40.72,-1.58,-10.00
6,1,1063.31,450.54,1092.21,519.12,0.3193,1.9,0.68,0.59,6.91,1.34,34.49,3.07,-10.00
6,1,964.80,459.00,982.51,512.84,0.3018,1.8,0.51,0.48,4.95,1.44,42.19,3.08,-10.00
6,1,-1.00,-1.00,-1.00,-1.00,0.2968,1.8,0.63,0.68,10.84,1.22,-13.97,1.50,-10.00
6,1,440.33,469.67,465.38,526.46,0.2879,1.8,0.62,0.66,-12.07,1.82,40.49,-1.62,-10.00
6,1,-1.00,-1.00,-1.00,-1.00,0.2717,1.8,0.64,0.75,-10.65,1.72,-6.01,-1.59,-10.00
6,1,-1.00,-1.00,-1.00,-1.00,0.1720,1.8,0.59,0.65,-8.41,1.16,-48.98,-1.70,-10.00
6,1,967.56,465.06,983.30,516.38,0.1577,1.8,0.53,0.49,5.21,1.62,43.84,-3.08,-10.00
6,1,-1.00,-1.00,-1.00,-1.00,0.1263,1.7,0.65,0.68,-2.02,1.11,-30.18,-3.00,-10.00
6,1,-1.00,-1.00,-1.00,-1.00,0.1125,1.8,0.57,0.61,-10.87,1.23,-16.97,1.53,-10.00
6,1,-1.00,-1.00,-1.00,-1.00,0.1044,1.8,0.54,0.56,-11.06,1.35,-13.64,-0.02,-10.00
6,1,-1.00,-1.00,-1.00,-1.00,0.1003,1.8,0.70,0.85,-11.62,1.78,9.53,1.53,-10.00
7,1,-1.00,-1.00,-1.00,-1.00,0.4232,1.8,0.67,0.88,-10.58,1.50,-6.49,1.50,-10.00
7,1,954.97,462.18,970.86,513.60,0.4049,1.7,0.49,0.45,4.67,1.49,42.94,3.11,-10.00
7,1,-1.00,-1.00,-1.00,-1.00,0.3739,1.8,0.67,0.69,10.80,1.24,-14.71,1.47,-10.00
7,1,-1.00,-1.00,-1.00,-1.00,0.3705,1.9,0.81,1.02,-11.01,1.50,8.25,1.56,-10.00
7,1,418.22,470.33,444.91,526.55,0.3650,1.8,0.66,0.68,-13.00,1.86,41.25,-1.59,-10.00
7,1,446.20,465.90,471.07,522.09,0.3585,1.8,0.63,0.65,-12.11,1.71,41.25,-1.61,-10.00
7,1,964.37,459.12,981.93,512.21,0.3488,1.8,0.52,0.50,4.93,1.41,42.19,3.12,-10.00
7,1,1060.15,448.24,1095.25,517.37,0.3154,1.9,0.70,0.62,6.91,1.30,34.48,-1.89,-10.00
7,1,-1.00,-1.00,-1.00,-1.00,0.1888,1.8,0.67,0.69,-8.62,0.71,-48.17,-2.41,-10.00
7,1,-1.00,-1.00,-1.00,-1.00,0.1603,1.8,0.51,0.53,-11.09,1.31,-13.65,-0.03,-10.00
7,1,-1.00,-1.00,-1.00,-1.00,0.1547,1.8,0.57,0.58,-10.87,1.31,-16.98,-1.60,-10.00
7,1,966.58,466.44,983.16,518.68,0.1322,1.8,0.53,0.50,5.19,1.70,43.84,-3.11,-10.00
7,1,-1.00,-1.00,-1.00,-1.00,0.1169,1.8,0.63,0.71,10.03,1.32,-14.69,1.52,-10.00
7,1,946.67,461.23,964.96,512.79,0.1001,1.7,0.53,0.51,4.40,1.45,42.68,3.06,-10.00
8,1,425.67,471.64,450.63,526.63,0.4084,1.8,0.64,0.65,-13.03,1.89,42.02,-1.61,-10.00
8,1,954.85,464.78,970.40,515.26,0.4005,1.7,0.46,0.44,4.66,1.55,42.97,3.09,-10.00
8,1,-1.00,-1.00,-1.00,-1.00,0.3969,1.8,0.69,0.70,10.89,0.95,-15.48,1.47,-10.00
8,1,965.33,461.02,982.40,513.64,0.3829,1.8,0.50,0.47,4.96,1.46,42.23,3.10,-10.00
8,1,-1.00,-1.00,-1.00,-1.00,0.3818,1.8,0.65,0.94,-10.59,1.44,-7.32,1.51,-10.00
8,1,450.30,469.86,474.98,525.57,0.3536,1.8,0.66,0.64,-12.21,1.86,42.03,-1.64,-10.00
8,1,1058.21,454.93,1094.52,525.30,0.3445,1.9,0.77,0.70,6.88,1.52,34.54,2.94,-10.00
8,1,-1.00,-1.00,-1.00,-1.00,0.2807,1.8,0.78,1.01,-11.18,1.60,7.26,1.64,-10.00
8,1,-1.00,-1.00,-1.00,-1.00,0.2429,1.8,0.68,0.75,-8.70,0.82,-46.98,-1.55,-10.00
8,1,-1.00,-1.00,-1.00,-1.00,0.2263,1.8,0.58,0.72,-10.10,1.46,-35.66,1.67,-10.00
8,1,-1.00,-1.00,-1.00,-1.00,0.1315,1.8,0.58,0.60,-10.87,1.30,-16.99,1.53,-10.00
8,1,970.56,467.32,989.69,519.55,0.1244,1.8,0.58,0.55,5.37,1.73,43.83,3.10,-10.00
8,1,956.00,460.02,973.16,510.99,0.1188,1.7,0.48,0.42,4.70,1.39,42.64,2.92,-10.00
8,1,445.04,472.50,467.83,526.87,0.1147,1.8,0.60,0.60,-12.49,1.91,42.29,-1.62,-10.00
8,1,-1.00,-1.00,-1.00,-1.00,0.1129,1.8,0.58,0.61,-11.09,1.31,-13.67,1.26,-10.00
9,1,-1.00,-1.00,-1.00,-1.00,0.4641,1.8,0.61,0.83,-10.33,1.37,-8.11,1.47,-10.00
9,1,457.58,470.60,481.07,524.66,0.4206,1.8,0.63,0.65,-12.19,1.86,42.76,-1.63,-10.00
9,1,954.45,461.27,972.19,512.06,0.4043,1.7,0.50,0.46,4.69,1.44,42.95,2.97,-10.00
9,1,-1.00,-1.00,-1.00,-1.00,0.3812,1.8,0.74,0.91,-11.23,1.56,6.61,1.58,-10.00
9,1,433.67,472.51,457.39,526.42,0.3558,1.8,0.61,0.66,-12.98,1.92,42.68,-1.61,-10.00
9,1,1052.96,451.00,1087.31,520.01,0.3429,1.9,0.74,0.71,6.72,1.37,34.59,3.02,-10.00
9,1,964.36,458.88,982.83,512.27,0.3327,1.8,0.50,0.49,4.95,1.42,42.17,3.03,-10.00
9,1,-1.00,-1.00,-1.00,-1.00,0.2345,1.8,0.62,0.71,-10.13,1.40,-36.08,1.61,-10.00
9,1,971.75,465.00,988.86,517.95,0.1485,1.8,0.57,0.53,5.38,1.67,43.83,-2.95,-10.00
9,1,-1.00,-1.00,-1.00,-1.00,0.1332,1.8,0.52,0.53,-11.06,1.27,-13.64,-0.11,-10.00
9,1,-1.00,-1.00,-1.00,-1.00,0.1311,1.8,0.60,0.60,-10.87,1.30,-16.99,1.55,-10.00
10,1,-1.00,-1.00,-1.00,-1.00,0.5843,1.8,0.65,0.81,-10.22,1.45,-8.93,1.49,-10.00
10,1,-1.00,-1.00,-1.00,-1.00,0.4849,1.8,0.70,0.89,-11.30,1.64,5.85,1.62,-10.00
10,1,437.82,475.48,461.82,529.01,0.4487,1.8,0.65,0.68,-13.00,2.03,43.23,-1.64,-10.00
10,1,954.91,460.71,970.93,512.07,0.3981,1.7,0.49,0.46,4.67,1.44,42.96,3.12,-10.00
10,1,964.76,457.76,981.65,510.75,0.3415,1.8,0.51,0.48,4.94,1.37,42.21,3.13,-10.00
10,1,1057.54,450.62,1092.84,519.48,0.3316,1.9,0.72,0.72,6.85,1.36,34.57,3.01,-10.00
10,1,-1.00,-1.00,-1.00,-1.00,0.3304,1.8,0.61,0.67,-10.14,1.45,-36.53,1.55,-10.00
10,1,462.36,472.66,486.02,526.20,0.2837,1.8,0.65,0.65,-12.18,1.94,43.30,-1.63,-10.00
10,1,-1.00,-1.00,-1.00,-1.00,0.1477,1.7,0.49,0.52,-11.05,1.22,-13.63,-0.06,-10.00
10,1,-1.00,-1.00,-1.00,-1.00,0.1124,1.8,0.56,0.60,-10.87,1.22,-16.99,1.55,-10.00
10,1,970.36,464.68,990.13,517.69,0.1043,1.8,0.60,0.59,5.37,1.66,43.85,3.14,-10.00
11,1,-1.00,-1.00,-1.00,-1.00,0.6584,1.8,0.73,0.91,-11.35,1.55,5.09,1.58,-10.00
11,1,470.88,474.16,493.53,527.15,0.4280,1.8,0.63,0.62,-12.08,2.00,43.96,-1.62,-10.00
11,1,-1.00,-1.00,-1.00,-1.00,0.4156,1.8,0.64,0.81,-10.19,1.49,-9.64,1.54,-10.00
11,1,444.51,475.46,467.87,528.29,0.3652,1.8,0.63,0.64,-12.97,2.04,43.88,-1.60,-10.00
11,1,956.42,462.68,972.33,514.02,0.3580,1.7,0.48,0.45,4.72,1.50,42.96,3.09,-10.00
11,1,1057.64,450.81,1093.82,519.94,0.3414,1.9,0.75,0.75,6.87,1.37,34.56,3.03,-10.00
11,1,965.44,458.57,981.61,511.75,0.3140,1.8,0.53,0.47,4.95,1.40,42.22,-3.11,-10.00
11,1,-1.00,-1.00,-1.00,-1.00,0.2408,1.8,0.64,0.78,-10.12,1.61,-37.06,1.55,-10.00
11,1,-1.00,-1.00,-1.00,-1.00,0.1363,1.8,0.58,0.61,-10.87,1.30,-16.98,-1.60,-10.00
11,1,970.90,466.73,989.24,519.50,0.1219,1.8,0.57,0.55,5.37,1.72,43.83,-3.13,-10.00
11,1,-1.00,-1.00,-1.00,-1.00,0.1125,1.8,0.53,0.52,-11.05,1.41,-13.63,-0.04,-10.00
12,1,-1.00,-1.00,-1.00,-1.00,0.6405,1.8,0.74,0.94,-11.34,1.64,4.31,1.55,-10.00
12,1,449.29,475.98,471.51,528.43,0.4384,1.8,0.65,0.64,-12.97,2.06,44.40,-1.69,-10.00
12,1,-1.00,-1.00,-1.00,-1.00,0.4252,1.8,0.64,0.78,-10.02,1.50,-10.46,1.51,-10.00
12,1,1059.35,449.58,1093.17,517.97,0.3756,1.9,0.72,0.72,6.89,1.32,34.58,3.09,-10.00
12,1,964.15,459.24,982.58,512.33,0.3131,1.8,0.52,0.52,4.94,1.42,42.22,3.12,-10.00
12,1,929.51,459.33,957.26,529.93,0.2837,1.8,0.62,0.71,3.00,1.54,32.23,1.56,-10.00
12,1,474.22,474.86,496.24,527.61,0.2591,1.9,0.66,0.62,-12.12,2.04,44.49,-1.68,-10.00
12,1,-1.00,-1.00,-1.00,-1.00,0.2573,1.8,0.61,0.68,-10.08,1.54,-37.77,1.53,-10.00
12,1,937.28,460.99,968.03,531.80,0.2369,1.8,0.67,0.71,3.28,1.60,32.60,1.52,-10.00
12,1,956.87,462.90,971.34,514.36,0.1860,1.7,0.50,0.45,4.71,1.51,42.90,-3.08,-10.00
12,1,955.14,466.90,982.58,536.80,0.1758,1.8,0.58,0.65,3.66,1.72,32.25,1.53,-10.00
12,1,-1.00,-1.00,-1.00,-1.00,0.1388,1.8,0.55,0.56,-11.09,1.32,-13.63,-0.03,-10.00
12,1,-1.00,-1.00,-1.00,-1.00,0.1143,1.8,0.56,0.62,-10.87,1.18,-16.97,-1.59,-10.00
12,1,-1.00,-1.00,-1.00,-1.00,0.1002,1.7,0.62,0.77,-11.12,1.59,-10.09,1.50,-10.00
13,1,-1.00,-1.00,-1.00,-1.00,0.6168,1.8,0.67,0.84,-11.31,1.63,3.56,1.50,-10.00
13,1,965.36,461.22,983.98,514.63,0.3818,1.8,0.55,0.55,4.99,1.50,42.28,-3.11,-10.00
13,1,938.33,458.90,981.49,531.84,0.3780,1.8,0.73,0.78,3.39,1.57,31.84,0.74,-10.00
13,1,955.27,464.42,973.56,515.85,0.3766,1.7,0.50,0.48,4.72,1.57,42.95,2.98,-10.00
13,1,1057.59,452.76,1093.23,520.78,0.3763,1.8,0.70,0.71,6.86,1.39,34.55,2.94,-10.00
13,1,455.44,474.31,478.66,525.87,0.3688,1.8,0.66,0.63,-12.94,2.01,45.11,-1.60,-10.00
13,1,481.48,474.26,503.77,526.16,0.3469,1.8,0.66,0.63,-12.04,2.02,45.17,-1.64,-10.00
13,1,-1.00,-1.00,-1.00,-1.00,0.3437,1.8,0.61,0.73,-10.02,1.54,-11.26,1.54,-10.00
13,1,-1.00,-1.00,-1.00,-1.00,0.2160,1.8,0.65,0.73,-9.91,1.56,-38.41,1.55,-10.00
13,1,-1.00,-1.00,-1.00,-1.00,0.2022,1.8,0.65,0.68,-7.02,1.42,-32.48,1.57,-10.00
13,1,-1.00,-1.00,-1.00,-1.00,0.1589,1.7,0.54,0.57,-11.14,1.37,-13.68,0.03,-10.00
13,1,-1.00,-1.00,-1.00,-1.00,0.1337,1.8,0.57,0.59,-10.88,1.24,-16.99,1.53,-10.00
13,1,950.71,460.95,989.79,530.90,0.1317,1.8,0.71,0.70,3.72,1.57,32.48,0.73,-10.00
13,1,966.01,467.10,1005.17,537.12,0.1050,1.7,0.69,0.78,4.05,1.70,31.88,0.46,-10.00
13,1,-1.00,-1.00,-1.00,-1.00,0.1010,1.8,0.57,0.51,15.36,1.67,-0.27,-0.10,-10.00
14,1,-1.00,-1.00,-1.00,-1.00,0.5233,1.9,0.84,1.03,-11.30,1.74,2.85,1.53,-10.00
14,1,-1.00,-1.00,-1.00,-1.00,0.5117,1.8,0.58,0.70,-9.97,1.53,-12.06,1.47,-10.00
14,1,968.93,464.70,1011.19,537.55,0.4134,1.8,0.70,0.80,4.10,1.69,31.41,0.57,-10.00
14,1,-1.00,-1.00,-1.00,-1.00,0.3466,1.8,0.69,0.75,-7.72,1.36,-32.85,2.71,-10.00
14,1,1057.98,455.01,1092.28,524.03,0.3423,1.9,0.72,0.70,6.85,1.48,34.56,3.03,-10.00
14,1,485.03,473.91,505.88,524.84,0.2964,1.8,0.62,0.60,-12.13,2.00,45.89,-1.62,-10.00
14,1,-1.00,-1.00,-1.00,-1.00,0.2570,1.8,0.60,0.66,-9.93,1.52,-38.99,1.52,-10.00
14,1,456.34,476.94,477.43,527.44,0.2417,1.8,0.61,0.60,-13.17,2.10,45.90,-1.62,-10.00
14,1,956.13,465.03,973.68,516.48,0.2397,1.7,0.50,0.53,4.74,1.59,42.99,-3.12,-10.00
14,1,981.33,470.12,1024.43,541.87,0.1696,1.8,0.71,0.81,4.46,1.81,31.73,0.66,-10.00
14,1,-1.00,-1.00,-1.00,-1.00,0.1541,1.8,0.55,0.55,-11.08,1.35,-13.64,-0.02,-10.00
14,1,-1.00,-1.00,-1.00,-1.00,0.1342,1.8,0.57,0.58,-10.88,1.25,-16.99,1.53,-10.00
14,1,-1.00,-1.00,-1.00,-1.00,0.1273,1.9,0.67,0.69,-8.73,1.70,-42.19,-1.51,-10.00
14,1,965.67,464.17,982.38,516.42,0.1215,1.7,0.50,0.51,4.97,1.56,42.25,-3.07,-10.00
15,1,-1.00,-1.00,-1.00,-1.00,0.5374,1.9,0.75,0.96,-11.31,1.63,2.06,1.55,-10.00
15,1,-1.00,-1.00,-1.00,-1.00,0.4407,1.8,0.64,0.68,-8.60,1.45,-41.43,-1.52,-10.00
15,1,-1.00,-1.00,-1.00,-1.00,0.4024,1.8,0.56,0.66,-9.97,1.53,-12.80,1.50,-10.00
15,1,1058.46,451.67,1092.71,520.23,0.3737,1.9,0.70,0.68,6.86,1.38,34.56,2.95,-10.00
15,1,954.53,462.22,972.22,513.06,0.3634,1.7,0.50,0.48,4.69,1.47,42.99,3.03,-10.00
15,1,985.86,462.64,1032.20,537.89,0.3627,1.8,0.77,0.89,4.52,1.68,31.05,0.51,-10.00
15,1,968.23,460.65,986.80,513.35,0.3561,1.8,0.49,0.52,5.10,1.46,42.32,3.09,-10.00
15,1,-1.00,-1.00,-1.00,-1.00,0.3251,1.8,0.73,0.83,-8.45,1.36,-33.26,2.59,-10.00
15,1,465.93,475.68,488.57,526.84,0.2833,1.9,0.69,0.63,-12.92,2.10,46.35,-1.65,-10.00
15,1,-1.00,-1.00,-1.00,-1.00,0.2164,1.8,0.59,0.65,-10.14,1.56,-39.69,1.54,-10.00
15,1,455.70,480.57,477.71,531.42,0.1907,1.8,0.68,0.59,-13.22,2.25,46.03,-1.69,-10.00
15,1,488.59,476.74,509.21,526.78,0.1830,1.8,0.63,0.63,-12.12,2.09,46.34,-1.65,-10.00
15,1,-1.00,-1.00,-1.00,-1.00,0.1746,1.8,0.57,0.57,-11.08,1.35,-13.64,0.26,-10.00
15,1,-1.00,-1.00,-1.00,-1.00,0.1561,1.8,0.57,0.60,-10.87,1.31,-16.98,-1.60,-10.00
15,1,-1.00,-1.00,-1.00,-1.00,0.1381,1.8,0.59,0.65,-9.91,1.60,-39.40,1.48,-10.00
15,1,956.51,460.37,975.04,511.93,0.1179,1.7,0.50,0.49,4.74,1.42,42.66,2.99,-10.00
15,1,957.94,462.43,977.34,514.55,0.1093,1.7,0.50,0.50,4.76,1.50,42.30,2.94,-10.00
15,1,-1.00,-1.00,-1.00,-1.00,0.1037,1.8,0.61,0.58,8.39,1.67,8.04,-1.63,-10.00
16,1,-1.00,-1.00,-1.00,-1.00,0.4507,1.8,0.63,0.66,-8.59,1.40,-40.62,-1.56,-10.00
16,1,955.03,460.21,971.95,511.71,0.3816,1.7,0.50,0.47,4.70,1.42,43.00,3.08,-10.00
16,1,-1.00,-1.00,-1.00,-1.00,0.3788,1.8,0.52,0.62,-9.93,1.49,-13.57,1.51,-10.00
16,1,965.88,459.23,985.02,512.38,0.3658,1.8,0.52,0.55,5.03,1.42,42.32,3.12,-10.00
16,1,-1.00,-1.00,-1.00,-1.00,0.3513,1.8,0.75,0.97,-11.29,1.61,1.39,1.53,-10.00
16,1,1058.68,452.17,1091.41,520.53,0.3415,1.9,0.69,0.67,6.85,1.39,34.56,3.02,-10.00
16,1,-1.00,-1.00,-1.00,-1.00,0.2944,1.8,0.73,0.81,-8.87,1.48,-33.73,-0.78,-10.00
16,1,-1.00,-1.00,-1.00,-1.00,0.2340,1.8,0.64,0.64,-10.12,1.60,-40.15,1.73,-10.00
16,1,1013.49,455.75,1053.00,531.01,0.2332,1.8,0.68,0.82,5.06,1.49,30.64,0.33,-10.00
16,1,468.57,472.42,492.08,521.84,0.2130,1.8,0.68,0.70,-12.93,1.93,46.78,-1.59,-10.00
16,1,-1.00,-1.00,-1.00,-1.00,0.2014,1.8,0.57,0.57,-11.07,1.27,-13.61,1.50,-10.00
16,1,957.18,457.25,975.23,509.80,0.1300,1.8,0.54,0.49,4.75,1.35,42.63,3.05,-10.00
16,1,-1.00,-1.00,-1.00,-1.00,0.1243,1.8,0.56,0.58,-10.89,1.25,-16.99,1.53,-10.00
17,1,-1.00,-1.00,-1.00,-1.00,0.5206,1.8,0.54,0.64,-9.92,1.45,-14.43,1.53,-10.00
17,1,-1.00,-1.00,-1.00,-1.00,0.3828,1.8,0.70,0.90,-11.32,1.64,0.60,1.54,-10.00
17,1,-1.00,-1.00,-1.00,-1.00,0.3561,1.8,0.65,0.69,-8.53,1.46,-39.73,-1.58,-10.00
17,1,1044.26,457.34,1084.96,534.46,0.3061,1.8,0.73,0.86,5.75,1.55,30.26,0.28,-10.00
17,1,1059.38,456.05,1092.74,523.27,0.2766,1.8,0.68,0.57,6.88,1.46,34.55,-1.85,-10.00
17,1,-1.00,-1.00,-1.00,-1.00,0.2621,1.8,0.71,0.80,-9.36,1.36,-34.16,2.37,-10.00
17,1,-1.00,-1.00,-1.00,-1.00,0.2130,1.8,0.65,0.65,-9.95,1.57,-40.65,1.49,-10.00
17,1,-1.00,-1.00,-1.00,-1.00,0.1910,1.8,0.58,0.57,-11.07,1.30,-13.63,1.51,-10.00
17,1,-1.00,-1.00,-1.00,-1.00,0.1448,1.8,0.54,0.58,-10.87,1.18,-16.97,1.54,-10.00
18,1,-1.00,-1.00,-1.00,-1.00,0.3626,1.8,0.55,0.67,-9.89,1.52,-15.18,1.50,-10.00
18,1,-1.00,-1.00,-1.00,-1.00,0.3478,1.9,0.77,1.03,-11.27,1.54,0.00,1.51,-10.00
18,1,-1.00,-1.00,-1.00,-1.00,0.2737,1.8,0.66,0.75,-9.92,1.50,-41.23,1.58,-10.00
18,1,-1.00,-1.00,-1.00,-1.00,0.2576,1.8,0.65,0.75,-8.29,1.48,-39.27,-1.45,-10.00
18,1,-1.00,-1.00,-1.00,-1.00,0.2525,1.8,0.59,0.62,-9.70,1.39,-34.52,1.82,-10.00
18,1,1066.89,449.54,1106.01,524.59,0.2075,1.8,0.63,0.74,6.19,1.29,29.86,0.48,-10.00
18,1,1080.10,455.42,1118.54,528.73,0.1883,1.7,0.62,0.75,6.56,1.41,30.15,0.43,-10.00
18,1,-1.00,-1.00,-1.00,-1.00,0.1807,1.9,0.68,0.75,-9.45,1.37,-34.83,1.63,-10.00
18,1,-1.00,-1.00,-1.00,-1.00,0.1478,1.8,0.57,0.60,-10.87,1.13,-16.97,1.53,-10.00
18,1,1049.47,451.86,1075.85,513.75,0.1417,1.7,0.63,0.60,6.60,1.21,35.02,-3.12,-10.00
18,1,-1.00,-1.00,-1.00,-1.00,0.1403,1.8,0.57,0.56,-11.06,1.32,-13.63,0.86,-10.00
19,1,-1.00,-1.00,-1.00,-1.00,0.3669,1.8,0.58,0.72,-9.96,1.56,-15.81,1.58,-10.00
19,1,-1.00,-1.00,-1.00,-1.00,0.2662,1.8,0.66,0.99,-11.31,1.62,-0.91,1.54,-10.00
19,1,-1.00,-1.00,-1.00,-1.00,0.2565,1.8,0.60,0.71,-8.17,1.65,-38.48,-1.48,-10.00
19,1,479.60,473.60,503.30,521.22,0.2409,1.8,0.66,0.68,-12.96,1.97,48.43,-2.23,-10.00
19,1,469.00,476.54,492.70,522.81,0.2348,1.8,0.63,0.64,-13.71,2.09,49.69,-2.59,-10.00
19,1,-1.00,-1.00,-1.00,-1.00,0.2258,1.8,0.58,0.64,-9.93,1.47,-41.72,1.55,-10.00
19,1,-1.00,-1.00,-1.00,-1.00,0.1627,1.8,0.54,0.55,-11.07,1.32,-13.64,-0.06,-10.00
19,1,-1.00,-1.00,-1.00,-1.00,0.1544,1.8,0.61,0.60,-10.87,1.21,-16.96,-1.59,-10.00
19,1,-1.00,-1.00,-1.00,-1.00,0.1107,1.8,0.59,0.69,-10.19,1.39,-42.03,1.61,-10.00
19,1,-1.00,-1.00,-1.00,-1.00,0.1039,1.8,0.62,0.59,-12.35,1.16,-1.97,1.55,-10.00
19,1,1081.91,459.07,1116.85,535.20,0.1036,1.8,0.63,0.73,6.49,1.55,29.81,-2.85,-10.00
20,1,-1.00,-1.00,-1.00,-1.00,0.4479,1.8,0.66,0.91,-11.31,1.58,-1.70,1.53,-10.00
20,1,-1.00,-1.00,-1.00,-1.00,0.4041,1.8,0.64,0.75,-9.89,1.39,-16.81,1.51,-10.00
20,1,-1.00,-1.00,-1.00,-1.00,0.2529,1.8,0.64,0.69,-8.39,1.44,-50.51,-1.65,-10.00
20,1,-1.00,-1.00,-1.00,-1.00,0.1572,1.8,0.59,0.74,-11.30,1.82,-2.90,1.57,-10.00
20,1,-1.00,-1.00,-1.00,-1.00,0.1556,1.8,0.56,0.61,-10.86,1.20,-16.98,1.53,-10.00
20,1,954.51,459.74,975.40,513.16,0.1553,1.8,0.58,0.57,4.71,1.46,42.70,-1.66,-10.00
20,1,-1.00,-1.00,-1.00,-1.00,0.1520,1.9,0.64,0.60,-7.04,1.34,-49.70,-0.12,-10.00
20,1,464.83,473.91,491.77,522.12,0.1503,1.9,0.75,0.73,-13.68,2.04,49.21,-2.34,-10.00
20,1,-1.00,-1.00,-1.00,-1.00,0.1236,1.8,0.57,0.58,-11.09,1.27,-13.65,-0.00,-10.00
20,1,208.22,486.81,266.03,583.99,0.1167,1.7,0.73,0.77,-10.73,2.06,22.83,1.43,-10.00
20,1,-1.00,-1.00,-1.00,-1.00,0.1119,1.8,0.58,0.65,-12.34,1.12,-1.98,1.59,-10.00
20,1,-1.00,-1.00,-1.00,-1.00,0.1061,1.9,0.75,0.88,-8.69,1.39,-50.96,-1.66,-10.00
21,1,-1.00,-1.00,-1.00,-1.00,0.4729,1.8,0.66,0.78,-9.92,1.44,-17.67,1.53,-10.00
21,1,-1.00,-1.00,-1.00,-1.00,0.4546,1.8,0.71,0.98,-11.34,1.56,-2.46,1.54,-10.00
21,1,-1.00,-1.00,-1.00,-1.00,0.3392,1.9,0.68,0.71,-8.43,1.41,-49.76,-1.63,-10.00
21,1,965.26,458.75,982.13,511.56,0.3208,1.8,0.52,0.53,4.97,1.39,42.29,-3.01,-10.00
21,1,953.99,462.51,971.47,512.79,0.2930,1.7,0.47,0.46,4.66,1.46,42.92,2.97,-10.00
21,1,-1.00,-1.00,-1.00,-1.00,0.1784,1.8,0.60,0.64,-10.85,1.26,-17.17,1.53,-10.00
21,1,-1.00,-1.00,-1.00,-1.00,0.1749,1.9,0.65,0.60,-7.06,1.33,-49.76,0.03,-10.00
21,1,970.34,464.05,989.30,516.22,0.1622,1.8,0.55,0.54,5.36,1.61,43.84,3.08,-10.00
21,1,-1.00,-1.00,-1.00,-1.00,0.1366,1.9,0.62,0.58,-7.48,1.33,-49.77,0.14,-10.00
21,1,-1.00,-1.00,-1.00,-1.00,0.1263,1.8,0.53,0.56,-11.10,1.31,-13.63,0.26,-10.00
22,1,-1.00,-1.00,-1.00,-1.00,0.4243,1.8,0.64,0.78,-9.91,1.47,-18.44,1.52,-10.00
22,1,1060.45,446.43,1092.35,515.53,0.3191,1.9,0.68,0.59,6.88,1.25,34.54,2.89,-10.00
22,1,953.78,461.72,970.68,511.66,0.3158,1.7,0.46,0.44,4.65,1.42,42.94,2.96,-10.00
22,1,965.46,460.66,982.37,513.07,0.2954,1.7,0.50,0.51,4.97,1.45,42.31,-3.08,-10.00
22,1,-1.00,-1.00,-1.00,-1.00,0.2740,1.8,0.62,0.86,-11.37,1.70,-2.80,1.56,-10.00
22,1,1191.05,462.65,1230.02,538.24,0.2599,1.7,0.59,0.66,8.98,1.59,29.33,-0.08,-10.00
22,1,-1.00,-1.00,-1.00,-1.00,0.1760,1.8,0.59,0.64,-12.30,1.30,-1.96,1.55,-10.00
22,1,-1.00,-1.00,-1.00,-1.00,0.1756,1.7,0.61,0.57,18.50,1.91,-4.28,1.51,-10.00
22,1,956.90,458.14,975.20,509.46,0.1549,1.7,0.49,0.48,4.74,1.34,42.63,2.97,-10.00
22,1,-1.00,-1.00,-1.00,-1.00,0.1364,1.8,0.59,0.64,-12.19,1.34,-2.88,1.57,-10.00
22,1,-1.00,-1.00,-1.00,-1.00,0.1324,1.8,0.53,0.55,-6.84,1.28,-49.71,0.01,-10.00
22,1,-1.00,-1.00,-1.00,-1.00,0.1304,1.8,0.67,0.73,-8.38,1.37,-49.40,0.02,-10.00
22,1,-1.00,-1.00,-1.00,-1.00,0.1237,1.8,0.60,0.64,-8.63,1.51,-49.76,0.62,-10.00
22,1,1191.96,465.09,1242.18,543.75,0.1155,1.8,0.75,0.93,9.24,1.74,29.66,0.04,-10.00
22,1,-1.00,-1.00,-1.00,-1.00,0.1130,1.8,0.57,0.59,-10.87,1.24,-16.97,1.53,-10.00
22,1,-1.00,-1.00,-1.00,-1.00,0.1105,1.8,0.58,0.60,-11.10,1.28,-13.66,0.53,-10.00
22,1,-1.00,-1.00,-1.00,-1.00,0.1093,1.8,0.62,0.78,-11.05,1.68,-3.23,1.53,-10.00
23,1,-1.00,-1.00,-1.00,-1.00,0.5133,1.8,0.64,0.76,-10.02,1.46,-19.20,1.56,-10.00
23,1,965.80,463.31,981.82,516.67,0.4024,1.8,0.49,0.49,4.96,1.57,42.25,-3.06,-10.00
23,1,954.57,465.76,970.42,516.19,0.3853,1.7,0.45,0.44,4.66,1.58,42.94,3.06,-10.00
23,1,-1.00,-1.00,-1.00,-1.00,0.3667,1.9,0.72,0.78,-8.62,1.27,-34.99,-1.58,-10.00
23,1,1058.73,450.75,1092.50,519.53,0.3440,1.9,0.70,0.67,6.86,1.36,34.54,2.97,-10.00
23,1,-1.00,-1.00,-1.00,-1.00,0.1721,1.8,0.57,0.58,-10.87,1.33,-16.98,1.51,-10.00
23,1,956.83,462.92,973.41,513.92,0.1719,1.7,0.46,0.43,4.71,1.49,42.64,3.00,-10.00
23,1,970.82,467.84,989.60,519.93,0.1558,1.8,0.55,0.55,5.37,1.74,43.84,3.12,-10.00
23,1,-1.00,-1.00,-1.00,-1.00,0.1408,1.8,0.54,0.54,-11.06,1.42,-13.65,0.03,-10.00
23,1,-1.00,-1.00,-1.00,-1.00,0.1245,1.8,0.62,0.58,-7.05,1.44,-49.75,0.00,-10.00
23,1,-1.00,-1.00,-1.00,-1.00,0.1153,1.8,0.57,0.52,15.36,1.73,-0.26,-0.11,-10.00
23,1,-1.00,-1.00,-1.00,-1.00,0.1089,1.8,0.67,0.68,-7.74,1.40,-34.92,-1.58,-10.00
24,1,-1.00,-1.00,-1.00,-1.00,0.4518,1.9,0.70,0.78,-8.63,1.20,-34.48,-1.62,-10.00
24,1,1062.41,450.84,1091.70,519.17,0.3713,1.9,0.67,0.60,6.90,1.35,34.52,3.07,-10.00
24,1,965.27,461.40,983.86,513.69,0.3531,1.7,0.48,0.49,4.98,1.46,42.19,3.01,-10.00
24,1,955.60,463.10,972.97,514.05,0.3339,1.7,0.47,0.47,4.72,1.50,42.95,3.01,-10.00
24,1,-1.00,-1.00,-1.00,-1.00,0.2750,1.8,0.67,0.82,-10.11,1.46,-19.97,1.59,-10.00
24,1,-1.00,-1.00,-1.00,-1.00,0.2291,1.8,0.64,0.67,8.32,1.40,10.20,-1.63,-10.00
24,1,-1.00,-1.00,-1.00,-1.00,0.2217,1.8,0.58,0.70,-9.52,1.28,-44.82,1.55,-10.00
24,1,473.73,474.11,498.33,523.49,0.2173,1.8,0.70,0.71,-12.86,2.01,47.31,1.61,-10.00
24,1,-1.00,-1.00,-1.00,-1.00,0.1561,1.8,0.57,0.61,-10.86,1.26,-16.97,1.50,-10.00
24,1,-1.00,-1.00,-1.00,-1.00,0.1517,1.8,0.50,0.51,-11.05,1.37,-13.62,-0.11,-10.00
24,1,-1.00,-1.00,-1.00,-1.00,0.1401,1.8,0.75,0.83,19.38,1.97,-4.00,-0.08,-10.00
24,1,972.00,467.46,989.29,520.15,0.1016,1.8,0.59,0.56,5.39,1.75,43.86,-3.04,-10.00
25,1,-1.00,-1.00,-1.00,-1.00,0.4823,1.9,0.70,0.76,-8.63,1.16,-33.73,-1.57,-10.00
25,1,-1.00,-1.00,-1.00,-1.00,0.3419,1.8,0.63,0.70,-10.41,1.36,-20.79,1.70,-10.00
25,1,-1.00,-1.00,-1.00,-1.00,0.3051,1.8,0.58,0.64,-9.56,1.34,-45.29,1.53,-10.00
25,1,1062.55,447.77,1092.06,515.94,0.2939,1.8,0.64,0.58,6.90,1.26,34.49,3.00,-10.00
25,1,954.69,463.15,973.18,515.04,0.2632,1.8,0.49,0.51,4.71,1.54,42.98,3.04,-10.00
25,1,-1.00,-1.00,-1.00,-1.00,0.2629,1.8,0.61,0.69,-12.55,1.43,-20.90,1.49,-10.00
25,1,-1.00,-1.00,-1.00,-1.00,0.2517,1.8,0.67,0.58,9.95,1.62,14.07,-1.58,-10.00
25,1,475.98,474.32,498.20,523.43,0.2298,1.8,0.70,0.67,-12.80,2.01,47.25,1.47,-10.00
25,1,-1.00,-1.00,-1.00,-1.00,0.2194,1.8,0.62,0.59,-8.67,1.44,-46.91,-1.68,-10.00
25,1,-1.00,-1.00,-1.00,-1.00,0.2069,1.8,0.62,0.57,10.08,1.42,14.82,3.08,-10.00
25,1,-1.00,-1.00,-1.00,-1.00,0.2035,1.8,0.58,0.66,-11.18,1.64,-5.34,1.51,-10.00
25,1,965.37,462.81,985.14,516.06,0.1508,1.8,0.54,0.55,5.00,1.54,42.17,3.08,-10.00
25,1,-1.00,-1.00,-1.00,-1.00,0.1151,1.8,0.58,0.50,15.36,1.71,-0.27,-0.03,-10.00
25,1,-1.00,-1.00,-1.00,-1.00,0.1103,1.8,0.52,0.55,-11.07,1.24,-13.64,-0.09,-10.00
26,1,-1.00,-1.00,-1.00,-1.00,0.4211,1.8,0.59,0.51,9.96,1.77,14.82,2.94,-10.00
26,1,-1.00,-1.00,-1.00,-1.00,0.3996,1.8,0.61,0.65,-9.54,1.09,-46.15,1.53,-10.00
26,1,-1.00,-1.00,-1.00,-1.00,0.3955,1.8,0.64,0.73,-8.60,0.98,-33.20,-1.65,-10.00
26,1,-1.00,-1.00,-1.00,-1.00,0.3465,1.8,0.57,0.51,9.88,1.77,14.05,3.08,-10.00
26,1,-1.00,-1.00,-1.00,-1.00,0.2975,1.8,0.60,0.73,-11.18,1.62,-6.11,1.53,-10.00
26,1,-1.00,-1.00,-1.00,-1.00,0.2786,1.8,0.54,0.59,-11.04,1.20,-13.76,1.49,-10.00
26,1,950.98,470.18,968.75,523.00,0.2747,1.8,0.50,0.47,4.56,1.81,42.91,2.99,-10.00
26,1,-1.00,-1.00,-1.00,-1.00,0.2680,1.8,0.58,0.63,-8.57,1.01,-46.17,-1.60,-10.00
26,1,1057.66,460.52,1080.37,527.39,0.2514,1.8,0.58,0.51,6.67,1.57,34.47,-3.08,-10.00
26,1,960.84,470.66,977.11,523.38,0.2391,1.8,0.46,0.46,4.78,1.79,42.10,3.12,-10.00
26,1,-1.00,-1.00,-1.00,-1.00,0.2184,1.9,0.71,0.81,-12.47,1.30,-21.69,1.48,-10.00
26,1,-1.00,-1.00,-1.00,-1.00,0.2138,1.7,0.62,0.65,20.47,2.17,-3.62,0.71,-10.00
26,1,-1.00,-1.00,-1.00,-1.00,0.2075,1.8,0.59,0.65,-10.38,1.36,-21.62,1.54,-10.00
26,1,467.58,478.55,495.41,529.06,0.1861,1.9,0.73,0.70,-12.90,2.20,46.86,1.86,-10.00
26,1,510.72,475.23,532.77,522.48,0.1727,1.8,0.71,0.71,-12.10,2.08,49.75,1.54,-10.00
26,1,968.70,473.95,990.87,527.39,0.1639,1.8,0.62,0.59,5.35,2.00,43.80,-1.68,-10.00
26,1,461.32,481.99,488.66,531.46,0.1634,1.8,0.70,0.69,-13.23,2.31,47.17,-1.13,-10.00
26,1,-1.00,-1.00,-1.00,-1.00,0.1531,1.7,0.52,0.57,-10.86,1.28,-17.20,1.39,-10.00
26,1,-1.00,-1.00,-1.00,-1.00,0.1389,1.8,0.54,0.49,10.35,1.81,12.46,2.91,-10.00
26,1,908.96,471.38,927.39,517.58,0.1081,1.8,0.59,0.60,3.63,1.87,49.57,0.27,-10.00
26,1,-1.00,-1.00,-1.00,-1.00,0.1015,1.8,0.55,0.52,10.29,1.85,14.53,3.09,-10.00
27,1,-1.00,-1.00,-1.00,-1.00,0.4422,1.8,0.59,0.55,9.64,1.71,13.73,3.14,-10.00
27,1,-1.00,-1.00,-1.00,-1.00,0.4396,1.8,0.59,0.73,-11.10,1.45,-7.31,1.53,-10.00
27,1,-1.00,-1.00,-1.00,-1.00,0.3671,1.8,0.55,0.47,9.74,1.85,14.47,3.09,-10.00
27,1,-1.00,-1.00,-1.00,-1.00,0.3237,1.8,0.62,0.68,-9.05,1.35,-47.33,1.50,-10.00
27,1,-1.00,-1.00,-1.00,-1.00,0.3217,1.8,0.63,0.67,-8.22,1.14,-46.09,-1.71,-10.00
27,1,-1.00,-1.00,-1.00,-1.00,0.3078,1.8,0.67,0.75,-8.45,0.88,-32.95,-1.67,-10.00
27,1,934.90,469.31,953.05,522.86,0.2856,1.8,0.51,0.48,3.98,1.79,42.54,3.00,-10.00
27,1,948.05,471.16,965.33,524.70,0.2772,1.8,0.47,0.48,4.33,1.82,41.75,3.09,-10.00
27,1,-1.00,-1.00,-1.00,-1.00,0.2655,1.8,0.72,0.74,21.01,1.89,-3.96,0.24,-10.00
27,1,-1.00,-1.00,-1.00,-1.00,0.2593,1.8,0.58,0.59,-8.27,1.03,-50.52,-1.67,-10.00
27,1,897.11,475.49,915.11,521.82,0.2357,1.8,0.66,0.68,3.14,2.04,49.48,0.06,-10.00
27,1,452.62,476.75,476.21,527.41,0.2314,1.8,0.73,0.68,-13.31,2.10,46.07,1.44,-10.00
27,1,1042.74,466.60,1070.16,533.90,0.2165,1.8,0.58,0.55,6.25,1.73,34.09,3.02,-10.00
27,1,-1.00,-1.00,-1.00,-1.00,0.1868,1.7,0.53,0.59,-10.84,1.38,-14.41,1.54,-10.00
27,1,496.58,477.26,516.96,524.97,0.1788,1.8,0.71,0.66,-12.55,2.15,49.19,3.05,-10.00
27,1,888.61,481.26,908.39,528.90,0.1728,1.8,0.69,0.69,2.76,2.26,48.19,3.13,-10.00
27,1,-1.00,-1.00,-1.00,-1.00,0.1721,1.8,0.54,0.57,-10.73,1.12,-17.77,1.54,-10.00
27,1,941.75,471.63,957.73,524.21,0.1512,1.8,0.46,0.48,4.15,1.82,42.26,-3.11,-10.00
27,1,446.83,480.39,469.51,529.65,0.1459,1.8,0.67,0.66,-13.63,2.20,46.36,1.08,-10.00
27,1,498.24,481.93,522.86,529.93,0.1436,1.9,0.79,0.78,-12.53,2.37,49.67,-0.02,-10.00
27,1,278.07,478.18,307.23,547.71,0.1434,1.8,0.60,0.54,-14.11,2.05,33.11,-0.13,-10.00
27,1,-1.00,-1.00,-1.00,-1.00,0.1297,1.8,0.62,0.76,-8.04,0.89,-50.96,-1.63,-10.00
27,1,1022.74,481.23,1051.70,533.65,0.1234,1.4,0.59,0.63,5.89,1.78,35.03,3.00,-10.00
27,1,953.50,471.95,972.38,525.41,0.1162,1.8,0.50,0.51,4.52,1.83,41.50,3.06,-10.00
28,1,-1.00,-1.00,-1.00,-1.00,0.3852,1.8,0.58,0.80,-11.06,1.35,-8.75,1.49,-10.00
28,1,-1.00,-1.00,-1.00,-1.00,0.3797,1.8,0.60,0.65,-9.06,1.44,-45.79,-1.64,-10.00
28,1,-1.00,-1.00,-1.00,-1.00,0.3795,1.8,0.56,0.51,9.89,1.60,12.87,-3.06,-10.00
28,1,1077.40,458.57,1109.83,529.23,0.3776,1.8,0.64,0.61,7.02,1.55,32.94,2.98,-10.00
28,1,-1.00,-1.00,-1.00,-1.00,0.3073,1.8,0.52,0.56,-10.54,1.30,-24.47,1.53,-10.00
28,1,974.81,466.35,994.60,521.85,0.2905,1.8,0.53,0.52,5.14,1.68,40.73,3.07,-10.00
28,1,-1.00,-1.00,-1.00,-1.00,0.2814,1.8,0.52,0.46,10.02,1.64,13.35,-3.05,-10.00
28,1,-1.00,-1.00,-1.00,-1.00,0.2693,1.8,0.55,0.60,-9.97,1.34,-48.54,1.55,-10.00
28,1,966.73,467.87,986.47,522.78,0.2418,1.8,0.52,0.50,4.97,1.74,41.49,2.98,-10.00
28,1,-1.00,-1.00,-1.00,-1.00,0.2409,1.8,0.61,0.66,-9.07,1.21,-50.48,-1.63,-10.00
28,1,-1.00,-1.00,-1.00,-1.00,0.2405,1.8,0.61,0.70,-9.03,0.90,-32.79,-1.64,-10.00
28,1,921.24,477.37,942.79,524.61,0.1696,1.8,0.65,0.66,4.06,2.10,48.32,2.96,-10.00
28,1,-1.00,-1.00,-1.00,-1.00,0.1677,1.8,0.61,0.72,-12.54,1.30,-24.38,1.55,-10.00
28,1,514.11,477.93,536.51,525.32,0.1361,1.8,0.71,0.68,-11.73,2.15,48.80,0.02,-10.00
28,1,716.00,502.87,734.98,551.09,0.1340,1.8,0.70,0.68,-3.73,2.98,46.19,-0.09,-10.00
28,1,-1.00,-1.00,-1.00,-1.00,0.1298,1.8,0.59,0.64,21.29,1.33,-6.68,1.45,-10.00
28,1,469.77,480.31,497.86,530.93,0.1261,1.8,0.70,0.71,-12.47,2.21,45.58,0.32,-10.00
28,1,-1.00,-1.00,-1.00,-1.00,0.1204,1.8,0.60,0.65,-10.23,1.36,-48.83,1.57,-10.00
28,1,911.42,495.40,930.31,542.25,0.1192,1.7,0.65,0.67,3.56,2.72,47.29,-3.04,-10.00
28,1,-1.00,-1.00,-1.00,-1.00,0.1169,1.8,0.50,0.52,-11.12,1.31,-14.92,-0.05,-10.00
28,1,-1.00,-1.00,-1.00,-1.00,0.1083,1.8,0.55,0.63,-9.61,1.27,-48.52,1.50,-10.00
28,1,-1.00,-1.00,-1.00,-1.00,0.1070,1.8,0.57,0.52,15.36,1.71,-1.66,3.09,-10.00
28,1,1029.06,458.16,1049.80,515.58,0.1043,1.9,0.60,0.53,6.97,1.49,41.03,3.11,-10.00
28,1,-1.00,-1.00,-1.00,-1.00,0.1005,1.7,0.54,0.50,8.21,1.90,3.80,0.44,-10.00
29,1,-1.00,-1.00,-1.00,-1.00,0.5984,1.8,0.65,0.58,10.25,1.51,11.31,-1.58,-10.00
29,1,-1.00,-1.00,-1.00,-1.00,0.3634,1.8,0.55,0.65,-11.21,1.47,-10.05,1.50,-10.00
29,1,975.04,471.15,996.01,521.41,0.3258,1.9,0.71,0.65,5.96,1.92,47.02,3.12,-10.00
29,1,1133.91,464.85,1170.88,538.30,0.3249,1.8,0.70,0.67,8.23,1.72,31.67,3.05,-10.00
29,1,1030.91,467.72,1050.21,524.67,0.3160,1.8,0.48,0.48,6.73,1.72,39.43,3.10,-10.00
29,1,-1.00,-1.00,-1.00,-1.00,0.2924,1.8,0.58,0.53,8.22,1.34,10.87,-3.04,-10.00
29,1,-1.00,-1.00,-1.00,-1.00,0.2792,1.8,0.52,0.45,10.60,1.64,12.07,3.03,-10.00
29,1,1020.33,470.73,1039.07,526.66,0.2730,1.8,0.47,0.45,6.53,1.82,40.27,3.03,-10.00
29,1,556.47,476.21,575.43,524.34,0.2564,1.8,0.65,0.62,-9.99,2.08,48.03,-0.06,-10.00
29,1,-1.00,-1.00,-1.00,-1.00,0.2271,1.8,0.60,0.64,-10.27,0.90,-32.57,-1.55,-10.00
29,1,-1.00,-1.00,-1.00,-1.00,0.2181,1.8,0.56,0.66,-11.59,1.23,-25.69,1.61,-10.00
29,1,-1.00,-1.00,-1.00,-1.00,0.1594,1.8,0.64,0.73,-11.05,0.71,-50.90,-1.62,-10.00
29,1,-1.00,-1.00,-1.00,-1.00,0.1422,1.8,0.51,0.52,-11.67,1.43,-15.57,-0.02,-10.00
29,1,566.47,478.90,587.79,526.56,0.1410,1.8,0.71,0.67,-9.72,2.20,48.83,0.02,-10.00
29,1,-1.00,-1.00,-1.00,-1.00,0.1401,1.8,0.61,0.72,-10.81,1.08,-50.57,-1.56,-10.00
29,1,-1.00,-1.00,-1.00,-1.00,0.1315,1.8,0.53,0.56,-11.68,1.23,-18.98,1.59,-10.00
29,1,1030.33,469.36,1050.08,526.43,0.1170,1.8,0.48,0.49,6.66,1.76,39.10,3.11,-10.00
29,1,1034.55,470.10,1055.12,527.78,0.1158,1.8,0.54,0.52,6.91,1.83,39.69,3.12,-10.00
29,1,1029.12,478.15,1049.98,533.73,0.1157,1.8,0.56,0.56,6.98,2.08,41.06,-3.14,-10.00
29,1,1017.92,468.18,1038.78,524.78,0.1028,1.8,0.48,0.49,6.35,1.72,39.42,2.98,-10.00
29,1,-1.00,-1.00,-1.00,-1.00,0.1005,1.8,0.53,0.60,-11.35,1.31,-25.37,1.57,-10.00
30,1,1087.59,472.58,1106.64,531.83,0.4155,1.8,0.48,0.45,8.17,1.86,37.85,-3.10,-10.00
30,1,-1.00,-1.00,-1.00,-1.00,0.3967,1.8,0.59,0.52,10.61,1.49,9.40,-1.44,-10.00
30,1,-1.00,-1.00,-1.00,-1.00,0.3232,1.8,0.57,0.53,8.59,1.53,9.24,-2.97,-10.00
30,1,-1.00,-1.00,-1.00,-1.00,0.3172,1.8,0.50,0.47,10.97,1.53,10.18,-2.92,-10.00
30,1,-1.00,-1.00,-1.00,-1.00,0.3045,1.8,0.60,0.62,-11.42,0.69,-32.83,-1.46,-10.00
30,1,-1.00,-1.00,-1.00,-1.00,0.2883,1.7,0.56,0.68,-11.45,1.49,-11.75,1.51,-10.00
30,1,1073.88,474.82,1094.43,533.37,0.2783,1.8,0.50,0.47,7.94,1.95,38.65,3.06,-10.00
30,1,-1.00,-1.00,-1.00,-1.00,0.2400,1.8,0.61,0.58,13.37,1.09,-8.81,-3.00,-10.00
30,1,1023.72,474.00,1049.95,524.98,0.2308,1.8,0.67,0.62,7.63,1.99,45.46,-2.14,-10.00
30,1,1205.88,465.29,1236.63,540.25,0.2204,1.8,0.60,0.55,9.39,1.67,29.81,-3.02,-10.00
30,1,-1.00,-1.00,-1.00,-1.00,0.2019,1.8,0.57,0.62,-12.10,1.21,-16.49,0.10,-10.00
30,1,-1.00,-1.00,-1.00,-1.00,0.1919,1.8,0.58,0.59,-10.95,0.78,-38.04,1.60,-10.00
30,1,-1.00,-1.00,-1.00,-1.00,0.1780,1.8,0.51,0.50,11.19,1.52,10.93,-3.05,-10.00
30,1,-1.00,-1.00,-1.00,-1.00,0.1764,1.8,0.56,0.60,-12.35,1.25,-20.00,1.62,-10.00
30,1,599.57,483.60,618.45,533.59,0.1629,1.9,0.61,0.55,-8.17,2.38,47.06,0.12,-10.00
30,1,1092.09,482.94,1114.10,541.02,0.1564,1.8,0.58,0.57,8.69,2.23,39.40,-3.04,-10.00
30,1,-1.00,-1.00,-1.00,-1.00,0.1306,1.7,0.49,0.48,11.13,1.54,9.33,-1.86,-10.00
30,1,455.58,500.64,478.00,546.02,0.1292,1.6,0.69,0.80,-12.82,2.70,44.66,1.38,-10.00
30,1,608.18,485.33,627.77,533.55,0.1197,1.8,0.63,0.62,-7.97,2.42,47.88,1.21,-10.00
30,1,514.34,498.74,534.06,547.30,0.1173,1.7,0.53,0.56,-10.82,2.76,44.83,1.64,-10.00
30,1,1180.34,482.97,1211.80,547.90,0.1138,1.6,0.58,0.57,9.22,1.94,31.26,-3.14,-10.00
30,1,1180.04,467.47,1211.13,536.82,0.1065,1.8,0.55,0.52,9.46,1.71,32.14,2.91,-10.00
30,1,1108.18,475.07,1130.76,527.28,0.1036,1.8,0.60,0.56,10.33,2.02,44.20,3.01,-10.00
30,1,494.28,491.35,511.30,540.40,0.1023,1.8,0.55,0.60,-11.69,2.54,45.24,1.26,-10.00
31,1,-1.00,-1.00,-1.00,-1.00,0.4035,1.8,0.58,0.55,10.72,1.50,7.57,-1.54,-10.00
31,1,-1.00,-1.00,-1.00,-1.00,0.3883,1.8,0.55,0.55,8.76,1.61,7.35,-2.98,-10.00
31,1,-1.00,-1.00,-1.00,-1.00,0.3364,1.7,0.53,0.49,11.16,1.65,8.36,-3.09,-10.00
31,1,-1.00,-1.00,-1.00,-1.00,0.3149,1.8,0.55,0.66,-11.61,1.59,-14.02,1.59,-10.00
31,1,1108.31,473.34,1132.51,534.36,0.3036,1.8,0.51,0.48,8.64,1.89,36.83,2.93,-10.00
31,1,1249.75,466.46,1282.90,547.48,0.2815,1.8,0.62,0.54,9.84,1.73,28.06,-3.01,-10.00
31,1,1062.15,476.84,1081.84,529.19,0.2661,1.8,0.62,0.61,8.57,2.06,43.75,-3.00,-10.00
31,1,-1.00,-1.00,-1.00,-1.00,0.2629,1.8,0.63,0.61,-12.45,1.28,-18.01,-1.48,-10.00
31,1,1120.20,471.40,1141.22,533.27,0.2469,1.8,0.46,0.46,8.75,1.82,36.05,-3.14,-10.00
31,1,-1.00,-1.00,-1.00,-1.00,0.2335,1.8,0.70,0.75,18.42,1.46,23.17,-0.08,-10.00
31,1,-1.00,-1.00,-1.00,-1.00,0.1769,1.7,0.50,0.48,11.49,1.67,8.93,-2.92,-10.00
31,1,-1.00,-1.00,-1.00,-1.00,0.1759,1.9,0.71,0.77,-10.54,2.03,5.92,-1.56,-10.00
31,1,-1.00,-1.00,-1.00,-1.00,0.1619,1.8,0.60,0.65,-13.83,1.07,-45.65,1.62,-10.00
31,1,474.24,488.82,496.06,540.84,0.1075,1.8,0.61,0.58,-11.75,2.43,43.13,-1.64,-10.00
31,1,-1.00,-1.00,-1.00,-1.00,0.1054,1.8,0.55,0.58,-12.76,1.10,-21.57,1.58,-10.00
32,1,-1.00,-1.00,-1.00,-1.00,0.4577,1.8,0.56,0.52,10.73,1.46,5.37,-1.56,-10.00
32,1,-1.00,-1.00,-1.00,-1.00,0.4324,1.8,0.50,0.49,11.21,1.48,6.10,3.08,-10.00
32,1,1290.03,455.83,1334.73,546.16,0.3907,1.8,0.65,0.57,10.00,1.56,25.82,3.04,-10.00
32,1,-1.00,-1.00,-1.00,-1.00,0.3868,1.8,0.62,0.57,8.79,1.40,5.26,-3.06,-10.00
32,1,1142.74,472.13,1169.49,538.78,0.3502,1.8,0.50,0.50,8.89,1.85,33.79,2.97,-10.00
32,1,1128.69,469.81,1152.80,534.21,0.3323,1.8,0.53,0.53,8.67,1.77,34.60,-3.06,-10.00
32,1,1078.09,474.26,1099.09,529.59,0.2831,1.8,0.59,0.55,8.71,1.98,41.65,-3.13,-10.00
32,1,-1.00,-1.00,-1.00,-1.00,0.2521,1.8,0.53,0.59,-11.65,1.39,-16.44,1.58,-10.00
32,1,-1.00,-1.00,-1.00,-1.00,0.2103,1.8,0.63,0.70,-13.86,0.70,-46.79,-1.52,-10.00
32,1,603.61,497.62,621.37,544.01,0.1816,1.8,0.64,0.63,-8.39,2.90,49.10,-1.66,-10.00
32,1,-1.00,-1.00,-1.00,-1.00,0.1763,1.8,0.68,0.65,-12.52,1.34,-20.07,0.99,-10.00
32,1,-1.00,-1.00,-1.00,-1.00,0.1756,1.8,0.50,0.44,11.08,1.44,5.35,-1.66,-10.00
32,1,-1.00,-1.00,-1.00,-1.00,0.1461,1.8,0.46,0.44,11.44,1.60,5.28,3.09,-10.00
32,1,-1.00,-1.00,-1.00,-1.00,0.1383,1.8,0.55,0.60,-12.90,0.86,-23.58,1.56,-10.00
32,1,1256.54,477.49,1297.14,555.42,0.1369,1.7,0.57,0.55,9.71,1.84,27.02,-2.18,-10.00
32,1,-1.00,-1.00,-1.00,-1.00,0.1291,1.8,0.54,0.68,-11.58,1.42,-15.74,-1.58,-10.00
32,1,-1.00,-1.00,-1.00,-1.00,0.1120,1.8,0.48,0.46,11.09,1.50,5.73,-2.85,-10.00
32,1,-1.00,-1.00,-1.00,-1.00,0.1012,1.8,0.62,0.80,-12.34,1.43,-16.07,-1.58,-10.00
33,1,-1.00,-1.00,-1.00,-1.00,0.4716,1.8,0.64,0.56,8.70,1.49,2.85,-3.04,-10.00
33,1,-1.00,-1.00,-1.00,-1.00,0.4274,1.8,0.59,0.56,10.61,1.34,2.95,-1.53,-10.00
33,1,1316.44,446.76,1363.32,544.48,0.3959,1.8,0.61,0.56,9.60,1.39,23.45,3.12,-10.00
33,1,1131.82,463.23,1158.27,532.21,0.3644,1.8,0.56,0.52,8.21,1.60,32.29,-3.10,-10.00
33,1,1147.63,460.59,1176.79,532.13,0.3432,1.8,0.52,0.52,8.42,1.55,31.43,3.07,-10.00
33,1,1076.31,469.20,1099.28,528.05,0.2915,1.8,0.61,0.57,8.18,1.81,39.24,-3.12,-10.00
33,1,-1.00,-1.00,-1.00,-1.00,0.2559,1.8,0.57,0.57,11.03,1.60,3.75,-3.11,-10.00
33,1,-1.00,-1.00,-1.00,-1.00,0.2026,1.7,0.57,0.62,-12.57,1.03,-26.12,-1.60,-10.00
33,1,-1.00,-1.00,-1.00,-1.00,0.1905,1.8,0.54,0.52,-14.11,0.54,-25.30,0.23,-10.00
33,1,521.64,489.79,551.18,553.33,0.1792,1.9,0.80,0.68,-8.61,2.47,37.21,-1.73,-10.00
33,1,-1.00,-1.00,-1.00,-1.00,0.1694,1.8,0.63,0.67,-12.41,1.22,-22.81,-2.97,-10.00
33,1,318.74,476.61,344.27,536.28,0.1362,1.8,0.56,0.58,-14.99,2.00,37.95,-1.68,-10.00
33,1,601.65,482.95,619.98,531.50,0.1354,1.8,0.57,0.63,-7.98,2.27,46.34,1.57,-10.00
33,1,-1.00,-1.00,-1.00,-1.00,0.1347,1.8,0.54,0.61,-11.56,1.44,-20.00,1.62,-10.00
33,1,-1.00,-1.00,-1.00,-1.00,0.1343,1.8,0.62,0.72,-11.05,1.97,1.43,-1.56,-10.00
33,1,571.85,493.26,589.88,541.69,0.1307,1.8,0.57,0.59,-9.24,2.69,47.13,-1.60,-10.00
33,1,559.46,490.71,578.51,540.12,0.1164,1.8,0.63,0.69,-9.62,2.62,46.79,-1.68,-10.00
33,1,1279.03,472.20,1323.30,561.00,0.1086,1.7,0.55,0.56,9.31,1.78,24.59,-2.25,-10.00
34,1,-1.00,-1.00,-1.00,-1.00,0.4131,1.8,0.61,0.60,10.54,1.28,0.45,-1.67,-10.00
34,1,-1.00,-1.00,-1.00,-1.00,0.3844,1.8,0.60,0.56,8.55,1.53,0.22,-3.06,-10.00
34,1,1334.38,449.74,1388.83,549.44,0.3444,1.6,0.64,0.58,8.92,1.32,20.90,3.12,-10.00
34,1,1057.41,470.91,1082.08,533.81,0.3282,1.8,0.60,0.57,7.08,1.85,36.49,-3.14,-10.00
34,1,1124.93,473.40,1154.28,549.68,0.3178,1.8,0.61,0.55,7.36,1.87,29.49,-3.03,-10.00
34,1,-1.00,-1.00,-1.00,-1.00,0.2802,1.8,0.55,0.55,10.94,1.43,1.23,2.99,-10.00
34,1,457.78,495.84,490.38,563.97,0.2672,1.8,0.70,0.70,-9.51,2.52,33.81,1.52,-10.00
34,1,1140.76,469.58,1177.28,548.94,0.2433,1.8,0.60,0.59,7.62,1.80,28.73,3.01,-10.00
34,1,519.30,483.03,542.78,543.41,0.2333,1.8,0.59,0.58,-8.88,2.20,37.65,-0.04,-10.00
34,1,546.40,482.85,569.40,534.41,0.2297,1.8,0.66,0.70,-9.69,2.32,45.18,-1.55,-10.00
34,1,-1.00,-1.00,-1.00,-1.00,0.2029,1.8,0.68,0.66,-12.01,1.05,-29.28,-1.55,-10.00
34,1,-1.00,-1.00,-1.00,-1.00,0.1955,1.8,0.56,0.54,11.07,1.34,0.48,-3.04,-10.00
34,1,220.54,491.94,256.38,558.05,0.1269,1.8,0.70,0.70,-16.20,2.42,34.52,1.42,-10.00
34,1,-1.00,-1.00,-1.00,-1.00,0.1267,1.8,0.59,0.62,-11.79,1.06,-26.01,1.56,-10.00
34,1,-1.00,-1.00,-1.00,-1.00,0.1252,1.8,0.62,0.63,-9.65,1.56,-16.03,1.51,-10.00
34,1,535.02,482.88,558.08,542.41,0.1174,1.8,0.61,0.58,-8.58,2.22,38.42,-0.03,-10.00
34,1,539.53,485.39,562.49,537.40,0.1113,1.9,0.69,0.74,-10.00,2.44,45.48,-1.62,-10.00
34,1,504.12,486.05,525.78,539.24,0.1113,1.8,0.60,0.55,-10.92,2.42,43.91,1.61,-10.00
35,1,1040.85,463.42,1071.85,532.41,0.5470,1.8,0.65,0.60,6.13,1.66,33.45,2.98,-10.00
35,1,-1.00,-1.00,-1.00,-1.00,0.4653,1.8,0.59,0.54,10.30,1.26,-2.33,-1.61,-10.00
35,1,451.66,477.17,477.02,543.58,0.3230,1.8,0.58,0.56,-9.91,2.01,34.28,-0.11,-10.00
35,1,1387.52,446.62,1444.21,560.38,0.2921,1.6,0.53,0.50,8.38,1.28,17.83,3.14,-10.00
35,1,1139.21,460.46,1176.68,548.08,0.2822,1.8,0.57,0.54,6.84,1.61,25.87,3.03,-10.00
35,1,-1.00,-1.00,-1.00,-1.00,0.2768,1.8,0.52,0.48,10.75,1.25,-1.59,3.08,-10.00
35,1,494.57,478.70,518.95,534.06,0.2619,1.9,0.65,0.63,-10.82,2.16,42.40,-1.57,-10.00
35,1,462.52,481.89,495.98,546.24,0.2509,1.8,0.64,0.63,-9.74,2.13,35.12,0.63,-10.00
35,1,-1.00,-1.00,-1.00,-1.00,0.2442,1.8,0.57,0.55,8.45,1.51,-2.65,3.09,-10.00
35,1,360.17,494.16,399.55,571.06,0.2435,1.8,0.68,0.69,-10.57,2.38,29.65,1.55,-10.00
35,1,411.30,484.96,435.26,540.02,0.2060,1.8,0.60,0.62,-13.39,2.32,41.59,-1.61,-10.00
35,1,1128.19,464.88,1162.78,546.77,0.1701,1.7,0.56,0.55,6.78,1.63,26.64,3.13,-10.00
35,1,126.61,498.39,163.40,570.52,0.1618,1.8,0.61,0.62,-16.95,2.49,31.16,-0.19,-10.00
35,1,970.38,469.20,990.26,515.27,0.1556,1.8,0.67,0.65,6.02,1.76,49.03,-2.87,-10.00
35,1,76.32,495.06,121.88,566.99,0.1436,1.7,0.61,0.74,-17.92,2.38,30.88,3.08,-10.00
35,1,-1.00,-1.00,-1.00,-1.00,0.1391,1.8,0.53,0.57,-11.28,0.62,-32.84,0.14,-10.00
35,1,-1.00,-1.00,-1.00,-1.00,0.1235,1.8,0.55,0.62,-10.31,1.27,-50.48,1.67,-10.00
35,1,89.30,458.80,121.17,527.85,0.1193,1.8,0.53,0.57,-18.93,1.51,32.89,-2.42,-10.00
35,1,-1.00,-1.00,-1.00,-1.00,0.1145,1.8,0.68,0.67,20.29,0.85,14.09,-2.64,-10.00
35,1,1321.75,472.18,1373.01,581.83,0.1099,1.7,0.55,0.51,8.03,1.71,19.33,-3.13,-10.00
35,1,-1.00,-1.00,-1.00,-1.00,0.1096,1.8,0.56,0.62,-11.04,0.67,-44.06,-2.01,-10.00
35,1,486.08,486.03,506.08,538.91,0.1040,1.8,0.55,0.59,-11.28,2.35,42.76,-1.63,-10.00
35,1,-1.00,-1.00,-1.00,-1.00,0.1011,1.7,0.57,0.54,12.12,1.45,-4.44,0.03,-10.00
36,1,1467.64,438.00,1545.76,591.90,0.4417,1.8,0.58,0.54,8.08,1.43,14.90,-1.54,-10.00
36,1,-1.00,-1.00,-1.00,-1.00,0.3401,1.8,0.56,0.55,10.24,1.17,-5.36,-1.55,-10.00
36,1,384.61,490.72,417.52,564.72,0.3313,1.8,0.60,0.59,-10.55,2.34,31.07,0.02,-10.00
36,1,959.43,470.37,977.16,519.72,0.3079,1.8,0.62,0.62,5.23,1.83,46.23,-1.47,-10.00
36,1,452.34,484.56,475.70,542.21,0.3065,1.8,0.60,0.62,-11.46,2.28,39.62,-1.69,-10.00
36,1,1036.97,461.48,1066.39,537.57,0.2620,1.8,0.61,0.55,5.47,1.64,30.48,3.09,-10.00
36,1,1154.24,461.79,1195.97,559.70,0.2471,1.8,0.54,0.54,6.35,1.63,22.84,3.07,-10.00
36,1,-1.00,-1.00,-1.00,-1.00,0.2462,1.7,0.45,0.44,10.79,1.16,-4.61,2.88,-10.00
36,1,1143.07,468.06,1180.97,558.03,0.2154,1.7,0.54,0.53,6.33,1.65,23.66,3.13,-10.00
36,1,410.34,492.02,440.88,564.84,0.1983,1.8,0.59,0.58,-10.19,2.40,31.84,-0.01,-10.00
36,1,-1.00,-1.00,-1.00,-1.00,0.1440,1.8,0.58,0.55,8.47,1.37,-5.58,-2.99,-10.00
36,1,-1.00,-1.00,-1.00,-1.00,0.1416,1.7,0.45,0.43,10.95,1.18,-5.49,-2.54,-10.00
36,1,434.92,497.11,462.12,558.19,0.1386,1.8,0.66,0.63,-11.07,2.57,36.70,-1.71,-10.00
36,1,264.68,484.63,307.56,573.80,0.1337,1.8,0.60,0.60,-10.99,2.10,25.48,1.54,-10.00
36,1,1393.09,479.62,1448.49,604.11,0.1202,1.6,0.55,0.58,7.68,1.71,16.19,-2.68,-10.00
36,1,951.52,471.15,968.88,519.38,0.1169,1.8,0.57,0.58,5.01,1.84,46.98,1.59,-10.00
36,1,-1.00,-1.00,-1.00,-1.00,0.1166,1.8,0.72,0.71,20.66,0.97,11.60,-3.13,-10.00
36,1,187.47,523.07,222.25,582.23,0.1156,1.4,0.58,0.66,-15.44,2.77,31.12,1.42,-10.00
36,1,312.99,555.13,343.32,619.99,0.1125,1.8,0.63,0.56,-13.78,4.12,34.64,-1.68,-10.00
37,1,1038.28,463.62,1074.08,547.57,0.4466,1.8,0.62,0.58,5.02,1.69,27.44,3.02,-10.00
37,1,-1.00,-1.00,-1.00,-1.00,0.3933,1.8,0.65,0.68,21.12,1.34,8.90,-0.19,-10.00
37,1,-1.00,-1.00,-1.00,-1.00,0.3563,1.8,0.56,0.53,10.26,1.34,-8.34,-1.66,-10.00
37,1,-1.00,-1.00,-1.00,-1.00,0.3555,1.8,0.64,0.58,7.88,1.50,11.88,-2.99,-10.00
37,1,136.07,480.12,202.12,585.90,0.3550,1.8,0.72,0.81,-11.23,1.96,21.42,1.46,-10.00
37,1,410.26,468.95,440.47,531.72,0.3484,1.8,0.66,0.70,-11.80,1.81,36.87,-1.59,-10.00
37,1,285.45,472.06,313.86,534.82,0.3414,1.8,0.66,0.69,-15.46,1.90,36.78,-1.83,-10.00
37,1,-1.00,-1.00,-1.00,-1.00,0.3363,1.8,0.57,0.66,-9.12,0.81,-46.16,-1.56,-10.00
37,1,1183.67,453.88,1234.16,564.96,0.3312,1.7,0.54,0.55,6.02,1.49,19.73,3.02,-10.00
37,1,-1.00,-1.00,-1.00,-1.00,0.3177,1.6,0.49,0.48,10.79,1.36,-7.60,-3.14,-10.00
37,1,378.79,470.02,405.83,532.84,0.3133,1.8,0.59,0.61,-12.49,1.80,36.05,-1.67,-10.00
37,1,955.31,464.62,975.14,516.64,0.3001,1.8,0.58,0.60,4.79,1.61,43.33,-1.60,-10.00
37,1,321.04,469.22,356.90,551.40,0.2935,1.8,0.59,0.54,-10.84,1.80,27.85,0.01,-10.00
37,1,1167.95,458.26,1213.41,561.70,0.2601,1.7,0.54,0.54,5.96,1.49,20.53,3.11,-10.00
37,1,341.42,468.85,375.84,549.25,0.2260,1.8,0.59,0.56,-10.70,1.81,28.66,-0.05,-10.00
37,1,512.74,481.65,534.14,531.43,0.1802,1.8,0.64,0.61,-11.01,2.23,45.50,-1.62,-10.00
37,1,-1.00,-1.00,-1.00,-1.00,0.1633,1.8,0.57,0.55,8.47,1.51,-8.67,-3.14,-10.00
37,1,-1.00,-1.00,-1.00,-1.00,0.1128,1.7,0.52,0.48,10.57,1.31,-7.90,-1.61,-10.00
38,1,241.28,452.63,283.32,545.87,0.4783,1.8,0.60,0.53,-11.14,1.49,24.75,-0.01,-10.00
38,1,337.07,465.79,368.75,533.88,0.4165,1.8,0.60,0.64,-12.69,1.71,33.56,-1.60,-10.00
38,1,-1.00,-1.00,-1.00,-1.00,0.4005,1.8,0.70,0.75,21.80,1.33,6.33,-0.31,-10.00
38,1,-1.00,-1.00,-1.00,-1.00,0.3765,1.8,0.69,0.64,7.77,1.47,8.92,2.79,-10.00
38,1,1057.36,445.54,1098.13,540.05,0.3650,1.8,0.61,0.56,4.87,1.36,24.32,2.97,-10.00
38,1,0.00,478.26,48.49,609.05,0.3122,1.8,0.64,0.71,-11.28,1.89,17.25,1.56,-10.00
38,1,368.40,465.41,399.93,532.29,0.2889,1.8,0.63,0.69,-12.12,1.70,34.35,-1.63,-10.00
38,1,-1.00,-1.00,-1.00,-1.00,0.2887,1.9,0.66,0.55,10.43,1.39,-11.39,-1.63,-10.00
38,1,956.73,466.18,980.15,521.18,0.2327,1.7,0.62,0.66,4.56,1.64,40.26,1.51,-10.00
38,1,-1.00,-1.00,-1.00,-1.00,0.2199,1.8,0.57,0.51,10.75,1.54,-10.63,3.05,-10.00
38,1,-1.00,-1.00,-1.00,-1.00,0.1976,1.8,0.57,0.51,10.90,1.47,-11.46,-2.34,-10.00
38,1,0.00,479.34,13.48,607.30,0.1965,1.7,0.63,0.74,-11.95,1.89,17.51,1.59,-10.00
38,1,-1.00,-1.00,-1.00,-1.00,0.1824,1.8,0.56,0.50,8.50,1.53,-11.61,-2.98,-10.00
38,1,1228.70,443.08,1288.73,567.34,0.1772,1.6,0.52,0.53,5.76,1.29,16.71,2.95,-10.00
38,1,995.47,464.42,1018.93,514.02,0.1690,1.8,0.60,0.59,6.59,1.60,45.75,-1.98,-10.00
38,1,1209.06,443.09,1261.20,568.79,0.1316,1.7,0.51,0.50,5.70,1.37,17.51,3.10,-10.00
38,1,-1.00,-1.00,-1.00,-1.00,0.1204,1.8,0.71,0.71,44.38,0.76,13.66,3.08,-10.00
39,1,-1.00,-1.00,-1.00,-1.00,0.5242,1.8,0.73,0.66,7.76,1.46,5.77,2.74,-10.00
39,1,313.15,476.58,349.18,550.17,0.4073,1.8,0.63,0.67,-12.33,1.99,31.20,-1.61,-10.00
39,1,-1.00,-1.00,-1.00,-1.00,0.3777,1.8,0.73,0.83,22.53,1.11,3.17,-0.13,-10.00
39,1,1341.66,447.02,1424.74,618.42,0.3717,1.8,0.58,0.52,6.00,1.57,13.51,2.89,-10.00
39,1,1315.59,456.62,1384.00,607.65,0.3402,1.7,0.56,0.50,5.96,1.55,14.30,-3.12,-10.00
39,1,-1.00,-1.00,-1.00,-1.00,0.3123,1.8,0.64,0.55,10.10,1.29,-14.56,-1.68,-10.00
39,1,174.06,470.69,224.83,577.83,0.3059,1.8,0.60,0.51,-10.86,1.85,21.70,0.15,-10.00
39,1,-1.00,-1.00,-1.00,-1.00,0.2959,1.8,0.72,0.81,-11.19,1.97,13.21,1.53,-10.00
39,1,-1.00,-1.00,-1.00,-1.00,0.2941,1.2,0.69,0.78,-21.16,2.00,20.02,-1.76,-10.00
39,1,-1.00,-1.00,-1.00,-1.00,0.2739,1.8,0.56,0.50,10.51,1.28,-13.84,-2.44,-10.00
39,1,354.34,476.40,388.51,548.49,0.2697,1.8,0.61,0.68,-11.58,1.99,31.89,-1.59,-10.00
39,1,-1.00,-1.00,-1.00,-1.00,0.2190,1.8,0.55,0.52,8.21,1.17,-14.77,-3.02,-10.00
39,1,1105.19,453.43,1159.87,558.34,0.2007,1.8,0.65,0.68,5.19,1.49,21.29,3.03,-10.00
39,1,459.60,478.47,487.94,537.84,0.1903,1.8,0.72,0.63,-11.04,2.12,39.22,1.52,-10.00
39,1,1272.84,472.77,1345.66,589.15,0.1826,1.4,0.59,0.61,5.91,1.44,15.35,3.11,-10.00
39,1,977.76,458.10,1006.38,520.77,0.1563,1.8,0.68,0.72,4.90,1.50,37.10,1.49,-10.00
39,1,-1.00,-1.00,-1.00,-1.00,0.1500,1.8,0.51,0.48,10.88,1.34,-14.79,-3.13,-10.00
39,1,-1.00,-1.00,-1.00,-1.00,0.1459,1.9,0.73,0.73,-9.60,0.41,-50.89,-1.58,-10.00
39,1,-1.00,-1.00,-1.00,-1.00,0.1363,1.7,0.56,0.54,-8.34,1.77,-9.18,-0.10,-10.00
39,1,-1.00,-1.00,-1.00,-1.00,0.1249,1.7,0.66,0.75,-11.67,1.97,13.11,1.55,-10.00
39,1,-1.00,-1.00,-1.00,-1.00,0.1101,1.8,0.53,0.48,10.39,1.31,-14.36,-1.63,-10.00
39,1,201.98,474.86,247.11,575.27,0.1047,1.8,0.54,0.48,-10.75,1.87,22.37,0.11,-10.00
