0,1,-1.00,-1.00,-1.00,-1.00,0.3389,1.8,0.67,0.64,31.83,0.45,4.92,-0.14,-10.00
0,1,-1.00,-1.00,-1.00,-1.00,0.3115,1.5,0.60,0.64,-13.26,1.28,9.52,-2.29,-10.00
0,1,-1.00,-1.00,-1.00,-1.00,0.3097,1.8,0.63,0.60,33.01,0.53,5.76,-0.20,-10.00
0,1,366.78,475.19,416.09,574.22,0.2734,1.5,0.57,0.56,-6.61,1.27,19.73,1.54,-10.00
0,1,-1.00,-1.00,-1.00,-1.00,0.2453,1.8,0.53,0.58,16.41,1.32,-33.78,-1.69,-10.00
0,1,413.34,470.13,460.01,580.93,0.2405,1.7,0.54,0.54,-5.82,1.35,19.42,-0.01,-10.00
0,1,-1.00,-1.00,-1.00,-1.00,0.1928,1.8,0.55,0.63,17.62,1.28,-33.71,1.35,-10.00
0,1,-1.00,-1.00,-1.00,-1.00,0.1859,1.6,0.55,0.57,-13.27,1.22,8.78,-2.88,-10.00
0,1,-1.00,-1.00,-1.00,-1.00,0.1598,1.2,0.59,0.57,13.36,0.87,-2.51,-0.04,-10.00
0,1,-1.00,-1.00,-1.00,-1.00,0.1414,1.3,0.56,0.60,-11.65,1.38,8.35,-2.38,-10.00
0,1,425.89,465.52,474.63,574.51,0.1284,1.7,0.53,0.51,-5.72,1.28,19.80,0.26,-10.00
0,1,-1.00,-1.00,-1.00,-1.00,0.1272,1.8,0.64,0.63,32.26,0.51,4.62,3.12,-10.00
0,1,-1.00,-1.00,-1.00,-1.00,0.1086,1.7,0.65,0.69,-20.09,1.17,14.25,-1.67,-10.00
1,1,-1.00,-1.00,-1.00,-1.00,0.3413,1.2,0.65,0.66,-13.37,1.25,6.66,0.15,-10.00
1,1,-1.00,-1.00,-1.00,-1.00,0.3010,1.2,0.66,0.60,-13.32,1.17,5.91,3.04,-10.00
1,1,-1.00,-1.00,-1.00,-1.00,0.2428,1.2,0.59,0.58,10.66,1.03,5.69,3.14,-10.00
1,1,1144.92,471.53,1178.09,529.55,0.2386,1.5,0.60,0.67,9.10,1.00,33.40,-0.10,-10.00
1,1,-1.00,-1.00,-1.00,-1.00,0.2299,1.8,0.63,0.60,16.17,1.57,-36.68,-1.62,-10.00
1,1,290.20,478.54,352.61,565.95,0.2203,1.1,0.63,0.63,-6.62,0.98,16.97,-0.13,-10.00
1,1,-1.00,-1.00,-1.00,-1.00,0.2167,1.5,0.60,0.55,-14.57,1.29,6.24,-0.03,-10.00
1,1,-1.00,-1.00,-1.00,-1.00,0.2149,1.7,0.59,0.61,17.35,1.44,-36.55,-1.66,-10.00
1,1,-1.00,-1.00,-1.00,-1.00,0.1652,1.8,0.61,0.54,33.01,0.44,2.83,3.10,-10.00
1,1,323.42,470.97,387.21,561.55,0.1634,1.2,0.58,0.63,-6.02,0.90,16.57,-0.05,-10.00
1,1,1362.72,447.49,1397.43,522.28,0.1506,1.8,0.63,0.64,13.48,0.73,30.30,-2.92,-10.00
1,1,-1.00,-1.00,-1.00,-1.00,0.1500,1.7,0.59,0.60,17.59,1.54,-36.28,-1.65,-10.00
1,1,-1.00,-1.00,-1.00,-1.00,0.1444,1.6,0.67,0.58,-13.83,0.93,-4.82,-3.12,-10.00
1,1,-1.00,-1.00,-1.00,-1.00,0.1400,1.3,0.55,0.57,-14.21,1.23,5.93,-0.36,-10.00
1,1,-1.00,-1.00,-1.00,-1.00,0.1328,1.8,0.59,0.61,27.75,1.10,-10.23,1.30,-10.00
1,1,1333.47,453.36,1368.32,525.47,0.1313,1.7,0.65,0.65,13.07,0.83,30.96,-2.97,-10.00
1,1,1304.34,465.51,1347.48,537.01,0.1288,1.5,0.67,0.66,11.03,0.98,27.43,1.58,-10.00
1,1,82.26,465.70,134.89,552.51,0.1228,1.7,0.69,0.67,-14.42,1.23,25.82,1.50,-10.00
1,1,-1.00,-1.00,-1.00,-1.00,0.1224,1.2,0.66,0.66,-11.44,1.41,5.45,0.02,-10.00
1,1,-1.00,-1.00,-1.00,-1.00,0.1205,1.2,0.66,0.69,-13.46,1.17,5.51,3.02,-10.00
1,1,1153.32,475.51,1186.46,525.53,0.1138,1.3,0.68,0.72,9.55,0.91,34.20,0.03,-10.00
1,1,-1.00,-1.00,-1.00,-1.00,0.1129,1.7,0.56,0.58,35.75,1.25,-27.53,-3.02,-10.00
1,1,-1.00,-1.00,-1.00,-1.00,0.1065,1.7,0.61,0.61,27.43,1.01,-10.59,1.59,-10.00
1,1,-1.00,-1.00,-1.00,-1.00,0.1061,1.4,0.59,0.67,-11.05,1.48,5.06,1.64,-10.00
1,1,-1.00,-1.00,-1.00,-1.00,0.1052,1.5,0.81,0.80,-15.78,0.45,6.98,3.02,-10.00
1,1,-1.00,-1.00,-1.00,-1.00,0.1008,1.1,0.66,0.63,-11.71,1.27,5.77,0.23,-10.00
2,1,-1.00,-1.00,-1.00,-1.00,0.2869,1.8,0.65,0.68,25.31,1.17,-3.48,-0.73,-10.00
2,1,-1.00,-1.00,-1.00,-1.00,0.2577,1.2,0.66,0.73,-13.32,1.31,4.16,1.69,-10.00
2,1,-1.00,-1.00,-1.00,-1.00,0.2548,1.7,0.61,0.67,-18.19,1.55,6.36,1.56,-10.00
2,1,-1.00,-1.00,-1.00,-1.00,0.2362,1.7,0.62,0.63,16.11,1.71,-39.47,-0.06,-10.00
2,1,-1.00,-1.00,-1.00,-1.00,0.2248,1.7,0.64,0.64,17.18,1.68,-39.43,-2.99,-10.00
2,1,-1.00,-1.00,-1.00,-1.00,0.2217,1.4,0.63,0.66,-13.52,1.30,2.66,-3.02,-10.00
2,1,-1.00,-1.00,-1.00,-1.00,0.2209,1.6,0.63,0.56,-14.28,1.17,-6.14,-0.13,-10.00
2,1,-1.00,-1.00,-1.00,-1.00,0.1785,1.4,0.59,0.59,-14.57,1.33,3.43,0.17,-10.00
2,1,-1.00,-1.00,-1.00,-1.00,0.1680,1.8,0.63,0.56,32.97,0.43,-0.19,3.10,-10.00
2,1,-1.00,-1.00,-1.00,-1.00,0.1630,1.2,0.55,0.62,10.73,1.09,2.91,-3.00,-10.00
2,1,-1.00,-1.00,-1.00,-1.00,0.1498,1.2,0.63,0.69,-13.42,1.25,3.10,-2.98,-10.00
2,1,-1.00,-1.00,-1.00,-1.00,0.1490,1.7,0.68,0.72,33.29,1.13,-30.28,-0.11,-10.00
2,1,-1.00,-1.00,-1.00,-1.00,0.1351,1.1,0.61,0.73,-11.89,1.30,3.51,1.59,-10.00
2,1,-1.00,-1.00,-1.00,-1.00,0.1325,1.7,0.60,0.66,25.73,1.03,-4.23,-0.98,-10.00
2,1,-1.00,-1.00,-1.00,-1.00,0.1316,1.8,0.67,0.62,35.73,0.94,-30.60,-2.19,-10.00
2,1,-1.00,-1.00,-1.00,-1.00,0.1222,1.2,0.62,0.75,-11.69,1.33,4.26,1.64,-10.00
2,1,-1.00,-1.00,-1.00,-1.00,0.1167,1.3,0.68,0.71,15.36,1.03,-3.08,0.54,-10.00
2,1,-1.00,-1.00,-1.00,-1.00,0.1142,1.2,0.62,0.67,12.70,1.06,19.06,0.13,-10.00
2,1,187.99,466.18,276.69,590.87,0.1140,1.4,0.65,0.67,-6.56,1.09,14.25,0.02,-10.00
2,1,-1.00,-1.00,-1.00,-1.00,0.1136,1.5,0.62,0.64,32.88,0.99,-30.55,0.25,-10.00
2,1,-1.00,-1.00,-1.00,-1.00,0.1131,0.99,0.67,0.74,-10.89,1.31,3.50,-1.55,-10.00
2,1,-1.00,-1.00,-1.00,-1.00,0.1117,1.5,0.57,0.57,-14.66,1.27,2.66,-3.10,-10.00
2,1,-1.00,-1.00,-1.00,-1.00,0.1077,1.5,0.60,0.58,-14.60,1.33,3.83,-2.88,-10.00
3,1,-1.00,-1.00,-1.00,-1.00,0.4092,1.7,0.61,0.57,-14.68,1.45,0.61,0.15,-10.00
3,1,-1.00,-1.00,-1.00,-1.00,0.3663,1.6,0.59,0.55,-14.63,1.43,1.38,0.18,-10.00
3,1,-1.00,-1.00,-1.00,-1.00,0.2590,1.4,0.66,0.62,-13.32,1.31,1.55,-2.91,-10.00
3,1,-1.00,-1.00,-1.00,-1.00,0.2456,1.5,0.59,0.58,-13.33,1.36,0.75,-2.94,-10.00
3,1,40.07,506.64,153.94,624.80,0.2341,1.0,0.64,0.64,-6.56,1.19,11.58,0.07,-10.00
3,1,-1.00,-1.00,-1.00,-1.00,0.2021,1.4,0.64,0.61,-13.71,1.36,0.18,-2.93,-10.00
3,1,-1.00,-1.00,-1.00,-1.00,0.1906,1.5,0.63,0.67,10.74,1.26,0.22,-3.08,-10.00
3,1,-1.00,-1.00,-1.00,-1.00,0.1894,1.1,0.60,0.69,-11.69,1.32,0.25,-3.01,-10.00
3,1,-1.00,-1.00,-1.00,-1.00,0.1839,1.1,0.60,0.68,-12.08,1.34,1.09,0.62,-10.00
3,1,-1.00,-1.00,-1.00,-1.00,0.1833,1.8,0.79,0.74,-15.79,0.89,1.78,-2.92,-10.00
3,1,-1.00,-1.00,-1.00,-1.00,0.1731,1.8,0.56,0.61,27.70,1.08,-15.11,-1.39,-10.00
3,1,-1.00,-1.00,-1.00,-1.00,0.1722,1.4,0.60,0.66,-18.99,1.31,4.27,-1.49,-10.00
3,1,-1.00,-1.00,-1.00,-1.00,0.1708,1.5,0.58,0.61,-19.35,1.36,3.20,-1.45,-10.00
3,1,1489.25,454.45,1538.46,532.50,0.1664,1.5,0.62,0.61,13.59,0.79,24.69,3.13,-10.00
3,1,-1.00,-1.00,-1.00,-1.00,0.1625,1.7,0.56,0.58,-18.20,1.43,6.65,-2.55,-10.00
3,1,-1.00,-1.00,-1.00,-1.00,0.1591,1.6,0.59,0.60,-20.62,1.40,3.91,-2.46,-10.00
3,1,-1.00,-1.00,-1.00,-1.00,0.1588,1.7,0.63,0.55,-15.81,1.42,0.62,-3.14,-10.00
3,1,-1.00,-1.00,-1.00,-1.00,0.1558,1.4,0.66,0.72,15.37,0.96,-5.81,0.15,-10.00
3,1,-1.00,-1.00,-1.00,-1.00,0.1468,1.3,0.62,0.68,-18.18,1.32,3.84,-1.43,-10.00
3,1,-1.00,-1.00,-1.00,-1.00,0.1463,1.7,0.56,0.56,-20.57,1.46,4.76,-2.78,-10.00
3,1,1271.86,472.58,1314.94,534.86,0.1459,1.4,0.68,0.65,10.62,0.96,28.20,-1.67,-10.00
3,1,-1.00,-1.00,-1.00,-1.00,0.1434,1.8,0.54,0.55,15.93,1.21,-42.22,3.09,-10.00
3,1,-1.00,-1.00,-1.00,-1.00,0.1426,1.3,0.61,0.73,12.68,0.95,0.61,2.96,-10.00
3,1,-1.00,-1.00,-1.00,-1.00,0.1316,1.0,0.59,0.67,-11.73,1.33,0.63,0.32,-10.00
3,1,1227.46,484.04,1268.60,546.06,0.1286,1.4,0.64,0.75,9.87,1.24,28.96,-1.66,-10.00
3,1,-1.00,-1.00,-1.00,-1.00,0.1150,1.4,0.60,0.70,13.09,0.84,0.91,3.13,-10.00
3,1,1462.52,450.59,1506.45,534.62,0.1128,1.7,0.59,0.56,13.39,0.86,25.39,3.12,-10.00
3,1,-1.00,-1.00,-1.00,-1.00,0.1090,1.2,0.56,0.65,-12.16,1.37,0.26,0.17,-10.00
3,1,111.01,496.08,225.43,615.71,0.1090,1.0,0.64,0.63,-5.78,1.08,11.31,0.31,-10.00
3,1,1183.38,473.74,1219.14,542.97,0.1073,1.6,0.59,0.64,9.17,1.22,30.17,-0.10,-10.00
4,1,0.00,493.68,59.38,672.76,0.3798,1.2,0.62,0.67,-5.77,1.20,8.75,-2.79,-10.00
4,1,-1.00,-1.00,-1.00,-1.00,0.3481,1.1,0.61,0.60,-6.58,1.21,9.20,-2.99,-10.00
4,1,-1.00,-1.00,-1.00,-1.00,0.3075,1.7,0.60,0.63,27.67,1.06,-17.54,-3.04,-10.00
4,1,-1.00,-1.00,-1.00,-1.00,0.2283,1.2,0.61,0.62,-13.42,1.29,-0.88,-3.00,-10.00
4,1,1062.74,503.08,1100.18,557.65,0.2255,1.2,0.60,0.72,5.98,1.48,28.59,-3.14,-10.00
4,1,-1.00,-1.00,-1.00,-1.00,0.2129,1.4,0.58,0.60,-18.11,1.27,1.44,-1.54,-10.00
4,1,-1.00,-1.00,-1.00,-1.00,0.1828,1.2,0.55,0.58,-13.40,1.31,-1.67,-2.99,-10.00
4,1,-1.00,-1.00,-1.00,-1.00,0.1773,1.3,0.63,0.67,-13.69,1.31,-2.19,3.13,-10.00
4,1,-1.00,-1.00,-1.00,-1.00,0.1680,1.2,0.75,0.75,14.20,0.88,-6.98,-0.44,-10.00
4,1,1276.87,480.87,1320.14,543.97,0.1316,1.3,0.64,0.78,9.97,1.07,26.21,0.27,-10.00
4,1,-1.00,-1.00,-1.00,-1.00,0.1239,1.6,0.54,0.56,-19.34,1.37,0.72,-1.44,-10.00
4,1,1225.15,466.49,1269.68,545.06,0.1186,1.7,0.66,0.69,9.44,1.16,27.74,-0.18,-10.00
4,1,-1.00,-1.00,-1.00,-1.00,0.1098,1.8,0.64,0.67,19.30,0.27,-43.79,2.99,-10.00
4,1,-1.00,-1.00,-1.00,-1.00,0.1067,1.6,0.92,0.96,-16.09,0.66,-0.78,1.73,-10.00
4,1,-1.00,-1.00,-1.00,-1.00,0.1023,1.4,0.58,0.58,-14.67,1.38,-1.30,0.39,-10.00
5,1,-1.00,-1.00,-1.00,-1.00,0.3000,1.2,0.62,0.70,-5.79,1.22,6.31,-2.82,-10.00
5,1,-1.00,-1.00,-1.00,-1.00,0.2925,1.1,0.66,0.63,-6.62,1.32,6.80,0.23,-10.00
5,1,-1.00,-1.00,-1.00,-1.00,0.2676,0.82,0.63,0.83,9.93,0.81,11.84,2.83,-10.00
5,1,-1.00,-1.00,-1.00,-1.00,0.2593,1.7,0.65,0.67,-16.07,1.08,8.64,-1.68,-10.00
5,1,1309.46,465.69,1358.02,553.50,0.2220,1.6,0.58,0.59,9.43,1.12,23.09,-0.27,-10.00
5,1,-1.00,-1.00,-1.00,-1.00,0.1987,1.0,0.60,0.67,-13.35,1.29,-3.24,-3.10,-10.00
5,1,-1.00,-1.00,-1.00,-1.00,0.1919,1.7,0.62,0.65,27.73,1.16,-19.78,3.12,-10.00
5,1,-1.00,-1.00,-1.00,-1.00,0.1723,1.0,0.66,0.87,13.14,0.92,10.91,-3.02,-10.00
5,1,-1.00,-1.00,-1.00,-1.00,0.1550,1.6,0.58,0.61,-14.11,1.12,-7.38,-1.49,-10.00
5,1,1363.52,482.44,1417.43,560.19,0.1523,1.3,0.59,0.60,9.51,1.13,20.99,-0.08,-10.00
5,1,-1.00,-1.00,-1.00,-1.00,0.1459,1.5,0.60,0.60,-17.64,1.05,14.26,1.50,-10.00
5,1,-1.00,-1.00,-1.00,-1.00,0.1439,0.92,0.61,0.72,9.85,0.94,12.59,-0.27,-10.00
5,1,-1.00,-1.00,-1.00,-1.00,0.1323,1.0,0.64,0.75,-10.99,1.35,-4.53,1.15,-10.00
5,1,-1.00,-1.00,-1.00,-1.00,0.1305,1.0,0.59,0.65,-13.39,1.31,-3.80,3.13,-10.00
5,1,1268.95,467.93,1304.16,551.61,0.1288,1.6,0.56,0.59,9.40,1.19,25.31,0.48,-10.00
5,1,-1.00,-1.00,-1.00,-1.00,0.1269,1.8,0.65,0.64,19.18,0.32,-46.19,3.07,-10.00
5,1,-1.00,-1.00,-1.00,-1.00,0.1223,0.93,0.59,0.72,-11.95,1.37,-3.65,-0.01,-10.00
5,1,-1.00,-1.00,-1.00,-1.00,0.1182,1.4,0.58,0.62,-13.72,1.27,-4.51,2.97,-10.00
5,1,1378.48,470.47,1428.80,548.21,0.1176,1.4,0.59,0.62,10.69,1.02,23.05,3.07,-10.00
5,1,1354.27,469.50,1406.99,558.77,0.1166,1.5,0.59,0.61,9.89,1.17,22.20,2.92,-10.00
5,1,-1.00,-1.00,-1.00,-1.00,0.1149,1.4,0.61,0.69,13.03,1.17,-4.15,3.06,-10.00
5,1,1425.26,472.90,1469.89,545.74,0.1134,1.5,0.61,0.63,12.82,1.09,25.73,0.10,-10.00
5,1,-1.00,-1.00,-1.00,-1.00,0.1090,0.92,0.64,0.73,-10.98,1.38,-3.76,-1.59,-10.00
5,1,1398.20,426.63,1425.07,483.69,0.1063,1.8,0.59,0.56,18.68,-0.25,39.74,3.13,-10.00
5,1,1412.26,478.64,1478.29,567.47,0.1056,1.4,0.63,0.71,10.01,1.20,20.17,3.05,-10.00
5,1,1449.52,472.88,1496.78,543.22,0.1056,1.3,0.59,0.59,12.68,0.99,24.46,3.09,-10.00
5,1,-1.00,-1.00,-1.00,-1.00,0.1053,1.2,0.64,0.69,-19.27,1.21,14.28,-1.78,-10.00
6,1,-1.00,-1.00,-1.00,-1.00,0.3400,0.96,0.60,0.71,-6.62,1.15,4.60,-3.13,-10.00
6,1,-1.00,-1.00,-1.00,-1.00,0.2765,1.5,0.60,0.60,-13.43,1.48,-6.09,-2.87,-10.00
6,1,-1.00,-1.00,-1.00,-1.00,0.2357,1.2,0.63,0.70,-12.14,1.40,-5.80,3.08,-10.00
6,1,-1.00,-1.00,-1.00,-1.00,0.2202,1.4,0.62,0.57,-13.73,1.38,-6.65,-3.01,-10.00
6,1,1479.00,468.08,1527.29,564.57,0.2152,1.7,0.56,0.54,12.31,1.30,22.70,-0.09,-10.00
6,1,1493.02,482.75,1547.05,557.05,0.1946,1.3,0.63,0.69,13.01,1.20,23.43,1.63,-10.00
6,1,-1.00,-1.00,-1.00,-1.00,0.1733,1.5,0.65,0.61,-14.94,1.49,-6.17,3.11,-10.00
6,1,-1.00,-1.00,-1.00,-1.00,0.1520,1.2,0.58,0.64,-5.82,1.18,4.18,0.26,-10.00
6,1,-1.00,-1.00,-1.00,-1.00,0.1485,1.7,0.67,0.63,27.79,1.08,-21.90,-1.51,-10.00
6,1,-1.00,-1.00,-1.00,-1.00,0.1436,1.7,0.66,0.67,32.40,1.00,-40.66,1.18,-10.00
6,1,-1.00,-1.00,-1.00,-1.00,0.1369,1.4,0.63,0.59,-13.70,1.37,-5.76,0.17,-10.00
6,1,-1.00,-1.00,-1.00,-1.00,0.1343,1.2,0.59,0.59,9.74,1.02,-10.18,3.10,-10.00
6,1,1445.62,478.00,1491.11,556.52,0.1252,1.6,0.61,0.63,13.08,1.29,25.41,1.64,-10.00
6,1,-1.00,-1.00,-1.00,-1.00,0.1207,1.3,0.58,0.68,12.91,1.04,-6.27,-2.92,-10.00
6,1,1439.59,479.76,1481.80,555.44,0.1201,1.4,0.59,0.59,12.29,1.21,24.17,0.24,-10.00
6,1,-1.00,-1.00,-1.00,-1.00,0.1195,1.3,0.58,0.73,12.60,1.12,-6.65,3.07,-10.00
6,1,-1.00,-1.00,-1.00,-1.00,0.1164,1.3,0.62,0.60,-13.71,1.43,-5.27,0.21,-10.00
6,1,-1.00,-1.00,-1.00,-1.00,0.1132,1.2,0.60,0.62,9.48,0.82,-9.85,0.18,-10.00
6,1,1522.77,470.73,1569.05,564.24,0.1125,1.6,0.60,0.59,12.77,1.26,22.18,-2.81,-10.00
6,1,-1.00,-1.00,-1.00,-1.00,0.1112,1.0,0.70,0.75,-11.43,1.38,-4.95,-2.56,-10.00
6,1,-1.00,-1.00,-1.00,-1.00,0.1098,1.7,0.58,0.64,12.93,0.91,6.10,0.22,-10.00
6,1,-1.00,-1.00,-1.00,-1.00,0.1083,1.8,0.68,0.68,15.97,0.53,-42.24,2.92,-10.00
6,1,-1.00,-1.00,-1.00,-1.00,0.1063,1.5,0.61,0.65,32.86,0.67,-41.91,-3.07,-10.00
7,1,-1.00,-1.00,-1.00,-1.00,0.2579,1.3,0.67,0.83,12.53,1.07,-8.96,3.02,-10.00
7,1,-1.00,-1.00,-1.00,-1.00,0.2282,1.7,0.60,0.55,-15.02,1.43,-8.14,-0.03,-10.00
7,1,-1.00,-1.00,-1.00,-1.00,0.2112,1.4,0.59,0.62,-14.75,1.37,-7.31,0.19,-10.00
7,1,1461.13,492.65,1528.15,572.35,0.2019,1.2,0.59,0.70,10.39,1.22,19.41,-0.02,-10.00
7,1,-1.00,-1.00,-1.00,-1.00,0.1932,1.4,0.57,0.57,-13.52,1.38,-8.03,-2.89,-10.00
7,1,-1.00,-1.00,-1.00,-1.00,0.1855,0.88,0.57,0.74,10.66,1.01,10.08,-3.05,-10.00
7,1,-1.00,-1.00,-1.00,-1.00,0.1853,1.3,0.66,0.70,-6.58,1.37,2.61,-0.03,-10.00
7,1,-1.00,-1.00,-1.00,-1.00,0.1750,1.3,0.61,0.68,-13.54,1.33,-7.05,0.60,-10.00
7,1,1492.72,468.93,1520.81,530.80,0.1651,1.5,0.60,0.61,17.49,0.99,32.09,2.04,-10.00
7,1,-1.00,-1.00,-1.00,-1.00,0.1510,1.0,0.59,0.70,13.39,1.05,6.23,2.93,-10.00
7,1,-1.00,-1.00,-1.00,-1.00,0.1497,1.8,0.70,0.74,24.13,0.66,0.25,0.10,-10.00
7,1,-1.00,-1.00,-1.00,-1.00,0.1486,1.8,0.59,0.59,12.89,1.09,3.78,1.61,-10.00
7,1,1296.90,504.42,1342.66,548.57,0.1429,0.86,0.61,0.63,9.93,1.12,25.00,3.05,-10.00
7,1,1449.61,486.94,1512.28,579.58,0.1406,1.3,0.56,0.61,9.80,1.28,18.69,-0.11,-10.00
7,1,-1.00,-1.00,-1.00,-1.00,0.1334,1.5,0.61,0.58,-13.90,1.33,-8.59,3.02,-10.00
7,1,-1.00,-1.00,-1.00,-1.00,0.1273,1.2,0.60,0.72,-5.75,1.23,2.21,0.00,-10.00
7,1,-1.00,-1.00,-1.00,-1.00,0.1212,0.82,0.65,0.67,12.69,0.88,12.17,-0.15,-10.00
7,1,-1.00,-1.00,-1.00,-1.00,0.1194,1.1,0.72,0.95,-11.46,1.34,-6.87,-1.46,-10.00
7,1,-1.00,-1.00,-1.00,-1.00,0.1151,1.6,0.62,0.69,13.86,0.92,14.99,-2.98,-10.00
7,1,-1.00,-1.00,-1.00,-1.00,0.1122,1.4,0.56,0.64,12.13,1.24,-8.30,-3.06,-10.00
7,1,1477.96,479.16,1541.89,579.87,0.1089,1.4,0.59,0.61,9.95,1.25,18.18,0.08,-10.00
7,1,-1.00,-1.00,-1.00,-1.00,0.1076,1.7,0.61,0.57,-14.99,1.49,-7.70,0.11,-10.00
7,1,-1.00,-1.00,-1.00,-1.00,0.1067,1.2,0.72,0.73,10.21,1.08,14.21,-3.08,-10.00
7,1,-1.00,-1.00,-1.00,-1.00,0.1059,1.2,0.59,0.68,-12.24,1.55,-8.14,-3.05,-10.00
7,1,-1.00,-1.00,-1.00,-1.00,0.1039,0.96,0.65,0.73,10.30,0.89,11.37,2.96,-10.00
7,1,-1.00,-1.00,-1.00,-1.00,0.1012,0.85,0.72,0.81,13.07,0.92,11.42,3.04,-10.00
8,1,-1.00,-1.00,-1.00,-1.00,0.2929,1.5,0.60,0.62,-18.26,1.41,-3.38,-3.02,-10.00
8,1,-1.00,-1.00,-1.00,-1.00,0.2679,1.4,0.60,0.63,-18.59,1.37,-4.13,3.04,-10.00
8,1,-1.00,-1.00,-1.00,-1.00,0.2439,1.1,0.62,0.63,10.19,1.16,10.57,-2.89,-10.00
8,1,-1.00,-1.00,-1.00,-1.00,0.2084,1.8,0.59,0.61,12.95,1.13,1.36,-1.46,-10.00
8,1,-1.00,-1.00,-1.00,-1.00,0.1764,1.4,0.67,0.82,12.17,0.99,-11.35,-3.12,-10.00
8,1,-1.00,-1.00,-1.00,-1.00,0.1641,1.7,0.59,0.63,13.49,1.55,15.86,1.67,-10.00
8,1,-1.00,-1.00,-1.00,-1.00,0.1566,1.1,0.68,0.73,-6.48,1.34,1.01,-2.31,-10.00
8,1,-1.00,-1.00,-1.00,-1.00,0.1533,1.1,0.65,0.83,10.71,1.12,13.47,2.93,-10.00
8,1,-1.00,-1.00,-1.00,-1.00,0.1454,1.3,0.64,0.76,10.58,1.24,11.87,-2.98,-10.00
8,1,-1.00,-1.00,-1.00,-1.00,0.1421,0.92,0.58,0.59,10.24,1.16,8.63,-2.90,-10.00
8,1,-1.00,-1.00,-1.00,-1.00,0.1236,1.2,0.61,0.75,10.21,0.98,-11.52,-3.04,-10.00
8,1,-1.00,-1.00,-1.00,-1.00,0.1226,1.4,0.65,0.74,12.47,0.83,-11.01,-3.13,-10.00
8,1,1099.07,503.02,1122.74,550.92,0.1218,1.5,0.59,0.62,9.44,1.89,40.59,0.44,-10.00
8,1,-1.00,-1.00,-1.00,-1.00,0.1212,1.6,0.60,0.64,13.89,1.50,16.63,1.00,-10.00
8,1,-1.00,-1.00,-1.00,-1.00,0.1204,1.6,0.55,0.58,-20.57,1.36,-4.04,-2.92,-10.00
8,1,-1.00,-1.00,-1.00,-1.00,0.1190,1.0,0.58,0.68,10.58,1.04,14.57,-0.16,-10.00
8,1,-1.00,-1.00,-1.00,-1.00,0.1101,0.88,0.70,0.75,-5.74,1.27,0.31,1.62,-10.00
8,1,-1.00,-1.00,-1.00,-1.00,0.1097,0.96,0.59,0.63,10.40,0.99,13.74,-0.01,-10.00
8,1,1020.84,498.14,1048.88,550.03,0.1089,1.6,0.62,0.65,6.68,1.77,38.67,0.56,-10.00
8,1,-1.00,-1.00,-1.00,-1.00,0.1065,1.3,0.58,0.60,11.07,1.33,16.98,3.03,-10.00
8,1,1589.87,484.89,1600.00,596.53,0.1062,1.4,0.54,0.58,10.40,1.33,16.26,3.08,-10.00
8,1,-1.00,-1.00,-1.00,-1.00,0.1052,0.98,0.64,0.64,10.18,1.09,9.79,3.04,-10.00
8,1,-1.00,-1.00,-1.00,-1.00,0.1010,1.5,0.59,0.59,-20.72,1.25,-4.92,-2.76,-10.00
8,1,-1.00,-1.00,-1.00,-1.00,0.1003,1.0,0.56,0.68,11.03,1.29,7.41,3.06,-10.00
9,1,-1.00,-1.00,-1.00,-1.00,0.3416,1.4,0.66,0.67,-5.69,1.27,-1.01,-2.99,-10.00
9,1,-1.00,-1.00,-1.00,-1.00,0.2560,1.3,0.65,0.63,-6.29,1.38,-0.48,0.12,-10.00
9,1,-1.00,-1.00,-1.00,-1.00,0.2284,1.7,0.66,0.66,-18.33,1.50,-4.16,-3.09,-10.00
9,1,-1.00,-1.00,-1.00,-1.00,0.2126,1.6,0.63,0.63,-18.68,1.59,-4.93,-3.00,-10.00
9,1,-1.00,-1.00,-1.00,-1.00,0.1842,0.89,0.68,0.83,11.91,1.05,15.80,0.02,-10.00
9,1,-1.00,-1.00,-1.00,-1.00,0.1753,1.6,0.63,0.63,-20.61,1.46,-4.81,-1.53,-10.00
9,1,-1.00,-1.00,-1.00,-1.00,0.1712,1.7,0.56,0.52,14.19,1.26,-1.55,-3.00,-10.00
9,1,-1.00,-1.00,-1.00,-1.00,0.1605,1.5,0.57,0.60,-23.11,1.24,-5.33,3.11,-10.00
9,1,-1.00,-1.00,-1.00,-1.00,0.1578,1.1,0.60,0.78,13.77,1.04,1.34,3.08,-10.00
9,1,-1.00,-1.00,-1.00,-1.00,0.1492,1.5,0.60,0.60,-20.94,1.31,-5.38,-1.47,-10.00
9,1,-1.00,-1.00,-1.00,-1.00,0.1488,0.77,0.70,0.72,10.98,1.05,6.24,-2.78,-10.00
9,1,-1.00,-1.00,-1.00,-1.00,0.1468,1.8,0.56,0.59,13.03,1.31,-1.10,-1.56,-10.00
9,1,-1.00,-1.00,-1.00,-1.00,0.1456,1.4,0.59,0.61,-22.30,1.20,-6.16,2.84,-10.00
9,1,-1.00,-1.00,-1.00,-1.00,0.1446,1.1,0.69,0.75,-12.66,1.39,-11.02,-2.93,-10.00
9,1,-1.00,-1.00,-1.00,-1.00,0.1436,1.2,0.68,0.72,13.84,1.19,2.94,-3.00,-10.00
9,1,-1.00,-1.00,-1.00,-1.00,0.1362,1.2,0.64,0.68,14.20,1.00,1.65,3.08,-10.00
9,1,-1.00,-1.00,-1.00,-1.00,0.1348,1.4,0.62,0.66,-19.85,1.46,-4.01,-2.72,-10.00
9,1,-1.00,-1.00,-1.00,-1.00,0.1336,0.8,0.67,0.67,10.29,1.05,0.17,0.06,-10.00
9,1,-1.00,-1.00,-1.00,-1.00,0.1239,0.96,0.67,0.71,-11.89,1.47,-10.47,-2.76,-10.00
9,1,-1.00,-1.00,-1.00,-1.00,0.1219,1.4,0.66,0.68,-20.68,1.24,-6.17,-1.50,-10.00
9,1,-1.00,-1.00,-1.00,-1.00,0.1218,0.84,0.59,0.60,10.22,1.03,1.06,-0.01,-10.00
9,1,-1.00,-1.00,-1.00,-1.00,0.1154,1.4,0.63,0.66,-20.95,1.21,-6.50,-1.50,-10.00
9,1,-1.00,-1.00,-1.00,-1.00,0.1139,0.7,0.58,0.71,10.30,1.02,0.59,0.11,-10.00
9,1,-1.00,-1.00,-1.00,-1.00,0.1101,0.95,0.61,0.64,13.08,1.03,2.25,0.06,-10.00
9,1,-1.00,-1.00,-1.00,-1.00,0.1072,1.5,0.63,0.62,-20.73,1.33,-5.70,-1.47,-10.00
10,1,-1.00,-1.00,-1.00,-1.00,0.4621,1.7,0.63,0.67,-5.54,1.39,-2.59,1.50,-10.00
10,1,-1.00,-1.00,-1.00,-1.00,0.2399,1.2,0.67,0.69,-6.27,1.22,-1.74,0.15,-10.00
10,1,-1.00,-1.00,-1.00,-1.00,0.2304,1.7,0.57,0.62,15.43,1.56,14.53,1.74,-10.00
10,1,-1.00,-1.00,-1.00,-1.00,0.2297,1.2,0.58,0.65,12.16,1.28,11.75,0.10,-10.00
10,1,-1.00,-1.00,-1.00,-1.00,0.2208,1.5,0.63,0.68,-18.52,1.52,-4.94,-1.94,-10.00
10,1,-1.00,-1.00,-1.00,-1.00,0.1828,1.1,0.65,0.89,15.42,1.19,10.89,3.11,-10.00
10,1,-1.00,-1.00,-1.00,-1.00,0.1592,1.7,0.58,0.64,-19.02,1.62,-5.63,-1.32,-10.00
10,1,-1.00,-1.00,-1.00,-1.00,0.1361,1.1,0.62,0.65,12.91,1.24,12.27,-3.07,-10.00
10,1,-1.00,-1.00,-1.00,-1.00,0.1346,0.8,0.59,0.80,11.80,1.09,2.96,-2.83,-10.00
10,1,-1.00,-1.00,-1.00,-1.00,0.1266,1.7,0.61,0.64,-18.62,1.68,-5.69,-1.31,-10.00
10,1,-1.00,-1.00,-1.00,-1.00,0.1264,1.4,0.56,0.61,12.36,1.25,13.75,0.16,-10.00
10,1,-1.00,-1.00,-1.00,-1.00,0.1243,0.95,0.65,0.96,13.83,0.97,-1.03,-3.04,-10.00
10,1,-1.00,-1.00,-1.00,-1.00,0.1194,1.1,0.61,0.66,13.02,1.22,13.38,3.08,-10.00
10,1,-1.00,-1.00,-1.00,-1.00,0.1183,0.98,0.60,0.61,10.66,1.18,3.06,-2.92,-10.00
10,1,-1.00,-1.00,-1.00,-1.00,0.1154,0.6,0.66,0.72,10.55,1.09,-1.79,0.26,-10.00
10,1,-1.00,-1.00,-1.00,-1.00,0.1065,0.72,0.72,0.94,11.40,1.10,2.67,-3.11,-10.00
10,1,-1.00,-1.00,-1.00,-1.00,0.1061,1.5,0.62,0.67,15.54,1.39,12.53,-2.37,-10.00
10,1,-1.00,-1.00,-1.00,-1.00,0.1054,1.3,0.65,0.65,10.98,1.15,5.31,-2.98,-10.00
10,1,-1.00,-1.00,-1.00,-1.00,0.1013,1.1,0.63,0.70,-13.38,1.58,-10.43,-1.69,-10.00
10,1,-1.00,-1.00,-1.00,-1.00,0.1013,1.5,0.57,0.60,-22.68,1.21,-6.58,-2.89,-10.00
10,1,-1.00,-1.00,-1.00,-1.00,0.1005,1.3,0.60,0.65,16.23,1.29,10.95,-2.90,-10.00
11,1,-1.00,-1.00,-1.00,-1.00,0.6587,1.7,0.69,0.82,-5.50,1.34,-4.12,1.03,-10.00
11,1,-1.00,-1.00,-1.00,-1.00,0.2381,1.1,0.75,0.75,-6.29,1.23,-2.70,0.35,-10.00
11,1,-1.00,-1.00,-1.00,-1.00,0.2185,1.3,0.59,0.63,-15.39,1.16,-12.07,-2.84,-10.00
11,1,-1.00,-1.00,-1.00,-1.00,0.2075,1.0,0.58,0.72,11.52,1.29,3.73,-2.94,-10.00
11,1,-1.00,-1.00,-1.00,-1.00,0.1822,1.7,0.58,0.58,-19.36,1.41,-5.76,-2.85,-10.00
11,1,-1.00,-1.00,-1.00,-1.00,0.1779,1.5,0.59,0.54,-16.70,1.22,-11.70,0.22,-10.00
11,1,-1.00,-1.00,-1.00,-1.00,0.1630,0.98,0.64,0.72,13.85,1.42,10.88,-2.99,-10.00
11,1,-1.00,-1.00,-1.00,-1.00,0.1579,1.2,0.62,0.77,9.64,1.22,-19.90,-2.88,-10.00
11,1,-1.00,-1.00,-1.00,-1.00,0.1505,1.5,0.59,0.54,-16.66,1.23,-11.31,0.24,-10.00
11,1,-1.00,-1.00,-1.00,-1.00,0.1379,1.5,0.57,0.62,-18.71,1.38,-5.29,-1.32,-10.00
11,1,-1.00,-1.00,-1.00,-1.00,0.1367,0.82,0.77,0.96,11.80,1.28,0.66,0.13,-10.00
11,1,-1.00,-1.00,-1.00,-1.00,0.1290,1.1,0.59,0.66,9.72,1.27,-3.53,0.13,-10.00
11,1,-1.00,-1.00,-1.00,-1.00,0.1267,1.4,0.56,0.62,-18.64,1.37,-5.68,-2.33,-10.00
11,1,-1.00,-1.00,-1.00,-1.00,0.1213,1.4,0.61,0.65,16.32,1.41,12.20,-1.49,-10.00
11,1,-1.00,-1.00,-1.00,-1.00,0.1153,1.3,0.69,0.71,16.99,1.32,11.23,-1.44,-10.00
11,1,-1.00,-1.00,-1.00,-1.00,0.1119,1.5,0.61,0.69,-23.76,1.03,-5.77,1.47,-10.00
11,1,-1.00,-1.00,-1.00,-1.00,0.1101,0.95,0.69,0.96,13.06,1.27,-3.02,-2.85,-10.00
11,1,-1.00,-1.00,-1.00,-1.00,0.1098,1.2,0.65,0.73,-13.41,1.36,-11.40,1.76,-10.00
11,1,-1.00,-1.00,-1.00,-1.00,0.1061,1.0,0.61,0.82,13.80,1.40,11.36,-3.04,-10.00
11,1,-1.00,-1.00,-1.00,-1.00,0.1001,1.3,0.60,0.56,-15.87,1.09,-12.23,-2.92,-10.00
12,1,-1.00,-1.00,-1.00,-1.00,0.6085,1.7,0.68,0.79,-5.46,1.33,-5.27,0.69,-10.00
12,1,-1.00,-1.00,-1.00,-1.00,0.3305,0.94,0.58,0.63,10.60,1.25,-4.35,-2.95,-10.00
12,1,-1.00,-1.00,-1.00,-1.00,0.2642,1.6,0.57,0.64,-19.08,1.37,-4.89,-1.15,-10.00
12,1,-1.00,-1.00,-1.00,-1.00,0.2411,1.5,0.57,0.60,-21.89,1.23,-5.73,-1.46,-10.00
12,1,-1.00,-1.00,-1.00,-1.00,0.2327,1.7,0.61,0.63,-19.75,1.37,-5.44,-1.07,-10.00
12,1,-1.00,-1.00,-1.00,-1.00,0.2137,1.7,0.63,0.68,-20.61,1.21,-6.98,2.00,-10.00
12,1,-1.00,-1.00,-1.00,-1.00,0.1796,1.5,0.57,0.63,-23.51,1.00,-6.10,2.99,-10.00
12,1,-1.00,-1.00,-1.00,-1.00,0.1752,1.1,0.61,0.78,10.10,1.41,-3.41,0.18,-10.00
12,1,-1.00,-1.00,-1.00,-1.00,0.1543,1.4,0.61,0.59,18.25,1.42,7.37,-2.79,-10.00
12,1,-1.00,-1.00,-1.00,-1.00,0.1489,1.6,0.55,0.58,-22.32,1.28,-6.56,-1.28,-10.00
12,1,-1.00,-1.00,-1.00,-1.00,0.1472,0.88,0.73,0.93,12.95,1.31,-5.40,-3.08,-10.00
12,1,-1.00,-1.00,-1.00,-1.00,0.1421,1.7,0.57,0.54,16.97,1.61,7.83,0.37,-10.00
12,1,-1.00,-1.00,-1.00,-1.00,0.1393,1.8,0.60,0.62,12.23,1.36,-8.26,1.75,-10.00
12,1,-1.00,-1.00,-1.00,-1.00,0.1340,1.5,0.58,0.60,-16.98,1.37,-12.25,-1.91,-10.00
12,1,-1.00,-1.00,-1.00,-1.00,0.1301,1.7,0.61,0.59,17.39,1.68,9.29,1.11,-10.00
12,1,-1.00,-1.00,-1.00,-1.00,0.1288,0.99,0.72,0.93,13.46,1.22,4.12,-2.83,-10.00
12,1,-1.00,-1.00,-1.00,-1.00,0.1259,1.5,0.60,0.68,-18.95,1.45,-5.35,-1.15,-10.00
12,1,-1.00,-1.00,-1.00,-1.00,0.1218,1.6,0.59,0.57,-17.43,1.33,-10.91,0.55,-10.00
12,1,-1.00,-1.00,-1.00,-1.00,0.1217,1.5,0.58,0.61,18.66,1.59,9.02,-1.41,-10.00
12,1,1516.73,492.46,1553.23,558.81,0.1213,1.8,0.65,0.63,19.62,1.82,34.57,-3.12,-10.00
12,1,-1.00,-1.00,-1.00,-1.00,0.1200,1.7,0.69,0.68,-50.23,1.44,12.03,2.65,-10.00
12,1,-1.00,-1.00,-1.00,-1.00,0.1191,1.4,0.61,0.63,-24.12,0.80,-5.16,2.96,-10.00
12,1,-1.00,-1.00,-1.00,-1.00,0.1179,1.4,0.57,0.55,17.90,1.52,8.16,0.88,-10.00
12,1,-1.00,-1.00,-1.00,-1.00,0.1179,0.96,0.56,0.71,10.98,1.31,-3.37,0.32,-10.00
12,1,-1.00,-1.00,-1.00,-1.00,0.1165,1.5,0.63,0.66,-17.07,1.46,-6.87,-2.17,-10.00
12,1,-1.00,-1.00,-1.00,-1.00,0.1155,1.7,0.68,0.69,7.23,1.38,-29.00,-2.92,-10.00
12,1,-1.00,-1.00,-1.00,-1.00,0.1146,1.5,0.68,0.65,-20.08,0.88,2.26,0.21,-10.00
12,1,-1.00,-1.00,-1.00,-1.00,0.1129,1.7,0.66,0.70,-21.10,1.32,-6.41,-1.30,-10.00
12,1,-1.00,-1.00,-1.00,-1.00,0.1110,1.4,0.63,0.65,-15.97,1.26,-11.25,-2.90,-10.00
12,1,-1.00,-1.00,-1.00,-1.00,0.1027,1.1,0.67,0.71,13.83,1.36,4.55,-2.58,-10.00
13,1,-1.00,-1.00,-1.00,-1.00,0.5194,1.8,0.73,0.87,-5.50,1.30,-6.27,0.84,-10.00
13,1,-1.00,-1.00,-1.00,-1.00,0.3455,1.0,0.54,0.64,10.24,1.27,-8.63,-2.83,-10.00
13,1,-1.00,-1.00,-1.00,-1.00,0.2531,1.2,0.66,0.68,12.58,1.35,-7.42,-2.82,-10.00
13,1,-1.00,-1.00,-1.00,-1.00,0.2508,1.0,0.64,0.81,12.11,1.28,-8.20,0.18,-10.00
13,1,-1.00,-1.00,-1.00,-1.00,0.2274,1.0,0.68,0.77,-6.74,1.14,-4.20,-2.97,-10.00
13,1,-1.00,-1.00,-1.00,-1.00,0.2035,0.77,0.71,1.06,9.83,1.23,-5.86,-2.86,-10.00
13,1,-1.00,-1.00,-1.00,-1.00,0.1803,1.5,0.72,0.66,-17.08,1.33,-10.64,0.65,-10.00
13,1,-1.00,-1.00,-1.00,-1.00,0.1781,1.8,0.66,0.67,4.46,1.45,-21.83,-1.30,-10.00
13,1,-1.00,-1.00,-1.00,-1.00,0.1751,1.4,0.54,0.55,15.15,1.51,5.85,-2.75,-10.00
13,1,-1.00,-1.00,-1.00,-1.00,0.1744,1.3,0.61,0.71,6.15,1.14,-22.49,-2.53,-10.00
13,1,-1.00,-1.00,-1.00,-1.00,0.1694,1.1,0.58,0.62,10.11,1.31,-9.02,-2.85,-10.00
13,1,-1.00,-1.00,-1.00,-1.00,0.1660,0.78,0.61,0.88,10.47,1.22,-5.75,-2.88,-10.00
13,1,-1.00,-1.00,-1.00,-1.00,0.1481,1.7,0.61,0.61,-20.56,1.37,-6.54,-1.13,-10.00
13,1,-1.00,-1.00,-1.00,-1.00,0.1445,0.83,0.59,0.79,9.72,1.19,-8.17,-2.85,-10.00
13,1,-1.00,-1.00,-1.00,-1.00,0.1437,1.4,0.56,0.60,-19.41,1.18,-4.15,-1.28,-10.00
13,1,-1.00,-1.00,-1.00,-1.00,0.1377,1.3,0.59,0.59,15.77,1.51,5.24,0.32,-10.00
13,1,-1.00,-1.00,-1.00,-1.00,0.1369,1.6,0.59,0.59,-17.87,1.34,-11.79,-2.63,-10.00
13,1,-1.00,-1.00,-1.00,-1.00,0.1369,1.5,0.55,0.51,-18.27,1.24,-10.92,-2.81,-10.00
13,1,-1.00,-1.00,-1.00,-1.00,0.1356,1.4,0.60,0.62,-22.93,1.13,-5.65,-2.13,-10.00
13,1,-1.00,-1.00,-1.00,-1.00,0.1350,1.2,0.66,0.65,11.72,1.39,-3.44,-2.98,-10.00
13,1,-1.00,-1.00,-1.00,-1.00,0.1264,1.4,0.58,0.53,-18.26,1.20,-10.51,-2.39,-10.00
13,1,-1.00,-1.00,-1.00,-1.00,0.1254,1.1,0.61,0.60,11.31,1.28,-6.51,-3.07,-10.00
13,1,-1.00,-1.00,-1.00,-1.00,0.1249,1.3,0.53,0.53,15.87,1.49,5.85,0.28,-10.00
13,1,-1.00,-1.00,-1.00,-1.00,0.1228,1.7,0.54,0.58,-20.16,1.36,-4.60,-1.18,-10.00
13,1,-1.00,-1.00,-1.00,-1.00,0.1205,1.3,0.55,0.56,15.02,1.53,4.53,0.31,-10.00
13,1,-1.00,-1.00,-1.00,-1.00,0.1181,1.0,0.63,0.69,12.13,1.26,-4.56,-3.03,-10.00
13,1,-1.00,-1.00,-1.00,-1.00,0.1166,0.76,0.70,0.83,9.38,1.21,-8.56,0.47,-10.00
13,1,-1.00,-1.00,-1.00,-1.00,0.1144,1.6,0.57,0.53,-18.65,1.26,-10.98,-2.55,-10.00
13,1,-1.00,-1.00,-1.00,-1.00,0.1109,1.5,0.57,0.62,-21.78,1.29,-6.57,-2.61,-10.00
13,1,-1.00,-1.00,-1.00,-1.00,0.1060,1.5,0.83,0.86,-16.61,1.34,-8.90,3.07,-10.00
13,1,-1.00,-1.00,-1.00,-1.00,0.1051,1.2,0.68,0.77,-15.41,1.32,-10.97,-2.85,-10.00
13,1,-1.00,-1.00,-1.00,-1.00,0.1017,1.4,0.62,0.61,-16.99,1.31,-11.61,-2.45,-10.00
14,1,-1.00,-1.00,-1.00,-1.00,0.4750,1.7,0.66,0.78,-5.82,1.33,-7.21,0.55,-10.00
14,1,-1.00,-1.00,-1.00,-1.00,0.3328,1.4,0.57,0.58,-19.70,1.19,-3.27,-1.16,-10.00
14,1,-1.00,-1.00,-1.00,-1.00,0.2882,1.4,0.67,0.67,-21.11,1.22,-5.35,-2.76,-10.00
14,1,-1.00,-1.00,-1.00,-1.00,0.2553,1.2,0.76,0.80,-16.30,1.44,-10.62,0.29,-10.00
14,1,-1.00,-1.00,-1.00,-1.00,0.2141,1.6,0.60,0.59,-20.54,1.32,-3.38,2.11,-10.00
14,1,-1.00,-1.00,-1.00,-1.00,0.2105,1.3,0.62,0.69,18.53,1.57,0.19,-3.03,-10.00
14,1,-1.00,-1.00,-1.00,-1.00,0.2036,1.6,0.60,0.57,-21.73,1.36,-4.80,0.42,-10.00
14,1,-1.00,-1.00,-1.00,-1.00,0.1943,1.7,0.59,0.56,-22.26,1.37,-5.33,0.20,-10.00
14,1,-1.00,-1.00,-1.00,-1.00,0.1931,1.4,0.59,0.64,18.30,1.64,1.04,-0.12,-10.00
14,1,-1.00,-1.00,-1.00,-1.00,0.1906,1.7,0.57,0.56,15.86,1.67,2.67,0.88,-10.00
14,1,-1.00,-1.00,-1.00,-1.00,0.1646,1.1,0.75,0.74,-7.11,1.14,-4.67,-2.99,-10.00
14,1,-1.00,-1.00,-1.00,-1.00,0.1604,1.6,0.58,0.65,-19.10,1.26,-2.52,-1.24,-10.00
14,1,-1.00,-1.00,-1.00,-1.00,0.1423,1.6,0.58,0.55,16.23,1.61,1.92,0.90,-10.00
14,1,-1.00,-1.00,-1.00,-1.00,0.1403,1.5,0.64,0.68,-19.86,1.33,-3.72,-1.29,-10.00
14,1,-1.00,-1.00,-1.00,-1.00,0.1184,1.8,0.70,0.74,-17.74,1.40,-10.12,-0.17,-10.00
14,1,-1.00,-1.00,-1.00,-1.00,0.1149,1.4,0.61,0.74,3.44,1.12,-24.55,0.49,-10.00
14,1,-1.00,-1.00,-1.00,-1.00,0.1123,1.7,0.63,0.61,-22.64,1.41,-4.87,-2.92,-10.00
14,1,-1.00,-1.00,-1.00,-1.00,0.1108,1.3,0.60,0.66,-19.46,1.13,-2.95,-1.03,-10.00
14,1,-1.00,-1.00,-1.00,-1.00,0.1065,1.3,0.65,0.70,1.72,1.09,-23.49,0.25,-10.00
14,1,-1.00,-1.00,-1.00,-1.00,0.1056,1.1,0.58,0.71,8.66,1.22,-9.90,-2.69,-10.00
15,1,-1.00,-1.00,-1.00,-1.00,0.6245,1.8,0.77,0.90,-6.24,1.34,-8.26,1.00,-10.00
15,1,-1.00,-1.00,-1.00,-1.00,0.3796,1.4,0.66,0.72,-21.49,1.02,-4.13,3.10,-10.00
15,1,-1.00,-1.00,-1.00,-1.00,0.3491,1.7,0.69,0.67,-20.55,1.13,-2.48,1.94,-10.00
15,1,-1.00,-1.00,-1.00,-1.00,0.3418,1.7,0.58,0.57,-19.78,1.20,-2.08,-1.24,-10.00
15,1,-1.00,-1.00,-1.00,-1.00,0.2962,1.1,0.72,0.78,-7.50,1.14,-5.22,0.26,-10.00
15,1,-1.00,-1.00,-1.00,-1.00,0.2716,1.7,0.57,0.56,-22.89,1.10,-4.04,-0.25,-10.00
15,1,-1.00,-1.00,-1.00,-1.00,0.2493,1.8,0.72,0.75,18.56,1.53,23.36,-1.81,-10.00
15,1,-1.00,-1.00,-1.00,-1.00,0.2486,1.5,0.70,0.77,-19.34,1.11,-1.40,-1.37,-10.00
15,1,-1.00,-1.00,-1.00,-1.00,0.1929,1.5,0.66,0.62,-21.90,1.04,-3.41,0.13,-10.00
15,1,-1.00,-1.00,-1.00,-1.00,0.1878,1.6,0.65,0.69,-18.59,1.09,-8.83,-1.92,-10.00
15,1,-1.00,-1.00,-1.00,-1.00,0.1834,1.7,0.65,0.65,-21.89,1.11,-1.33,1.72,-10.00
15,1,-1.00,-1.00,-1.00,-1.00,0.1465,1.2,0.62,0.64,-17.44,1.23,-10.91,-1.63,-10.00
15,1,-1.00,-1.00,-1.00,-1.00,0.1387,1.7,0.63,0.58,-22.69,1.14,-2.04,0.68,-10.00
15,1,-1.00,-1.00,-1.00,-1.00,0.1373,1.5,0.67,0.66,27.01,2.25,3.01,-1.71,-10.00
15,1,-1.00,-1.00,-1.00,-1.00,0.1356,1.3,0.65,0.70,-18.29,1.24,-10.04,-1.96,-10.00
15,1,-1.00,-1.00,-1.00,-1.00,0.1340,1.7,0.61,0.53,-23.00,1.11,-3.28,0.17,-10.00
15,1,-1.00,-1.00,-1.00,-1.00,0.1305,1.6,0.60,0.64,-19.11,1.16,-8.93,-1.91,-10.00
15,1,-1.00,-1.00,-1.00,-1.00,0.1302,1.2,0.57,0.61,25.47,1.92,2.12,1.41,-10.00
15,1,-1.00,-1.00,-1.00,-1.00,0.1298,1.7,0.60,0.57,-24.49,0.92,-0.51,0.17,-10.00
15,1,-1.00,-1.00,-1.00,-1.00,0.1289,1.3,0.67,0.66,-17.80,1.16,-9.37,1.28,-10.00
15,1,-1.00,-1.00,-1.00,-1.00,0.1269,1.1,0.65,0.68,-17.49,1.16,-10.13,-1.81,-10.00
15,1,-1.00,-1.00,-1.00,-1.00,0.1193,1.4,0.57,0.56,15.88,1.69,-3.01,-2.32,-10.00
15,1,-1.00,-1.00,-1.00,-1.00,0.1163,1.7,0.59,0.57,-22.61,1.13,-2.89,0.44,-10.00
15,1,-1.00,-1.00,-1.00,-1.00,0.1157,1.7,0.74,0.83,-21.01,1.18,-0.91,-1.10,-10.00
15,1,-1.00,-1.00,-1.00,-1.00,0.1157,1.5,0.63,0.59,-20.32,1.09,-9.84,-0.19,-10.00
15,1,-1.00,-1.00,-1.00,-1.00,0.1092,1.1,0.61,0.65,-17.04,1.22,-10.47,-2.87,-10.00
15,1,1358.08,441.36,1379.82,494.06,0.1080,1.8,0.64,0.64,19.28,0.08,44.18,-2.64,-10.00
15,1,-1.00,-1.00,-1.00,-1.00,0.1055,1.7,0.61,0.59,-21.88,1.12,-5.81,3.05,-10.00
16,1,-1.00,-1.00,-1.00,-1.00,0.4808,1.8,0.69,0.81,-6.93,1.35,-9.47,1.47,-10.00
16,1,-1.00,-1.00,-1.00,-1.00,0.3516,1.6,0.64,0.59,-22.14,0.74,-2.42,-0.30,-10.00
16,1,-1.00,-1.00,-1.00,-1.00,0.3322,1.5,0.66,0.66,-21.75,0.72,-3.25,-3.10,-10.00
16,1,-1.00,-1.00,-1.00,-1.00,0.3299,1.8,0.67,0.67,-19.39,0.93,-7.35,-2.05,-10.00
16,1,-1.00,-1.00,-1.00,-1.00,0.3179,1.6,0.60,0.60,-22.93,0.66,-2.85,0.09,-10.00
16,1,-1.00,-1.00,-1.00,-1.00,0.3061,1.7,0.67,0.64,-19.85,1.18,-8.39,0.07,-10.00
16,1,-1.00,-1.00,-1.00,-1.00,0.2628,1.6,0.66,0.71,-20.97,0.84,-7.35,-3.02,-10.00
16,1,-1.00,-1.00,-1.00,-1.00,0.2159,1.4,0.64,0.69,18.13,2.00,-5.94,-1.40,-10.00
16,1,-1.00,-1.00,-1.00,-1.00,0.2068,1.6,0.65,0.60,-21.07,1.07,-9.03,-0.04,-10.00
16,1,-1.00,-1.00,-1.00,-1.00,0.2052,1.4,0.66,0.65,-19.02,0.77,-5.72,1.32,-10.00
16,1,-1.00,-1.00,-1.00,-1.00,0.2006,1.7,0.60,0.55,-23.46,0.66,-1.39,-0.42,-10.00
16,1,-1.00,-1.00,-1.00,-1.00,0.1990,1.6,0.70,0.65,-22.68,0.60,-0.94,-0.20,-10.00
16,1,-1.00,-1.00,-1.00,-1.00,0.1918,1.1,0.61,0.64,-19.10,1.04,-9.31,0.08,-10.00
16,1,-1.00,-1.00,-1.00,-1.00,0.1887,1.6,0.60,0.60,-24.28,0.55,-0.46,2.99,-10.00
16,1,-1.00,-1.00,-1.00,-1.00,0.1840,1.4,0.63,0.68,-18.60,0.74,-6.53,-2.28,-10.00
16,1,-1.00,-1.00,-1.00,-1.00,0.1830,1.5,0.64,0.67,-24.25,0.48,0.73,1.41,-10.00
16,1,-1.00,-1.00,-1.00,-1.00,0.1717,0.76,0.71,0.84,5.36,1.41,-15.41,-2.90,-10.00
16,1,-1.00,-1.00,-1.00,-1.00,0.1704,1.4,0.61,0.64,16.16,1.91,-3.89,1.99,-10.00
16,1,-1.00,-1.00,-1.00,-1.00,0.1648,1.6,0.58,0.63,-21.79,0.57,-6.11,-3.01,-10.00
16,1,-1.00,-1.00,-1.00,-1.00,0.1628,1.3,0.64,0.69,17.28,1.87,-4.66,-2.89,-10.00
16,1,-1.00,-1.00,-1.00,-1.00,0.1515,1.4,0.60,0.61,-24.69,0.36,-3.30,2.85,-10.00
16,1,-1.00,-1.00,-1.00,-1.00,0.1508,1.5,0.59,0.60,-24.55,0.33,-3.72,2.93,-10.00
16,1,-1.00,-1.00,-1.00,-1.00,0.1485,1.3,0.64,0.63,-18.99,1.10,-8.93,0.74,-10.00
16,1,-1.00,-1.00,-1.00,-1.00,0.1481,1.5,0.64,0.58,-20.61,0.52,-1.65,2.86,-10.00
16,1,-1.00,-1.00,-1.00,-1.00,0.1453,1.4,0.59,0.58,-25.44,0.35,-0.09,-0.40,-10.00
16,1,-1.00,-1.00,-1.00,-1.00,0.1388,1.2,0.57,0.65,19.09,1.87,-7.00,-2.21,-10.00
16,1,-1.00,-1.00,-1.00,-1.00,0.1380,1.3,0.58,0.67,18.07,2.01,-6.75,-2.83,-10.00
16,1,-1.00,-1.00,-1.00,-1.00,0.1374,1.5,0.67,0.74,-19.34,0.56,-0.81,3.10,-10.00
16,1,-1.00,-1.00,-1.00,-1.00,0.1362,1.4,0.56,0.57,-25.32,0.13,-4.02,2.85,-10.00
16,1,-1.00,-1.00,-1.00,-1.00,0.1331,1.8,0.64,0.72,-21.46,0.67,-6.44,-3.12,-10.00
16,1,-1.00,-1.00,-1.00,-1.00,0.1326,1.0,0.62,0.74,6.07,1.52,-14.63,-2.56,-10.00
16,1,-1.00,-1.00,-1.00,-1.00,0.1324,1.2,0.57,0.64,19.93,2.03,-5.86,0.55,-10.00
16,1,-1.00,-1.00,-1.00,-1.00,0.1279,1.3,0.57,0.63,16.28,1.89,-4.72,1.34,-10.00
16,1,-1.00,-1.00,-1.00,-1.00,0.1278,1.3,0.60,0.66,17.68,1.98,-7.46,-2.41,-10.00
16,1,-1.00,-1.00,-1.00,-1.00,0.1237,1.4,0.55,0.59,-24.99,0.27,-3.69,-0.30,-10.00
16,1,-1.00,-1.00,-1.00,-1.00,0.1177,1.2,0.58,0.64,15.68,1.89,-6.29,-2.75,-10.00
16,1,-1.00,-1.00,-1.00,-1.00,0.1165,1.5,0.61,0.58,-23.80,0.66,-0.10,2.97,-10.00
16,1,-1.00,-1.00,-1.00,-1.00,0.1155,0.87,0.69,0.78,5.35,1.45,-14.96,-2.74,-10.00
16,1,-1.00,-1.00,-1.00,-1.00,0.1155,1.2,0.59,0.59,15.71,1.87,-5.36,0.48,-10.00
16,1,-1.00,-1.00,-1.00,-1.00,0.1133,0.81,0.74,0.83,6.08,1.44,-15.39,-2.95,-10.00
16,1,-1.00,-1.00,-1.00,-1.00,0.1131,1.7,0.60,0.56,44.19,3.17,16.33,-1.39,-10.00
16,1,-1.00,-1.00,-1.00,-1.00,0.1116,1.2,0.71,0.85,-18.20,1.11,-9.27,3.01,-10.00
16,1,-1.00,-1.00,-1.00,-1.00,0.1113,1.4,0.60,0.59,-25.82,0.30,-0.51,2.88,-10.00
16,1,-1.00,-1.00,-1.00,-1.00,0.1069,1.5,0.60,0.64,17.76,1.83,-8.64,-2.50,-10.00
16,1,-1.00,-1.00,-1.00,-1.00,0.1065,1.5,0.57,0.57,-22.18,0.67,-2.83,-3.12,-10.00
16,1,-1.00,-1.00,-1.00,-1.00,0.1008,1.7,0.66,0.63,-21.46,0.97,-8.07,0.05,-10.00
16,1,-1.00,-1.00,-1.00,-1.00,0.1006,1.4,0.64,0.60,-26.25,0.21,0.37,0.72,-10.00
16,1,-1.00,-1.00,-1.00,-1.00,0.1004,1.3,0.62,0.61,-17.79,0.82,-5.81,-3.10,-10.00
17,1,-1.00,-1.00,-1.00,-1.00,0.4213,1.7,0.63,0.74,-7.82,1.40,-10.69,1.33,-10.00
17,1,-1.00,-1.00,-1.00,-1.00,0.3549,1.5,0.68,0.68,-21.86,0.67,-2.11,3.06,-10.00
17,1,-1.00,-1.00,-1.00,-1.00,0.3055,1.7,0.69,0.64,-22.13,0.78,-1.37,-0.13,-10.00
17,1,-1.00,-1.00,-1.00,-1.00,0.2953,1.5,0.58,0.61,-23.03,0.60,-1.74,0.03,-10.00
17,1,-1.00,-1.00,-1.00,-1.00,0.2333,1.7,0.70,0.69,-22.56,0.67,0.32,-2.75,-10.00
17,1,-1.00,-1.00,-1.00,-1.00,0.2216,1.7,0.61,0.54,-20.61,0.78,-0.82,0.08,-10.00
17,1,-1.00,-1.00,-1.00,-1.00,0.1900,1.1,0.64,0.68,-19.03,1.01,-8.88,-3.02,-10.00
17,1,-1.00,-1.00,-1.00,-1.00,0.1870,1.7,0.59,0.56,-24.07,0.57,1.05,2.74,-10.00
17,1,-1.00,-1.00,-1.00,-1.00,0.1831,1.3,0.57,0.61,-20.15,1.19,-8.55,-0.36,-10.00
17,1,-1.00,-1.00,-1.00,-1.00,0.1771,1.6,0.58,0.57,-25.47,0.39,0.73,0.22,-10.00
17,1,-1.00,-1.00,-1.00,-1.00,0.1759,1.2,0.64,0.69,-19.35,1.10,-8.55,-2.15,-10.00
17,1,-1.00,-1.00,-1.00,-1.00,0.1652,1.2,0.64,0.60,-8.59,1.10,-6.40,0.07,-10.00
17,1,-1.00,-1.00,-1.00,-1.00,0.1574,1.8,0.71,0.71,-20.30,0.66,-6.05,-1.87,-10.00
17,1,-1.00,-1.00,-1.00,-1.00,0.1532,1.3,0.59,0.56,-20.93,1.19,-8.91,-0.34,-10.00
17,1,-1.00,-1.00,-1.00,-1.00,0.1512,1.7,0.56,0.59,-23.29,0.67,1.14,-2.95,-10.00
17,1,1569.22,435.98,1591.86,484.52,0.1492,1.8,0.63,0.64,28.86,-0.27,47.83,-1.18,-10.00
17,1,-1.00,-1.00,-1.00,-1.00,0.1469,1.7,0.64,0.65,-23.77,0.56,1.97,0.77,-10.00
17,1,-1.00,-1.00,-1.00,-1.00,0.1467,1.3,0.61,0.66,17.38,2.41,-9.82,-0.10,-10.00
17,1,-1.00,-1.00,-1.00,-1.00,0.1393,1.1,0.59,0.69,14.67,2.07,-9.82,-2.59,-10.00
17,1,-1.00,-1.00,-1.00,-1.00,0.1372,1.2,0.54,0.54,-20.64,1.08,-9.28,-0.36,-10.00
17,1,-1.00,-1.00,-1.00,-1.00,0.1354,1.6,0.54,0.52,-22.58,0.53,-2.54,3.06,-10.00
17,1,-1.00,-1.00,-1.00,-1.00,0.1341,1.4,0.57,0.60,-25.87,0.33,2.74,-1.46,-10.00
17,1,-1.00,-1.00,-1.00,-1.00,0.1189,1.6,0.68,0.60,-21.76,0.69,0.86,0.58,-10.00
17,1,-1.00,-1.00,-1.00,-1.00,0.1173,1.6,0.54,0.53,-22.90,0.59,-2.48,-0.29,-10.00
17,1,-1.00,-1.00,-1.00,-1.00,0.1136,1.7,0.61,0.76,-19.05,0.84,-0.06,-2.77,-10.00
17,1,-1.00,-1.00,-1.00,-1.00,0.1129,1.4,0.72,0.73,-20.93,0.64,0.73,-2.67,-10.00
17,1,-1.00,-1.00,-1.00,-1.00,0.1112,1.6,0.57,0.51,-19.78,0.87,-0.99,-2.49,-10.00
17,1,-1.00,-1.00,-1.00,-1.00,0.1043,1.1,0.61,0.64,14.92,2.10,-8.85,2.88,-10.00
17,1,-1.00,-1.00,-1.00,-1.00,0.1025,1.6,0.64,0.65,-22.87,0.68,1.94,-3.03,-10.00
17,1,-1.00,-1.00,-1.00,-1.00,0.1024,1.6,0.58,0.61,-19.51,0.82,-3.21,-1.72,-10.00
17,1,-1.00,-1.00,-1.00,-1.00,0.1017,1.2,0.70,0.69,-19.49,1.16,-8.09,1.21,-10.00
17,1,-1.00,-1.00,-1.00,-1.00,0.1012,1.7,0.67,0.80,-11.94,1.57,-30.53,2.19,-10.00
18,1,-1.00,-1.00,-1.00,-1.00,0.5208,1.7,0.68,0.85,-9.05,1.55,-12.05,1.44,-10.00
18,1,-1.00,-1.00,-1.00,-1.00,0.3307,1.5,0.61,0.59,-21.85,0.82,-0.95,3.05,-10.00
18,1,-1.00,-1.00,-1.00,-1.00,0.3223,1.8,0.69,0.71,-26.82,0.75,-43.67,2.24,-10.00
18,1,-1.00,-1.00,-1.00,-1.00,0.2777,1.5,0.60,0.59,-22.06,0.84,-0.09,2.93,-10.00
18,1,-1.00,-1.00,-1.00,-1.00,0.2136,1.7,0.59,0.60,-23.42,0.62,3.51,-1.68,-10.00
18,1,-1.00,-1.00,-1.00,-1.00,0.2068,1.5,0.55,0.57,-23.03,0.74,-0.43,-0.02,-10.00
18,1,-1.00,-1.00,-1.00,-1.00,0.1981,1.5,0.61,0.56,-22.21,0.65,1.51,-3.11,-10.00
18,1,-1.00,-1.00,-1.00,-1.00,0.1877,1.5,0.65,0.68,14.63,1.95,-19.29,-1.72,-10.00
18,1,-1.00,-1.00,-1.00,-1.00,0.1772,1.7,0.57,0.65,-21.12,0.82,-4.40,-2.00,-10.00
18,1,-1.00,-1.00,-1.00,-1.00,0.1638,0.83,0.71,0.93,3.67,1.62,-18.28,2.99,-10.00
18,1,-1.00,-1.00,-1.00,-1.00,0.1583,1.4,0.55,0.61,-21.05,1.10,-7.68,3.09,-10.00
18,1,-1.00,-1.00,-1.00,-1.00,0.1504,1.5,0.62,0.61,-20.56,0.68,0.23,-0.24,-10.00
18,1,-1.00,-1.00,-1.00,-1.00,0.1449,1.1,0.67,0.65,4.55,1.82,-22.26,2.83,-10.00
18,1,-1.00,-1.00,-1.00,-1.00,0.1435,1.7,0.52,0.51,-22.90,0.73,2.66,-3.09,-10.00
18,1,-1.00,-1.00,-1.00,-1.00,0.1384,1.7,0.55,0.53,-22.58,0.91,-1.38,2.95,-10.00
18,1,-1.00,-1.00,-1.00,-1.00,0.1258,1.1,0.56,0.60,-20.24,0.88,-7.76,2.81,-10.00
18,1,-1.00,-1.00,-1.00,-1.00,0.1231,0.92,0.79,0.91,1.73,1.48,-19.79,0.06,-10.00
18,1,-1.00,-1.00,-1.00,-1.00,0.1221,1.8,0.64,0.68,46.50,0.14,46.12,1.15,-10.00
18,1,-1.00,-1.00,-1.00,-1.00,0.1190,1.5,0.61,0.70,-21.10,1.04,-6.47,0.12,-10.00
18,1,-1.00,-1.00,-1.00,-1.00,0.1162,1.7,0.63,0.54,-22.22,0.75,3.16,-2.78,-10.00
18,1,-1.00,-1.00,-1.00,-1.00,0.1156,1.2,0.55,0.54,15.37,1.94,-12.30,2.66,-10.00
18,1,-1.00,-1.00,-1.00,-1.00,0.1152,1.8,0.61,0.63,-22.61,0.63,-4.09,2.84,-10.00
18,1,-1.00,-1.00,-1.00,-1.00,0.1146,1.4,0.62,0.63,-25.87,0.50,2.34,0.06,-10.00
18,1,-1.00,-1.00,-1.00,-1.00,0.1125,1.8,0.67,0.67,35.24,-0.17,42.06,-1.28,-10.00
18,1,-1.00,-1.00,-1.00,-1.00,0.1088,1.2,0.63,0.65,-21.77,1.07,-8.13,-0.40,-10.00
18,1,-1.00,-1.00,-1.00,-1.00,0.1086,1.9,0.78,0.71,-43.64,-3.25,41.68,1.94,-10.00
18,1,-1.00,-1.00,-1.00,-1.00,0.1073,1.2,0.62,0.63,14.59,2.00,-11.42,-0.11,-10.00
18,1,-1.00,-1.00,-1.00,-1.00,0.1064,1.4,0.59,0.59,-19.39,0.78,0.39,-3.04,-10.00
18,1,-1.00,-1.00,-1.00,-1.00,0.1027,1.3,0.57,0.59,14.52,1.98,-12.23,-0.59,-10.00
19,1,-1.00,-1.00,-1.00,-1.00,0.5766,1.7,0.63,0.74,-10.70,1.58,-13.04,1.57,-10.00
19,1,-1.00,-1.00,-1.00,-1.00,0.2983,1.8,0.66,0.77,-21.87,0.85,-2.13,-1.74,-10.00
19,1,-1.00,-1.00,-1.00,-1.00,0.2594,1.4,0.75,0.73,-21.72,0.70,0.61,3.08,-10.00
19,1,-1.00,-1.00,-1.00,-1.00,0.2422,1.6,0.57,0.57,-22.57,0.83,2.75,-0.08,-10.00
19,1,-1.00,-1.00,-1.00,-1.00,0.2207,1.5,0.69,0.65,-21.73,0.79,1.42,2.95,-10.00
19,1,-1.00,-1.00,-1.00,-1.00,0.2066,1.5,0.64,0.64,-21.75,0.70,2.68,3.13,-10.00
19,1,-1.00,-1.00,-1.00,-1.00,0.1824,1.7,0.59,0.62,-22.67,0.88,1.16,0.02,-10.00
19,1,-1.00,-1.00,-1.00,-1.00,0.1800,1.2,0.60,0.66,-10.18,1.34,-7.36,0.19,-10.00
19,1,-1.00,-1.00,-1.00,-1.00,0.1513,1.4,0.60,0.70,-18.52,0.94,1.83,2.96,-10.00
19,1,-1.00,-1.00,-1.00,-1.00,0.1411,1.5,0.61,0.62,14.10,2.08,-19.54,-1.85,-10.00
19,1,-1.00,-1.00,-1.00,-1.00,0.1403,1.5,0.60,0.56,-20.23,0.78,1.49,-0.30,-10.00
19,1,-1.00,-1.00,-1.00,-1.00,0.1374,1.6,0.59,0.53,-22.89,0.66,4.01,0.53,-10.00
19,1,-1.00,-1.00,-1.00,-1.00,0.1340,1.6,0.58,0.62,-21.85,1.06,-4.93,-2.37,-10.00
19,1,-1.00,-1.00,-1.00,-1.00,0.1213,1.6,0.59,0.53,-23.73,0.62,3.79,0.11,-10.00
19,1,-1.00,-1.00,-1.00,-1.00,0.1122,1.7,0.57,0.56,-22.99,0.83,-2.07,1.42,-10.00
19,1,-1.00,-1.00,-1.00,-1.00,0.1116,1.7,0.62,0.64,-23.01,0.83,-1.68,-1.67,-10.00
19,1,-1.00,-1.00,-1.00,-1.00,0.1083,1.3,0.64,0.68,12.58,1.86,-15.57,1.18,-10.00
19,1,-1.00,-1.00,-1.00,-1.00,0.1082,1.8,0.69,0.65,-45.19,0.83,-45.66,0.10,-10.00
19,1,-1.00,-1.00,-1.00,-1.00,0.1078,1.3,0.59,0.60,-19.33,0.86,1.02,3.01,-10.00
19,1,-1.00,-1.00,-1.00,-1.00,0.1049,1.7,0.58,0.54,-22.98,0.84,-2.48,-1.79,-10.00
19,1,-1.00,-1.00,-1.00,-1.00,0.1016,1.3,0.65,0.68,23.73,2.29,-17.87,1.14,-10.00
19,1,-1.00,-1.00,-1.00,-1.00,0.1004,1.2,0.64,0.66,13.27,1.93,-19.00,1.20,-10.00
20,1,-1.00,-1.00,-1.00,-1.00,0.2831,1.2,0.66,0.69,-11.37,1.10,-7.68,-2.88,-10.00
20,1,-1.00,-1.00,-1.00,-1.00,0.2753,1.8,0.72,0.88,-12.93,1.35,-13.89,1.73,-10.00
20,1,-1.00,-1.00,-1.00,-1.00,0.2698,1.5,0.63,0.57,-21.04,0.80,3.06,3.14,-10.00
20,1,-1.00,-1.00,-1.00,-1.00,0.2502,1.5,0.55,0.55,-23.02,0.75,-1.81,0.03,-10.00
20,1,-1.00,-1.00,-1.00,-1.00,0.2367,1.5,0.59,0.65,-18.65,0.87,2.76,-0.10,-10.00
20,1,-1.00,-1.00,-1.00,-1.00,0.2244,1.4,0.62,0.66,-17.79,0.88,2.73,3.04,-10.00
20,1,-1.00,-1.00,-1.00,-1.00,0.2185,1.2,0.60,0.70,-21.81,1.03,-4.96,-2.24,-10.00
20,1,-1.00,-1.00,-1.00,-1.00,0.2174,1.5,0.61,0.68,15.79,2.05,-23.85,-1.50,-10.00
20,1,-1.00,-1.00,-1.00,-1.00,0.2019,1.3,0.68,0.70,-21.10,0.72,2.22,3.05,-10.00
20,1,-1.00,-1.00,-1.00,-1.00,0.1956,1.1,0.74,0.81,15.75,1.88,-22.58,-1.34,-10.00
20,1,-1.00,-1.00,-1.00,-1.00,0.1903,1.4,0.62,0.69,17.70,2.10,-22.99,-1.16,-10.00
20,1,-1.00,-1.00,-1.00,-1.00,0.1690,1.6,0.56,0.55,-22.12,0.79,3.08,-0.14,-10.00
20,1,-1.00,-1.00,-1.00,-1.00,0.1690,1.5,0.56,0.61,-22.51,0.94,-3.20,2.96,-10.00
20,1,-1.00,-1.00,-1.00,-1.00,0.1688,1.4,0.64,0.70,8.49,1.68,-20.60,-1.88,-10.00
20,1,-1.00,-1.00,-1.00,-1.00,0.1562,1.6,0.59,0.54,-21.76,0.89,4.40,0.08,-10.00
20,1,-1.00,-1.00,-1.00,-1.00,0.1541,1.2,0.58,0.66,14.90,1.88,-22.63,1.68,-10.00
20,1,-1.00,-1.00,-1.00,-1.00,0.1521,1.2,0.59,0.64,-23.42,1.02,-4.96,1.27,-10.00
20,1,-1.00,-1.00,-1.00,-1.00,0.1511,1.5,0.57,0.52,-22.99,0.67,-0.86,-0.03,-10.00
20,1,-1.00,-1.00,-1.00,-1.00,0.1504,1.5,0.58,0.62,18.15,2.14,-23.85,-1.28,-10.00
20,1,-1.00,-1.00,-1.00,-1.00,0.1494,1.3,0.62,0.70,-21.84,1.02,-4.15,-3.11,-10.00
20,1,-1.00,-1.00,-1.00,-1.00,0.1463,1.8,0.64,0.64,-22.12,0.68,-0.10,-1.53,-10.00
20,1,-1.00,-1.00,-1.00,-1.00,0.1451,1.4,0.59,0.55,-20.97,0.83,3.87,2.90,-10.00
20,1,-1.00,-1.00,-1.00,-1.00,0.1430,1.4,0.68,0.69,10.10,1.63,-20.98,-1.85,-10.00
20,1,-1.00,-1.00,-1.00,-1.00,0.1424,1.6,0.65,0.65,9.40,1.61,-20.32,1.22,-10.00
20,1,-1.00,-1.00,-1.00,-1.00,0.1343,1.3,0.68,0.65,-19.06,0.90,-27.29,-0.23,-10.00
20,1,-1.00,-1.00,-1.00,-1.00,0.1275,1.6,0.56,0.55,-22.05,0.94,1.83,-0.39,-10.00
20,1,-1.00,-1.00,-1.00,-1.00,0.1226,1.6,0.59,0.55,-22.97,0.65,-0.05,0.11,-10.00
20,1,-1.00,-1.00,-1.00,-1.00,0.1222,1.3,0.67,0.70,10.47,1.58,-23.87,-1.86,-10.00
20,1,-1.00,-1.00,-1.00,-1.00,0.1195,1.8,0.63,0.65,8.17,1.85,-23.13,0.72,-10.00
20,1,-1.00,-1.00,-1.00,-1.00,0.1176,1.7,0.62,0.62,8.44,1.75,-24.55,-1.80,-10.00
20,1,-1.00,-1.00,-1.00,-1.00,0.1167,1.4,0.67,0.66,9.74,1.68,-19.76,1.22,-10.00
20,1,-1.00,-1.00,-1.00,-1.00,0.1166,1.5,0.63,0.66,6.85,1.71,-20.98,-1.78,-10.00
20,1,-1.00,-1.00,-1.00,-1.00,0.1138,1.3,0.67,0.63,10.95,1.62,-23.05,-2.18,-10.00
20,1,-1.00,-1.00,-1.00,-1.00,0.1114,1.8,0.68,0.69,42.01,0.02,24.13,-2.34,-10.00
20,1,-1.00,-1.00,-1.00,-1.00,0.1100,1.3,0.62,0.60,9.71,1.54,-23.11,1.02,-10.00
20,1,-1.00,-1.00,-1.00,-1.00,0.1081,1.7,0.56,0.51,-23.36,0.68,-0.83,-0.12,-10.00
20,1,-1.00,-1.00,-1.00,-1.00,0.1080,1.5,0.62,0.68,18.48,2.06,-24.65,-2.76,-10.00
20,1,-1.00,-1.00,-1.00,-1.00,0.1075,1.2,0.65,0.70,-21.48,1.09,-5.27,-2.66,-10.00
20,1,-1.00,-1.00,-1.00,-1.00,0.1029,1.4,0.64,0.60,10.16,1.67,-22.54,0.46,-10.00
21,1,-1.00,-1.00,-1.00,-1.00,0.5206,1.7,0.65,0.78,-15.07,1.22,-14.20,1.95,-10.00
21,1,-1.00,-1.00,-1.00,-1.00,0.2940,1.3,0.67,0.76,-20.53,0.81,3.46,-2.46,-10.00
21,1,-1.00,-1.00,-1.00,-1.00,0.1650,1.6,0.62,0.61,-18.66,0.83,3.63,0.14,-10.00
21,1,-1.00,-1.00,-1.00,-1.00,0.1644,1.3,0.56,0.55,-17.75,0.81,3.53,0.12,-10.00
21,1,-1.00,-1.00,-1.00,-1.00,0.1630,1.2,0.67,0.76,-12.28,0.98,-7.74,-2.54,-10.00
21,1,-1.00,-1.00,-1.00,-1.00,0.1547,1.3,0.61,0.67,6.42,1.67,-23.34,-1.76,-10.00
21,1,-1.00,-1.00,-1.00,-1.00,0.1450,1.1,0.65,0.77,-22.15,0.99,-3.65,-2.50,-10.00
21,1,-1.00,-1.00,-1.00,-1.00,0.1360,1.3,0.63,0.69,6.46,1.69,-25.91,3.08,-10.00
21,1,-1.00,-1.00,-1.00,-1.00,0.1352,1.3,0.68,0.70,6.51,1.61,-27.38,-1.77,-10.00
21,1,-1.00,-1.00,-1.00,-1.00,0.1311,1.3,0.62,0.67,10.88,1.75,-26.94,0.04,-10.00
21,1,-1.00,-1.00,-1.00,-1.00,0.1309,1.3,0.64,0.67,-19.46,0.57,7.97,0.74,-10.00
21,1,-1.00,-1.00,-1.00,-1.00,0.1254,1.4,0.56,0.59,16.99,2.05,-26.64,3.02,-10.00
21,1,-1.00,-1.00,-1.00,-1.00,0.1253,1.5,0.65,0.67,11.74,1.88,-26.69,1.14,-10.00
21,1,-1.00,-1.00,-1.00,-1.00,0.1168,1.3,0.61,0.66,6.56,1.54,-24.33,-1.74,-10.00
21,1,-1.00,-1.00,-1.00,-1.00,0.1164,1.4,0.67,0.67,-23.00,0.60,4.73,0.18,-10.00
21,1,-1.00,-1.00,-1.00,-1.00,0.1106,1.3,0.66,0.74,4.41,1.68,-26.24,-0.20,-10.00
21,1,-1.00,-1.00,-1.00,-1.00,0.1099,1.6,0.57,0.59,16.60,2.31,-25.85,-2.60,-10.00
21,1,-1.00,-1.00,-1.00,-1.00,0.1082,1.2,0.63,0.66,-22.21,0.98,-2.56,-2.71,-10.00
21,1,-1.00,-1.00,-1.00,-1.00,0.1016,1.7,0.60,0.60,-24.20,0.35,4.71,0.26,-10.00
22,1,-1.00,-1.00,-1.00,-1.00,0.5602,1.8,0.71,0.79,-17.80,1.23,-14.07,2.30,-10.00
22,1,-1.00,-1.00,-1.00,-1.00,0.3335,1.3,0.62,0.66,-13.52,1.09,-7.72,-1.64,-10.00
22,1,-1.00,-1.00,-1.00,-1.00,0.2782,1.2,0.66,0.69,6.43,1.73,-30.99,0.30,-10.00
22,1,-1.00,-1.00,-1.00,-1.00,0.2143,1.4,0.64,0.67,-20.17,0.80,8.69,1.53,-10.00
22,1,-1.00,-1.00,-1.00,-1.00,0.1708,1.4,0.58,0.64,1.20,1.48,-30.57,-1.70,-10.00
22,1,-1.00,-1.00,-1.00,-1.00,0.1573,1.4,0.63,0.63,6.11,1.58,-32.51,3.05,-10.00
22,1,-1.00,-1.00,-1.00,-1.00,0.1278,1.5,0.62,0.62,-24.13,1.16,-1.25,-2.67,-10.00
22,1,-1.00,-1.00,-1.00,-1.00,0.1248,1.8,0.67,0.62,-20.97,0.97,4.33,1.67,-10.00
22,1,-1.00,-1.00,-1.00,-1.00,0.1216,1.2,0.62,0.62,-22.61,0.86,-1.37,-2.55,-10.00
22,1,-1.00,-1.00,-1.00,-1.00,0.1195,1.8,0.62,0.62,-13.38,0.94,-8.88,-1.61,-10.00
22,1,-1.00,-1.00,-1.00,-1.00,0.1100,1.2,0.58,0.59,1.77,1.58,-26.54,-2.91,-10.00
22,1,-1.00,-1.00,-1.00,-1.00,0.1075,1.3,0.60,0.62,1.36,1.58,-29.31,3.14,-10.00
22,1,-1.00,-1.00,-1.00,-1.00,0.1069,1.3,0.68,0.68,-18.61,0.68,11.07,2.77,-10.00
22,1,-1.00,-1.00,-1.00,-1.00,0.1030,1.8,0.61,0.60,-3.87,1.16,-29.89,0.55,-10.00
22,1,-1.00,-1.00,-1.00,-1.00,0.1013,1.7,0.65,0.67,-35.91,0.72,-23.23,-1.31,-10.00
22,1,-1.00,-1.00,-1.00,-1.00,0.1012,1.3,0.57,0.61,5.57,1.62,-30.98,0.33,-10.00
22,1,-1.00,-1.00,-1.00,-1.00,0.1010,1.7,0.67,0.70,-34.67,0.80,-25.27,1.81,-10.00
22,1,-1.00,-1.00,-1.00,-1.00,0.1003,1.4,0.61,0.66,1.76,1.47,-30.15,-1.76,-10.00
23,1,-1.00,-1.00,-1.00,-1.00,0.4509,1.2,0.69,0.64,-14.63,1.05,-7.73,-3.04,-10.00
23,1,-1.00,-1.00,-1.00,-1.00,0.3663,1.8,0.67,0.76,-16.18,0.99,5.48,1.62,-10.00
23,1,-1.00,-1.00,-1.00,-1.00,0.3641,1.8,0.67,0.81,-20.25,1.09,-13.74,1.61,-10.00
23,1,-1.00,-1.00,-1.00,-1.00,0.2344,1.6,0.72,0.75,-17.46,0.90,6.38,-2.02,-10.00
23,1,-1.00,-1.00,-1.00,-1.00,0.1983,1.7,0.67,0.65,-5.98,1.52,-31.03,0.31,-10.00
23,1,-1.00,-1.00,-1.00,-1.00,0.1858,1.1,0.74,0.87,-14.94,0.95,6.69,-2.80,-10.00
23,1,-1.00,-1.00,-1.00,-1.00,0.1819,1.6,0.70,0.74,-17.02,0.97,7.37,1.54,-10.00
23,1,-1.00,-1.00,-1.00,-1.00,0.1735,1.3,0.64,0.65,-15.48,0.45,9.78,1.60,-10.00
23,1,-1.00,-1.00,-1.00,-1.00,0.1457,1.6,0.66,0.68,-4.31,1.49,-32.94,-1.45,-10.00
23,1,-1.00,-1.00,-1.00,-1.00,0.1447,1.7,0.60,0.63,-15.73,1.04,4.70,-1.39,-10.00
23,1,-1.00,-1.00,-1.00,-1.00,0.1447,1.7,0.59,0.61,-18.26,1.03,7.08,1.91,-10.00
23,1,295.42,447.50,330.03,506.68,0.1271,1.7,0.71,0.74,-14.91,0.44,37.51,-0.04,-10.00
23,1,-1.00,-1.00,-1.00,-1.00,0.1256,1.4,0.67,0.70,-5.81,1.44,-31.81,0.64,-10.00
23,1,-1.00,-1.00,-1.00,-1.00,0.1196,1.6,0.65,0.71,-16.52,0.82,9.06,-1.19,-10.00
23,1,-1.00,-1.00,-1.00,-1.00,0.1184,1.7,0.60,0.63,-15.43,1.02,4.99,-1.71,-10.00
23,1,-1.00,-1.00,-1.00,-1.00,0.1176,1.5,0.69,0.78,-16.55,0.98,7.48,1.54,-10.00
23,1,-1.00,-1.00,-1.00,-1.00,0.1150,1.5,0.65,0.64,-4.64,1.53,-31.79,-2.48,-10.00
23,1,-1.00,-1.00,-1.00,-1.00,0.1083,1.4,0.60,0.64,-18.95,0.59,8.74,1.99,-10.00
23,1,-1.00,-1.00,-1.00,-1.00,0.1070,1.8,0.62,0.65,-20.18,0.96,5.40,2.11,-10.00
23,1,653.29,454.51,675.09,510.32,0.1043,1.8,0.65,0.66,-4.88,0.60,40.70,-0.09,-10.00
23,1,315.78,448.82,343.53,501.64,0.1033,1.8,0.69,0.65,-16.53,0.34,43.04,-0.00,-10.00
23,1,-1.00,-1.00,-1.00,-1.00,0.1023,1.4,0.64,0.67,-3.55,1.33,-29.40,-1.15,-10.00
24,1,-1.00,-1.00,-1.00,-1.00,0.4345,1.4,0.70,0.70,-14.53,0.76,4.39,-2.87,-10.00
24,1,-1.00,-1.00,-1.00,-1.00,0.4255,1.4,0.63,0.65,-15.72,0.59,7.97,0.60,-10.00
24,1,-1.00,-1.00,-1.00,-1.00,0.3972,1.8,0.69,0.72,-22.74,0.84,-13.63,2.49,-10.00
24,1,-1.00,-1.00,-1.00,-1.00,0.3796,1.4,0.69,0.71,-15.05,0.74,5.12,0.37,-10.00
24,1,-1.00,-1.00,-1.00,-1.00,0.2991,1.4,0.65,0.68,-15.71,0.97,-8.16,-1.67,-10.00
24,1,-1.00,-1.00,-1.00,-1.00,0.2975,1.5,0.69,0.71,-15.04,0.68,7.21,0.68,-10.00
24,1,-1.00,-1.00,-1.00,-1.00,0.2774,1.3,0.71,0.76,-13.76,0.86,9.14,-2.35,-10.00
24,1,-1.00,-1.00,-1.00,-1.00,0.2318,1.3,0.68,0.67,-14.17,0.84,6.73,0.92,-10.00
24,1,-1.00,-1.00,-1.00,-1.00,0.2305,1.4,0.67,0.60,-14.95,0.63,8.73,0.30,-10.00
24,1,-1.00,-1.00,-1.00,-1.00,0.2209,1.6,0.71,0.78,-9.45,1.21,-34.62,-1.13,-10.00
24,1,-1.00,-1.00,-1.00,-1.00,0.2116,1.3,0.71,0.73,-8.75,1.34,-33.43,0.91,-10.00
24,1,-1.00,-1.00,-1.00,-1.00,0.2004,1.5,0.63,0.58,-15.75,0.64,6.80,0.87,-10.00
24,1,-1.00,-1.00,-1.00,-1.00,0.1970,1.7,0.71,0.68,-5.43,1.44,-36.54,0.50,-10.00
24,1,-1.00,-1.00,-1.00,-1.00,0.1835,1.3,0.67,0.63,-14.16,0.81,6.26,0.56,-10.00
24,1,-1.00,-1.00,-1.00,-1.00,0.1814,1.7,0.67,0.67,-10.73,1.33,-32.56,-2.46,-10.00
24,1,-1.00,-1.00,-1.00,-1.00,0.1662,1.6,0.73,0.65,-2.80,1.87,-39.71,1.21,-10.00
24,1,-1.00,-1.00,-1.00,-1.00,0.1588,1.7,0.64,0.64,-11.42,1.15,-33.83,2.09,-10.00
24,1,484.72,446.68,509.73,509.57,0.1564,1.8,0.62,0.61,-9.23,0.52,36.64,-0.13,-10.00
24,1,-1.00,-1.00,-1.00,-1.00,0.1555,1.5,0.65,0.63,-5.23,1.48,-38.17,-1.27,-10.00
24,1,-1.00,-1.00,-1.00,-1.00,0.1528,1.7,0.59,0.58,-17.03,0.73,7.02,0.66,-10.00
24,1,-1.00,-1.00,-1.00,-1.00,0.1518,1.6,0.65,0.63,-3.22,1.66,-38.56,-1.52,-10.00
24,1,504.41,461.62,527.62,513.32,0.1509,1.7,0.71,0.63,-10.00,0.72,42.18,-0.07,-10.00
24,1,-1.00,-1.00,-1.00,-1.00,0.1452,1.7,0.63,0.63,-16.98,0.78,5.86,-1.80,-10.00
24,1,-1.00,-1.00,-1.00,-1.00,0.1425,1.5,0.75,0.82,-14.19,0.81,3.54,-2.63,-10.00
24,1,-1.00,-1.00,-1.00,-1.00,0.1341,1.5,0.59,0.52,-16.21,0.72,6.28,0.71,-10.00
24,1,-1.00,-1.00,-1.00,-1.00,0.1299,1.4,0.68,0.74,-14.94,0.83,4.24,0.25,-10.00
24,1,-1.00,-1.00,-1.00,-1.00,0.1271,1.5,0.75,0.81,-8.66,1.40,-34.46,-1.17,-10.00
24,1,-1.00,-1.00,-1.00,-1.00,0.1240,1.3,0.70,0.67,-14.55,0.76,8.21,0.46,-10.00
24,1,-1.00,-1.00,-1.00,-1.00,0.1208,1.6,0.68,0.80,-10.33,1.14,-35.32,1.95,-10.00
24,1,-1.00,-1.00,-1.00,-1.00,0.1157,1.3,0.69,0.79,-8.80,1.19,-30.08,-1.22,-10.00
24,1,-1.00,-1.00,-1.00,-1.00,0.1142,1.4,0.70,0.72,-13.87,0.88,5.94,-2.83,-10.00
24,1,-1.00,-1.00,-1.00,-1.00,0.1120,1.4,0.65,0.69,-13.10,1.07,-28.48,-1.22,-10.00
24,1,-1.00,-1.00,-1.00,-1.00,0.1113,1.8,0.60,0.59,-13.16,1.07,-32.42,-2.40,-10.00
24,1,-1.00,-1.00,-1.00,-1.00,0.1098,1.5,0.59,0.53,-16.04,0.64,7.04,0.22,-10.00
24,1,-1.00,-1.00,-1.00,-1.00,0.1096,1.7,0.69,0.78,-9.58,1.15,-35.35,2.00,-10.00
24,1,-1.00,-1.00,-1.00,-1.00,0.1092,1.5,0.68,0.67,-5.63,1.28,-35.37,-0.22,-10.00
24,1,-1.00,-1.00,-1.00,-1.00,0.1066,1.4,0.72,0.68,-0.00,1.74,-39.36,0.01,-10.00
24,1,495.82,462.05,521.00,520.91,0.1057,1.8,0.61,0.58,-9.57,0.91,39.39,0.06,-10.00
24,1,-1.00,-1.00,-1.00,-1.00,0.1053,1.5,0.71,0.73,-15.29,0.71,4.75,0.29,-10.00
24,1,-1.00,-1.00,-1.00,-1.00,0.1001,1.5,0.66,0.66,-8.78,1.30,-30.97,-1.15,-10.00
25,1,-1.00,-1.00,-1.00,-1.00,0.3497,1.5,0.68,0.65,-14.61,0.60,3.13,0.75,-10.00
25,1,-1.00,-1.00,-1.00,-1.00,0.3028,1.7,0.62,0.66,-24.54,0.74,-14.99,2.21,-10.00
25,1,-1.00,-1.00,-1.00,-1.00,0.2488,1.4,0.69,0.69,-13.02,0.63,7.16,0.08,-10.00
25,1,-1.00,-1.00,-1.00,-1.00,0.2472,1.4,0.67,0.64,-12.93,0.65,3.97,-2.88,-10.00
25,1,-1.00,-1.00,-1.00,-1.00,0.2441,1.4,0.72,0.67,-14.20,0.63,2.39,-2.74,-10.00
25,1,-1.00,-1.00,-1.00,-1.00,0.2297,1.4,0.70,0.71,-6.72,1.44,-41.37,2.97,-10.00
25,1,-1.00,-1.00,-1.00,-1.00,0.2117,1.7,0.59,0.61,-15.00,0.68,6.16,-0.24,-10.00
25,1,-1.00,-1.00,-1.00,-1.00,0.2004,1.3,0.64,0.75,-13.38,0.67,4.68,-2.89,-10.00
25,1,-1.00,-1.00,-1.00,-1.00,0.1945,1.1,0.67,0.70,-16.33,0.77,-10.01,3.12,-10.00
25,1,-1.00,-1.00,-1.00,-1.00,0.1929,1.4,0.63,0.64,-6.64,1.42,-42.53,3.01,-10.00
25,1,-1.00,-1.00,-1.00,-1.00,0.1796,1.7,0.63,0.67,-14.28,0.67,5.40,-2.89,-10.00
25,1,-1.00,-1.00,-1.00,-1.00,0.1775,1.4,0.62,0.61,-14.10,0.29,10.21,2.11,-10.00
25,1,-1.00,-1.00,-1.00,-1.00,0.1548,1.3,0.56,0.59,-7.14,1.44,-42.16,2.99,-10.00
25,1,-1.00,-1.00,-1.00,-1.00,0.1541,1.7,0.64,0.65,-14.15,0.76,7.06,0.65,-10.00
25,1,-1.00,-1.00,-1.00,-1.00,0.1464,1.7,0.58,0.60,-18.57,0.34,6.23,-1.59,-10.00
25,1,-1.00,-1.00,-1.00,-1.00,0.1437,1.5,0.63,0.68,-12.63,1.27,-33.34,-1.56,-10.00
25,1,-1.00,-1.00,-1.00,-1.00,0.1418,1.0,0.68,0.88,-11.32,0.96,-2.20,-2.90,-10.00
25,1,-1.00,-1.00,-1.00,-1.00,0.1368,1.1,0.56,0.59,-11.33,0.88,-3.36,-2.91,-10.00
25,1,-1.00,-1.00,-1.00,-1.00,0.1315,1.1,0.57,0.70,-11.84,0.85,-3.31,2.96,-10.00
25,1,-1.00,-1.00,-1.00,-1.00,0.1295,1.5,0.61,0.60,-8.70,1.32,-40.65,2.30,-10.00
25,1,-1.00,-1.00,-1.00,-1.00,0.1235,1.5,0.67,0.68,-10.76,1.34,-34.57,0.65,-10.00
25,1,-1.00,-1.00,-1.00,-1.00,0.1234,1.2,0.58,0.61,-14.11,0.31,9.48,1.11,-10.00
25,1,-1.00,-1.00,-1.00,-1.00,0.1228,1.5,0.66,0.64,-3.56,1.88,-42.52,3.00,-10.00
25,1,-1.00,-1.00,-1.00,-1.00,0.1206,1.5,0.67,0.68,-10.00,1.48,-33.43,-1.15,-10.00
25,1,-1.00,-1.00,-1.00,-1.00,0.1198,1.4,0.72,0.72,-14.54,0.64,2.71,0.23,-10.00
25,1,-1.00,-1.00,-1.00,-1.00,0.1149,1.4,0.69,0.75,-11.83,1.26,-32.46,-1.14,-10.00
25,1,-1.00,-1.00,-1.00,-1.00,0.1145,1.7,0.66,0.71,-16.30,0.54,3.92,-0.00,-10.00
25,1,-1.00,-1.00,-1.00,-1.00,0.1121,1.4,0.65,0.75,-13.72,0.70,6.25,-3.09,-10.00
25,1,-1.00,-1.00,-1.00,-1.00,0.1112,1.3,0.69,0.73,-11.85,1.16,-35.73,-1.81,-10.00
25,1,-1.00,-1.00,-1.00,-1.00,0.1102,1.7,0.63,0.60,-19.37,0.25,5.20,1.72,-10.00
25,1,-1.00,-1.00,-1.00,-1.00,0.1078,1.5,0.62,0.62,-22.55,0.53,-4.47,-1.74,-10.00
25,1,-1.00,-1.00,-1.00,-1.00,0.1041,1.4,0.68,0.59,-13.40,0.78,3.50,0.20,-10.00
25,1,-1.00,-1.00,-1.00,-1.00,0.1016,1.4,0.66,0.62,-13.06,0.31,9.98,-2.84,-10.00
26,1,-1.00,-1.00,-1.00,-1.00,0.3663,1.2,0.68,0.75,-12.91,0.66,4.36,0.62,-10.00
26,1,-1.00,-1.00,-1.00,-1.00,0.3065,1.6,0.64,0.62,-14.15,0.67,-0.25,-1.72,-10.00
26,1,-1.00,-1.00,-1.00,-1.00,0.2949,1.2,0.65,0.76,-13.45,0.71,1.86,0.05,-10.00
26,1,-1.00,-1.00,-1.00,-1.00,0.2791,1.5,0.65,0.69,-14.10,0.67,2.73,-3.11,-10.00
26,1,-1.00,-1.00,-1.00,-1.00,0.2717,1.3,0.70,0.67,-13.44,0.78,0.73,-0.54,-10.00
26,1,-1.00,-1.00,-1.00,-1.00,0.2706,1.5,0.64,0.62,-14.62,0.60,0.37,-0.18,-10.00
26,1,-1.00,-1.00,-1.00,-1.00,0.2600,1.3,0.63,0.74,-13.86,0.67,4.27,0.40,-10.00
26,1,-1.00,-1.00,-1.00,-1.00,0.2577,1.5,0.65,0.64,-14.95,0.57,3.45,-0.04,-10.00
26,1,-1.00,-1.00,-1.00,-1.00,0.2438,1.8,0.64,0.69,-25.74,0.75,-17.36,2.83,-10.00
26,1,-1.00,-1.00,-1.00,-1.00,0.2378,1.2,0.69,0.77,-16.75,0.66,-12.55,3.08,-10.00
26,1,-1.00,-1.00,-1.00,-1.00,0.2044,1.6,0.71,0.68,-8.04,1.56,-45.66,3.05,-10.00
26,1,-1.00,-1.00,-1.00,-1.00,0.1902,1.4,0.60,0.57,-14.98,0.35,6.39,1.14,-10.00
26,1,-1.00,-1.00,-1.00,-1.00,0.1891,1.6,0.66,0.68,-8.33,1.56,-45.37,3.06,-10.00
26,1,-1.00,-1.00,-1.00,-1.00,0.1831,1.4,0.62,0.58,-13.75,0.27,7.51,0.63,-10.00
26,1,-1.00,-1.00,-1.00,-1.00,0.1732,1.6,0.64,0.67,-8.30,1.48,-44.16,-3.11,-10.00
26,1,-1.00,-1.00,-1.00,-1.00,0.1624,1.4,0.66,0.69,-11.97,1.23,-37.38,-2.49,-10.00
26,1,-1.00,-1.00,-1.00,-1.00,0.1567,1.4,0.58,0.58,-13.74,0.35,6.68,-0.19,-10.00
26,1,-1.00,-1.00,-1.00,-1.00,0.1554,1.6,0.57,0.58,-8.63,1.53,-45.00,-3.10,-10.00
26,1,-1.00,-1.00,-1.00,-1.00,0.1535,1.7,0.74,0.68,-7.20,1.65,-46.95,-1.65,-10.00
26,1,-1.00,-1.00,-1.00,-1.00,0.1477,1.4,0.60,0.60,-14.90,0.52,2.32,-0.19,-10.00
26,1,-1.00,-1.00,-1.00,-1.00,0.1429,1.5,0.58,0.53,-13.63,1.27,-39.39,-1.15,-10.00
26,1,-1.00,-1.00,-1.00,-1.00,0.1418,1.4,0.59,0.55,-13.03,1.27,-38.52,-2.30,-10.00
26,1,-1.00,-1.00,-1.00,-1.00,0.1359,1.4,0.54,0.52,-13.93,1.27,-38.62,-2.22,-10.00
26,1,-1.00,-1.00,-1.00,-1.00,0.1274,1.5,0.65,0.61,-12.77,1.39,-39.27,-1.17,-10.00
26,1,-1.00,-1.00,-1.00,-1.00,0.1274,1.4,0.64,0.63,-12.67,0.79,1.38,-2.99,-10.00
26,1,-1.00,-1.00,-1.00,-1.00,0.1272,1.6,0.64,0.69,-15.03,1.33,-37.37,-2.47,-10.00
26,1,-1.00,-1.00,-1.00,-1.00,0.1250,1.7,0.60,0.56,-8.80,1.48,-46.12,3.07,-10.00
26,1,-1.00,-1.00,-1.00,-1.00,0.1238,1.4,0.64,0.64,-16.15,0.48,2.64,-0.43,-10.00
26,1,-1.00,-1.00,-1.00,-1.00,0.1201,1.5,0.65,0.63,-16.26,0.38,1.23,-0.40,-10.00
26,1,-1.00,-1.00,-1.00,-1.00,0.1174,1.3,0.67,0.70,-13.04,0.74,1.07,0.07,-10.00
26,1,-1.00,-1.00,-1.00,-1.00,0.1157,1.6,0.61,0.56,-9.90,1.23,-42.53,0.35,-10.00
26,1,-1.00,-1.00,-1.00,-1.00,0.1140,1.7,0.67,0.69,-19.56,-0.29,-45.69,-2.68,-10.00
26,1,-1.00,-1.00,-1.00,-1.00,0.1133,1.2,0.65,0.76,-12.63,0.63,3.45,-2.68,-10.00
26,1,-1.00,-1.00,-1.00,-1.00,0.1126,1.4,0.68,0.71,-13.84,0.64,3.14,0.08,-10.00
26,1,-1.00,-1.00,-1.00,-1.00,0.1113,1.5,0.65,0.67,-15.51,1.37,-34.05,-1.16,-10.00
26,1,-1.00,-1.00,-1.00,-1.00,0.1110,1.5,0.68,0.69,-9.23,1.32,-42.18,-2.92,-10.00
26,1,-1.00,-1.00,-1.00,-1.00,0.1096,1.5,0.65,0.71,-7.99,1.24,-40.03,-2.69,-10.00
26,1,-1.00,-1.00,-1.00,-1.00,0.1090,1.7,0.64,0.63,-10.01,1.46,-41.79,0.28,-10.00
26,1,-1.00,-1.00,-1.00,-1.00,0.1076,1.7,0.66,0.61,-13.81,0.76,-0.52,2.82,-10.00
26,1,-1.00,-1.00,-1.00,-1.00,0.1074,1.6,0.63,0.61,-12.73,1.26,-36.04,-2.60,-10.00
26,1,-1.00,-1.00,-1.00,-1.00,0.1056,1.4,0.57,0.59,-22.66,0.44,-6.82,-1.12,-10.00
26,1,-1.00,-1.00,-1.00,-1.00,0.1037,1.4,0.63,0.65,-14.26,1.20,-34.56,-1.12,-10.00
26,1,-1.00,-1.00,-1.00,-1.00,0.1031,1.8,0.67,0.63,-33.02,-0.01,-28.91,2.38,-10.00
26,1,-1.00,-1.00,-1.00,-1.00,0.1026,1.7,0.67,0.76,-9.10,1.34,-38.90,1.87,-10.00
27,1,-1.00,-1.00,-1.00,-1.00,0.3967,1.6,0.66,0.59,-16.22,0.53,-0.18,-0.02,-10.00
27,1,-1.00,-1.00,-1.00,-1.00,0.3695,1.4,0.72,0.64,-13.80,0.49,1.41,0.02,-10.00
27,1,-1.00,-1.00,-1.00,-1.00,0.3589,1.8,0.63,0.57,-14.07,0.76,-0.16,-3.01,-10.00
27,1,-1.00,-1.00,-1.00,-1.00,0.3536,1.3,0.72,0.65,-14.13,0.56,-3.04,-2.90,-10.00
27,1,-1.00,-1.00,-1.00,-1.00,0.2922,1.4,0.71,0.71,-13.43,0.72,-0.96,0.02,-10.00
27,1,-1.00,-1.00,-1.00,-1.00,0.2863,1.4,0.68,0.66,-14.58,0.55,-2.44,1.23,-10.00
27,1,-1.00,-1.00,-1.00,-1.00,0.2749,1.3,0.71,0.76,-17.07,0.61,-15.34,-3.04,-10.00
27,1,-1.00,-1.00,-1.00,-1.00,0.2602,1.7,0.65,0.59,-15.65,0.55,-1.00,3.06,-10.00
27,1,-1.00,-1.00,-1.00,-1.00,0.2492,1.4,0.62,0.62,-14.97,0.54,-2.92,0.82,-10.00
27,1,-1.00,-1.00,-1.00,-1.00,0.2427,1.5,0.58,0.53,-14.62,0.63,0.35,0.05,-10.00
27,1,-1.00,-1.00,-1.00,-1.00,0.2249,1.5,0.68,0.63,-16.28,0.51,-1.36,-0.13,-10.00
27,1,-1.00,-1.00,-1.00,-1.00,0.2190,1.3,0.72,0.76,-12.89,0.49,1.53,3.06,-10.00
27,1,-1.00,-1.00,-1.00,-1.00,0.2063,1.8,0.68,0.72,-26.58,0.80,-20.45,2.07,-10.00
27,1,-1.00,-1.00,-1.00,-1.00,0.1968,1.4,0.73,0.71,-12.99,0.66,-1.71,-2.92,-10.00
27,1,618.87,440.54,649.75,523.36,0.1889,1.8,0.62,0.55,-4.04,0.70,28.13,0.05,-10.00
27,1,-1.00,-1.00,-1.00,-1.00,0.1815,1.8,0.65,0.65,49.23,1.38,-37.57,-0.05,-10.00
27,1,-1.00,-1.00,-1.00,-1.00,0.1545,1.8,0.66,0.77,-26.30,0.73,-20.81,1.90,-10.00
27,1,-1.00,-1.00,-1.00,-1.00,0.1478,1.4,0.61,0.53,-14.92,0.59,0.61,0.36,-10.00
27,1,-1.00,-1.00,-1.00,-1.00,0.1464,1.6,0.66,0.61,-12.85,1.39,-40.23,2.89,-10.00
27,1,-1.00,-1.00,-1.00,-1.00,0.1450,1.5,0.70,0.61,-12.03,1.42,-39.27,-3.02,-10.00
27,1,-1.00,-1.00,-1.00,-1.00,0.1420,1.5,0.60,0.58,-14.70,0.72,-0.51,-3.04,-10.00
27,1,-1.00,-1.00,-1.00,-1.00,0.1394,1.5,0.68,0.80,-14.25,1.36,-41.38,-2.18,-10.00
27,1,-1.00,-1.00,-1.00,-1.00,0.1338,1.7,0.69,0.64,-13.00,1.40,-39.36,0.48,-10.00
27,1,-1.00,-1.00,-1.00,-1.00,0.1229,1.7,0.60,0.66,-26.30,0.80,-20.08,1.98,-10.00
27,1,-1.00,-1.00,-1.00,-1.00,0.1207,1.7,0.66,0.72,-25.94,0.74,-20.46,1.80,-10.00
27,1,-1.00,-1.00,-1.00,-1.00,0.1188,1.3,0.59,0.62,-13.64,0.31,4.62,1.28,-10.00
27,1,-1.00,-1.00,-1.00,-1.00,0.1142,1.8,0.70,0.71,-20.31,-0.10,-48.45,-0.02,-10.00
27,1,-1.00,-1.00,-1.00,-1.00,0.1112,1.8,0.66,0.63,-33.55,0.22,-31.56,0.42,-10.00
27,1,-1.00,-1.00,-1.00,-1.00,0.1043,1.5,0.66,0.66,-13.39,0.76,-2.09,-2.92,-10.00
27,1,-1.00,-1.00,-1.00,-1.00,0.1017,1.5,0.71,0.57,-11.97,1.48,-40.10,-2.65,-10.00
27,1,-1.00,-1.00,-1.00,-1.00,0.1013,1.7,0.63,0.73,-26.59,0.78,-19.73,-1.37,-10.00
28,1,-1.00,-1.00,-1.00,-1.00,0.5642,1.4,0.73,0.78,-14.20,0.69,-6.10,-1.16,-10.00
28,1,-1.00,-1.00,-1.00,-1.00,0.4318,1.4,0.74,0.77,-14.65,0.63,-5.31,1.97,-10.00
28,1,-1.00,-1.00,-1.00,-1.00,0.3096,1.8,0.66,0.60,-14.17,0.73,-3.19,-2.41,-10.00
28,1,-1.00,-1.00,-1.00,-1.00,0.3000,1.4,0.70,0.70,-20.59,0.31,-5.76,1.28,-10.00
28,1,-1.00,-1.00,-1.00,-1.00,0.2960,1.8,0.64,0.55,-14.86,0.70,-2.56,1.09,-10.00
28,1,-1.00,-1.00,-1.00,-1.00,0.2858,1.6,0.61,0.61,-15.64,0.55,-4.05,-2.86,-10.00
28,1,-1.00,-1.00,-1.00,-1.00,0.2789,1.5,0.62,0.61,-16.31,0.56,-4.53,-0.12,-10.00
28,1,-1.00,-1.00,-1.00,-1.00,0.2488,1.8,0.74,0.67,-10.37,0.78,-41.01,-0.87,-10.00
28,1,-1.00,-1.00,-1.00,-1.00,0.2426,1.7,0.58,0.56,-16.23,0.61,-3.25,1.00,-10.00
28,1,-1.00,-1.00,-1.00,-1.00,0.2192,1.5,0.60,0.57,-14.91,0.67,-3.66,0.98,-10.00
28,1,-1.00,-1.00,-1.00,-1.00,0.2073,1.3,0.77,0.83,-12.68,0.48,-1.59,-1.65,-10.00
28,1,-1.00,-1.00,-1.00,-1.00,0.2005,1.5,0.58,0.59,-16.31,0.56,-3.70,0.77,-10.00
28,1,-1.00,-1.00,-1.00,-1.00,0.1847,1.4,0.74,0.76,-13.46,0.69,-4.09,0.21,-10.00
28,1,-1.00,-1.00,-1.00,-1.00,0.1684,1.7,0.63,0.63,48.86,1.27,-41.85,-0.04,-10.00
28,1,-1.00,-1.00,-1.00,-1.00,0.1610,1.7,0.63,0.68,-21.10,0.61,-6.82,-1.84,-10.00
28,1,-1.00,-1.00,-1.00,-1.00,0.1467,1.7,0.64,0.65,-13.52,1.40,-42.93,1.81,-10.00
28,1,-1.00,-1.00,-1.00,-1.00,0.1395,1.3,0.74,0.85,-12.61,0.69,-2.54,-1.61,-10.00
28,1,-1.00,-1.00,-1.00,-1.00,0.1303,1.6,0.66,0.64,-13.74,0.69,-2.14,1.33,-10.00
28,1,-1.00,-1.00,-1.00,-1.00,0.1250,1.6,0.64,0.60,-12.78,1.40,-42.44,-2.57,-10.00
28,1,-1.00,-1.00,-1.00,-1.00,0.1191,1.3,0.69,0.68,-14.95,0.67,-6.08,0.97,-10.00
28,1,-1.00,-1.00,-1.00,-1.00,0.1076,1.4,0.62,0.69,-12.60,0.35,1.42,1.43,-10.00
29,1,-1.00,-1.00,-1.00,-1.00,0.4343,1.7,0.76,0.73,-14.27,0.69,-6.40,-2.43,-10.00
29,1,-1.00,-1.00,-1.00,-1.00,0.3686,1.5,0.76,0.72,-14.29,0.59,-9.25,-1.13,-10.00
29,1,-1.00,-1.00,-1.00,-1.00,0.3373,1.8,0.65,0.70,-28.57,0.55,-26.45,2.87,-10.00
29,1,-1.00,-1.00,-1.00,-1.00,0.2999,1.4,0.68,0.67,-14.67,0.57,-8.44,1.63,-10.00
29,1,-1.00,-1.00,-1.00,-1.00,0.2814,1.7,0.65,0.57,-14.87,0.58,-5.65,1.18,-10.00
29,1,-1.00,-1.00,-1.00,-1.00,0.2540,1.6,0.58,0.59,-16.34,0.52,-7.70,0.57,-10.00
29,1,-1.00,-1.00,-1.00,-1.00,0.2447,1.7,0.61,0.60,-21.39,0.44,-10.02,1.39,-10.00
29,1,-1.00,-1.00,-1.00,-1.00,0.2211,1.6,0.61,0.61,-15.71,0.53,-7.21,0.77,-10.00
29,1,-1.00,-1.00,-1.00,-1.00,0.2146,1.3,0.65,0.67,-12.67,0.63,-5.75,-2.76,-10.00
29,1,-1.00,-1.00,-1.00,-1.00,0.2078,1.8,0.71,0.69,7.16,2.36,-44.23,-3.02,-10.00
29,1,-1.00,-1.00,-1.00,-1.00,0.1953,1.6,0.63,0.61,-15.09,0.55,-6.43,0.79,-10.00
29,1,-1.00,-1.00,-1.00,-1.00,0.1941,1.6,0.72,0.68,-13.79,0.73,-5.63,0.57,-10.00
29,1,-1.00,-1.00,-1.00,-1.00,0.1819,1.5,0.79,0.81,-12.87,0.53,-4.81,0.08,-10.00
29,1,-1.00,-1.00,-1.00,-1.00,0.1702,1.5,0.70,0.64,-13.75,0.63,-7.32,0.32,-10.00
29,1,-1.00,-1.00,-1.00,-1.00,0.1701,1.6,0.71,0.79,-13.80,0.68,-9.76,-1.58,-10.00
29,1,-1.00,-1.00,-1.00,-1.00,0.1568,1.4,0.65,0.68,-20.31,0.54,-9.75,-1.91,-10.00
29,1,-1.00,-1.00,-1.00,-1.00,0.1526,1.8,0.67,0.58,-13.83,0.63,-4.81,0.50,-10.00
29,1,-1.00,-1.00,-1.00,-1.00,0.1437,1.7,0.62,0.59,-13.46,0.67,-5.35,0.88,-10.00
29,1,1242.78,500.38,1285.16,570.07,0.1414,1.7,0.66,0.75,11.07,1.92,31.32,-0.52,-10.00
29,1,1043.90,446.56,1077.52,526.63,0.1310,1.8,0.65,0.67,5.46,0.78,28.31,0.09,-10.00
29,1,-1.00,-1.00,-1.00,-1.00,0.1281,1.3,0.71,0.62,-23.12,0.08,-15.58,0.05,-10.00
29,1,-1.00,-1.00,-1.00,-1.00,0.1224,1.5,0.61,0.64,-24.18,0.35,-14.11,-3.05,-10.00
29,1,-1.00,-1.00,-1.00,-1.00,0.1175,1.8,0.63,0.64,48.82,1.35,-45.47,-0.02,-10.00
29,1,-1.00,-1.00,-1.00,-1.00,0.1170,1.4,0.65,0.65,-14.94,0.53,-6.87,0.91,-10.00
29,1,-1.00,-1.00,-1.00,-1.00,0.1078,1.7,0.61,0.63,-18.54,0.66,-7.22,0.43,-10.00
29,1,650.26,448.33,674.53,496.02,0.1018,1.7,0.64,0.71,-5.67,0.16,46.71,-2.96,-10.00
30,1,-1.00,-1.00,-1.00,-1.00,0.4318,1.4,0.67,0.63,-14.27,0.37,-9.61,3.01,-10.00
30,1,-1.00,-1.00,-1.00,-1.00,0.3471,1.6,0.66,0.59,-13.88,0.55,-7.99,0.24,-10.00
30,1,-1.00,-1.00,-1.00,-1.00,0.3259,1.5,0.63,0.59,-13.49,0.49,-8.84,-1.61,-10.00
30,1,-1.00,-1.00,-1.00,-1.00,0.3194,1.5,0.65,0.61,-14.68,0.52,-11.64,1.60,-10.00
30,1,-1.00,-1.00,-1.00,-1.00,0.3193,1.6,0.69,0.65,-14.34,0.53,-12.52,1.61,-10.00
30,1,-1.00,-1.00,-1.00,-1.00,0.2831,1.4,0.72,0.69,-12.93,0.50,-7.85,0.84,-10.00
30,1,-1.00,-1.00,-1.00,-1.00,0.2770,1.6,0.54,0.57,-15.13,0.36,-9.69,-0.13,-10.00
30,1,-1.00,-1.00,-1.00,-1.00,0.2184,1.7,0.66,0.57,-5.91,1.45,-24.64,0.18,-10.00
30,1,619.65,457.71,643.58,509.28,0.2032,1.7,0.65,0.74,-6.33,0.61,43.46,3.09,-10.00
30,1,-1.00,-1.00,-1.00,-1.00,0.1927,1.8,0.66,0.70,-28.79,0.76,-30.04,1.93,-10.00
30,1,-1.00,-1.00,-1.00,-1.00,0.1834,1.8,0.66,0.66,-34.00,0.58,-40.80,-0.54,-10.00
30,1,-1.00,-1.00,-1.00,-1.00,0.1729,1.3,0.66,0.59,-13.41,0.48,-10.44,3.02,-10.00
30,1,-1.00,-1.00,-1.00,-1.00,0.1687,1.5,0.67,0.70,-13.79,0.51,-13.00,-3.00,-10.00
30,1,-1.00,-1.00,-1.00,-1.00,0.1686,1.8,0.66,0.64,-34.28,0.59,-40.46,-0.69,-10.00
30,1,1472.61,525.07,1539.39,607.22,0.1551,1.3,0.67,0.70,11.04,1.83,20.29,0.01,-10.00
30,1,-1.00,-1.00,-1.00,-1.00,0.1469,1.5,0.59,0.50,-20.24,0.14,-10.48,2.31,-10.00
30,1,-1.00,-1.00,-1.00,-1.00,0.1418,1.4,0.71,0.73,-17.76,0.53,-24.82,2.97,-10.00
30,1,-1.00,-1.00,-1.00,-1.00,0.1246,1.5,0.59,0.60,-15.90,0.59,-10.49,2.95,-10.00
30,1,-1.00,-1.00,-1.00,-1.00,0.1237,1.8,0.64,0.57,-19.40,-0.03,-9.40,-2.94,-10.00
30,1,-1.00,-1.00,-1.00,-1.00,0.1108,1.5,0.60,0.59,-16.15,0.57,-10.16,0.19,-10.00
30,1,-1.00,-1.00,-1.00,-1.00,0.1079,1.4,0.68,0.64,-12.92,0.62,-12.10,-3.12,-10.00
30,1,-1.00,-1.00,-1.00,-1.00,0.1048,1.7,0.61,0.65,-17.87,0.59,-12.14,1.51,-10.00
30,1,-1.00,-1.00,-1.00,-1.00,0.1042,1.5,0.63,0.65,-17.13,1.53,-46.12,1.32,-10.00
31,1,-1.00,-1.00,-1.00,-1.00,0.3728,1.3,0.70,0.62,-13.87,0.44,-11.41,0.53,-10.00
31,1,-1.00,-1.00,-1.00,-1.00,0.3542,1.3,0.71,0.72,-14.33,0.51,-12.96,-3.13,-10.00
31,1,-1.00,-1.00,-1.00,-1.00,0.3465,1.3,0.69,0.67,-12.95,0.51,-11.29,-2.62,-10.00
31,1,-1.00,-1.00,-1.00,-1.00,0.3377,1.3,0.63,0.61,-14.95,0.54,-12.15,0.31,-10.00
31,1,583.36,450.01,615.62,506.61,0.3076,1.8,0.70,0.74,-6.91,0.48,40.38,-2.78,-10.00
31,1,-1.00,-1.00,-1.00,-1.00,0.2881,1.4,0.69,0.70,-17.61,0.62,-28.07,-2.70,-10.00
31,1,-1.00,-1.00,-1.00,-1.00,0.2860,1.3,0.74,0.72,-14.69,0.51,-14.97,-0.32,-10.00
31,1,-1.00,-1.00,-1.00,-1.00,0.2763,1.5,0.65,0.67,-14.28,0.68,-15.81,-0.09,-10.00
31,1,-1.00,-1.00,-1.00,-1.00,0.1661,1.2,0.68,0.59,-13.75,0.43,-12.18,0.14,-10.00
31,1,-1.00,-1.00,-1.00,-1.00,0.1449,1.3,0.63,0.69,-16.32,0.48,-12.84,-0.21,-10.00
31,1,-1.00,-1.00,-1.00,-1.00,0.1389,1.8,0.64,0.52,-5.19,1.18,-24.08,0.18,-10.00
31,1,-1.00,-1.00,-1.00,-1.00,0.1188,1.5,0.64,0.72,-14.98,0.58,-15.67,0.23,-10.00
31,1,-1.00,-1.00,-1.00,-1.00,0.1167,1.5,0.65,0.67,-18.64,0.29,-13.69,-1.66,-10.00
31,1,-1.00,-1.00,-1.00,-1.00,0.1136,1.7,0.60,0.60,-15.78,0.65,-13.70,-2.67,-10.00
31,1,-1.00,-1.00,-1.00,-1.00,0.1129,1.6,0.58,0.52,-15.43,0.42,-10.59,-0.34,-10.00
31,1,-1.00,-1.00,-1.00,-1.00,0.1126,1.6,0.57,0.58,-16.35,0.53,-14.07,-3.12,-10.00
31,1,-1.00,-1.00,-1.00,-1.00,0.1088,1.5,0.58,0.57,-20.19,0.55,-14.02,-2.36,-10.00
31,1,-1.00,-1.00,-1.00,-1.00,0.1011,1.2,0.73,0.66,-13.80,0.56,-13.98,0.20,-10.00
32,1,-1.00,-1.00,-1.00,-1.00,0.4779,1.4,0.66,0.60,-14.25,0.60,-16.18,-3.12,-10.00
32,1,-1.00,-1.00,-1.00,-1.00,0.4334,1.5,0.63,0.54,-15.01,0.57,-15.40,0.27,-10.00
32,1,-1.00,-1.00,-1.00,-1.00,0.4057,1.5,0.72,0.62,-13.92,0.60,-14.80,0.21,-10.00
32,1,-1.00,-1.00,-1.00,-1.00,0.3617,1.5,0.70,0.71,-12.93,0.56,-14.52,-2.99,-10.00
32,1,-1.00,-1.00,-1.00,-1.00,0.3321,1.8,0.67,0.61,-16.30,0.65,-16.20,1.54,-10.00
32,1,-1.00,-1.00,-1.00,-1.00,0.2656,1.8,0.64,0.65,-13.51,0.72,-12.97,1.17,-10.00
32,1,-1.00,-1.00,-1.00,-1.00,0.2550,1.5,0.68,0.58,-12.71,0.59,-12.44,-3.02,-10.00
32,1,542.89,449.61,577.17,510.33,0.2459,1.8,0.67,0.76,-7.56,0.55,37.39,-2.91,-10.00
32,1,-1.00,-1.00,-1.00,-1.00,0.2410,1.4,0.66,0.65,-16.21,0.63,-22.11,-3.01,-10.00
32,1,-1.00,-1.00,-1.00,-1.00,0.2336,1.7,0.62,0.59,-16.60,0.56,-17.37,1.69,-10.00
32,1,-1.00,-1.00,-1.00,-1.00,0.2151,1.8,0.66,0.64,-16.99,0.57,-14.48,1.59,-10.00
32,1,-1.00,-1.00,-1.00,-1.00,0.1710,1.5,0.69,0.63,-15.04,0.57,-18.49,-0.00,-10.00
32,1,-1.00,-1.00,-1.00,-1.00,0.1684,1.6,0.65,0.56,-12.70,0.55,-11.66,0.16,-10.00
32,1,-1.00,-1.00,-1.00,-1.00,0.1658,1.7,0.60,0.53,-13.51,0.66,-11.62,0.42,-10.00
32,1,-1.00,-1.00,-1.00,-1.00,0.1626,1.4,0.71,0.81,-17.53,0.63,-31.34,-0.06,-10.00
32,1,568.77,447.24,591.18,497.21,0.1513,1.7,0.67,0.72,-8.42,0.20,45.10,2.89,-10.00
32,1,-1.00,-1.00,-1.00,-1.00,0.1505,1.6,0.64,0.55,-13.80,0.52,-15.69,-2.86,-10.00
32,1,-1.00,-1.00,-1.00,-1.00,0.1458,1.6,0.62,0.61,-14.55,0.63,-19.25,-0.00,-10.00
32,1,-1.00,-1.00,-1.00,-1.00,0.1260,1.4,0.58,0.60,-21.35,0.36,-19.72,0.05,-10.00
32,1,-1.00,-1.00,-1.00,-1.00,0.1187,1.5,0.70,0.66,-15.97,0.63,-21.76,3.11,-10.00
32,1,-1.00,-1.00,-1.00,-1.00,0.1180,1.7,0.67,0.64,-16.34,0.60,-17.65,-1.42,-10.00
32,1,-1.00,-1.00,-1.00,-1.00,0.1109,1.6,0.67,0.61,-12.74,0.68,-15.44,3.07,-10.00
32,1,-1.00,-1.00,-1.00,-1.00,0.1095,1.6,0.57,0.51,-13.47,0.63,-12.11,0.38,-10.00
32,1,534.23,443.69,564.59,496.90,0.1073,1.8,0.71,0.75,-9.16,0.18,43.50,0.32,-10.00
32,1,-1.00,-1.00,-1.00,-1.00,0.1063,1.4,0.67,0.62,-13.79,0.70,-17.02,0.25,-10.00
32,1,-1.00,-1.00,-1.00,-1.00,0.1036,1.6,0.76,0.81,-4.70,0.91,-27.43,1.55,-10.00
33,1,-1.00,-1.00,-1.00,-1.00,0.5650,1.6,0.70,0.60,-13.83,0.54,-18.09,0.12,-10.00
33,1,498.46,437.71,534.75,504.09,0.3129,1.8,0.66,0.73,-8.08,0.33,34.17,-2.97,-10.00
33,1,-1.00,-1.00,-1.00,-1.00,0.2749,1.6,0.68,0.60,-14.99,0.62,-18.80,0.24,-10.00
33,1,-1.00,-1.00,-1.00,-1.00,0.2677,1.6,0.75,0.73,-13.00,0.54,-18.02,-2.39,-10.00
33,1,-1.00,-1.00,-1.00,-1.00,0.2321,1.6,0.64,0.58,-16.26,0.68,-19.65,0.02,-10.00
33,1,-1.00,-1.00,-1.00,-1.00,0.2187,1.7,0.62,0.54,-14.32,0.72,-19.43,2.90,-10.00
33,1,-1.00,-1.00,-1.00,-1.00,0.1958,1.6,0.71,0.65,-14.73,0.63,-21.66,0.08,-10.00
33,1,-1.00,-1.00,-1.00,-1.00,0.1498,1.5,0.70,0.70,-12.75,0.66,-18.96,2.92,-10.00
33,1,-1.00,-1.00,-1.00,-1.00,0.1418,1.3,0.57,0.63,-13.44,0.53,-14.89,-2.53,-10.00
33,1,-1.00,-1.00,-1.00,-1.00,0.1315,1.7,0.69,0.69,-17.56,0.88,-34.83,2.07,-10.00
33,1,-1.00,-1.00,-1.00,-1.00,0.1177,1.7,0.65,0.63,-5.95,1.09,-34.56,-3.01,-10.00
33,1,-1.00,-1.00,-1.00,-1.00,0.1177,1.6,0.62,0.54,-16.31,0.60,-20.51,3.13,-10.00
33,1,-1.00,-1.00,-1.00,-1.00,0.1136,1.6,0.68,0.77,-16.20,0.92,-25.36,0.06,-10.00
33,1,-1.00,-1.00,-1.00,-1.00,0.1122,1.6,0.60,0.58,-14.22,0.81,-22.52,1.43,-10.00
33,1,1240.52,508.18,1283.53,545.41,0.1021,0.89,0.80,0.65,10.78,1.29,30.65,2.91,-10.00
33,1,-1.00,-1.00,-1.00,-1.00,0.1002,1.7,0.62,0.55,-15.89,0.65,-20.13,0.03,-10.00
34,1,446.04,434.84,487.82,508.72,0.3938,1.8,0.69,0.68,-8.56,0.42,31.03,-2.68,-10.00
34,1,-1.00,-1.00,-1.00,-1.00,0.2131,1.6,0.61,0.58,-13.92,0.63,-21.27,-2.66,-10.00
34,1,-1.00,-1.00,-1.00,-1.00,0.1864,1.6,0.60,0.58,-14.78,0.62,-22.14,0.10,-10.00
34,1,-1.00,-1.00,-1.00,-1.00,0.1228,1.5,0.57,0.57,-16.29,0.66,-22.82,2.91,-10.00
34,1,-1.00,-1.00,-1.00,-1.00,0.1098,1.8,0.65,0.62,-17.86,0.40,-38.99,-0.14,-10.00
34,1,-1.00,-1.00,-1.00,-1.00,0.1026,1.8,0.67,0.64,-17.52,0.64,-38.05,-0.11,-10.00
35,1,-1.00,-1.00,-1.00,-1.00,0.4027,1.4,0.69,0.60,-13.84,0.72,-24.59,0.15,-10.00
35,1,-1.00,-1.00,-1.00,-1.00,0.2728,1.6,0.66,0.59,-12.96,0.86,-24.51,-1.85,-10.00
35,1,380.20,428.18,434.46,512.00,0.2613,1.8,0.76,0.83,-9.03,0.45,27.97,-2.83,-10.00
35,1,1405.95,536.62,1474.81,596.65,0.2336,0.96,0.81,0.75,10.34,1.71,21.00,0.02,-10.00
35,1,-1.00,-1.00,-1.00,-1.00,0.1871,1.8,0.58,0.50,-14.98,0.87,-25.27,0.34,-10.00
35,1,-1.00,-1.00,-1.00,-1.00,0.1723,1.5,0.63,0.59,-14.21,0.74,-25.77,-2.60,-10.00
35,1,-1.00,-1.00,-1.00,-1.00,0.1499,1.6,0.61,0.58,-4.82,0.86,-37.04,-2.96,-10.00
35,1,-1.00,-1.00,-1.00,-1.00,0.1273,1.8,0.60,0.73,-13.42,-0.15,13.48,1.66,-10.00
35,1,736.25,474.00,759.65,517.49,0.1159,1.5,0.75,0.75,-2.43,0.92,45.05,-3.10,-10.00
35,1,83.90,428.71,122.38,494.68,0.1057,1.8,0.58,0.66,-19.27,0.08,34.23,-2.90,-10.00
35,1,-1.00,-1.00,-1.00,-1.00,0.1001,1.6,0.60,0.62,-5.91,0.99,-37.32,-3.07,-10.00
36,1,315.18,418.16,362.84,512.41,0.3551,1.8,0.70,0.67,-9.45,0.41,25.06,-2.21,-10.00
36,1,-1.00,-1.00,-1.00,-1.00,0.2519,1.7,0.80,0.65,-12.79,0.87,-27.71,-2.61,-10.00
36,1,193.64,431.84,248.46,522.94,0.2418,1.6,0.66,0.64,-10.60,0.56,22.57,0.00,-10.00
36,1,-1.00,-1.00,-1.00,-1.00,0.1640,1.7,0.65,0.62,-14.35,0.84,-32.06,-2.47,-10.00
36,1,-1.00,-1.00,-1.00,-1.00,0.1446,1.7,0.54,0.48,-13.83,0.91,-27.78,0.30,-10.00
36,1,-1.00,-1.00,-1.00,-1.00,0.1308,1.4,0.75,0.75,-13.55,0.65,-30.14,0.02,-10.00
36,1,295.68,454.97,342.88,522.74,0.1267,1.4,0.65,0.75,-10.60,0.66,27.02,-0.05,-10.00
37,1,224.81,412.58,293.63,516.12,0.5185,1.8,0.72,0.81,-9.78,0.43,22.25,-2.76,-10.00
37,1,-1.00,-1.00,-1.00,-1.00,0.1952,1.7,0.62,0.60,-14.42,0.78,-35.26,-2.88,-10.00
37,1,77.72,414.99,124.02,504.55,0.1471,1.8,0.58,0.55,-14.60,0.26,25.85,0.22,-10.00
37,1,228.52,452.96,280.49,542.19,0.1430,1.7,0.59,0.64,-10.58,0.94,23.85,0.29,-10.00
37,1,-1.00,-1.00,-1.00,-1.00,0.1323,1.3,0.62,0.69,-13.58,0.68,-33.31,0.06,-10.00
37,1,-1.00,-1.00,-1.00,-1.00,0.1274,1.5,0.65,0.74,-13.58,0.82,-33.78,-3.06,-10.00
37,1,-1.00,-1.00,-1.00,-1.00,0.1172,1.7,0.63,0.67,-13.96,0.69,-36.07,-3.09,-10.00
37,1,-1.00,-1.00,-1.00,-1.00,0.1066,1.7,0.75,0.74,-13.08,0.68,-30.87,-1.33,-10.00
38,1,119.45,403.18,191.77,523.89,0.3090,1.8,0.69,0.71,-9.99,0.49,19.18,3.14,-10.00
38,1,-1.00,-1.00,-1.00,-1.00,0.1447,1.8,0.70,0.63,-13.14,0.99,-33.78,0.52,-10.00
38,1,-1.00,-1.00,-1.00,-1.00,0.1395,1.6,0.74,0.66,-5.25,0.99,-46.55,0.15,-10.00
38,1,-1.00,-1.00,-1.00,-1.00,0.1204,1.7,0.62,0.62,-14.22,0.95,-38.99,0.23,-10.00
38,1,-1.00,-1.00,-1.00,-1.00,0.1131,1.7,0.70,0.70,-10.59,0.68,9.47,-1.93,-10.00
39,1,0.00,383.49,77.52,529.93,0.4212,1.8,0.72,0.66,-10.03,0.48,16.21,0.15,-10.00
39,1,-1.00,-1.00,-1.00,-1.00,0.1503,1.2,0.59,0.66,-11.11,0.68,-1.82,-1.90,-10.00
39,1,-1.00,-1.00,-1.00,-1.00,0.1451,1.7,0.71,0.73,-4.73,1.68,-47.88,-3.11,-10.00
39,1,-1.00,-1.00,-1.00,-1.00,0.1441,1.7,0.76,0.66,-3.63,1.61,-47.27,-2.98,-10.00
39,1,-1.00,-1.00,-1.00,-1.00,0.1429,1.6,0.61,0.57,-14.52,-0.30,19.79,0.21,-10.00
39,1,1289.95,507.48,1342.51,548.08,0.1314,0.86,0.78,0.75,10.79,1.21,27.35,2.93,-10.00
39,1,-1.00,-1.00,-1.00,-1.00,0.1131,1.8,0.74,0.67,-3.98,1.47,-47.01,-0.11,-10.00
39,1,-1.00,-1.00,-1.00,-1.00,0.1043,1.7,0.59,0.58,-26.03,-2.61,26.03,1.78,-10.00
