0,6,-1.00,-1.00,-1.00,-1.00,0.2068,4.1,2.96,14.92,20.73,1.32,16.55,0.10,-10.00
0,6,1237.04,476.24,1531.34,638.58,0.1778,4.1,2.91,15.71,16.91,3.83,39.77,-1.52,-10.00
0,6,1296.76,479.79,1474.41,597.30,0.1565,2.1,2.21,4.20,11.23,1.96,25.33,-1.42,-10.00
0,6,-1.00,-1.00,-1.00,-1.00,0.1482,4.1,3.09,15.81,-18.55,-0.04,-24.55,1.81,-10.00
0,6,-1.00,-1.00,-1.00,-1.00,0.1229,2.7,2.34,5.09,-11.28,0.66,-3.63,-2.97,-10.00
0,6,560.38,346.14,714.77,518.28,0.1181,4.1,3.09,14.75,-4.88,0.77,37.78,1.53,-10.00
0,6,1596.61,266.68,1600.00,535.07,0.1105,4.2,2.98,15.34,21.86,0.66,21.44,-3.13,-10.00
1,6,-1.00,-1.00,-1.00,-1.00,0.2956,2.4,2.69,6.38,-11.34,0.43,-8.42,-3.07,-10.00
1,6,333.50,359.92,510.96,501.33,0.1847,3.9,2.70,9.62,-12.39,0.26,40.92,1.57,-10.00
1,6,1387.31,493.85,1600.00,674.72,0.1704,2.6,2.39,4.69,11.55,2.72,21.02,-1.47,-10.00
1,6,-1.00,-1.00,-1.00,-1.00,0.1678,4.2,2.96,13.22,38.97,-0.21,-24.83,-0.04,-10.00
1,6,375.39,345.88,905.11,497.94,0.1556,4.2,3.07,15.60,-5.22,0.11,39.27,-0.15,-10.00
1,6,-1.00,-1.00,-1.00,-1.00,0.1111,4.1,2.99,13.10,36.93,1.64,24.04,2.43,-10.00
1,6,1310.49,368.11,1600.00,722.43,0.1104,4.2,3.03,15.28,15.23,2.76,17.63,-3.02,-10.00
1,6,1463.79,438.95,1600.00,638.99,0.1095,4.1,2.97,15.38,22.99,3.06,28.27,-3.11,-10.00
1,6,-1.00,-1.00,-1.00,-1.00,0.1063,4.1,3.12,14.65,18.67,2.88,-50.82,-1.79,-10.00
1,6,-1.00,-1.00,-1.00,-1.00,0.1051,3.5,2.52,2.96,41.44,2.69,-9.10,-0.14,-10.00
1,6,-1.00,-1.00,-1.00,-1.00,0.1018,4.1,3.08,15.71,29.37,1.89,-41.04,-0.15,-10.00
2,6,1507.76,483.68,1600.00,712.03,0.3165,2.5,2.12,4.39,10.97,2.46,16.22,-1.48,-10.00
2,6,-1.00,-1.00,-1.00,-1.00,0.2843,2.7,2.75,7.08,-9.98,2.64,-33.38,3.13,-10.00
2,6,-1.00,-1.00,-1.00,-1.00,0.2511,4.0,2.87,12.98,50.69,3.43,-7.53,2.95,-10.00
2,6,-1.00,-1.00,-1.00,-1.00,0.1933,2.5,2.31,4.70,-11.06,0.25,-12.87,-3.01,-10.00
2,6,1380.67,499.02,1600.00,680.66,0.1806,3.3,2.85,14.13,18.39,3.58,30.23,1.52,-10.00
2,6,-1.00,-1.00,-1.00,-1.00,0.1636,4.3,2.88,15.79,34.57,-0.58,-30.94,-1.72,-10.00
2,6,1396.60,526.25,1558.27,629.44,0.1517,2.6,1.88,4.01,18.00,3.59,34.71,1.40,-10.00
2,6,1383.61,521.55,1530.22,642.64,0.1321,3.0,1.38,4.16,17.08,3.84,33.99,1.43,-10.00
2,6,1428.17,489.60,1600.00,661.74,0.1247,4.0,3.06,14.47,23.27,4.05,31.73,3.12,-10.00
2,6,-1.00,-1.00,-1.00,-1.00,0.1112,3.1,1.97,4.46,48.97,1.19,14.40,-0.04,-10.00
2,6,1562.52,396.45,1600.00,647.44,0.1099,4.1,3.00,15.33,22.72,2.56,23.45,-3.00,-10.00
2,6,282.51,338.74,912.18,508.13,0.1085,4.2,3.04,16.20,-5.66,0.39,34.52,-0.08,-10.00
2,6,1576.87,456.61,1600.00,786.10,0.1081,3.2,2.71,9.40,14.05,2.90,14.09,0.05,-10.00
3,6,-1.00,-1.00,-1.00,-1.00,0.3555,2.4,2.70,6.41,-11.52,0.56,-17.54,0.04,-10.00
3,6,-1.00,-1.00,-1.00,-1.00,0.2228,3.4,2.54,2.61,44.45,0.30,10.51,-0.08,-10.00
3,6,220.84,326.37,422.06,486.35,0.1800,4.0,2.64,11.10,-14.87,-0.29,39.21,1.49,-10.00
3,6,-1.00,-1.00,-1.00,-1.00,0.1771,3.0,1.89,4.05,48.95,0.96,10.01,-0.10,-10.00
3,6,1353.58,544.57,1481.18,639.13,0.1615,2.6,2.13,2.74,17.90,4.25,37.81,1.25,-10.00
3,6,-1.00,-1.00,-1.00,-1.00,0.1586,2.9,2.98,15.05,27.28,1.76,6.64,0.07,-10.00
3,6,279.42,324.76,509.34,483.09,0.1194,4.0,2.76,12.68,-13.18,-0.44,41.30,1.61,-10.00
3,6,45.17,353.91,447.13,487.30,0.1163,3.6,2.80,10.44,-16.39,-0.19,36.86,0.03,-10.00
3,6,1058.07,497.78,1504.30,627.37,0.1122,4.0,3.11,14.81,15.72,4.35,42.75,2.92,-10.00
3,6,-1.00,-1.00,-1.00,-1.00,0.1061,3.9,2.98,14.90,34.84,4.78,39.42,-3.12,-10.00
3,6,-1.00,-1.00,-1.00,-1.00,0.1033,4.2,2.95,15.86,33.04,1.86,10.23,1.61,-10.00
4,6,-1.00,-1.00,-1.00,-1.00,0.2435,4.1,3.05,12.65,50.83,2.79,-16.42,2.92,-10.00
4,6,-1.00,-1.00,-1.00,-1.00,0.2025,4.5,3.23,14.89,33.37,1.37,-2.09,3.03,-10.00
4,6,-1.00,-1.00,-1.00,-1.00,0.1915,1.5,1.20,2.09,10.81,2.75,-12.28,-1.62,-10.00
4,6,-1.00,-1.00,-1.00,-1.00,0.1787,4.0,2.98,14.35,-19.98,0.68,-20.47,-2.96,-10.00
4,6,-1.00,-1.00,-1.00,-1.00,0.1700,2.8,2.69,6.33,-11.54,0.35,-22.03,-3.09,-10.00
4,6,1064.46,496.33,1600.00,638.11,0.1476,3.1,3.01,14.01,13.22,3.31,30.17,3.13,-10.00
4,6,-1.00,-1.00,-1.00,-1.00,0.1242,1.5,1.02,1.95,10.44,2.67,-11.00,-1.62,-10.00
4,6,-1.00,-1.00,-1.00,-1.00,0.1026,4.0,2.94,13.10,38.58,-1.15,-37.41,3.00,-10.00
4,6,-1.00,-1.00,-1.00,-1.00,0.1013,4.3,3.17,15.24,32.57,1.19,0.21,-2.99,-10.00
4,6,-1.00,-1.00,-1.00,-1.00,0.1001,4.1,2.92,12.74,-19.83,0.58,15.37,2.82,-10.00
5,6,-1.00,-1.00,-1.00,-1.00,0.1518,3.2,2.91,12.94,37.64,2.66,18.39,-2.99,-10.00
5,6,-1.00,-1.00,-1.00,-1.00,0.1097,4.0,3.04,15.07,24.81,1.86,-50.77,-1.72,-10.00
5,6,-1.00,-1.00,-1.00,-1.00,0.1066,4.2,2.98,16.66,21.25,2.33,-46.33,-1.61,-10.00
5,6,653.97,387.74,721.18,486.69,0.1060,3.1,2.14,3.64,-4.34,-0.21,42.76,1.47,-10.00
6,6,-1.00,-1.00,-1.00,-1.00,0.1817,4.2,3.00,13.77,38.68,-1.08,-47.78,2.94,-10.00
6,6,-1.00,-1.00,-1.00,-1.00,0.1638,4.1,2.93,15.28,-17.52,0.98,-35.09,1.82,-10.00
6,6,-1.00,-1.00,-1.00,-1.00,0.1395,3.0,2.88,14.80,6.37,2.82,-43.42,-1.58,-10.00
7,6,594.14,346.35,1123.55,494.91,0.1652,4.2,3.04,15.86,1.29,0.02,39.36,-0.06,-10.00
8,6,-1.00,-1.00,-1.00,-1.00,0.1177,2.9,2.74,14.47,6.69,2.43,-36.83,-1.52,-10.00
9,6,-1.00,-1.00,-1.00,-1.00,0.1673,4.0,3.14,15.11,-14.71,-0.39,-34.74,1.53,-10.00
9,6,-1.00,-1.00,-1.00,-1.00,0.1378,2.6,2.30,2.49,44.39,-0.66,-18.34,0.84,-10.00
9,6,-1.00,-1.00,-1.00,-1.00,0.1352,3.8,2.58,7.63,25.60,1.07,9.73,2.85,-10.00
9,6,-1.00,-1.00,-1.00,-1.00,0.1269,4.3,2.87,17.48,31.43,3.53,18.97,1.66,-10.00
9,6,-1.00,-1.00,-1.00,-1.00,0.1142,2.7,2.18,4.72,12.29,1.82,13.56,1.32,-10.00
10,6,-1.00,-1.00,-1.00,-1.00,0.2141,3.5,2.49,2.56,44.65,-0.18,-22.94,0.07,-10.00
10,6,1504.88,390.01,1600.00,506.26,0.2123,4.1,2.96,14.23,34.00,0.52,50.12,2.82,-10.00
10,6,0.00,40.57,364.33,532.49,0.1942,4.1,2.89,12.78,-11.55,0.36,12.80,3.02,-10.00
10,6,-1.00,-1.00,-1.00,-1.00,0.1842,3.3,2.27,4.39,27.35,1.49,6.23,-0.34,-10.00
10,6,-1.00,-1.00,-1.00,-1.00,0.1592,4.0,2.83,12.74,25.54,2.35,-21.67,-2.74,-10.00
10,6,1479.60,381.03,1600.00,501.89,0.1083,4.1,2.95,13.99,31.39,0.34,51.41,1.68,-10.00
10,6,408.92,272.90,660.74,516.25,0.1072,4.1,3.04,15.13,-5.74,0.55,29.25,1.53,-10.00
10,6,1193.10,506.97,1600.00,642.80,0.1066,4.0,2.99,14.26,20.08,4.59,42.15,-2.78,-10.00
10,6,1168.01,502.13,1600.00,623.63,0.1060,4.0,3.03,14.08,19.86,4.44,44.58,-3.09,-10.00
10,6,297.55,260.08,519.48,506.43,0.1052,4.3,3.13,15.34,-9.05,0.30,30.24,1.38,-10.00
10,6,-1.00,-1.00,-1.00,-1.00,0.1051,2.5,2.68,9.35,5.05,2.40,-47.18,-1.64,-10.00
11,6,955.01,395.74,1600.00,599.64,0.2646,4.2,3.05,16.30,11.44,2.30,28.22,3.04,-10.00
11,6,-1.00,-1.00,-1.00,-1.00,0.1584,4.3,2.81,17.19,16.52,1.97,9.50,1.46,-10.00
11,6,858.99,470.74,1315.15,599.80,0.1286,3.9,3.12,13.99,8.53,3.35,40.50,-0.12,-10.00
11,6,0.00,0.00,110.73,599.73,0.1237,4.0,2.86,14.53,-12.73,0.58,7.91,3.04,-10.00
11,6,-1.00,-1.00,-1.00,-1.00,0.1231,3.6,2.90,15.19,15.98,1.19,5.80,2.93,-10.00
11,6,353.43,324.35,603.90,513.50,0.1171,4.2,3.08,16.17,-8.85,0.61,36.22,-1.59,-10.00
12,6,-1.00,-1.00,-1.00,-1.00,0.1296,3.5,2.87,14.83,4.66,2.50,-45.09,-1.51,-10.00
12,6,1160.41,459.50,1434.68,613.34,0.1101,4.0,2.97,12.42,14.40,3.33,39.63,-1.65,-10.00
12,6,-1.00,-1.00,-1.00,-1.00,0.1091,4.1,3.03,15.76,-24.41,1.13,1.91,-0.01,-10.00
13,6,1382.00,522.34,1600.00,666.66,0.2235,3.1,3.00,15.13,21.31,3.90,29.63,3.07,-10.00
13,6,-1.00,-1.00,-1.00,-1.00,0.1706,4.4,2.83,17.28,17.47,2.36,6.54,-1.89,-10.00
13,6,-1.00,-1.00,-1.00,-1.00,0.1155,4.1,3.03,14.29,26.49,2.70,-30.96,0.24,-10.00
13,6,-1.00,-1.00,-1.00,-1.00,0.1035,3.9,2.90,11.32,22.12,1.09,-6.94,-1.89,-10.00
13,6,-1.00,-1.00,-1.00,-1.00,0.1024,2.1,1.75,2.83,24.40,1.80,19.95,-0.32,-10.00
14,6,-1.00,-1.00,-1.00,-1.00,0.1359,2.7,2.68,7.52,-11.14,0.30,-4.34,3.10,-10.00
14,6,-1.00,-1.00,-1.00,-1.00,0.1325,4.3,2.83,16.29,18.07,2.02,-5.16,-1.91,-10.00
14,6,1203.04,279.58,1600.00,707.11,0.1257,4.2,3.03,15.93,12.75,2.18,14.57,3.04,-10.00
14,6,1557.64,481.43,1600.00,671.89,0.1222,4.0,2.99,14.71,24.78,3.83,28.39,3.12,-10.00
14,6,-1.00,-1.00,-1.00,-1.00,0.1189,4.2,2.92,15.18,-14.02,0.29,10.64,1.49,-10.00
14,6,-1.00,-1.00,-1.00,-1.00,0.1171,4.2,2.95,16.81,34.29,4.24,39.41,1.64,-10.00
14,6,-1.00,-1.00,-1.00,-1.00,0.1080,4.3,2.81,15.15,20.02,1.51,-4.94,-1.78,-10.00
14,6,1008.94,397.56,1600.00,609.15,0.1075,4.0,3.06,14.72,11.58,2.26,26.26,0.03,-10.00
14,6,-1.00,-1.00,-1.00,-1.00,0.1073,3.4,2.98,15.74,4.20,2.77,-43.47,1.65,-10.00
14,6,127.26,301.58,496.11,515.09,0.1023,5.5,4.01,17.25,-15.20,0.75,41.27,-1.50,-10.00
14,6,0.00,0.00,438.68,633.07,0.1008,4.3,3.31,16.86,-8.59,0.97,15.81,1.53,-10.00
15,6,-1.00,-1.00,-1.00,-1.00,0.1759,2.8,2.90,13.83,24.06,2.50,22.82,3.13,-10.00
15,6,-1.00,-1.00,-1.00,-1.00,0.1460,4.2,2.85,15.49,16.10,2.33,-10.15,1.40,-10.00
15,6,983.34,489.34,1600.00,638.13,0.1270,3.3,2.90,13.94,11.15,3.31,30.64,-3.07,-10.00
15,6,-1.00,-1.00,-1.00,-1.00,0.1222,3.1,2.97,6.90,7.51,3.43,-45.47,1.84,-10.00
15,6,1093.61,451.71,1242.92,559.54,0.1058,2.5,2.35,4.36,8.56,1.59,31.23,-1.60,-10.00
15,6,1213.17,443.31,1591.54,674.12,0.1046,4.2,2.53,16.53,13.27,3.47,31.38,1.62,-10.00
15,6,-1.00,-1.00,-1.00,-1.00,0.1022,2.8,1.89,3.01,-10.90,1.46,-49.24,0.95,-10.00
16,6,-1.00,-1.00,-1.00,-1.00,0.2243,3.3,3.08,15.46,15.34,1.83,-14.57,1.50,-10.00
16,6,-1.00,-1.00,-1.00,-1.00,0.1836,4.2,2.94,15.79,14.27,2.13,4.65,3.13,-10.00
16,6,307.14,384.35,540.72,521.78,0.1492,4.0,3.12,15.29,-13.25,1.03,45.05,1.60,-10.00
16,6,-1.00,-1.00,-1.00,-1.00,0.1175,4.1,2.98,15.34,25.85,1.50,20.54,3.13,-10.00
17,6,-1.00,-1.00,-1.00,-1.00,0.1956,3.0,1.90,3.31,7.01,1.26,-0.79,-1.39,-10.00
17,6,1061.52,434.26,1284.44,565.86,0.1225,4.2,3.04,15.26,12.94,2.52,48.25,1.49,-10.00
17,6,-1.00,-1.00,-1.00,-1.00,0.1107,3.4,2.95,14.34,33.13,2.79,-47.41,-0.01,-10.00
17,6,-1.00,-1.00,-1.00,-1.00,0.1034,4.2,2.94,15.93,10.25,1.93,0.18,3.13,-10.00
17,6,-1.00,-1.00,-1.00,-1.00,0.1026,2.4,2.40,4.33,10.78,2.91,-22.67,1.41,-10.00
18,6,-1.00,-1.00,-1.00,-1.00,0.1420,4.0,2.85,15.00,6.43,1.60,-11.63,-1.56,-10.00
18,6,421.17,377.30,542.72,509.19,0.1377,4.0,3.07,14.61,-12.00,0.62,46.81,1.40,-10.00
18,6,1150.27,461.38,1414.62,618.99,0.1254,4.2,3.06,16.13,14.66,3.56,42.13,1.58,-10.00
18,6,-1.00,-1.00,-1.00,-1.00,0.1124,4.3,2.84,16.80,36.45,2.63,-38.23,-1.67,-10.00
18,6,-1.00,-1.00,-1.00,-1.00,0.1121,4.2,2.66,16.64,40.69,2.26,-42.38,1.77,-10.00
19,6,-1.00,-1.00,-1.00,-1.00,0.2625,3.4,2.72,8.26,-22.07,-0.02,24.83,2.89,-10.00
19,6,1280.52,374.58,1600.00,505.51,0.1837,4.2,2.98,15.03,23.92,0.42,43.41,3.10,-10.00
19,6,-1.00,-1.00,-1.00,-1.00,0.1513,2.9,2.78,13.04,14.33,2.02,10.12,-3.03,-10.00
19,6,-1.00,-1.00,-1.00,-1.00,0.1405,4.2,3.06,16.10,15.40,3.18,-45.20,-1.49,-10.00
20,6,49.32,342.02,266.78,464.73,0.1181,3.0,2.65,7.74,-19.67,-0.98,38.50,1.55,-10.00
20,6,-1.00,-1.00,-1.00,-1.00,0.1108,4.2,3.00,15.13,19.47,1.97,2.21,0.03,-10.00
21,6,1301.80,496.87,1551.35,627.71,0.1622,4.2,3.10,15.75,22.52,4.48,48.36,-1.49,-10.00
21,6,-1.00,-1.00,-1.00,-1.00,0.1492,4.4,2.92,18.85,21.20,2.77,15.89,1.64,-10.00
21,6,-1.00,-1.00,-1.00,-1.00,0.1406,4.3,2.85,17.84,23.61,3.09,18.45,1.79,-10.00
22,6,-1.00,-1.00,-1.00,-1.00,0.1556,4.2,2.79,17.04,37.52,3.36,25.27,1.69,-10.00
22,6,-1.00,-1.00,-1.00,-1.00,0.1241,4.4,2.83,17.74,22.07,2.18,1.51,-1.45,-10.00
22,6,-1.00,-1.00,-1.00,-1.00,0.1034,3.7,2.96,13.83,17.72,-1.69,-49.42,3.12,-10.00
22,6,-1.00,-1.00,-1.00,-1.00,0.1003,2.6,2.42,5.84,-8.21,0.63,-36.99,-1.31,-10.00
24,6,933.97,360.67,1088.11,513.70,0.1475,4.2,3.02,15.98,6.09,0.73,42.75,1.59,-10.00
24,6,-1.00,-1.00,-1.00,-1.00,0.1167,3.0,2.68,13.72,0.97,2.00,-42.46,-1.47,-10.00
24,6,-1.00,-1.00,-1.00,-1.00,0.1165,4.4,2.90,17.64,26.07,1.85,-4.49,1.65,-10.00
25,6,-1.00,-1.00,-1.00,-1.00,0.2006,4.4,2.84,18.05,22.15,2.21,12.08,1.58,-10.00
25,6,-1.00,-1.00,-1.00,-1.00,0.1130,4.2,2.90,17.10,43.26,2.87,-27.51,1.65,-10.00
25,6,-1.00,-1.00,-1.00,-1.00,0.1127,4.4,2.72,18.03,45.18,2.80,0.23,-1.46,-10.00
25,6,-1.00,-1.00,-1.00,-1.00,0.1117,4.3,2.84,16.83,21.89,2.48,-21.10,1.81,-10.00
25,6,-1.00,-1.00,-1.00,-1.00,0.1034,3.8,3.01,14.94,22.12,1.74,-0.41,0.13,-10.00
25,6,-1.00,-1.00,-1.00,-1.00,0.1001,4.3,2.85,16.96,25.28,2.86,9.26,1.60,-10.00
26,6,-1.00,-1.00,-1.00,-1.00,0.1200,4.3,2.93,17.30,12.01,2.82,-33.54,1.77,-10.00
26,6,-1.00,-1.00,-1.00,-1.00,0.1062,4.4,2.68,19.17,40.02,2.59,-10.84,-1.61,-10.00
27,6,493.39,341.02,672.50,489.58,0.1759,4.0,3.06,15.23,-7.58,-0.23,44.06,1.59,-10.00
27,6,227.69,300.14,515.62,485.33,0.1494,4.3,3.26,15.76,-13.03,-0.39,39.68,1.58,-10.00
27,6,-1.00,-1.00,-1.00,-1.00,0.1321,4.1,3.00,15.63,21.26,1.13,-1.79,-3.11,-10.00
27,6,0.00,0.00,293.76,900.00,0.1129,3.9,2.90,14.11,-6.26,1.25,8.12,-1.79,-10.00
27,6,393.68,349.51,542.55,483.80,0.1128,4.1,2.91,14.15,-13.13,-0.48,49.30,1.49,-10.00
27,6,-1.00,-1.00,-1.00,-1.00,0.1102,4.2,2.77,16.34,16.41,2.45,1.62,-1.74,-10.00
28,6,-1.00,-1.00,-1.00,-1.00,0.1923,4.3,2.77,16.64,18.10,2.13,4.99,-1.75,-10.00
28,6,-1.00,-1.00,-1.00,-1.00,0.1617,4.3,2.90,16.26,19.51,1.49,-4.54,1.34,-10.00
28,6,0.00,297.47,142.52,623.59,0.1608,2.6,2.02,4.68,-8.93,1.07,11.88,-2.77,-10.00
28,6,1256.75,391.11,1514.15,547.57,0.1532,4.2,2.97,16.18,18.25,1.66,42.48,1.68,-10.00
28,6,1132.98,381.54,1600.00,524.48,0.1236,3.8,2.90,15.57,17.09,0.86,35.73,-3.02,-10.00
28,6,692.42,386.55,807.16,499.38,0.1123,3.8,2.74,11.04,-2.37,0.23,49.78,1.68,-10.00
28,6,-1.00,-1.00,-1.00,-1.00,0.1009,2.7,2.14,8.61,22.38,2.03,-12.26,-2.04,-10.00
29,6,-1.00,-1.00,-1.00,-1.00,0.1732,4.3,3.00,16.38,16.29,1.32,-14.40,0.03,-10.00
29,6,-1.00,-1.00,-1.00,-1.00,0.1401,1.5,1.28,1.97,10.73,2.68,-29.98,-1.81,-10.00
29,6,-1.00,-1.00,-1.00,-1.00,0.1175,4.2,3.06,15.80,26.70,2.97,-31.49,-3.06,-10.00
29,6,-1.00,-1.00,-1.00,-1.00,0.1061,4.2,2.86,15.08,20.95,1.84,-2.42,1.49,-10.00
29,6,-1.00,-1.00,-1.00,-1.00,0.1054,4.2,2.81,15.96,13.61,2.06,-19.99,1.43,-10.00
29,6,1408.06,435.71,1600.00,624.78,0.1029,3.9,2.91,15.78,22.38,2.77,29.05,0.15,-10.00
30,6,0.00,274.43,282.32,601.38,0.1352,2.7,2.62,6.61,-8.90,0.91,11.98,-3.05,-10.00
30,6,-1.00,-1.00,-1.00,-1.00,0.1213,4.2,3.07,14.60,9.65,2.66,-49.08,-2.95,-10.00
30,6,-1.00,-1.00,-1.00,-1.00,0.1177,4.2,2.86,15.29,18.61,2.07,1.39,3.13,-10.00
30,6,-1.00,-1.00,-1.00,-1.00,0.1168,4.2,3.01,15.37,22.36,0.24,-24.77,-1.82,-10.00
30,6,-1.00,-1.00,-1.00,-1.00,0.1138,4.2,3.08,14.46,40.04,0.08,49.43,-2.87,-10.00
30,6,-1.00,-1.00,-1.00,-1.00,0.1131,4.2,3.06,15.76,23.87,1.82,-19.86,-3.12,-10.00
30,6,-1.00,-1.00,-1.00,-1.00,0.1114,4.2,3.08,15.59,22.79,1.35,-12.19,3.03,-10.00
31,6,-1.00,-1.00,-1.00,-1.00,0.3173,2.5,2.71,6.36,-8.75,0.84,6.40,3.14,-10.00
31,6,-1.00,-1.00,-1.00,-1.00,0.1010,3.8,2.93,13.73,24.55,1.24,7.04,2.95,-10.00
32,6,-1.00,-1.00,-1.00,-1.00,0.1370,2.5,2.62,6.18,-8.46,0.99,1.35,-3.12,-10.00
33,6,-1.00,-1.00,-1.00,-1.00,0.1807,2.6,2.73,6.90,-8.76,1.12,-3.70,-3.07,-10.00
33,6,-1.00,-1.00,-1.00,-1.00,0.1713,4.1,3.04,15.66,37.09,3.35,17.02,-3.00,-10.00
33,6,-1.00,-1.00,-1.00,-1.00,0.1175,4.1,3.06,13.72,40.44,3.67,34.30,-2.80,-10.00
33,6,-1.00,-1.00,-1.00,-1.00,0.1113,2.0,1.91,3.40,-8.55,0.92,-16.77,-2.89,-10.00
33,6,-1.00,-1.00,-1.00,-1.00,0.1065,4.2,2.94,14.53,29.48,4.05,37.56,2.03,-10.00
34,6,-1.00,-1.00,-1.00,-1.00,0.1241,3.7,2.92,15.08,17.38,3.31,-36.68,-1.67,-10.00
34,6,-1.00,-1.00,-1.00,-1.00,0.1176,3.6,3.11,15.69,17.99,0.01,-12.29,1.93,-10.00
34,6,-1.00,-1.00,-1.00,-1.00,0.1092,4.3,2.97,16.62,21.28,1.97,-28.24,-1.57,-10.00
35,6,49.55,498.02,489.15,663.49,0.1713,2.4,2.33,6.04,-8.60,2.59,20.33,0.04,-10.00
35,6,1540.08,484.91,1600.00,688.06,0.1152,4.2,3.09,14.93,25.23,4.07,28.94,-2.98,-10.00
35,6,169.61,305.70,460.48,649.90,0.1069,3.4,2.91,12.80,-5.38,1.42,6.14,-1.51,-10.00
35,6,-1.00,-1.00,-1.00,-1.00,0.1031,2.7,2.57,6.42,-6.46,0.96,-14.38,3.14,-10.00
35,6,1457.75,442.27,1600.00,635.49,0.1028,4.3,2.83,17.90,23.32,3.39,37.39,-1.39,-10.00
35,6,-1.00,-1.00,-1.00,-1.00,0.1007,4.1,3.02,15.62,31.01,2.14,-32.66,-3.09,-10.00
36,6,-1.00,-1.00,-1.00,-1.00,0.3660,4.2,3.08,12.20,32.10,2.38,-38.21,2.88,-10.00
36,6,0.00,0.00,118.13,683.85,0.1812,4.0,2.89,12.95,-11.36,0.90,9.24,-2.82,-10.00
36,6,-1.00,-1.00,-1.00,-1.00,0.1653,4.1,3.04,15.71,32.16,2.94,-35.95,3.02,-10.00
36,6,-1.00,-1.00,-1.00,-1.00,0.1526,4.2,3.06,14.11,31.87,1.68,-40.96,-2.75,-10.00
36,6,-1.00,-1.00,-1.00,-1.00,0.1291,4.3,2.82,16.47,22.37,2.14,-32.34,-1.72,-10.00
37,6,-1.00,-1.00,-1.00,-1.00,0.1881,4.0,2.89,13.00,30.02,1.19,-49.10,-1.57,-10.00
37,6,-1.00,-1.00,-1.00,-1.00,0.1375,2.7,2.40,5.58,-13.17,-0.01,0.75,-2.84,-10.00
37,6,-1.00,-1.00,-1.00,-1.00,0.1335,4.0,2.63,14.42,43.54,3.82,25.32,2.03,-10.00
37,6,136.26,322.54,442.05,459.18,0.1325,3.0,2.78,7.20,-14.27,-1.05,34.77,2.34,-10.00
37,6,1315.48,459.50,1600.00,623.80,0.1253,4.3,3.20,14.12,21.68,3.47,35.35,-3.09,-10.00
37,6,1491.67,490.21,1600.00,643.18,0.1174,4.1,2.74,15.50,26.74,4.24,42.05,1.73,-10.00
37,6,-1.00,-1.00,-1.00,-1.00,0.1102,4.2,3.07,14.16,45.47,1.05,20.07,-2.98,-10.00
37,6,63.78,319.86,372.57,493.19,0.1003,4.0,3.04,14.59,-17.60,-0.03,36.25,-2.37,-10.00
38,6,-1.00,-1.00,-1.00,-1.00,0.1993,4.0,2.86,15.80,-6.56,0.42,-43.28,3.08,-10.00
38,6,1219.83,432.00,1600.00,609.85,0.1664,4.2,3.03,15.96,18.82,2.87,32.50,3.14,-10.00
38,6,1249.05,457.51,1600.00,585.26,0.1586,4.1,2.95,15.45,22.96,3.08,43.23,3.11,-10.00
38,6,1253.97,480.71,1600.00,602.96,0.1241,4.1,2.97,14.42,23.00,3.82,45.31,2.93,-10.00
38,6,-1.00,-1.00,-1.00,-1.00,0.1180,4.2,2.97,15.56,-2.42,1.99,-47.29,-1.45,-10.00
38,6,1543.67,504.52,1600.00,697.38,0.1122,4.1,2.74,15.29,22.36,4.54,34.59,1.99,-10.00
39,6,-1.00,-1.00,-1.00,-1.00,0.3332,3.9,3.01,9.67,35.10,3.39,-51.90,-2.06,-10.00
39,6,733.29,353.82,861.92,489.79,0.1050,4.1,2.96,15.07,-0.34,-0.23,48.64,1.69,-10.00
39,6,-1.00,-1.00,-1.00,-1.00,0.1004,4.1,3.03,15.02,-1.99,1.32,-48.53,3.09,-10.00
