0,6,-1.00,-1.00,-1.00,-1.00,0.3046,4.2,3.14,13.56,44.75,0.23,24.08,3.09,-10.00
0,6,-1.00,-1.00,-1.00,-1.00,0.1760,4.0,2.92,14.88,37.44,1.84,-28.24,0.00,-10.00
0,6,-1.00,-1.00,-1.00,-1.00,0.1711,4.2,2.95,13.83,37.75,0.92,-16.32,-3.12,-10.00
0,6,-1.00,-1.00,-1.00,-1.00,0.1576,4.2,2.81,17.07,17.77,0.90,-38.75,-1.58,-10.00
0,6,-1.00,-1.00,-1.00,-1.00,0.1467,3.1,3.01,15.04,30.96,0.66,23.76,-0.03,-10.00
0,6,-1.00,-1.00,-1.00,-1.00,0.1160,4.2,3.01,14.72,33.52,0.90,-1.51,-3.09,-10.00
0,6,-1.00,-1.00,-1.00,-1.00,0.1128,4.2,2.89,15.86,-11.21,1.40,-1.07,-1.55,-10.00
0,6,-1.00,-1.00,-1.00,-1.00,0.1123,4.1,3.09,14.24,47.28,2.18,-28.54,-3.09,-10.00
0,6,-1.00,-1.00,-1.00,-1.00,0.1121,3.0,2.46,7.79,22.53,0.84,23.46,-0.03,-10.00
0,6,-1.00,-1.00,-1.00,-1.00,0.1067,3.7,3.20,15.51,-11.10,2.44,-23.75,1.57,-10.00
0,6,-1.00,-1.00,-1.00,-1.00,0.1033,4.1,3.12,15.32,26.31,0.02,-49.76,-1.62,-10.00
0,6,-1.00,-1.00,-1.00,-1.00,0.1023,3.7,2.97,11.89,15.02,2.64,-51.21,-1.55,-10.00
1,6,-1.00,-1.00,-1.00,-1.00,0.2469,4.1,2.85,14.57,15.65,0.48,-38.24,-1.75,-10.00
1,6,-1.00,-1.00,-1.00,-1.00,0.1578,4.2,3.04,15.77,20.36,-0.09,-33.38,-3.14,-10.00
1,6,-1.00,-1.00,-1.00,-1.00,0.1368,4.2,3.27,16.49,30.22,0.34,-36.79,-1.49,-10.00
1,6,-1.00,-1.00,-1.00,-1.00,0.1323,4.2,3.53,15.57,25.72,1.02,2.90,1.62,-10.00
1,6,-1.00,-1.00,-1.00,-1.00,0.1296,3.5,3.03,12.59,-12.27,2.51,-49.87,-1.48,-10.00
1,6,-1.00,-1.00,-1.00,-1.00,0.1097,3.5,2.99,12.74,27.61,-0.81,-51.16,-3.10,-10.00
1,6,-1.00,-1.00,-1.00,-1.00,0.1035,4.1,3.01,14.36,35.57,0.99,19.80,-3.09,-10.00
2,6,-1.00,-1.00,-1.00,-1.00,0.1928,4.1,2.98,13.47,-11.07,2.45,-53.91,1.56,-10.00
2,6,0.00,470.90,278.02,591.87,0.1601,3.7,2.93,15.58,-26.13,3.16,41.56,3.13,-10.00
2,6,-1.00,-1.00,-1.00,-1.00,0.1525,4.2,3.10,13.09,-8.01,2.36,-49.02,-3.14,-10.00
2,6,-1.00,-1.00,-1.00,-1.00,0.1233,3.4,2.98,15.28,28.80,1.85,16.05,-0.03,-10.00
2,6,-1.00,-1.00,-1.00,-1.00,0.1069,4.2,3.00,15.83,17.57,1.74,-20.27,-3.09,-10.00
3,6,-1.00,-1.00,-1.00,-1.00,0.2479,4.2,3.13,14.78,34.25,2.03,-5.08,1.53,-10.00
3,6,-1.00,-1.00,-1.00,-1.00,0.1684,3.1,2.78,6.62,34.30,1.46,1.72,1.53,-10.00
3,6,-1.00,-1.00,-1.00,-1.00,0.1317,1.3,2.03,5.89,-9.61,2.24,-47.01,-1.54,-10.00
3,6,-1.00,-1.00,-1.00,-1.00,0.1127,4.2,3.00,14.16,35.67,2.06,12.57,-3.12,-10.00
3,6,-1.00,-1.00,-1.00,-1.00,0.1070,4.0,2.86,14.22,-18.80,1.98,17.18,-2.58,-10.00
3,6,-1.00,-1.00,-1.00,-1.00,0.1029,2.8,2.23,3.18,14.78,1.82,-40.34,1.52,-10.00
4,6,1206.76,394.08,1600.00,510.62,0.1706,4.2,3.10,14.97,22.88,0.67,48.33,-3.12,-10.00
4,6,1305.68,323.21,1600.00,561.10,0.1500,4.2,3.07,16.76,16.46,1.39,31.01,1.61,-10.00
4,6,1230.32,390.19,1432.35,509.79,0.1267,4.2,3.16,14.03,20.88,0.72,52.72,-1.54,-10.00
4,6,-1.00,-1.00,-1.00,-1.00,0.1162,2.9,3.18,16.30,-6.25,1.32,-16.10,1.59,-10.00
5,6,1230.01,385.69,1600.00,514.08,0.1461,4.2,3.05,16.21,23.02,0.73,44.17,3.13,-10.00
5,6,967.98,406.05,1428.49,531.61,0.1149,4.2,3.08,15.30,13.19,1.34,44.81,-3.10,-10.00
5,6,-1.00,-1.00,-1.00,-1.00,0.1007,3.5,2.95,14.83,37.24,1.58,2.94,-0.00,-10.00
6,6,-1.00,-1.00,-1.00,-1.00,0.1362,4.2,2.90,15.49,17.04,2.21,-47.84,1.58,-10.00
6,6,-1.00,-1.00,-1.00,-1.00,0.1295,4.0,3.05,15.54,21.51,2.65,-44.57,-3.04,-10.00
6,6,-1.00,-1.00,-1.00,-1.00,0.1157,4.1,3.02,14.62,43.53,2.56,-51.60,3.12,-10.00
6,6,1415.53,368.73,1600.00,511.27,0.1081,4.2,3.05,15.67,27.43,0.56,39.83,-3.13,-10.00
7,6,-1.00,-1.00,-1.00,-1.00,0.1080,3.6,3.00,11.75,10.98,2.43,-47.14,3.10,-10.00
7,6,1506.47,372.15,1600.00,530.81,0.1009,4.2,3.06,15.37,28.06,1.04,35.85,3.14,-10.00
8,6,1465.64,372.35,1600.00,549.77,0.1828,4.2,2.97,15.70,25.04,1.36,31.83,-3.10,-10.00
8,6,-1.00,-1.00,-1.00,-1.00,0.1320,3.8,3.01,14.79,20.96,2.11,-51.16,-3.02,-10.00
8,6,-1.00,-1.00,-1.00,-1.00,0.1255,4.2,2.95,16.19,21.82,1.96,-39.73,-1.69,-10.00
9,6,-1.00,-1.00,-1.00,-1.00,0.1963,4.2,3.05,14.18,24.66,-0.29,-37.33,3.13,-10.00
9,6,-1.00,-1.00,-1.00,-1.00,0.1483,4.0,3.02,16.72,-35.17,0.73,-17.29,-3.11,-10.00
9,6,-1.00,-1.00,-1.00,-1.00,0.1397,2.6,2.91,14.78,31.07,1.40,-23.85,0.04,-10.00
9,6,-1.00,-1.00,-1.00,-1.00,0.1369,4.3,2.99,15.59,33.73,1.03,6.99,-3.10,-10.00
9,6,-1.00,-1.00,-1.00,-1.00,0.1272,3.3,3.03,17.36,-40.00,0.75,-14.87,0.24,-10.00
9,6,-1.00,-1.00,-1.00,-1.00,0.1048,4.1,3.02,14.31,24.66,-0.12,-39.38,-3.00,-10.00
9,6,-1.00,-1.00,-1.00,-1.00,0.1001,4.0,2.94,9.31,43.05,1.39,7.26,2.60,-10.00
10,6,-1.00,-1.00,-1.00,-1.00,0.2240,4.2,3.14,15.25,-47.67,1.59,-9.17,0.01,-10.00
10,6,-1.00,-1.00,-1.00,-1.00,0.1779,2.7,2.80,14.07,29.19,1.58,-27.64,0.00,-10.00
10,6,-1.00,-1.00,-1.00,-1.00,0.1110,4.3,3.09,16.28,-11.53,2.05,-39.74,1.62,-10.00
10,6,-1.00,-1.00,-1.00,-1.00,0.1003,2.9,2.74,12.18,-22.30,1.30,-13.14,2.98,-10.00
11,6,-1.00,-1.00,-1.00,-1.00,0.1502,4.4,3.26,15.11,29.23,1.06,-3.08,3.09,-10.00
11,6,-1.00,-1.00,-1.00,-1.00,0.1298,4.0,2.68,14.12,-34.06,1.49,0.53,-1.61,-10.00
11,6,-1.00,-1.00,-1.00,-1.00,0.1182,4.2,2.93,16.37,35.24,2.31,-37.22,1.47,-10.00
11,6,-1.00,-1.00,-1.00,-1.00,0.1083,4.2,3.13,14.95,36.23,0.87,0.31,-3.12,-10.00
11,6,-1.00,-1.00,-1.00,-1.00,0.1033,4.0,3.09,17.00,-35.64,-0.84,-25.99,3.13,-10.00
12,6,-1.00,-1.00,-1.00,-1.00,0.1661,4.3,3.13,16.17,-33.92,-0.81,-30.40,3.10,-10.00
12,6,-1.00,-1.00,-1.00,-1.00,0.1296,4.1,2.90,15.69,-30.46,1.47,9.06,3.13,-10.00
12,6,1465.99,440.00,1600.00,556.31,0.1179,4.2,3.21,14.62,34.07,2.44,52.64,1.26,-10.00
12,6,-1.00,-1.00,-1.00,-1.00,0.1114,3.3,2.90,13.84,14.06,2.08,-47.74,3.14,-10.00
13,6,-1.00,-1.00,-1.00,-1.00,0.2083,2.9,2.79,13.84,20.67,1.13,-9.81,0.03,-10.00
13,6,387.90,389.04,548.78,534.62,0.1862,4.1,2.92,15.07,-11.48,1.35,43.55,-1.68,-10.00
13,6,-1.00,-1.00,-1.00,-1.00,0.1791,4.3,3.13,16.48,22.42,0.49,-49.56,-1.59,-10.00
13,6,0.00,341.71,230.73,488.68,0.1534,4.2,3.31,16.37,-28.37,-0.29,47.23,1.72,-10.00
13,6,-1.00,-1.00,-1.00,-1.00,0.1064,3.3,3.03,14.42,29.91,0.20,-9.76,3.10,-10.00
13,6,-1.00,-1.00,-1.00,-1.00,0.1021,3.5,2.92,14.84,-35.77,2.03,4.45,0.00,-10.00
14,6,0.00,345.29,224.58,483.68,0.1697,3.9,3.34,15.51,-28.13,-0.49,46.91,-1.44,-10.00
14,6,-1.00,-1.00,-1.00,-1.00,0.1400,3.3,2.87,13.42,23.16,1.14,2.93,3.13,-10.00
14,6,-1.00,-1.00,-1.00,-1.00,0.1063,4.1,2.98,15.42,-25.91,1.94,5.95,3.12,-10.00
15,6,-1.00,-1.00,-1.00,-1.00,0.3889,2.9,3.00,16.80,-35.03,2.23,2.72,-3.12,-10.00
15,6,-1.00,-1.00,-1.00,-1.00,0.1848,4.4,3.20,14.32,23.01,1.95,20.22,3.10,-10.00
15,6,-1.00,-1.00,-1.00,-1.00,0.1818,3.8,3.06,14.65,-25.07,1.90,-8.50,0.04,-10.00
15,6,1236.67,467.49,1362.47,557.85,0.1340,2.7,2.12,4.49,15.12,2.01,39.92,-1.61,-10.00
15,6,1233.80,386.29,1427.77,537.70,0.1316,2.8,2.29,5.07,10.31,0.89,25.87,-1.48,-10.00
15,6,-1.00,-1.00,-1.00,-1.00,0.1305,3.1,2.96,17.01,-43.06,2.13,-17.91,-0.03,-10.00
15,6,-1.00,-1.00,-1.00,-1.00,0.1277,3.6,2.89,16.66,-42.75,1.72,0.76,2.96,-10.00
15,6,1419.40,395.43,1600.00,523.39,0.1154,4.2,3.37,16.21,31.42,1.19,50.42,-1.86,-10.00
15,6,-1.00,-1.00,-1.00,-1.00,0.1079,4.4,2.93,18.32,22.09,-0.09,-47.04,-1.55,-10.00
15,6,-1.00,-1.00,-1.00,-1.00,0.1065,2.8,2.34,6.16,41.47,2.53,5.93,-2.80,-10.00
15,6,-1.00,-1.00,-1.00,-1.00,0.1059,4.1,3.05,15.37,15.06,2.12,-37.65,3.07,-10.00
15,6,0.00,325.78,117.77,492.71,0.1037,3.8,3.39,15.95,-28.70,-0.12,38.89,-1.40,-10.00
15,6,-1.00,-1.00,-1.00,-1.00,0.1028,3.2,2.76,13.74,19.43,1.22,-15.94,0.11,-10.00
16,6,0.00,295.74,169.29,474.62,0.2868,3.9,3.93,16.60,-27.76,-0.80,39.84,-1.40,-10.00
16,6,-1.00,-1.00,-1.00,-1.00,0.2126,4.5,3.42,14.99,20.74,1.87,17.78,3.14,-10.00
16,6,613.20,394.52,686.78,494.08,0.1760,2.9,1.93,2.56,-5.13,0.05,39.38,1.57,-10.00
16,6,-1.00,-1.00,-1.00,-1.00,0.1759,3.8,3.45,15.74,-30.09,0.38,25.89,-1.37,-10.00
16,6,-1.00,-1.00,-1.00,-1.00,0.1022,3.3,2.94,15.21,16.39,1.92,-19.28,1.61,-10.00
16,6,-1.00,-1.00,-1.00,-1.00,0.1018,3.7,2.99,10.74,39.50,1.76,18.16,1.32,-10.00
17,6,-1.00,-1.00,-1.00,-1.00,0.5221,4.1,2.99,14.28,-29.90,0.45,23.06,-1.36,-10.00
17,6,0.00,274.82,115.54,475.28,0.1808,3.8,4.03,17.48,-27.81,-0.75,36.57,1.67,-10.00
17,6,0.00,400.63,543.73,533.16,0.1793,4.1,2.70,17.08,-17.90,1.31,41.98,3.12,-10.00
17,6,585.77,360.03,708.58,505.01,0.1737,3.9,2.64,9.65,-5.05,0.38,39.62,1.56,-10.00
17,6,407.35,383.53,701.06,498.56,0.1609,3.1,2.79,7.69,-7.26,0.16,35.86,-3.13,-10.00
17,6,1105.37,392.06,1453.72,508.85,0.1394,4.2,3.08,14.21,18.54,0.63,50.38,2.82,-10.00
17,6,1219.21,387.97,1346.12,509.32,0.1147,4.3,3.12,13.64,19.65,0.69,52.63,-1.08,-10.00
17,6,-1.00,-1.00,-1.00,-1.00,0.1045,3.3,2.90,14.60,20.89,1.24,-9.95,0.04,-10.00
18,6,-1.00,-1.00,-1.00,-1.00,0.4044,3.5,2.75,11.64,-48.22,1.75,-45.33,1.62,-10.00
18,6,-1.00,-1.00,-1.00,-1.00,0.2129,4.1,2.96,14.79,-36.49,0.56,15.68,0.20,-10.00
18,6,0.00,354.10,320.41,491.74,0.1516,4.0,2.97,15.00,-24.10,-0.14,47.20,1.75,-10.00
18,6,-1.00,-1.00,-1.00,-1.00,0.1366,3.8,3.22,16.17,16.10,1.64,-25.33,1.48,-10.00
18,6,1096.91,428.32,1273.03,558.84,0.1232,4.2,3.08,15.93,13.63,2.30,48.73,-1.51,-10.00
18,6,-1.00,-1.00,-1.00,-1.00,0.1173,3.6,3.04,10.10,45.15,-0.38,-24.93,2.44,-10.00
18,6,1390.40,430.62,1600.00,590.75,0.1074,3.2,2.86,11.49,18.79,1.99,27.21,-3.08,-10.00
18,6,611.43,392.68,713.24,513.94,0.1046,3.3,2.32,4.27,-4.38,0.64,36.75,-1.55,-10.00
18,6,-1.00,-1.00,-1.00,-1.00,0.1012,3.1,2.16,2.69,49.20,0.72,-17.88,-0.33,-10.00
19,6,-1.00,-1.00,-1.00,-1.00,0.2447,4.4,3.26,16.57,24.58,1.76,14.68,-0.04,-10.00
19,6,459.78,376.98,614.56,477.26,0.1198,3.2,2.79,11.52,-10.80,-0.75,50.56,1.65,-10.00
19,6,1526.42,483.83,1600.00,598.19,0.1108,2.0,1.94,4.02,15.95,1.94,24.66,-1.58,-10.00
19,6,-1.00,-1.00,-1.00,-1.00,0.1021,3.5,3.18,13.15,-29.39,0.07,15.76,-1.35,-10.00
20,6,-1.00,-1.00,-1.00,-1.00,0.1315,3.6,3.05,14.41,36.58,0.61,12.98,1.18,-10.00
20,6,413.60,393.06,601.41,551.93,0.1192,4.1,3.10,14.74,-9.20,1.68,40.01,-1.63,-10.00
20,6,-1.00,-1.00,-1.00,-1.00,0.1137,4.1,3.01,14.23,37.86,-1.12,-28.33,-0.04,-10.00
20,6,-1.00,-1.00,-1.00,-1.00,0.1067,4.2,2.96,16.03,42.52,1.91,-11.91,1.52,-10.00
20,6,-1.00,-1.00,-1.00,-1.00,0.1022,2.7,1.85,4.29,34.95,0.82,15.19,1.27,-10.00
20,6,1468.75,333.35,1600.00,590.47,0.1006,4.4,3.18,15.70,20.80,1.74,23.83,3.09,-10.00
21,6,-1.00,-1.00,-1.00,-1.00,0.1557,2.4,1.65,4.11,35.25,0.74,9.75,1.28,-10.00
21,6,419.37,411.37,531.50,502.89,0.1289,2.7,2.16,3.88,-10.83,0.34,40.54,-1.46,-10.00
21,6,1577.64,400.97,1600.00,535.70,0.1206,4.4,3.25,14.75,34.91,1.49,44.59,3.06,-10.00
21,6,1372.21,450.54,1600.00,585.56,0.1123,3.7,2.77,8.80,21.22,2.63,36.91,-3.12,-10.00
22,6,-1.00,-1.00,-1.00,-1.00,0.2212,4.2,3.04,13.81,26.22,0.25,-34.04,3.11,-10.00
22,6,1387.64,445.78,1600.00,584.08,0.1597,3.4,2.95,13.89,22.74,2.31,33.45,-3.12,-10.00
22,6,0.00,327.16,197.51,484.02,0.1433,3.9,2.65,8.61,-22.10,-0.34,37.58,1.65,-10.00
22,6,182.32,305.07,596.35,542.14,0.1411,4.1,3.22,16.48,-8.94,1.03,30.47,1.65,-10.00
22,6,-1.00,-1.00,-1.00,-1.00,0.1405,4.3,2.92,16.88,17.03,1.75,13.48,1.61,-10.00
22,6,-1.00,-1.00,-1.00,-1.00,0.1067,4.2,3.22,16.54,18.98,0.33,-51.00,-1.47,-10.00
22,6,-1.00,-1.00,-1.00,-1.00,0.1002,4.1,2.72,15.24,41.20,3.01,-17.46,-1.98,-10.00
23,6,-1.00,-1.00,-1.00,-1.00,0.1815,4.2,2.97,14.25,26.10,0.19,-36.70,3.10,-10.00
23,6,-1.00,-1.00,-1.00,-1.00,0.1256,4.3,3.07,17.13,20.74,0.41,-42.56,-1.42,-10.00
23,6,-1.00,-1.00,-1.00,-1.00,0.1200,4.1,2.98,14.41,-40.03,-0.09,-23.82,2.49,-10.00
23,6,-1.00,-1.00,-1.00,-1.00,0.1179,4.3,2.92,18.55,14.80,2.04,-35.31,1.67,-10.00
23,6,-1.00,-1.00,-1.00,-1.00,0.1177,4.2,3.06,13.73,20.17,0.81,-54.06,-1.58,-10.00
23,6,1261.28,413.01,1595.00,533.88,0.1102,4.1,2.96,14.35,23.69,1.58,50.77,-1.88,-10.00
23,6,1287.20,425.46,1600.00,538.66,0.1089,4.2,3.06,15.19,26.56,1.78,49.77,3.07,-10.00
24,6,-1.00,-1.00,-1.00,-1.00,0.1417,3.2,3.15,15.37,-10.68,0.86,-17.92,1.62,-10.00
24,6,-1.00,-1.00,-1.00,-1.00,0.1325,4.3,2.96,18.10,15.49,1.87,-37.54,1.64,-10.00
25,6,-1.00,-1.00,-1.00,-1.00,0.1565,2.4,1.42,4.27,15.91,1.82,6.20,1.44,-10.00
25,6,-1.00,-1.00,-1.00,-1.00,0.1529,4.2,3.02,14.92,22.67,-0.47,-46.53,1.59,-10.00
25,6,-1.00,-1.00,-1.00,-1.00,0.1135,3.8,2.90,14.00,28.34,2.86,-17.25,2.82,-10.00
25,6,-1.00,-1.00,-1.00,-1.00,0.1102,4.1,3.08,16.20,-21.69,0.79,-36.41,2.93,-10.00
26,6,-1.00,-1.00,-1.00,-1.00,0.3335,4.2,3.06,15.55,28.76,-1.87,-44.76,-2.95,-10.00
26,6,-1.00,-1.00,-1.00,-1.00,0.1598,2.3,1.48,3.93,15.79,2.02,4.42,1.47,-10.00
26,6,-1.00,-1.00,-1.00,-1.00,0.1218,4.2,3.17,15.63,23.14,-0.85,-48.01,-1.54,-10.00
26,6,-1.00,-1.00,-1.00,-1.00,0.1147,4.2,3.06,15.84,25.82,1.69,-6.87,-0.16,-10.00
27,6,-1.00,-1.00,-1.00,-1.00,0.1287,4.0,2.94,13.49,31.16,2.12,9.76,1.18,-10.00
27,6,-1.00,-1.00,-1.00,-1.00,0.1106,3.9,3.27,13.66,23.80,-1.45,-50.85,-1.57,-10.00
27,6,0.00,325.86,132.33,494.52,0.1062,3.9,2.66,8.81,-22.41,0.00,35.24,1.48,-10.00
28,6,-1.00,-1.00,-1.00,-1.00,0.4859,4.2,3.22,13.43,48.23,1.92,48.27,-0.37,-10.00
28,6,-1.00,-1.00,-1.00,-1.00,0.1286,4.0,2.94,13.70,-35.55,0.29,-14.50,0.14,-10.00
28,6,-1.00,-1.00,-1.00,-1.00,0.1207,3.8,2.96,13.37,24.18,-1.69,-53.23,1.53,-10.00
28,6,-1.00,-1.00,-1.00,-1.00,0.1104,4.1,3.13,14.95,-17.16,-0.40,-40.13,-1.09,-10.00
28,6,-1.00,-1.00,-1.00,-1.00,0.1009,3.6,2.98,14.41,-4.02,1.77,-38.71,1.60,-10.00
29,6,-1.00,-1.00,-1.00,-1.00,0.3411,4.3,3.22,13.40,49.20,0.38,46.41,-0.37,-10.00
29,6,-1.00,-1.00,-1.00,-1.00,0.2241,4.2,2.96,16.28,23.98,1.57,-13.47,3.11,-10.00
29,6,-1.00,-1.00,-1.00,-1.00,0.2107,4.2,2.97,15.05,28.20,-2.00,-51.17,3.11,-10.00
29,6,-1.00,-1.00,-1.00,-1.00,0.1220,4.2,2.75,15.23,29.69,1.84,-10.07,-1.67,-10.00
29,6,-1.00,-1.00,-1.00,-1.00,0.1073,4.0,2.89,12.61,23.51,-1.76,-53.66,1.52,-10.00
30,6,-1.00,-1.00,-1.00,-1.00,0.1651,4.3,3.06,16.68,21.62,1.54,-3.72,3.14,-10.00
30,6,-1.00,-1.00,-1.00,-1.00,0.1338,3.0,2.87,14.07,22.72,2.70,-32.11,-0.09,-10.00
30,6,-1.00,-1.00,-1.00,-1.00,0.1060,4.3,3.02,16.68,35.17,2.25,-14.81,-1.86,-10.00
30,6,-1.00,-1.00,-1.00,-1.00,0.1030,4.2,3.19,14.78,-46.24,-2.36,-50.91,-0.27,-10.00
31,6,-1.00,-1.00,-1.00,-1.00,0.1631,2.3,1.94,3.31,3.64,2.42,-51.11,-1.80,-10.00
31,6,-1.00,-1.00,-1.00,-1.00,0.1029,4.4,2.79,17.51,29.48,2.20,-22.13,1.54,-10.00
32,6,-1.00,-1.00,-1.00,-1.00,0.1306,4.2,2.61,17.21,45.12,2.95,-46.47,-1.71,-10.00
32,6,-1.00,-1.00,-1.00,-1.00,0.1291,3.7,3.09,14.10,-27.68,0.61,-7.57,1.65,-10.00
32,6,-1.00,-1.00,-1.00,-1.00,0.1257,4.0,2.98,14.00,-35.28,-1.25,-45.25,-1.47,-10.00
33,6,203.00,332.09,421.16,549.01,0.1980,4.2,2.97,14.97,-12.09,1.25,32.02,-1.81,-10.00
33,6,-1.00,-1.00,-1.00,-1.00,0.1425,4.4,3.24,15.34,48.99,1.55,37.68,2.68,-10.00
33,6,-1.00,-1.00,-1.00,-1.00,0.1238,4.2,2.88,16.92,47.22,3.57,27.77,1.43,-10.00
34,6,-1.00,-1.00,-1.00,-1.00,0.1194,4.4,3.21,15.68,48.73,1.84,35.68,-0.43,-10.00
34,6,-1.00,-1.00,-1.00,-1.00,0.1093,2.5,2.11,4.20,36.65,0.86,-0.27,1.26,-10.00
35,6,-1.00,-1.00,-1.00,-1.00,0.1591,2.9,2.68,11.27,11.45,1.70,-31.31,-1.60,-10.00
35,6,-1.00,-1.00,-1.00,-1.00,0.1468,4.3,3.18,15.23,48.53,1.76,34.85,-0.41,-10.00
35,6,-1.00,-1.00,-1.00,-1.00,0.1131,4.3,2.62,17.78,29.98,2.13,-28.87,-1.68,-10.00
36,6,-1.00,-1.00,-1.00,-1.00,0.1811,3.2,2.94,11.27,12.34,1.83,-29.78,1.46,-10.00
36,6,-1.00,-1.00,-1.00,-1.00,0.1283,4.4,3.29,16.04,48.20,1.30,33.68,-0.52,-10.00
37,6,-1.00,-1.00,-1.00,-1.00,0.2747,3.9,2.70,6.77,46.52,2.26,28.57,2.78,-10.00
37,6,-1.00,-1.00,-1.00,-1.00,0.2046,4.2,2.77,16.84,45.41,3.46,20.40,-1.60,-10.00
37,6,-1.00,-1.00,-1.00,-1.00,0.1593,4.0,2.94,14.05,34.46,2.87,-38.77,2.84,-10.00
37,6,184.52,360.06,376.49,484.46,0.1035,4.3,3.09,13.86,-22.56,-0.42,52.59,0.85,-10.00
38,6,0.00,258.37,257.28,599.29,0.1785,3.8,3.03,15.39,-13.96,1.36,22.02,1.47,-10.00
38,6,-1.00,-1.00,-1.00,-1.00,0.1764,2.5,2.68,5.16,15.85,1.28,1.41,1.37,-10.00
38,6,-1.00,-1.00,-1.00,-1.00,0.1218,4.2,3.03,15.64,26.84,2.79,-51.80,-1.69,-10.00
38,6,1306.01,383.26,1600.00,534.64,0.1138,4.1,2.97,15.38,22.52,1.21,37.40,3.04,-10.00
39,6,0.00,179.06,154.92,595.33,0.2476,3.6,2.99,15.13,-14.21,1.04,18.69,1.43,-10.00
39,6,1550.23,440.53,1600.00,592.15,0.2168,4.2,2.90,11.37,29.12,2.86,40.53,-1.77,-10.00
39,6,95.86,366.35,223.73,486.00,0.1832,4.0,2.81,10.42,-25.60,-0.32,49.06,0.94,-10.00
39,6,-1.00,-1.00,-1.00,-1.00,0.1520,4.2,3.03,15.05,31.41,1.63,-7.07,-2.02,-10.00
39,6,-1.00,-1.00,-1.00,-1.00,0.1490,2.3,1.68,3.98,17.19,1.82,-18.78,-1.66,-10.00
39,6,-1.00,-1.00,-1.00,-1.00,0.1234,4.1,2.91,14.50,-14.72,-1.35,-39.47,-1.60,-10.00
39,6,-1.00,-1.00,-1.00,-1.00,0.1182,4.2,3.13,15.65,44.73,3.42,-51.71,-1.64,-10.00
39,6,1431.74,437.71,1600.00,604.37,0.1123,4.2,2.84,16.62,27.19,3.01,40.54,-1.87,-10.00
