0,6,-1.00,-1.00,-1.00,-1.00,0.3197,4.1,2.75,9.56,29.09,0.55,15.95,-0.40,-10.00
0,6,-1.00,-1.00,-1.00,-1.00,0.2256,4.0,2.93,13.94,22.96,0.68,-32.88,2.93,-10.00
0,6,250.00,435.06,565.39,612.19,0.2039,4.1,3.10,16.07,-11.39,3.72,37.10,-1.51,-10.00
0,6,-1.00,-1.00,-1.00,-1.00,0.1794,4.1,2.96,15.12,16.13,0.96,4.48,3.14,-10.00
0,6,-1.00,-1.00,-1.00,-1.00,0.1516,4.2,2.89,12.30,52.60,-0.13,11.48,-0.13,-10.00
0,6,-1.00,-1.00,-1.00,-1.00,0.1359,4.0,2.92,10.82,50.88,-0.31,9.60,1.18,-10.00
0,6,-1.00,-1.00,-1.00,-1.00,0.1303,2.5,1.87,3.59,15.27,0.69,-48.50,1.19,-10.00
0,6,0.00,353.84,334.37,538.31,0.1302,4.2,2.88,14.68,-18.27,1.94,35.98,-1.60,-10.00
0,6,-1.00,-1.00,-1.00,-1.00,0.1175,4.1,2.90,13.67,38.41,0.49,14.34,3.09,-10.00
0,6,-1.00,-1.00,-1.00,-1.00,0.1147,4.2,3.04,15.13,52.01,-0.17,21.00,-0.25,-10.00
0,6,-1.00,-1.00,-1.00,-1.00,0.1128,4.2,3.04,16.67,28.32,1.71,18.96,1.93,-10.00
0,6,-1.00,-1.00,-1.00,-1.00,0.1017,3.2,2.88,15.21,37.66,0.60,-42.61,-0.13,-10.00
0,6,-1.00,-1.00,-1.00,-1.00,0.1013,4.2,2.97,14.67,39.97,-0.62,-55.08,-1.51,-10.00
1,6,0.00,413.82,234.65,608.63,0.2310,4.1,2.98,16.22,-22.36,3.07,28.96,-3.08,-10.00
1,6,-1.00,-1.00,-1.00,-1.00,0.1317,4.2,3.08,13.95,30.19,-0.41,-51.72,2.64,-10.00
1,6,566.16,415.65,677.64,528.26,0.1101,3.9,2.76,8.93,-7.72,2.20,48.43,1.58,-10.00
1,6,0.00,375.48,202.50,557.84,0.1018,4.1,3.07,15.34,-23.83,2.11,31.32,-3.05,-10.00
2,6,430.64,474.06,694.76,638.68,0.6779,4.4,3.11,16.52,-7.96,4.95,41.79,1.71,-10.00
2,6,-1.00,-1.00,-1.00,-1.00,0.2100,3.8,2.60,9.75,50.08,0.38,-43.60,2.66,-10.00
2,6,0.00,377.90,296.51,562.39,0.2014,4.1,2.85,15.27,-20.83,2.20,30.78,-2.96,-10.00
2,6,-1.00,-1.00,-1.00,-1.00,0.1802,4.1,2.95,12.66,-49.47,2.23,-3.90,0.10,-10.00
2,6,-1.00,-1.00,-1.00,-1.00,0.1436,4.0,2.93,12.69,-49.08,2.23,-1.93,0.12,-10.00
2,6,1099.74,394.23,1217.72,512.34,0.1136,3.8,2.59,10.95,12.69,1.53,48.88,1.66,-10.00
2,6,-1.00,-1.00,-1.00,-1.00,0.1033,4.3,3.09,14.52,25.59,1.62,11.68,2.68,-10.00
3,6,-1.00,-1.00,-1.00,-1.00,0.1527,4.1,2.86,15.39,-44.33,2.29,-6.94,1.89,-10.00
3,6,-1.00,-1.00,-1.00,-1.00,0.1373,3.5,2.85,14.96,-9.75,1.20,-31.41,-1.71,-10.00
3,6,-1.00,-1.00,-1.00,-1.00,0.1097,4.0,2.96,13.05,26.61,0.89,-15.67,-3.03,-10.00
3,6,-1.00,-1.00,-1.00,-1.00,0.1042,2.0,1.99,4.15,49.01,0.86,24.03,2.75,-10.00
4,6,-1.00,-1.00,-1.00,-1.00,0.2174,4.3,3.20,14.68,40.65,2.06,41.47,3.10,-10.00
4,6,-1.00,-1.00,-1.00,-1.00,0.1788,3.7,2.78,8.60,38.13,1.96,22.97,1.36,-10.00
4,6,-1.00,-1.00,-1.00,-1.00,0.1346,4.0,2.95,10.90,35.58,1.92,45.32,1.72,-10.00
5,6,-1.00,-1.00,-1.00,-1.00,0.1723,4.2,3.03,15.90,-42.99,-0.37,-15.91,-2.86,-10.00
5,6,1023.17,464.09,1206.48,606.51,0.1664,4.1,3.06,15.01,10.53,4.35,43.86,2.01,-10.00
5,6,-1.00,-1.00,-1.00,-1.00,0.1598,4.1,2.94,16.10,-42.43,0.04,-13.95,-2.69,-10.00
5,6,-1.00,-1.00,-1.00,-1.00,0.1509,4.1,2.92,15.44,15.74,0.51,-10.81,-2.76,-10.00
5,6,-1.00,-1.00,-1.00,-1.00,0.1258,4.1,2.91,15.97,-44.50,-0.32,-17.58,-3.00,-10.00
5,6,-1.00,-1.00,-1.00,-1.00,0.1097,3.0,2.96,16.50,-31.60,3.47,25.01,-0.14,-10.00
6,6,-1.00,-1.00,-1.00,-1.00,0.1297,4.1,3.01,15.57,34.68,0.58,36.42,-2.90,-10.00
6,6,-1.00,-1.00,-1.00,-1.00,0.1254,4.2,3.02,16.92,42.66,0.02,-34.40,1.47,-10.00
6,6,-1.00,-1.00,-1.00,-1.00,0.1126,4.2,2.74,13.63,44.86,0.89,-11.02,1.49,-10.00
6,6,1273.68,428.01,1519.46,611.67,0.1048,4.1,3.23,14.83,16.34,3.50,34.84,2.20,-10.00
7,6,70.94,427.58,225.41,544.82,0.1935,4.2,3.14,15.03,-28.34,3.06,51.78,0.91,-10.00
7,6,-1.00,-1.00,-1.00,-1.00,0.1272,3.9,2.70,7.48,50.96,1.27,12.40,2.69,-10.00
7,6,0.00,417.34,182.59,532.18,0.1076,4.1,3.06,12.95,-31.21,2.50,51.77,0.67,-10.00
7,6,-1.00,-1.00,-1.00,-1.00,0.1028,4.1,3.03,16.45,-45.75,0.43,-40.94,0.23,-10.00
8,6,-1.00,-1.00,-1.00,-1.00,0.1389,4.1,3.35,13.42,47.25,1.27,-6.47,1.92,-10.00
9,6,-1.00,-1.00,-1.00,-1.00,0.3100,3.9,3.03,10.54,45.06,1.02,-17.37,2.22,-10.00
9,6,987.82,365.09,1468.65,539.84,0.2248,4.1,2.98,14.00,11.18,1.83,33.98,2.71,-10.00
9,6,1037.72,298.94,1600.00,541.86,0.2038,3.4,3.25,14.98,9.26,1.43,25.23,-1.89,-10.00
9,6,0.00,367.84,79.57,548.02,0.1991,3.8,3.26,15.70,-24.25,2.07,34.08,1.26,-10.00
9,6,1152.08,311.78,1600.00,541.36,0.1331,4.2,3.06,15.28,14.41,1.46,26.86,-0.35,-10.00
9,6,1163.28,294.63,1600.00,528.36,0.1103,4.2,3.01,15.10,14.53,1.06,24.35,-0.03,-10.00
10,6,-1.00,-1.00,-1.00,-1.00,0.1598,4.3,2.93,15.63,-3.79,0.82,-28.34,-1.72,-10.00
10,6,1219.78,225.39,1600.00,564.48,0.1497,4.0,3.14,15.96,12.57,1.55,22.84,1.39,-10.00
10,6,-1.00,-1.00,-1.00,-1.00,0.1453,4.0,2.97,15.37,-24.38,2.32,-4.32,2.89,-10.00
10,6,-1.00,-1.00,-1.00,-1.00,0.1105,4.0,2.98,16.06,-35.78,2.19,7.86,2.96,-10.00
11,6,-1.00,-1.00,-1.00,-1.00,0.2708,4.1,3.01,15.65,16.39,0.67,10.04,-1.69,-10.00
11,6,-1.00,-1.00,-1.00,-1.00,0.1486,3.9,3.13,14.30,32.95,-1.23,-50.68,1.32,-10.00
11,6,-1.00,-1.00,-1.00,-1.00,0.1242,4.0,3.12,13.31,34.95,0.67,-40.98,-2.29,-10.00
11,6,-1.00,-1.00,-1.00,-1.00,0.1226,4.0,2.92,11.79,37.62,0.24,-36.00,2.51,-10.00
11,6,-1.00,-1.00,-1.00,-1.00,0.1029,4.1,3.00,14.82,34.40,0.96,-47.49,-2.27,-10.00
12,6,-1.00,-1.00,-1.00,-1.00,0.1599,3.7,2.73,12.66,31.72,0.75,-45.21,2.52,-10.00
12,6,-1.00,-1.00,-1.00,-1.00,0.1554,4.1,2.92,16.80,-32.56,1.61,9.63,-3.12,-10.00
12,6,-1.00,-1.00,-1.00,-1.00,0.1385,4.1,3.07,15.91,17.08,1.16,9.64,1.57,-10.00
12,6,-1.00,-1.00,-1.00,-1.00,0.1286,3.7,2.94,16.34,-40.00,1.88,-14.22,-0.27,-10.00
12,6,-1.00,-1.00,-1.00,-1.00,0.1191,3.9,3.08,13.77,33.00,0.71,-47.08,2.88,-10.00
12,6,65.73,367.70,371.58,549.92,0.1189,4.1,3.21,15.79,-16.58,2.23,36.22,-1.71,-10.00
12,6,-1.00,-1.00,-1.00,-1.00,0.1070,4.3,3.26,14.54,48.06,-0.52,-35.73,2.93,-10.00
12,6,-1.00,-1.00,-1.00,-1.00,0.1062,4.1,3.05,14.58,34.47,0.70,-51.61,-1.93,-10.00
13,6,-1.00,-1.00,-1.00,-1.00,0.6351,4.0,2.77,11.57,33.78,0.41,-44.48,2.60,-10.00
13,6,-1.00,-1.00,-1.00,-1.00,0.4278,4.4,3.22,16.44,46.64,0.24,-39.72,-0.23,-10.00
13,6,-1.00,-1.00,-1.00,-1.00,0.2857,3.9,2.77,10.83,30.36,1.00,-49.07,2.52,-10.00
13,6,-1.00,-1.00,-1.00,-1.00,0.2177,4.0,2.97,15.49,-30.01,2.38,7.19,-3.10,-10.00
13,6,-1.00,-1.00,-1.00,-1.00,0.1780,4.0,2.94,16.15,-28.26,2.35,4.70,3.12,-10.00
13,6,-1.00,-1.00,-1.00,-1.00,0.1498,3.9,2.91,11.31,43.69,-0.37,-51.12,-1.87,-10.00
13,6,1064.67,368.48,1229.22,516.48,0.1402,4.2,3.00,15.89,11.25,1.56,46.09,1.64,-10.00
13,6,-1.00,-1.00,-1.00,-1.00,0.1296,4.1,3.06,15.05,36.88,0.39,-47.84,-0.17,-10.00
13,6,-1.00,-1.00,-1.00,-1.00,0.1259,4.2,2.95,15.98,17.38,0.75,4.73,1.57,-10.00
13,6,-1.00,-1.00,-1.00,-1.00,0.1093,3.7,2.98,16.26,-39.27,2.02,-15.51,-0.06,-10.00
13,6,-1.00,-1.00,-1.00,-1.00,0.1071,3.2,2.91,17.64,-37.25,1.94,-34.99,-0.25,-10.00
13,6,-1.00,-1.00,-1.00,-1.00,0.1024,4.1,3.00,16.27,-25.94,2.40,10.48,0.02,-10.00
13,6,-1.00,-1.00,-1.00,-1.00,0.1001,3.9,3.07,15.17,34.13,0.50,-52.35,-1.80,-10.00
14,6,-1.00,-1.00,-1.00,-1.00,0.3119,4.3,3.13,15.66,46.53,0.22,-42.37,3.00,-10.00
14,6,-1.00,-1.00,-1.00,-1.00,0.2415,4.2,2.99,15.19,17.27,0.64,-7.30,1.52,-10.00
14,6,-1.00,-1.00,-1.00,-1.00,0.2395,4.0,2.82,11.61,33.64,-0.02,-47.29,2.65,-10.00
14,6,0.00,429.62,211.60,545.22,0.1965,4.2,3.02,16.34,-32.73,2.88,49.20,-3.02,-10.00
14,6,-1.00,-1.00,-1.00,-1.00,0.1755,4.3,3.11,13.93,21.85,1.05,-14.51,-2.59,-10.00
14,6,-1.00,-1.00,-1.00,-1.00,0.1660,3.9,3.01,17.27,-27.60,2.53,4.40,-3.13,-10.00
14,6,20.88,421.52,456.81,533.41,0.1394,4.3,3.26,15.54,-23.09,2.46,50.15,3.04,-10.00
14,6,0.00,371.73,401.45,569.68,0.1171,3.6,3.17,15.52,-15.14,2.24,30.86,1.63,-10.00
14,6,-1.00,-1.00,-1.00,-1.00,0.1104,4.0,3.03,16.61,-27.61,2.50,2.09,3.13,-10.00
15,6,-1.00,-1.00,-1.00,-1.00,0.2975,4.1,3.06,14.67,32.89,-0.09,-50.32,2.61,-10.00
15,6,-1.00,-1.00,-1.00,-1.00,0.1779,4.0,2.93,16.29,-28.75,1.19,0.48,3.13,-10.00
15,6,-1.00,-1.00,-1.00,-1.00,0.1616,4.0,2.96,16.43,-27.92,1.32,-1.81,3.09,-10.00
15,6,-1.00,-1.00,-1.00,-1.00,0.1555,4.1,3.01,13.84,22.09,0.77,-14.89,3.10,-10.00
15,6,1108.77,319.71,1395.08,529.91,0.1415,4.2,2.93,15.14,10.37,1.52,33.13,1.61,-10.00
15,6,0.00,328.11,362.95,572.73,0.1366,4.0,3.32,15.94,-15.48,2.11,28.63,1.61,-10.00
15,6,-1.00,-1.00,-1.00,-1.00,0.1136,5.7,4.59,17.28,-48.93,2.33,1.81,1.50,-10.00
15,6,1189.72,321.61,1600.00,520.68,0.1104,4.3,3.14,15.47,16.63,1.11,29.32,3.04,-10.00
15,6,-1.00,-1.00,-1.00,-1.00,0.1082,4.4,3.04,16.25,19.68,0.58,-19.54,-2.09,-10.00
15,6,-1.00,-1.00,-1.00,-1.00,0.1060,4.1,3.15,17.23,-41.81,2.29,-1.31,-0.14,-10.00
15,6,-1.00,-1.00,-1.00,-1.00,0.1020,4.3,3.04,15.96,16.33,0.34,-19.82,-1.55,-10.00
16,6,-1.00,-1.00,-1.00,-1.00,0.2369,3.0,2.77,7.26,-20.44,0.53,-45.20,-0.42,-10.00
16,6,0.00,443.02,9.58,574.49,0.1659,4.1,3.03,16.54,-36.62,3.37,41.83,-0.01,-10.00
16,6,-1.00,-1.00,-1.00,-1.00,0.1636,4.1,3.10,15.48,-22.14,1.42,-16.31,-3.10,-10.00
16,6,-1.00,-1.00,-1.00,-1.00,0.1305,4.1,3.18,14.40,38.30,-0.15,-54.27,-2.11,-10.00
16,6,-1.00,-1.00,-1.00,-1.00,0.1289,4.1,3.02,15.29,11.31,-1.41,-48.54,-1.61,-10.00
16,6,-1.00,-1.00,-1.00,-1.00,0.1074,3.4,2.98,16.48,-37.94,1.86,-4.53,3.13,-10.00
16,6,1030.93,406.10,1211.45,544.78,0.1047,4.2,3.06,16.42,10.31,2.71,46.41,1.59,-10.00
16,6,0.00,434.95,101.66,576.13,0.1015,3.9,3.08,16.21,-30.45,3.15,38.14,0.17,-10.00
17,6,-1.00,-1.00,-1.00,-1.00,0.2319,4.1,3.00,16.81,-38.73,3.02,38.18,-3.14,-10.00
17,6,-1.00,-1.00,-1.00,-1.00,0.1803,3.5,2.34,2.48,-26.54,-0.63,-43.61,0.97,-10.00
17,6,0.00,422.85,108.82,587.36,0.1216,4.1,2.97,16.73,-28.51,3.05,33.88,-3.09,-10.00
17,6,-1.00,-1.00,-1.00,-1.00,0.1208,3.4,2.39,2.80,-26.95,-0.67,-42.00,0.97,-10.00
17,6,-1.00,-1.00,-1.00,-1.00,0.1198,4.0,2.84,13.32,-23.52,1.95,-8.90,1.55,-10.00
17,6,-1.00,-1.00,-1.00,-1.00,0.1146,3.6,2.80,7.81,-20.54,0.66,-49.17,-0.58,-10.00
17,6,-1.00,-1.00,-1.00,-1.00,0.1134,4.1,3.16,15.14,-23.40,2.05,9.37,0.14,-10.00
17,6,-1.00,-1.00,-1.00,-1.00,0.1132,4.1,3.04,15.94,-26.74,1.61,-11.56,-3.12,-10.00
18,6,-1.00,-1.00,-1.00,-1.00,0.2820,4.3,3.03,13.57,-37.52,2.75,34.21,-0.04,-10.00
18,6,-1.00,-1.00,-1.00,-1.00,0.1909,4.2,3.16,14.44,23.22,0.67,-0.38,3.06,-10.00
18,6,1437.66,284.41,1600.00,585.98,0.1664,4.1,3.01,15.57,17.97,1.65,19.24,3.14,-10.00
18,6,1005.61,420.39,1211.53,556.91,0.1533,4.2,3.12,16.61,9.97,3.15,47.31,1.52,-10.00
18,6,-1.00,-1.00,-1.00,-1.00,0.1492,3.9,2.87,15.27,16.83,1.24,-12.81,1.51,-10.00
18,6,-1.00,-1.00,-1.00,-1.00,0.1296,4.0,3.03,15.62,18.26,1.05,-29.86,0.90,-10.00
18,6,-1.00,-1.00,-1.00,-1.00,0.1262,3.2,3.01,15.12,-29.05,2.97,29.84,0.02,-10.00
18,6,-1.00,-1.00,-1.00,-1.00,0.1246,4.2,3.12,15.06,22.95,0.67,-3.14,-2.93,-10.00
18,6,324.37,475.42,393.17,537.12,0.1229,2.3,1.79,3.15,-18.03,2.58,48.40,1.45,-10.00
18,6,-1.00,-1.00,-1.00,-1.00,0.1165,3.2,2.20,2.26,-26.68,-1.28,-46.89,0.86,-10.00
18,6,-1.00,-1.00,-1.00,-1.00,0.1114,2.3,2.62,9.28,11.36,0.65,-27.75,-0.61,-10.00
18,6,1544.67,227.61,1600.00,589.13,0.1110,4.2,3.03,15.99,18.15,1.40,16.36,-0.05,-10.00
18,6,-1.00,-1.00,-1.00,-1.00,0.1097,4.2,3.12,15.26,22.53,0.84,2.46,2.79,-10.00
19,6,1538.92,212.51,1600.00,611.00,0.1562,4.1,3.01,16.02,17.22,1.48,14.87,3.09,-10.00
19,6,-1.00,-1.00,-1.00,-1.00,0.1399,4.4,3.39,17.10,-33.26,2.49,30.63,0.07,-10.00
19,6,-1.00,-1.00,-1.00,-1.00,0.1161,4.1,2.98,15.68,18.09,1.20,12.84,-0.01,-10.00
19,6,-1.00,-1.00,-1.00,-1.00,0.1059,4.1,3.07,16.93,-36.07,2.88,34.24,0.03,-10.00
20,6,-1.00,-1.00,-1.00,-1.00,0.1988,4.1,2.88,15.17,16.88,0.10,-18.54,1.58,-10.00
20,6,-1.00,-1.00,-1.00,-1.00,0.1471,4.1,2.92,16.48,-29.69,2.22,-2.73,3.11,-10.00
20,6,-1.00,-1.00,-1.00,-1.00,0.1405,4.2,3.03,15.07,18.50,1.17,13.72,3.10,-10.00
20,6,249.18,419.09,403.57,526.74,0.1286,3.8,2.88,11.93,-20.42,2.28,52.09,-1.68,-10.00
20,6,-1.00,-1.00,-1.00,-1.00,0.1098,4.2,3.04,15.46,18.64,0.97,11.61,-0.01,-10.00
20,6,-1.00,-1.00,-1.00,-1.00,0.1067,4.1,3.01,15.44,20.60,0.00,-19.20,3.06,-10.00
20,6,-1.00,-1.00,-1.00,-1.00,0.1056,4.1,2.93,16.50,-29.35,2.09,-4.72,3.00,-10.00
20,6,-1.00,-1.00,-1.00,-1.00,0.1046,3.6,2.83,9.92,13.59,0.79,11.05,-1.52,-10.00
20,6,-1.00,-1.00,-1.00,-1.00,0.1006,4.2,3.07,15.19,18.02,1.47,16.13,2.88,-10.00
21,6,177.36,410.08,421.42,537.65,0.2623,4.2,3.21,15.49,-19.86,2.62,49.01,-1.59,-10.00
21,6,-1.00,-1.00,-1.00,-1.00,0.2109,4.1,2.90,15.60,16.82,0.58,-24.94,1.58,-10.00
21,6,69.45,413.02,310.97,533.72,0.1535,4.2,3.15,15.52,-25.96,2.63,52.62,1.50,-10.00
21,6,1561.65,244.16,1600.00,545.52,0.1352,3.6,2.81,12.30,16.99,0.95,16.84,0.03,-10.00
21,6,-1.00,-1.00,-1.00,-1.00,0.1348,4.2,2.99,15.91,27.27,0.69,-13.05,3.09,-10.00
21,6,1549.06,0.00,1600.00,620.58,0.1092,3.9,3.21,15.62,13.08,1.04,13.03,-1.48,-10.00
22,6,971.25,384.17,1291.98,511.72,0.1928,4.3,3.35,15.58,12.60,1.58,49.99,-0.66,-10.00
22,6,-1.00,-1.00,-1.00,-1.00,0.1535,4.2,2.90,16.14,13.83,0.77,-37.02,1.57,-10.00
22,6,1577.83,80.43,1600.00,629.69,0.1525,4.2,3.02,15.95,15.90,1.28,11.42,-3.11,-10.00
22,6,-1.00,-1.00,-1.00,-1.00,0.1413,4.1,2.73,14.30,13.67,1.21,10.37,-1.54,-10.00
22,6,-1.00,-1.00,-1.00,-1.00,0.1182,4.1,2.99,15.49,11.68,0.96,-37.11,1.58,-10.00
22,6,-1.00,-1.00,-1.00,-1.00,0.1134,4.1,3.07,16.62,-33.57,2.22,21.44,0.00,-10.00
22,6,-1.00,-1.00,-1.00,-1.00,0.1050,4.2,3.17,15.51,-44.30,1.92,18.14,0.01,-10.00
22,6,-1.00,-1.00,-1.00,-1.00,0.1048,2.8,2.47,4.65,10.44,0.43,-25.87,1.55,-10.00
23,6,-1.00,-1.00,-1.00,-1.00,0.1443,4.2,2.93,16.32,11.00,0.31,-44.98,1.58,-10.00
23,6,8.79,408.13,279.54,558.58,0.1238,3.9,2.91,8.65,-19.80,2.54,37.21,-1.52,-10.00
23,6,-1.00,-1.00,-1.00,-1.00,0.1118,3.9,2.92,13.95,41.30,0.37,43.94,-3.11,-10.00
23,6,-1.00,-1.00,-1.00,-1.00,0.1118,4.2,2.96,16.16,13.49,1.14,-45.98,1.55,-10.00
23,6,1017.35,375.88,1342.84,507.56,0.1013,4.1,3.14,14.62,13.41,1.29,46.18,2.51,-10.00
24,6,-1.00,-1.00,-1.00,-1.00,0.2036,4.1,3.09,17.40,-45.70,2.15,5.74,0.01,-10.00
24,6,-1.00,-1.00,-1.00,-1.00,0.1515,3.5,2.90,7.92,49.20,0.21,39.39,-1.62,-10.00
24,6,-1.00,-1.00,-1.00,-1.00,0.1357,4.3,2.97,15.84,13.31,1.39,-4.23,1.55,-10.00
24,6,-1.00,-1.00,-1.00,-1.00,0.1114,4.3,3.26,15.86,53.35,0.23,37.35,-0.08,-10.00
24,6,-1.00,-1.00,-1.00,-1.00,0.1106,4.1,3.01,15.90,36.66,0.81,34.44,1.57,-10.00
24,6,0.00,391.45,151.11,550.64,0.1073,4.0,2.87,12.51,-25.70,2.37,38.07,1.63,-10.00
24,6,-1.00,-1.00,-1.00,-1.00,0.1067,3.9,2.92,13.86,41.16,0.58,39.49,-3.14,-10.00
24,6,0.00,244.34,360.73,571.51,0.1018,7.5,5.78,18.50,-20.52,2.79,37.86,1.58,-10.00
24,6,-1.00,-1.00,-1.00,-1.00,0.1013,3.0,2.74,8.55,37.18,0.76,28.91,-3.10,-10.00
25,6,-1.00,-1.00,-1.00,-1.00,0.1473,3.3,2.86,6.89,36.23,1.09,25.87,-1.59,-10.00
25,6,1043.30,406.15,1398.22,548.50,0.1084,3.5,2.96,13.06,11.73,2.17,35.99,-0.68,-10.00
25,6,-1.00,-1.00,-1.00,-1.00,0.1014,3.4,2.81,11.10,-47.18,2.52,-3.46,-1.66,-10.00
26,6,-1.00,-1.00,-1.00,-1.00,0.1428,4.2,3.23,17.09,-33.40,0.14,-20.39,0.06,-10.00
26,6,-1.00,-1.00,-1.00,-1.00,0.1326,4.1,3.01,16.29,-31.28,1.73,-5.86,-0.06,-10.00
26,6,-1.00,-1.00,-1.00,-1.00,0.1187,4.1,3.07,16.10,-35.44,-0.29,-23.35,0.00,-10.00
26,6,-1.00,-1.00,-1.00,-1.00,0.1085,4.3,3.15,15.46,22.86,0.79,0.08,3.09,-10.00
26,6,-1.00,-1.00,-1.00,-1.00,0.1065,3.7,2.97,15.27,16.22,0.16,-50.18,1.59,-10.00
26,6,-1.00,-1.00,-1.00,-1.00,0.1047,4.0,2.90,14.36,-36.41,0.08,-20.85,-1.56,-10.00
27,6,-1.00,-1.00,-1.00,-1.00,0.1371,4.0,2.87,13.85,-26.34,2.39,23.36,1.51,-10.00
27,6,34.47,436.49,485.82,547.61,0.1196,3.8,2.99,16.96,-21.42,2.86,47.33,0.20,-10.00
27,6,-1.00,-1.00,-1.00,-1.00,0.1130,4.0,2.99,17.14,-34.23,1.21,-20.12,-0.01,-10.00
27,6,-1.00,-1.00,-1.00,-1.00,0.1074,4.2,2.96,15.42,18.94,1.62,5.17,-3.12,-10.00
27,6,600.50,424.87,1002.82,543.42,0.1034,4.2,3.35,14.64,-0.92,2.70,47.38,3.14,-10.00
28,6,0.00,411.81,314.04,526.49,0.2147,4.3,3.16,15.68,-29.06,2.19,50.48,0.06,-10.00
28,6,-1.00,-1.00,-1.00,-1.00,0.2043,3.6,3.19,11.83,35.92,0.96,14.85,-1.57,-10.00
28,6,0.00,420.35,78.85,534.80,0.1946,4.3,3.17,15.16,-38.39,2.54,50.59,0.11,-10.00
28,6,1167.32,391.29,1600.00,523.32,0.1756,4.2,3.01,15.58,19.65,1.76,42.90,2.95,-10.00
28,6,-1.00,-1.00,-1.00,-1.00,0.1651,4.5,2.89,18.40,23.33,0.76,-21.20,-1.57,-10.00
28,6,1114.16,361.89,1325.40,509.19,0.1584,4.3,3.04,15.84,14.26,1.29,47.60,1.58,-10.00
28,6,0.00,416.77,472.94,545.14,0.1457,4.1,2.88,15.39,-20.00,2.44,42.00,3.02,-10.00
28,6,-1.00,-1.00,-1.00,-1.00,0.1445,4.1,3.04,15.97,-36.22,-0.21,-32.06,-0.08,-10.00
28,6,-1.00,-1.00,-1.00,-1.00,0.1419,4.3,3.21,17.25,-34.21,-0.26,-29.22,0.07,-10.00
28,6,1144.49,378.74,1587.75,502.61,0.1224,4.2,3.02,14.78,19.47,1.09,45.90,-3.13,-10.00
28,6,1159.57,357.12,1367.20,502.10,0.1040,4.2,2.98,15.52,16.24,1.00,48.47,-1.54,-10.00
28,6,-1.00,-1.00,-1.00,-1.00,0.1006,4.1,3.04,16.34,-26.86,2.19,16.50,-3.08,-10.00
29,6,-1.00,-1.00,-1.00,-1.00,0.2366,4.1,3.03,16.20,-28.81,-0.23,-36.16,-0.00,-10.00
29,6,-1.00,-1.00,-1.00,-1.00,0.2208,4.1,3.05,15.23,-26.10,2.15,8.48,0.18,-10.00
29,6,0.00,412.98,486.33,560.53,0.1884,4.1,3.01,16.36,-18.83,2.63,37.79,-3.11,-10.00
29,6,-1.00,-1.00,-1.00,-1.00,0.1845,4.2,2.91,15.44,-24.03,2.08,10.85,-1.50,-10.00
29,6,-1.00,-1.00,-1.00,-1.00,0.1756,4.3,3.18,17.15,-33.12,0.04,-32.74,-0.01,-10.00
29,6,-1.00,-1.00,-1.00,-1.00,0.1711,4.2,2.89,15.46,12.46,0.67,-22.74,1.58,-10.00
29,6,-1.00,-1.00,-1.00,-1.00,0.1525,3.9,2.93,15.47,9.85,0.77,-24.34,1.61,-10.00
29,6,0.00,425.42,318.42,543.20,0.1451,4.1,3.08,14.93,-27.12,2.66,46.85,3.14,-10.00
29,6,-1.00,-1.00,-1.00,-1.00,0.1300,3.5,2.93,16.15,-37.07,1.13,-28.17,0.08,-10.00
29,6,1173.82,397.90,1600.00,505.84,0.1209,3.6,2.94,14.98,21.09,1.23,47.39,-3.01,-10.00
29,6,-1.00,-1.00,-1.00,-1.00,0.1195,4.1,3.04,14.87,-43.10,2.64,46.90,0.00,-10.00
29,6,-1.00,-1.00,-1.00,-1.00,0.1169,3.7,3.09,11.82,-44.01,2.56,33.00,-1.52,-10.00
29,6,1191.44,412.84,1600.00,525.91,0.1052,4.2,3.13,15.61,22.69,2.15,49.82,-0.11,-10.00
29,6,-1.00,-1.00,-1.00,-1.00,0.1043,4.4,2.94,17.43,23.37,0.41,-26.39,1.63,-10.00
29,6,-1.00,-1.00,-1.00,-1.00,0.1031,4.1,2.97,15.79,-39.13,-0.07,-36.18,0.04,-10.00
29,6,-1.00,-1.00,-1.00,-1.00,0.1028,4.2,2.95,15.31,-24.41,2.23,13.89,0.05,-10.00
30,6,0.00,386.20,449.51,550.36,0.2589,4.1,2.94,15.55,-18.43,2.09,33.95,-3.13,-10.00
30,6,-1.00,-1.00,-1.00,-1.00,0.1964,3.6,3.44,15.75,9.80,0.65,-28.52,1.59,-10.00
30,6,-1.00,-1.00,-1.00,-1.00,0.1882,4.1,2.94,15.86,-35.18,-0.32,-40.17,0.06,-10.00
30,6,-1.00,-1.00,-1.00,-1.00,0.1629,4.3,2.99,16.18,13.37,1.13,-26.73,1.58,-10.00
30,6,1238.13,361.99,1600.00,535.48,0.1617,4.2,3.07,15.17,19.14,1.67,33.35,0.07,-10.00
30,6,-1.00,-1.00,-1.00,-1.00,0.1517,3.3,3.01,13.39,12.03,1.55,10.83,2.45,-10.00
30,6,-1.00,-1.00,-1.00,-1.00,0.1508,4.2,3.05,14.80,42.53,1.10,52.32,1.91,-10.00
30,6,1292.49,403.88,1449.42,525.53,0.1376,2.9,2.00,4.75,14.12,1.42,32.85,-1.56,-10.00
30,6,-1.00,-1.00,-1.00,-1.00,0.1313,4.4,2.85,17.62,23.35,0.79,-30.66,-1.62,-10.00
30,6,-1.00,-1.00,-1.00,-1.00,0.1288,4.1,2.85,14.42,40.08,1.09,52.66,1.65,-10.00
30,6,-1.00,-1.00,-1.00,-1.00,0.1144,3.6,3.02,16.11,-32.79,1.26,-32.86,0.03,-10.00
30,6,-1.00,-1.00,-1.00,-1.00,0.1132,3.9,3.10,14.57,12.75,0.20,-49.82,-3.10,-10.00
30,6,-1.00,-1.00,-1.00,-1.00,0.1084,4.2,3.06,14.87,43.29,0.81,49.81,0.20,-10.00
30,6,-1.00,-1.00,-1.00,-1.00,0.1082,4.1,3.02,16.06,-36.09,0.22,-36.66,0.01,-10.00
30,6,1495.39,400.46,1600.00,509.03,0.1038,2.3,2.23,4.25,18.41,0.88,30.29,-1.54,-10.00
30,6,1413.40,348.92,1600.00,551.04,0.1030,4.2,3.07,15.91,22.30,1.77,28.76,-3.10,-10.00
30,6,-1.00,-1.00,-1.00,-1.00,0.1012,3.9,2.92,14.65,-49.68,3.40,30.32,0.13,-10.00
31,6,-1.00,-1.00,-1.00,-1.00,0.5550,4.3,3.18,17.75,41.09,1.00,43.47,1.59,-10.00
31,6,1330.24,363.62,1600.00,518.63,0.2031,3.2,2.77,12.90,18.90,1.05,29.28,0.08,-10.00
31,6,169.52,370.53,469.31,528.87,0.1789,4.3,3.22,16.02,-16.40,1.94,42.89,1.61,-10.00
31,6,-1.00,-1.00,-1.00,-1.00,0.1536,3.4,3.00,14.37,13.55,0.27,-45.46,0.02,-10.00
31,6,-1.00,-1.00,-1.00,-1.00,0.1389,4.2,3.16,15.46,-43.51,2.49,38.64,0.02,-10.00
31,6,-1.00,-1.00,-1.00,-1.00,0.1235,4.1,3.03,16.45,-36.65,-0.49,-44.57,0.03,-10.00
31,6,-1.00,-1.00,-1.00,-1.00,0.1200,3.8,2.99,14.65,8.19,1.23,-49.78,-1.52,-10.00
31,6,-1.00,-1.00,-1.00,-1.00,0.1160,4.2,3.13,17.31,-33.17,-0.10,-41.53,-0.00,-10.00
31,6,-1.00,-1.00,-1.00,-1.00,0.1130,4.0,3.13,14.46,13.07,-0.57,-51.43,-3.01,-10.00
31,6,-1.00,-1.00,-1.00,-1.00,0.1077,4.1,3.00,15.77,-27.54,0.26,-45.81,0.06,-10.00
32,6,-1.00,-1.00,-1.00,-1.00,0.6761,4.3,3.15,17.66,41.01,0.76,39.05,1.54,-10.00
32,6,1307.81,369.32,1578.83,509.87,0.2234,4.3,3.06,14.77,23.10,1.36,48.57,1.57,-10.00
32,6,1446.84,364.75,1600.00,549.67,0.1455,3.4,2.79,7.38,16.81,1.54,24.95,-3.07,-10.00
32,6,1564.14,333.64,1600.00,547.26,0.1378,4.2,3.05,15.78,24.61,1.57,26.78,3.13,-10.00
32,6,-1.00,-1.00,-1.00,-1.00,0.1355,4.2,2.82,15.16,-26.68,1.96,-4.04,1.67,-10.00
32,6,-1.00,-1.00,-1.00,-1.00,0.1285,4.0,3.56,15.66,9.72,0.43,-36.94,1.62,-10.00
32,6,1378.92,368.26,1600.00,494.77,0.1284,4.3,3.10,14.99,28.06,0.79,45.23,3.08,-10.00
32,6,-1.00,-1.00,-1.00,-1.00,0.1253,4.1,2.98,15.37,27.46,1.02,12.06,-3.08,-10.00
32,6,-1.00,-1.00,-1.00,-1.00,0.1220,4.1,2.94,15.84,-34.41,0.35,-49.05,0.05,-10.00
32,6,1239.46,390.08,1600.00,519.38,0.1179,3.5,2.92,14.80,20.42,1.39,37.74,-3.06,-10.00
32,6,-1.00,-1.00,-1.00,-1.00,0.1083,3.5,2.86,14.12,33.40,0.56,7.33,-3.09,-10.00
32,6,-1.00,-1.00,-1.00,-1.00,0.1074,4.3,2.94,16.94,16.08,1.36,0.70,1.55,-10.00
32,6,0.00,413.49,88.01,601.80,0.1037,4.1,3.06,17.24,-27.15,2.90,29.38,-0.08,-10.00
32,6,1296.09,353.48,1600.00,517.33,0.1033,4.2,3.07,15.53,21.82,1.24,35.64,0.06,-10.00
33,6,-1.00,-1.00,-1.00,-1.00,0.4088,4.3,3.47,15.28,40.97,0.87,33.75,1.53,-10.00
33,6,-1.00,-1.00,-1.00,-1.00,0.2835,4.1,3.11,16.56,-44.39,2.73,30.27,0.07,-10.00
33,6,1386.02,347.36,1600.00,494.47,0.2719,4.0,2.63,10.93,22.92,0.63,42.69,1.56,-10.00
33,6,1434.63,377.99,1600.00,518.08,0.1966,4.3,3.12,14.91,27.98,1.48,40.77,3.10,-10.00
33,6,-1.00,-1.00,-1.00,-1.00,0.1785,4.1,3.06,15.01,-30.54,1.89,-4.24,-0.19,-10.00
33,6,-1.00,-1.00,-1.00,-1.00,0.1774,3.5,2.83,14.18,-29.53,3.03,21.19,3.12,-10.00
33,6,-1.00,-1.00,-1.00,-1.00,0.1746,4.1,3.04,9.74,-26.65,1.76,-5.49,-1.60,-10.00
33,6,-1.00,-1.00,-1.00,-1.00,0.1600,3.6,3.11,15.83,-46.35,2.29,48.04,-0.02,-10.00
33,6,467.51,409.43,679.62,531.21,0.1317,3.5,3.17,15.65,-8.51,2.16,45.37,-1.48,-10.00
33,6,1487.09,315.81,1600.00,556.58,0.1281,3.6,2.86,14.01,18.96,1.37,20.94,0.05,-10.00
33,6,-1.00,-1.00,-1.00,-1.00,0.1222,4.0,3.07,14.95,-30.98,2.07,-1.91,-0.06,-10.00
33,6,1361.80,362.12,1600.00,545.86,0.1132,4.2,3.08,15.31,21.78,1.82,31.30,-3.12,-10.00
33,6,-1.00,-1.00,-1.00,-1.00,0.1085,4.2,3.08,14.42,54.45,1.09,17.86,3.06,-10.00
33,6,-1.00,-1.00,-1.00,-1.00,0.1073,3.9,2.94,15.14,41.10,0.40,44.19,1.55,-10.00
34,6,-1.00,-1.00,-1.00,-1.00,0.4998,4.3,3.06,16.44,40.79,0.96,30.21,1.56,-10.00
34,6,-1.00,-1.00,-1.00,-1.00,0.2228,4.4,2.83,18.56,24.25,0.90,-17.27,1.51,-10.00
34,6,-1.00,-1.00,-1.00,-1.00,0.1811,4.3,3.12,15.26,46.43,-0.09,24.36,3.11,-10.00
34,6,-1.00,-1.00,-1.00,-1.00,0.1730,4.3,2.94,17.51,18.71,1.06,-15.90,1.56,-10.00
34,6,-1.00,-1.00,-1.00,-1.00,0.1658,4.4,2.96,18.31,34.58,0.67,-28.05,1.69,-10.00
34,6,-1.00,-1.00,-1.00,-1.00,0.1621,4.3,2.87,17.97,36.65,0.59,-26.00,1.68,-10.00
34,6,-1.00,-1.00,-1.00,-1.00,0.1483,3.2,2.87,13.31,37.98,0.63,-3.93,0.01,-10.00
34,6,-1.00,-1.00,-1.00,-1.00,0.1415,4.1,3.00,16.51,19.82,1.56,16.89,-3.14,-10.00
34,6,1475.58,401.34,1600.00,531.49,0.1320,3.3,2.84,8.90,22.67,1.75,36.48,1.57,-10.00
34,6,-1.00,-1.00,-1.00,-1.00,0.1210,4.0,2.94,15.67,-31.67,1.46,-9.00,-0.24,-10.00
34,6,-1.00,-1.00,-1.00,-1.00,0.1198,4.2,2.95,16.20,20.63,0.90,-13.84,-3.08,-10.00
34,6,-1.00,-1.00,-1.00,-1.00,0.1191,4.2,3.14,16.16,-43.82,2.09,25.83,0.01,-10.00
34,6,-1.00,-1.00,-1.00,-1.00,0.1182,4.2,3.11,14.87,35.81,1.16,-6.58,1.58,-10.00
34,6,-1.00,-1.00,-1.00,-1.00,0.1156,4.2,3.03,17.06,-14.27,0.20,-42.22,1.56,-10.00
34,6,-1.00,-1.00,-1.00,-1.00,0.1149,4.3,3.02,14.59,49.72,0.02,21.97,0.05,-10.00
34,6,-1.00,-1.00,-1.00,-1.00,0.1137,4.0,2.98,16.44,-28.45,2.67,17.43,3.14,-10.00
34,6,-1.00,-1.00,-1.00,-1.00,0.1119,4.3,3.03,17.09,26.67,0.84,-20.15,1.36,-10.00
34,6,-1.00,-1.00,-1.00,-1.00,0.1087,4.3,2.95,17.12,16.76,0.77,-16.96,1.59,-10.00
34,6,-1.00,-1.00,-1.00,-1.00,0.1067,4.1,3.94,16.20,8.91,0.30,-48.00,1.63,-10.00
34,6,1105.46,390.24,1564.98,503.89,0.1054,3.7,2.94,15.07,17.87,1.10,44.79,0.02,-10.00
35,6,-1.00,-1.00,-1.00,-1.00,0.2284,4.2,3.16,12.26,40.80,0.31,18.50,1.56,-10.00
35,6,-1.00,-1.00,-1.00,-1.00,0.1890,4.1,3.01,15.87,21.56,1.46,12.40,-0.01,-10.00
35,6,-1.00,-1.00,-1.00,-1.00,0.1662,4.3,3.07,16.39,8.79,0.26,-49.17,1.63,-10.00
35,6,-1.00,-1.00,-1.00,-1.00,0.1585,4.1,2.94,15.92,22.62,1.55,9.97,-3.12,-10.00
35,6,-1.00,-1.00,-1.00,-1.00,0.1347,4.3,3.04,15.77,33.04,0.93,-1.63,-3.13,-10.00
35,6,-1.00,-1.00,-1.00,-1.00,0.1336,4.1,3.14,15.62,-31.41,1.70,-11.83,-0.05,-10.00
35,6,-1.00,-1.00,-1.00,-1.00,0.1322,4.1,2.97,15.56,29.23,1.00,3.14,3.13,-10.00
35,6,-1.00,-1.00,-1.00,-1.00,0.1305,4.2,3.35,16.07,-39.26,2.49,23.38,0.02,-10.00
35,6,-1.00,-1.00,-1.00,-1.00,0.1129,4.3,2.76,15.90,27.01,1.23,1.15,1.37,-10.00
35,6,-1.00,-1.00,-1.00,-1.00,0.1125,4.1,2.95,14.66,28.44,1.39,32.72,3.10,-10.00
35,6,1262.07,359.72,1600.00,499.39,0.1051,4.2,3.02,15.50,22.86,0.85,41.66,0.04,-10.00
35,6,-1.00,-1.00,-1.00,-1.00,0.1013,3.8,3.11,15.29,-31.22,1.78,-9.09,0.06,-10.00
36,6,285.15,389.56,575.61,564.63,0.2041,3.3,3.15,16.20,-9.10,2.22,31.80,-1.63,-10.00
36,6,-1.00,-1.00,-1.00,-1.00,0.2019,4.2,3.13,16.35,30.80,0.67,0.30,3.10,-10.00
36,6,-1.00,-1.00,-1.00,-1.00,0.1849,4.1,3.04,14.95,-31.86,1.90,-16.60,-0.04,-10.00
36,6,-1.00,-1.00,-1.00,-1.00,0.1816,4.2,3.07,17.34,-27.22,2.27,16.76,-3.13,-10.00
36,6,-1.00,-1.00,-1.00,-1.00,0.1804,3.9,3.07,16.04,-32.52,3.38,8.62,-3.13,-10.00
36,6,-1.00,-1.00,-1.00,-1.00,0.1473,4.0,3.28,14.04,-49.83,3.90,20.96,1.62,-10.00
36,6,-1.00,-1.00,-1.00,-1.00,0.1322,4.3,3.17,16.56,-44.50,1.78,17.17,0.03,-10.00
36,6,-1.00,-1.00,-1.00,-1.00,0.1262,4.2,3.16,13.37,54.28,-0.08,5.09,3.10,-10.00
36,6,-1.00,-1.00,-1.00,-1.00,0.1184,3.9,2.91,14.55,20.26,0.97,8.16,-0.02,-10.00
36,6,-1.00,-1.00,-1.00,-1.00,0.1173,4.0,2.96,16.24,-27.64,2.69,11.74,-0.06,-10.00
36,6,1464.93,217.15,1600.00,589.89,0.1137,4.1,3.01,15.98,17.16,1.42,16.11,0.05,-10.00
36,6,-1.00,-1.00,-1.00,-1.00,0.1120,3.9,3.00,16.87,-30.72,2.86,6.50,-3.13,-10.00
36,6,-1.00,-1.00,-1.00,-1.00,0.1073,4.1,2.87,13.97,40.58,-0.19,18.52,1.54,-10.00
36,6,0.00,462.10,112.40,564.16,0.1068,2.7,2.43,6.66,-23.75,2.53,34.50,3.08,-10.00
36,6,-1.00,-1.00,-1.00,-1.00,0.1061,4.1,2.98,15.28,5.38,0.51,-48.79,3.13,-10.00
36,6,-1.00,-1.00,-1.00,-1.00,0.1035,4.1,2.88,13.52,8.25,0.72,-53.90,1.70,-10.00
37,6,-1.00,-1.00,-1.00,-1.00,0.5084,4.4,3.25,17.04,40.78,0.67,18.57,-1.58,-10.00
37,6,0.00,454.17,153.48,567.48,0.3337,4.3,3.17,14.91,-35.21,3.80,50.19,0.04,-10.00
37,6,-1.00,-1.00,-1.00,-1.00,0.3171,4.2,3.29,14.52,-31.38,1.51,-21.30,-0.04,-10.00
37,6,-1.00,-1.00,-1.00,-1.00,0.2631,4.2,3.42,14.89,-27.14,0.51,-25.86,-1.55,-10.00
37,6,-1.00,-1.00,-1.00,-1.00,0.1883,4.1,2.93,15.74,19.13,1.06,4.05,3.09,-10.00
37,6,-1.00,-1.00,-1.00,-1.00,0.1849,4.2,3.22,15.09,-31.27,1.76,-18.74,-0.00,-10.00
37,6,-1.00,-1.00,-1.00,-1.00,0.1749,3.9,2.99,16.15,-35.54,2.56,3.41,-0.01,-10.00
37,6,-1.00,-1.00,-1.00,-1.00,0.1438,4.1,2.93,15.58,16.57,0.99,-1.96,-3.12,-10.00
37,6,-1.00,-1.00,-1.00,-1.00,0.1406,4.2,3.09,15.83,14.72,0.47,-20.14,-3.12,-10.00
37,6,-1.00,-1.00,-1.00,-1.00,0.1402,4.1,2.95,15.14,-28.06,2.72,15.53,1.58,-10.00
37,6,-1.00,-1.00,-1.00,-1.00,0.1387,3.5,2.96,11.61,-52.29,3.17,2.26,0.09,-10.00
37,6,0.00,463.96,58.48,596.49,0.1251,3.0,2.78,8.63,-23.83,2.96,30.40,0.01,-10.00
37,6,-1.00,-1.00,-1.00,-1.00,0.1222,4.1,3.00,15.72,24.26,0.43,-19.57,3.12,-10.00
37,6,111.60,372.49,574.93,581.03,0.1187,3.0,3.11,15.63,-8.68,2.04,26.25,-1.53,-10.00
37,6,-1.00,-1.00,-1.00,-1.00,0.1154,3.2,2.17,2.76,50.22,-0.10,0.21,0.03,-10.00
37,6,-1.00,-1.00,-1.00,-1.00,0.1118,4.3,3.00,17.28,40.83,1.24,1.80,1.54,-10.00
37,6,-1.00,-1.00,-1.00,-1.00,0.1113,4.1,3.07,14.57,22.73,1.51,21.17,1.55,-10.00
37,6,-1.00,-1.00,-1.00,-1.00,0.1068,4.6,3.36,15.29,-30.77,2.14,15.53,-1.46,-10.00
38,6,-1.00,-1.00,-1.00,-1.00,0.8387,4.4,3.45,18.12,40.32,0.73,13.78,1.59,-10.00
38,6,-1.00,-1.00,-1.00,-1.00,0.1969,4.2,3.22,12.76,-27.05,1.35,-30.06,-1.60,-10.00
38,6,0.00,433.54,28.27,557.39,0.1740,4.2,3.04,17.27,-38.43,3.05,45.16,-0.00,-10.00
38,6,-1.00,-1.00,-1.00,-1.00,0.1562,3.4,2.73,6.95,15.89,1.16,-0.81,0.02,-10.00
38,6,-1.00,-1.00,-1.00,-1.00,0.1544,4.1,3.00,15.62,-21.84,2.41,7.94,-3.11,-10.00
38,6,1218.06,349.78,1473.48,507.92,0.1486,4.2,2.94,15.85,17.72,1.15,44.74,1.61,-10.00
38,6,-1.00,-1.00,-1.00,-1.00,0.1485,3.6,3.14,16.94,-48.63,3.68,43.04,0.08,-10.00
38,6,-1.00,-1.00,-1.00,-1.00,0.1360,4.2,3.07,15.57,42.73,0.79,18.40,0.03,-10.00
38,6,-1.00,-1.00,-1.00,-1.00,0.1332,4.2,3.12,15.50,42.26,0.84,16.13,-0.09,-10.00
38,6,-1.00,-1.00,-1.00,-1.00,0.1224,4.3,2.97,16.31,17.32,0.99,-8.53,-1.59,-10.00
38,6,-1.00,-1.00,-1.00,-1.00,0.1215,4.2,2.98,15.60,-35.12,-3.13,-49.59,-0.03,-10.00
38,6,-1.00,-1.00,-1.00,-1.00,0.1206,3.6,2.98,11.88,-51.89,3.39,-2.56,0.10,-10.00
38,6,-1.00,-1.00,-1.00,-1.00,0.1072,4.1,3.11,12.60,54.18,0.12,-3.40,3.11,-10.00
38,6,-1.00,-1.00,-1.00,-1.00,0.1064,4.3,3.18,15.77,25.93,0.56,-13.91,3.07,-10.00
38,6,-1.00,-1.00,-1.00,-1.00,0.1004,4.2,3.09,16.16,41.74,0.85,20.46,0.07,-10.00
39,6,-1.00,-1.00,-1.00,-1.00,0.7162,4.3,3.48,17.88,40.36,0.65,9.30,1.57,-10.00
39,6,-1.00,-1.00,-1.00,-1.00,0.2043,4.2,3.15,16.42,-37.00,2.90,40.77,-3.13,-10.00
39,6,-1.00,-1.00,-1.00,-1.00,0.1870,3.8,2.97,14.92,25.45,1.07,18.97,-3.08,-10.00
39,6,-1.00,-1.00,-1.00,-1.00,0.1763,4.3,3.50,16.23,-27.37,0.44,-36.80,-1.52,-10.00
39,6,1193.45,364.86,1422.01,511.47,0.1693,4.3,2.95,16.63,17.76,1.41,48.27,1.61,-10.00
39,6,-1.00,-1.00,-1.00,-1.00,0.1683,3.8,2.94,13.37,18.21,0.71,-5.40,-3.14,-10.00
39,6,-1.00,-1.00,-1.00,-1.00,0.1500,3.8,3.16,13.29,-40.96,3.03,17.04,-1.56,-10.00
39,6,-1.00,-1.00,-1.00,-1.00,0.1401,4.1,2.99,15.99,12.49,0.62,-29.09,2.95,-10.00
39,6,-1.00,-1.00,-1.00,-1.00,0.1265,3.7,2.98,16.24,-32.31,2.31,-7.81,0.04,-10.00
39,6,1157.92,386.27,1573.42,501.74,0.1197,4.2,3.03,15.02,21.17,1.15,49.91,0.03,-10.00
39,6,-1.00,-1.00,-1.00,-1.00,0.1105,4.1,3.07,11.76,53.67,0.33,-7.00,3.02,-10.00
39,6,-1.00,-1.00,-1.00,-1.00,0.1069,3.4,2.85,8.53,-47.44,2.03,-11.20,-3.13,-10.00
39,6,-1.00,-1.00,-1.00,-1.00,0.1046,4.1,2.99,14.91,-31.39,1.48,-27.32,-0.06,-10.00
