0,6,544.55,378.71,703.07,567.24,0.3061,3.5,2.44,3.98,-3.96,1.90,25.23,1.60,-10.00
0,6,0.00,365.09,293.15,550.16,0.2700,4.1,2.89,14.62,-19.44,2.19,35.44,1.54,-10.00
0,6,0.00,284.12,159.84,602.27,0.1962,4.2,3.02,16.57,-19.45,2.20,25.06,1.59,-10.00
0,6,1489.39,279.81,1600.00,527.50,0.1087,4.2,3.00,15.09,20.50,0.99,23.17,3.08,-10.00
0,6,-1.00,-1.00,-1.00,-1.00,0.1011,3.0,2.99,17.15,-38.59,2.99,6.39,-0.01,-10.00
0,6,-1.00,-1.00,-1.00,-1.00,0.1007,4.0,3.04,12.32,9.31,-2.47,-53.01,-1.59,-10.00
1,6,510.48,353.67,667.72,567.76,0.3007,3.4,2.25,3.60,-3.99,1.64,21.68,1.50,-10.00
1,6,-1.00,-1.00,-1.00,-1.00,0.1227,4.2,2.78,15.61,-22.73,1.91,0.61,1.57,-10.00
2,6,426.52,332.05,637.49,606.55,0.3214,3.4,2.21,4.01,-3.94,1.78,17.54,-1.63,-10.00
2,6,-1.00,-1.00,-1.00,-1.00,0.2500,1.9,1.92,2.55,-44.03,2.10,15.54,0.43,-10.00
2,6,1359.27,372.91,1600.00,498.36,0.1900,4.2,3.10,15.44,27.97,0.92,45.91,-3.14,-10.00
2,6,-1.00,-1.00,-1.00,-1.00,0.1773,3.6,3.07,15.38,28.46,0.30,-46.87,-3.14,-10.00
3,6,325.04,292.12,600.85,646.72,0.3129,3.4,2.16,3.94,-3.87,1.80,14.13,1.51,-10.00
3,6,-1.00,-1.00,-1.00,-1.00,0.2257,4.3,3.22,12.00,-53.51,4.20,12.78,-0.09,-10.00
3,6,-1.00,-1.00,-1.00,-1.00,0.1897,3.1,2.85,15.66,-37.97,2.46,13.83,-0.00,-10.00
3,6,-1.00,-1.00,-1.00,-1.00,0.1526,4.5,3.31,14.63,-53.36,3.84,9.62,-0.71,-10.00
3,6,1415.82,364.90,1600.00,502.70,0.1301,4.2,2.91,13.96,27.53,0.98,41.92,-3.10,-10.00
3,6,-1.00,-1.00,-1.00,-1.00,0.1216,2.3,2.27,4.14,13.76,0.96,2.61,-1.64,-10.00
3,6,1462.76,368.27,1600.00,498.35,0.1214,3.4,2.80,14.46,26.75,0.72,36.82,0.03,-10.00
3,6,-1.00,-1.00,-1.00,-1.00,0.1165,4.4,3.14,15.10,-53.33,4.41,15.60,0.65,-10.00
3,6,-1.00,-1.00,-1.00,-1.00,0.1113,4.3,3.16,15.90,17.79,0.74,-30.54,-3.14,-10.00
3,6,-1.00,-1.00,-1.00,-1.00,0.1068,3.2,2.89,14.03,24.91,0.42,-45.93,-0.04,-10.00
3,6,150.47,266.60,543.01,666.83,0.1032,3.1,2.28,3.39,-4.10,1.60,11.44,-1.58,-10.00
3,6,-1.00,-1.00,-1.00,-1.00,0.1023,2.9,1.95,3.25,-40.81,2.90,20.36,-1.45,-10.00
4,6,0.00,157.94,520.37,729.99,0.3226,3.3,2.09,3.70,-3.72,1.57,9.03,1.57,-10.00
4,6,-1.00,-1.00,-1.00,-1.00,0.2020,4.1,2.85,11.00,35.38,0.16,-10.91,-3.08,-10.00
4,6,-1.00,-1.00,-1.00,-1.00,0.1582,3.4,2.96,14.55,22.83,0.30,-49.15,-0.01,-10.00
4,6,-1.00,-1.00,-1.00,-1.00,0.1336,4.0,3.12,15.79,13.17,0.38,-21.93,1.58,-10.00
4,6,-1.00,-1.00,-1.00,-1.00,0.1076,4.4,3.27,14.80,-53.83,3.68,5.62,-0.64,-10.00
5,6,0.00,0.00,374.01,900.00,0.3216,3.3,2.08,3.69,-3.59,1.54,5.09,-1.55,-10.00
5,6,334.26,428.47,406.23,509.81,0.1486,3.1,1.98,2.45,-18.21,1.56,50.09,1.56,-10.00
5,6,-1.00,-1.00,-1.00,-1.00,0.1425,2.8,2.57,10.66,-32.82,2.61,7.04,1.57,-10.00
5,6,1087.13,382.08,1235.21,521.62,0.1164,4.2,3.08,16.13,12.42,1.87,48.34,-1.46,-10.00
5,6,-1.00,-1.00,-1.00,-1.00,0.1088,2.7,3.04,16.60,-35.85,3.70,14.24,0.01,-10.00
6,6,-1.00,-1.00,-1.00,-1.00,0.7885,2.2,2.98,13.46,28.02,0.77,27.61,-3.10,-10.00
6,6,-1.00,-1.00,-1.00,-1.00,0.3204,3.5,2.29,4.10,-3.67,1.45,1.23,-1.62,-10.00
6,6,-1.00,-1.00,-1.00,-1.00,0.1846,3.8,2.48,11.28,-22.54,2.09,0.29,-1.49,-10.00
6,6,-1.00,-1.00,-1.00,-1.00,0.1547,4.3,2.75,17.15,24.70,0.31,-40.24,1.63,-10.00
6,6,-1.00,-1.00,-1.00,-1.00,0.1402,4.0,2.88,7.63,27.28,0.25,-35.23,-2.91,-10.00
6,6,980.01,436.98,1069.02,514.97,0.1182,2.3,2.10,4.30,6.29,1.40,40.33,-1.58,-10.00
6,6,-1.00,-1.00,-1.00,-1.00,0.1014,4.1,3.04,14.32,16.31,1.05,-38.59,-3.03,-10.00
7,6,-1.00,-1.00,-1.00,-1.00,0.3333,4.1,2.87,15.25,29.88,0.98,5.60,-3.08,-10.00
7,6,-1.00,-1.00,-1.00,-1.00,0.2799,3.4,2.13,3.98,-3.79,1.49,-3.40,-1.57,-10.00
7,6,13.10,433.40,404.79,547.20,0.2793,4.2,3.23,14.67,-24.57,3.01,50.07,0.13,-10.00
7,6,-1.00,-1.00,-1.00,-1.00,0.1841,4.2,2.84,16.13,30.55,0.46,-28.20,1.55,-10.00
7,6,-1.00,-1.00,-1.00,-1.00,0.1716,2.4,2.18,2.96,-33.35,1.64,-2.23,3.11,-10.00
7,6,-1.00,-1.00,-1.00,-1.00,0.1571,2.2,2.30,4.89,-14.50,2.48,-34.63,0.14,-10.00
7,6,-1.00,-1.00,-1.00,-1.00,0.1554,4.1,2.95,13.99,18.61,1.30,-5.09,2.61,-10.00
7,6,-1.00,-1.00,-1.00,-1.00,0.1295,4.3,2.72,17.42,31.88,0.66,-45.88,-1.59,-10.00
7,6,-1.00,-1.00,-1.00,-1.00,0.1146,3.4,3.12,16.73,12.37,0.58,-30.56,-1.52,-10.00
7,6,-1.00,-1.00,-1.00,-1.00,0.1014,3.5,2.87,14.17,27.66,0.86,23.49,-3.07,-10.00
8,6,0.00,427.97,401.99,550.93,0.4909,4.2,3.13,16.31,-24.20,2.88,45.89,-3.10,-10.00
8,6,-1.00,-1.00,-1.00,-1.00,0.3130,3.5,2.89,14.71,28.29,0.40,19.20,-3.11,-10.00
8,6,-1.00,-1.00,-1.00,-1.00,0.2817,3.4,2.16,3.85,-4.04,1.54,-6.92,-1.66,-10.00
8,6,1177.12,349.15,1481.71,557.37,0.2093,4.3,2.99,16.44,12.67,2.24,34.12,-1.48,-10.00
8,6,-1.00,-1.00,-1.00,-1.00,0.1776,4.2,3.05,15.16,29.53,1.13,1.01,-3.05,-10.00
8,6,-1.00,-1.00,-1.00,-1.00,0.1732,4.1,3.17,15.30,-21.75,0.65,-42.24,1.65,-10.00
8,6,-1.00,-1.00,-1.00,-1.00,0.1605,4.2,2.98,12.37,38.47,0.67,-28.14,3.03,-10.00
8,6,0.00,408.91,102.80,530.67,0.1480,4.1,2.98,16.66,-35.68,2.14,46.07,0.05,-10.00
8,6,-1.00,-1.00,-1.00,-1.00,0.1188,3.2,2.81,10.66,15.47,0.85,-46.95,0.44,-10.00
8,6,-1.00,-1.00,-1.00,-1.00,0.1102,2.4,2.17,4.19,-28.62,2.28,37.14,1.56,-10.00
8,6,-1.00,-1.00,-1.00,-1.00,0.1096,4.1,2.99,16.16,-33.40,2.56,26.63,-3.02,-10.00
9,6,-1.00,-1.00,-1.00,-1.00,0.3431,3.4,2.22,4.15,-4.05,1.42,-11.67,-1.60,-10.00
9,6,-1.00,-1.00,-1.00,-1.00,0.2662,3.9,2.83,8.65,37.39,-0.61,-48.23,-3.12,-10.00
9,6,0.00,425.00,290.38,557.64,0.2480,4.1,2.95,14.42,-25.60,2.82,41.50,-3.12,-10.00
9,6,-1.00,-1.00,-1.00,-1.00,0.1222,4.0,3.03,11.65,34.30,-0.76,-53.50,1.62,-10.00
9,6,-1.00,-1.00,-1.00,-1.00,0.1119,4.0,3.22,15.47,12.82,0.24,-39.41,1.64,-10.00
9,6,-1.00,-1.00,-1.00,-1.00,0.1068,4.2,2.87,15.22,-22.57,1.73,-3.78,1.60,-10.00
9,6,-1.00,-1.00,-1.00,-1.00,0.1013,4.2,3.16,16.22,-21.20,0.60,-41.23,-1.49,-10.00
10,6,-1.00,-1.00,-1.00,-1.00,0.3375,3.5,2.23,4.30,-4.11,1.26,-15.98,-1.63,-10.00
10,6,-1.00,-1.00,-1.00,-1.00,0.1759,4.0,2.89,15.08,19.11,0.51,-33.88,-3.09,-10.00
10,6,0.00,360.90,365.27,520.07,0.1507,4.3,3.16,17.23,-21.69,1.64,44.48,1.64,-10.00
10,6,-1.00,-1.00,-1.00,-1.00,0.1024,3.2,2.89,14.83,24.25,0.58,11.21,0.06,-10.00
11,6,-1.00,-1.00,-1.00,-1.00,0.3399,3.4,2.19,3.90,-4.00,1.05,-20.07,-1.58,-10.00
11,6,-1.00,-1.00,-1.00,-1.00,0.2323,4.0,2.90,15.13,25.06,0.58,7.30,-3.11,-10.00
11,6,-1.00,-1.00,-1.00,-1.00,0.1286,3.5,2.81,10.89,-40.59,1.58,36.03,1.53,-10.00
11,6,-1.00,-1.00,-1.00,-1.00,0.1268,3.9,2.98,13.86,-32.89,2.27,0.48,1.67,-10.00
11,6,-1.00,-1.00,-1.00,-1.00,0.1111,3.0,2.09,3.08,-4.36,1.11,-22.22,-1.51,-10.00
11,6,-1.00,-1.00,-1.00,-1.00,0.1053,4.0,3.02,15.46,-38.58,2.74,23.18,0.05,-10.00
12,6,-1.00,-1.00,-1.00,-1.00,0.2788,3.4,2.24,4.03,-3.92,1.09,-24.60,-1.59,-10.00
12,6,-1.00,-1.00,-1.00,-1.00,0.1687,4.2,2.91,15.65,38.26,0.80,2.36,-3.09,-10.00
12,6,-1.00,-1.00,-1.00,-1.00,0.1399,4.3,3.13,16.65,42.21,-1.15,-45.10,-3.10,-10.00
12,6,-1.00,-1.00,-1.00,-1.00,0.1301,4.2,3.00,16.22,27.33,0.84,2.76,-3.09,-10.00
13,6,-1.00,-1.00,-1.00,-1.00,0.2938,3.5,2.29,4.30,-4.01,1.06,-28.83,-1.58,-10.00
13,6,1106.37,369.96,1298.28,530.77,0.1332,4.3,2.97,15.79,11.95,1.97,41.92,-1.48,-10.00
13,6,-1.00,-1.00,-1.00,-1.00,0.1264,2.9,2.19,3.53,50.87,-0.52,-28.21,-0.47,-10.00
13,6,-1.00,-1.00,-1.00,-1.00,0.1156,4.3,2.95,16.50,21.94,0.52,-28.55,1.50,-10.00
13,6,-1.00,-1.00,-1.00,-1.00,0.1138,2.6,2.51,6.93,13.93,0.46,-29.16,1.55,-10.00
13,6,-1.00,-1.00,-1.00,-1.00,0.1133,3.2,2.08,2.87,-4.04,1.18,-31.28,-1.51,-10.00
14,6,-1.00,-1.00,-1.00,-1.00,0.3043,3.4,2.29,3.97,-3.96,1.14,-34.32,-1.56,-10.00
14,6,-1.00,-1.00,-1.00,-1.00,0.1094,4.1,2.89,16.42,21.64,1.36,-3.32,-1.46,-10.00
14,6,-1.00,-1.00,-1.00,-1.00,0.1064,4.1,2.97,15.68,11.58,0.09,-48.60,-3.12,-10.00
14,6,-1.00,-1.00,-1.00,-1.00,0.1027,4.0,2.94,15.46,-41.71,1.26,-10.35,0.00,-10.00
14,6,-1.00,-1.00,-1.00,-1.00,0.1003,2.6,2.92,17.23,-40.64,2.91,17.68,0.11,-10.00
15,6,-1.00,-1.00,-1.00,-1.00,0.3465,3.4,2.22,3.87,-4.15,0.85,-38.99,-1.61,-10.00
15,6,-1.00,-1.00,-1.00,-1.00,0.1429,4.1,3.37,15.46,-20.10,-0.84,-45.79,1.61,-10.00
15,6,-1.00,-1.00,-1.00,-1.00,0.1387,4.3,2.87,16.82,21.38,-0.07,-36.36,-1.54,-10.00
15,6,-1.00,-1.00,-1.00,-1.00,0.1052,4.0,2.98,10.17,36.97,0.14,-53.40,-2.06,-10.00
16,6,-1.00,-1.00,-1.00,-1.00,0.4179,4.1,2.75,15.47,-33.66,1.61,-25.35,1.62,-10.00
16,6,-1.00,-1.00,-1.00,-1.00,0.3323,3.3,2.10,3.78,-4.17,0.78,-42.95,1.55,-10.00
16,6,-1.00,-1.00,-1.00,-1.00,0.1284,4.1,2.78,17.52,-39.34,3.17,19.08,0.01,-10.00
16,6,-1.00,-1.00,-1.00,-1.00,0.1081,4.3,2.84,17.07,17.33,0.41,-21.77,-1.55,-10.00
16,6,-1.00,-1.00,-1.00,-1.00,0.1061,4.2,2.90,15.87,-31.64,1.50,-23.97,-1.54,-10.00
16,6,-1.00,-1.00,-1.00,-1.00,0.1031,4.2,2.76,16.88,25.92,0.24,-43.62,-1.57,-10.00
16,6,-1.00,-1.00,-1.00,-1.00,0.1013,4.2,2.87,17.19,-33.13,3.66,24.12,1.64,-10.00
17,6,-1.00,-1.00,-1.00,-1.00,0.3374,3.3,2.13,3.37,-4.63,0.84,-48.85,-1.59,-10.00
17,6,-1.00,-1.00,-1.00,-1.00,0.3370,3.4,2.56,10.28,-30.61,2.42,10.26,-1.56,-10.00
17,6,-1.00,-1.00,-1.00,-1.00,0.2368,4.2,3.19,17.17,-37.84,1.70,5.13,-0.03,-10.00
17,6,1093.43,372.39,1265.70,516.98,0.1563,4.2,3.10,16.16,12.70,1.62,47.10,1.65,-10.00
17,6,-1.00,-1.00,-1.00,-1.00,0.1317,4.1,3.02,15.80,-32.68,1.81,-31.30,0.00,-10.00
17,6,-1.00,-1.00,-1.00,-1.00,0.1136,4.0,2.92,16.53,-34.39,2.31,9.06,3.12,-10.00
18,6,-1.00,-1.00,-1.00,-1.00,0.1804,3.8,2.73,11.98,-31.17,1.96,9.62,-1.58,-10.00
19,6,-1.00,-1.00,-1.00,-1.00,0.1718,4.4,3.02,16.00,21.51,0.99,-2.83,3.11,-10.00
19,6,-1.00,-1.00,-1.00,-1.00,0.1122,2.6,3.17,16.37,-11.65,1.57,-31.76,1.61,-10.00
19,6,-1.00,-1.00,-1.00,-1.00,0.1010,2.1,1.75,2.90,-36.45,1.62,-14.21,-3.08,-10.00
20,6,-1.00,-1.00,-1.00,-1.00,0.3062,4.0,2.89,15.20,-32.59,0.43,-36.90,-3.00,-10.00
20,6,-1.00,-1.00,-1.00,-1.00,0.1340,4.2,3.00,14.99,10.82,-1.82,-38.53,-3.14,-10.00
20,6,94.91,391.96,383.60,525.68,0.1010,4.1,3.26,15.28,-21.28,2.01,47.27,1.60,-10.00
21,6,-1.00,-1.00,-1.00,-1.00,0.3733,3.7,2.65,10.45,-30.28,2.01,15.69,1.61,-10.00
21,6,-1.00,-1.00,-1.00,-1.00,0.2205,3.1,2.84,12.74,11.87,-0.07,-44.11,0.02,-10.00
21,6,0.00,373.98,332.95,531.99,0.1974,4.2,3.09,15.04,-21.53,2.02,41.76,1.65,-10.00
21,6,-1.00,-1.00,-1.00,-1.00,0.1531,4.1,3.01,15.24,-32.40,0.78,-42.17,0.11,-10.00
21,6,-1.00,-1.00,-1.00,-1.00,0.1374,4.4,3.44,16.11,-31.23,1.70,7.73,1.63,-10.00
21,6,-1.00,-1.00,-1.00,-1.00,0.1144,4.1,3.08,17.43,-35.46,1.90,14.32,-0.04,-10.00
21,6,-1.00,-1.00,-1.00,-1.00,0.1021,4.3,2.97,15.90,-3.32,1.75,-15.39,-1.41,-10.00
22,6,-1.00,-1.00,-1.00,-1.00,0.2738,4.1,2.87,14.26,-31.04,2.15,-9.32,-1.61,-10.00
22,6,-1.00,-1.00,-1.00,-1.00,0.1512,4.1,2.89,15.33,-30.77,1.92,2.05,1.59,-10.00
22,6,-1.00,-1.00,-1.00,-1.00,0.1215,2.6,2.52,7.17,4.30,1.41,-33.02,1.57,-10.00
22,6,-1.00,-1.00,-1.00,-1.00,0.1184,4.1,2.92,14.76,-39.76,1.49,-50.71,2.89,-10.00
22,6,-1.00,-1.00,-1.00,-1.00,0.1175,4.0,2.68,15.66,-40.73,1.51,-48.98,2.94,-10.00
22,6,-1.00,-1.00,-1.00,-1.00,0.1165,4.1,3.04,14.94,10.98,0.08,-49.92,-3.09,-10.00
23,6,1102.10,281.43,1600.00,531.89,0.2102,4.1,2.90,15.62,13.29,1.07,23.30,0.08,-10.00
23,6,-1.00,-1.00,-1.00,-1.00,0.1888,3.8,2.84,12.44,-32.06,1.61,-21.11,-1.56,-10.00
23,6,-1.00,-1.00,-1.00,-1.00,0.1328,3.6,2.73,10.77,-30.56,1.78,1.29,1.59,-10.00
23,6,-1.00,-1.00,-1.00,-1.00,0.1056,3.4,2.88,15.81,-35.37,2.42,-0.89,0.02,-10.00
23,6,-1.00,-1.00,-1.00,-1.00,0.1045,4.0,2.87,14.20,-31.17,1.80,19.39,1.47,-10.00
24,6,-1.00,-1.00,-1.00,-1.00,0.2077,4.0,2.85,13.22,-31.26,1.65,-9.36,-1.59,-10.00
24,6,-1.00,-1.00,-1.00,-1.00,0.1444,3.9,2.72,12.33,-30.57,2.42,-1.21,-1.54,-10.00
24,6,-1.00,-1.00,-1.00,-1.00,0.1155,4.2,2.97,15.11,-31.13,1.61,-18.79,-1.61,-10.00
25,6,-1.00,-1.00,-1.00,-1.00,0.1788,3.9,2.82,13.14,-31.63,1.49,-26.45,-1.59,-10.00
25,6,-1.00,-1.00,-1.00,-1.00,0.1257,2.6,2.86,18.75,-29.23,1.24,-30.49,0.07,-10.00
25,6,-1.00,-1.00,-1.00,-1.00,0.1245,4.2,3.08,15.27,-21.40,0.93,-32.91,1.58,-10.00
25,6,0.00,423.53,55.82,571.02,0.1234,4.1,2.97,17.04,-32.60,2.90,37.51,3.13,-10.00
25,6,-1.00,-1.00,-1.00,-1.00,0.1145,3.6,3.01,14.78,14.86,0.09,-45.77,-3.13,-10.00
25,6,1100.29,404.53,1600.00,534.18,0.1117,4.0,3.07,15.65,17.24,2.04,41.39,-3.14,-10.00
25,6,-1.00,-1.00,-1.00,-1.00,0.1093,4.2,2.97,16.16,-31.50,1.33,-14.70,-1.57,-10.00
25,6,-1.00,-1.00,-1.00,-1.00,0.1009,3.9,2.82,13.52,-30.51,1.89,-3.70,-1.60,-10.00
26,6,-1.00,-1.00,-1.00,-1.00,0.2213,4.2,2.87,16.14,-31.58,1.68,-19.30,-1.62,-10.00
26,6,-1.00,-1.00,-1.00,-1.00,0.1489,3.4,2.61,10.73,-30.58,2.27,9.79,-1.50,-10.00
26,6,-1.00,-1.00,-1.00,-1.00,0.1321,4.0,3.30,16.41,-23.50,1.63,-44.97,1.59,-10.00
27,6,-1.00,-1.00,-1.00,-1.00,0.2066,4.0,2.89,14.41,-30.75,1.97,-10.82,-1.56,-10.00
27,6,-1.00,-1.00,-1.00,-1.00,0.2030,3.9,2.64,12.75,-30.72,2.62,5.60,-1.62,-10.00
27,6,-1.00,-1.00,-1.00,-1.00,0.1120,3.4,2.84,15.53,-26.97,2.73,18.17,-0.06,-10.00
27,6,-1.00,-1.00,-1.00,-1.00,0.1053,4.0,3.01,11.67,-50.03,5.06,40.94,1.49,-10.00
27,6,0.00,397.89,44.06,598.25,0.1000,4.1,3.03,16.41,-26.65,2.73,28.05,0.02,-10.00
28,6,-1.00,-1.00,-1.00,-1.00,0.1258,3.8,3.15,16.17,-30.82,2.01,-14.83,-1.46,-10.00
28,6,-1.00,-1.00,-1.00,-1.00,0.1002,3.4,2.86,11.38,-30.73,2.35,0.92,-1.55,-10.00
29,6,1027.76,364.27,1600.00,516.09,0.1686,4.2,3.02,16.32,14.55,1.30,38.16,0.04,-10.00
31,6,1082.54,381.27,1255.94,521.98,0.2025,4.2,3.04,15.30,12.29,1.83,46.92,-1.51,-10.00
31,6,-1.00,-1.00,-1.00,-1.00,0.1673,2.0,2.17,4.50,-35.93,2.95,26.60,-1.16,-10.00
31,6,1196.50,367.44,1600.00,504.38,0.1544,4.3,3.09,17.03,22.12,1.07,44.18,0.13,-10.00
31,6,-1.00,-1.00,-1.00,-1.00,0.1443,4.1,2.99,14.99,40.51,-0.05,43.02,0.08,-10.00
31,6,-1.00,-1.00,-1.00,-1.00,0.1245,4.1,2.86,14.59,-18.60,1.90,9.78,-3.05,-10.00
32,6,1098.14,369.78,1283.79,523.37,0.4099,4.2,2.91,15.16,12.15,1.76,43.75,-1.51,-10.00
32,6,266.20,422.35,678.03,538.49,0.1230,4.2,3.05,16.06,-14.06,2.64,49.69,-2.94,-10.00
32,6,0.00,473.12,43.41,530.25,0.1182,2.0,1.94,2.99,-30.87,2.19,45.98,-0.01,-10.00
33,6,1126.96,345.52,1379.39,528.11,0.5569,4.2,2.89,15.16,11.99,1.66,37.49,-1.53,-10.00
33,6,-1.00,-1.00,-1.00,-1.00,0.2101,2.2,1.94,3.24,-31.24,2.04,40.82,0.15,-10.00
33,6,0.00,426.46,34.88,528.80,0.1546,3.5,2.94,13.83,-38.51,2.32,50.83,1.66,-10.00
33,6,-1.00,-1.00,-1.00,-1.00,0.1402,4.3,3.08,14.99,31.70,0.34,32.88,3.11,-10.00
33,6,939.73,406.53,1358.93,521.23,0.1208,4.2,3.12,15.74,12.54,1.94,49.67,-0.01,-10.00
33,6,1073.57,380.45,1248.79,520.34,0.1161,4.3,3.09,16.12,12.45,1.83,48.76,1.61,-10.00
33,6,-1.00,-1.00,-1.00,-1.00,0.1110,4.1,3.01,15.80,-30.37,1.53,0.98,2.99,-10.00
34,6,1470.64,377.93,1600.00,505.11,0.1967,4.3,3.13,16.12,32.32,1.17,45.59,3.12,-10.00
34,6,-1.00,-1.00,-1.00,-1.00,0.1774,2.1,1.98,3.84,-38.90,2.15,40.72,0.12,-10.00
34,6,1339.74,392.37,1558.90,513.40,0.1425,4.2,2.93,13.62,25.68,1.68,52.89,-1.52,-10.00
34,6,0.00,373.40,262.37,559.46,0.1213,4.1,2.95,16.28,-22.34,2.01,29.68,3.07,-10.00
34,6,972.15,462.75,1055.28,530.65,0.1055,2.2,2.24,4.77,6.35,2.06,43.09,-1.54,-10.00
35,6,-1.00,-1.00,-1.00,-1.00,0.2103,4.3,3.17,14.38,33.23,0.82,22.51,3.14,-10.00
35,6,-1.00,-1.00,-1.00,-1.00,0.1941,4.2,3.00,15.45,31.13,1.83,34.41,-3.06,-10.00
35,6,480.30,397.00,655.85,538.20,0.1534,4.0,3.16,15.24,-8.41,2.34,43.35,1.55,-10.00
35,6,944.18,446.73,1077.68,534.47,0.1533,2.5,2.07,3.58,5.49,1.92,37.70,3.08,-10.00
35,6,965.03,449.69,1061.38,531.14,0.1468,2.4,2.31,4.77,5.87,1.93,40.01,-1.58,-10.00
35,6,-1.00,-1.00,-1.00,-1.00,0.1265,3.5,2.88,14.53,19.66,1.58,8.10,3.09,-10.00
35,6,-1.00,-1.00,-1.00,-1.00,0.1046,4.2,3.16,16.13,-23.07,-2.19,-48.93,-1.46,-10.00
35,6,-1.00,-1.00,-1.00,-1.00,0.1033,4.3,3.12,14.99,49.73,0.02,21.88,-0.13,-10.00
36,6,-1.00,-1.00,-1.00,-1.00,0.2009,4.0,2.80,9.58,31.11,1.40,32.83,-0.04,-10.00
36,6,-1.00,-1.00,-1.00,-1.00,0.1865,4.1,2.85,13.58,31.14,1.17,29.09,-3.12,-10.00
36,6,-1.00,-1.00,-1.00,-1.00,0.1664,4.3,3.22,14.80,48.61,-0.56,16.65,-0.08,-10.00
36,6,-1.00,-1.00,-1.00,-1.00,0.1539,3.1,2.13,3.70,-39.85,1.37,-48.86,-1.51,-10.00
36,6,-1.00,-1.00,-1.00,-1.00,0.1459,3.0,2.00,3.97,-36.19,1.89,4.88,-1.41,-10.00
36,6,-1.00,-1.00,-1.00,-1.00,0.1263,4.1,3.11,15.70,-41.69,3.35,8.23,0.15,-10.00
36,6,-1.00,-1.00,-1.00,-1.00,0.1239,4.3,3.06,13.59,-43.59,-0.62,-33.46,0.06,-10.00
36,6,375.70,401.49,591.01,588.10,0.1121,4.2,2.97,16.94,-9.39,3.13,36.98,-1.65,-10.00
36,6,1211.48,272.41,1600.00,577.36,0.1049,4.3,3.04,16.55,11.89,1.96,26.06,1.60,-10.00
36,6,950.56,357.73,1600.00,530.61,0.1049,4.2,3.01,15.91,11.39,1.51,32.88,-0.00,-10.00
36,6,-1.00,-1.00,-1.00,-1.00,0.1020,4.1,3.04,17.03,-44.23,2.37,19.22,-0.05,-10.00
37,6,-1.00,-1.00,-1.00,-1.00,0.2106,4.2,2.92,14.45,31.34,1.34,23.67,-3.10,-10.00
37,6,-1.00,-1.00,-1.00,-1.00,0.1243,4.1,3.06,14.57,31.05,0.56,-14.00,2.87,-10.00
37,6,-1.00,-1.00,-1.00,-1.00,0.1038,4.2,2.92,14.95,33.28,1.06,11.51,-3.13,-10.00
37,6,-1.00,-1.00,-1.00,-1.00,0.1012,4.2,3.00,15.53,32.61,1.42,27.59,3.13,-10.00
37,6,-1.00,-1.00,-1.00,-1.00,0.1003,3.3,2.90,16.99,-36.24,1.91,-18.86,-0.08,-10.00
38,6,1129.31,367.36,1399.77,546.47,0.1989,4.2,3.01,15.20,12.25,2.22,37.43,-1.55,-10.00
38,6,-1.00,-1.00,-1.00,-1.00,0.1112,4.2,3.33,14.06,7.54,0.80,-42.84,-1.52,-10.00
39,6,1045.92,368.47,1391.46,513.71,0.2080,3.7,3.08,15.10,12.26,1.31,42.20,1.28,-10.00
39,6,-1.00,-1.00,-1.00,-1.00,0.1330,4.1,3.02,14.61,-31.16,-0.10,-50.74,3.10,-10.00
39,6,1169.51,326.26,1450.71,518.55,0.1181,3.8,2.88,14.03,11.96,1.16,33.09,-1.50,-10.00
39,6,-1.00,-1.00,-1.00,-1.00,0.1153,4.1,2.93,16.13,31.95,0.51,-32.52,-3.11,-10.00
39,6,-1.00,-1.00,-1.00,-1.00,0.1053,4.2,3.06,16.59,-50.28,-0.75,-49.64,-0.02,-10.00
