0,6,-1.00,-1.00,-1.00,-1.00,0.5606,4.3,3.07,15.28,29.57,1.57,-13.31,1.08,-10.00
0,6,1593.46,386.72,1600.00,508.13,0.3989,4.2,2.91,12.28,35.20,1.44,49.69,2.58,-10.00
0,6,-1.00,-1.00,-1.00,-1.00,0.1495,2.2,1.72,4.09,34.44,0.95,20.04,1.11,-10.00
0,6,-1.00,-1.00,-1.00,-1.00,0.1381,4.0,2.93,13.96,29.51,0.35,-37.37,-2.55,-10.00
0,6,1575.90,356.99,1600.00,481.46,0.1221,3.4,3.03,15.47,34.35,0.16,42.00,-2.87,-10.00
0,6,-1.00,-1.00,-1.00,-1.00,0.1169,4.1,2.78,12.41,36.44,0.99,48.11,2.53,-10.00
0,6,-1.00,-1.00,-1.00,-1.00,0.1078,4.0,3.00,11.93,36.50,0.34,-23.24,2.71,-10.00
0,6,328.00,433.42,418.01,525.40,0.1009,2.8,1.99,3.04,-14.67,1.77,40.69,-1.65,-10.00
1,6,1524.27,371.58,1600.00,504.45,0.8557,4.4,2.72,12.39,31.36,1.22,46.67,2.68,-10.00
1,6,384.61,422.47,663.40,548.17,0.3798,3.3,2.80,12.77,-8.92,2.40,39.62,-1.31,-10.00
1,6,0.00,425.19,425.32,575.12,0.1269,4.0,2.93,15.29,-20.16,2.98,37.69,2.80,-10.00
1,6,-1.00,-1.00,-1.00,-1.00,0.1051,4.2,2.87,12.58,37.25,1.46,51.71,-0.85,-10.00
2,6,362.56,421.32,667.45,552.34,0.5176,3.3,2.96,12.59,-8.87,2.43,38.43,-1.27,-10.00
2,6,1489.96,371.03,1600.00,508.43,0.3168,4.3,2.89,12.61,28.80,1.29,43.78,2.69,-10.00
2,6,-1.00,-1.00,-1.00,-1.00,0.1054,4.2,2.96,13.91,39.63,0.33,-19.79,2.59,-10.00
2,6,-1.00,-1.00,-1.00,-1.00,0.1045,2.6,1.78,4.00,34.87,-1.05,-23.01,2.69,-10.00
3,6,364.40,412.55,665.21,551.42,0.7177,3.4,2.91,13.04,-8.58,2.34,37.39,-1.33,-10.00
3,6,-1.00,-1.00,-1.00,-1.00,0.1691,4.3,3.04,14.81,39.17,-0.20,-21.36,-0.42,-10.00
3,6,1453.67,378.04,1600.00,525.24,0.1252,4.3,3.12,13.05,26.36,1.79,41.49,2.63,-10.00
4,6,353.16,414.59,687.46,552.59,0.6451,3.3,2.92,13.54,-8.23,2.34,36.98,-1.26,-10.00
4,6,1343.36,400.04,1600.00,506.60,0.2602,2.7,2.76,12.16,20.54,1.00,35.92,2.74,-10.00
4,6,-1.00,-1.00,-1.00,-1.00,0.1431,3.4,2.97,14.85,33.74,0.49,38.05,-2.73,-10.00
5,6,307.89,411.59,659.48,557.69,0.8254,3.3,2.91,12.78,-8.79,2.33,35.03,-1.25,-10.00
5,6,1282.42,344.94,1600.00,526.62,0.7614,4.3,2.75,10.97,17.08,1.48,33.58,2.60,-10.00
5,6,1433.70,360.35,1600.00,524.89,0.1049,4.3,3.16,15.53,24.83,1.61,37.75,2.65,-10.00
6,6,266.24,415.01,637.69,569.87,0.9265,3.3,2.92,12.99,-9.18,2.50,33.61,-1.29,-10.00
6,6,1173.01,336.65,1537.96,541.10,0.8630,4.3,2.76,10.20,12.90,1.65,30.03,2.56,-10.00
6,6,1354.45,375.36,1600.00,528.06,0.2442,3.7,2.91,12.80,20.35,1.55,34.33,2.70,-10.00
6,6,1261.64,352.31,1600.00,538.39,0.1344,4.2,3.10,16.22,17.38,1.96,36.33,1.52,-10.00
6,6,-1.00,-1.00,-1.00,-1.00,0.1206,3.6,2.48,5.67,41.90,2.05,13.63,2.56,-10.00
6,6,507.02,425.68,688.57,552.68,0.1111,2.9,2.18,6.86,-5.74,2.10,32.68,-1.36,-10.00
6,6,1001.33,400.66,1432.78,512.87,0.1056,3.9,3.04,15.06,14.29,1.50,46.74,-0.00,-10.00
6,6,1032.17,426.96,1135.85,538.76,0.1042,4.1,3.06,13.57,10.58,2.88,52.90,-1.45,-10.00
7,6,1000.40,300.67,1461.34,535.85,0.8855,4.2,2.78,11.67,9.04,1.36,26.83,2.54,-10.00
7,6,173.85,392.47,567.37,555.42,0.7054,3.2,2.85,12.84,-10.48,2.03,31.40,-1.36,-10.00
7,6,-1.00,-1.00,-1.00,-1.00,0.1690,4.4,3.32,13.97,47.12,0.80,16.72,2.54,-10.00
7,6,-1.00,-1.00,-1.00,-1.00,0.1431,4.2,2.94,13.53,48.91,0.84,15.40,2.57,-10.00
7,6,-1.00,-1.00,-1.00,-1.00,0.1169,3.9,2.73,6.64,38.72,0.46,-30.05,2.56,-10.00
7,6,0.00,394.02,262.97,523.49,0.1094,4.1,2.90,14.60,-26.72,2.00,49.16,1.55,-10.00
8,6,58.81,364.15,486.97,539.55,0.9029,3.2,2.88,12.58,-11.98,1.61,29.47,-1.42,-10.00
8,6,810.98,265.72,1326.60,541.39,0.8585,4.2,2.83,11.21,5.05,1.30,23.82,2.49,-10.00
8,6,1076.97,325.85,1600.00,542.08,0.1280,4.3,3.06,15.45,13.14,1.62,29.42,2.69,-10.00
8,6,358.99,405.89,534.78,535.30,0.1131,2.7,2.08,5.27,-8.52,1.48,28.70,-1.50,-10.00
9,6,0.00,387.58,422.17,592.97,0.9148,3.4,2.85,13.09,-13.36,2.37,27.13,-1.39,-10.00
9,6,526.79,249.76,1143.55,598.14,0.7804,4.2,2.85,10.10,0.64,1.75,19.48,2.44,-10.00
10,6,0.00,382.75,300.83,604.89,0.8287,3.2,2.84,13.48,-15.22,2.29,24.74,-1.47,-10.00
10,6,0.00,131.36,928.33,668.29,0.4549,4.3,2.84,10.59,-3.36,1.79,14.66,-0.79,-10.00
10,6,-1.00,-1.00,-1.00,-1.00,0.1112,4.1,2.89,14.64,-40.26,2.80,31.82,-1.97,-10.00
11,6,0.00,0.00,645.91,900.00,0.8159,4.2,2.82,12.46,-7.26,1.76,9.65,2.35,-10.00
11,6,0.00,430.57,35.61,712.15,0.2274,3.0,2.80,10.65,-16.76,2.86,18.71,-1.54,-10.00
11,6,686.96,438.44,799.39,552.77,0.1384,4.2,3.01,14.01,-3.84,3.42,53.13,1.38,-10.00
11,6,-1.00,-1.00,-1.00,-1.00,0.1377,3.5,2.88,7.44,-4.93,0.88,-32.96,1.20,-10.00
12,6,-1.00,-1.00,-1.00,-1.00,0.9197,4.1,2.80,12.42,-10.30,1.58,3.47,2.23,-10.00
12,6,-1.00,-1.00,-1.00,-1.00,0.1196,3.9,2.93,13.08,-19.72,2.07,22.26,1.29,-10.00
12,6,-1.00,-1.00,-1.00,-1.00,0.1084,4.2,2.99,14.32,-1.50,0.79,-37.21,1.14,-10.00
13,6,-1.00,-1.00,-1.00,-1.00,0.9179,3.3,2.88,13.05,-19.90,2.04,12.18,-1.71,-10.00
13,6,-1.00,-1.00,-1.00,-1.00,0.8121,4.2,2.85,11.46,-13.14,1.46,-3.73,2.16,-10.00
13,6,-1.00,-1.00,-1.00,-1.00,0.2342,3.0,2.67,8.51,-21.65,1.64,6.54,3.00,-10.00
13,6,-1.00,-1.00,-1.00,-1.00,0.1330,2.8,2.97,16.94,-40.79,1.94,10.19,0.14,-10.00
13,6,-1.00,-1.00,-1.00,-1.00,0.1133,4.1,3.10,14.32,2.22,0.57,-40.67,0.98,-10.00
13,6,-1.00,-1.00,-1.00,-1.00,0.1077,2.8,1.99,3.89,14.97,-0.51,-52.94,-1.62,-10.00
13,6,-1.00,-1.00,-1.00,-1.00,0.1043,3.7,2.97,14.38,30.38,-0.66,-30.63,-2.82,-10.00
14,6,-1.00,-1.00,-1.00,-1.00,0.9036,3.3,2.92,13.19,-21.05,1.62,6.68,-1.81,-10.00
14,6,-1.00,-1.00,-1.00,-1.00,0.6803,4.1,2.83,10.63,-14.64,1.09,-11.24,2.07,-10.00
14,6,-1.00,-1.00,-1.00,-1.00,0.1718,1e+01,7.53,20.15,-49.27,1.59,-17.04,-1.36,-10.00
14,6,-1.00,-1.00,-1.00,-1.00,0.1666,3.6,3.11,14.70,5.72,0.46,-44.05,1.21,-10.00
14,6,-1.00,-1.00,-1.00,-1.00,0.1011,1.9,1.72,3.24,-30.62,1.86,-2.54,-2.48,-10.00
15,6,-1.00,-1.00,-1.00,-1.00,0.9016,3.3,2.95,13.52,-21.92,1.34,2.00,-1.88,-10.00
15,6,-1.00,-1.00,-1.00,-1.00,0.6727,4.0,2.78,10.58,-14.96,0.97,-19.23,1.97,-10.00
15,6,-1.00,-1.00,-1.00,-1.00,0.1904,3.9,2.80,8.36,-22.44,1.16,-3.51,2.88,-10.00
15,6,-1.00,-1.00,-1.00,-1.00,0.1353,1.1e+01,7.32,21.29,-47.41,0.74,-25.66,-1.33,-10.00
15,6,-1.00,-1.00,-1.00,-1.00,0.1173,3.9,2.98,14.82,32.41,-0.45,-19.81,-2.75,-10.00
15,6,-1.00,-1.00,-1.00,-1.00,0.1071,4.1,3.13,15.76,-32.67,1.35,-47.94,1.98,-10.00
15,6,386.41,410.67,769.55,561.30,0.1003,3.8,2.73,10.30,-6.82,2.48,35.51,2.60,-10.00
16,6,-1.00,-1.00,-1.00,-1.00,0.9371,3.5,2.92,12.98,-22.03,1.39,-3.70,-2.04,-10.00
16,6,-1.00,-1.00,-1.00,-1.00,0.2326,4.1,2.83,10.40,-14.04,0.75,-27.84,1.89,-10.00
16,6,-1.00,-1.00,-1.00,-1.00,0.2062,3.0,2.67,8.04,-21.46,0.97,-9.26,2.63,-10.00
16,6,-1.00,-1.00,-1.00,-1.00,0.1841,3.9,2.83,8.86,14.10,0.86,-46.06,0.64,-10.00
16,6,-1.00,-1.00,-1.00,-1.00,0.1014,3.7,2.93,15.26,18.23,1.04,-17.23,-2.84,-10.00
17,6,-1.00,-1.00,-1.00,-1.00,0.8993,3.3,2.88,13.11,-21.93,0.98,-8.85,-2.12,-10.00
17,6,-1.00,-1.00,-1.00,-1.00,0.4472,4.2,3.01,14.83,-12.83,0.72,-38.29,1.86,-10.00
17,6,-1.00,-1.00,-1.00,-1.00,0.2125,4.1,2.91,14.39,-10.41,0.59,-38.14,1.82,-10.00
17,6,-1.00,-1.00,-1.00,-1.00,0.1114,3.5,2.83,7.03,18.26,0.59,-47.52,0.58,-10.00
17,6,-1.00,-1.00,-1.00,-1.00,0.1099,4.1,3.01,13.53,47.80,0.28,-51.89,3.07,-10.00
17,6,-1.00,-1.00,-1.00,-1.00,0.1048,3.2,2.01,2.93,-26.85,1.03,-2.47,2.93,-10.00
18,6,-1.00,-1.00,-1.00,-1.00,0.8866,3.3,2.85,12.67,-21.18,1.24,-13.64,-2.13,-10.00
18,6,-1.00,-1.00,-1.00,-1.00,0.6223,4.3,3.02,14.00,-11.61,0.26,-45.90,1.76,-10.00
18,6,-1.00,-1.00,-1.00,-1.00,0.1875,1.2e+01,8.57,21.75,-39.17,1.35,-46.90,-1.48,-10.00
18,6,-1.00,-1.00,-1.00,-1.00,0.1395,4.0,2.90,10.31,20.76,1.11,-51.28,-2.57,-10.00
18,6,0.00,386.46,247.16,534.46,0.1369,4.1,2.97,15.74,-26.50,1.89,38.16,2.94,-10.00
18,6,-1.00,-1.00,-1.00,-1.00,0.1134,3.8,2.77,8.62,-29.00,1.42,13.85,-1.11,-10.00
18,6,1490.14,371.38,1600.00,493.30,0.1029,4.2,3.03,15.44,35.32,0.75,49.80,0.21,-10.00
19,6,-1.00,-1.00,-1.00,-1.00,0.8239,3.2,2.83,12.74,-20.90,1.21,-17.71,-2.19,-10.00
19,6,-1.00,-1.00,-1.00,-1.00,0.3508,4.1,2.94,11.19,-10.77,0.57,-52.92,1.73,-10.00
19,6,-1.00,-1.00,-1.00,-1.00,0.1859,3.8,2.78,8.83,-29.82,1.53,11.03,2.26,-10.00
19,6,-1.00,-1.00,-1.00,-1.00,0.1689,4.2,3.11,14.66,20.74,1.05,-54.82,-2.62,-10.00
19,6,1484.85,407.31,1600.00,520.91,0.1265,4.0,2.89,12.10,31.16,2.03,52.32,1.75,-10.00
19,6,-1.00,-1.00,-1.00,-1.00,0.1101,4.2,3.03,16.77,-41.54,1.03,-49.42,2.94,-10.00
19,6,-1.00,-1.00,-1.00,-1.00,0.1063,4.1,2.98,15.21,22.65,0.99,-29.80,-2.90,-10.00
19,6,-1.00,-1.00,-1.00,-1.00,0.1035,4.2,3.13,13.54,19.73,1.14,-51.72,-2.79,-10.00
19,6,-1.00,-1.00,-1.00,-1.00,0.1030,4.1,3.29,12.61,18.24,1.41,-55.01,-1.17,-10.00
20,6,-1.00,-1.00,-1.00,-1.00,0.8237,3.1,2.79,12.60,-20.74,1.10,-21.77,-2.21,-10.00
20,6,1472.56,384.43,1600.00,517.28,0.1400,4.2,2.95,15.00,29.92,1.72,49.26,1.70,-10.00
21,6,-1.00,-1.00,-1.00,-1.00,0.7426,3.2,2.80,12.71,-19.69,0.97,-27.35,-2.19,-10.00
21,6,1490.86,348.04,1600.00,510.67,0.1811,4.3,3.14,16.61,28.75,1.25,44.53,1.69,-10.00
21,6,-1.00,-1.00,-1.00,-1.00,0.1392,4.0,3.01,15.52,36.72,0.57,-44.97,0.11,-10.00
22,6,-1.00,-1.00,-1.00,-1.00,0.6899,3.3,2.87,12.70,-19.33,0.99,-31.50,-2.21,-10.00
22,6,1508.20,347.20,1600.00,517.47,0.5810,4.3,3.05,15.63,27.81,1.43,41.48,1.66,-10.00
22,6,-1.00,-1.00,-1.00,-1.00,0.1150,4.3,2.87,16.60,27.39,1.35,-31.98,1.48,-10.00
22,6,-1.00,-1.00,-1.00,-1.00,0.1101,3.2,3.11,15.72,-18.72,1.11,-44.68,1.81,-10.00
23,6,-1.00,-1.00,-1.00,-1.00,0.7286,3.1,2.73,12.82,-19.27,0.69,-35.93,-2.23,-10.00
23,6,-1.00,-1.00,-1.00,-1.00,0.2070,2.8,2.13,2.74,-9.57,0.84,-51.44,1.64,-10.00
23,6,-1.00,-1.00,-1.00,-1.00,0.1165,4.0,2.88,13.79,-20.32,1.71,1.63,-2.47,-10.00
23,6,-1.00,-1.00,-1.00,-1.00,0.1063,2.6,1.76,3.04,-8.97,0.86,-49.11,1.67,-10.00
23,6,-1.00,-1.00,-1.00,-1.00,0.1003,4.3,3.13,15.09,21.27,1.16,-21.36,-3.08,-10.00
24,6,-1.00,-1.00,-1.00,-1.00,0.7188,3.1,2.84,12.48,-19.22,0.50,-40.51,-2.29,-10.00
25,6,-1.00,-1.00,-1.00,-1.00,0.4319,3.4,2.89,13.76,-19.02,0.42,-44.21,-2.28,-10.00
25,6,-1.00,-1.00,-1.00,-1.00,0.1234,4.0,2.92,12.64,-45.09,-0.25,-52.57,2.22,-10.00
26,6,-1.00,-1.00,-1.00,-1.00,0.4197,3.4,2.91,14.19,-18.01,0.54,-49.59,0.85,-10.00
26,6,-1.00,-1.00,-1.00,-1.00,0.1477,3.3,2.94,14.23,-17.24,0.79,-47.22,-2.43,-10.00
27,6,-1.00,-1.00,-1.00,-1.00,0.1007,4.3,2.79,17.89,39.67,2.01,1.52,1.56,-10.00
28,6,687.73,397.24,797.38,525.87,0.2534,3.9,2.91,11.87,-2.80,1.96,45.59,1.59,-10.00
28,6,-1.00,-1.00,-1.00,-1.00,0.1628,3.0,2.43,6.32,-17.23,-0.67,-28.85,2.10,-10.00
28,6,427.25,385.89,606.36,513.18,0.1353,3.8,3.04,14.46,-11.30,1.49,47.83,1.59,-10.00
28,6,1372.34,354.44,1600.00,510.10,0.1328,4.3,3.15,17.49,26.01,1.28,46.55,1.53,-10.00
28,6,-1.00,-1.00,-1.00,-1.00,0.1095,4.4,2.66,17.98,39.20,1.57,-3.76,1.55,-10.00
29,6,629.78,353.54,777.71,528.79,0.5578,4.2,2.88,13.01,-3.26,1.67,37.04,1.59,-10.00
29,6,379.13,382.98,527.00,520.53,0.2144,4.0,2.66,9.60,-12.36,1.63,42.45,1.51,-10.00
29,6,-1.00,-1.00,-1.00,-1.00,0.1781,2.8,2.16,5.77,-16.12,-1.13,-33.87,-1.06,-10.00
29,6,1420.59,344.56,1600.00,518.21,0.1532,4.3,3.25,17.82,25.88,1.47,42.28,1.58,-10.00
29,6,-1.00,-1.00,-1.00,-1.00,0.1052,4.0,2.92,14.91,-29.82,2.52,0.12,1.51,-10.00
30,6,554.03,334.84,765.30,559.64,0.4439,3.9,2.82,12.12,-3.19,1.87,27.76,1.59,-10.00
30,6,386.33,386.82,537.97,516.42,0.1138,3.9,2.63,10.14,-12.80,1.57,45.07,1.55,-10.00
30,6,1382.30,351.92,1600.00,509.66,0.1077,4.3,3.17,17.27,26.06,1.25,46.31,1.57,-10.00
30,6,-1.00,-1.00,-1.00,-1.00,0.1019,3.4,3.16,15.34,-29.45,1.69,3.79,1.64,-10.00
31,6,-1.00,-1.00,-1.00,-1.00,0.1090,3.9,3.20,15.44,10.60,1.26,-33.08,-3.10,-10.00
32,6,-1.00,-1.00,-1.00,-1.00,0.1111,3.3,2.56,6.25,28.47,0.95,-9.33,-0.16,-10.00
33,6,1037.48,465.16,1159.08,538.36,0.1001,2.2,1.77,3.52,8.60,2.16,39.89,0.07,-10.00
33,6,914.29,433.27,1412.14,543.62,0.1001,3.3,2.87,15.10,10.48,2.28,40.14,0.00,-10.00
34,6,1467.48,348.16,1600.00,517.38,0.1895,4.2,2.91,15.76,26.74,1.42,41.32,-1.58,-10.00
35,6,-1.00,-1.00,-1.00,-1.00,0.1338,4.1,2.85,14.13,-13.56,-3.29,-46.06,-1.53,-10.00
35,6,995.36,412.12,1107.68,511.86,0.1297,3.3,2.68,10.19,8.56,1.52,48.97,-1.55,-10.00
36,6,10.05,419.24,427.77,543.90,0.1293,4.0,2.95,13.78,-21.27,2.53,44.09,-3.02,-10.00
36,6,1054.14,396.07,1198.34,520.13,0.1026,3.8,2.66,7.39,10.03,1.65,42.84,-1.64,-10.00
37,6,0.00,415.00,395.47,542.73,0.1306,3.7,2.95,14.19,-21.24,2.25,39.94,-3.05,-10.00
39,6,-1.00,-1.00,-1.00,-1.00,0.1178,1.9,1.60,2.72,6.88,0.77,-36.16,3.11,-10.00
39,6,915.77,409.22,1284.07,523.28,0.1119,4.1,2.94,13.47,10.28,1.97,48.26,0.02,-10.00
