0,6,1171.30,274.11,1510.53,445.71,0.4245,4.2,2.98,15.75,16.24,0.22,39.39,-1.62,-10.00
0,6,-1.00,-1.00,-1.00,-1.00,0.2335,4.1,3.32,15.51,-39.85,1.06,-26.23,-1.59,-10.00
0,6,-1.00,-1.00,-1.00,-1.00,0.1834,4.1,2.87,10.33,15.81,1.16,-24.78,1.56,-10.00
0,6,0.00,276.30,249.84,445.23,0.1680,4.3,3.18,16.55,-22.38,0.20,40.64,1.57,-10.00
0,6,-1.00,-1.00,-1.00,-1.00,0.1326,4.2,3.08,14.60,27.05,1.67,-22.27,3.07,-10.00
0,6,-1.00,-1.00,-1.00,-1.00,0.1258,4.0,2.84,10.76,21.80,1.44,-25.87,1.55,-10.00
0,6,823.99,319.86,1105.58,460.79,0.1041,4.2,2.88,15.03,5.63,0.72,45.03,1.19,-10.00
0,6,-1.00,-1.00,-1.00,-1.00,0.1029,3.8,2.99,14.96,31.69,-0.06,20.03,-0.01,-10.00
1,6,-1.00,-1.00,-1.00,-1.00,0.3664,3.4,2.78,8.03,15.93,0.82,-27.20,1.52,-10.00
1,6,-1.00,-1.00,-1.00,-1.00,0.2125,3.6,2.92,13.56,12.18,2.03,-49.68,3.12,-10.00
1,6,-1.00,-1.00,-1.00,-1.00,0.1768,4.2,2.95,16.29,20.49,1.05,-3.04,3.04,-10.00
1,6,0.00,377.82,269.15,503.95,0.1628,4.1,2.74,17.33,-27.16,2.16,43.57,3.11,-10.00
1,6,-1.00,-1.00,-1.00,-1.00,0.1620,4.3,2.90,13.95,21.48,1.26,-31.30,1.56,-10.00
1,6,-1.00,-1.00,-1.00,-1.00,0.1345,4.1,3.33,15.65,-40.23,1.87,-28.87,-1.61,-10.00
1,6,-1.00,-1.00,-1.00,-1.00,0.1333,4.2,3.01,12.11,25.74,1.22,-27.08,-3.10,-10.00
1,6,-1.00,-1.00,-1.00,-1.00,0.1139,4.1,2.85,12.32,21.89,1.18,-22.09,-1.52,-10.00
1,6,-1.00,-1.00,-1.00,-1.00,0.1128,3.2,2.71,7.58,24.78,1.12,12.22,3.08,-10.00
1,6,923.87,360.21,1053.52,482.01,0.1104,4.1,3.02,14.99,7.67,1.54,50.35,1.59,-10.00
1,6,-1.00,-1.00,-1.00,-1.00,0.1044,4.1,2.99,14.49,21.88,1.91,-49.24,3.09,-10.00
1,6,1197.72,245.28,1600.00,456.42,0.1028,4.4,3.06,16.90,15.99,0.44,34.66,1.52,-10.00
2,6,-1.00,-1.00,-1.00,-1.00,0.3423,3.9,3.00,8.29,15.82,1.23,-31.43,1.60,-10.00
2,6,-1.00,-1.00,-1.00,-1.00,0.1022,4.3,2.91,16.70,21.49,2.11,-38.43,-1.70,-10.00
2,6,1244.55,227.87,1600.00,465.63,0.1012,4.3,3.09,16.04,16.39,0.55,30.85,1.47,-10.00
3,6,1090.39,370.34,1323.19,504.58,0.6485,4.1,3.00,9.81,14.14,2.08,43.72,1.35,-10.00
3,6,-1.00,-1.00,-1.00,-1.00,0.3707,4.0,3.10,8.44,15.75,1.26,-35.11,1.57,-10.00
3,6,-1.00,-1.00,-1.00,-1.00,0.2643,4.3,3.00,14.62,46.18,1.92,2.42,-3.14,-10.00
3,6,-1.00,-1.00,-1.00,-1.00,0.2114,4.3,2.97,16.61,21.54,1.32,-41.05,1.50,-10.00
3,6,-1.00,-1.00,-1.00,-1.00,0.2084,4.0,2.85,13.47,17.23,2.19,-25.37,-1.61,-10.00
3,6,1183.74,388.62,1600.00,529.60,0.2046,4.2,2.97,16.54,21.26,2.74,39.83,3.13,-10.00
3,6,-1.00,-1.00,-1.00,-1.00,0.1588,2.4,2.87,17.26,-30.30,1.69,-33.79,-0.06,-10.00
3,6,-1.00,-1.00,-1.00,-1.00,0.1581,4.3,3.10,17.00,42.62,1.04,-10.84,3.09,-10.00
3,6,0.00,357.65,264.23,493.19,0.1549,4.1,2.74,17.60,-26.45,1.69,41.03,3.10,-10.00
3,6,1008.39,302.88,1595.74,474.55,0.1535,4.2,2.99,16.11,14.17,0.95,34.46,2.91,-10.00
3,6,0.00,356.35,339.37,469.90,0.1506,4.2,3.01,15.96,-25.51,1.14,49.54,-2.90,-10.00
3,6,834.23,357.39,1337.79,488.63,0.1451,4.0,2.92,15.50,9.37,1.52,41.01,-3.06,-10.00
3,6,1149.13,385.30,1600.00,518.32,0.1410,4.1,3.02,16.69,20.58,2.57,41.79,3.00,-10.00
3,6,-1.00,-1.00,-1.00,-1.00,0.1283,2.0,1.99,3.55,-41.38,0.70,-32.51,-3.09,-10.00
3,6,0.00,198.25,310.19,540.42,0.1273,9.1,5.68,22.09,-23.57,2.80,44.72,1.54,-10.00
3,6,0.00,347.57,321.97,466.86,0.1269,4.1,2.97,16.88,-26.23,0.99,46.62,3.10,-10.00
3,6,0.00,370.21,279.50,498.33,0.1203,4.1,2.73,17.82,-26.72,1.93,43.09,-3.11,-10.00
3,6,1159.13,396.43,1343.36,536.86,0.1184,4.3,3.16,14.17,16.31,3.07,45.76,1.70,-10.00
3,6,98.40,384.25,354.70,520.17,0.1088,4.2,3.32,16.29,-20.12,2.60,47.26,-1.64,-10.00
3,6,1068.52,297.56,1600.00,475.96,0.1084,4.1,3.01,15.44,15.11,0.85,31.76,0.13,-10.00
3,6,-1.00,-1.00,-1.00,-1.00,0.1069,4.2,2.97,15.84,40.18,0.62,-13.94,3.10,-10.00
3,6,-1.00,-1.00,-1.00,-1.00,0.1066,4.1,2.93,15.29,43.18,1.58,6.10,-3.12,-10.00
4,6,1138.41,383.03,1355.33,530.59,0.5987,4.1,3.00,9.64,14.23,2.62,40.15,1.53,-10.00
4,6,-1.00,-1.00,-1.00,-1.00,0.4075,3.4,2.79,7.30,15.72,0.59,-37.68,1.57,-10.00
4,6,-1.00,-1.00,-1.00,-1.00,0.2399,4.1,2.96,12.76,25.84,1.00,-40.12,-3.08,-10.00
4,6,0.00,186.63,384.44,557.72,0.2166,9.4,6.77,21.50,-19.94,3.12,42.84,-1.63,-10.00
4,6,-1.00,-1.00,-1.00,-1.00,0.2128,4.1,2.91,12.57,21.31,0.94,-44.62,1.58,-10.00
4,6,-1.00,-1.00,-1.00,-1.00,0.1423,4.3,3.19,15.94,45.42,0.84,-14.29,3.12,-10.00
4,6,1093.25,398.42,1325.50,534.47,0.1352,4.2,3.11,15.37,14.99,3.05,46.87,1.55,-10.00
4,6,0.00,307.48,244.64,510.56,0.1185,4.2,3.06,16.43,-19.66,1.56,34.45,1.54,-10.00
4,6,-1.00,-1.00,-1.00,-1.00,0.1160,4.0,2.84,15.68,-17.09,1.54,-28.69,-1.63,-10.00
5,6,-1.00,-1.00,-1.00,-1.00,0.3812,3.2,2.00,2.76,41.55,1.20,-14.87,-0.12,-10.00
5,6,-1.00,-1.00,-1.00,-1.00,0.3094,4.5,3.33,16.33,47.16,1.01,-18.16,3.12,-10.00
5,6,-1.00,-1.00,-1.00,-1.00,0.3067,3.7,2.85,7.45,15.60,0.85,-42.06,1.58,-10.00
5,6,-1.00,-1.00,-1.00,-1.00,0.2265,3.0,1.85,2.70,40.11,1.14,-14.25,-0.17,-10.00
5,6,-1.00,-1.00,-1.00,-1.00,0.2094,4.2,3.02,16.13,21.21,2.36,-48.91,-1.57,-10.00
5,6,-1.00,-1.00,-1.00,-1.00,0.1739,4.2,2.90,14.12,19.76,2.23,6.83,1.49,-10.00
5,6,-1.00,-1.00,-1.00,-1.00,0.1688,4.1,2.96,12.45,25.32,1.81,-44.33,-3.07,-10.00
5,6,1167.63,326.20,1459.35,495.42,0.1602,4.1,2.92,11.08,14.38,1.42,35.97,1.49,-10.00
5,6,0.00,192.60,365.01,530.85,0.1489,8.4,5.92,20.86,-20.13,2.37,41.80,-1.60,-10.00
5,6,-1.00,-1.00,-1.00,-1.00,0.1344,4.0,2.88,8.33,28.75,1.44,-2.62,2.99,-10.00
5,6,-1.00,-1.00,-1.00,-1.00,0.1094,3.0,2.61,6.47,23.79,1.37,-3.12,3.05,-10.00
5,6,-1.00,-1.00,-1.00,-1.00,0.1065,4.2,3.03,15.91,25.63,2.53,10.62,1.16,-10.00
5,6,-1.00,-1.00,-1.00,-1.00,0.1024,4.1,3.01,14.25,28.56,2.60,15.31,-3.12,-10.00
6,6,790.18,350.38,1059.84,476.18,0.4240,4.1,3.03,13.28,4.67,1.28,47.60,1.07,-10.00
6,6,852.90,378.34,1071.57,511.36,0.4001,3.9,2.74,7.62,5.80,2.20,40.72,-0.74,-10.00
6,6,-1.00,-1.00,-1.00,-1.00,0.3616,3.4,2.15,4.60,42.84,1.56,-18.73,-0.11,-10.00
6,6,-1.00,-1.00,-1.00,-1.00,0.3051,4.2,2.99,15.06,15.55,1.58,-48.54,1.56,-10.00
6,6,-1.00,-1.00,-1.00,-1.00,0.2848,4.4,3.21,16.44,45.62,0.99,-21.67,3.13,-10.00
6,6,-1.00,-1.00,-1.00,-1.00,0.2360,4.2,3.07,16.09,12.47,1.37,-49.58,1.56,-10.00
6,6,-1.00,-1.00,-1.00,-1.00,0.1960,3.1,2.08,2.50,40.23,1.06,-18.65,-0.03,-10.00
6,6,-1.00,-1.00,-1.00,-1.00,0.1913,4.1,2.92,12.68,20.55,1.21,-51.88,1.65,-10.00
6,6,-1.00,-1.00,-1.00,-1.00,0.1863,3.5,2.36,2.68,35.87,1.14,-5.72,0.26,-10.00
6,6,-1.00,-1.00,-1.00,-1.00,0.1616,3.7,2.49,2.97,37.73,1.40,-5.67,0.22,-10.00
6,6,-1.00,-1.00,-1.00,-1.00,0.1467,4.4,2.88,17.06,19.66,2.06,3.19,-1.69,-10.00
6,6,-1.00,-1.00,-1.00,-1.00,0.1424,4.5,2.87,17.38,29.07,1.89,-12.66,-1.54,-10.00
6,6,-1.00,-1.00,-1.00,-1.00,0.1024,4.1,2.94,15.76,42.44,0.68,-24.79,3.11,-10.00
6,6,-1.00,-1.00,-1.00,-1.00,0.1011,4.2,3.14,13.74,26.11,2.00,-48.79,-3.01,-10.00
6,6,-1.00,-1.00,-1.00,-1.00,0.1002,2.5,2.20,4.76,-28.65,1.79,-52.46,-1.52,-10.00
7,6,-1.00,-1.00,-1.00,-1.00,0.5709,4.1,3.01,12.32,15.16,1.20,-50.99,-1.55,-10.00
7,6,-1.00,-1.00,-1.00,-1.00,0.3215,3.3,2.16,2.67,40.19,1.08,-21.96,0.01,-10.00
7,6,-1.00,-1.00,-1.00,-1.00,0.1457,1.9,1.77,3.11,20.70,1.10,-10.18,-0.19,-10.00
7,6,-1.00,-1.00,-1.00,-1.00,0.1237,2.6,2.22,5.48,38.14,0.78,-21.20,-0.12,-10.00
7,6,-1.00,-1.00,-1.00,-1.00,0.1188,4.2,2.99,15.25,20.20,0.70,-54.13,-1.48,-10.00
7,6,-1.00,-1.00,-1.00,-1.00,0.1174,3.8,3.07,15.70,-14.17,2.50,-40.66,1.57,-10.00
7,6,0.00,260.96,130.29,602.49,0.1062,4.3,3.02,16.70,-16.90,2.13,24.32,-1.77,-10.00
7,6,-1.00,-1.00,-1.00,-1.00,0.1019,4.2,3.09,14.51,24.63,0.85,-51.52,-3.08,-10.00
8,6,-1.00,-1.00,-1.00,-1.00,0.3252,4.4,3.32,17.41,42.20,0.90,-27.92,-3.14,-10.00
8,6,-1.00,-1.00,-1.00,-1.00,0.2672,4.0,2.91,11.06,15.64,1.39,-53.29,1.57,-10.00
8,6,-1.00,-1.00,-1.00,-1.00,0.1296,4.2,2.97,15.88,38.70,0.67,-31.18,3.11,-10.00
8,6,-1.00,-1.00,-1.00,-1.00,0.1006,4.1,2.69,14.62,12.05,1.85,-49.93,1.72,-10.00
9,6,-1.00,-1.00,-1.00,-1.00,0.4575,4.2,3.03,15.17,35.10,0.61,-30.54,3.11,-10.00
9,6,-1.00,-1.00,-1.00,-1.00,0.2083,3.9,3.03,14.85,-14.06,2.60,-42.73,1.62,-10.00
9,6,-1.00,-1.00,-1.00,-1.00,0.1992,4.2,3.05,14.32,24.58,2.25,-1.94,3.14,-10.00
9,6,-1.00,-1.00,-1.00,-1.00,0.1404,4.2,2.97,16.04,25.23,0.96,-33.90,3.13,-10.00
9,6,-1.00,-1.00,-1.00,-1.00,0.1275,4.2,3.01,15.69,36.15,0.46,-33.95,3.12,-10.00
9,6,748.90,394.69,1084.83,495.27,0.1104,3.6,2.97,12.50,4.98,2.04,48.51,-2.88,-10.00
9,6,-1.00,-1.00,-1.00,-1.00,0.1012,4.3,2.95,16.79,13.29,1.41,-33.86,1.66,-10.00
10,6,-1.00,-1.00,-1.00,-1.00,0.1938,2.9,2.75,7.55,0.61,2.24,-50.40,-1.55,-10.00
10,6,-1.00,-1.00,-1.00,-1.00,0.1895,3.5,2.83,14.20,-13.63,2.46,-45.86,1.54,-10.00
10,6,0.00,419.21,20.97,497.17,0.1172,3.0,2.37,5.87,-34.50,2.34,52.54,1.43,-10.00
10,6,-1.00,-1.00,-1.00,-1.00,0.1129,3.0,1.91,2.63,-34.07,1.70,49.59,-1.63,-10.00
11,6,1390.07,369.16,1600.00,534.55,0.2595,3.9,2.77,9.19,20.48,2.35,32.27,2.98,-10.00
11,6,-1.00,-1.00,-1.00,-1.00,0.1726,4.2,2.99,14.98,25.08,-0.08,-35.46,-3.07,-10.00
11,6,988.62,326.88,1270.35,512.67,0.1572,4.2,2.81,15.48,9.04,1.75,36.42,-1.65,-10.00
11,6,607.70,406.45,886.23,505.28,0.1403,3.3,2.91,12.94,-1.93,2.25,47.60,-2.29,-10.00
11,6,-1.00,-1.00,-1.00,-1.00,0.1305,4.1,2.93,16.71,-19.57,0.26,-32.46,3.12,-10.00
11,6,273.09,302.16,429.45,434.46,0.1181,3.9,2.50,9.25,-14.58,-0.18,43.14,1.53,-10.00
11,6,-1.00,-1.00,-1.00,-1.00,0.1144,4.1,3.03,15.91,-41.16,0.98,49.58,-3.03,-10.00
11,6,-1.00,-1.00,-1.00,-1.00,0.1113,4.1,3.01,16.09,-29.78,0.86,-2.84,-0.09,-10.00
11,6,-1.00,-1.00,-1.00,-1.00,0.1080,4.1,3.07,14.99,-17.91,1.19,-27.62,1.57,-10.00
11,6,-1.00,-1.00,-1.00,-1.00,0.1071,4.1,2.93,14.85,-13.38,2.71,-47.63,1.52,-10.00
12,6,-1.00,-1.00,-1.00,-1.00,0.2142,3.7,3.01,15.08,23.07,1.13,17.89,-0.03,-10.00
12,6,1019.66,349.44,1320.77,467.92,0.1561,4.2,3.18,14.19,15.52,1.14,50.03,2.55,-10.00
12,6,854.60,374.70,1196.37,488.29,0.1379,4.2,3.12,14.85,9.41,1.87,52.75,0.79,-10.00
12,6,-1.00,-1.00,-1.00,-1.00,0.1138,4.2,2.95,16.18,-17.17,1.15,-27.38,1.72,-10.00
12,6,0.00,341.37,206.64,507.09,0.1127,3.4,2.94,12.36,-19.93,1.45,28.29,3.09,-10.00
12,6,-1.00,-1.00,-1.00,-1.00,0.1123,4.3,3.16,15.43,33.10,0.97,-37.40,3.07,-10.00
12,6,-1.00,-1.00,-1.00,-1.00,0.1039,3.3,2.84,12.57,-13.25,2.51,-50.84,1.57,-10.00
13,6,-1.00,-1.00,-1.00,-1.00,0.1966,4.2,2.95,14.87,24.84,1.10,-39.77,3.12,-10.00
13,6,-1.00,-1.00,-1.00,-1.00,0.1420,4.1,2.95,16.26,-19.79,-0.07,-37.85,3.05,-10.00
13,6,-1.00,-1.00,-1.00,-1.00,0.1363,4.2,2.98,15.38,25.12,0.97,-43.12,-3.13,-10.00
13,6,-1.00,-1.00,-1.00,-1.00,0.1253,3.0,2.02,2.51,-32.88,1.01,46.61,2.73,-10.00
13,6,-1.00,-1.00,-1.00,-1.00,0.1179,4.3,3.07,16.84,-16.08,1.37,9.06,-1.61,-10.00
13,6,-1.00,-1.00,-1.00,-1.00,0.1044,4.3,3.09,16.22,20.07,0.18,-43.95,-1.63,-10.00
13,6,857.62,373.15,1181.58,488.62,0.1038,4.2,3.19,14.79,9.01,1.85,52.23,0.91,-10.00
14,6,1000.09,373.42,1206.71,472.54,0.1947,3.3,2.92,6.91,11.24,1.17,45.43,-2.21,-10.00
14,6,-1.00,-1.00,-1.00,-1.00,0.1916,4.3,2.97,14.85,24.30,1.00,-42.25,3.09,-10.00
14,6,1395.84,393.47,1600.00,501.53,0.1478,3.5,2.86,13.32,27.88,2.12,43.42,2.97,-10.00
14,6,-1.00,-1.00,-1.00,-1.00,0.1368,4.2,2.96,15.39,19.88,1.65,12.98,3.05,-10.00
14,6,609.80,402.72,934.43,498.54,0.1275,2.9,2.81,13.58,-1.02,1.84,43.93,0.82,-10.00
14,6,-1.00,-1.00,-1.00,-1.00,0.1269,3.7,3.10,15.41,-19.69,1.95,10.01,1.60,-10.00
14,6,-1.00,-1.00,-1.00,-1.00,0.1267,3.2,2.93,10.74,-17.79,3.24,-50.28,-0.08,-10.00
14,6,867.76,330.73,961.34,461.58,0.1006,4.0,2.81,11.00,4.34,0.75,43.90,-1.49,-10.00
15,6,-1.00,-1.00,-1.00,-1.00,0.8472,4.5,3.13,14.62,24.84,1.18,-44.29,-3.13,-10.00
15,6,166.31,379.61,289.82,468.63,0.2331,3.1,2.33,3.29,-19.98,1.06,45.25,-2.86,-10.00
15,6,-1.00,-1.00,-1.00,-1.00,0.1199,4.2,2.93,14.95,23.83,0.76,-47.54,-3.14,-10.00
15,6,208.28,399.22,353.67,479.69,0.1126,2.8,2.33,4.41,-18.51,1.47,46.31,0.27,-10.00
16,6,-1.00,-1.00,-1.00,-1.00,0.2648,4.3,2.97,13.64,24.37,0.55,-45.88,3.12,-10.00
16,6,-1.00,-1.00,-1.00,-1.00,0.1403,4.2,2.97,14.47,27.95,1.68,1.88,-3.09,-10.00
16,6,-1.00,-1.00,-1.00,-1.00,0.1231,3.3,2.99,14.59,14.40,1.99,-43.64,-3.05,-10.00
16,6,1033.33,356.37,1251.46,462.28,0.1123,3.2,2.88,6.55,11.51,0.75,41.43,-2.17,-10.00
16,6,-1.00,-1.00,-1.00,-1.00,0.1111,4.2,3.06,15.14,-51.23,0.29,44.13,-0.11,-10.00
16,6,-1.00,-1.00,-1.00,-1.00,0.1072,4.3,2.90,14.98,26.60,1.70,0.02,-3.10,-10.00
16,6,-1.00,-1.00,-1.00,-1.00,0.1040,2.1,2.27,5.12,-30.91,1.43,13.24,3.07,-10.00
17,6,-1.00,-1.00,-1.00,-1.00,0.4047,4.2,2.95,16.10,20.89,1.38,0.28,3.11,-10.00
17,6,-1.00,-1.00,-1.00,-1.00,0.2683,4.0,2.92,8.26,23.21,0.29,-46.99,3.10,-10.00
17,6,-1.00,-1.00,-1.00,-1.00,0.2172,4.2,3.22,14.18,-49.99,1.65,46.23,1.30,-10.00
17,6,-1.00,-1.00,-1.00,-1.00,0.1448,3.9,2.76,10.45,-47.89,0.98,16.59,-0.13,-10.00
17,6,-1.00,-1.00,-1.00,-1.00,0.1342,3.7,2.89,15.49,-17.61,1.38,-21.42,-1.62,-10.00
17,6,-1.00,-1.00,-1.00,-1.00,0.1284,4.1,2.97,16.25,-18.70,0.10,-44.99,3.07,-10.00
17,6,-1.00,-1.00,-1.00,-1.00,0.1179,4.3,3.06,14.96,22.29,1.47,-1.86,3.08,-10.00
17,6,-1.00,-1.00,-1.00,-1.00,0.1152,4.1,3.01,14.69,-41.97,2.91,51.79,-2.51,-10.00
17,6,-1.00,-1.00,-1.00,-1.00,0.1140,3.8,2.91,13.05,25.01,2.07,21.74,2.91,-10.00
17,6,-1.00,-1.00,-1.00,-1.00,0.1059,3.5,2.97,16.58,-32.14,3.02,22.42,-0.09,-10.00
17,6,0.00,393.24,170.72,509.26,0.1023,3.5,3.06,16.58,-28.93,2.17,40.58,3.11,-10.00
18,6,-1.00,-1.00,-1.00,-1.00,0.4797,4.1,2.83,9.55,25.70,0.12,-47.49,3.10,-10.00
18,6,-1.00,-1.00,-1.00,-1.00,0.1862,4.3,3.07,17.31,-13.87,0.64,-40.34,-1.63,-10.00
18,6,142.63,407.23,276.15,474.45,0.1188,2.0,1.80,3.31,-17.83,1.09,39.12,-1.04,-10.00
18,6,-1.00,-1.00,-1.00,-1.00,0.1111,4.0,2.70,8.53,41.73,0.35,-0.12,-0.11,-10.00
19,6,-1.00,-1.00,-1.00,-1.00,0.2236,4.1,3.05,13.90,-43.83,2.01,40.91,-0.65,-10.00
19,6,-1.00,-1.00,-1.00,-1.00,0.1642,3.9,2.75,8.34,-42.74,1.36,12.33,-0.22,-10.00
19,6,-1.00,-1.00,-1.00,-1.00,0.1610,3.0,3.05,9.69,-19.27,1.86,15.06,-0.11,-10.00
19,6,-1.00,-1.00,-1.00,-1.00,0.1550,3.4,2.91,13.96,32.42,0.06,-2.37,3.04,-10.00
19,6,-1.00,-1.00,-1.00,-1.00,0.1545,4.2,3.06,15.72,-12.57,1.87,-41.60,-1.74,-10.00
19,6,-1.00,-1.00,-1.00,-1.00,0.1138,1.7,1.72,2.74,-31.39,0.73,6.79,-1.65,-10.00
19,6,-1.00,-1.00,-1.00,-1.00,0.1127,4.1,2.93,15.93,22.78,1.42,-3.44,3.08,-10.00
19,6,646.50,354.93,939.30,471.17,0.1034,4.1,2.95,14.79,-0.29,1.20,51.13,-2.27,-10.00
19,6,1364.77,333.92,1600.00,496.64,0.1024,4.1,2.97,14.41,22.56,1.55,36.59,2.60,-10.00
20,6,-1.00,-1.00,-1.00,-1.00,0.3679,4.3,3.00,16.77,-11.58,1.44,-42.94,-1.70,-10.00
20,6,904.88,377.23,1165.31,505.73,0.2515,3.4,3.01,7.38,7.20,1.84,37.61,0.89,-10.00
20,6,-1.00,-1.00,-1.00,-1.00,0.1753,4.3,3.13,14.72,29.09,0.50,-48.23,3.06,-10.00
20,6,-1.00,-1.00,-1.00,-1.00,0.1367,4.1,2.98,14.99,23.12,1.01,-3.83,3.05,-10.00
20,6,759.82,314.99,874.08,473.17,0.1157,3.9,2.79,9.27,0.65,0.89,35.76,-1.59,-10.00
20,6,-1.00,-1.00,-1.00,-1.00,0.1142,4.2,3.03,16.02,-13.86,0.82,-41.67,1.56,-10.00
20,6,1016.63,306.90,1253.68,442.64,0.1007,4.2,3.18,16.00,12.43,0.13,47.69,1.48,-10.00
21,6,-1.00,-1.00,-1.00,-1.00,0.3471,4.1,2.96,14.15,-10.62,1.79,-43.43,1.44,-10.00
21,6,1031.35,317.19,1214.33,462.28,0.1656,4.1,2.88,15.08,11.08,0.75,43.68,1.61,-10.00
21,6,-1.00,-1.00,-1.00,-1.00,0.1391,2.3,2.64,6.39,-32.28,0.78,3.22,-1.69,-10.00
21,6,-1.00,-1.00,-1.00,-1.00,0.1333,4.3,2.94,17.30,11.07,1.27,-32.52,1.50,-10.00
21,6,-1.00,-1.00,-1.00,-1.00,0.1144,3.6,2.95,14.97,25.15,0.38,-3.84,2.97,-10.00
21,6,-1.00,-1.00,-1.00,-1.00,0.1132,3.4,2.96,14.83,-28.62,1.82,4.22,3.07,-10.00
22,6,-1.00,-1.00,-1.00,-1.00,0.5307,3.6,2.55,10.12,-32.61,0.55,2.07,1.46,-10.00
22,6,-1.00,-1.00,-1.00,-1.00,0.4570,4.1,3.07,16.03,-27.89,1.08,2.88,3.01,-10.00
22,6,-1.00,-1.00,-1.00,-1.00,0.1655,2.5,2.81,9.54,-15.38,1.47,11.58,-0.24,-10.00
22,6,-1.00,-1.00,-1.00,-1.00,0.1547,4.2,3.25,11.27,-38.80,1.09,7.40,-0.20,-10.00
22,6,-1.00,-1.00,-1.00,-1.00,0.1389,4.1,2.93,15.02,-9.54,1.90,-44.71,1.42,-10.00
22,6,-1.00,-1.00,-1.00,-1.00,0.1297,4.2,2.99,14.53,27.40,0.16,-54.03,1.43,-10.00
22,6,-1.00,-1.00,-1.00,-1.00,0.1247,4.2,2.76,16.36,12.25,1.41,-32.20,-1.69,-10.00
22,6,-1.00,-1.00,-1.00,-1.00,0.1240,4.0,3.16,15.02,-44.08,2.88,49.52,-2.21,-10.00
22,6,-1.00,-1.00,-1.00,-1.00,0.1209,3.8,2.89,15.70,-36.62,0.56,0.80,3.00,-10.00
23,6,-1.00,-1.00,-1.00,-1.00,0.6687,4.3,3.12,15.83,-8.85,2.05,-45.77,1.46,-10.00
23,6,-1.00,-1.00,-1.00,-1.00,0.3087,2.9,2.96,16.18,-27.84,1.32,1.96,3.00,-10.00
23,6,-1.00,-1.00,-1.00,-1.00,0.2342,4.2,3.20,15.33,-42.17,1.36,5.96,-0.17,-10.00
23,6,-1.00,-1.00,-1.00,-1.00,0.1838,2.8,2.71,9.33,-32.46,0.75,0.37,-1.71,-10.00
23,6,-1.00,-1.00,-1.00,-1.00,0.1621,4.2,2.99,15.56,-6.24,2.33,-43.07,1.36,-10.00
23,6,-1.00,-1.00,-1.00,-1.00,0.1507,4.2,3.05,15.94,22.51,1.10,-4.48,2.95,-10.00
23,6,-1.00,-1.00,-1.00,-1.00,0.1491,4.1,2.97,15.13,-11.94,1.43,-45.97,1.45,-10.00
23,6,-1.00,-1.00,-1.00,-1.00,0.1336,4.2,2.80,17.06,11.51,1.34,-32.55,-1.68,-10.00
23,6,-1.00,-1.00,-1.00,-1.00,0.1295,2.8,2.94,15.61,-37.19,1.00,-0.03,-0.12,-10.00
23,6,91.39,358.46,304.58,478.74,0.1125,4.3,3.09,15.38,-24.51,1.48,51.76,0.81,-10.00
23,6,-1.00,-1.00,-1.00,-1.00,0.1047,4.0,3.13,17.18,-11.78,2.00,-27.40,-1.77,-10.00
23,6,-1.00,-1.00,-1.00,-1.00,0.1029,4.2,2.91,16.94,13.53,1.53,-39.67,-1.68,-10.00
23,6,68.94,387.38,282.47,510.54,0.1019,4.1,2.84,13.81,-23.57,2.44,48.05,-2.36,-10.00
24,6,-1.00,-1.00,-1.00,-1.00,0.2040,4.3,3.01,15.62,-8.44,2.11,-46.20,-1.76,-10.00
24,6,-1.00,-1.00,-1.00,-1.00,0.2039,4.1,3.03,16.59,-41.98,1.67,5.47,-0.15,-10.00
24,6,-1.00,-1.00,-1.00,-1.00,0.2012,4.3,3.00,16.48,-15.79,1.39,-8.03,-1.73,-10.00
24,6,-1.00,-1.00,-1.00,-1.00,0.1550,4.1,2.91,15.08,-5.49,2.55,-43.97,1.39,-10.00
24,6,0.00,211.85,179.37,519.20,0.1429,6.6,4.95,17.80,-22.84,1.83,36.38,-1.75,-10.00
24,6,342.16,303.83,813.81,462.57,0.1259,4.1,2.98,15.11,-5.68,0.72,38.88,-0.74,-10.00
24,6,-1.00,-1.00,-1.00,-1.00,0.1129,4.2,3.02,15.03,19.25,-1.41,-51.38,-3.12,-10.00
24,6,-1.00,-1.00,-1.00,-1.00,0.1084,4.2,3.03,15.22,-11.98,1.33,-45.85,1.49,-10.00
24,6,-1.00,-1.00,-1.00,-1.00,0.1083,4.2,3.02,15.63,34.41,-2.02,-47.92,-0.13,-10.00
24,6,-1.00,-1.00,-1.00,-1.00,0.1049,4.2,3.04,15.11,24.57,1.92,-22.14,2.75,-10.00
24,6,-1.00,-1.00,-1.00,-1.00,0.1047,3.8,2.94,12.75,29.87,-1.46,-53.47,1.42,-10.00
24,6,0.00,306.57,113.42,489.71,0.1021,4.0,2.89,15.85,-26.07,1.22,31.75,2.81,-10.00
25,6,-1.00,-1.00,-1.00,-1.00,0.2257,4.1,3.05,16.40,-40.07,1.82,5.54,-0.24,-10.00
25,6,-1.00,-1.00,-1.00,-1.00,0.2202,3.2,2.89,8.41,-7.23,2.71,-49.01,-0.09,-10.00
25,6,-1.00,-1.00,-1.00,-1.00,0.1616,4.3,2.81,17.79,13.10,1.86,-33.61,-1.79,-10.00
25,6,-1.00,-1.00,-1.00,-1.00,0.1367,3.8,2.99,13.97,-8.27,2.41,-46.47,1.41,-10.00
25,6,0.00,274.00,492.27,582.72,0.1157,2.5,2.79,9.41,-7.84,1.23,12.46,-0.16,-10.00
25,6,-1.00,-1.00,-1.00,-1.00,0.1014,4.3,2.97,16.47,-16.18,1.33,-7.96,-1.71,-10.00
25,6,-1.00,-1.00,-1.00,-1.00,0.1011,3.6,2.94,13.90,-5.63,2.75,-44.46,-1.73,-10.00
25,6,-1.00,-1.00,-1.00,-1.00,0.1009,4.1,3.02,16.02,-43.16,1.61,2.74,-0.22,-10.00
26,6,-1.00,-1.00,-1.00,-1.00,0.4313,4.3,3.13,16.32,-8.25,1.97,-46.81,1.44,-10.00
26,6,-1.00,-1.00,-1.00,-1.00,0.2888,4.1,3.20,8.42,-31.93,1.82,6.92,-0.14,-10.00
26,6,-1.00,-1.00,-1.00,-1.00,0.1520,4.1,2.98,15.03,-11.62,1.50,-46.00,1.48,-10.00
26,6,165.20,336.60,395.09,476.56,0.1505,4.3,3.23,15.10,-18.89,1.23,46.01,-2.27,-10.00
26,6,0.00,339.60,666.14,612.96,0.1354,2.2,2.73,9.11,-5.88,1.48,12.51,-0.18,-10.00
26,6,-1.00,-1.00,-1.00,-1.00,0.1109,4.2,3.00,15.58,34.79,-1.88,-47.91,-0.16,-10.00
26,6,-1.00,-1.00,-1.00,-1.00,0.1003,4.1,2.97,14.58,-5.62,2.66,-44.87,-1.81,-10.00
27,6,-1.00,-1.00,-1.00,-1.00,0.4548,4.3,3.16,15.69,-7.61,2.42,-49.22,1.39,-10.00
27,6,0.00,317.21,869.17,575.99,0.3837,2.3,2.76,9.90,-4.29,1.25,12.93,-0.11,-10.00
27,6,-1.00,-1.00,-1.00,-1.00,0.2610,3.9,3.02,15.18,-5.92,2.06,-41.09,1.37,-10.00
27,6,-1.00,-1.00,-1.00,-1.00,0.1902,4.2,2.99,15.29,33.65,-1.56,-48.66,-0.00,-10.00
27,6,-1.00,-1.00,-1.00,-1.00,0.1875,4.0,2.96,8.07,-30.39,1.82,7.17,-0.11,-10.00
27,6,-1.00,-1.00,-1.00,-1.00,0.1262,4.1,3.02,15.32,-11.90,1.40,-45.76,1.45,-10.00
27,6,447.91,306.24,815.72,455.00,0.1176,3.2,2.78,8.00,-3.49,0.36,29.16,3.03,-10.00
27,6,302.13,384.52,756.60,513.04,0.1012,4.1,3.00,14.95,-8.66,2.46,43.70,2.84,-10.00
28,6,-1.00,-1.00,-1.00,-1.00,0.2830,4.0,3.02,16.00,-8.09,2.19,-41.53,-1.70,-10.00
28,6,640.77,281.26,1090.34,464.99,0.2466,4.0,2.92,10.33,1.81,0.60,30.27,-0.19,-10.00
28,6,636.72,291.08,763.37,452.53,0.1567,3.6,2.70,8.09,-2.40,0.34,32.19,-1.70,-10.00
28,6,-1.00,-1.00,-1.00,-1.00,0.1536,4.1,3.08,12.75,28.69,-1.07,-54.09,1.52,-10.00
28,6,-1.00,-1.00,-1.00,-1.00,0.1339,4.1,2.86,15.93,12.46,1.02,-24.03,1.38,-10.00
28,6,1143.19,337.65,1477.61,488.96,0.1337,4.2,2.92,15.43,16.67,1.46,42.56,1.43,-10.00
28,6,-1.00,-1.00,-1.00,-1.00,0.1269,4.0,2.96,8.40,28.33,-0.66,-49.01,3.08,-10.00
28,6,-1.00,-1.00,-1.00,-1.00,0.1167,4.2,2.96,15.67,20.37,1.25,-27.18,-1.74,-10.00
28,6,-1.00,-1.00,-1.00,-1.00,0.1066,4.0,3.01,15.11,-6.31,1.44,-51.98,-1.69,-10.00
28,6,-1.00,-1.00,-1.00,-1.00,0.1043,4.1,2.99,15.83,-33.96,1.97,13.06,2.93,-10.00
28,6,391.15,310.06,769.35,481.63,0.1040,3.7,2.73,8.17,-4.62,0.95,29.07,3.02,-10.00
29,6,-1.00,-1.00,-1.00,-1.00,0.3760,4.3,3.18,15.91,-7.12,1.95,-47.72,1.35,-10.00
29,6,-1.00,-1.00,-1.00,-1.00,0.1819,4.3,3.02,16.54,21.75,0.78,-31.79,-1.85,-10.00
29,6,-1.00,-1.00,-1.00,-1.00,0.1250,3.8,2.98,11.40,29.78,-0.63,-53.91,1.43,-10.00
29,6,-1.00,-1.00,-1.00,-1.00,0.1161,4.2,3.02,14.80,23.88,0.70,-4.51,2.91,-10.00
29,6,180.06,337.99,428.17,447.20,0.1091,3.4,2.67,7.59,-16.52,0.29,43.45,2.60,-10.00
29,6,758.55,305.33,859.88,418.52,0.1043,3.4,2.80,3.11,0.68,-0.68,41.10,1.42,-10.00
30,6,-1.00,-1.00,-1.00,-1.00,0.3090,3.9,2.86,8.73,43.46,1.32,-0.18,1.23,-10.00
30,6,-1.00,-1.00,-1.00,-1.00,0.2701,4.2,3.13,15.25,-7.42,2.04,-44.92,1.35,-10.00
30,6,-1.00,-1.00,-1.00,-1.00,0.1689,3.9,2.99,9.20,41.84,1.49,6.52,-1.76,-10.00
30,6,-1.00,-1.00,-1.00,-1.00,0.1364,4.3,2.97,15.69,-4.69,1.36,-42.21,-1.74,-10.00
30,6,-1.00,-1.00,-1.00,-1.00,0.1105,4.2,3.02,15.35,35.41,-1.53,-47.87,2.98,-10.00
31,6,-1.00,-1.00,-1.00,-1.00,0.2826,4.3,3.10,15.79,-6.34,1.88,-47.61,1.36,-10.00
31,6,-1.00,-1.00,-1.00,-1.00,0.2403,4.2,2.99,15.22,23.72,0.43,-35.26,-1.81,-10.00
31,6,-1.00,-1.00,-1.00,-1.00,0.2100,4.1,3.06,9.43,-23.15,2.10,5.04,0.02,-10.00
31,6,-1.00,-1.00,-1.00,-1.00,0.1653,4.1,2.88,15.50,-9.03,1.43,-45.64,1.47,-10.00
31,6,-1.00,-1.00,-1.00,-1.00,0.1537,4.0,2.99,16.12,-30.53,1.91,4.97,-0.16,-10.00
31,6,570.57,300.22,819.51,428.11,0.1425,4.2,3.18,14.70,-4.19,-0.49,50.63,0.99,-10.00
31,6,-1.00,-1.00,-1.00,-1.00,0.1245,4.1,2.96,15.63,23.26,0.79,-4.75,2.93,-10.00
31,6,-1.00,-1.00,-1.00,-1.00,0.1170,4.2,3.04,15.29,36.02,-1.41,-47.88,2.99,-10.00
31,6,-1.00,-1.00,-1.00,-1.00,0.1152,3.4,2.86,8.81,41.42,0.57,6.40,1.31,-10.00
31,6,-1.00,-1.00,-1.00,-1.00,0.1146,4.4,2.89,17.49,16.85,1.66,-1.88,1.38,-10.00
31,6,850.77,307.43,1102.78,444.06,0.1046,4.1,2.88,14.70,6.21,0.20,45.64,1.27,-10.00
32,6,-1.00,-1.00,-1.00,-1.00,0.3601,4.3,3.07,16.52,-6.11,2.27,-46.90,1.35,-10.00
32,6,-1.00,-1.00,-1.00,-1.00,0.1821,3.6,2.92,10.84,30.95,-1.50,-53.59,1.31,-10.00
32,6,-1.00,-1.00,-1.00,-1.00,0.1805,4.2,3.09,16.17,-27.50,1.98,4.29,-0.10,-10.00
32,6,-1.00,-1.00,-1.00,-1.00,0.1535,4.2,3.13,14.27,27.74,0.74,-29.06,2.81,-10.00
32,6,-1.00,-1.00,-1.00,-1.00,0.1525,4.2,3.01,15.01,25.02,-1.37,-54.11,0.77,-10.00
32,6,-1.00,-1.00,-1.00,-1.00,0.1522,4.1,2.93,14.98,-3.59,2.23,-43.79,-1.79,-10.00
32,6,-1.00,-1.00,-1.00,-1.00,0.1294,4.2,3.03,15.23,23.46,-1.45,-51.54,-3.13,-10.00
32,6,-1.00,-1.00,-1.00,-1.00,0.1267,4.2,3.02,15.66,-9.91,1.90,-46.02,1.37,-10.00
32,6,-1.00,-1.00,-1.00,-1.00,0.1189,3.9,2.84,13.90,-49.30,2.56,38.21,2.93,-10.00
32,6,-1.00,-1.00,-1.00,-1.00,0.1143,4.2,2.95,15.88,21.46,1.33,-3.43,2.96,-10.00
32,6,-1.00,-1.00,-1.00,-1.00,0.1136,4.1,3.04,16.44,-27.50,2.01,1.93,3.12,-10.00
32,6,564.31,284.25,701.11,476.10,0.1001,3.9,2.79,10.44,-3.77,0.82,31.42,-1.68,-10.00
33,6,-1.00,-1.00,-1.00,-1.00,0.3607,4.2,2.99,14.98,-5.88,2.05,-46.58,1.36,-10.00
33,6,-1.00,-1.00,-1.00,-1.00,0.1244,4.2,2.95,15.24,37.76,-1.73,-47.86,-0.23,-10.00
33,6,535.07,314.73,770.36,428.17,0.1145,4.1,2.97,13.16,-5.99,-0.48,52.85,-2.26,-10.00
33,6,-1.00,-1.00,-1.00,-1.00,0.1097,4.3,3.08,16.40,23.40,0.62,-32.50,1.31,-10.00
33,6,455.90,334.32,710.45,443.52,0.1071,4.0,2.88,12.45,-8.59,0.20,51.41,-2.43,-10.00
33,6,-1.00,-1.00,-1.00,-1.00,0.1013,4.2,2.92,14.92,-9.21,1.79,-46.53,1.40,-10.00
34,6,-1.00,-1.00,-1.00,-1.00,0.2593,4.3,3.01,15.72,-4.75,1.82,-47.74,1.31,-10.00
34,6,808.01,302.75,1018.62,442.08,0.1465,4.0,2.97,13.88,3.91,0.11,44.34,1.34,-10.00
34,6,511.92,280.22,663.06,488.22,0.1190,4.0,2.88,11.63,-5.00,1.02,30.38,-1.76,-10.00
34,6,-1.00,-1.00,-1.00,-1.00,0.1070,4.2,2.99,14.88,24.78,0.40,-5.00,2.85,-10.00
34,6,485.66,310.85,737.46,428.84,0.1061,4.2,3.07,13.94,-7.67,-0.45,52.34,0.84,-10.00
35,6,0.00,279.30,228.00,432.73,0.2465,4.0,2.93,12.17,-24.44,-0.26,39.92,2.32,-10.00
35,6,465.08,282.38,618.20,501.24,0.1469,4.1,2.82,11.79,-5.86,1.24,29.78,-1.78,-10.00
35,6,1578.44,295.87,1600.00,536.71,0.1360,4.3,3.06,14.07,26.15,1.81,29.67,-1.89,-10.00
35,6,-1.00,-1.00,-1.00,-1.00,0.1301,4.1,2.95,13.38,-13.74,1.84,-1.75,0.43,-10.00
35,6,-1.00,-1.00,-1.00,-1.00,0.1283,4.2,2.92,13.02,29.12,1.26,32.93,-2.92,-10.00
35,6,662.97,380.98,1113.44,502.86,0.1189,4.1,2.94,15.72,3.51,2.23,45.14,3.05,-10.00
36,6,366.64,246.64,525.31,456.78,0.2004,3.8,2.77,9.08,-7.47,0.36,27.44,-1.85,-10.00
36,6,-1.00,-1.00,-1.00,-1.00,0.1886,4.0,3.22,15.34,-6.05,2.10,-33.49,1.23,-10.00
36,6,-1.00,-1.00,-1.00,-1.00,0.1794,4.2,3.06,14.06,-20.92,1.34,-1.72,3.08,-10.00
36,6,568.26,425.94,631.31,510.62,0.1649,3.2,1.84,3.15,-7.25,2.72,48.81,1.24,-10.00
36,6,-1.00,-1.00,-1.00,-1.00,0.1548,4.2,3.16,14.62,-12.22,1.66,-4.38,0.49,-10.00
36,6,-1.00,-1.00,-1.00,-1.00,0.1405,4.0,3.02,11.77,36.48,-0.18,-52.79,-1.84,-10.00
36,6,529.97,418.89,606.08,503.58,0.1288,3.1,2.00,2.63,-8.25,2.42,47.56,-0.26,-10.00
36,6,-1.00,-1.00,-1.00,-1.00,0.1272,4.2,2.99,15.83,28.05,0.82,-3.79,2.78,-10.00
36,6,-1.00,-1.00,-1.00,-1.00,0.1058,4.3,3.26,15.17,-50.16,1.60,34.37,1.09,-10.00
36,6,-1.00,-1.00,-1.00,-1.00,0.1032,4.1,2.92,12.36,39.65,-0.51,-47.49,2.87,-10.00
36,6,593.13,452.65,638.61,504.41,0.1004,1.9,1.54,2.29,-6.35,2.42,47.14,1.49,-10.00
37,6,-1.00,-1.00,-1.00,-1.00,0.1537,4.3,3.14,14.73,-9.76,1.57,-8.15,0.52,-10.00
37,6,266.45,265.33,439.27,505.33,0.1440,3.9,2.68,8.42,-8.66,1.13,24.95,-1.93,-10.00
37,6,1137.90,419.99,1318.01,516.86,0.1361,3.1,2.20,5.42,14.97,2.53,43.11,-2.28,-10.00
37,6,1195.34,419.95,1348.23,514.07,0.1069,3.0,2.19,4.37,16.57,2.48,43.29,-2.27,-10.00
37,6,1280.30,401.22,1363.68,472.65,0.1058,2.3,1.94,2.41,18.17,1.15,42.96,-1.49,-10.00
37,6,816.53,323.84,1294.77,467.75,0.1022,4.0,2.90,15.05,8.54,0.88,39.27,-0.31,-10.00
38,6,-1.00,-1.00,-1.00,-1.00,0.1531,3.8,2.85,8.61,42.75,-0.50,-50.01,1.19,-10.00
38,6,-1.00,-1.00,-1.00,-1.00,0.1529,4.2,3.05,14.40,-6.86,1.51,-12.53,0.59,-10.00
38,6,-1.00,-1.00,-1.00,-1.00,0.1278,4.2,3.15,16.23,30.82,0.44,-32.17,-2.01,-10.00
38,6,1133.42,357.57,1236.11,461.75,0.1225,3.5,2.25,2.85,14.08,0.82,44.78,1.29,-10.00
38,6,-1.00,-1.00,-1.00,-1.00,0.1184,2.3,2.22,3.20,-44.04,1.51,27.16,-2.79,-10.00
38,6,-1.00,-1.00,-1.00,-1.00,0.1160,4.3,3.09,15.23,14.92,1.10,-31.04,-0.02,-10.00
38,6,1329.46,402.58,1439.56,519.88,0.1124,4.0,2.89,13.78,23.63,2.84,49.43,2.09,-10.00
38,6,-1.00,-1.00,-1.00,-1.00,0.1109,3.3,2.58,10.21,-34.19,1.18,8.19,-1.39,-10.00
38,6,943.34,363.39,1194.34,485.52,0.1108,3.9,2.89,8.16,9.78,1.55,44.40,-2.46,-10.00
