0,6,-1.00,-1.00,-1.00,-1.00,0.2944,4.2,2.95,14.08,34.22,2.03,22.86,-3.06,-10.00
0,6,-1.00,-1.00,-1.00,-1.00,0.1373,4.3,2.78,17.05,25.17,1.94,-21.59,1.55,-10.00
0,6,0.00,392.30,158.78,510.72,0.1137,2.5,2.01,4.56,-17.77,0.43,29.62,1.68,-10.00
0,6,0.00,330.34,208.88,505.67,0.1012,4.0,3.02,14.84,-23.10,0.30,31.98,0.16,-10.00
0,6,-1.00,-1.00,-1.00,-1.00,0.1010,4.2,3.05,15.98,19.91,1.97,-19.74,2.99,-10.00
1,6,-1.00,-1.00,-1.00,-1.00,0.3923,3.8,2.88,13.21,31.56,2.03,21.87,0.01,-10.00
1,6,0.00,334.51,81.11,508.62,0.3098,3.0,2.62,8.88,-19.32,0.33,26.78,-1.61,-10.00
2,6,-1.00,-1.00,-1.00,-1.00,0.2361,3.6,2.61,2.40,48.73,2.61,-7.14,0.15,-10.00
2,6,-1.00,-1.00,-1.00,-1.00,0.1499,3.6,2.66,2.37,47.17,2.10,-7.07,0.14,-10.00
2,6,-1.00,-1.00,-1.00,-1.00,0.1025,3.9,2.82,9.80,-20.31,-1.43,-53.97,-1.76,-10.00
2,6,-1.00,-1.00,-1.00,-1.00,0.1005,3.3,2.11,4.32,-20.63,0.90,23.95,-1.51,-10.00
3,6,-1.00,-1.00,-1.00,-1.00,0.1567,2.2,1.96,3.25,47.76,1.77,-0.39,0.32,-10.00
3,6,-1.00,-1.00,-1.00,-1.00,0.1495,3.6,3.11,15.84,-26.06,1.12,20.44,-0.08,-10.00
3,6,-1.00,-1.00,-1.00,-1.00,0.1424,4.2,2.90,15.67,23.42,1.87,-4.90,2.67,-10.00
3,6,1447.07,448.11,1600.00,560.62,0.1261,4.2,3.04,14.29,33.07,2.61,50.19,-3.04,-10.00
3,6,-1.00,-1.00,-1.00,-1.00,0.1058,4.2,3.01,16.09,32.96,1.52,18.15,-3.12,-10.00
3,6,-1.00,-1.00,-1.00,-1.00,0.1016,2.9,1.92,5.79,10.07,1.40,-5.90,-1.60,-10.00
4,6,-1.00,-1.00,-1.00,-1.00,0.1650,1.7,1.48,3.24,10.19,1.86,-8.77,1.56,-10.00
4,6,-1.00,-1.00,-1.00,-1.00,0.1569,4.0,3.06,15.12,44.33,-1.98,-49.21,3.08,-10.00
4,6,-1.00,-1.00,-1.00,-1.00,0.1269,3.2,2.29,2.69,47.96,1.97,-2.67,0.23,-10.00
4,6,1142.62,414.75,1222.98,503.49,0.1005,2.9,1.96,2.49,12.34,0.39,42.78,1.55,-10.00
5,6,1178.42,414.36,1247.47,507.70,0.1395,2.9,1.62,2.85,12.65,0.50,40.52,1.69,-10.00
6,6,-1.00,-1.00,-1.00,-1.00,0.2425,3.5,2.43,2.34,47.68,1.38,-8.72,0.13,-10.00
6,6,-1.00,-1.00,-1.00,-1.00,0.1209,2.5,1.86,5.25,-14.40,1.37,-19.99,1.56,-10.00
6,6,-1.00,-1.00,-1.00,-1.00,0.1120,4.1,2.90,15.22,-21.84,1.68,10.43,-1.61,-10.00
7,6,-1.00,-1.00,-1.00,-1.00,0.1503,3.3,2.28,3.00,47.58,1.68,-11.86,0.09,-10.00
7,6,191.97,415.46,453.58,508.05,0.1439,2.9,2.81,7.53,-16.20,0.51,41.96,3.12,-10.00
7,6,-1.00,-1.00,-1.00,-1.00,0.1339,4.2,3.07,14.78,31.50,1.09,6.95,3.12,-10.00
8,6,-1.00,-1.00,-1.00,-1.00,0.2507,4.0,2.97,14.53,-16.29,1.93,-34.64,1.64,-10.00
8,6,194.45,405.39,444.40,500.33,0.1794,2.8,2.81,6.73,-15.44,0.24,39.76,3.09,-10.00
8,6,-1.00,-1.00,-1.00,-1.00,0.1765,3.3,2.21,2.57,47.44,2.13,-15.07,-0.05,-10.00
8,6,-1.00,-1.00,-1.00,-1.00,0.1666,3.8,2.96,15.73,-15.64,1.65,-22.62,-1.60,-10.00
8,6,-1.00,-1.00,-1.00,-1.00,0.1056,3.6,2.68,13.95,-23.13,1.71,-0.35,1.47,-10.00
9,6,162.41,414.76,418.00,504.43,0.2036,2.5,2.79,6.38,-15.46,0.35,37.52,-3.10,-10.00
9,6,-1.00,-1.00,-1.00,-1.00,0.1245,4.1,2.84,14.38,32.35,2.49,33.26,-3.12,-10.00
10,6,952.26,387.23,1018.23,482.77,0.1657,3.5,2.51,6.30,6.90,-0.44,51.93,-1.45,-10.00
10,6,135.06,408.00,433.84,512.99,0.1522,2.8,2.78,7.26,-14.90,0.58,35.89,3.13,-10.00
10,6,-1.00,-1.00,-1.00,-1.00,0.1190,4.1,2.92,13.96,32.64,2.25,30.86,-3.10,-10.00
10,6,957.08,392.61,1026.01,480.26,0.1183,3.2,2.37,2.63,6.74,-0.48,48.95,1.60,-10.00
11,6,-1.00,-1.00,-1.00,-1.00,0.2310,2.3,1.67,3.11,39.45,0.98,23.62,-0.00,-10.00
11,6,-1.00,-1.00,-1.00,-1.00,0.1341,2.3,1.72,3.71,38.15,1.10,23.49,1.72,-10.00
11,6,-1.00,-1.00,-1.00,-1.00,0.1105,2.6,1.71,3.88,-18.54,1.19,-11.61,3.07,-10.00
12,6,-1.00,-1.00,-1.00,-1.00,0.1327,2.7,1.66,3.97,-18.32,1.07,-13.20,3.11,-10.00
13,6,958.11,393.07,1077.41,510.50,0.1584,3.7,3.30,4.97,6.74,0.63,43.08,1.58,-10.00
13,6,-1.00,-1.00,-1.00,-1.00,0.1119,4.3,3.12,15.75,16.09,-0.86,-47.40,-3.14,-10.00
14,6,-1.00,-1.00,-1.00,-1.00,0.1354,1.5,1.31,2.17,2.92,2.00,-15.55,1.57,-10.00
15,6,-1.00,-1.00,-1.00,-1.00,0.3142,4.0,3.28,10.17,36.03,1.86,21.49,-1.58,-10.00
15,6,-1.00,-1.00,-1.00,-1.00,0.1264,2.5,1.93,3.83,-17.74,0.81,-16.83,2.99,-10.00
15,6,-1.00,-1.00,-1.00,-1.00,0.1258,3.2,2.94,14.97,18.12,-0.96,-36.18,3.14,-10.00
15,6,32.38,336.98,429.69,524.57,0.1214,3.7,2.87,14.16,-13.88,0.79,32.42,-1.51,-10.00
15,6,950.90,428.90,1041.86,508.82,0.1208,2.5,2.18,4.42,5.94,0.56,42.31,-1.62,-10.00
15,6,1495.85,404.56,1600.00,532.82,0.1019,4.3,3.07,15.63,32.66,1.39,44.94,3.11,-10.00
16,6,-1.00,-1.00,-1.00,-1.00,0.1068,4.0,2.89,15.68,31.27,2.45,-26.08,3.08,-10.00
16,6,933.54,437.83,1029.10,516.78,0.1040,2.5,2.43,4.50,5.52,0.85,42.99,-1.62,-10.00
17,6,-1.00,-1.00,-1.00,-1.00,0.2057,4.2,2.90,14.83,35.81,2.04,21.17,-1.49,-10.00
17,6,50.14,318.42,412.89,526.19,0.1104,4.1,3.04,15.12,-14.03,0.82,32.76,-1.62,-10.00
18,6,-1.00,-1.00,-1.00,-1.00,0.1027,4.2,3.03,14.88,35.86,2.20,20.74,-1.48,-10.00
18,6,945.92,426.22,1042.11,525.69,0.1023,2.9,2.19,3.77,5.42,1.03,39.09,-1.64,-10.00
19,6,1109.23,358.93,1316.57,537.41,0.1012,4.2,3.02,15.99,11.13,1.22,37.65,1.69,-10.00
23,6,-1.00,-1.00,-1.00,-1.00,0.1143,2.6,3.03,15.27,-4.53,1.69,-20.34,-1.62,-10.00
25,6,-1.00,-1.00,-1.00,-1.00,0.3228,4.2,2.95,15.44,36.26,2.04,21.40,-1.44,-10.00
25,6,593.37,390.39,1081.24,523.76,0.1037,4.2,3.00,15.68,0.68,1.01,42.20,3.10,-10.00
27,6,-1.00,-1.00,-1.00,-1.00,0.1528,4.2,2.89,15.21,35.82,1.69,21.08,-1.49,-10.00
28,6,-1.00,-1.00,-1.00,-1.00,0.1562,4.2,2.98,15.14,36.22,1.70,20.56,-1.40,-10.00
28,6,1016.57,354.67,1244.05,496.62,0.1223,4.1,2.92,14.91,10.75,0.07,45.97,1.45,-10.00
29,6,1065.20,343.88,1323.93,518.59,0.1678,4.1,2.97,15.50,10.47,0.77,37.68,1.56,-10.00
30,6,-1.00,-1.00,-1.00,-1.00,0.1656,4.3,2.65,16.89,24.80,1.99,-3.85,-1.49,-10.00
30,6,-1.00,-1.00,-1.00,-1.00,0.1297,4.1,2.95,16.77,20.07,1.30,-2.78,3.00,-10.00
30,6,1038.81,386.61,1350.78,562.61,0.1118,4.1,3.05,15.41,10.25,1.80,37.35,1.46,-10.00
34,6,-1.00,-1.00,-1.00,-1.00,0.1972,3.9,3.01,10.29,35.45,1.47,20.26,-1.58,-10.00
34,6,548.58,477.18,719.71,610.63,0.1279,1.4,1.69,3.24,-2.11,1.33,15.48,1.54,-10.00
35,6,-1.00,-1.00,-1.00,-1.00,0.1538,4.1,3.18,10.36,35.71,1.60,20.17,-1.61,-10.00
36,6,-1.00,-1.00,-1.00,-1.00,0.2769,4.1,3.04,14.89,36.21,1.59,21.74,-1.48,-10.00
37,6,889.60,428.50,1041.17,505.31,0.1102,2.5,2.17,4.87,4.96,0.44,42.71,0.02,-10.00
38,6,-1.00,-1.00,-1.00,-1.00,0.1011,4.2,2.88,15.78,35.81,1.85,20.92,-1.56,-10.00
39,6,1486.94,387.02,1600.00,513.93,0.1142,4.2,3.04,14.98,31.97,0.74,44.98,3.08,-10.00
