0,6,-1.00,-1.00,-1.00,-1.00,0.2270,4.2,3.06,16.28,-46.44,0.01,-47.96,0.02,-10.00
0,6,1330.85,396.63,1600.00,523.55,0.2028,4.2,3.54,14.12,26.03,1.85,45.17,-3.13,-10.00
0,6,-1.00,-1.00,-1.00,-1.00,0.1384,4.1,2.78,15.56,24.39,0.10,-25.17,1.33,-10.00
0,6,154.57,356.16,550.96,592.66,0.1315,3.9,3.03,14.88,-9.52,2.43,28.32,-1.55,-10.00
0,6,-1.00,-1.00,-1.00,-1.00,0.1278,4.3,3.22,14.97,2.64,0.45,-48.82,-1.61,-10.00
0,6,1311.85,371.46,1560.34,503.17,0.1173,4.1,2.99,14.11,23.63,1.11,50.02,-1.57,-10.00
0,6,-1.00,-1.00,-1.00,-1.00,0.1128,2.3,1.77,2.96,44.99,0.13,22.79,2.94,-10.00
0,6,1056.80,389.82,1218.09,562.87,0.1079,4.1,2.87,13.33,8.56,2.54,36.28,1.69,-10.00
1,6,-1.00,-1.00,-1.00,-1.00,0.3323,4.1,3.09,14.89,-40.53,1.07,-50.78,3.12,-10.00
1,6,-1.00,-1.00,-1.00,-1.00,0.2541,4.2,3.00,14.49,-46.13,1.39,-48.72,0.08,-10.00
1,6,646.30,383.93,830.62,560.43,0.1380,4.2,3.19,16.09,-2.09,2.57,37.90,1.65,-10.00
1,6,1074.49,395.22,1487.53,511.90,0.1071,4.2,2.98,14.86,17.46,1.53,49.20,-3.04,-10.00
1,6,-1.00,-1.00,-1.00,-1.00,0.1022,4.0,2.83,13.34,-30.68,1.92,-20.23,-1.53,-10.00
1,6,65.21,342.76,515.50,593.74,0.1000,3.7,2.94,14.23,-9.61,2.18,25.46,-1.56,-10.00
2,6,624.98,423.84,699.79,513.71,0.1175,3.2,2.20,3.35,-6.22,1.62,47.77,-1.50,-10.00
3,6,-1.00,-1.00,-1.00,-1.00,0.1879,2.6,3.06,15.91,-12.12,1.16,-29.40,-1.54,-10.00
3,6,254.26,432.77,486.66,516.85,0.1809,3.0,2.87,7.78,-17.25,1.73,47.75,-3.13,-10.00
3,6,-1.00,-1.00,-1.00,-1.00,0.1083,4.3,2.99,14.25,48.52,0.03,46.92,0.08,-10.00
3,6,1340.32,379.54,1600.00,493.54,0.1020,4.0,3.11,15.37,28.91,0.79,49.76,0.11,-10.00
4,6,0.00,431.47,425.47,552.07,0.3453,4.0,2.96,14.94,-22.19,2.81,44.31,-0.06,-10.00
4,6,-1.00,-1.00,-1.00,-1.00,0.1679,3.3,2.99,15.16,-11.41,1.67,-33.14,1.69,-10.00
4,6,477.24,474.38,545.82,527.31,0.1405,1.8,1.47,2.33,-11.01,1.99,43.90,1.77,-10.00
4,6,-1.00,-1.00,-1.00,-1.00,0.1385,2.0,2.05,3.08,50.71,-0.72,11.57,-2.92,-10.00
4,6,328.33,413.62,492.82,520.29,0.1369,3.6,2.82,10.41,-16.01,1.89,49.26,-1.55,-10.00
4,6,-1.00,-1.00,-1.00,-1.00,0.1291,2.4,2.82,12.91,30.13,0.22,8.15,2.91,-10.00
4,6,-1.00,-1.00,-1.00,-1.00,0.1247,3.2,2.82,8.81,-50.89,1.18,-48.42,1.35,-10.00
4,6,-1.00,-1.00,-1.00,-1.00,0.1149,4.2,3.04,16.11,24.94,-1.73,-47.78,-3.11,-10.00
4,6,-1.00,-1.00,-1.00,-1.00,0.1115,4.2,2.98,15.38,42.47,0.24,44.72,-2.98,-10.00
4,6,-1.00,-1.00,-1.00,-1.00,0.1090,2.4,2.96,11.97,45.40,0.09,26.07,3.12,-10.00
4,6,1449.03,359.55,1600.00,487.19,0.1072,4.2,3.00,16.12,32.33,0.48,46.77,-3.03,-10.00
5,6,0.00,424.91,401.18,554.23,0.4611,4.1,2.96,14.87,-22.24,2.73,41.97,-0.04,-10.00
5,6,-1.00,-1.00,-1.00,-1.00,0.2274,1.4,1.47,2.31,29.55,0.48,23.94,-0.00,-10.00
5,6,-1.00,-1.00,-1.00,-1.00,0.1558,1.5,1.71,2.47,27.98,0.33,23.90,3.12,-10.00
5,6,-1.00,-1.00,-1.00,-1.00,0.1399,4.0,2.97,11.04,24.15,0.19,-9.70,1.60,-10.00
5,6,-1.00,-1.00,-1.00,-1.00,0.1092,2.5,2.76,10.17,26.54,0.72,23.58,-0.05,-10.00
5,6,-1.00,-1.00,-1.00,-1.00,0.1034,2.6,2.14,2.64,49.08,-1.54,11.32,1.90,-10.00
6,6,0.00,402.51,343.02,546.34,0.9595,4.2,3.06,16.03,-23.92,2.35,39.92,-3.07,-10.00
6,6,-1.00,-1.00,-1.00,-1.00,0.1561,4.1,3.00,16.61,-36.20,2.27,40.22,0.11,-10.00
6,6,-1.00,-1.00,-1.00,-1.00,0.1134,3.2,3.01,14.68,24.69,0.23,-44.66,-3.12,-10.00
6,6,86.05,413.02,520.87,532.58,0.1039,4.1,2.93,15.17,-19.30,2.25,46.68,-3.08,-10.00
6,6,1003.72,385.35,1121.52,515.15,0.1033,3.9,2.59,10.11,8.26,1.52,45.13,1.60,-10.00
6,6,1589.11,329.55,1600.00,516.34,0.1027,4.1,3.25,14.31,26.30,1.02,30.00,3.08,-10.00
6,6,1171.06,342.78,1600.00,504.18,0.1004,4.3,3.05,16.28,18.77,0.88,36.84,0.06,-10.00
7,6,0.00,402.15,299.57,559.31,0.9785,4.3,3.16,16.02,-24.18,2.53,36.89,-3.12,-10.00
7,6,-1.00,-1.00,-1.00,-1.00,0.1741,4.1,3.05,16.06,-35.88,2.77,37.06,0.02,-10.00
8,6,0.00,400.45,273.62,565.31,0.9558,4.2,3.02,16.31,-24.01,2.52,34.46,-3.12,-10.00
8,6,-1.00,-1.00,-1.00,-1.00,0.1230,3.2,3.18,15.41,29.47,0.85,17.29,-0.02,-10.00
8,6,1324.62,375.83,1600.00,495.06,0.1177,4.2,3.07,14.79,27.92,0.84,49.66,-3.00,-10.00
8,6,-1.00,-1.00,-1.00,-1.00,0.1075,4.2,2.98,15.61,40.86,0.85,24.60,0.09,-10.00
8,6,0.00,412.40,392.39,562.93,0.1051,4.1,3.05,16.22,-21.49,2.67,37.26,0.05,-10.00
9,6,0.00,392.08,234.09,570.99,0.9579,4.2,3.10,16.40,-24.18,2.50,32.34,-3.11,-10.00
9,6,1316.86,395.61,1600.00,503.78,0.2609,3.5,3.39,14.07,26.35,1.14,47.39,-2.94,-10.00
9,6,50.60,337.44,400.87,525.22,0.1967,4.2,2.94,14.56,-16.32,1.50,36.17,1.58,-10.00
9,6,-1.00,-1.00,-1.00,-1.00,0.1911,4.1,3.05,16.17,-35.87,2.54,32.63,0.03,-10.00
9,6,0.00,408.80,212.45,566.86,0.1388,4.1,3.09,16.32,-26.30,2.62,35.36,-0.00,-10.00
10,6,0.00,367.79,236.98,561.43,0.9688,4.2,3.10,16.18,-22.91,2.11,30.17,-3.09,-10.00
10,6,-1.00,-1.00,-1.00,-1.00,0.1382,2.4,2.41,6.07,29.19,0.08,10.92,-0.03,-10.00
10,6,-1.00,-1.00,-1.00,-1.00,0.1299,4.1,3.06,16.98,-33.90,2.77,30.61,-0.00,-10.00
10,6,0.00,401.18,197.19,574.50,0.1224,4.2,3.25,16.17,-25.47,2.63,32.97,0.01,-10.00
10,6,1450.06,390.03,1600.00,520.00,0.1036,4.1,3.01,14.61,30.17,1.65,43.86,-3.00,-10.00
11,6,0.00,356.45,182.68,567.75,0.9645,4.2,3.12,16.42,-23.21,2.09,28.04,-3.06,-10.00
11,6,1425.67,344.09,1600.00,490.30,0.1862,4.2,3.02,15.35,28.65,0.50,41.67,-2.96,-10.00
11,6,262.37,374.92,533.54,535.16,0.1779,4.1,3.03,14.21,-12.79,2.03,39.63,1.62,-10.00
11,6,-1.00,-1.00,-1.00,-1.00,0.1636,4.2,3.01,14.92,19.03,-0.50,-23.46,3.03,-10.00
11,6,1245.68,362.43,1600.00,488.04,0.1548,4.2,3.03,15.94,24.54,0.53,47.65,0.10,-10.00
11,6,-1.00,-1.00,-1.00,-1.00,0.1515,4.1,3.00,14.66,-35.15,2.65,28.29,-0.02,-10.00
11,6,0.00,372.70,271.77,526.86,0.1386,4.2,2.85,15.23,-24.13,1.88,43.24,1.59,-10.00
11,6,284.06,426.59,401.93,504.45,0.1306,2.8,2.37,6.06,-19.69,1.32,51.40,-1.55,-10.00
11,6,98.65,428.92,389.35,516.19,0.1233,3.2,2.84,9.96,-22.60,1.74,49.00,3.12,-10.00
11,6,1461.85,376.74,1600.00,509.55,0.1077,4.1,3.09,14.51,29.05,1.37,48.95,-1.42,-10.00
11,6,0.00,358.67,94.72,585.26,0.1048,4.2,3.06,16.41,-24.10,2.19,25.43,-0.03,-10.00
11,6,-1.00,-1.00,-1.00,-1.00,0.1017,4.2,3.00,15.30,-48.97,2.25,46.77,1.51,-10.00
12,6,0.00,334.38,100.48,564.01,0.9838,4.2,3.04,16.25,-23.64,1.81,25.48,-3.09,-10.00
12,6,0.00,356.70,227.41,523.29,0.1755,4.2,3.49,15.67,-25.08,1.64,41.12,1.55,-10.00
12,6,1422.65,355.88,1600.00,502.74,0.1662,4.2,2.97,14.85,27.58,0.92,40.29,-3.00,-10.00
12,6,156.99,452.49,314.39,522.14,0.1359,2.5,2.32,4.77,-22.07,1.92,46.95,3.12,-10.00
12,6,1302.93,305.79,1600.00,480.98,0.1070,4.2,3.01,15.45,21.34,0.15,34.01,-3.10,-10.00
12,6,0.00,396.01,464.56,558.54,0.1013,4.1,2.96,16.60,-18.63,2.33,34.37,-3.10,-10.00
13,6,-1.00,-1.00,-1.00,-1.00,0.9782,4.2,2.99,16.35,-25.95,1.84,21.58,-3.12,-10.00
13,6,0.00,429.85,20.54,537.98,0.2554,3.4,2.69,10.84,-33.60,2.22,41.91,2.94,-10.00
13,6,0.00,444.63,190.52,533.63,0.1732,2.9,2.80,7.75,-26.54,2.15,43.14,3.06,-10.00
13,6,0.00,321.89,34.77,526.93,0.1664,4.2,3.51,16.16,-28.36,1.50,35.06,1.47,-10.00
13,6,-1.00,-1.00,-1.00,-1.00,0.1309,3.1,3.08,14.38,29.99,0.70,8.44,-0.07,-10.00
13,6,153.73,374.09,369.97,510.54,0.1191,4.2,2.88,15.22,-21.63,1.42,49.49,1.48,-10.00
13,6,-1.00,-1.00,-1.00,-1.00,0.1143,4.1,2.96,15.84,-27.72,2.21,18.97,3.05,-10.00
13,6,-1.00,-1.00,-1.00,-1.00,0.1021,3.4,2.96,14.60,34.74,-0.52,-41.93,3.03,-10.00
13,6,21.01,378.12,293.39,509.96,0.1014,3.9,3.05,15.34,-24.75,1.34,47.92,-1.63,-10.00
14,6,-1.00,-1.00,-1.00,-1.00,0.9663,4.2,2.96,16.37,-29.28,1.92,16.05,2.98,-10.00
14,6,-1.00,-1.00,-1.00,-1.00,0.1679,4.0,2.86,15.39,-25.45,2.28,-1.97,2.97,-10.00
14,6,-1.00,-1.00,-1.00,-1.00,0.1521,3.3,2.30,2.98,-50.38,2.46,3.11,2.94,-10.00
14,6,43.12,398.22,486.15,512.86,0.1273,4.2,3.10,15.82,-21.89,1.65,50.14,2.92,-10.00
14,6,-1.00,-1.00,-1.00,-1.00,0.1271,4.0,2.87,13.85,-37.81,2.07,34.22,2.75,-10.00
14,6,-1.00,-1.00,-1.00,-1.00,0.1172,4.1,3.02,16.34,-33.98,2.49,18.61,-0.19,-10.00
14,6,-1.00,-1.00,-1.00,-1.00,0.1156,3.2,2.16,3.09,-30.40,1.35,37.87,1.32,-10.00
14,6,958.43,375.53,1418.35,501.03,0.1132,4.2,2.94,15.64,12.72,1.01,44.54,-0.10,-10.00
14,6,1253.47,379.17,1600.00,513.37,0.1092,4.2,2.97,15.69,22.43,1.35,41.58,-0.09,-10.00
15,6,-1.00,-1.00,-1.00,-1.00,0.9649,4.3,3.04,16.71,-30.86,2.23,9.27,2.84,-10.00
15,6,769.26,372.60,1225.04,510.14,0.1591,4.2,3.03,14.44,5.45,1.24,41.07,3.02,-10.00
15,6,-1.00,-1.00,-1.00,-1.00,0.1039,3.0,2.82,8.52,-37.24,1.51,-19.03,-1.85,-10.00
15,6,0.00,415.22,215.03,542.68,0.1001,3.9,2.79,8.14,-25.34,2.41,42.20,2.54,-10.00
16,6,-1.00,-1.00,-1.00,-1.00,0.9540,4.2,3.01,16.67,-32.58,1.92,1.05,2.62,-10.00
17,6,-1.00,-1.00,-1.00,-1.00,0.8774,4.1,2.97,16.69,-32.30,1.96,-7.08,2.46,-10.00
17,6,-1.00,-1.00,-1.00,-1.00,0.3048,4.1,3.12,12.79,-45.50,3.16,3.97,0.75,-10.00
17,6,-1.00,-1.00,-1.00,-1.00,0.1272,2.4,2.14,4.03,-44.12,1.61,-29.52,-0.75,-10.00
18,6,-1.00,-1.00,-1.00,-1.00,0.8945,4.4,3.16,15.47,-30.37,1.62,-15.00,2.25,-10.00
18,6,-1.00,-1.00,-1.00,-1.00,0.3845,4.0,3.00,13.85,-45.08,2.40,-6.81,0.63,-10.00
18,6,0.00,358.54,359.72,556.72,0.1082,4.0,2.85,13.12,-18.52,2.00,30.60,2.43,-10.00
18,6,-1.00,-1.00,-1.00,-1.00,0.1021,2.3,2.07,3.21,19.25,0.87,26.65,-0.90,-10.00
19,6,-1.00,-1.00,-1.00,-1.00,0.8836,4.4,3.23,17.04,-27.50,1.45,-22.52,2.04,-10.00
19,6,-1.00,-1.00,-1.00,-1.00,0.5498,4.0,2.94,13.82,-42.11,2.41,-16.39,0.39,-10.00
19,6,-1.00,-1.00,-1.00,-1.00,0.1121,4.2,3.21,16.17,-40.93,1.71,-5.32,0.49,-10.00
20,6,-1.00,-1.00,-1.00,-1.00,0.8253,4.3,3.19,16.60,-24.64,1.11,-27.87,1.92,-10.00
20,6,-1.00,-1.00,-1.00,-1.00,0.2083,4.1,3.06,14.78,-48.73,2.38,-13.69,0.29,-10.00
20,6,-1.00,-1.00,-1.00,-1.00,0.1778,4.1,3.06,15.64,-39.73,2.62,17.89,0.28,-10.00
20,6,-1.00,-1.00,-1.00,-1.00,0.1458,4.3,3.07,15.77,34.09,0.36,-25.26,-3.12,-10.00
20,6,-1.00,-1.00,-1.00,-1.00,0.1283,4.0,2.94,14.46,-50.96,0.19,-38.97,0.24,-10.00
20,6,1299.90,390.53,1600.00,572.00,0.1192,1.8,2.35,7.24,7.68,1.22,16.32,-1.27,-10.00
20,6,-1.00,-1.00,-1.00,-1.00,0.1148,4.4,3.24,15.48,-39.15,2.95,20.72,0.37,-10.00
21,6,-1.00,-1.00,-1.00,-1.00,0.9107,4.4,3.35,16.51,-21.82,0.81,-32.35,1.78,-10.00
21,6,-1.00,-1.00,-1.00,-1.00,0.5932,3.1,2.83,14.00,21.44,0.49,-27.29,0.19,-10.00
21,6,-1.00,-1.00,-1.00,-1.00,0.3197,4.0,2.89,15.65,-46.41,0.28,-46.38,0.19,-10.00
21,6,-1.00,-1.00,-1.00,-1.00,0.2044,4.2,3.16,17.07,-37.43,1.92,-30.23,-2.96,-10.00
21,6,-1.00,-1.00,-1.00,-1.00,0.1423,4.1,3.00,16.73,-33.16,3.05,15.97,0.25,-10.00
21,6,-1.00,-1.00,-1.00,-1.00,0.1408,4.2,3.07,14.53,40.45,0.74,49.66,-2.90,-10.00
21,6,-1.00,-1.00,-1.00,-1.00,0.1191,4.1,3.01,16.65,-46.94,1.60,-20.80,0.16,-10.00
22,6,-1.00,-1.00,-1.00,-1.00,0.8417,4.4,3.15,16.33,-19.28,0.77,-36.70,1.70,-10.00
22,6,-1.00,-1.00,-1.00,-1.00,0.1974,4.0,3.15,14.07,-37.15,1.40,-35.37,0.13,-10.00
22,6,-1.00,-1.00,-1.00,-1.00,0.1009,3.9,3.04,16.15,-44.94,1.62,-26.91,-3.05,-10.00
23,6,-1.00,-1.00,-1.00,-1.00,0.9107,4.3,3.18,16.09,-17.35,0.40,-40.48,1.66,-10.00
23,6,-1.00,-1.00,-1.00,-1.00,0.1461,2.5,3.06,16.15,-40.99,2.69,-2.26,-0.02,-10.00
23,6,-1.00,-1.00,-1.00,-1.00,0.1366,4.1,3.15,14.43,-35.33,1.25,-40.28,0.06,-10.00
23,6,1538.98,371.87,1600.00,485.68,0.1088,3.8,2.99,14.53,33.78,0.49,47.21,2.82,-10.00
24,6,-1.00,-1.00,-1.00,-1.00,0.9464,4.4,3.21,16.03,-16.08,0.57,-43.79,1.64,-10.00
24,6,-1.00,-1.00,-1.00,-1.00,0.2366,4.1,2.87,16.10,4.42,0.05,-37.38,1.56,-10.00
24,6,-1.00,-1.00,-1.00,-1.00,0.1819,4.2,3.38,16.26,-47.43,-2.59,-44.61,1.59,-10.00
24,6,-1.00,-1.00,-1.00,-1.00,0.1717,4.2,3.19,14.21,45.29,0.88,49.58,-2.93,-10.00
24,6,-1.00,-1.00,-1.00,-1.00,0.1594,4.2,3.09,16.14,-23.17,1.08,-43.42,1.63,-10.00
24,6,-1.00,-1.00,-1.00,-1.00,0.1541,3.8,3.04,14.79,-41.94,1.64,-36.61,0.03,-10.00
24,6,-1.00,-1.00,-1.00,-1.00,0.1417,4.1,2.92,15.57,6.37,0.75,-37.48,1.51,-10.00
24,6,-1.00,-1.00,-1.00,-1.00,0.1382,3.8,2.90,15.19,29.74,0.35,-32.58,0.00,-10.00
24,6,-1.00,-1.00,-1.00,-1.00,0.1370,4.1,3.02,12.81,39.68,0.83,49.62,2.57,-10.00
24,6,-1.00,-1.00,-1.00,-1.00,0.1145,4.1,2.70,12.13,17.98,0.11,-14.10,1.71,-10.00
24,6,1064.13,391.22,1485.50,511.63,0.1081,4.1,2.99,16.33,17.00,1.51,47.09,2.84,-10.00
25,6,-1.00,-1.00,-1.00,-1.00,0.7820,4.3,3.05,15.70,-15.48,0.30,-47.97,1.63,-10.00
25,6,806.53,395.93,891.19,526.11,0.2298,3.9,2.58,8.44,0.80,1.87,42.98,1.60,-10.00
25,6,-1.00,-1.00,-1.00,-1.00,0.2107,3.5,2.67,10.15,-32.81,1.87,19.68,1.66,-10.00
25,6,-1.00,-1.00,-1.00,-1.00,0.2107,4.1,2.90,15.94,36.05,0.61,-35.77,-0.00,-10.00
25,6,-1.00,-1.00,-1.00,-1.00,0.1357,3.0,2.85,14.65,28.70,-0.49,-10.35,3.08,-10.00
25,6,-1.00,-1.00,-1.00,-1.00,0.1015,4.2,3.11,16.09,-46.33,-2.74,-49.96,-1.58,-10.00
26,6,-1.00,-1.00,-1.00,-1.00,0.7854,4.3,3.16,15.54,-14.97,0.14,-50.90,1.63,-10.00
26,6,-1.00,-1.00,-1.00,-1.00,0.3705,4.1,2.96,13.51,37.52,0.20,-38.51,-3.13,-10.00
26,6,-1.00,-1.00,-1.00,-1.00,0.2377,3.4,2.62,10.78,-33.28,2.28,14.30,-1.49,-10.00
26,6,-1.00,-1.00,-1.00,-1.00,0.1276,4.3,2.92,16.32,-23.87,1.47,-9.42,1.62,-10.00
26,6,-1.00,-1.00,-1.00,-1.00,0.1273,4.0,3.52,16.13,-46.38,-2.80,-41.94,-1.58,-10.00
26,6,-1.00,-1.00,-1.00,-1.00,0.1266,2.7,1.63,4.65,-29.02,1.71,-2.99,-1.50,-10.00
26,6,-1.00,-1.00,-1.00,-1.00,0.1125,4.2,2.97,16.32,6.45,-0.29,-42.94,-1.56,-10.00
26,6,444.15,392.46,582.29,527.29,0.1121,3.9,2.58,8.78,-10.23,1.86,41.90,1.55,-10.00
26,6,-1.00,-1.00,-1.00,-1.00,0.1092,4.0,3.06,15.54,-34.47,2.91,-2.68,0.01,-10.00
26,6,845.98,429.37,899.03,508.72,0.1076,3.0,2.04,3.15,1.84,1.51,50.51,1.60,-10.00
27,6,-1.00,-1.00,-1.00,-1.00,0.4795,4.2,3.09,14.58,-14.99,0.94,-53.57,1.62,-10.00
27,6,-1.00,-1.00,-1.00,-1.00,0.2370,4.0,2.95,14.45,-20.20,1.21,-48.91,2.90,-10.00
27,6,0.00,87.62,141.08,671.37,0.1355,5.4,4.04,18.44,-19.20,2.35,20.84,1.66,-10.00
27,6,-1.00,-1.00,-1.00,-1.00,0.1222,3.3,3.04,16.67,-39.24,2.23,0.27,0.10,-10.00
27,6,-1.00,-1.00,-1.00,-1.00,0.1014,4.0,2.93,15.60,-30.80,2.85,25.82,-3.04,-10.00
28,6,-1.00,-1.00,-1.00,-1.00,0.2152,2.4,2.29,6.59,-33.21,2.00,8.85,-1.29,-10.00
28,6,-1.00,-1.00,-1.00,-1.00,0.1648,4.1,2.95,14.82,-20.52,0.49,-50.16,-3.11,-10.00
28,6,-1.00,-1.00,-1.00,-1.00,0.1316,4.1,2.89,13.00,-15.82,0.66,-54.20,-1.47,-10.00
28,6,-1.00,-1.00,-1.00,-1.00,0.1218,2.0,2.28,7.23,3.36,1.55,-6.82,-1.54,-10.00
28,6,-1.00,-1.00,-1.00,-1.00,0.1084,3.8,2.99,15.59,25.16,0.85,-44.79,0.00,-10.00
28,6,-1.00,-1.00,-1.00,-1.00,0.1028,4.0,2.98,16.99,-42.14,2.02,-6.13,-0.04,-10.00
29,6,-1.00,-1.00,-1.00,-1.00,0.3106,3.5,2.62,9.28,-37.09,0.57,-5.75,1.77,-10.00
29,6,-1.00,-1.00,-1.00,-1.00,0.2587,4.0,3.00,15.38,21.32,0.80,-47.73,0.02,-10.00
29,6,-1.00,-1.00,-1.00,-1.00,0.1180,3.0,2.89,14.16,18.28,0.01,-20.61,0.03,-10.00
29,6,-1.00,-1.00,-1.00,-1.00,0.1151,3.0,1.91,3.88,35.32,-0.52,-31.86,-0.06,-10.00
29,6,-1.00,-1.00,-1.00,-1.00,0.1018,3.2,2.09,3.56,-14.29,0.39,-43.95,-1.36,-10.00
30,6,-1.00,-1.00,-1.00,-1.00,0.1335,4.1,3.14,16.17,18.42,0.64,-50.39,-0.01,-10.00
31,6,-1.00,-1.00,-1.00,-1.00,0.2192,3.4,2.90,17.53,-42.99,2.64,17.07,-0.00,-10.00
32,6,-1.00,-1.00,-1.00,-1.00,0.1954,4.1,3.12,13.61,47.51,0.26,46.31,-2.95,-10.00
32,6,1599.23,382.64,1600.00,509.17,0.1135,4.2,3.22,13.22,38.11,1.38,48.92,-2.64,-10.00
32,6,523.89,392.12,1015.83,523.84,0.1066,4.2,3.00,16.13,-1.88,1.75,42.71,-0.02,-10.00
32,6,-1.00,-1.00,-1.00,-1.00,0.1024,3.7,2.99,17.08,-43.59,3.52,14.99,0.17,-10.00
33,6,-1.00,-1.00,-1.00,-1.00,0.2998,4.2,3.01,14.80,48.92,-0.20,42.52,0.19,-10.00
33,6,-1.00,-1.00,-1.00,-1.00,0.2113,2.7,2.74,15.24,-22.05,1.06,-47.99,0.15,-10.00
33,6,-1.00,-1.00,-1.00,-1.00,0.1684,4.0,2.99,17.20,-42.31,1.90,-17.75,0.01,-10.00
33,6,-1.00,-1.00,-1.00,-1.00,0.1407,3.8,3.07,15.28,-34.23,3.33,8.67,-3.06,-10.00
33,6,-1.00,-1.00,-1.00,-1.00,0.1277,3.2,2.89,11.59,44.47,0.48,47.83,-1.44,-10.00
33,6,-1.00,-1.00,-1.00,-1.00,0.1182,3.3,2.90,13.19,12.44,0.97,-30.05,1.53,-10.00
33,6,1194.15,427.98,1565.17,576.75,0.1123,2.9,2.36,6.94,11.63,2.25,26.98,0.34,-10.00
34,6,-1.00,-1.00,-1.00,-1.00,0.1562,2.9,2.91,16.88,-39.06,2.06,5.86,0.02,-10.00
34,6,-1.00,-1.00,-1.00,-1.00,0.1158,3.9,2.91,17.74,-42.88,1.32,-15.62,0.03,-10.00
35,6,-1.00,-1.00,-1.00,-1.00,0.4252,4.0,2.87,16.72,-46.25,2.34,-6.15,0.17,-10.00
35,6,-1.00,-1.00,-1.00,-1.00,0.1238,4.1,3.11,15.93,-43.74,2.34,-4.27,0.21,-10.00
35,6,1263.99,414.27,1600.00,517.87,0.1057,3.2,3.17,12.13,22.31,1.63,45.28,-2.79,-10.00
35,6,-1.00,-1.00,-1.00,-1.00,0.1000,4.9,3.72,16.78,-26.41,1.36,-34.67,1.71,-10.00
36,6,1592.60,330.49,1600.00,499.13,0.1701,4.3,3.34,14.54,31.88,0.71,37.74,-2.90,-10.00
37,6,1403.59,396.74,1527.88,501.84,0.2003,3.5,2.90,3.51,23.00,1.08,45.28,1.71,-10.00
37,6,1404.95,422.05,1500.12,503.81,0.1345,2.9,2.40,3.11,23.64,1.22,47.45,-1.37,-10.00
38,6,1401.23,345.50,1600.00,514.30,0.1715,4.0,2.95,13.66,21.10,1.23,38.78,1.78,-10.00
38,6,1406.28,416.72,1600.00,518.76,0.1206,3.2,2.76,8.64,24.32,1.69,45.47,-1.53,-10.00
38,6,-1.00,-1.00,-1.00,-1.00,0.1114,2.1,2.33,5.04,-4.77,1.41,-44.99,-1.53,-10.00
39,6,1523.04,413.47,1600.00,518.49,0.2157,2.9,2.74,6.10,24.53,1.46,39.33,-1.39,-10.00
39,6,-1.00,-1.00,-1.00,-1.00,0.1378,3.1,1.93,3.84,26.09,0.76,37.71,0.12,-10.00
