0,6,1295.33,374.89,1442.25,512.11,0.2731,4.1,2.89,14.56,19.57,0.71,45.84,1.84,-10.00
0,6,605.52,319.62,807.59,483.10,0.1701,4.3,2.91,15.59,-3.23,-0.50,44.12,-1.39,-10.00
0,6,0.00,303.11,421.63,499.17,0.1555,2.9,2.70,7.21,-10.51,0.09,20.74,-3.03,-10.00
0,6,1272.37,336.91,1600.00,504.10,0.1384,4.2,3.03,16.00,21.00,0.28,34.87,3.08,-10.00
0,6,1231.75,381.96,1392.03,512.25,0.1354,4.1,2.82,13.48,17.84,0.73,46.71,1.74,-10.00
0,6,573.64,384.31,870.28,508.62,0.1108,2.8,2.57,6.76,-2.19,0.39,30.71,0.14,-10.00
0,6,-1.00,-1.00,-1.00,-1.00,0.1030,3.8,3.06,15.19,-30.72,1.84,-42.10,1.98,-10.00
0,6,-1.00,-1.00,-1.00,-1.00,0.1014,3.2,2.51,12.21,-28.59,1.51,-15.24,-1.54,-10.00
1,6,-1.00,-1.00,-1.00,-1.00,0.1577,1.9,2.35,5.88,9.28,1.25,-12.94,1.46,-10.00
2,6,-1.00,-1.00,-1.00,-1.00,0.2172,4.2,2.96,12.12,-53.25,1.36,-47.11,2.95,-10.00
3,6,-1.00,-1.00,-1.00,-1.00,0.1239,4.4,3.26,14.41,-53.41,0.65,-32.42,0.82,-10.00
3,6,-1.00,-1.00,-1.00,-1.00,0.1055,4.4,3.09,12.98,-54.24,1.24,-35.39,3.09,-10.00
3,6,-1.00,-1.00,-1.00,-1.00,0.1018,4.4,3.21,15.01,7.63,1.82,-41.55,-3.07,-10.00
4,6,-1.00,-1.00,-1.00,-1.00,0.1475,4.2,3.18,14.69,-50.68,2.67,-40.49,-1.93,-10.00
5,6,-1.00,-1.00,-1.00,-1.00,0.1210,4.1,2.97,14.36,27.91,1.57,-14.44,-3.12,-10.00
5,6,-1.00,-1.00,-1.00,-1.00,0.1031,4.1,3.08,15.43,7.58,2.16,-39.32,1.47,-10.00
6,6,1011.47,439.33,1250.60,587.32,0.2206,2.6,2.84,9.26,6.23,1.75,26.83,-1.56,-10.00
6,6,-1.00,-1.00,-1.00,-1.00,0.1483,1.7,1.97,7.47,10.22,2.00,4.45,-1.51,-10.00
6,6,-1.00,-1.00,-1.00,-1.00,0.1093,4.0,2.68,12.81,-5.24,-0.76,-47.34,-1.48,-10.00
6,6,-1.00,-1.00,-1.00,-1.00,0.1048,4.2,2.89,16.17,24.03,1.05,-21.14,-1.63,-10.00
7,6,-1.00,-1.00,-1.00,-1.00,0.2391,2.1,2.49,14.20,10.20,1.76,1.20,-1.54,-10.00
7,6,990.32,287.69,1331.10,626.15,0.1485,3.9,2.81,14.36,5.00,1.69,21.95,-1.51,-10.00
7,6,1063.52,379.03,1594.45,527.98,0.1374,4.1,2.94,15.39,15.37,1.04,38.20,-0.13,-10.00
7,6,1093.11,407.90,1600.00,560.17,0.1049,4.1,2.93,15.34,15.92,1.85,36.24,-3.10,-10.00
8,6,-1.00,-1.00,-1.00,-1.00,0.1615,2.0,2.54,13.75,10.21,1.53,-0.73,-1.57,-10.00
9,6,973.47,341.46,1418.95,620.94,0.1204,2.7,2.77,10.96,4.44,1.37,17.98,-1.60,-10.00
9,6,0.00,348.81,388.71,554.38,0.1099,4.1,3.05,15.82,-16.10,1.41,33.51,-1.49,-10.00
10,6,-1.00,-1.00,-1.00,-1.00,0.1278,4.2,2.91,14.91,-26.88,-1.43,-39.33,1.81,-10.00
10,6,-1.00,-1.00,-1.00,-1.00,0.1124,3.7,2.65,16.62,10.41,2.33,-7.47,1.54,-10.00
11,6,1088.80,372.39,1400.48,530.35,0.2040,4.3,3.07,16.96,13.60,1.21,43.21,1.45,-10.00
11,6,1028.45,351.09,1422.77,630.18,0.1694,2.4,2.62,5.45,4.04,1.25,13.83,-1.55,-10.00
11,6,-1.00,-1.00,-1.00,-1.00,0.1626,4.0,2.84,15.31,11.82,2.34,-29.82,-1.64,-10.00
11,6,-1.00,-1.00,-1.00,-1.00,0.1204,3.3,2.73,16.10,10.49,2.17,-9.66,1.50,-10.00
11,6,1537.93,84.70,1600.00,811.02,0.1177,4.2,2.89,17.33,16.12,2.02,16.10,-1.64,-10.00
11,6,-1.00,-1.00,-1.00,-1.00,0.1102,4.0,3.49,15.51,17.79,1.80,8.25,1.52,-10.00
12,6,1216.11,304.72,1600.00,575.10,0.1433,4.1,2.93,15.36,14.82,1.30,21.28,-0.04,-10.00
12,6,-1.00,-1.00,-1.00,-1.00,0.1243,3.8,2.93,16.74,18.58,2.06,-8.94,-1.67,-10.00
12,6,1112.76,295.43,1600.00,548.89,0.1241,4.2,3.06,15.82,13.67,1.04,24.15,-0.21,-10.00
12,6,1087.99,435.82,1476.85,549.13,0.1235,4.2,3.07,14.56,18.25,2.20,49.85,3.02,-10.00
12,6,-1.00,-1.00,-1.00,-1.00,0.1169,4.2,3.05,15.69,14.68,2.14,-30.26,-3.08,-10.00
12,6,-1.00,-1.00,-1.00,-1.00,0.1121,4.2,3.00,15.24,8.01,2.25,-27.06,-1.58,-10.00
12,6,299.02,364.38,471.15,500.85,0.1107,4.2,3.11,15.33,-15.90,0.26,48.27,1.45,-10.00
12,6,-1.00,-1.00,-1.00,-1.00,0.1050,4.1,3.18,15.97,17.13,2.29,5.68,1.46,-10.00
12,6,-1.00,-1.00,-1.00,-1.00,0.1001,4.0,2.91,15.11,19.04,2.57,-32.53,3.07,-10.00
13,6,-1.00,-1.00,-1.00,-1.00,0.1833,4.2,3.15,15.80,20.89,2.79,-47.77,3.05,-10.00
13,6,1213.82,422.67,1600.00,646.40,0.1832,3.9,2.85,13.55,14.71,2.79,24.02,-0.06,-10.00
13,6,-1.00,-1.00,-1.00,-1.00,0.1615,3.2,3.51,14.70,17.36,2.18,4.64,-1.68,-10.00
13,6,1047.38,408.61,1288.69,551.34,0.1537,4.2,3.06,17.18,12.07,1.93,46.35,-1.63,-10.00
13,6,1249.54,344.60,1600.00,605.32,0.1319,4.3,2.88,15.82,14.45,2.02,28.83,1.51,-10.00
13,6,-1.00,-1.00,-1.00,-1.00,0.1256,4.1,2.88,15.65,11.97,2.41,-33.04,-1.68,-10.00
14,6,-1.00,-1.00,-1.00,-1.00,0.2449,4.3,2.96,16.47,23.63,1.86,-33.36,-1.69,-10.00
14,6,1146.32,442.51,1600.00,677.36,0.1821,3.9,2.87,14.03,13.36,3.17,23.13,-0.09,-10.00
14,6,-1.00,-1.00,-1.00,-1.00,0.1710,4.1,2.94,14.49,-1.93,1.90,-37.63,-1.70,-10.00
14,6,1023.58,461.49,1254.34,590.95,0.1563,4.2,2.98,15.34,11.70,3.34,48.53,1.43,-10.00
14,6,-1.00,-1.00,-1.00,-1.00,0.1369,3.3,3.31,15.65,18.32,2.23,-7.56,1.40,-10.00
14,6,1186.59,314.25,1600.00,615.57,0.1360,4.1,2.91,15.16,13.56,1.69,18.98,3.14,-10.00
14,6,-1.00,-1.00,-1.00,-1.00,0.1234,4.2,3.06,15.33,13.12,1.95,-43.32,-1.66,-10.00
14,6,-1.00,-1.00,-1.00,-1.00,0.1177,4.1,2.93,11.09,18.88,2.65,-49.82,-3.10,-10.00
15,6,888.77,448.12,1321.81,538.49,0.2216,2.8,2.84,14.23,9.74,1.54,43.08,-0.12,-10.00
15,6,-1.00,-1.00,-1.00,-1.00,0.1617,3.9,2.62,10.83,-25.25,-1.60,-45.88,-1.48,-10.00
15,6,-1.00,-1.00,-1.00,-1.00,0.1577,2.8,3.01,14.20,15.64,2.53,12.96,1.39,-10.00
15,6,-1.00,-1.00,-1.00,-1.00,0.1506,3.6,2.92,14.51,30.96,2.67,-30.36,-3.12,-10.00
15,6,-1.00,-1.00,-1.00,-1.00,0.1183,3.4,3.26,14.72,18.97,2.16,-9.95,1.36,-10.00
15,6,1133.41,405.03,1502.95,590.41,0.1180,4.3,2.88,14.58,13.57,2.43,36.79,1.41,-10.00
15,6,1282.61,88.26,1600.00,846.20,0.1066,4.2,3.04,15.98,11.74,1.95,8.66,-3.14,-10.00
15,6,-1.00,-1.00,-1.00,-1.00,0.1022,4.2,3.06,15.46,21.02,1.85,-35.09,3.06,-10.00
16,6,1192.86,468.27,1600.00,676.95,0.2079,3.4,2.82,13.44,13.87,3.13,22.99,-0.11,-10.00
16,6,1093.79,476.54,1358.50,635.34,0.1850,4.3,2.97,13.47,12.58,4.01,40.99,-1.67,-10.00
16,6,-1.00,-1.00,-1.00,-1.00,0.1666,3.9,3.20,15.41,15.95,2.63,13.08,1.46,-10.00
16,6,-1.00,-1.00,-1.00,-1.00,0.1529,4.4,2.97,17.40,24.17,1.98,-36.83,1.57,-10.00
16,6,1096.80,493.50,1533.70,622.38,0.1529,4.4,3.24,14.72,17.73,4.53,45.37,3.03,-10.00
16,6,1406.16,488.89,1600.00,727.41,0.1369,4.0,2.94,12.12,17.54,4.11,27.59,-1.65,-10.00
16,6,-1.00,-1.00,-1.00,-1.00,0.1096,4.0,2.96,14.65,30.65,1.98,-29.47,3.09,-10.00
16,6,38.07,320.61,390.94,507.06,0.1045,4.2,3.04,15.43,-16.57,0.40,37.15,-1.58,-10.00
17,6,1054.43,460.84,1331.64,619.14,0.2359,4.5,3.14,16.74,12.26,3.76,44.19,1.47,-10.00
17,6,-1.00,-1.00,-1.00,-1.00,0.1525,4.3,3.21,15.65,21.66,1.68,-36.26,-3.13,-10.00
17,6,1004.01,404.34,1140.44,550.21,0.1281,4.1,2.75,11.35,8.59,1.75,41.20,1.91,-10.00
17,6,1449.66,495.69,1600.00,731.78,0.1279,3.9,2.91,10.49,17.55,4.10,26.42,-1.63,-10.00
17,6,-1.00,-1.00,-1.00,-1.00,0.1268,3.6,2.85,15.91,15.91,2.10,12.00,1.53,-10.00
17,6,-1.00,-1.00,-1.00,-1.00,0.1072,3.4,3.31,14.28,19.01,2.09,-12.66,1.42,-10.00
17,6,-1.00,-1.00,-1.00,-1.00,0.1056,4.1,2.97,14.76,30.66,1.85,-29.46,3.10,-10.00
17,6,-1.00,-1.00,-1.00,-1.00,0.1052,4.3,3.14,15.28,21.50,3.17,-49.18,3.06,-10.00
18,6,-1.00,-1.00,-1.00,-1.00,0.2595,4.3,2.96,16.16,15.86,2.63,13.75,1.51,-10.00
18,6,1047.54,432.31,1310.83,580.32,0.2407,4.3,3.03,16.90,12.06,2.72,45.08,1.48,-10.00
18,6,-1.00,-1.00,-1.00,-1.00,0.2139,4.4,3.26,14.85,21.86,3.51,-49.04,3.09,-10.00
18,6,-1.00,-1.00,-1.00,-1.00,0.2055,3.4,3.46,14.50,19.04,2.11,-12.11,1.38,-10.00
18,6,-1.00,-1.00,-1.00,-1.00,0.1238,4.2,3.09,14.74,23.33,3.26,-51.26,-2.91,-10.00
18,6,1220.01,387.31,1600.00,585.63,0.1180,3.8,3.26,14.47,14.25,1.92,31.35,-1.62,-10.00
18,6,1509.74,487.04,1600.00,707.14,0.1107,3.6,2.85,8.41,17.61,3.61,25.00,-1.63,-10.00
19,6,1053.35,474.76,1299.98,615.76,0.2033,4.2,2.96,16.38,12.37,3.88,46.20,1.48,-10.00
19,6,-1.00,-1.00,-1.00,-1.00,0.1731,4.3,3.06,16.23,15.91,2.48,11.95,1.48,-10.00
19,6,-1.00,-1.00,-1.00,-1.00,0.1484,4.4,3.25,15.08,22.32,3.07,-49.05,3.08,-10.00
19,6,-1.00,-1.00,-1.00,-1.00,0.1470,3.7,3.33,14.66,19.34,1.85,-12.41,1.37,-10.00
19,6,1207.85,397.61,1600.00,603.35,0.1269,4.0,3.25,13.49,14.22,2.29,31.35,-1.71,-10.00
19,6,-1.00,-1.00,-1.00,-1.00,0.1099,4.1,3.12,14.80,22.51,2.93,-51.38,-3.10,-10.00
20,6,1248.98,398.56,1600.00,582.63,0.3544,3.6,2.98,10.65,14.21,1.89,30.21,1.44,-10.00
20,6,1092.72,446.91,1399.38,612.24,0.1668,4.2,2.92,15.71,12.75,3.23,40.31,-1.68,-10.00
20,6,1117.56,323.48,1600.00,564.18,0.1428,4.1,2.97,14.98,13.48,1.34,24.50,-0.19,-10.00
20,6,-1.00,-1.00,-1.00,-1.00,0.1050,3.5,3.32,13.99,19.00,2.20,-13.53,1.48,-10.00
21,6,1096.09,472.37,1414.11,640.51,0.4009,4.3,3.02,13.84,12.96,3.97,39.76,-1.75,-10.00
21,6,1083.48,494.01,1555.58,619.10,0.3382,4.2,3.01,15.94,17.73,4.40,44.97,3.05,-10.00
21,6,-1.00,-1.00,-1.00,-1.00,0.1842,4.2,3.14,13.94,22.55,3.07,-48.82,3.02,-10.00
21,6,1235.81,414.53,1600.00,609.95,0.1808,3.7,2.84,11.35,13.82,2.38,30.07,-1.68,-10.00
21,6,1087.81,492.95,1500.73,620.46,0.1578,4.4,3.35,15.27,17.89,4.56,47.28,2.89,-10.00
21,6,19.21,319.85,352.24,490.72,0.1477,3.6,3.32,15.29,-17.29,-0.18,36.78,-1.66,-10.00
21,6,-1.00,-1.00,-1.00,-1.00,0.1374,4.1,2.98,14.69,30.92,2.36,-29.48,3.03,-10.00
21,6,-1.00,-1.00,-1.00,-1.00,0.1318,4.1,3.10,14.90,23.30,2.85,-51.31,-3.02,-10.00
21,6,-1.00,-1.00,-1.00,-1.00,0.1251,3.6,3.25,14.30,19.25,2.09,-12.76,1.39,-10.00
21,6,1047.73,490.35,1235.04,616.93,0.1096,4.2,3.01,15.25,12.25,4.31,49.87,1.54,-10.00
22,6,1254.18,394.73,1600.00,574.42,0.1852,3.5,3.26,10.56,14.40,1.72,30.09,-1.69,-10.00
22,6,1095.75,441.07,1385.00,605.83,0.1812,4.2,3.08,15.86,12.75,3.10,40.73,-1.63,-10.00
22,6,-1.00,-1.00,-1.00,-1.00,0.1302,3.0,3.12,14.35,17.34,2.43,4.99,-1.59,-10.00
22,6,-1.00,-1.00,-1.00,-1.00,0.1234,4.2,2.86,15.40,7.89,2.04,-28.46,-1.66,-10.00
22,6,1006.73,386.96,1231.38,516.80,0.1080,4.2,2.98,15.87,11.03,0.95,48.98,1.44,-10.00
23,6,1250.30,399.65,1600.00,582.20,0.1752,3.6,3.26,10.66,14.34,1.87,30.19,-1.69,-10.00
23,6,1108.39,441.69,1368.47,602.41,0.1049,4.1,2.97,15.26,12.70,3.00,40.44,-1.59,-10.00
24,6,1046.78,479.01,1291.25,616.94,0.2392,4.2,2.88,15.94,12.32,4.00,46.91,-1.69,-10.00
24,6,1242.63,396.95,1600.00,585.71,0.1480,3.6,3.05,11.40,14.22,1.92,30.17,-1.70,-10.00
24,6,1139.21,452.33,1387.41,606.88,0.1449,4.1,2.87,10.05,13.09,3.13,38.42,-1.70,-10.00
24,6,977.45,386.64,1199.83,514.12,0.1209,4.2,2.94,15.75,10.01,0.87,49.60,1.41,-10.00
24,6,1126.29,489.44,1600.00,625.59,0.1024,4.2,3.15,14.86,17.89,4.23,41.29,3.07,-10.00
24,6,1089.90,370.24,1600.00,612.21,0.1003,4.1,2.95,15.22,13.01,2.07,23.49,0.00,-10.00
25,6,1047.31,476.46,1286.81,612.84,0.3054,4.2,2.88,15.70,12.34,3.90,47.14,-1.69,-10.00
25,6,1260.62,406.44,1600.00,578.57,0.2487,3.4,3.23,9.88,14.38,1.81,30.02,-1.69,-10.00
25,6,1144.36,459.94,1431.76,629.59,0.1386,4.2,2.93,11.89,13.42,3.57,37.76,1.45,-10.00
25,6,1076.30,351.54,1600.00,594.54,0.1252,4.1,2.95,15.65,12.95,1.79,23.53,-0.05,-10.00
25,6,968.14,399.39,1216.44,527.95,0.1042,4.1,2.95,15.80,9.95,1.31,48.94,1.35,-10.00
26,6,1090.37,447.65,1372.23,608.77,0.3284,4.3,3.03,15.55,12.71,3.25,41.38,-1.65,-10.00
26,6,-1.00,-1.00,-1.00,-1.00,0.1868,4.2,3.07,15.83,11.79,1.95,-30.59,3.14,-10.00
26,6,1248.22,398.18,1600.00,586.47,0.1474,3.6,3.24,11.14,14.34,1.94,30.16,-1.68,-10.00
26,6,-1.00,-1.00,-1.00,-1.00,0.1406,3.7,3.38,15.25,18.99,1.51,-11.43,-1.75,-10.00
27,6,-1.00,-1.00,-1.00,-1.00,0.1451,3.8,3.39,15.37,18.95,1.29,-11.51,-1.74,-10.00
27,6,1256.77,390.97,1600.00,577.48,0.1396,3.6,3.23,10.73,14.37,1.76,29.87,-1.68,-10.00
27,6,-1.00,-1.00,-1.00,-1.00,0.1037,3.0,3.06,14.12,17.20,2.30,5.95,1.54,-10.00
27,6,1054.89,474.14,1261.09,609.67,0.1020,4.1,2.90,15.75,11.95,3.75,46.64,1.54,-10.00
28,6,1091.03,464.33,1375.37,630.41,0.2221,4.3,2.97,16.32,12.61,3.75,41.05,-1.63,-10.00
28,6,1235.24,400.42,1600.00,589.93,0.2048,3.7,3.37,11.54,14.33,2.03,30.55,-1.70,-10.00
28,6,-1.00,-1.00,-1.00,-1.00,0.1276,3.4,3.42,15.09,17.39,2.21,2.84,1.54,-10.00
28,6,-1.00,-1.00,-1.00,-1.00,0.1171,3.5,3.39,14.77,19.12,1.96,-12.47,1.47,-10.00
28,6,0.00,314.98,384.02,489.42,0.1079,3.6,3.39,15.83,-17.17,-0.23,36.79,-1.54,-10.00
29,6,1143.48,432.44,1578.06,634.60,0.3777,4.2,3.02,16.53,13.57,3.14,34.77,1.45,-10.00
29,6,1044.73,481.21,1304.38,623.31,0.2105,4.2,2.95,15.56,12.04,4.03,45.27,1.44,-10.00
29,6,1378.21,367.97,1600.00,715.83,0.1685,4.1,3.13,14.24,15.67,2.79,22.31,1.40,-10.00
29,6,1142.31,494.74,1600.00,631.46,0.1467,4.2,3.18,15.03,18.51,4.41,41.29,3.07,-10.00
29,6,-1.00,-1.00,-1.00,-1.00,0.1212,4.0,3.14,14.67,22.72,2.15,-51.48,-3.07,-10.00
30,6,1085.29,487.31,1301.04,629.14,0.3303,4.2,2.89,15.37,12.73,4.18,44.95,1.56,-10.00
30,6,1150.00,452.25,1563.75,662.08,0.1705,4.4,3.04,16.81,13.52,3.71,34.85,1.49,-10.00
31,6,1270.11,373.75,1600.00,689.13,0.3788,4.3,3.47,16.70,14.76,2.86,25.81,-1.67,-10.00
31,6,1061.32,471.25,1342.11,624.85,0.3665,4.3,2.88,16.92,12.38,3.85,43.67,1.47,-10.00
31,6,-1.00,-1.00,-1.00,-1.00,0.2447,4.0,2.82,12.82,24.05,1.73,-36.52,1.34,-10.00
31,6,0.00,342.29,215.75,501.17,0.1855,3.2,2.90,8.55,-18.11,0.18,28.44,-2.86,-10.00
31,6,-1.00,-1.00,-1.00,-1.00,0.1614,3.2,3.34,13.81,19.16,1.90,-15.78,1.48,-10.00
31,6,-1.00,-1.00,-1.00,-1.00,0.1356,4.0,3.11,10.37,26.60,1.69,-30.01,2.87,-10.00
31,6,-1.00,-1.00,-1.00,-1.00,0.1294,4.0,2.98,9.27,24.30,1.64,-31.78,1.32,-10.00
31,6,1562.48,0.00,1600.00,870.78,0.1279,4.3,2.96,16.87,15.83,2.00,14.71,-1.67,-10.00
31,6,-1.00,-1.00,-1.00,-1.00,0.1207,4.3,3.00,16.56,22.00,1.68,-36.47,1.39,-10.00
31,6,712.92,436.13,984.67,575.52,0.1017,4.3,3.16,16.85,0.47,2.73,47.39,1.15,-10.00
31,6,-1.00,-1.00,-1.00,-1.00,0.1012,4.2,3.10,14.97,33.78,2.61,-39.56,3.11,-10.00
32,6,1113.40,432.63,1494.04,625.63,0.3046,4.4,3.10,16.42,13.15,3.22,37.27,-1.69,-10.00
32,6,1379.14,281.60,1600.00,612.40,0.2441,3.6,3.27,14.92,15.39,1.47,21.54,1.44,-10.00
32,6,-1.00,-1.00,-1.00,-1.00,0.1576,2.9,2.93,14.00,-8.62,1.07,-27.12,0.99,-10.00
32,6,-1.00,-1.00,-1.00,-1.00,0.1465,4.3,3.00,16.59,23.43,2.39,-36.37,-1.72,-10.00
32,6,1105.61,342.27,1600.00,572.02,0.1398,4.2,2.87,14.82,13.47,1.53,25.35,3.04,-10.00
32,6,-1.00,-1.00,-1.00,-1.00,0.1163,3.9,2.73,11.99,16.19,2.66,-50.98,1.55,-10.00
32,6,1586.93,314.09,1600.00,541.85,0.1129,4.1,2.95,14.41,23.20,0.97,25.73,2.98,-10.00
32,6,-1.00,-1.00,-1.00,-1.00,0.1108,3.6,3.77,14.41,19.05,2.13,-13.33,1.38,-10.00
32,6,-1.00,-1.00,-1.00,-1.00,0.1074,3.7,3.01,14.46,21.35,2.36,-51.26,-3.13,-10.00
32,6,-1.00,-1.00,-1.00,-1.00,0.1019,4.1,3.11,15.78,21.31,2.65,-39.76,2.99,-10.00
32,6,-1.00,-1.00,-1.00,-1.00,0.1019,3.9,3.25,16.95,16.96,2.49,3.78,-1.67,-10.00
32,6,-1.00,-1.00,-1.00,-1.00,0.1014,3.8,2.77,15.11,10.68,2.33,-29.47,1.50,-10.00
32,6,1187.52,340.87,1600.00,610.37,0.1001,4.3,2.99,14.77,14.58,1.90,23.08,-2.95,-10.00
33,6,-1.00,-1.00,-1.00,-1.00,0.2161,4.1,3.01,15.52,-0.79,0.83,-42.47,3.01,-10.00
33,6,-1.00,-1.00,-1.00,-1.00,0.1792,3.6,3.62,14.16,19.25,1.76,-16.51,1.43,-10.00
33,6,-1.00,-1.00,-1.00,-1.00,0.1775,4.1,2.89,14.82,14.72,2.40,-48.37,-1.67,-10.00
33,6,1160.29,418.37,1574.64,624.01,0.1497,4.2,2.92,15.73,13.43,2.85,33.75,-1.66,-10.00
33,6,-1.00,-1.00,-1.00,-1.00,0.1438,4.1,3.07,15.60,24.50,1.32,-51.39,-1.61,-10.00
33,6,-1.00,-1.00,-1.00,-1.00,0.1269,4.1,2.90,15.19,12.05,2.37,-47.87,-1.67,-10.00
33,6,0.00,322.88,431.01,497.60,0.1119,3.6,3.25,15.74,-16.66,0.05,35.87,-1.32,-10.00
33,6,-1.00,-1.00,-1.00,-1.00,0.1074,4.2,2.87,16.59,24.25,2.22,-36.27,-1.74,-10.00
33,6,-1.00,-1.00,-1.00,-1.00,0.1068,4.1,3.00,14.95,21.57,3.01,-40.78,2.99,-10.00
33,6,-1.00,-1.00,-1.00,-1.00,0.1041,4.2,2.90,14.62,9.89,2.19,-37.95,1.50,-10.00
34,6,1096.31,441.36,1464.37,632.67,0.3658,4.3,2.89,17.83,12.52,3.36,37.65,-1.66,-10.00
34,6,1112.11,478.88,1561.25,612.55,0.2472,4.3,3.13,14.10,17.40,3.96,42.82,3.07,-10.00
34,6,1034.81,446.50,1247.77,580.59,0.1738,4.3,2.82,17.25,11.86,2.99,48.98,1.51,-10.00
34,6,1328.48,232.72,1600.00,663.02,0.1717,4.1,3.01,16.17,14.48,1.63,14.11,0.05,-10.00
34,6,-1.00,-1.00,-1.00,-1.00,0.1641,4.4,3.11,16.20,23.00,2.17,-37.61,-1.74,-10.00
34,6,-1.00,-1.00,-1.00,-1.00,0.1481,4.2,3.10,15.62,20.11,1.55,-39.79,-3.04,-10.00
34,6,-1.00,-1.00,-1.00,-1.00,0.1351,4.2,3.06,14.78,15.90,1.31,-41.85,-1.51,-10.00
34,6,-1.00,-1.00,-1.00,-1.00,0.1130,3.8,3.23,15.63,17.24,2.03,1.38,-1.70,-10.00
34,6,1259.23,223.08,1600.00,601.03,0.1120,4.1,2.95,15.84,13.88,1.29,16.52,-0.17,-10.00
34,6,855.10,376.87,939.60,500.89,0.1013,4.0,2.79,12.26,3.29,0.28,48.29,1.67,-10.00
34,6,-1.00,-1.00,-1.00,-1.00,0.1009,3.6,3.04,14.87,-9.07,1.49,-28.44,-2.11,-10.00
35,6,1105.57,430.60,1519.58,628.39,0.5158,4.3,3.15,18.29,13.09,3.18,37.11,1.46,-10.00
35,6,-1.00,-1.00,-1.00,-1.00,0.2587,4.3,3.06,16.20,24.49,1.58,-39.95,-1.73,-10.00
35,6,863.42,389.21,946.62,505.29,0.1217,3.8,2.67,10.23,3.19,0.47,47.86,1.60,-10.00
35,6,-1.00,-1.00,-1.00,-1.00,0.1045,3.3,2.94,14.16,23.68,2.42,-17.89,2.93,-10.00
36,6,1122.63,419.88,1509.56,618.07,0.3597,4.4,3.19,16.94,13.21,2.97,36.68,-1.66,-10.00
36,6,-1.00,-1.00,-1.00,-1.00,0.1327,3.2,3.48,14.22,18.91,2.02,-16.28,1.39,-10.00
36,6,1091.84,404.49,1600.00,583.89,0.1271,4.2,3.06,15.14,14.82,2.17,31.75,-3.12,-10.00
36,6,1127.22,361.16,1600.00,680.79,0.1178,4.1,2.99,15.81,12.76,2.45,18.22,0.02,-10.00
37,6,1120.51,473.07,1439.26,663.21,0.1822,4.4,3.02,17.00,12.83,4.14,37.96,1.55,-10.00
37,6,0.00,339.73,398.70,505.67,0.1440,3.4,3.17,15.40,-15.95,0.32,34.95,-1.53,-10.00
37,6,-1.00,-1.00,-1.00,-1.00,0.1301,3.9,3.23,16.30,17.94,1.76,-7.44,-1.59,-10.00
38,6,1154.03,446.13,1600.00,678.55,0.6734,4.4,3.02,17.70,13.59,3.72,33.01,1.46,-10.00
38,6,-1.00,-1.00,-1.00,-1.00,0.1398,3.6,3.78,14.54,18.72,2.24,-16.44,1.41,-10.00
38,6,-1.00,-1.00,-1.00,-1.00,0.1170,4.3,3.07,16.91,15.87,2.13,4.77,-1.64,-10.00
38,6,1335.91,352.28,1600.00,745.23,0.1167,4.4,3.88,16.01,15.01,2.98,22.25,-1.66,-10.00
38,6,-1.00,-1.00,-1.00,-1.00,0.1076,4.3,3.02,15.77,23.48,0.49,-39.49,-1.63,-10.00
39,6,1216.32,364.99,1600.00,668.65,0.4273,4.4,3.09,17.84,13.98,2.71,27.21,1.45,-10.00
39,6,-1.00,-1.00,-1.00,-1.00,0.1997,3.4,3.66,13.92,19.01,1.85,-17.26,1.43,-10.00
39,6,-1.00,-1.00,-1.00,-1.00,0.1548,4.3,3.12,14.90,23.25,1.79,-41.27,-1.92,-10.00
39,6,-1.00,-1.00,-1.00,-1.00,0.1282,4.1,2.96,16.10,3.19,2.46,-44.81,1.53,-10.00
39,6,1253.03,253.41,1600.00,623.29,0.1157,4.1,2.99,15.95,14.00,1.45,15.88,0.03,-10.00
39,6,-1.00,-1.00,-1.00,-1.00,0.1003,4.1,3.04,15.82,0.28,2.19,-44.79,3.09,-10.00
