0,6,-1.00,-1.00,-1.00,-1.00,0.5555,4.1,2.85,11.03,33.24,0.68,0.51,-0.02,-10.00
0,6,-1.00,-1.00,-1.00,-1.00,0.3336,4.0,2.81,10.16,-39.88,-0.15,-18.46,0.57,-10.00
0,6,-1.00,-1.00,-1.00,-1.00,0.2669,4.2,2.74,15.57,24.75,1.46,-15.87,-1.57,-10.00
0,6,-1.00,-1.00,-1.00,-1.00,0.1536,4.2,3.03,15.78,21.21,1.23,19.44,-3.02,-10.00
0,6,159.27,371.91,340.36,504.24,0.1332,3.9,2.60,9.07,-18.83,0.39,42.85,1.50,-10.00
0,6,-1.00,-1.00,-1.00,-1.00,0.1317,4.0,2.82,9.87,28.27,3.32,-41.14,2.58,-10.00
0,6,-1.00,-1.00,-1.00,-1.00,0.1253,3.6,3.11,13.75,-19.12,1.84,-33.31,1.54,-10.00
0,6,-1.00,-1.00,-1.00,-1.00,0.1098,3.9,2.96,10.58,27.88,3.26,-44.11,-2.19,-10.00
0,6,0.00,386.98,116.91,504.80,0.1089,2.7,2.00,4.06,-19.76,0.31,31.97,-1.60,-10.00
1,6,-1.00,-1.00,-1.00,-1.00,0.1784,4.2,3.20,16.69,-42.49,0.43,8.92,0.12,-10.00
1,6,-1.00,-1.00,-1.00,-1.00,0.1016,2.8,2.65,5.95,3.97,1.57,-48.15,1.56,-10.00
2,6,-1.00,-1.00,-1.00,-1.00,0.2755,4.0,2.96,14.22,-20.02,1.40,-44.31,1.80,-10.00
2,6,-1.00,-1.00,-1.00,-1.00,0.1569,4.0,2.96,17.02,-38.68,1.28,3.05,-3.08,-10.00
2,6,-1.00,-1.00,-1.00,-1.00,0.1562,4.0,2.88,8.71,38.59,1.87,5.77,-3.03,-10.00
2,6,856.42,378.70,1246.05,492.44,0.1268,4.1,2.94,14.59,8.97,-0.05,49.20,-0.05,-10.00
2,6,-1.00,-1.00,-1.00,-1.00,0.1117,3.9,2.98,14.57,40.53,1.96,24.44,-3.11,-10.00
2,6,-1.00,-1.00,-1.00,-1.00,0.1093,3.1,2.76,8.88,-31.56,0.82,25.13,2.99,-10.00
2,6,531.91,470.51,638.24,557.11,0.1083,2.3,2.04,4.97,-6.46,1.77,35.97,-1.56,-10.00
2,6,1101.81,576.15,1374.25,801.39,0.1014,1.3,1.34,2.41,2.90,1.94,9.11,-1.48,-10.00
3,6,-1.00,-1.00,-1.00,-1.00,0.2980,4.2,2.89,9.33,37.71,1.75,-0.58,-3.07,-10.00
3,6,-1.00,-1.00,-1.00,-1.00,0.2481,4.4,3.21,14.88,31.32,1.73,-3.92,3.12,-10.00
3,6,0.00,349.03,214.75,493.95,0.2077,4.3,3.18,16.38,-28.66,-0.06,47.99,1.62,-10.00
3,6,0.00,371.81,175.31,530.88,0.1760,4.3,3.16,14.49,-28.94,1.21,40.86,-0.83,-10.00
3,6,-1.00,-1.00,-1.00,-1.00,0.1620,4.3,2.77,17.57,21.14,2.35,-8.84,1.49,-10.00
3,6,559.08,407.31,617.90,492.99,0.1546,3.2,2.13,2.59,-8.88,0.03,49.55,1.43,-10.00
3,6,-1.00,-1.00,-1.00,-1.00,0.1453,4.3,3.15,15.57,30.59,1.91,-1.83,3.02,-10.00
3,6,-1.00,-1.00,-1.00,-1.00,0.1355,4.0,2.93,12.29,29.85,3.15,-48.28,2.49,-10.00
3,6,-1.00,-1.00,-1.00,-1.00,0.1290,4.4,3.20,15.62,30.52,2.09,-6.10,-2.95,-10.00
3,6,1504.25,651.07,1600.00,900.00,0.1268,1.3,1.33,2.58,3.04,1.88,3.12,-1.54,-10.00
3,6,-1.00,-1.00,-1.00,-1.00,0.1181,3.4,2.94,9.80,-35.96,1.01,-3.61,0.04,-10.00
3,6,-1.00,-1.00,-1.00,-1.00,0.1166,4.2,3.04,15.26,25.99,1.19,0.43,3.13,-10.00
3,6,0.00,369.14,156.19,485.90,0.1072,4.2,3.13,14.84,-33.22,-0.27,50.20,-2.81,-10.00
3,6,-1.00,-1.00,-1.00,-1.00,0.1068,4.0,3.18,13.42,29.09,2.90,-51.45,-2.16,-10.00
4,6,-1.00,-1.00,-1.00,-1.00,0.2937,4.0,2.92,16.83,-40.19,0.30,-9.37,-3.03,-10.00
4,6,0.00,382.65,88.69,491.58,0.1399,3.2,2.79,10.99,-30.58,-0.11,45.40,1.55,-10.00
4,6,-1.00,-1.00,-1.00,-1.00,0.1218,4.3,2.98,17.51,17.10,2.00,-23.42,-1.57,-10.00
4,6,-1.00,-1.00,-1.00,-1.00,0.1106,4.3,2.82,16.73,21.49,2.26,-15.80,-1.65,-10.00
5,6,1531.97,337.61,1600.00,605.35,0.1965,4.1,2.91,15.20,20.43,1.78,21.38,-0.03,-10.00
5,6,-1.00,-1.00,-1.00,-1.00,0.1256,3.0,2.92,7.98,-37.16,-0.46,-15.05,0.14,-10.00
6,6,-1.00,-1.00,-1.00,-1.00,0.1981,4.2,2.97,15.78,26.37,2.59,21.98,-1.24,-10.00
6,6,-1.00,-1.00,-1.00,-1.00,0.1664,3.3,2.82,14.95,2.34,2.06,-24.08,-1.58,-10.00
6,6,-1.00,-1.00,-1.00,-1.00,0.1561,4.3,2.97,16.85,15.75,2.20,-24.37,1.53,-10.00
6,6,-1.00,-1.00,-1.00,-1.00,0.1496,4.1,2.90,15.00,26.35,2.47,11.45,1.12,-10.00
6,6,-1.00,-1.00,-1.00,-1.00,0.1484,4.2,3.13,13.47,-49.23,-1.44,-43.44,2.20,-10.00
6,6,-1.00,-1.00,-1.00,-1.00,0.1444,4.1,2.96,12.25,27.90,1.73,19.79,2.58,-10.00
6,6,0.00,349.81,222.20,482.05,0.1216,3.8,2.95,13.44,-26.33,-0.53,46.49,1.55,-10.00
6,6,-1.00,-1.00,-1.00,-1.00,0.1164,4.3,2.92,16.20,26.02,2.24,-14.51,-1.60,-10.00
6,6,-1.00,-1.00,-1.00,-1.00,0.1144,2.1,1.88,3.19,39.37,3.26,0.05,-2.49,-10.00
6,6,1228.50,356.10,1600.00,496.49,0.1038,4.2,2.99,16.02,21.60,0.09,40.12,-3.09,-10.00
7,6,-1.00,-1.00,-1.00,-1.00,0.2200,4.0,2.91,15.50,-17.81,1.52,9.90,2.87,-10.00
7,6,-1.00,-1.00,-1.00,-1.00,0.1958,4.1,3.11,13.99,-35.29,1.07,-2.34,0.10,-10.00
7,6,812.66,394.45,1216.06,514.25,0.1673,4.1,3.06,14.26,7.14,0.78,46.32,3.03,-10.00
7,6,-1.00,-1.00,-1.00,-1.00,0.1550,4.2,2.92,16.19,38.84,2.30,-28.92,1.48,-10.00
7,6,-1.00,-1.00,-1.00,-1.00,0.1550,4.2,2.70,16.58,42.70,2.12,-37.49,-1.61,-10.00
7,6,-1.00,-1.00,-1.00,-1.00,0.1446,4.2,3.08,15.36,36.42,2.38,-28.43,1.62,-10.00
7,6,0.00,255.51,456.22,523.95,0.1358,4.1,3.05,15.76,-12.48,0.64,27.52,1.69,-10.00
7,6,-1.00,-1.00,-1.00,-1.00,0.1325,3.9,2.96,13.52,-32.15,-0.25,27.49,2.63,-10.00
7,6,-1.00,-1.00,-1.00,-1.00,0.1290,3.6,3.19,15.52,-27.69,0.14,28.69,-1.69,-10.00
7,6,-1.00,-1.00,-1.00,-1.00,0.1278,4.1,2.86,14.55,27.59,3.63,32.18,-1.27,-10.00
7,6,-1.00,-1.00,-1.00,-1.00,0.1238,4.0,2.87,12.68,38.75,2.39,3.39,2.49,-10.00
7,6,-1.00,-1.00,-1.00,-1.00,0.1127,3.0,3.05,14.85,29.93,2.82,-23.43,-3.04,-10.00
7,6,-1.00,-1.00,-1.00,-1.00,0.1101,3.1,2.86,15.02,44.83,1.98,-5.18,0.08,-10.00
7,6,-1.00,-1.00,-1.00,-1.00,0.1097,4.2,2.82,16.53,24.18,2.43,-26.87,-1.50,-10.00
7,6,-1.00,-1.00,-1.00,-1.00,0.1038,4.0,2.88,14.62,37.32,1.96,-33.07,0.03,-10.00
7,6,-1.00,-1.00,-1.00,-1.00,0.1024,4.2,3.14,13.96,23.49,1.94,11.71,2.60,-10.00
7,6,-1.00,-1.00,-1.00,-1.00,0.1013,4.1,3.00,15.62,-38.95,0.04,-26.57,-0.00,-10.00
8,6,-1.00,-1.00,-1.00,-1.00,0.2518,3.5,3.15,12.58,-27.76,0.86,23.05,-1.51,-10.00
8,6,-1.00,-1.00,-1.00,-1.00,0.1865,4.2,3.16,14.53,29.86,2.16,-29.05,-3.09,-10.00
8,6,845.54,387.06,1314.42,515.42,0.1627,4.0,2.91,14.59,8.30,0.73,41.28,-3.09,-10.00
8,6,0.00,330.36,250.66,496.01,0.1622,3.5,3.02,14.56,-21.79,0.01,36.15,-1.43,-10.00
8,6,-1.00,-1.00,-1.00,-1.00,0.1383,3.9,3.00,15.00,20.38,1.53,4.72,2.93,-10.00
8,6,-1.00,-1.00,-1.00,-1.00,0.1219,4.4,2.86,18.59,26.84,1.89,-32.03,-1.62,-10.00
8,6,-1.00,-1.00,-1.00,-1.00,0.1152,4.3,2.89,16.87,17.72,2.05,-16.88,-1.66,-10.00
8,6,-1.00,-1.00,-1.00,-1.00,0.1095,4.0,2.89,14.26,-36.31,0.15,-27.45,0.07,-10.00
9,6,-1.00,-1.00,-1.00,-1.00,0.2208,4.1,3.06,14.30,-47.62,0.12,37.76,-0.05,-10.00
9,6,0.00,291.17,209.57,493.51,0.2176,3.5,3.27,16.05,-21.70,-0.10,31.82,1.71,-10.00
9,6,-1.00,-1.00,-1.00,-1.00,0.1701,4.1,2.96,15.28,-16.80,1.46,-0.95,2.91,-10.00
9,6,-1.00,-1.00,-1.00,-1.00,0.1307,4.3,3.08,15.54,18.26,2.04,-28.17,-3.12,-10.00
9,6,-1.00,-1.00,-1.00,-1.00,0.1288,3.1,3.06,15.02,-30.30,0.17,5.27,-0.98,-10.00
9,6,-1.00,-1.00,-1.00,-1.00,0.1195,4.3,2.79,17.92,13.95,1.69,-30.51,1.55,-10.00
9,6,-1.00,-1.00,-1.00,-1.00,0.1182,2.4,2.63,5.59,-30.80,0.08,-13.44,0.11,-10.00
9,6,-1.00,-1.00,-1.00,-1.00,0.1166,4.1,3.05,15.79,-34.73,-0.71,-42.48,-1.46,-10.00
9,6,-1.00,-1.00,-1.00,-1.00,0.1061,4.2,2.90,16.61,15.05,1.43,-40.92,-1.55,-10.00
9,6,-1.00,-1.00,-1.00,-1.00,0.1007,2.7,2.24,5.35,35.98,2.06,-40.65,1.59,-10.00
10,6,-1.00,-1.00,-1.00,-1.00,0.1915,3.8,2.82,13.01,-42.35,-0.88,45.50,1.57,-10.00
10,6,-1.00,-1.00,-1.00,-1.00,0.1692,4.1,3.01,15.12,25.09,1.91,-12.23,0.40,-10.00
10,6,-1.00,-1.00,-1.00,-1.00,0.1201,4.2,3.04,15.16,21.30,1.92,-6.53,3.03,-10.00
11,6,-1.00,-1.00,-1.00,-1.00,0.2315,4.2,2.99,16.87,20.46,1.31,8.14,-3.06,-10.00
11,6,0.00,313.64,2.12,520.62,0.1233,3.6,3.03,14.25,-25.85,0.64,29.55,-1.44,-10.00
11,6,-1.00,-1.00,-1.00,-1.00,0.1129,3.2,2.92,14.73,17.11,2.34,-36.51,1.41,-10.00
11,6,-1.00,-1.00,-1.00,-1.00,0.1093,4.1,2.93,14.69,20.79,1.80,-13.78,-3.07,-10.00
11,6,0.00,349.75,284.86,491.25,0.1048,4.2,3.14,15.42,-24.74,-0.16,48.04,1.54,-10.00
12,6,-1.00,-1.00,-1.00,-1.00,0.2217,2.7,2.62,6.33,-32.81,0.31,23.69,-1.44,-10.00
12,6,-1.00,-1.00,-1.00,-1.00,0.1304,3.9,3.04,15.52,-8.37,1.61,-24.54,-1.45,-10.00
12,6,-1.00,-1.00,-1.00,-1.00,0.1281,4.1,2.96,14.49,26.51,2.62,-42.78,-3.11,-10.00
12,6,-1.00,-1.00,-1.00,-1.00,0.1197,3.5,2.71,11.05,23.46,2.69,-21.10,-2.11,-10.00
12,6,157.97,399.12,250.41,485.11,0.1116,3.1,2.22,3.62,-23.38,-0.30,48.52,1.40,-10.00
12,6,-1.00,-1.00,-1.00,-1.00,0.1080,4.3,3.05,14.43,31.27,0.77,-51.57,0.01,-10.00
13,6,-1.00,-1.00,-1.00,-1.00,0.1495,3.1,3.17,14.67,-7.06,1.67,-31.02,1.59,-10.00
13,6,-1.00,-1.00,-1.00,-1.00,0.1452,4.1,2.99,13.97,27.45,2.36,-47.78,-3.14,-10.00
13,6,1164.50,395.86,1295.63,514.65,0.1440,3.9,2.75,10.09,15.14,0.85,47.16,1.69,-10.00
13,6,-1.00,-1.00,-1.00,-1.00,0.1115,3.6,2.92,14.13,17.80,2.48,-43.85,1.58,-10.00
13,6,886.05,384.07,980.63,494.71,0.1104,3.7,2.79,10.74,4.43,0.03,50.07,1.58,-10.00
13,6,-1.00,-1.00,-1.00,-1.00,0.1015,4.3,2.87,16.41,-21.80,0.45,-16.54,1.61,-10.00
14,6,-1.00,-1.00,-1.00,-1.00,0.1810,2.9,2.38,6.36,-39.78,-0.09,46.50,1.66,-10.00
14,6,-1.00,-1.00,-1.00,-1.00,0.1017,3.7,3.28,14.41,18.18,2.71,-51.02,1.53,-10.00
15,6,1113.79,399.24,1325.29,540.33,0.1894,4.2,2.87,15.54,13.82,1.59,45.43,-1.55,-10.00
15,6,924.50,419.98,998.40,524.04,0.1677,3.0,2.00,3.06,4.37,0.97,38.55,1.61,-10.00
15,6,-1.00,-1.00,-1.00,-1.00,0.1356,4.1,3.01,12.41,28.48,2.79,-38.45,-2.25,-10.00
15,6,-1.00,-1.00,-1.00,-1.00,0.1316,4.2,3.09,15.63,31.55,2.96,-33.18,-3.02,-10.00
15,6,-1.00,-1.00,-1.00,-1.00,0.1267,3.7,3.21,14.69,-25.67,0.42,24.12,-1.54,-10.00
15,6,1149.34,431.40,1600.00,567.75,0.1117,4.1,3.05,15.15,18.70,2.36,40.87,3.10,-10.00
15,6,-1.00,-1.00,-1.00,-1.00,0.1059,4.2,3.19,13.74,30.79,3.17,-31.02,2.53,-10.00
15,6,-1.00,-1.00,-1.00,-1.00,0.1026,4.4,2.64,18.36,44.97,4.94,35.37,1.56,-10.00
15,6,-1.00,-1.00,-1.00,-1.00,0.1022,4.1,2.94,14.44,23.44,2.87,-31.52,-2.37,-10.00
15,6,-1.00,-1.00,-1.00,-1.00,0.1015,4.2,3.08,14.67,24.08,2.77,-51.24,-3.12,-10.00
16,6,-1.00,-1.00,-1.00,-1.00,0.2334,4.3,3.18,14.02,30.71,1.83,20.49,2.83,-10.00
16,6,1008.62,433.06,1075.30,522.05,0.1699,3.2,2.23,2.60,8.50,1.13,47.57,-1.30,-10.00
16,6,-1.00,-1.00,-1.00,-1.00,0.1626,4.2,3.19,15.52,-34.72,0.01,36.68,1.67,-10.00
16,6,-1.00,-1.00,-1.00,-1.00,0.1605,3.8,3.06,12.81,-25.83,1.00,18.08,-1.58,-10.00
16,6,-1.00,-1.00,-1.00,-1.00,0.1353,3.5,2.75,13.01,21.70,2.59,-37.43,-2.08,-10.00
16,6,-1.00,-1.00,-1.00,-1.00,0.1253,2.0,1.93,4.00,22.39,2.18,-18.55,-1.08,-10.00
16,6,-1.00,-1.00,-1.00,-1.00,0.1198,2.0,1.85,4.03,22.79,2.00,-20.43,-1.05,-10.00
16,6,-1.00,-1.00,-1.00,-1.00,0.1078,2.1,1.89,4.25,23.20,1.84,-22.21,-1.04,-10.00
16,6,1019.13,437.11,1078.56,526.05,0.1019,3.1,1.99,3.24,8.36,1.22,45.34,1.78,-10.00
17,6,927.23,407.93,1072.42,540.08,0.4018,2.5,2.76,7.88,3.92,1.00,28.27,-1.47,-10.00
17,6,-1.00,-1.00,-1.00,-1.00,0.1047,4.0,2.89,13.00,28.65,1.44,13.35,-2.20,-10.00
18,6,-1.00,-1.00,-1.00,-1.00,0.1555,4.1,3.36,14.59,-35.18,1.57,23.61,1.60,-10.00
18,6,-1.00,-1.00,-1.00,-1.00,0.1539,4.2,3.13,15.86,19.00,2.19,-51.41,-1.55,-10.00
18,6,982.54,377.70,1531.68,531.96,0.1522,4.3,3.09,15.21,12.75,1.13,37.49,3.12,-10.00
18,6,0.00,315.94,171.20,491.81,0.1391,4.3,3.34,16.72,-27.87,-0.16,41.45,-1.46,-10.00
18,6,941.91,422.11,1058.73,540.07,0.1289,2.3,2.24,5.21,3.96,0.98,27.19,-1.42,-10.00
18,6,948.79,401.03,1176.17,564.17,0.1266,2.4,2.72,5.86,3.88,1.10,21.33,1.58,-10.00
18,6,0.00,380.82,335.32,494.39,0.1188,3.3,2.78,10.18,-20.64,0.03,39.43,3.07,-10.00
18,6,-1.00,-1.00,-1.00,-1.00,0.1077,4.1,3.08,14.72,21.78,2.96,-50.58,-2.14,-10.00
18,6,-1.00,-1.00,-1.00,-1.00,0.1071,4.2,2.85,13.74,19.60,2.73,-43.05,1.21,-10.00
18,6,124.26,370.06,300.92,488.53,0.1045,3.2,2.45,6.81,-18.38,-0.17,39.07,1.52,-10.00
19,6,-1.00,-1.00,-1.00,-1.00,0.2953,3.9,3.20,14.53,-28.83,0.13,26.50,-1.50,-10.00
19,6,0.00,307.76,127.38,487.72,0.1897,3.9,3.70,16.67,-28.18,-0.31,38.77,-1.47,-10.00
19,6,977.46,392.61,1168.55,569.08,0.1488,2.5,2.38,4.04,3.87,1.12,19.88,1.63,-10.00
19,6,-1.00,-1.00,-1.00,-1.00,0.1480,4.4,3.13,15.74,29.96,1.53,32.47,0.11,-10.00
19,6,-1.00,-1.00,-1.00,-1.00,0.1463,4.0,2.98,11.20,18.52,2.52,-52.74,1.60,-10.00
19,6,1189.60,436.11,1600.00,566.11,0.1438,4.1,3.03,15.11,20.54,2.37,42.43,-3.08,-10.00
19,6,1073.87,323.37,1600.00,510.13,0.1405,4.2,3.05,16.36,14.78,0.39,30.87,0.01,-10.00
19,6,-1.00,-1.00,-1.00,-1.00,0.1233,4.1,3.24,14.32,-35.35,2.64,17.26,1.59,-10.00
19,6,1019.29,426.60,1225.03,603.45,0.1126,2.1,1.95,3.51,3.98,1.38,17.07,1.58,-10.00
20,6,1101.34,368.66,1474.83,700.38,0.2714,2.3,1.93,3.72,3.77,1.51,10.87,-1.53,-10.00
20,6,1354.66,483.86,1600.00,605.08,0.2683,3.2,2.97,13.33,22.86,3.10,36.48,-3.09,-10.00
20,6,-1.00,-1.00,-1.00,-1.00,0.2515,4.2,3.21,16.42,-35.28,2.60,17.48,1.61,-10.00
20,6,-1.00,-1.00,-1.00,-1.00,0.1582,3.6,3.57,15.37,-28.89,0.04,21.25,-1.49,-10.00
20,6,1237.73,405.48,1600.00,779.70,0.1401,2.2,1.69,2.91,4.18,1.69,8.84,1.65,-10.00
20,6,419.20,397.35,734.30,499.94,0.1353,3.4,2.83,10.57,-8.27,0.24,44.73,3.13,-10.00
20,6,-1.00,-1.00,-1.00,-1.00,0.1321,4.4,2.96,17.99,24.40,1.97,14.50,1.62,-10.00
20,6,1384.54,416.48,1600.00,860.01,0.1100,2.0,1.60,2.75,4.53,1.70,7.23,-1.45,-10.00
20,6,-1.00,-1.00,-1.00,-1.00,0.1054,4.2,2.80,16.72,31.60,2.73,-9.51,-1.54,-10.00
21,6,-1.00,-1.00,-1.00,-1.00,0.2372,4.0,3.17,13.54,-35.75,2.44,4.67,1.65,-10.00
21,6,-1.00,-1.00,-1.00,-1.00,0.1303,4.3,2.91,17.03,24.46,1.94,15.33,1.66,-10.00
21,6,-1.00,-1.00,-1.00,-1.00,0.1033,3.8,3.26,15.36,-29.18,-0.13,14.55,-1.51,-10.00
21,6,-1.00,-1.00,-1.00,-1.00,0.1026,4.3,3.20,13.92,28.39,1.73,-6.98,-3.00,-10.00
21,6,-1.00,-1.00,-1.00,-1.00,0.1022,4.2,3.07,15.46,29.46,1.90,18.45,-3.11,-10.00
21,6,-1.00,-1.00,-1.00,-1.00,0.1005,4.1,3.11,15.23,-41.14,1.72,1.25,1.63,-10.00
21,6,0.00,328.11,260.63,489.67,0.1002,3.5,3.10,15.16,-22.51,-0.22,37.75,-1.41,-10.00
22,6,-1.00,-1.00,-1.00,-1.00,0.2460,4.2,3.04,16.46,-35.75,2.15,0.05,1.65,-10.00
22,6,-1.00,-1.00,-1.00,-1.00,0.1621,4.3,2.94,16.56,25.83,2.09,6.50,-1.41,-10.00
22,6,-1.00,-1.00,-1.00,-1.00,0.1422,4.2,3.16,14.97,29.32,1.74,4.94,3.11,-10.00
22,6,-1.00,-1.00,-1.00,-1.00,0.1318,1.8,1.43,2.74,4.09,1.83,-1.05,1.65,-10.00
22,6,-1.00,-1.00,-1.00,-1.00,0.1102,1.7,1.37,2.15,4.94,1.46,-1.89,-3.09,-10.00
22,6,-1.00,-1.00,-1.00,-1.00,0.1005,2.1,1.64,2.68,4.32,1.65,-3.58,-1.51,-10.00
23,6,-1.00,-1.00,-1.00,-1.00,0.2152,3.9,2.89,11.68,-36.02,2.30,-3.29,1.62,-10.00
23,6,-1.00,-1.00,-1.00,-1.00,0.2073,4.3,2.60,18.18,44.41,2.57,-12.37,-1.67,-10.00
23,6,-1.00,-1.00,-1.00,-1.00,0.2036,1.8,1.27,2.49,3.97,2.03,-7.01,-1.53,-10.00
23,6,-1.00,-1.00,-1.00,-1.00,0.1584,1.4,1.29,2.03,4.89,1.78,-7.46,0.01,-10.00
23,6,0.00,337.85,243.25,505.62,0.1557,3.5,2.86,13.27,-22.02,0.31,34.30,-1.15,-10.00
23,6,-1.00,-1.00,-1.00,-1.00,0.1497,4.4,2.87,17.76,25.21,2.26,3.32,1.57,-10.00
23,6,-1.00,-1.00,-1.00,-1.00,0.1271,4.3,2.94,17.32,26.31,1.73,-3.56,1.65,-10.00
23,6,-1.00,-1.00,-1.00,-1.00,0.1233,4.3,2.89,16.66,24.09,1.60,-19.63,1.44,-10.00
23,6,-1.00,-1.00,-1.00,-1.00,0.1215,1.9,1.70,2.92,4.45,1.88,-4.16,1.70,-10.00
23,6,1236.52,448.00,1334.14,518.77,0.1149,2.5,2.20,3.98,17.27,0.99,46.83,-1.55,-10.00
23,6,-1.00,-1.00,-1.00,-1.00,0.1035,4.4,3.37,15.28,24.11,1.64,-16.64,3.11,-10.00
24,6,-1.00,-1.00,-1.00,-1.00,0.1204,4.3,2.89,17.02,25.25,1.64,-23.39,1.45,-10.00
24,6,-1.00,-1.00,-1.00,-1.00,0.1025,2.1,2.01,3.63,4.09,1.60,-4.91,1.75,-10.00
25,6,-1.00,-1.00,-1.00,-1.00,0.2370,4.3,2.89,16.91,24.26,1.16,-24.04,1.64,-10.00
25,6,-1.00,-1.00,-1.00,-1.00,0.2330,4.3,2.97,17.81,24.80,2.05,-8.96,-1.53,-10.00
25,6,-1.00,-1.00,-1.00,-1.00,0.1322,2.9,1.94,2.65,4.37,2.28,-51.42,1.40,-10.00
25,6,1436.58,332.19,1600.00,543.06,0.1073,4.2,3.01,15.61,21.80,1.00,26.84,-3.09,-10.00
25,6,-1.00,-1.00,-1.00,-1.00,0.1027,4.3,2.66,18.16,43.60,2.27,-18.76,-1.59,-10.00
25,6,-1.00,-1.00,-1.00,-1.00,0.1020,4.2,2.99,16.83,20.15,1.17,-20.29,3.10,-10.00
25,6,-1.00,-1.00,-1.00,-1.00,0.1005,4.3,2.98,16.63,25.91,1.14,-30.80,-1.73,-10.00
26,6,-1.00,-1.00,-1.00,-1.00,0.3599,3.6,3.22,12.00,-41.38,1.76,-27.61,1.67,-10.00
26,6,-1.00,-1.00,-1.00,-1.00,0.2335,4.1,3.37,15.49,-40.05,0.69,-43.71,1.74,-10.00
26,6,-1.00,-1.00,-1.00,-1.00,0.1419,2.6,1.76,3.30,-24.23,0.55,-46.40,-1.54,-10.00
26,6,-1.00,-1.00,-1.00,-1.00,0.1127,2.1,1.92,3.36,3.89,1.70,-18.99,-1.54,-10.00
26,6,-1.00,-1.00,-1.00,-1.00,0.1015,9.5,6.52,20.52,-43.25,0.91,-41.56,-1.48,-10.00
27,6,-1.00,-1.00,-1.00,-1.00,0.1830,4.4,2.76,17.86,23.53,2.03,-15.16,-1.59,-10.00
27,6,-1.00,-1.00,-1.00,-1.00,0.1722,2.2,2.18,4.35,3.65,2.12,-25.61,1.58,-10.00
27,6,-1.00,-1.00,-1.00,-1.00,0.1561,3.7,3.27,13.36,-41.02,1.62,-32.75,1.58,-10.00
27,6,-1.00,-1.00,-1.00,-1.00,0.1200,4.3,2.94,17.11,24.71,2.00,-26.87,-1.64,-10.00
27,6,-1.00,-1.00,-1.00,-1.00,0.1043,4.4,2.76,19.06,37.52,2.82,-28.03,-1.54,-10.00
28,6,0.00,352.72,507.07,503.86,0.2245,4.2,3.08,15.64,-18.22,0.32,40.97,2.76,-10.00
28,6,943.72,351.75,1465.47,506.63,0.1738,4.2,3.10,14.86,11.45,0.39,37.88,3.04,-10.00
28,6,-1.00,-1.00,-1.00,-1.00,0.1622,3.8,3.34,15.19,-40.65,1.62,-38.91,1.66,-10.00
28,6,921.21,342.91,1538.84,500.12,0.1331,4.2,2.98,16.43,11.28,0.18,35.92,0.05,-10.00
28,6,-1.00,-1.00,-1.00,-1.00,0.1251,9.9,6.73,21.55,-44.30,1.62,-39.18,-1.50,-10.00
28,6,-1.00,-1.00,-1.00,-1.00,0.1046,4.3,2.76,18.20,36.36,2.86,-39.13,1.49,-10.00
29,6,-1.00,-1.00,-1.00,-1.00,0.1105,4.3,2.94,16.94,24.45,2.10,-31.56,-1.55,-10.00
30,6,919.98,321.93,1600.00,528.93,0.1491,4.2,3.02,15.96,10.46,0.77,28.15,-0.06,-10.00
31,6,-1.00,-1.00,-1.00,-1.00,0.1169,3.9,2.96,14.66,15.77,2.00,-23.62,2.95,-10.00
31,6,-1.00,-1.00,-1.00,-1.00,0.1158,3.9,3.06,15.26,5.19,1.68,-38.10,-1.53,-10.00
31,6,900.73,325.46,1600.00,560.36,0.1142,4.3,3.06,15.83,9.77,1.29,25.44,3.08,-10.00
31,6,-1.00,-1.00,-1.00,-1.00,0.1119,4.3,3.08,14.90,-1.93,1.82,-46.47,3.13,-10.00
32,6,-1.00,-1.00,-1.00,-1.00,0.1380,3.7,3.38,14.46,-29.27,0.80,-29.77,1.55,-10.00
32,6,-1.00,-1.00,-1.00,-1.00,0.1143,3.4,2.83,12.28,-22.79,0.87,2.89,-2.97,-10.00
33,6,-1.00,-1.00,-1.00,-1.00,0.1338,4.1,3.34,14.68,-29.28,-0.22,-25.20,1.56,-10.00
33,6,-1.00,-1.00,-1.00,-1.00,0.1153,4.2,3.08,15.56,23.41,1.72,-44.14,3.10,-10.00
34,6,73.56,370.66,512.33,505.10,0.2082,3.6,3.11,15.22,-16.75,0.38,43.05,-1.08,-10.00
34,6,-1.00,-1.00,-1.00,-1.00,0.1345,4.1,2.99,14.00,-47.82,-0.28,-3.72,2.91,-10.00
34,6,-1.00,-1.00,-1.00,-1.00,0.1175,1.7,1.55,2.66,13.68,1.97,-9.33,3.00,-10.00
35,6,-1.00,-1.00,-1.00,-1.00,0.1230,1.8,1.99,4.05,6.60,1.99,-29.22,1.48,-10.00
35,6,-1.00,-1.00,-1.00,-1.00,0.1038,3.8,2.76,14.06,20.55,1.80,17.31,2.04,-10.00
36,6,-1.00,-1.00,-1.00,-1.00,0.1325,3.9,2.83,12.16,44.40,-1.86,-42.46,-1.89,-10.00
36,6,-1.00,-1.00,-1.00,-1.00,0.1133,4.2,3.05,14.12,40.14,-1.50,-41.61,2.40,-10.00
36,6,-1.00,-1.00,-1.00,-1.00,0.1078,4.2,3.03,14.65,28.95,0.70,25.30,2.98,-10.00
37,6,843.24,387.56,998.00,523.70,0.1744,4.1,2.91,12.17,3.31,1.07,44.47,1.44,-10.00
37,6,-1.00,-1.00,-1.00,-1.00,0.1331,2.4,2.59,12.65,2.81,2.18,-35.81,-1.59,-10.00
37,6,-1.00,-1.00,-1.00,-1.00,0.1247,4.1,2.96,9.55,40.15,-2.15,-45.10,2.33,-10.00
37,6,-1.00,-1.00,-1.00,-1.00,0.1079,4.0,3.03,12.76,45.26,-2.51,-48.16,-2.23,-10.00
37,6,905.55,451.73,977.60,516.71,0.1037,2.4,2.05,3.84,4.81,0.97,49.11,-1.67,-10.00
38,6,-1.00,-1.00,-1.00,-1.00,0.2025,3.1,2.92,13.00,23.02,2.14,-48.72,-3.13,-10.00
38,6,-1.00,-1.00,-1.00,-1.00,0.1294,3.3,3.02,14.67,4.18,0.62,-40.59,1.55,-10.00
38,6,-1.00,-1.00,-1.00,-1.00,0.1247,3.3,2.90,14.24,10.24,1.05,-42.07,3.11,-10.00
38,6,-1.00,-1.00,-1.00,-1.00,0.1175,2.4,2.05,4.32,7.02,0.92,-42.47,1.50,-10.00
38,6,-1.00,-1.00,-1.00,-1.00,0.1079,3.4,3.01,14.71,22.24,1.73,-46.71,2.95,-10.00
39,6,-1.00,-1.00,-1.00,-1.00,0.2203,2.7,2.70,13.17,2.89,1.68,-46.80,1.53,-10.00
39,6,-1.00,-1.00,-1.00,-1.00,0.1531,2.3,2.33,5.08,-8.39,1.92,-42.51,-0.06,-10.00
39,6,-1.00,-1.00,-1.00,-1.00,0.1064,4.3,3.16,13.33,-54.16,0.64,-42.96,-0.42,-10.00
