0,6,-1.00,-1.00,-1.00,-1.00,0.2239,4.2,2.65,16.84,19.82,0.56,-28.26,-1.66,-10.00
0,6,-1.00,-1.00,-1.00,-1.00,0.1982,4.3,3.27,17.15,42.04,-0.17,-7.17,-1.69,-10.00
0,6,-1.00,-1.00,-1.00,-1.00,0.1618,3.3,2.90,16.74,-29.68,0.77,-10.58,0.07,-10.00
0,6,-1.00,-1.00,-1.00,-1.00,0.1458,3.8,2.77,12.49,-33.45,1.30,-5.55,-1.61,-10.00
0,6,-1.00,-1.00,-1.00,-1.00,0.1125,3.0,2.71,14.24,25.11,2.12,12.86,-0.17,-10.00
0,6,-1.00,-1.00,-1.00,-1.00,0.1121,4.2,3.05,16.17,13.70,-0.06,-30.50,3.13,-10.00
0,6,-1.00,-1.00,-1.00,-1.00,0.1045,2.8,1.96,3.37,-20.95,0.11,-46.16,0.73,-10.00
0,6,-1.00,-1.00,-1.00,-1.00,0.1003,4.3,2.79,18.14,18.83,0.14,-34.25,-1.63,-10.00
1,6,-1.00,-1.00,-1.00,-1.00,0.1659,4.3,2.86,17.36,20.22,0.64,-30.02,-1.67,-10.00
1,6,-1.00,-1.00,-1.00,-1.00,0.1541,4.3,2.99,16.43,-21.54,2.06,-11.24,-1.58,-10.00
1,6,-1.00,-1.00,-1.00,-1.00,0.1150,3.8,2.75,12.72,-33.72,1.71,-5.77,-1.59,-10.00
1,6,-1.00,-1.00,-1.00,-1.00,0.1036,4.3,2.80,17.34,16.17,1.47,-5.65,1.49,-10.00
2,6,-1.00,-1.00,-1.00,-1.00,0.3223,4.4,2.98,17.01,20.56,0.14,-31.47,1.44,-10.00
2,6,996.07,504.12,1426.41,618.25,0.1929,3.7,2.99,14.05,13.18,4.99,43.66,3.11,-10.00
2,6,-1.00,-1.00,-1.00,-1.00,0.1570,4.2,2.89,16.50,17.21,0.77,-12.64,-1.66,-10.00
2,6,-1.00,-1.00,-1.00,-1.00,0.1175,3.8,2.66,9.67,10.36,-3.94,-47.53,-1.62,-10.00
2,6,-1.00,-1.00,-1.00,-1.00,0.1155,4.3,2.94,18.18,19.99,-0.06,-39.04,1.50,-10.00
2,6,-1.00,-1.00,-1.00,-1.00,0.1000,3.8,2.88,8.85,42.45,-0.34,-7.62,-1.61,-10.00
3,6,-1.00,-1.00,-1.00,-1.00,0.1214,3.0,2.69,13.66,18.87,1.86,10.05,-0.18,-10.00
3,6,-1.00,-1.00,-1.00,-1.00,0.1133,4.3,2.86,17.44,21.61,-0.28,-42.29,1.47,-10.00
3,6,-1.00,-1.00,-1.00,-1.00,0.1118,3.3,3.01,14.37,26.10,0.54,-37.51,3.03,-10.00
3,6,806.03,529.29,861.14,591.71,0.1072,2.2,1.81,3.81,0.22,4.40,46.23,-1.62,-10.00
3,6,-1.00,-1.00,-1.00,-1.00,0.1058,4.0,2.95,15.91,42.41,-0.53,15.83,-0.05,-10.00
3,6,-1.00,-1.00,-1.00,-1.00,0.1047,4.2,2.89,16.99,17.20,0.85,-14.04,1.49,-10.00
4,6,652.53,485.24,700.68,563.42,0.3549,3.0,1.83,2.92,-5.93,3.66,49.56,1.45,-10.00
4,6,-1.00,-1.00,-1.00,-1.00,0.2045,4.0,2.89,14.84,-22.20,2.09,-7.30,1.59,-10.00
4,6,640.27,489.29,693.35,568.41,0.1736,3.1,1.99,3.91,-6.60,3.98,51.47,1.40,-10.00
4,6,-1.00,-1.00,-1.00,-1.00,0.1048,4.3,3.38,16.07,39.68,0.68,1.11,1.32,-10.00
4,6,-1.00,-1.00,-1.00,-1.00,0.1044,4.3,3.11,15.38,52.49,-3.27,-39.43,-3.08,-10.00
4,6,-1.00,-1.00,-1.00,-1.00,0.1005,3.5,2.76,15.74,17.22,1.05,-14.64,1.41,-10.00
5,6,-1.00,-1.00,-1.00,-1.00,0.5341,4.1,2.77,14.69,-21.98,1.93,-8.59,-1.63,-10.00
5,6,624.84,474.67,679.57,559.50,0.4144,3.1,1.99,2.99,-6.59,3.36,47.54,1.45,-10.00
5,6,-1.00,-1.00,-1.00,-1.00,0.3047,4.3,2.86,16.63,42.45,-0.55,-12.78,1.42,-10.00
5,6,-1.00,-1.00,-1.00,-1.00,0.2306,4.0,2.85,13.13,-44.27,6.95,50.59,-0.27,-10.00
5,6,-1.00,-1.00,-1.00,-1.00,0.1773,3.8,2.81,16.58,18.74,1.07,-22.26,1.45,-10.00
5,6,-1.00,-1.00,-1.00,-1.00,0.1639,4.2,3.48,15.88,38.96,0.27,1.53,1.25,-10.00
5,6,-1.00,-1.00,-1.00,-1.00,0.1403,4.0,3.05,13.17,-42.67,7.47,51.97,2.02,-10.00
5,6,120.77,522.78,391.36,630.62,0.1156,4.1,2.88,14.71,-24.40,6.44,52.95,-2.57,-10.00
5,6,620.27,445.77,688.37,538.44,0.1080,3.1,2.21,4.60,-6.13,2.45,45.01,1.48,-10.00
6,6,612.79,484.17,665.71,570.67,0.3761,3.1,1.84,3.20,-6.92,3.65,46.04,-1.74,-10.00
6,6,-1.00,-1.00,-1.00,-1.00,0.3142,3.3,2.69,11.04,-39.21,2.99,11.40,1.46,-10.00
6,6,-1.00,-1.00,-1.00,-1.00,0.1707,2.1,2.82,13.89,-14.36,0.98,-44.58,-1.61,-10.00
6,6,763.77,470.80,846.13,582.88,0.1596,4.1,2.92,13.50,-0.70,4.52,53.03,-1.55,-10.00
6,6,-1.00,-1.00,-1.00,-1.00,0.1338,4.3,3.30,16.27,39.31,0.62,1.50,-1.84,-10.00
6,6,729.23,473.17,1057.01,582.51,0.1142,4.1,3.02,12.72,2.51,4.36,49.99,3.07,-10.00
6,6,588.16,490.87,660.95,588.81,0.1107,3.2,2.30,5.16,-6.94,4.01,43.51,-1.69,-10.00
6,6,-1.00,-1.00,-1.00,-1.00,0.1068,3.2,2.85,15.73,-39.11,3.11,9.98,0.01,-10.00
7,6,586.24,491.75,644.25,583.01,0.3968,3.0,1.89,3.02,-7.30,3.85,43.49,1.44,-10.00
7,6,-1.00,-1.00,-1.00,-1.00,0.1832,4.1,2.78,15.45,-32.72,1.93,-18.68,-1.74,-10.00
7,6,755.00,459.40,835.14,558.07,0.1805,3.6,2.80,9.47,-1.41,3.43,50.11,-1.64,-10.00
7,6,-1.00,-1.00,-1.00,-1.00,0.1348,3.0,2.76,8.80,-38.57,3.27,5.98,-1.71,-10.00
7,6,-1.00,-1.00,-1.00,-1.00,0.1117,4.1,2.99,16.29,-28.32,1.27,-23.33,-0.17,-10.00
7,6,-1.00,-1.00,-1.00,-1.00,0.1008,4.2,3.01,15.57,36.07,-0.05,-10.48,-0.10,-10.00
8,6,576.37,483.34,637.51,577.47,0.3954,3.0,1.72,3.04,-7.24,3.50,41.53,1.49,-10.00
8,6,745.01,477.68,835.66,577.06,0.2266,3.4,2.97,10.35,-1.59,3.97,48.47,-1.65,-10.00
8,6,-1.00,-1.00,-1.00,-1.00,0.1921,3.1,2.85,10.14,-38.57,2.97,2.85,-1.61,-10.00
8,6,-1.00,-1.00,-1.00,-1.00,0.1786,4.4,2.87,18.34,19.24,-0.01,-36.62,1.47,-10.00
8,6,-1.00,-1.00,-1.00,-1.00,0.1295,4.0,2.94,9.59,35.30,-1.86,-32.02,2.15,-10.00
8,6,-1.00,-1.00,-1.00,-1.00,0.1235,4.3,2.91,16.04,-21.98,1.52,-15.00,1.54,-10.00
8,6,-1.00,-1.00,-1.00,-1.00,0.1150,4.3,2.81,18.08,21.17,0.00,-36.87,1.46,-10.00
8,6,-1.00,-1.00,-1.00,-1.00,0.1095,4.0,2.93,8.08,35.49,-2.14,-34.12,-2.56,-10.00
8,6,0.00,548.78,32.89,667.31,0.1053,3.9,2.92,16.75,-38.77,6.84,45.70,2.99,-10.00
8,6,-1.00,-1.00,-1.00,-1.00,0.1035,4.4,2.74,18.93,47.01,2.26,13.43,-1.68,-10.00
9,6,550.74,474.36,618.36,576.37,0.3691,3.0,1.86,3.03,-7.46,3.24,38.83,1.45,-10.00
9,6,-1.00,-1.00,-1.00,-1.00,0.2463,4.2,3.21,15.54,-46.90,6.94,41.83,-0.15,-10.00
9,6,-1.00,-1.00,-1.00,-1.00,0.1792,4.3,2.96,16.53,-21.97,1.13,-23.79,1.54,-10.00
9,6,-1.00,-1.00,-1.00,-1.00,0.1730,3.0,2.84,9.90,-38.79,3.14,1.14,-1.73,-10.00
9,6,-1.00,-1.00,-1.00,-1.00,0.1555,4.3,2.90,17.30,18.86,0.56,-36.32,1.45,-10.00
9,6,-1.00,-1.00,-1.00,-1.00,0.1547,4.2,3.06,16.06,16.50,-0.16,-40.54,3.10,-10.00
9,6,-1.00,-1.00,-1.00,-1.00,0.1444,4.0,2.94,9.46,39.39,0.66,-0.56,1.47,-10.00
9,6,1127.62,373.94,1600.00,504.27,0.1341,4.3,3.06,16.21,19.03,1.12,44.15,-0.11,-10.00
9,6,-1.00,-1.00,-1.00,-1.00,0.1077,4.0,2.77,7.84,40.98,0.47,3.38,2.95,-10.00
9,6,-1.00,-1.00,-1.00,-1.00,0.1007,1e+01,7.50,21.14,-40.50,4.34,-0.94,-1.68,-10.00
10,6,544.57,457.63,618.60,562.85,0.3680,3.0,1.91,2.95,-7.26,2.73,37.38,1.47,-10.00
10,6,-1.00,-1.00,-1.00,-1.00,0.2340,4.3,2.96,16.81,-22.33,2.01,-18.20,1.51,-10.00
10,6,742.79,418.53,847.02,549.10,0.2191,4.1,2.93,14.59,-1.47,2.85,46.27,-1.66,-10.00
10,6,-1.00,-1.00,-1.00,-1.00,0.1432,3.9,2.92,13.06,-38.54,3.08,-2.23,-1.71,-10.00
10,6,-1.00,-1.00,-1.00,-1.00,0.1331,3.1,2.95,14.82,2.93,1.08,-41.49,-1.68,-10.00
10,6,-1.00,-1.00,-1.00,-1.00,0.1202,4.1,2.93,15.61,0.92,1.26,-34.08,-1.70,-10.00
10,6,-1.00,-1.00,-1.00,-1.00,0.1190,4.3,3.39,15.38,46.56,-3.48,-38.97,1.43,-10.00
10,6,-1.00,-1.00,-1.00,-1.00,0.1082,2.9,3.01,8.14,4.39,0.84,-35.73,-1.59,-10.00
10,6,-1.00,-1.00,-1.00,-1.00,0.1055,4.0,3.01,14.88,-38.18,5.59,48.38,-1.79,-10.00
11,6,-1.00,-1.00,-1.00,-1.00,0.4312,4.2,3.07,16.17,-40.72,6.46,38.24,-0.17,-10.00
11,6,716.70,436.52,842.56,576.45,0.3940,4.1,2.92,14.72,-2.02,3.52,44.18,-1.71,-10.00
11,6,520.11,458.51,604.69,572.65,0.3395,3.0,1.89,2.86,-7.14,2.74,34.12,1.49,-10.00
11,6,-1.00,-1.00,-1.00,-1.00,0.2142,4.0,2.83,10.48,37.23,-0.52,-40.16,3.04,-10.00
11,6,651.47,414.20,789.49,565.62,0.2081,4.2,2.91,16.14,-4.05,3.09,42.80,-1.77,-10.00
11,6,-1.00,-1.00,-1.00,-1.00,0.1284,3.7,3.05,14.67,-50.60,6.38,36.63,-0.04,-10.00
11,6,-1.00,-1.00,-1.00,-1.00,0.1256,3.2,2.61,9.08,-50.09,5.91,34.30,-1.70,-10.00
11,6,-1.00,-1.00,-1.00,-1.00,0.1135,4.2,2.87,15.91,-33.34,1.20,-30.29,-1.75,-10.00
11,6,-1.00,-1.00,-1.00,-1.00,0.1095,3.6,2.55,6.89,31.65,-0.67,-23.65,-2.64,-10.00
11,6,-1.00,-1.00,-1.00,-1.00,0.1017,3.3,2.86,11.24,-52.63,6.13,34.74,3.12,-10.00
11,6,542.09,461.57,628.93,575.41,0.1002,3.1,1.85,3.64,-6.88,2.97,36.09,-1.59,-10.00
12,6,735.67,391.95,855.31,552.66,0.3289,4.2,2.92,15.87,-1.38,2.56,40.32,-1.65,-10.00
12,6,503.16,445.55,591.80,567.63,0.3114,3.0,1.86,2.80,-7.10,2.46,32.12,1.48,-10.00
12,6,-1.00,-1.00,-1.00,-1.00,0.2462,4.3,3.58,16.12,41.81,-3.33,-26.67,-1.76,-10.00
12,6,1029.82,357.41,1377.49,580.49,0.1523,4.1,2.90,15.32,8.25,2.45,30.93,1.50,-10.00
12,6,-1.00,-1.00,-1.00,-1.00,0.1144,4.3,3.10,14.23,32.62,1.45,3.93,2.98,-10.00
13,6,460.90,442.76,560.85,575.38,0.3159,2.9,1.86,2.78,-7.33,2.41,29.33,1.47,-10.00
13,6,-1.00,-1.00,-1.00,-1.00,0.3062,4.3,3.43,16.78,41.31,-2.23,-25.52,-1.80,-10.00
13,6,730.32,396.24,855.26,563.41,0.2944,4.1,2.91,15.21,-1.41,2.69,38.32,-1.66,-10.00
13,6,0.00,496.52,24.43,625.47,0.1270,4.1,2.99,16.83,-37.14,5.11,42.94,-0.06,-10.00
13,6,-1.00,-1.00,-1.00,-1.00,0.1108,4.1,2.95,16.02,-37.11,5.25,45.44,-2.74,-10.00
13,6,-1.00,-1.00,-1.00,-1.00,0.1102,2.9,2.80,14.56,18.16,0.83,-20.80,2.17,-10.00
13,6,-1.00,-1.00,-1.00,-1.00,0.1055,3.0,2.93,14.78,15.04,0.92,-17.78,2.70,-10.00
14,6,425.44,420.45,552.19,583.20,0.3102,3.3,2.09,3.34,-7.13,2.35,26.79,1.47,-10.00
14,6,721.60,395.63,845.23,570.50,0.2302,3.9,2.78,9.45,-1.12,2.52,33.13,-1.60,-10.00
14,6,-1.00,-1.00,-1.00,-1.00,0.1932,3.9,2.82,10.91,-50.26,6.26,28.05,-1.70,-10.00
14,6,-1.00,-1.00,-1.00,-1.00,0.1908,4.0,2.85,16.68,-35.16,5.51,31.61,3.01,-10.00
14,6,-1.00,-1.00,-1.00,-1.00,0.1711,4.1,2.96,11.83,-52.89,6.26,27.67,-3.02,-10.00
14,6,-1.00,-1.00,-1.00,-1.00,0.1451,2.9,2.89,14.14,14.00,1.06,-20.38,-0.45,-10.00
14,6,-1.00,-1.00,-1.00,-1.00,0.1341,2.7,2.07,4.34,-24.74,1.22,-38.66,0.67,-10.00
15,6,0.00,504.41,74.90,635.82,0.3224,3.9,3.35,14.02,-31.78,5.35,44.78,1.41,-10.00
15,6,416.30,406.53,550.08,575.22,0.3088,3.1,1.83,3.23,-6.64,2.00,24.56,1.53,-10.00
15,6,665.53,511.03,720.04,588.11,0.2547,2.9,1.75,3.05,-5.29,4.62,49.79,1.60,-10.00
15,6,734.98,374.14,880.21,576.91,0.2319,4.1,2.92,15.53,-0.65,2.58,33.22,-1.60,-10.00
15,6,-1.00,-1.00,-1.00,-1.00,0.1730,3.2,2.70,9.34,-50.14,5.93,26.66,1.44,-10.00
15,6,-1.00,-1.00,-1.00,-1.00,0.1698,2.8,2.84,14.49,14.43,0.85,-22.77,-0.32,-10.00
15,6,678.42,510.57,746.00,584.27,0.1638,2.9,1.97,3.49,-4.70,4.67,51.96,-1.41,-10.00
15,6,-1.00,-1.00,-1.00,-1.00,0.1597,3.8,2.93,15.53,-37.63,4.68,39.15,3.01,-10.00
15,6,-1.00,-1.00,-1.00,-1.00,0.1494,4.3,2.82,17.19,33.57,4.54,34.97,1.50,-10.00
15,6,-1.00,-1.00,-1.00,-1.00,0.1148,3.6,2.92,16.52,33.90,4.88,36.76,3.04,-10.00
15,6,-1.00,-1.00,-1.00,-1.00,0.1001,4.1,3.06,14.71,36.39,0.34,-17.42,1.28,-10.00
16,6,728.05,372.26,879.18,564.16,0.3737,3.7,2.90,10.03,-0.71,2.08,29.29,-1.62,-10.00
16,6,380.38,409.54,527.28,587.55,0.2773,3.0,1.78,2.87,-6.59,2.04,22.43,1.56,-10.00
16,6,-1.00,-1.00,-1.00,-1.00,0.2131,4.4,2.84,17.54,34.31,4.84,33.02,1.51,-10.00
16,6,1582.56,486.55,1600.00,644.36,0.1283,4.1,2.91,16.51,30.72,4.71,34.97,-3.00,-10.00
16,6,-1.00,-1.00,-1.00,-1.00,0.1170,4.3,2.85,18.03,32.34,4.58,32.62,1.60,-10.00
16,6,1543.25,495.21,1600.00,642.22,0.1071,4.1,2.92,16.13,30.53,4.97,37.15,-3.03,-10.00
16,6,-1.00,-1.00,-1.00,-1.00,0.1017,2.8,2.72,11.78,16.11,0.67,-24.43,2.97,-10.00
17,6,740.04,370.80,903.71,577.81,0.4385,3.6,2.85,8.59,-0.34,2.11,26.29,-1.63,-10.00
17,6,345.62,391.25,510.01,590.91,0.2820,3.0,1.81,2.99,-6.41,1.90,20.47,1.53,-10.00
17,6,-1.00,-1.00,-1.00,-1.00,0.1279,3.8,3.41,15.36,40.19,-2.38,-34.97,-1.79,-10.00
17,6,418.21,535.27,765.95,627.68,0.1149,3.2,3.02,12.28,-8.44,5.65,46.31,-0.02,-10.00
17,6,-1.00,-1.00,-1.00,-1.00,0.1123,4.4,3.26,14.49,-53.78,3.55,41.05,-0.51,-10.00
18,6,728.61,349.90,908.21,595.09,0.3995,3.9,2.86,9.35,-0.33,2.25,24.85,-1.61,-10.00
18,6,291.77,387.46,481.82,611.86,0.3169,3.0,1.83,2.89,-6.26,1.96,18.16,1.52,-10.00
18,6,-1.00,-1.00,-1.00,-1.00,0.1586,1.9,2.12,7.40,12.90,0.90,-29.75,-0.39,-10.00
18,6,-1.00,-1.00,-1.00,-1.00,0.1517,2.9,1.97,2.90,1.65,1.17,-51.30,1.45,-10.00
18,6,-1.00,-1.00,-1.00,-1.00,0.1416,1.2,1.32,2.14,8.99,1.35,-30.20,-1.34,-10.00
18,6,-1.00,-1.00,-1.00,-1.00,0.1373,1.5,1.54,2.33,10.06,0.73,-30.47,-0.35,-10.00
18,6,401.57,506.59,796.62,618.51,0.1147,3.7,2.95,13.28,-7.74,5.05,43.92,-3.14,-10.00
18,6,-1.00,-1.00,-1.00,-1.00,0.1145,1.4,1.34,1.97,9.42,1.02,-31.52,-1.65,-10.00
18,6,-1.00,-1.00,-1.00,-1.00,0.1105,3.5,2.92,12.90,-31.45,5.02,29.63,0.02,-10.00
19,6,218.78,355.64,453.09,615.49,0.2909,3.0,1.86,3.01,-6.17,1.77,16.14,1.55,-10.00
19,6,-1.00,-1.00,-1.00,-1.00,0.2090,1.5,2.12,3.85,9.91,1.00,-33.58,1.08,-10.00
19,6,-1.00,-1.00,-1.00,-1.00,0.2033,4.0,2.93,15.68,-36.20,4.19,31.94,3.03,-10.00
19,6,734.54,278.88,939.04,561.06,0.1477,4.1,2.92,14.39,0.45,1.69,25.29,-1.53,-10.00
19,6,-1.00,-1.00,-1.00,-1.00,0.1357,3.1,2.65,8.82,-49.73,5.48,21.51,1.53,-10.00
19,6,-1.00,-1.00,-1.00,-1.00,0.1120,1.6,1.62,3.21,10.76,0.85,-31.68,-0.38,-10.00
19,6,-1.00,-1.00,-1.00,-1.00,0.1010,3.2,2.88,12.12,-31.68,3.87,22.70,3.08,-10.00
20,6,163.53,344.99,430.98,630.73,0.2857,3.0,1.87,3.00,-6.08,1.77,14.78,1.56,-10.00
20,6,736.31,335.18,950.18,593.57,0.2735,3.4,2.78,8.85,0.00,1.85,20.88,-1.62,-10.00
20,6,-1.00,-1.00,-1.00,-1.00,0.2488,4.1,2.96,15.92,-38.65,3.93,30.19,3.02,-10.00
20,6,-1.00,-1.00,-1.00,-1.00,0.2443,3.2,2.64,10.81,-28.25,3.48,22.63,-1.70,-10.00
20,6,-1.00,-1.00,-1.00,-1.00,0.2040,2.3,2.42,4.86,10.52,1.37,-35.52,0.92,-10.00
20,6,-1.00,-1.00,-1.00,-1.00,0.1917,4.1,3.00,10.62,29.68,0.93,-47.57,-2.11,-10.00
20,6,-1.00,-1.00,-1.00,-1.00,0.1888,2.1,1.80,3.60,9.46,1.31,-32.48,1.08,-10.00
20,6,-1.00,-1.00,-1.00,-1.00,0.1871,2.4,1.67,3.51,10.15,1.33,-30.93,0.93,-10.00
20,6,-1.00,-1.00,-1.00,-1.00,0.1570,2.7,2.66,10.51,14.67,1.04,-32.82,-0.23,-10.00
20,6,-1.00,-1.00,-1.00,-1.00,0.1530,4.0,3.13,11.47,47.77,-1.55,-28.43,-1.57,-10.00
20,6,-1.00,-1.00,-1.00,-1.00,0.1514,3.3,3.70,4.42,5.31,1.42,-43.68,1.47,-10.00
20,6,-1.00,-1.00,-1.00,-1.00,0.1494,4.1,2.99,16.17,41.35,0.07,-47.56,1.37,-10.00
20,6,-1.00,-1.00,-1.00,-1.00,0.1417,3.4,2.84,11.76,39.27,-0.66,-24.91,3.04,-10.00
20,6,-1.00,-1.00,-1.00,-1.00,0.1340,2.2,1.69,3.00,11.55,1.13,-28.32,-0.22,-10.00
20,6,0.00,495.61,26.83,660.90,0.1242,4.1,3.06,15.40,-31.05,5.23,39.43,-1.66,-10.00
20,6,-1.00,-1.00,-1.00,-1.00,0.1118,4.0,2.87,15.94,32.69,5.05,27.36,3.01,-10.00
20,6,-1.00,-1.00,-1.00,-1.00,0.1091,4.0,2.97,11.69,32.41,1.13,-42.73,2.86,-10.00
21,6,716.23,323.45,945.52,599.24,0.3709,3.4,2.78,7.99,-0.07,1.78,19.36,-1.60,-10.00
21,6,-1.00,-1.00,-1.00,-1.00,0.3328,4.3,3.12,15.58,-30.49,5.07,33.88,1.46,-10.00
21,6,94.73,322.03,391.72,637.37,0.2883,3.0,1.84,2.97,-6.09,1.67,13.48,1.54,-10.00
21,6,-1.00,-1.00,-1.00,-1.00,0.2167,3.5,2.94,14.97,20.14,0.71,-33.29,3.07,-10.00
21,6,-1.00,-1.00,-1.00,-1.00,0.1894,4.0,2.95,15.83,-39.43,3.55,28.85,3.02,-10.00
21,6,-1.00,-1.00,-1.00,-1.00,0.1544,1.6,1.71,2.83,9.50,1.55,-33.41,1.65,-10.00
21,6,-1.00,-1.00,-1.00,-1.00,0.1497,3.1,2.73,9.27,-49.82,4.99,19.41,1.50,-10.00
21,6,-1.00,-1.00,-1.00,-1.00,0.1224,2.0,2.55,5.39,10.20,1.20,-37.98,1.09,-10.00
21,6,-1.00,-1.00,-1.00,-1.00,0.1019,3.7,2.94,12.72,-50.13,5.65,17.63,3.10,-10.00
21,6,1514.39,531.06,1600.00,640.09,0.1014,3.8,2.98,14.71,33.89,6.15,46.99,3.09,-10.00
22,6,-1.00,-1.00,-1.00,-1.00,0.4479,3.1,2.79,14.34,20.44,0.48,-34.22,3.04,-10.00
22,6,688.89,294.70,944.90,617.93,0.3388,3.6,2.82,9.33,-0.14,1.88,18.59,-1.58,-10.00
22,6,14.62,309.04,357.24,663.08,0.3003,3.0,1.87,3.01,-6.05,1.72,12.27,1.52,-10.00
22,6,-1.00,-1.00,-1.00,-1.00,0.2882,2.8,2.67,8.47,-49.53,5.12,17.74,1.45,-10.00
22,6,-1.00,-1.00,-1.00,-1.00,0.1581,4.2,2.88,16.53,34.65,4.74,22.34,1.54,-10.00
22,6,958.24,448.08,1106.89,586.98,0.1483,4.1,2.88,15.27,6.94,3.89,44.98,-1.56,-10.00
22,6,-1.00,-1.00,-1.00,-1.00,0.1385,4.2,2.91,16.68,28.52,0.72,-38.84,1.56,-10.00
22,6,-1.00,-1.00,-1.00,-1.00,0.1193,3.8,3.12,13.09,-30.90,5.15,35.04,-1.72,-10.00
22,6,-1.00,-1.00,-1.00,-1.00,0.1149,4.3,2.95,17.12,45.84,0.41,-47.69,-1.72,-10.00
22,6,-1.00,-1.00,-1.00,-1.00,0.1089,4.1,3.01,16.41,-38.06,4.24,28.01,3.01,-10.00
23,6,0.00,272.97,332.21,656.92,0.2962,3.1,1.85,3.25,-6.11,1.58,11.76,1.48,-10.00
23,6,-1.00,-1.00,-1.00,-1.00,0.2459,4.1,2.98,16.41,-36.62,4.39,27.17,3.04,-10.00
23,6,710.09,271.44,962.33,618.33,0.2017,3.9,2.81,11.44,-0.31,1.96,19.79,-1.64,-10.00
23,6,-1.00,-1.00,-1.00,-1.00,0.1923,2.8,2.60,7.61,-49.20,4.85,15.69,1.44,-10.00
23,6,-1.00,-1.00,-1.00,-1.00,0.1774,1.8,2.16,2.97,9.05,1.19,-37.71,-2.03,-10.00
23,6,-1.00,-1.00,-1.00,-1.00,0.1159,2.7,2.88,8.67,10.52,1.46,-40.90,1.16,-10.00
23,6,-1.00,-1.00,-1.00,-1.00,0.1031,4.1,3.06,14.96,11.57,1.90,-40.76,3.12,-10.00
24,6,0.00,288.42,295.37,696.59,0.3004,3.0,1.79,2.94,-6.03,1.72,10.66,1.54,-10.00
24,6,684.94,214.24,968.98,608.44,0.2589,4.0,2.87,13.93,-0.22,1.77,19.74,-1.60,-10.00
24,6,-1.00,-1.00,-1.00,-1.00,0.1819,4.1,3.19,15.76,-31.02,4.54,35.19,-1.59,-10.00
24,6,-1.00,-1.00,-1.00,-1.00,0.1619,4.1,2.97,15.99,-39.46,3.26,26.19,3.06,-10.00
24,6,-1.00,-1.00,-1.00,-1.00,0.1283,4.4,2.88,17.62,45.51,-0.80,-46.41,-1.50,-10.00
24,6,0.00,327.06,99.67,708.36,0.1217,2.8,1.71,1.80,-7.32,1.79,10.10,0.10,-10.00
24,6,-1.00,-1.00,-1.00,-1.00,0.1193,3.8,2.93,9.53,28.64,0.61,-52.46,-1.91,-10.00
24,6,-1.00,-1.00,-1.00,-1.00,0.1059,3.3,2.82,9.04,-50.15,4.98,15.69,1.48,-10.00
25,6,0.00,282.06,272.06,691.84,0.2979,2.9,1.77,2.76,-6.12,1.65,10.38,1.58,-10.00
25,6,933.43,410.49,1195.72,569.68,0.2626,4.3,3.17,17.23,7.15,3.14,42.25,1.43,-10.00
25,6,-1.00,-1.00,-1.00,-1.00,0.2172,4.1,2.99,11.20,29.63,0.46,-52.79,-2.13,-10.00
25,6,-1.00,-1.00,-1.00,-1.00,0.2050,4.4,3.27,14.37,32.89,1.00,-48.39,3.09,-10.00
25,6,701.89,216.42,990.23,614.94,0.1935,4.0,2.87,13.30,-0.18,1.80,19.22,-1.63,-10.00
25,6,-1.00,-1.00,-1.00,-1.00,0.1572,3.3,2.78,8.69,-50.04,4.97,14.76,1.50,-10.00
25,6,563.98,513.73,854.52,629.89,0.1427,4.0,2.90,10.75,-4.24,5.69,47.28,2.57,-10.00
25,6,-1.00,-1.00,-1.00,-1.00,0.1373,4.3,2.61,18.76,34.37,4.82,24.58,-1.56,-10.00
25,6,561.64,521.21,632.87,603.81,0.1204,2.9,1.98,4.57,-8.66,4.89,47.03,1.24,-10.00
25,6,-1.00,-1.00,-1.00,-1.00,0.1120,2.6,2.54,6.72,10.11,1.53,-41.38,-2.18,-10.00
25,6,-1.00,-1.00,-1.00,-1.00,0.1113,4.2,3.11,13.56,32.24,1.13,-45.69,2.61,-10.00
26,6,-1.00,-1.00,-1.00,-1.00,0.3073,2.9,2.70,7.94,-49.89,4.51,15.19,1.49,-10.00
26,6,0.00,248.92,287.32,682.94,0.3063,3.1,1.90,3.10,-6.12,1.57,10.42,1.57,-10.00
26,6,711.04,205.01,990.09,588.06,0.2213,3.9,2.82,12.06,-0.17,1.51,18.79,-1.64,-10.00
26,6,-1.00,-1.00,-1.00,-1.00,0.2200,4.0,2.94,10.82,29.66,0.53,-52.51,-2.11,-10.00
26,6,-1.00,-1.00,-1.00,-1.00,0.2067,4.0,2.94,15.71,-38.01,4.04,25.53,3.04,-10.00
26,6,-1.00,-1.00,-1.00,-1.00,0.1972,4.0,2.98,15.34,-32.32,4.24,21.38,-0.08,-10.00
26,6,-1.00,-1.00,-1.00,-1.00,0.1397,4.3,3.30,14.89,32.48,1.02,-47.97,3.08,-10.00
26,6,561.58,510.82,624.43,583.38,0.1097,2.6,1.87,3.89,-8.79,4.17,46.95,1.27,-10.00
26,6,-1.00,-1.00,-1.00,-1.00,0.1063,4.4,2.88,17.32,19.10,0.51,-41.54,1.46,-10.00
27,6,0.00,260.61,273.10,699.51,0.2903,3.0,1.83,3.03,-6.10,1.64,10.12,1.59,-10.00
27,6,-1.00,-1.00,-1.00,-1.00,0.1783,4.1,3.05,15.97,-36.02,4.14,25.61,3.03,-10.00
27,6,1466.94,521.66,1600.00,649.29,0.1623,4.1,3.03,15.05,30.36,5.94,43.03,3.14,-10.00
27,6,0.00,472.37,34.22,643.70,0.1242,4.3,3.27,16.46,-31.46,4.80,39.79,-1.65,-10.00
27,6,672.21,274.72,945.43,640.85,0.1199,3.9,2.90,9.07,-0.03,2.05,17.93,-1.53,-10.00
27,6,-1.00,-1.00,-1.00,-1.00,0.1144,3.1,2.88,9.40,-50.01,4.38,15.53,1.49,-10.00
27,6,-1.00,-1.00,-1.00,-1.00,0.1105,4.3,3.24,14.96,31.74,1.11,-47.90,3.06,-10.00
27,6,-1.00,-1.00,-1.00,-1.00,0.1090,4.2,3.04,14.73,45.74,-1.18,-38.25,-1.64,-10.00
28,6,0.00,251.76,256.47,715.97,0.3035,3.1,1.88,3.13,-6.11,1.69,9.89,1.52,-10.00
28,6,-1.00,-1.00,-1.00,-1.00,0.2258,2.0,2.30,5.64,9.98,1.38,-40.53,-2.08,-10.00
28,6,-1.00,-1.00,-1.00,-1.00,0.2150,3.3,2.86,14.96,19.13,0.64,-37.35,3.06,-10.00
28,6,-1.00,-1.00,-1.00,-1.00,0.1692,3.8,3.03,12.32,-49.88,4.84,16.52,1.43,-10.00
28,6,1515.73,531.10,1600.00,660.22,0.1308,4.1,3.19,14.06,31.55,6.29,43.55,3.00,-10.00
28,6,-1.00,-1.00,-1.00,-1.00,0.1072,4.1,2.97,16.20,-34.91,4.15,25.66,3.05,-10.00
28,6,-1.00,-1.00,-1.00,-1.00,0.1029,1.7,1.45,1.91,8.52,1.09,-39.22,-0.24,-10.00
29,6,0.00,231.55,236.87,694.44,0.3049,3.0,1.82,3.03,-6.17,1.53,9.75,1.51,-10.00
29,6,-1.00,-1.00,-1.00,-1.00,0.2518,4.0,2.99,15.67,-34.52,4.07,25.37,3.06,-10.00
29,6,669.76,240.30,940.09,609.46,0.1744,4.1,2.98,15.37,-0.37,1.95,21.62,-1.59,-10.00
29,6,-1.00,-1.00,-1.00,-1.00,0.1614,4.4,3.31,15.03,31.92,0.96,-48.78,3.10,-10.00
29,6,1125.61,489.14,1600.00,610.00,0.1259,4.1,2.98,16.25,19.37,4.91,45.63,3.08,-10.00
29,6,-1.00,-1.00,-1.00,-1.00,0.1213,4.3,3.22,14.79,31.89,0.86,-51.49,-3.08,-10.00
29,6,-1.00,-1.00,-1.00,-1.00,0.1190,4.1,3.16,13.45,31.01,0.62,-53.85,-2.19,-10.00
29,6,-1.00,-1.00,-1.00,-1.00,0.1180,3.3,2.93,10.48,-28.18,3.50,18.26,1.45,-10.00
29,6,-1.00,-1.00,-1.00,-1.00,0.1170,4.0,3.00,16.47,-30.89,3.68,18.98,-0.07,-10.00
29,6,-1.00,-1.00,-1.00,-1.00,0.1084,4.4,2.60,18.50,41.86,6.26,48.42,-1.66,-10.00
30,6,-1.00,-1.00,-1.00,-1.00,0.3544,3.7,2.95,15.30,11.13,0.77,-39.14,2.83,-10.00
30,6,0.00,220.66,215.37,735.74,0.3052,3.1,1.85,3.20,-6.14,1.66,9.15,1.52,-10.00
30,6,-1.00,-1.00,-1.00,-1.00,0.1902,4.0,3.10,13.62,-49.89,4.80,16.01,1.45,-10.00
30,6,-1.00,-1.00,-1.00,-1.00,0.1570,4.4,3.24,15.14,32.16,0.98,-49.67,3.12,-10.00
30,6,709.96,319.37,930.20,637.89,0.1222,3.9,2.71,9.35,-0.05,2.32,20.27,-1.56,-10.00
30,6,-1.00,-1.00,-1.00,-1.00,0.1107,3.7,3.05,14.78,19.88,0.80,-38.13,3.08,-10.00
30,6,-1.00,-1.00,-1.00,-1.00,0.1082,4.2,2.88,16.11,29.95,0.46,-42.79,-1.47,-10.00
30,6,-1.00,-1.00,-1.00,-1.00,0.1057,4.2,3.14,13.94,31.09,0.49,-53.90,-2.02,-10.00
30,6,-1.00,-1.00,-1.00,-1.00,0.1005,4.0,2.96,11.16,28.74,0.61,-53.69,-1.98,-10.00
31,6,-1.00,-1.00,-1.00,-1.00,0.3854,3.2,2.93,14.04,19.84,0.71,-38.34,3.04,-10.00
31,6,0.00,185.00,181.37,734.82,0.2995,3.1,1.91,3.19,-6.24,1.56,8.69,1.53,-10.00
31,6,-1.00,-1.00,-1.00,-1.00,0.1600,3.6,2.97,15.11,-33.50,3.72,24.65,3.04,-10.00
31,6,707.09,259.86,954.00,603.48,0.1570,4.0,2.86,13.60,-0.24,1.91,21.44,-1.61,-10.00
31,6,-1.00,-1.00,-1.00,-1.00,0.1332,1.4,1.60,2.46,8.23,1.47,-40.63,-1.54,-10.00
31,6,-1.00,-1.00,-1.00,-1.00,0.1072,2.0,1.92,4.86,10.90,1.13,-39.73,-0.17,-10.00
31,6,-1.00,-1.00,-1.00,-1.00,0.1037,4.2,3.16,14.74,31.72,0.74,-51.64,-3.11,-10.00
32,6,0.00,118.48,125.61,757.50,0.2897,3.2,1.96,3.20,-6.23,1.48,7.83,1.52,-10.00
32,6,-1.00,-1.00,-1.00,-1.00,0.1898,2.2,2.48,6.56,9.87,1.44,-45.00,-2.01,-10.00
32,6,-1.00,-1.00,-1.00,-1.00,0.1532,4.1,2.90,15.81,30.00,0.39,-44.44,-1.42,-10.00
32,6,-1.00,-1.00,-1.00,-1.00,0.1432,1.7,2.01,2.94,8.95,1.62,-42.31,-2.01,-10.00
32,6,-1.00,-1.00,-1.00,-1.00,0.1421,4.1,2.88,11.50,26.36,0.50,-54.96,2.08,-10.00
32,6,-1.00,-1.00,-1.00,-1.00,0.1390,4.1,2.98,13.77,29.52,0.51,-53.83,-2.40,-10.00
32,6,-1.00,-1.00,-1.00,-1.00,0.1314,4.1,3.09,15.24,46.61,-0.39,-49.72,1.44,-10.00
32,6,-1.00,-1.00,-1.00,-1.00,0.1310,4.0,2.92,16.88,-33.15,3.22,18.57,-0.08,-10.00
32,6,-1.00,-1.00,-1.00,-1.00,0.1304,2.7,1.95,1.93,8.49,0.70,-39.95,-1.98,-10.00
32,6,759.66,247.84,1027.94,596.74,0.1141,4.0,2.98,14.80,0.39,1.86,21.95,-1.63,-10.00
32,6,-1.00,-1.00,-1.00,-1.00,0.1090,3.9,2.72,14.73,25.50,3.13,-22.85,3.02,-10.00
32,6,-1.00,-1.00,-1.00,-1.00,0.1067,3.5,2.80,11.68,-29.30,3.48,18.60,1.49,-10.00
33,6,0.00,92.84,65.16,787.37,0.3114,3.1,1.86,3.05,-6.13,1.46,7.10,1.50,-10.00
33,6,-1.00,-1.00,-1.00,-1.00,0.2433,4.0,2.94,16.31,-34.51,3.92,22.94,3.05,-10.00
33,6,1536.29,552.67,1600.00,654.70,0.1314,3.0,2.92,14.14,30.98,5.66,39.98,-2.91,-10.00
33,6,-1.00,-1.00,-1.00,-1.00,0.1143,4.1,2.90,17.23,-33.69,3.02,17.83,-0.07,-10.00
33,6,763.67,239.89,1033.78,595.28,0.1055,4.1,3.06,15.31,1.16,1.84,22.06,-1.53,-10.00
34,6,0.00,62.56,6.21,838.05,0.3249,3.1,1.85,3.01,-6.14,1.50,6.47,1.52,-10.00
34,6,-1.00,-1.00,-1.00,-1.00,0.2214,3.8,2.96,15.81,-35.57,3.77,22.20,3.04,-10.00
34,6,-1.00,-1.00,-1.00,-1.00,0.1789,2.0,2.24,3.52,8.57,1.02,-43.38,1.18,-10.00
34,6,-1.00,-1.00,-1.00,-1.00,0.1168,4.3,2.87,17.72,41.27,5.52,41.16,1.66,-10.00
34,6,-1.00,-1.00,-1.00,-1.00,0.1037,4.1,3.13,12.84,-2.46,1.05,-54.70,1.80,-10.00
35,6,720.40,290.62,947.45,601.99,0.3511,3.9,2.82,13.03,-0.18,1.99,22.24,-1.61,-10.00
35,6,-1.00,-1.00,-1.00,-1.00,0.3275,3.1,1.87,3.09,-6.14,1.43,5.45,1.55,-10.00
35,6,-1.00,-1.00,-1.00,-1.00,0.2576,4.1,3.03,16.40,-34.96,3.87,21.40,3.04,-10.00
35,6,-1.00,-1.00,-1.00,-1.00,0.1483,4.1,2.95,15.14,34.94,-0.11,-39.68,1.36,-10.00
35,6,1205.79,478.17,1600.00,616.23,0.1326,4.1,3.00,15.97,20.51,4.46,40.06,3.06,-10.00
35,6,-1.00,-1.00,-1.00,-1.00,0.1139,4.2,3.14,15.06,51.46,-2.01,-47.01,3.10,-10.00
36,6,-1.00,-1.00,-1.00,-1.00,0.3310,3.0,1.86,3.05,-6.13,1.41,4.63,1.53,-10.00
36,6,-1.00,-1.00,-1.00,-1.00,0.2149,4.0,3.08,15.74,-34.49,3.96,20.69,3.06,-10.00
36,6,-1.00,-1.00,-1.00,-1.00,0.1987,4.2,3.12,14.98,50.75,-3.87,-47.29,2.93,-10.00
36,6,-1.00,-1.00,-1.00,-1.00,0.1256,3.4,2.94,16.15,-30.97,3.19,16.59,-0.04,-10.00
36,6,714.82,270.80,961.77,603.96,0.1178,4.0,2.92,13.85,-0.19,1.96,21.90,-1.62,-10.00
36,6,-1.00,-1.00,-1.00,-1.00,0.1140,4.0,2.94,13.29,46.91,-2.94,-52.45,1.25,-10.00
36,6,-1.00,-1.00,-1.00,-1.00,0.1139,2.4,1.78,3.24,8.16,1.00,-44.89,-1.79,-10.00
36,6,1434.44,522.40,1600.00,631.17,0.1138,3.1,3.02,14.50,26.77,4.79,38.29,0.09,-10.00
36,6,1392.99,450.72,1600.00,641.63,0.1041,4.3,2.71,17.26,22.40,4.33,36.99,-1.62,-10.00
37,6,-1.00,-1.00,-1.00,-1.00,0.3252,3.1,1.86,3.19,-6.08,1.42,3.67,1.55,-10.00
37,6,-1.00,-1.00,-1.00,-1.00,0.1405,3.7,2.94,16.59,-31.60,3.23,15.05,-0.04,-10.00
37,6,763.09,304.86,990.83,612.54,0.1059,4.0,2.91,13.47,0.51,2.19,22.93,-1.59,-10.00
37,6,-1.00,-1.00,-1.00,-1.00,0.1052,2.4,1.97,2.62,0.71,1.33,-52.09,2.02,-10.00
37,6,1272.66,471.90,1600.00,614.69,0.1022,4.1,3.00,15.78,22.27,4.31,38.91,3.10,-10.00
38,6,-1.00,-1.00,-1.00,-1.00,0.3223,3.0,1.78,2.96,-6.12,1.44,2.58,1.57,-10.00
38,6,-1.00,-1.00,-1.00,-1.00,0.1294,4.2,3.03,14.37,48.69,-4.75,-48.49,3.14,-10.00
38,6,-1.00,-1.00,-1.00,-1.00,0.1293,4.1,2.99,17.21,-31.50,3.35,9.61,3.09,-10.00
38,6,-1.00,-1.00,-1.00,-1.00,0.1014,4.4,2.76,17.94,39.24,5.60,29.50,-1.74,-10.00
39,6,-1.00,-1.00,-1.00,-1.00,0.3175,3.0,1.79,3.02,-6.11,1.41,1.21,-1.57,-10.00
39,6,-1.00,-1.00,-1.00,-1.00,0.2593,4.0,2.81,16.28,-37.23,3.95,29.48,3.04,-10.00
39,6,752.23,291.42,978.27,588.56,0.1956,4.0,2.99,14.19,0.46,1.96,23.87,-1.58,-10.00
39,6,-1.00,-1.00,-1.00,-1.00,0.1540,3.0,1.62,3.11,-13.91,-2.12,-42.15,-1.86,-10.00
39,6,1584.94,446.34,1600.00,675.97,0.1393,4.4,2.77,17.77,27.65,4.45,33.19,1.48,-10.00
39,6,-1.00,-1.00,-1.00,-1.00,0.1149,2.9,2.45,6.15,8.79,1.29,-50.29,-2.01,-10.00
39,6,-1.00,-1.00,-1.00,-1.00,0.1138,4.0,2.85,16.18,-36.26,3.89,27.49,2.96,-10.00
39,6,-1.00,-1.00,-1.00,-1.00,0.1111,4.2,3.11,13.12,51.81,-4.67,-45.68,-0.15,-10.00
39,6,-1.00,-1.00,-1.00,-1.00,0.1020,3.0,1.83,2.76,-4.65,1.25,0.73,-3.07,-10.00
40,6,-1.00,-1.00,-1.00,-1.00,0.3196,3.0,1.76,3.13,-6.20,1.32,-0.15,-1.56,-10.00
40,6,772.83,303.40,988.23,586.10,0.1896,3.9,2.94,12.86,0.51,1.94,23.74,-1.61,-10.00
40,6,-1.00,-1.00,-1.00,-1.00,0.1798,3.9,3.05,14.72,16.75,1.33,-48.49,3.09,-10.00
40,6,-1.00,-1.00,-1.00,-1.00,0.1483,4.0,2.86,16.57,-32.79,3.48,6.41,3.06,-10.00
40,6,-1.00,-1.00,-1.00,-1.00,0.1288,4.0,3.03,14.65,-50.01,4.90,3.40,3.04,-10.00
40,6,-1.00,-1.00,-1.00,-1.00,0.1210,2.5,2.25,3.80,8.15,0.79,-50.96,1.20,-10.00
40,6,1512.52,532.43,1600.00,638.35,0.1160,3.7,2.96,14.31,33.91,6.16,47.19,0.02,-10.00
40,6,-1.00,-1.00,-1.00,-1.00,0.1141,4.0,3.00,16.04,-31.19,2.84,10.97,-0.11,-10.00
40,6,1515.00,468.66,1600.00,664.63,0.1114,4.3,2.71,17.04,27.34,4.73,36.06,-1.77,-10.00
