0,6,925.12,357.84,1537.19,539.87,0.2928,4.1,2.96,16.17,10.64,1.72,32.25,2.84,-10.00
0,6,-1.00,-1.00,-1.00,-1.00,0.2082,4.2,2.93,14.11,-32.59,0.43,-13.00,-0.30,-10.00
0,6,-1.00,-1.00,-1.00,-1.00,0.2078,4.0,2.93,14.97,-32.65,1.45,-10.39,-0.29,-10.00
0,6,-1.00,-1.00,-1.00,-1.00,0.1602,4.2,2.91,15.81,15.99,0.67,-9.14,1.39,-10.00
0,6,821.91,436.86,939.54,549.07,0.1513,2.3,2.36,4.61,1.12,1.76,28.38,-1.59,-10.00
0,6,-1.00,-1.00,-1.00,-1.00,0.1258,2.9,2.86,17.02,-40.76,3.06,15.88,0.07,-10.00
0,6,-1.00,-1.00,-1.00,-1.00,0.1245,3.2,2.88,8.33,-4.88,1.45,-7.61,1.51,-10.00
0,6,-1.00,-1.00,-1.00,-1.00,0.1208,3.9,3.09,9.61,-0.19,0.45,-34.91,-1.57,-10.00
1,6,-1.00,-1.00,-1.00,-1.00,0.3771,4.1,2.95,16.96,-23.03,0.76,-10.76,2.85,-10.00
1,6,695.78,390.62,802.92,544.54,0.1541,4.2,2.89,15.65,-2.56,2.44,41.91,-1.63,-10.00
1,6,-1.00,-1.00,-1.00,-1.00,0.1383,3.2,2.79,8.42,-4.94,1.47,-7.73,1.47,-10.00
1,6,-1.00,-1.00,-1.00,-1.00,0.1295,4.1,3.06,16.08,-32.66,2.17,-9.88,-0.28,-10.00
1,6,-1.00,-1.00,-1.00,-1.00,0.1081,4.1,3.01,16.92,-32.22,0.66,-12.59,2.84,-10.00
1,6,-1.00,-1.00,-1.00,-1.00,0.1054,3.8,2.94,12.74,-37.87,3.77,34.67,3.02,-10.00
1,6,1467.67,365.63,1600.00,488.41,0.1041,3.1,2.75,11.68,24.38,0.44,35.26,3.01,-10.00
1,6,-1.00,-1.00,-1.00,-1.00,0.1018,4.0,2.96,9.46,-0.29,0.76,-35.30,-1.56,-10.00
2,6,700.18,396.31,803.11,520.26,0.1843,3.3,2.85,8.75,-2.46,1.50,39.26,-1.66,-10.00
2,6,-1.00,-1.00,-1.00,-1.00,0.1369,4.2,2.87,16.49,-36.73,4.15,22.26,-1.69,-10.00
2,6,-1.00,-1.00,-1.00,-1.00,0.1107,3.8,2.66,12.88,9.54,1.23,-25.39,2.96,-10.00
2,6,-1.00,-1.00,-1.00,-1.00,0.1084,3.4,2.87,8.85,-4.89,1.37,-6.78,-1.64,-10.00
2,6,815.98,440.67,951.12,539.68,0.1064,2.1,2.24,4.62,1.17,1.57,28.41,-1.71,-10.00
2,6,-1.00,-1.00,-1.00,-1.00,0.1013,3.1,3.01,17.07,-39.39,5.93,38.12,-0.08,-10.00
3,6,-1.00,-1.00,-1.00,-1.00,0.1751,2.5,2.52,8.12,-28.93,1.79,-8.77,-1.75,-10.00
3,6,690.04,386.74,801.44,543.71,0.1603,4.2,2.92,15.96,-3.02,2.40,41.43,-1.68,-10.00
3,6,-1.00,-1.00,-1.00,-1.00,0.1551,3.2,2.81,8.47,-4.92,1.41,-6.84,1.49,-10.00
3,6,-1.00,-1.00,-1.00,-1.00,0.1468,4.3,3.08,15.26,12.94,-0.11,-44.26,3.02,-10.00
3,6,-1.00,-1.00,-1.00,-1.00,0.1144,5.0,3.86,16.60,-42.55,5.04,34.76,-1.66,-10.00
3,6,-1.00,-1.00,-1.00,-1.00,0.1115,4.1,2.94,13.39,-16.25,-0.67,-41.01,1.58,-10.00
3,6,-1.00,-1.00,-1.00,-1.00,0.1074,4.4,3.00,17.15,-36.34,4.35,20.14,1.55,-10.00
3,6,-1.00,-1.00,-1.00,-1.00,0.1022,1.3,1.66,2.67,-28.90,2.00,-6.93,-0.15,-10.00
4,6,687.53,394.10,798.70,552.09,0.1684,4.2,2.93,16.16,-3.03,2.62,41.40,-1.67,-10.00
4,6,818.97,436.15,948.56,532.63,0.1220,2.0,2.34,4.61,1.19,1.41,28.68,-1.66,-10.00
4,6,-1.00,-1.00,-1.00,-1.00,0.1214,3.1,2.79,8.33,-4.97,1.42,-6.73,1.47,-10.00
4,6,-1.00,-1.00,-1.00,-1.00,0.1139,4.2,2.88,16.21,-36.76,4.09,22.59,-1.63,-10.00
5,6,-1.00,-1.00,-1.00,-1.00,0.2387,4.0,3.05,10.71,-0.29,0.85,-36.18,-1.57,-10.00
5,6,700.47,396.45,803.70,521.83,0.1605,3.4,2.85,8.83,-2.46,1.55,39.23,-1.66,-10.00
5,6,-1.00,-1.00,-1.00,-1.00,0.1134,4.3,2.92,17.89,-37.27,4.32,20.94,1.58,-10.00
6,6,688.58,385.51,803.58,542.61,0.1501,4.2,2.93,16.01,-3.02,2.37,41.38,-1.69,-10.00
6,6,-1.00,-1.00,-1.00,-1.00,0.1035,4.3,3.00,16.22,6.69,0.40,-43.22,-1.69,-10.00
7,6,689.60,383.80,805.58,539.71,0.1894,4.2,2.93,15.99,-2.99,2.30,41.64,-1.69,-10.00
7,6,-1.00,-1.00,-1.00,-1.00,0.1793,4.1,3.07,16.78,-42.09,1.50,2.47,-0.27,-10.00
7,6,807.80,444.01,958.59,541.70,0.1386,2.0,2.42,5.35,1.16,1.64,28.90,1.41,-10.00
7,6,-1.00,-1.00,-1.00,-1.00,0.1238,4.0,3.04,10.95,-0.01,0.86,-36.25,-1.61,-10.00
7,6,-1.00,-1.00,-1.00,-1.00,0.1013,4.2,3.00,15.84,14.03,-2.95,-45.33,-3.14,-10.00
7,6,-1.00,-1.00,-1.00,-1.00,0.1009,3.8,3.00,14.28,17.59,2.39,23.98,-0.97,-10.00
7,6,-1.00,-1.00,-1.00,-1.00,0.1007,4.4,3.11,15.54,9.23,-0.32,-43.73,-1.59,-10.00
8,6,-1.00,-1.00,-1.00,-1.00,0.1915,4.1,2.98,15.74,-31.21,1.57,5.44,2.97,-10.00
8,6,700.67,397.28,803.29,520.37,0.1645,3.3,2.84,8.65,-2.45,1.50,39.22,-1.66,-10.00
8,6,813.19,444.19,953.04,539.53,0.1193,2.0,2.32,4.86,1.17,1.59,28.81,1.43,-10.00
9,6,688.95,385.36,805.16,541.85,0.1807,4.2,2.93,16.04,-3.00,2.35,41.54,-1.69,-10.00
9,6,-1.00,-1.00,-1.00,-1.00,0.1285,4.1,3.11,11.74,0.07,0.93,-36.86,-1.63,-10.00
9,6,810.21,448.15,957.04,545.31,0.1049,2.0,2.44,5.62,1.16,1.72,29.02,1.44,-10.00
10,6,822.85,451.10,947.03,542.51,0.1556,1.9,2.16,4.47,1.23,1.65,28.72,1.46,-10.00
10,6,689.07,390.88,799.70,547.38,0.1462,4.2,2.94,15.97,-3.03,2.50,41.50,-1.67,-10.00
10,6,-1.00,-1.00,-1.00,-1.00,0.1095,4.0,3.10,10.62,-0.28,0.87,-36.21,-1.57,-10.00
10,6,-1.00,-1.00,-1.00,-1.00,0.1009,5.2,3.94,16.51,-42.58,4.86,34.68,-1.66,-10.00
11,6,-1.00,-1.00,-1.00,-1.00,0.1966,3.9,2.87,8.76,-5.30,1.89,-2.70,1.48,-10.00
11,6,688.94,384.74,803.56,541.28,0.1663,4.2,2.94,16.00,-3.02,2.33,41.46,-1.69,-10.00
11,6,-1.00,-1.00,-1.00,-1.00,0.1555,4.0,3.02,10.47,-0.25,0.85,-36.12,-1.57,-10.00
11,6,-1.00,-1.00,-1.00,-1.00,0.1043,4.7,3.12,16.97,-42.62,4.61,34.04,-1.69,-10.00
12,6,706.83,401.47,810.27,524.18,0.1734,3.3,2.86,9.25,-2.22,1.64,39.58,-1.64,-10.00
12,6,-1.00,-1.00,-1.00,-1.00,0.1568,3.0,2.84,13.80,11.42,0.17,-46.96,-0.09,-10.00
12,6,-1.00,-1.00,-1.00,-1.00,0.1144,3.8,2.88,8.70,-5.33,1.96,-2.65,1.49,-10.00
12,6,-1.00,-1.00,-1.00,-1.00,0.1103,4.1,2.92,14.59,1.08,0.73,-38.70,-1.72,-10.00
12,6,-1.00,-1.00,-1.00,-1.00,0.1017,4.0,2.93,15.38,-38.24,3.48,34.61,3.05,-10.00
13,6,702.06,384.74,811.32,539.89,0.1715,4.2,2.92,15.93,-2.57,2.31,41.76,-1.66,-10.00
13,6,-1.00,-1.00,-1.00,-1.00,0.1517,3.8,3.00,14.18,14.41,0.42,-37.43,3.04,-10.00
13,6,-1.00,-1.00,-1.00,-1.00,0.1492,3.8,2.85,9.21,-5.36,1.94,-2.15,1.49,-10.00
13,6,-1.00,-1.00,-1.00,-1.00,0.1410,4.1,2.92,14.01,0.99,0.80,-38.75,-1.74,-10.00
13,6,-1.00,-1.00,-1.00,-1.00,0.1012,4.0,3.01,14.32,13.40,0.66,-39.42,-3.11,-10.00
14,6,691.38,384.36,802.27,540.57,0.1633,4.2,2.93,16.01,-3.00,2.32,41.60,-1.68,-10.00
14,6,-1.00,-1.00,-1.00,-1.00,0.1595,4.0,2.66,13.71,-21.28,3.18,22.14,1.45,-10.00
14,6,-1.00,-1.00,-1.00,-1.00,0.1150,4.0,3.09,10.56,-0.30,0.89,-36.20,-1.57,-10.00
14,6,-1.00,-1.00,-1.00,-1.00,0.1045,3.1,2.87,14.37,-45.84,5.91,37.82,-0.11,-10.00
15,6,690.81,382.75,803.03,539.21,0.1636,4.2,2.93,15.98,-3.00,2.28,41.60,-1.68,-10.00
15,6,-1.00,-1.00,-1.00,-1.00,0.1397,4.0,3.08,10.84,-0.34,0.81,-36.21,-1.56,-10.00
15,6,1134.12,359.64,1600.00,515.27,0.1331,3.8,2.92,15.41,16.15,1.10,32.92,3.09,-10.00
15,6,-1.00,-1.00,-1.00,-1.00,0.1252,4.0,2.81,10.52,-5.37,1.82,-0.56,-1.63,-10.00
15,6,-1.00,-1.00,-1.00,-1.00,0.1141,4.2,2.86,16.60,-42.09,5.08,34.31,1.43,-10.00
15,6,809.64,441.12,959.35,544.64,0.1097,2.2,2.53,6.06,1.17,1.71,29.17,-1.68,-10.00
15,6,-1.00,-1.00,-1.00,-1.00,0.1084,4.2,2.87,15.63,30.04,0.37,-14.01,1.50,-10.00
16,6,710.24,391.39,814.43,516.82,0.2188,3.3,2.87,9.64,-2.11,1.38,39.55,-1.64,-10.00
16,6,-1.00,-1.00,-1.00,-1.00,0.1388,4.0,2.95,16.07,-38.15,2.83,33.93,-0.22,-10.00
16,6,-1.00,-1.00,-1.00,-1.00,0.1348,3.9,2.96,10.50,-5.49,1.85,0.39,-1.64,-10.00
16,6,-1.00,-1.00,-1.00,-1.00,0.1075,3.9,2.80,11.90,-40.55,-1.65,-36.06,1.48,-10.00
16,6,-1.00,-1.00,-1.00,-1.00,0.1005,3.7,2.95,12.16,-40.93,-1.88,-38.44,-0.13,-10.00
17,6,722.83,398.59,828.78,522.19,0.2627,3.3,2.90,9.73,-1.68,1.56,39.37,-1.63,-10.00
17,6,-1.00,-1.00,-1.00,-1.00,0.1757,3.9,2.91,9.14,-0.61,0.86,-36.90,-1.62,-10.00
17,6,828.46,435.74,972.89,539.88,0.1030,2.2,2.54,5.65,1.55,1.60,28.94,-1.65,-10.00
18,6,-1.00,-1.00,-1.00,-1.00,0.3218,3.9,2.87,9.74,-1.35,0.67,-37.60,-1.58,-10.00
18,6,0.00,209.63,236.33,775.32,0.1522,4.0,2.76,10.70,-5.38,1.81,3.50,-1.61,-10.00
18,6,746.26,388.11,859.28,544.85,0.1449,4.2,2.98,15.95,-0.98,2.41,41.29,-1.61,-10.00
19,6,-1.00,-1.00,-1.00,-1.00,0.4347,4.0,2.86,10.26,-2.04,0.85,-37.95,-1.60,-10.00
19,6,776.00,391.98,879.70,524.58,0.1526,3.5,2.84,9.79,-0.06,1.65,39.53,-1.59,-10.00
19,6,-1.00,-1.00,-1.00,-1.00,0.1067,2.8,1.98,3.58,-14.89,0.85,-49.27,1.73,-10.00
20,6,-1.00,-1.00,-1.00,-1.00,0.4449,4.1,2.99,11.14,-2.97,0.97,-37.39,-1.56,-10.00
20,6,-1.00,-1.00,-1.00,-1.00,0.1876,3.0,2.80,14.02,20.73,-1.39,-26.26,0.02,-10.00
20,6,804.58,395.93,908.25,530.23,0.1343,3.6,2.78,9.07,0.77,1.81,38.57,-1.58,-10.00
21,6,-1.00,-1.00,-1.00,-1.00,0.3409,4.0,2.93,11.13,-4.14,0.92,-36.88,-1.50,-10.00
21,6,1060.70,408.12,1181.49,537.88,0.3105,4.0,2.77,10.23,10.03,2.36,43.77,1.68,-10.00
21,6,839.20,373.99,954.76,536.12,0.2048,4.1,2.92,15.65,1.89,2.09,40.21,-1.56,-10.00
21,6,1002.36,397.45,1144.95,537.52,0.1380,4.1,2.86,14.56,8.32,2.37,44.35,1.62,-10.00
21,6,-1.00,-1.00,-1.00,-1.00,0.1255,4.1,2.81,15.24,-35.77,3.38,13.00,1.46,-10.00
21,6,1036.58,416.49,1170.15,534.93,0.1171,4.1,2.92,14.78,11.07,2.66,51.94,1.62,-10.00
21,6,-1.00,-1.00,-1.00,-1.00,0.1039,4.0,2.95,15.53,-33.84,2.97,-4.99,3.08,-10.00
22,6,-1.00,-1.00,-1.00,-1.00,0.3884,4.1,3.02,11.30,-4.88,1.08,-37.29,-1.49,-10.00
22,6,882.52,384.20,997.61,542.65,0.2273,4.1,2.95,15.50,3.46,2.31,40.55,-1.51,-10.00
22,6,-1.00,-1.00,-1.00,-1.00,0.1274,3.3,2.89,14.65,16.55,-0.94,-27.87,-0.16,-10.00
23,6,-1.00,-1.00,-1.00,-1.00,0.4426,4.1,2.98,11.06,-6.08,1.01,-37.27,-1.45,-10.00
23,6,0.00,481.49,186.06,614.72,0.2526,3.8,3.45,14.11,-27.80,4.53,43.05,1.64,-10.00
23,6,0.00,338.87,269.64,658.43,0.1465,9.8,6.19,22.00,-30.72,6.35,49.47,1.64,-10.00
23,6,910.58,395.45,1020.92,526.22,0.1459,3.3,2.85,9.65,4.21,1.64,37.94,-1.46,-10.00
23,6,0.00,467.83,160.85,584.68,0.1340,4.0,2.94,16.89,-33.89,4.14,46.58,-3.10,-10.00
23,6,0.00,482.46,168.00,596.38,0.1278,4.1,3.00,15.92,-33.24,4.84,49.40,-2.78,-10.00
23,6,19.75,489.49,307.56,608.00,0.1081,4.2,3.15,15.69,-26.65,5.28,52.08,1.60,-10.00
23,6,-1.00,-1.00,-1.00,-1.00,0.1078,4.0,2.96,15.86,-34.14,2.87,-3.47,0.04,-10.00
24,6,1205.45,380.30,1333.93,515.81,0.3268,3.9,2.76,10.10,14.84,1.46,42.72,1.78,-10.00
24,6,-1.00,-1.00,-1.00,-1.00,0.2860,4.1,2.99,10.75,-7.69,0.92,-37.39,-1.38,-10.00
24,6,976.66,367.90,1095.82,534.07,0.2003,4.2,2.93,15.63,6.29,2.00,39.71,-1.45,-10.00
24,6,383.66,260.19,838.63,662.80,0.1569,3.9,2.82,9.79,-2.13,2.13,17.17,-1.38,-10.00
24,6,-1.00,-1.00,-1.00,-1.00,0.1288,4.0,2.95,15.93,-34.15,2.93,-2.67,0.03,-10.00
24,6,0.00,510.50,234.18,623.57,0.1202,4.2,2.73,15.60,-31.11,5.86,48.66,-3.01,-10.00
24,6,0.00,484.72,234.36,629.65,0.1071,4.0,3.25,14.91,-26.49,4.87,42.62,-1.38,-10.00
25,6,-1.00,-1.00,-1.00,-1.00,0.3560,4.1,2.96,10.97,-8.81,0.91,-37.44,-1.38,-10.00
25,6,1228.55,366.75,1412.30,520.88,0.2121,4.1,2.80,13.83,15.88,1.59,41.61,1.74,-10.00
25,6,1013.07,393.13,1129.20,523.53,0.1646,3.2,2.86,9.72,7.17,1.51,36.87,-1.38,-10.00
25,6,-1.00,-1.00,-1.00,-1.00,0.1371,3.3,3.07,14.11,-14.62,1.04,-49.64,-1.43,-10.00
25,6,1583.93,305.82,1600.00,519.06,0.1201,4.1,2.91,14.10,24.09,0.96,26.58,-3.14,-10.00
25,6,0.00,544.39,201.19,636.79,0.1123,2.8,2.72,8.73,-24.75,5.17,39.71,-3.02,-10.00
25,6,-1.00,-1.00,-1.00,-1.00,0.1044,3.9,2.88,15.51,-29.08,4.36,20.48,-3.09,-10.00
26,6,-1.00,-1.00,-1.00,-1.00,0.5011,4.1,2.96,10.64,-10.04,1.01,-37.15,-1.32,-10.00
26,6,1285.37,366.95,1459.93,516.38,0.2391,3.9,2.83,12.02,17.42,1.41,40.97,1.79,-10.00
26,6,856.71,431.10,936.71,542.78,0.2200,2.8,1.96,4.96,1.89,1.94,33.75,-1.51,-10.00
26,6,1064.06,343.82,1192.36,522.65,0.1487,4.1,2.96,15.49,8.96,1.50,38.12,-1.36,-10.00
26,6,0.00,507.46,333.36,619.85,0.1247,3.3,2.88,13.73,-22.79,4.65,40.02,0.21,-10.00
26,6,889.55,420.44,1032.88,531.45,0.1229,2.9,1.97,3.66,3.60,1.65,34.07,0.01,-10.00
27,6,-1.00,-1.00,-1.00,-1.00,0.5816,4.0,2.96,10.88,-11.06,1.01,-38.73,-1.31,-10.00
27,6,1353.70,341.42,1530.23,505.45,0.1835,4.0,2.75,12.58,18.88,0.95,39.36,1.86,-10.00
27,6,-1.00,-1.00,-1.00,-1.00,0.1500,4.2,2.92,15.78,-20.76,3.40,15.13,-1.32,-10.00
27,6,1284.32,359.41,1481.26,514.26,0.1250,3.8,2.77,14.10,17.13,1.27,39.88,1.78,-10.00
27,6,1099.90,380.24,1233.82,519.09,0.1238,3.3,2.89,8.85,9.36,1.31,35.40,-1.38,-10.00
27,6,-1.00,-1.00,-1.00,-1.00,0.1053,2.7,2.98,15.53,-22.81,3.91,16.97,-1.44,-10.00
28,6,-1.00,-1.00,-1.00,-1.00,0.4667,4.1,2.99,11.77,-12.36,1.20,-40.54,-1.29,-10.00
28,6,-1.00,-1.00,-1.00,-1.00,0.1951,4.2,2.97,15.03,26.32,1.06,4.65,-3.02,-10.00
28,6,1307.64,370.08,1540.75,517.91,0.1607,4.1,2.96,14.88,20.66,1.58,44.81,1.70,-10.00
28,6,-1.00,-1.00,-1.00,-1.00,0.1280,4.3,2.92,16.76,-20.46,3.43,15.15,-1.36,-10.00
28,6,1332.32,357.11,1600.00,507.22,0.1216,4.2,2.94,15.90,24.94,1.05,40.04,0.19,-10.00
28,6,99.13,427.81,426.08,549.26,0.1211,3.7,2.92,14.44,-19.87,2.83,46.13,1.79,-10.00
28,6,1131.10,348.07,1266.70,529.15,0.1095,4.2,3.00,15.88,10.92,1.71,37.47,-1.30,-10.00
28,6,0.00,524.17,78.48,652.87,0.1002,3.5,2.82,11.33,-29.36,5.26,39.74,1.76,-10.00
29,6,-1.00,-1.00,-1.00,-1.00,0.2134,4.2,2.89,14.83,22.48,0.69,4.36,-3.02,-10.00
29,6,-1.00,-1.00,-1.00,-1.00,0.1223,3.2,2.98,14.67,26.03,0.21,22.64,-2.99,-10.00
29,6,1314.17,383.51,1514.94,518.49,0.1222,3.8,2.89,13.32,20.32,1.61,44.48,1.74,-10.00
29,6,-1.00,-1.00,-1.00,-1.00,0.1202,4.2,3.00,15.68,21.23,0.69,2.30,-2.94,-10.00
29,6,1136.08,378.66,1267.84,528.50,0.1066,3.4,2.82,8.82,9.79,1.52,33.49,-1.33,-10.00
30,6,-1.00,-1.00,-1.00,-1.00,0.3772,3.9,2.90,9.64,-12.22,0.94,-40.77,-1.31,-10.00
30,6,1312.45,377.99,1539.73,568.93,0.1570,2.9,2.14,5.92,10.23,1.65,21.98,-1.37,-10.00
30,6,1158.51,346.79,1306.84,534.58,0.1015,4.1,3.04,15.12,10.96,1.79,35.15,-1.31,-10.00
31,6,-1.00,-1.00,-1.00,-1.00,0.2740,3.8,2.72,9.24,47.02,-2.36,-7.66,-1.53,-10.00
31,6,32.07,506.37,453.37,653.70,0.1686,4.1,3.08,16.00,-19.04,5.61,43.46,-1.25,-10.00
31,6,-1.00,-1.00,-1.00,-1.00,0.1528,3.8,2.97,14.01,2.68,0.30,-34.10,-3.03,-10.00
31,6,-1.00,-1.00,-1.00,-1.00,0.1363,4.1,2.92,14.42,-14.22,1.05,-43.04,-1.29,-10.00
31,6,-1.00,-1.00,-1.00,-1.00,0.1239,4.3,2.95,16.24,21.34,0.69,1.30,-3.03,-10.00
31,6,-1.00,-1.00,-1.00,-1.00,0.1135,4.1,2.90,15.39,14.55,0.46,-2.20,-2.95,-10.00
31,6,1473.21,352.10,1600.00,482.58,0.1124,3.3,2.52,6.61,21.40,0.23,37.98,-1.18,-10.00
31,6,-1.00,-1.00,-1.00,-1.00,0.1020,4.2,3.02,15.00,30.14,1.00,19.17,-2.99,-10.00
32,6,1053.26,353.76,1209.18,530.04,0.2599,3.9,2.79,8.14,8.07,1.52,32.36,-1.20,-10.00
32,6,-1.00,-1.00,-1.00,-1.00,0.2095,4.2,3.01,15.68,31.33,0.89,17.30,-2.96,-10.00
32,6,-1.00,-1.00,-1.00,-1.00,0.1616,4.0,2.93,10.06,-13.46,1.32,-41.41,-1.22,-10.00
32,6,1007.04,402.13,1111.21,520.90,0.1558,3.9,2.88,10.69,9.22,1.90,48.67,1.85,-10.00
32,6,1467.94,359.12,1600.00,516.19,0.1547,3.7,2.97,15.42,23.49,1.32,39.49,-1.28,-10.00
32,6,-1.00,-1.00,-1.00,-1.00,0.1432,4.1,2.92,15.09,20.55,0.72,0.08,-3.04,-10.00
32,6,-1.00,-1.00,-1.00,-1.00,0.1329,4.2,2.96,14.60,24.00,0.80,-3.07,-3.03,-10.00
32,6,969.07,403.65,1054.82,522.12,0.1165,4.1,3.00,11.11,7.32,2.03,50.83,1.68,-10.00
32,6,-1.00,-1.00,-1.00,-1.00,0.1134,4.1,2.84,16.50,-48.12,-0.13,-31.64,0.17,-10.00
33,6,1082.23,354.01,1227.03,522.85,0.5965,3.8,2.77,7.13,8.78,1.34,32.94,-1.20,-10.00
33,6,0.00,416.62,135.46,599.23,0.3715,4.2,3.18,16.14,-27.72,3.41,36.94,1.76,-10.00
33,6,1267.50,366.53,1454.25,545.59,0.3460,3.4,2.90,8.64,11.77,1.67,28.41,-1.27,-10.00
33,6,-1.00,-1.00,-1.00,-1.00,0.3332,4.0,2.95,9.51,-13.92,1.42,-42.45,-1.18,-10.00
33,6,-1.00,-1.00,-1.00,-1.00,0.2819,3.0,2.86,16.08,-28.80,2.67,18.10,0.16,-10.00
33,6,-1.00,-1.00,-1.00,-1.00,0.1830,4.2,3.14,16.42,30.72,0.73,16.06,-2.95,-10.00
33,6,0.00,250.91,263.69,635.77,0.1225,9.8,6.42,21.71,-29.80,4.81,43.14,-1.29,-10.00
33,6,1507.25,327.34,1600.00,511.35,0.1143,4.1,2.93,15.07,23.51,1.09,37.80,-1.22,-10.00
33,6,-1.00,-1.00,-1.00,-1.00,0.1091,1.5,1.64,2.73,23.51,0.72,12.41,2.62,-10.00
33,6,-1.00,-1.00,-1.00,-1.00,0.1043,2.8,2.27,5.18,-0.81,0.20,-36.11,0.17,-10.00
34,6,-1.00,-1.00,-1.00,-1.00,0.5049,4.4,3.14,16.32,34.24,1.02,14.33,0.16,-10.00
34,6,1093.31,341.84,1269.52,527.99,0.4017,4.2,3.05,14.23,10.57,1.61,35.87,-1.17,-10.00
34,6,1294.89,313.38,1489.98,547.98,0.2788,4.2,3.12,15.56,13.16,1.78,30.10,-1.19,-10.00
34,6,-1.00,-1.00,-1.00,-1.00,0.2215,3.9,2.92,10.10,-13.71,0.77,-43.34,-1.19,-10.00
34,6,1546.72,355.78,1600.00,592.31,0.2035,2.6,2.03,5.40,11.48,1.49,16.59,-1.29,-10.00
34,6,132.74,372.92,393.20,529.75,0.1475,4.2,2.97,15.19,-18.12,1.93,42.08,1.49,-10.00
34,6,1056.87,359.35,1193.69,521.20,0.1469,4.4,3.20,16.18,10.00,1.67,43.84,1.72,-10.00
34,6,1483.40,384.03,1600.00,499.44,0.1362,3.5,2.71,9.69,26.73,0.92,45.85,1.85,-10.00
34,6,-1.00,-1.00,-1.00,-1.00,0.1132,3.9,2.94,13.00,50.82,-0.49,10.91,1.76,-10.00
34,6,-1.00,-1.00,-1.00,-1.00,0.1095,4.2,2.96,16.30,21.40,0.68,-4.34,-2.94,-10.00
34,6,-1.00,-1.00,-1.00,-1.00,0.1093,2.7,2.95,17.10,-29.71,2.85,15.39,0.15,-10.00
35,6,-1.00,-1.00,-1.00,-1.00,0.4175,4.4,3.08,16.24,34.66,0.80,13.16,0.16,-10.00
35,6,1268.66,312.32,1515.31,552.51,0.3559,4.0,2.86,13.72,11.98,1.75,28.09,-1.30,-10.00
35,6,1572.69,350.66,1600.00,608.69,0.2749,2.6,1.91,4.83,10.92,1.52,15.09,-1.33,-10.00
35,6,-1.00,-1.00,-1.00,-1.00,0.2733,4.0,2.77,9.75,20.94,0.65,-3.48,-0.01,-10.00
35,6,-1.00,-1.00,-1.00,-1.00,0.2638,4.1,2.87,12.49,-14.05,0.63,-48.26,-1.29,-10.00
35,6,1107.24,353.90,1263.17,525.59,0.1801,4.0,2.77,9.95,10.16,1.49,34.64,-1.16,-10.00
35,6,-1.00,-1.00,-1.00,-1.00,0.1672,4.2,3.33,15.95,47.68,-0.51,-7.80,1.76,-10.00
35,6,-1.00,-1.00,-1.00,-1.00,0.1236,2.4,1.80,2.37,11.72,1.31,14.07,-2.92,-10.00
35,6,-1.00,-1.00,-1.00,-1.00,0.1162,3.2,2.85,12.29,-24.89,2.35,21.30,2.18,-10.00
35,6,989.78,361.27,1143.19,533.82,0.1095,4.3,3.13,16.10,7.11,1.99,39.79,1.66,-10.00
35,6,1446.51,362.23,1600.00,500.85,0.1060,3.9,2.83,13.74,25.77,0.92,45.61,-1.32,-10.00
36,6,1268.99,315.47,1500.18,558.81,0.3810,4.0,2.92,12.67,11.39,1.79,26.93,-1.27,-10.00
36,6,1070.41,334.66,1256.61,522.18,0.2973,4.0,3.05,14.23,9.88,1.38,35.14,-1.17,-10.00
36,6,-1.00,-1.00,-1.00,-1.00,0.1838,4.3,3.03,15.57,34.77,1.05,12.87,-3.01,-10.00
36,6,1571.91,277.59,1600.00,595.32,0.1305,2.9,2.43,5.37,10.82,1.28,14.12,-1.37,-10.00
36,6,0.00,398.56,154.98,573.91,0.1209,4.1,3.12,15.14,-25.09,2.67,32.85,0.27,-10.00
36,6,-1.00,-1.00,-1.00,-1.00,0.1131,3.7,3.16,14.26,1.38,0.78,-40.10,3.11,-10.00
36,6,-1.00,-1.00,-1.00,-1.00,0.1046,4.1,3.06,15.81,-33.22,1.87,0.72,0.07,-10.00
37,6,1260.27,317.14,1468.40,571.79,0.4862,4.1,2.74,11.77,10.63,1.94,25.96,-1.26,-10.00
37,6,1033.74,346.08,1197.34,534.26,0.2360,4.1,3.14,15.21,8.48,1.77,34.88,-1.26,-10.00
37,6,1554.14,302.14,1600.00,633.66,0.2319,2.6,2.66,5.57,9.99,1.43,12.62,-1.42,-10.00
37,6,953.42,389.57,1092.13,517.69,0.1583,4.2,3.13,14.87,8.33,1.82,50.94,1.89,-10.00
37,6,-1.00,-1.00,-1.00,-1.00,0.1395,4.2,2.92,15.73,18.58,0.99,-9.17,1.35,-10.00
37,6,-1.00,-1.00,-1.00,-1.00,0.1195,4.3,3.08,16.44,31.50,1.10,13.04,-3.03,-10.00
38,6,1176.70,310.64,1461.19,579.37,0.3005,4.0,2.82,10.53,8.77,1.90,23.91,-1.41,-10.00
38,6,0.00,419.62,139.40,616.72,0.2895,3.9,2.95,11.16,-22.53,3.21,30.58,1.86,-10.00
38,6,-1.00,-1.00,-1.00,-1.00,0.2346,4.2,2.87,9.56,36.42,0.37,-5.79,3.01,-10.00
38,6,-1.00,-1.00,-1.00,-1.00,0.2320,4.3,2.87,16.46,15.99,1.27,-10.36,1.67,-10.00
38,6,986.39,362.28,1129.19,544.12,0.2274,3.9,3.02,13.66,6.61,1.97,34.22,-1.34,-10.00
38,6,908.70,369.15,1009.54,513.91,0.2168,4.1,3.04,15.26,5.15,1.46,46.22,1.71,-10.00
38,6,-1.00,-1.00,-1.00,-1.00,0.1856,4.2,2.88,12.73,34.51,0.28,-10.10,-1.91,-10.00
38,6,1522.21,313.93,1600.00,628.20,0.1645,2.5,2.32,4.71,9.20,1.37,12.25,-1.51,-10.00
38,6,-1.00,-1.00,-1.00,-1.00,0.1349,4.3,3.35,16.29,48.73,-0.11,6.68,-1.57,-10.00
38,6,-1.00,-1.00,-1.00,-1.00,0.1241,4.4,3.10,16.21,31.94,1.03,12.99,-3.06,-10.00
38,6,-1.00,-1.00,-1.00,-1.00,0.1148,4.1,2.86,15.15,21.33,1.32,-5.48,-3.12,-10.00
38,6,-1.00,-1.00,-1.00,-1.00,0.1060,4.2,3.02,15.45,17.91,1.17,-10.81,1.53,-10.00
