0,6,-1.00,-1.00,-1.00,-1.00,0.5381,4.2,2.87,14.78,-17.21,2.39,3.19,-1.76,-10.00
0,6,-1.00,-1.00,-1.00,-1.00,0.1898,4.0,2.97,15.22,0.65,1.35,-22.14,-1.60,-10.00
0,6,-1.00,-1.00,-1.00,-1.00,0.1490,4.0,2.90,16.13,-45.13,2.38,26.46,-0.09,-10.00
0,6,-1.00,-1.00,-1.00,-1.00,0.1416,4.2,2.90,15.13,11.23,-3.14,-46.53,-1.60,-10.00
0,6,-1.00,-1.00,-1.00,-1.00,0.1132,4.2,2.88,15.32,-15.88,1.62,-8.86,1.52,-10.00
0,6,-1.00,-1.00,-1.00,-1.00,0.1075,3.8,3.09,15.40,-34.06,1.80,-25.51,-1.76,-10.00
0,6,-1.00,-1.00,-1.00,-1.00,0.1061,3.6,2.97,15.19,-44.08,4.21,18.64,-0.21,-10.00
3,6,-1.00,-1.00,-1.00,-1.00,0.6499,4.1,2.75,10.40,2.75,0.96,-35.09,-1.59,-10.00
4,6,-1.00,-1.00,-1.00,-1.00,0.1645,4.2,2.98,14.01,1.59,1.14,-36.28,-1.54,-10.00
4,6,-1.00,-1.00,-1.00,-1.00,0.1061,3.8,2.75,11.31,14.85,-0.02,-44.99,1.39,-10.00
5,6,0.00,176.88,572.12,629.07,0.1319,3.8,2.87,15.10,-6.09,1.73,18.13,1.49,-10.00
6,6,-1.00,-1.00,-1.00,-1.00,0.1070,1.6,1.42,2.15,-10.93,1.23,-52.24,-1.61,-10.00
7,6,-1.00,-1.00,-1.00,-1.00,0.2292,3.7,2.51,2.47,44.41,-0.57,-15.80,-0.08,-10.00
7,6,-1.00,-1.00,-1.00,-1.00,0.1230,2.9,2.81,13.73,26.47,-0.18,-31.85,3.08,-10.00
8,6,-1.00,-1.00,-1.00,-1.00,0.1412,4.1,3.05,16.51,-37.29,1.83,-5.60,-0.12,-10.00
8,6,-1.00,-1.00,-1.00,-1.00,0.1245,3.8,2.95,15.24,16.28,0.32,-31.57,-3.11,-10.00
8,6,1044.22,451.99,1553.35,588.68,0.1245,4.1,2.95,15.65,15.07,3.65,40.32,3.02,-10.00
8,6,-1.00,-1.00,-1.00,-1.00,0.1053,3.7,2.98,17.16,-41.95,2.10,9.26,0.03,-10.00
9,6,-1.00,-1.00,-1.00,-1.00,0.1516,4.3,3.16,15.06,22.75,0.59,-42.81,-3.13,-10.00
9,6,-1.00,-1.00,-1.00,-1.00,0.1059,3.6,2.86,7.14,13.31,0.72,-25.77,1.58,-10.00
9,6,-1.00,-1.00,-1.00,-1.00,0.1027,4.1,3.10,15.27,-29.98,1.15,-34.61,-0.03,-10.00
10,6,-1.00,-1.00,-1.00,-1.00,0.2559,4.1,3.00,15.11,44.43,0.11,41.18,-3.05,-10.00
10,6,-1.00,-1.00,-1.00,-1.00,0.1170,4.3,3.26,15.30,53.09,0.40,41.66,-0.01,-10.00
10,6,-1.00,-1.00,-1.00,-1.00,0.1073,3.5,2.96,14.67,19.35,0.46,-45.28,3.07,-10.00
10,6,-1.00,-1.00,-1.00,-1.00,0.1067,3.2,2.15,3.34,42.41,-1.04,-32.23,-3.08,-10.00
11,6,1168.70,403.20,1600.00,575.57,0.2171,3.3,2.72,11.43,13.09,2.05,25.61,-0.07,-10.00
11,6,-1.00,-1.00,-1.00,-1.00,0.1451,4.3,3.29,15.30,52.21,0.20,35.59,-3.13,-10.00
11,6,-1.00,-1.00,-1.00,-1.00,0.1365,2.2,2.08,4.55,-31.89,3.27,24.10,-1.57,-10.00
11,6,-1.00,-1.00,-1.00,-1.00,0.1330,3.4,2.27,2.91,40.51,-1.44,-38.18,-0.01,-10.00
11,6,-1.00,-1.00,-1.00,-1.00,0.1185,3.6,2.96,7.49,49.60,-0.39,38.14,-1.47,-10.00
11,6,1523.02,373.53,1600.00,509.39,0.1127,4.0,2.87,15.89,30.73,1.15,39.58,-0.03,-10.00
11,6,1217.47,389.18,1540.66,508.25,0.1068,4.2,3.17,14.45,22.29,1.47,50.05,2.68,-10.00
11,6,0.00,431.89,149.07,641.06,0.1003,3.3,3.07,14.98,-19.42,3.14,27.64,1.41,-10.00
12,6,-1.00,-1.00,-1.00,-1.00,0.2599,3.9,2.74,13.15,-22.26,2.20,6.55,-1.58,-10.00
12,6,-1.00,-1.00,-1.00,-1.00,0.1366,3.8,3.35,14.35,23.40,-0.33,-41.92,1.71,-10.00
12,6,-1.00,-1.00,-1.00,-1.00,0.1311,4.2,3.14,16.06,44.59,0.03,28.66,-0.07,-10.00
12,6,-1.00,-1.00,-1.00,-1.00,0.1203,4.0,2.71,7.93,40.87,-1.01,-22.34,-2.92,-10.00
12,6,1014.77,416.92,1104.89,499.40,0.1111,3.0,2.14,4.72,9.28,1.10,50.28,-1.70,-10.00
12,6,1022.47,383.39,1381.02,493.72,0.1097,4.1,2.92,13.37,14.69,0.85,49.49,-0.10,-10.00
12,6,1319.09,366.29,1600.00,487.51,0.1039,4.2,2.96,15.03,26.20,0.54,46.22,3.07,-10.00
13,6,-1.00,-1.00,-1.00,-1.00,0.2503,3.5,2.76,10.38,-46.52,3.39,-40.25,-1.45,-10.00
13,6,-1.00,-1.00,-1.00,-1.00,0.1791,3.5,2.40,2.68,37.66,-1.33,-49.30,0.02,-10.00
13,6,-1.00,-1.00,-1.00,-1.00,0.1012,3.5,3.17,14.38,-2.25,1.20,-41.20,-1.50,-10.00
14,6,-1.00,-1.00,-1.00,-1.00,0.2255,4.3,2.93,11.66,-2.30,1.20,-41.17,-1.46,-10.00
14,6,-1.00,-1.00,-1.00,-1.00,0.1952,3.2,2.92,11.53,-48.26,2.20,-44.05,-1.48,-10.00
15,6,-1.00,-1.00,-1.00,-1.00,0.2192,3.4,2.86,10.97,-49.16,2.61,-46.83,-1.43,-10.00
16,6,-1.00,-1.00,-1.00,-1.00,0.1852,4.2,3.19,15.77,43.81,0.80,47.26,3.09,-10.00
16,6,-1.00,-1.00,-1.00,-1.00,0.1463,4.1,3.03,14.48,-1.15,1.57,-38.42,1.99,-10.00
18,6,-1.00,-1.00,-1.00,-1.00,0.1777,1.5,1.46,2.42,21.78,0.45,-23.64,-3.01,-10.00
18,6,-1.00,-1.00,-1.00,-1.00,0.1498,3.1,2.98,14.32,28.28,1.11,-47.04,-3.11,-10.00
18,6,-1.00,-1.00,-1.00,-1.00,0.1480,4.3,3.07,13.33,-6.95,1.05,-54.61,1.07,-10.00
18,6,-1.00,-1.00,-1.00,-1.00,0.1132,3.6,2.86,16.39,-33.30,2.63,14.67,0.08,-10.00
18,6,-1.00,-1.00,-1.00,-1.00,0.1122,4.3,3.19,15.01,20.85,0.85,-49.40,-3.09,-10.00
20,6,-1.00,-1.00,-1.00,-1.00,0.2351,3.4,2.33,2.94,50.01,-0.44,-33.62,-0.52,-10.00
20,6,-1.00,-1.00,-1.00,-1.00,0.1908,2.5,2.25,2.98,52.37,-0.40,-33.43,-0.44,-10.00
20,6,1462.90,383.68,1600.00,502.46,0.1783,3.1,2.78,14.54,26.57,0.84,36.51,-0.00,-10.00
20,6,1436.44,470.77,1600.00,583.36,0.1538,1.8,1.37,3.19,12.16,1.91,21.85,1.55,-10.00
20,6,-1.00,-1.00,-1.00,-1.00,0.1476,2.1,2.18,3.03,50.62,-0.51,-32.10,-0.70,-10.00
20,6,1363.56,467.76,1546.62,584.53,0.1091,2.0,1.47,3.77,11.43,2.03,23.07,1.59,-10.00
20,6,-1.00,-1.00,-1.00,-1.00,0.1069,2.9,2.16,2.85,50.50,-0.71,-14.91,-0.04,-10.00
20,6,-1.00,-1.00,-1.00,-1.00,0.1061,2.5,1.97,4.95,-31.93,3.04,36.47,-1.34,-10.00
20,6,-1.00,-1.00,-1.00,-1.00,0.1058,3.0,1.83,3.91,48.60,-1.28,-31.02,2.34,-10.00
20,6,-1.00,-1.00,-1.00,-1.00,0.1013,2.5,2.17,2.93,48.97,-0.64,-32.54,-0.73,-10.00
21,6,-1.00,-1.00,-1.00,-1.00,0.1188,3.5,2.86,15.65,28.38,0.18,-22.86,0.12,-10.00
21,6,-1.00,-1.00,-1.00,-1.00,0.1006,2.9,2.92,7.95,-30.97,1.94,-15.19,1.77,-10.00
22,6,-1.00,-1.00,-1.00,-1.00,0.3211,4.3,3.04,14.74,30.05,1.12,12.01,3.12,-10.00
22,6,0.00,471.08,14.57,541.17,0.1377,2.8,1.87,2.79,-35.36,2.91,51.49,2.20,-10.00
22,6,0.00,468.43,54.36,537.34,0.1225,2.8,2.01,3.47,-35.22,2.85,53.26,2.09,-10.00
22,6,-1.00,-1.00,-1.00,-1.00,0.1187,3.0,1.75,3.08,-35.94,2.79,49.81,2.15,-10.00
22,6,-1.00,-1.00,-1.00,-1.00,0.1173,3.1,2.85,15.11,-33.67,2.50,-16.42,-2.85,-10.00
22,6,0.00,466.97,12.00,545.14,0.1141,3.0,2.09,2.25,-34.24,2.99,50.11,2.30,-10.00
24,6,-1.00,-1.00,-1.00,-1.00,0.1806,4.3,3.09,13.69,-0.46,1.33,-36.20,-1.45,-10.00
24,6,-1.00,-1.00,-1.00,-1.00,0.1116,4.4,3.16,16.01,32.87,0.74,-13.76,-3.10,-10.00
25,6,-1.00,-1.00,-1.00,-1.00,0.3987,4.4,3.00,12.75,-0.14,1.31,-35.50,-1.53,-10.00
25,6,-1.00,-1.00,-1.00,-1.00,0.1790,4.3,3.01,13.12,28.89,1.32,12.67,-3.13,-10.00
25,6,718.86,416.54,799.89,530.43,0.1557,4.1,2.96,13.44,-2.73,2.49,52.93,-1.61,-10.00
25,6,0.00,430.31,327.36,546.02,0.1137,4.1,2.97,14.90,-26.86,2.77,46.93,-0.07,-10.00
26,6,-1.00,-1.00,-1.00,-1.00,0.2416,3.8,2.92,14.49,0.15,1.18,-37.98,-1.54,-10.00
26,6,-1.00,-1.00,-1.00,-1.00,0.1080,3.8,2.72,12.68,9.87,1.09,-12.38,1.64,-10.00
27,6,0.00,293.77,175.30,633.72,0.1851,4.2,3.09,16.83,-17.57,2.48,24.08,-1.68,-10.00
27,6,647.24,358.26,783.45,527.63,0.1433,4.2,3.06,16.29,-3.14,1.77,40.33,-1.58,-10.00
27,6,1168.73,325.05,1595.30,533.94,0.1087,3.8,3.14,14.56,12.21,1.50,30.33,1.52,-10.00
28,6,-1.00,-1.00,-1.00,-1.00,0.3385,4.4,3.37,15.42,50.06,0.59,47.20,0.51,-10.00
28,6,649.01,392.90,790.08,524.74,0.2698,4.3,3.16,15.06,-4.71,2.10,50.51,-1.83,-10.00
28,6,-1.00,-1.00,-1.00,-1.00,0.1716,3.3,3.30,15.29,0.34,1.26,-34.79,-1.51,-10.00
28,6,-1.00,-1.00,-1.00,-1.00,0.1177,4.4,3.15,15.64,30.82,0.52,-15.60,3.01,-10.00
28,6,-1.00,-1.00,-1.00,-1.00,0.1061,3.7,2.82,14.32,28.40,0.09,29.29,0.01,-10.00
28,6,1219.04,382.32,1420.48,491.77,0.1048,3.2,2.77,11.14,17.88,0.59,46.57,-1.60,-10.00
29,6,616.63,387.30,799.66,521.84,0.3489,4.1,3.26,15.31,-5.04,1.87,48.13,-1.92,-10.00
29,6,-1.00,-1.00,-1.00,-1.00,0.1098,2.1,2.19,3.77,-33.54,2.66,43.01,-1.20,-10.00
29,6,-1.00,-1.00,-1.00,-1.00,0.1079,3.6,2.75,7.34,42.57,0.73,33.81,2.12,-10.00
30,6,640.06,377.06,793.97,518.55,0.3664,4.3,3.13,14.27,-4.57,1.71,47.72,-1.85,-10.00
30,6,-1.00,-1.00,-1.00,-1.00,0.1547,4.3,3.39,15.28,53.33,0.93,37.50,0.46,-10.00
30,6,-1.00,-1.00,-1.00,-1.00,0.1519,4.2,2.97,15.47,7.87,0.62,-30.75,1.65,-10.00
30,6,590.44,382.25,693.44,524.14,0.1340,4.1,3.12,16.32,-6.79,1.90,46.55,1.43,-10.00
31,6,632.89,376.71,776.34,518.25,0.2619,4.2,3.22,14.32,-4.91,1.66,46.55,-1.82,-10.00
31,6,584.14,392.03,699.33,523.23,0.2215,3.6,3.27,17.34,-7.08,1.80,45.42,-1.77,-10.00
31,6,1475.50,438.93,1600.00,547.94,0.1477,1.9,1.64,2.36,13.28,1.41,22.87,-2.74,-10.00
32,6,629.21,379.31,768.19,524.14,0.4390,4.3,3.13,14.32,-5.07,1.88,46.01,-1.81,-10.00
32,6,-1.00,-1.00,-1.00,-1.00,0.2269,4.2,2.89,16.08,11.47,1.49,-28.93,-1.55,-10.00
32,6,0.00,359.23,150.93,616.51,0.2018,5.0,3.65,16.88,-23.73,3.30,32.97,-1.63,-10.00
32,6,0.00,449.48,29.29,634.98,0.1114,4.3,3.06,16.56,-31.47,4.26,37.32,1.70,-10.00
33,6,-1.00,-1.00,-1.00,-1.00,0.1468,4.0,2.88,11.53,6.51,0.31,-40.53,1.65,-10.00
33,6,-1.00,-1.00,-1.00,-1.00,0.1265,3.5,3.11,14.78,24.57,1.14,-42.97,0.05,-10.00
33,6,628.25,361.79,763.38,509.04,0.1073,4.1,2.96,13.08,-4.91,1.20,43.91,-1.81,-10.00
33,6,-1.00,-1.00,-1.00,-1.00,0.1057,3.6,2.85,12.43,21.56,0.62,-51.66,-3.08,-10.00
33,6,-1.00,-1.00,-1.00,-1.00,0.1021,4.0,2.91,9.83,39.75,0.01,42.99,-2.53,-10.00
34,6,599.14,375.19,747.47,525.69,0.2251,4.2,3.09,15.04,-5.78,1.85,43.91,-1.83,-10.00
34,6,-1.00,-1.00,-1.00,-1.00,0.1135,3.7,2.72,7.41,43.82,1.24,11.78,2.30,-10.00
34,6,-1.00,-1.00,-1.00,-1.00,0.1116,3.7,2.84,8.53,6.55,-0.30,-42.80,1.65,-10.00
35,6,609.86,393.53,719.13,534.34,0.4388,4.1,2.92,14.02,-5.95,2.20,43.75,-1.76,-10.00
35,6,1289.35,353.58,1600.00,478.94,0.2357,4.2,2.95,16.23,26.26,0.17,47.26,0.07,-10.00
35,6,828.27,426.87,949.17,521.40,0.2198,3.3,2.74,6.74,2.25,1.92,48.26,-1.82,-10.00
36,6,619.62,372.99,726.23,522.17,0.4503,4.2,3.12,14.98,-5.49,1.73,44.45,-1.70,-10.00
36,6,-1.00,-1.00,-1.00,-1.00,0.2052,4.0,2.80,9.54,33.40,0.27,-9.83,-1.31,-10.00
36,6,1285.67,375.30,1460.29,480.00,0.1652,3.0,2.78,10.09,20.20,0.13,47.16,-1.49,-10.00
36,6,-1.00,-1.00,-1.00,-1.00,0.1587,3.9,2.78,8.52,4.67,-0.70,-50.94,1.66,-10.00
36,6,1363.87,348.66,1600.00,486.59,0.1546,4.2,2.97,16.13,27.21,0.42,42.75,0.06,-10.00
36,6,866.77,433.59,994.24,521.58,0.1248,2.8,2.75,5.57,3.48,1.74,43.40,-1.81,-10.00
36,6,-1.00,-1.00,-1.00,-1.00,0.1103,3.8,2.90,8.46,52.78,-0.42,14.78,-2.68,-10.00
36,6,0.00,396.69,178.48,534.12,0.1020,3.8,2.69,9.04,-25.21,1.99,39.26,1.96,-10.00
37,6,620.59,376.99,723.53,525.83,0.3986,4.2,2.97,14.73,-5.55,1.86,43.81,-1.71,-10.00
37,6,-1.00,-1.00,-1.00,-1.00,0.2035,4.2,2.99,13.68,5.13,0.20,-54.09,-2.58,-10.00
37,6,1247.68,374.45,1600.00,506.33,0.1966,3.7,3.14,11.68,19.52,1.02,38.96,-3.03,-10.00
37,6,-1.00,-1.00,-1.00,-1.00,0.1388,4.1,2.96,13.52,6.41,0.10,-51.51,-3.04,-10.00
37,6,-1.00,-1.00,-1.00,-1.00,0.1229,4.0,3.02,11.78,52.68,-0.06,9.55,-2.64,-10.00
37,6,823.98,378.62,1289.98,503.96,0.1182,4.2,2.93,16.23,8.06,1.12,45.38,0.01,-10.00
37,6,-1.00,-1.00,-1.00,-1.00,0.1103,4.2,2.88,13.99,2.99,0.15,-53.82,-1.76,-10.00
37,6,-1.00,-1.00,-1.00,-1.00,0.1024,4.2,3.08,14.51,7.20,0.26,-51.67,0.94,-10.00
37,6,-1.00,-1.00,-1.00,-1.00,0.1011,3.2,2.75,7.08,39.97,0.74,14.85,-2.49,-10.00
38,6,955.76,418.42,1117.78,527.40,0.1955,2.8,2.84,5.77,5.75,1.58,35.31,-1.71,-10.00
38,6,640.85,391.11,742.79,531.72,0.1726,4.1,3.04,15.96,-5.10,2.18,45.54,-1.70,-10.00
38,6,879.64,374.72,1031.10,519.42,0.1394,4.2,2.80,14.87,4.28,1.68,46.02,-1.65,-10.00
38,6,-1.00,-1.00,-1.00,-1.00,0.1290,3.4,3.03,8.94,52.91,-0.76,3.44,-2.61,-10.00
38,6,1571.60,335.89,1600.00,494.42,0.1234,3.7,2.99,14.55,28.16,0.52,33.23,-3.08,-10.00
38,6,-1.00,-1.00,-1.00,-1.00,0.1166,3.1,2.75,6.08,40.99,0.77,9.58,-2.45,-10.00
38,6,879.87,353.76,1379.82,489.12,0.1163,4.2,2.99,16.11,9.97,0.53,42.31,-0.03,-10.00
38,6,-1.00,-1.00,-1.00,-1.00,0.1041,3.9,3.07,13.67,-43.53,6.22,52.28,0.50,-10.00
39,6,959.36,385.31,1086.08,497.34,0.1914,3.1,2.68,5.80,6.00,0.75,39.27,-1.63,-10.00
39,6,1020.80,416.32,1208.32,532.33,0.1899,2.6,2.80,4.98,6.97,1.52,31.05,-1.73,-10.00
39,6,682.55,384.56,783.08,524.14,0.1851,4.1,2.95,9.24,-2.97,1.75,42.07,-1.60,-10.00
39,6,-1.00,-1.00,-1.00,-1.00,0.1314,4.1,3.21,12.71,51.83,-0.65,-1.62,-2.61,-10.00
39,6,1156.78,361.17,1600.00,488.16,0.1185,4.2,2.98,15.55,20.37,0.52,46.06,-3.08,-10.00
39,6,-1.00,-1.00,-1.00,-1.00,0.1165,3.9,2.79,7.61,50.40,-0.45,-2.90,-2.53,-10.00
39,6,1541.35,331.51,1600.00,484.03,0.1016,3.0,2.77,10.74,22.87,0.19,28.87,-2.99,-10.00
