0,6,-1.00,-1.00,-1.00,-1.00,0.2964,4.3,3.14,16.08,-44.63,2.79,50.27,1.63,-10.00
0,6,-1.00,-1.00,-1.00,-1.00,0.2675,4.1,3.03,16.28,-32.98,2.24,5.70,0.05,-10.00
0,6,6.03,385.65,305.43,533.11,0.2490,4.2,2.87,15.24,-22.72,2.17,44.17,1.53,-10.00
0,6,-1.00,-1.00,-1.00,-1.00,0.2440,4.2,3.01,14.04,-42.78,0.49,-13.04,0.00,-10.00
0,6,-1.00,-1.00,-1.00,-1.00,0.2393,2.8,2.51,6.05,-32.14,1.49,40.67,3.02,-10.00
0,6,-1.00,-1.00,-1.00,-1.00,0.1797,3.2,2.54,8.62,-34.65,1.45,42.96,1.46,-10.00
0,6,-1.00,-1.00,-1.00,-1.00,0.1429,4.1,3.08,16.81,-33.26,1.49,3.46,-0.06,-10.00
0,6,0.00,382.40,131.65,521.06,0.1418,4.0,2.81,14.40,-30.13,1.73,45.23,1.51,-10.00
0,6,-1.00,-1.00,-1.00,-1.00,0.1341,4.0,3.05,16.83,-41.60,1.62,-10.22,0.02,-10.00
0,6,-1.00,-1.00,-1.00,-1.00,0.1243,3.8,3.00,14.61,-20.45,1.54,-27.51,-0.04,-10.00
0,6,1306.15,378.17,1600.00,512.57,0.1237,3.7,2.96,14.30,22.20,1.19,37.68,-3.14,-10.00
0,6,1117.55,404.90,1268.13,519.97,0.1231,3.9,2.89,9.29,14.41,1.88,48.68,2.16,-10.00
0,6,-1.00,-1.00,-1.00,-1.00,0.1202,3.3,3.03,15.65,-32.64,1.23,-1.74,-0.02,-10.00
0,6,-1.00,-1.00,-1.00,-1.00,0.1087,3.0,2.70,8.22,-52.89,2.17,-3.06,3.14,-10.00
0,6,-1.00,-1.00,-1.00,-1.00,0.1082,4.3,3.06,16.74,-51.61,2.76,49.01,-3.12,-10.00
0,6,1230.19,389.39,1600.00,516.15,0.1013,4.1,2.97,15.86,22.65,1.53,44.05,-3.14,-10.00
1,6,-1.00,-1.00,-1.00,-1.00,0.2296,4.2,3.21,12.37,-34.25,-0.04,-22.16,-0.26,-10.00
1,6,-1.00,-1.00,-1.00,-1.00,0.1893,4.2,3.02,14.69,-44.87,1.86,43.67,1.50,-10.00
1,6,-1.00,-1.00,-1.00,-1.00,0.1749,3.7,3.00,14.80,36.54,0.38,32.81,-3.11,-10.00
1,6,-1.00,-1.00,-1.00,-1.00,0.1670,3.9,2.96,10.85,-34.52,2.27,37.84,1.48,-10.00
1,6,1125.89,374.12,1600.00,507.68,0.1425,4.2,2.97,15.76,18.62,1.18,43.26,0.07,-10.00
1,6,-1.00,-1.00,-1.00,-1.00,0.1295,4.1,3.01,15.29,-31.87,-1.55,-46.28,1.91,-10.00
1,6,-1.00,-1.00,-1.00,-1.00,0.1252,4.1,3.12,15.54,-46.04,1.10,1.97,-0.04,-10.00
1,6,-1.00,-1.00,-1.00,-1.00,0.1203,4.3,2.99,13.95,48.24,-0.00,31.88,0.11,-10.00
1,6,972.61,409.95,1154.98,516.85,0.1197,3.5,2.44,6.05,8.23,1.59,43.90,-2.99,-10.00
1,6,0.00,314.51,246.09,516.65,0.1005,4.2,3.53,17.12,-22.66,1.18,36.24,-1.56,-10.00
2,6,0.00,319.13,168.63,550.89,0.7483,4.3,3.23,16.75,-22.83,1.95,31.70,1.59,-10.00
2,6,-1.00,-1.00,-1.00,-1.00,0.5195,4.2,3.12,16.77,41.33,0.14,45.89,-3.11,-10.00
2,6,1460.70,387.64,1600.00,503.65,0.2035,4.2,3.12,14.72,33.39,1.22,49.61,0.03,-10.00
2,6,-1.00,-1.00,-1.00,-1.00,0.2011,4.1,3.12,14.85,-35.66,0.01,-27.33,-0.17,-10.00
2,6,-1.00,-1.00,-1.00,-1.00,0.1365,4.3,3.19,15.80,41.60,0.44,48.22,-3.10,-10.00
2,6,1480.00,383.73,1600.00,507.32,0.1242,4.2,3.26,13.57,31.91,1.28,46.40,3.14,-10.00
3,6,0.00,314.01,88.61,582.19,0.7897,4.2,3.19,16.12,-22.93,2.19,27.86,1.59,-10.00
3,6,-1.00,-1.00,-1.00,-1.00,0.3439,4.0,3.19,12.72,-29.99,2.67,28.61,1.64,-10.00
3,6,-1.00,-1.00,-1.00,-1.00,0.2217,4.2,2.94,15.72,-32.65,0.22,-36.48,-1.54,-10.00
3,6,1584.68,358.91,1600.00,508.85,0.2039,4.4,3.41,14.37,33.04,1.15,40.68,0.05,-10.00
3,6,0.00,349.44,6.79,578.04,0.1851,4.1,2.98,15.61,-25.94,2.35,30.27,1.50,-10.00
3,6,-1.00,-1.00,-1.00,-1.00,0.1680,4.1,2.94,15.48,-36.84,-0.46,-33.79,2.97,-10.00
3,6,-1.00,-1.00,-1.00,-1.00,0.1369,3.5,2.85,13.80,18.69,1.22,12.18,-1.47,-10.00
3,6,-1.00,-1.00,-1.00,-1.00,0.1358,3.8,2.88,14.77,33.44,1.57,3.93,-0.02,-10.00
3,6,-1.00,-1.00,-1.00,-1.00,0.1316,4.1,3.05,17.23,-32.27,1.08,-20.14,-0.01,-10.00
3,6,-1.00,-1.00,-1.00,-1.00,0.1248,3.8,3.03,10.70,-31.53,1.98,20.27,1.81,-10.00
3,6,-1.00,-1.00,-1.00,-1.00,0.1230,4.3,2.93,16.09,36.38,2.10,12.52,-1.51,-10.00
3,6,1494.63,347.01,1600.00,553.41,0.1216,4.2,3.05,15.63,23.56,1.76,27.81,-3.13,-10.00
3,6,-1.00,-1.00,-1.00,-1.00,0.1132,4.1,3.01,15.84,-32.10,0.57,-38.77,0.04,-10.00
3,6,0.00,406.89,10.44,579.25,0.1115,4.1,2.98,16.23,-30.25,2.67,32.14,-0.05,-10.00
3,6,-1.00,-1.00,-1.00,-1.00,0.1064,3.9,3.12,12.58,-42.83,0.86,-10.32,-1.57,-10.00
3,6,-1.00,-1.00,-1.00,-1.00,0.1040,4.2,2.98,14.37,42.97,0.06,-4.55,-3.08,-10.00
3,6,518.06,397.00,653.13,530.95,0.1028,4.1,3.03,14.70,-8.57,2.21,46.65,1.51,-10.00
4,6,-1.00,-1.00,-1.00,-1.00,0.8801,4.2,2.89,15.64,-22.67,1.88,21.95,1.59,-10.00
4,6,-1.00,-1.00,-1.00,-1.00,0.3384,4.3,3.05,17.38,33.74,1.04,35.42,-3.12,-10.00
4,6,-1.00,-1.00,-1.00,-1.00,0.2437,4.1,3.06,15.37,-48.56,0.95,-12.90,0.15,-10.00
4,6,-1.00,-1.00,-1.00,-1.00,0.2274,4.1,3.10,16.30,-41.59,2.49,-10.97,0.09,-10.00
4,6,-1.00,-1.00,-1.00,-1.00,0.1989,4.2,2.94,15.03,36.50,1.39,4.46,-1.54,-10.00
4,6,-1.00,-1.00,-1.00,-1.00,0.1497,4.2,2.97,15.75,35.61,0.71,21.57,-1.49,-10.00
4,6,-1.00,-1.00,-1.00,-1.00,0.1397,3.3,2.87,13.69,29.64,1.27,16.16,0.02,-10.00
4,6,-1.00,-1.00,-1.00,-1.00,0.1291,4.2,2.89,15.93,-33.79,-0.12,-41.64,1.81,-10.00
4,6,-1.00,-1.00,-1.00,-1.00,0.1278,4.3,3.19,15.87,50.60,-0.14,34.79,-0.08,-10.00
4,6,-1.00,-1.00,-1.00,-1.00,0.1177,4.3,3.08,15.92,34.18,1.45,3.40,-1.37,-10.00
4,6,0.00,376.30,349.53,529.89,0.1108,4.3,3.36,15.87,-21.64,2.02,43.70,1.61,-10.00
4,6,1535.47,386.71,1600.00,532.16,0.1087,4.2,2.99,15.15,30.84,1.86,39.12,0.08,-10.00
4,6,-1.00,-1.00,-1.00,-1.00,0.1057,3.3,2.96,15.29,-19.47,1.48,-46.86,-3.13,-10.00
5,6,-1.00,-1.00,-1.00,-1.00,0.8966,4.1,3.16,14.75,-22.84,1.92,17.10,1.59,-10.00
5,6,661.08,372.64,803.23,518.91,0.4485,4.0,2.89,12.15,-2.86,1.55,42.37,1.65,-10.00
5,6,-1.00,-1.00,-1.00,-1.00,0.2124,4.1,2.86,14.52,-26.02,1.68,19.03,1.66,-10.00
5,6,1338.46,354.51,1600.00,516.04,0.1701,4.2,3.09,15.22,22.89,1.22,35.74,3.13,-10.00
5,6,-1.00,-1.00,-1.00,-1.00,0.1620,3.9,3.07,15.87,-43.75,-1.35,-39.61,0.04,-10.00
5,6,-1.00,-1.00,-1.00,-1.00,0.1614,4.3,3.13,16.90,34.48,0.54,30.03,0.02,-10.00
5,6,-1.00,-1.00,-1.00,-1.00,0.1234,4.0,2.89,15.77,-28.89,1.94,18.16,0.02,-10.00
5,6,-1.00,-1.00,-1.00,-1.00,0.1167,4.3,2.95,15.97,45.74,-0.50,29.54,0.03,-10.00
5,6,-1.00,-1.00,-1.00,-1.00,0.1119,4.0,2.86,14.00,27.03,0.92,14.29,-3.08,-10.00
5,6,-1.00,-1.00,-1.00,-1.00,0.1088,3.6,2.90,14.65,23.49,0.77,24.01,0.01,-10.00
5,6,0.00,359.48,352.19,519.66,0.1065,4.3,3.75,16.47,-22.00,1.60,43.86,1.62,-10.00
5,6,-1.00,-1.00,-1.00,-1.00,0.1032,4.2,3.07,16.12,-43.26,-1.30,-37.22,0.10,-10.00
6,6,-1.00,-1.00,-1.00,-1.00,0.8860,3.5,3.06,14.95,-23.20,1.83,11.01,1.54,-10.00
6,6,599.90,340.36,765.74,535.36,0.7756,4.3,2.99,14.08,-3.52,1.78,34.72,1.57,-10.00
6,6,-1.00,-1.00,-1.00,-1.00,0.4452,3.9,2.75,13.32,-26.38,1.98,13.40,1.60,-10.00
6,6,-1.00,-1.00,-1.00,-1.00,0.2895,4.2,3.00,15.51,-44.63,-1.76,-44.70,0.06,-10.00
6,6,658.40,319.06,857.66,528.56,0.2387,4.4,3.34,15.99,-1.33,1.58,35.40,1.66,-10.00
6,6,-1.00,-1.00,-1.00,-1.00,0.2366,4.2,2.89,15.88,-30.37,2.24,13.49,1.55,-10.00
6,6,33.44,369.80,361.32,521.20,0.1578,4.3,3.25,16.63,-22.08,1.76,46.15,1.60,-10.00
6,6,993.50,329.30,1600.00,531.25,0.1434,4.1,2.93,15.05,11.48,1.30,28.21,0.04,-10.00
6,6,-1.00,-1.00,-1.00,-1.00,0.1429,4.2,2.96,15.18,34.17,0.10,-22.95,-3.11,-10.00
6,6,1084.92,379.98,1291.58,524.56,0.1295,4.3,3.11,16.50,12.87,1.94,46.97,1.58,-10.00
6,6,-1.00,-1.00,-1.00,-1.00,0.1014,4.1,2.92,15.17,34.70,1.30,24.46,-3.11,-10.00
7,6,459.56,284.62,744.26,576.61,0.9278,4.3,2.93,13.91,-3.75,1.92,25.29,1.59,-10.00
7,6,-1.00,-1.00,-1.00,-1.00,0.9033,4.2,3.01,15.47,-23.32,2.13,5.05,1.54,-10.00
7,6,-1.00,-1.00,-1.00,-1.00,0.5029,4.1,2.74,13.72,-26.70,2.01,7.00,-1.57,-10.00
7,6,-1.00,-1.00,-1.00,-1.00,0.4449,4.0,2.88,15.23,-34.50,2.69,8.95,3.09,-10.00
7,6,-1.00,-1.00,-1.00,-1.00,0.2984,3.9,2.58,12.18,-30.46,1.74,4.44,1.58,-10.00
7,6,-1.00,-1.00,-1.00,-1.00,0.2066,4.1,3.04,15.83,-40.20,2.09,-28.25,0.00,-10.00
7,6,646.05,322.18,844.55,565.47,0.1702,4.3,3.03,16.80,-1.33,2.13,30.57,-1.53,-10.00
7,6,-1.00,-1.00,-1.00,-1.00,0.1579,4.1,2.92,15.73,25.67,0.29,-28.14,-3.08,-10.00
7,6,-1.00,-1.00,-1.00,-1.00,0.1376,4.4,3.35,17.14,-36.76,0.28,-41.12,1.54,-10.00
7,6,-1.00,-1.00,-1.00,-1.00,0.1306,4.2,2.75,15.44,-28.86,2.13,8.56,-1.62,-10.00
7,6,-1.00,-1.00,-1.00,-1.00,0.1241,4.3,3.01,15.44,31.88,1.54,19.19,-3.10,-10.00
7,6,607.29,351.95,784.16,532.79,0.1157,4.2,3.27,16.79,-3.39,1.85,38.03,1.59,-10.00
7,6,-1.00,-1.00,-1.00,-1.00,0.1037,4.1,2.96,15.36,-31.45,2.23,6.54,0.03,-10.00
8,6,0.00,13.05,721.57,655.77,0.9379,4.2,3.03,15.98,-3.75,1.63,16.18,1.60,-10.00
8,6,-1.00,-1.00,-1.00,-1.00,0.9324,3.8,3.13,15.82,-23.40,1.64,-0.45,1.56,-10.00
8,6,-1.00,-1.00,-1.00,-1.00,0.3152,4.0,2.96,15.15,22.77,0.53,-33.63,-0.01,-10.00
8,6,-1.00,-1.00,-1.00,-1.00,0.3014,4.2,2.76,15.51,-26.22,1.94,1.48,1.62,-10.00
8,6,506.23,335.04,729.82,582.80,0.1722,4.0,2.85,7.20,-3.67,2.01,23.96,1.60,-10.00
8,6,-1.00,-1.00,-1.00,-1.00,0.1321,3.8,2.58,12.59,-30.63,2.00,-0.98,1.57,-10.00
8,6,-1.00,-1.00,-1.00,-1.00,0.1225,3.8,2.63,11.83,-34.15,2.33,2.08,1.55,-10.00
8,6,-1.00,-1.00,-1.00,-1.00,0.1184,3.7,3.35,14.69,23.12,0.90,7.73,1.66,-10.00
8,6,-1.00,-1.00,-1.00,-1.00,0.1126,4.1,2.83,15.01,-24.30,1.28,-8.65,-1.56,-10.00
8,6,-1.00,-1.00,-1.00,-1.00,0.1075,2.0,1.64,2.69,32.49,0.73,7.84,0.13,-10.00
8,6,-1.00,-1.00,-1.00,-1.00,0.1047,4.2,3.01,15.14,28.10,1.34,20.10,-3.11,-10.00
8,6,-1.00,-1.00,-1.00,-1.00,0.1005,4.0,3.16,15.33,44.13,-0.46,-11.66,-1.52,-10.00
9,6,359.02,295.19,605.53,645.94,0.9742,4.2,2.96,15.90,-4.21,1.66,7.19,1.58,-10.00
9,6,-1.00,-1.00,-1.00,-1.00,0.8005,4.1,3.19,15.91,-23.67,1.93,-5.21,1.60,-10.00
9,6,-1.00,-1.00,-1.00,-1.00,0.2085,4.5,3.15,16.39,-26.21,1.89,-6.14,-1.64,-10.00
9,6,-1.00,-1.00,-1.00,-1.00,0.1635,4.2,2.96,15.44,23.78,1.19,-2.61,-1.46,-10.00
9,6,-1.00,-1.00,-1.00,-1.00,0.1503,4.1,2.96,12.50,30.56,0.65,-16.80,1.54,-10.00
9,6,-1.00,-1.00,-1.00,-1.00,0.1365,4.2,3.11,14.93,20.74,0.85,-39.11,3.13,-10.00
9,6,-1.00,-1.00,-1.00,-1.00,0.1311,3.9,2.71,12.92,-31.01,2.18,-5.36,-1.49,-10.00
9,6,-1.00,-1.00,-1.00,-1.00,0.1299,4.4,2.86,17.60,23.85,1.57,8.30,1.70,-10.00
9,6,-1.00,-1.00,-1.00,-1.00,0.1265,3.7,2.98,14.47,22.43,0.89,-8.44,0.01,-10.00
9,6,-1.00,-1.00,-1.00,-1.00,0.1038,4.3,3.10,16.55,-17.48,0.63,-43.68,1.59,-10.00
10,6,0.00,29.73,269.37,900.00,0.9692,4.4,3.02,16.47,-4.50,1.68,-1.92,1.59,-10.00
10,6,0.00,0.00,652.00,900.00,0.2686,4.3,3.03,16.82,-4.19,1.83,9.92,1.59,-10.00
10,6,-1.00,-1.00,-1.00,-1.00,0.2092,4.3,2.83,15.01,42.34,0.20,-6.66,-1.48,-10.00
10,6,-1.00,-1.00,-1.00,-1.00,0.2069,3.4,2.84,14.12,17.24,0.59,-44.17,0.03,-10.00
10,6,-1.00,-1.00,-1.00,-1.00,0.1869,4.2,3.03,15.06,-17.75,1.59,-48.27,1.57,-10.00
10,6,1195.41,267.66,1600.00,522.34,0.1856,4.3,3.06,16.62,12.65,1.15,30.42,-1.53,-10.00
10,6,-1.00,-1.00,-1.00,-1.00,0.1688,4.1,3.00,14.43,24.61,0.14,-21.56,0.14,-10.00
10,6,-1.00,-1.00,-1.00,-1.00,0.1654,4.3,3.01,16.26,24.71,2.09,10.31,-1.53,-10.00
10,6,0.00,183.01,531.90,590.49,0.1611,3.8,3.23,16.62,-8.86,1.56,19.97,-1.50,-10.00
10,6,-1.00,-1.00,-1.00,-1.00,0.1383,4.2,2.92,15.34,19.81,1.31,-2.53,-1.53,-10.00
10,6,-1.00,-1.00,-1.00,-1.00,0.1350,4.0,2.81,7.05,-4.83,1.65,-9.69,1.59,-10.00
10,6,-1.00,-1.00,-1.00,-1.00,0.1252,4.1,2.76,14.58,-13.00,1.80,-9.76,1.59,-10.00
10,6,-1.00,-1.00,-1.00,-1.00,0.1082,4.1,2.90,15.07,20.72,1.19,4.01,3.12,-10.00
10,6,-1.00,-1.00,-1.00,-1.00,0.1070,3.9,3.25,15.30,18.47,0.43,-11.62,1.69,-10.00
10,6,-1.00,-1.00,-1.00,-1.00,0.1030,3.4,2.88,13.95,32.72,0.08,-12.82,-3.09,-10.00
11,6,-1.00,-1.00,-1.00,-1.00,0.9645,4.3,2.97,16.45,-4.79,1.38,-11.95,1.59,-10.00
11,6,0.00,269.56,360.20,900.00,0.9349,1.9,3.13,17.11,-9.25,1.91,11.29,1.61,-10.00
11,6,1204.09,407.62,1600.00,510.04,0.2798,2.9,2.86,14.77,19.53,1.15,38.86,-0.04,-10.00
11,6,-1.00,-1.00,-1.00,-1.00,0.2064,4.3,2.87,14.96,38.23,0.31,-10.88,-1.56,-10.00
11,6,-1.00,-1.00,-1.00,-1.00,0.2007,4.2,2.91,15.98,-24.42,1.86,-15.47,1.65,-10.00
11,6,-1.00,-1.00,-1.00,-1.00,0.1329,2.5,3.02,10.10,-9.29,1.67,2.22,1.54,-10.00
11,6,1200.37,389.42,1600.00,512.91,0.1217,3.2,2.88,14.79,18.92,1.15,36.97,0.16,-10.00
11,6,-1.00,-1.00,-1.00,-1.00,0.1179,4.2,3.02,15.46,-22.64,2.31,-0.65,-1.58,-10.00
11,6,-1.00,-1.00,-1.00,-1.00,0.1159,4.3,2.82,15.29,40.30,0.37,-10.81,1.58,-10.00
11,6,1287.87,343.63,1600.00,526.39,0.1018,4.1,2.96,15.14,19.51,1.31,30.83,-0.01,-10.00
11,6,-1.00,-1.00,-1.00,-1.00,0.1017,2.1,1.80,3.61,-8.89,1.61,-1.37,1.60,-10.00
11,6,-1.00,-1.00,-1.00,-1.00,0.1013,4.2,3.07,15.68,24.87,-0.79,-40.70,-1.58,-10.00
11,6,-1.00,-1.00,-1.00,-1.00,0.1007,3.5,3.06,15.09,39.84,-0.89,-22.95,-0.06,-10.00
12,6,-1.00,-1.00,-1.00,-1.00,0.9562,4.3,3.04,16.96,-4.96,1.38,-21.12,1.59,-10.00
12,6,0.00,523.71,217.49,650.00,0.8563,1.5,3.12,17.62,-9.33,1.69,6.42,1.62,-10.00
12,6,-1.00,-1.00,-1.00,-1.00,0.7293,3.7,2.98,14.16,-24.00,1.75,-21.50,1.57,-10.00
12,6,-1.00,-1.00,-1.00,-1.00,0.2721,4.0,2.68,13.65,-27.05,1.72,-17.93,1.61,-10.00
12,6,-1.00,-1.00,-1.00,-1.00,0.1551,2.5,2.57,6.37,-9.42,1.67,-1.58,1.56,-10.00
12,6,-1.00,-1.00,-1.00,-1.00,0.1209,3.9,2.74,12.46,-31.16,1.64,-23.67,-1.54,-10.00
12,6,-1.00,-1.00,-1.00,-1.00,0.1189,3.1,2.85,14.04,31.56,0.42,-28.97,-0.01,-10.00
12,6,1381.62,368.87,1561.55,518.23,0.1143,2.8,1.94,3.58,13.26,0.96,26.03,-1.52,-10.00
12,6,-1.00,-1.00,-1.00,-1.00,0.1118,4.2,3.02,15.90,15.19,0.22,-44.90,1.54,-10.00
12,6,1121.19,345.04,1397.55,514.20,0.1060,3.9,3.24,16.03,12.65,1.21,39.23,1.59,-10.00
12,6,-1.00,-1.00,-1.00,-1.00,0.1034,3.5,3.05,14.69,-28.80,2.22,-21.67,3.10,-10.00
12,6,-1.00,-1.00,-1.00,-1.00,0.1022,4.0,2.89,15.89,-23.27,2.10,-11.99,1.59,-10.00
13,6,-1.00,-1.00,-1.00,-1.00,0.9570,4.3,3.01,16.80,-5.20,1.19,-30.51,1.59,-10.00
13,6,-1.00,-1.00,-1.00,-1.00,0.9475,1.5,3.07,16.67,-9.28,1.52,1.73,1.60,-10.00
13,6,-1.00,-1.00,-1.00,-1.00,0.3850,4.1,3.06,14.06,-24.06,1.44,-28.16,1.59,-10.00
13,6,-1.00,-1.00,-1.00,-1.00,0.1806,2.7,2.48,5.95,-9.50,1.62,-7.06,1.59,-10.00
13,6,-1.00,-1.00,-1.00,-1.00,0.1745,4.2,2.91,16.15,17.07,0.42,-27.88,-1.57,-10.00
13,6,-1.00,-1.00,-1.00,-1.00,0.1044,4.4,2.77,18.24,26.14,0.15,-26.91,-1.57,-10.00
14,6,-1.00,-1.00,-1.00,-1.00,0.9553,1.4,3.12,17.30,-9.30,1.52,-3.07,1.59,-10.00
14,6,-1.00,-1.00,-1.00,-1.00,0.5546,4.1,3.08,16.64,-5.47,0.83,-38.80,1.59,-10.00
14,6,-1.00,-1.00,-1.00,-1.00,0.2127,4.1,2.94,15.80,-24.41,1.53,-25.97,1.58,-10.00
14,6,38.16,358.50,299.91,668.87,0.1553,3.7,3.23,15.73,-8.54,1.98,7.38,-1.50,-10.00
14,6,0.00,422.79,356.08,537.38,0.1480,4.1,2.95,16.48,-26.71,2.48,47.59,3.13,-10.00
14,6,-1.00,-1.00,-1.00,-1.00,0.1198,4.2,3.02,15.22,23.14,1.98,17.62,0.01,-10.00
14,6,-1.00,-1.00,-1.00,-1.00,0.1103,3.5,2.97,14.29,24.30,0.45,-34.88,-3.09,-10.00
14,6,-1.00,-1.00,-1.00,-1.00,0.1086,3.6,2.88,11.93,36.79,1.19,40.76,1.65,-10.00
15,6,-1.00,-1.00,-1.00,-1.00,0.8811,1.2,2.86,16.02,-9.35,1.32,-7.86,1.54,-10.00
15,6,-1.00,-1.00,-1.00,-1.00,0.5000,4.3,3.10,15.65,-5.54,0.81,-46.92,1.57,-10.00
15,6,-1.00,-1.00,-1.00,-1.00,0.3386,4.0,3.08,15.76,-24.42,1.20,-35.84,1.56,-10.00
15,6,-1.00,-1.00,-1.00,-1.00,0.1954,9.4,6.97,20.48,-26.71,0.94,-27.57,-1.59,-10.00
15,6,-1.00,-1.00,-1.00,-1.00,0.1191,4.0,3.16,15.33,46.42,0.50,47.06,1.49,-10.00
15,6,1295.26,369.59,1530.48,518.68,0.1125,3.4,3.01,14.65,17.01,1.35,37.87,-1.37,-10.00
16,6,-1.00,-1.00,-1.00,-1.00,0.8203,1.3,3.06,17.67,-9.48,1.41,-13.03,1.60,-10.00
16,6,-1.00,-1.00,-1.00,-1.00,0.2066,4.2,3.31,16.89,-24.71,0.63,-41.42,1.55,-10.00
16,6,-1.00,-1.00,-1.00,-1.00,0.1693,4.3,2.92,11.12,-5.91,1.16,-54.06,1.58,-10.00
16,6,-1.00,-1.00,-1.00,-1.00,0.1427,4.0,2.93,13.49,46.66,0.61,41.16,1.53,-10.00
16,6,-1.00,-1.00,-1.00,-1.00,0.1148,4.3,3.11,15.68,52.89,0.04,36.20,-0.07,-10.00
16,6,-1.00,-1.00,-1.00,-1.00,0.1143,2.6,1.86,4.05,18.31,0.87,1.79,1.61,-10.00
16,6,-1.00,-1.00,-1.00,-1.00,0.1125,2.0,1.89,3.01,38.46,-0.22,21.26,3.14,-10.00
16,6,-1.00,-1.00,-1.00,-1.00,0.1032,4.2,3.00,15.18,23.95,0.95,16.61,0.03,-10.00
16,6,-1.00,-1.00,-1.00,-1.00,0.1017,4.2,3.04,15.19,52.29,0.17,39.44,-0.05,-10.00
17,6,-1.00,-1.00,-1.00,-1.00,0.6677,1.5,3.11,17.09,-9.62,1.43,-18.38,1.62,-10.00
17,6,-1.00,-1.00,-1.00,-1.00,0.1797,4.3,3.41,16.76,-24.75,1.48,-46.43,1.61,-10.00
17,6,-1.00,-1.00,-1.00,-1.00,0.1696,2.6,2.33,4.56,46.19,-0.30,34.66,1.50,-10.00
17,6,-1.00,-1.00,-1.00,-1.00,0.1266,3.8,3.00,9.74,36.84,2.30,23.58,-1.54,-10.00
17,6,-1.00,-1.00,-1.00,-1.00,0.1165,4.2,3.17,13.26,53.23,0.48,30.70,-0.06,-10.00
17,6,-1.00,-1.00,-1.00,-1.00,0.1122,4.3,2.83,14.63,27.16,0.95,-6.24,1.64,-10.00
17,6,-1.00,-1.00,-1.00,-1.00,0.1110,4.0,2.83,13.97,23.04,1.35,2.83,0.09,-10.00
17,6,-1.00,-1.00,-1.00,-1.00,0.1031,3.6,3.13,11.54,-27.63,2.06,6.84,-1.52,-10.00
18,6,-1.00,-1.00,-1.00,-1.00,0.5413,1.8,3.05,16.66,-9.70,1.04,-23.45,1.60,-10.00
18,6,-1.00,-1.00,-1.00,-1.00,0.1736,2.7,2.16,4.14,46.16,0.06,28.94,1.52,-10.00
18,6,-1.00,-1.00,-1.00,-1.00,0.1492,4.1,3.16,16.22,-25.02,0.95,-47.17,1.69,-10.00
18,6,-1.00,-1.00,-1.00,-1.00,0.1483,4.3,2.88,16.47,28.04,0.99,-8.08,1.47,-10.00
18,6,-1.00,-1.00,-1.00,-1.00,0.1341,3.3,2.75,11.91,18.98,0.95,9.44,-1.51,-10.00
18,6,0.00,254.73,51.51,634.53,0.1323,4.2,2.94,16.19,-20.55,2.27,22.15,1.62,-10.00
18,6,-1.00,-1.00,-1.00,-1.00,0.1187,4.2,2.90,16.30,27.65,2.16,19.72,1.65,-10.00
18,6,-1.00,-1.00,-1.00,-1.00,0.1184,3.9,2.94,9.87,36.76,2.19,18.56,-1.55,-10.00
18,6,-1.00,-1.00,-1.00,-1.00,0.1180,3.2,2.63,6.14,49.68,-0.70,26.19,-1.62,-10.00
18,6,-1.00,-1.00,-1.00,-1.00,0.1105,3.9,2.81,13.72,21.22,0.77,-6.61,1.61,-10.00
18,6,1547.12,333.88,1600.00,624.52,0.1068,3.5,2.88,14.64,17.99,1.92,16.94,-3.13,-10.00
19,6,-1.00,-1.00,-1.00,-1.00,0.7396,1.9,3.03,16.90,-10.07,1.00,-28.73,1.59,-10.00
19,6,-1.00,-1.00,-1.00,-1.00,0.2497,2.8,1.72,4.09,45.84,0.24,23.55,1.48,-10.00
19,6,-1.00,-1.00,-1.00,-1.00,0.1650,4.2,3.19,16.45,-23.60,2.03,-34.56,1.59,-10.00
19,6,1219.72,326.25,1600.00,564.91,0.1343,3.6,2.87,14.80,14.42,1.48,20.83,3.13,-10.00
19,6,-1.00,-1.00,-1.00,-1.00,0.1309,4.4,3.02,16.44,10.82,0.24,-45.14,-1.53,-10.00
19,6,-1.00,-1.00,-1.00,-1.00,0.1302,3.1,2.59,6.71,49.58,-0.97,21.70,-1.62,-10.00
19,6,1368.93,361.20,1592.07,490.89,0.1177,3.6,2.83,10.12,22.52,0.53,44.03,1.62,-10.00
19,6,-1.00,-1.00,-1.00,-1.00,0.1160,2.9,2.78,8.43,-40.23,1.88,1.94,1.56,-10.00
20,6,1516.16,357.10,1600.00,490.26,0.3256,4.3,3.22,13.86,32.37,0.58,44.30,-3.10,-10.00
20,6,-1.00,-1.00,-1.00,-1.00,0.2485,2.4,3.04,14.39,-9.53,1.20,-31.31,1.58,-10.00
20,6,-1.00,-1.00,-1.00,-1.00,0.1485,3.2,2.70,7.72,-40.54,2.31,-5.58,-1.56,-10.00
20,6,-1.00,-1.00,-1.00,-1.00,0.1354,4.3,2.89,18.30,27.91,-0.01,-21.93,-1.61,-10.00
20,6,-1.00,-1.00,-1.00,-1.00,0.1275,4.1,3.11,16.20,-33.67,1.68,-10.63,-0.01,-10.00
20,6,-1.00,-1.00,-1.00,-1.00,0.1272,4.3,3.08,15.95,41.04,0.93,43.14,0.05,-10.00
20,6,1352.55,263.79,1600.00,584.15,0.1208,3.5,2.90,14.76,14.60,1.30,15.59,-3.13,-10.00
20,6,-1.00,-1.00,-1.00,-1.00,0.1073,4.2,2.89,16.75,36.35,1.28,9.22,-1.51,-10.00
20,6,1394.98,343.19,1600.00,504.45,0.1035,4.0,2.80,13.20,22.76,0.93,40.93,1.61,-10.00
21,6,-1.00,-1.00,-1.00,-1.00,0.4787,4.3,3.01,15.04,35.65,0.76,38.87,0.07,-10.00
21,6,-1.00,-1.00,-1.00,-1.00,0.3157,2.5,3.05,15.82,-10.62,0.68,-38.03,1.70,-10.00
21,6,-1.00,-1.00,-1.00,-1.00,0.2734,3.8,2.99,15.49,44.75,0.16,38.09,-0.02,-10.00
21,6,1508.46,322.94,1600.00,503.83,0.2198,3.8,2.75,10.13,22.35,0.75,33.43,1.58,-10.00
21,6,-1.00,-1.00,-1.00,-1.00,0.1919,4.2,3.15,15.55,30.78,0.29,-33.67,-0.00,-10.00
21,6,-1.00,-1.00,-1.00,-1.00,0.1530,3.7,3.03,14.43,-13.88,1.64,-32.94,-3.07,-10.00
21,6,-1.00,-1.00,-1.00,-1.00,0.1429,4.2,2.90,15.40,15.32,0.63,-33.81,1.60,-10.00
21,6,-1.00,-1.00,-1.00,-1.00,0.1372,2.5,2.71,12.96,30.31,-0.01,-18.84,0.07,-10.00
21,6,-1.00,-1.00,-1.00,-1.00,0.1349,4.0,2.99,14.43,-27.28,1.71,-15.92,1.61,-10.00
21,6,1239.88,323.36,1572.46,505.91,0.1233,4.2,3.01,15.17,17.05,0.91,39.05,1.56,-10.00
21,6,-1.00,-1.00,-1.00,-1.00,0.1198,4.2,3.10,14.82,20.87,-0.75,-30.42,-3.11,-10.00
21,6,-1.00,-1.00,-1.00,-1.00,0.1194,4.8,3.82,16.55,-40.78,1.47,-14.66,1.55,-10.00
21,6,-1.00,-1.00,-1.00,-1.00,0.1095,3.9,2.91,14.67,43.48,-0.09,-15.72,0.03,-10.00
21,6,-1.00,-1.00,-1.00,-1.00,0.1072,2.7,2.38,5.24,-10.72,0.81,-49.88,1.62,-10.00
21,6,-1.00,-1.00,-1.00,-1.00,0.1066,4.3,3.17,15.90,53.73,0.15,39.43,-0.02,-10.00
21,6,-1.00,-1.00,-1.00,-1.00,0.1054,4.2,3.07,15.48,29.55,0.89,30.38,0.01,-10.00
21,6,-1.00,-1.00,-1.00,-1.00,0.1046,4.2,2.89,17.27,20.75,-0.16,-26.01,1.62,-10.00
22,6,-1.00,-1.00,-1.00,-1.00,0.3653,2.5,2.95,13.84,29.70,-0.16,-24.46,-0.02,-10.00
22,6,-1.00,-1.00,-1.00,-1.00,0.2700,3.6,2.99,14.35,28.60,0.27,-44.06,0.01,-10.00
22,6,-1.00,-1.00,-1.00,-1.00,0.2230,4.3,3.12,14.15,47.57,-0.34,33.12,0.03,-10.00
22,6,1327.03,385.84,1600.00,513.28,0.2082,4.3,3.13,15.16,26.47,1.48,45.57,-3.14,-10.00
22,6,-1.00,-1.00,-1.00,-1.00,0.1943,3.2,2.82,13.87,16.55,0.14,-30.90,0.03,-10.00
22,6,-1.00,-1.00,-1.00,-1.00,0.1570,9.9,7.15,20.70,-44.01,2.84,-10.83,-1.56,-10.00
22,6,-1.00,-1.00,-1.00,-1.00,0.1431,4.1,2.95,15.82,18.99,0.52,-6.14,-3.10,-10.00
22,6,-1.00,-1.00,-1.00,-1.00,0.1347,2.1,2.90,14.50,-10.20,0.99,-45.03,1.60,-10.00
22,6,-1.00,-1.00,-1.00,-1.00,0.1252,4.2,3.04,14.84,35.94,1.27,33.70,-3.05,-10.00
22,6,-1.00,-1.00,-1.00,-1.00,0.1237,4.0,2.98,15.15,28.10,0.94,23.17,0.04,-10.00
22,6,-1.00,-1.00,-1.00,-1.00,0.1096,4.0,3.62,15.59,-27.94,1.27,-21.49,-1.50,-10.00
22,6,-1.00,-1.00,-1.00,-1.00,0.1031,3.5,2.86,14.46,20.42,0.51,-16.29,-3.10,-10.00
22,6,1527.00,282.58,1600.00,506.53,0.1014,3.8,3.04,15.17,22.96,0.71,31.26,1.62,-10.00
23,6,-1.00,-1.00,-1.00,-1.00,0.3636,2.8,2.99,15.64,16.78,-0.00,-48.24,0.03,-10.00
23,6,-1.00,-1.00,-1.00,-1.00,0.2350,2.1,2.94,15.26,-10.19,0.74,-48.55,1.57,-10.00
23,6,-1.00,-1.00,-1.00,-1.00,0.1764,4.3,3.14,16.89,22.85,1.69,26.61,1.67,-10.00
23,6,1298.49,347.59,1566.26,499.47,0.1592,4.2,2.95,15.51,21.58,0.84,46.38,1.62,-10.00
23,6,-1.00,-1.00,-1.00,-1.00,0.1536,4.3,2.93,16.02,-21.99,2.00,5.41,1.61,-10.00
23,6,-1.00,-1.00,-1.00,-1.00,0.1532,3.4,3.12,12.70,-27.72,1.26,-25.98,-1.55,-10.00
23,6,-1.00,-1.00,-1.00,-1.00,0.1379,4.2,2.97,15.09,34.77,1.21,28.86,-3.06,-10.00
23,6,-1.00,-1.00,-1.00,-1.00,0.1206,3.9,2.93,14.95,34.67,0.44,-11.49,0.05,-10.00
23,6,1281.46,387.57,1600.00,502.88,0.1186,4.2,3.08,15.67,26.49,1.19,49.71,-0.01,-10.00
23,6,1325.41,304.10,1600.00,530.42,0.1170,4.1,2.91,14.81,16.63,1.43,30.92,1.59,-10.00
23,6,-1.00,-1.00,-1.00,-1.00,0.1020,3.8,3.04,15.65,23.01,-0.78,-23.85,-0.09,-10.00
24,6,-1.00,-1.00,-1.00,-1.00,0.2410,4.2,2.94,16.22,19.28,0.21,-15.82,-3.09,-10.00
24,6,-1.00,-1.00,-1.00,-1.00,0.1678,4.2,3.03,14.18,35.89,0.83,23.89,-3.07,-10.00
24,6,-1.00,-1.00,-1.00,-1.00,0.1419,4.1,2.91,15.55,36.72,-0.04,-20.09,0.02,-10.00
24,6,-1.00,-1.00,-1.00,-1.00,0.1397,3.1,2.87,14.07,15.34,0.33,-20.83,0.00,-10.00
24,6,-1.00,-1.00,-1.00,-1.00,0.1239,3.2,3.10,16.59,-37.70,3.34,3.54,-0.01,-10.00
24,6,-1.00,-1.00,-1.00,-1.00,0.1222,3.8,2.80,15.80,23.03,0.43,-19.88,-1.47,-10.00
24,6,-1.00,-1.00,-1.00,-1.00,0.1215,3.3,2.97,13.92,21.99,0.20,-22.34,0.09,-10.00
24,6,-1.00,-1.00,-1.00,-1.00,0.1209,4.2,2.97,16.37,38.33,0.25,-16.74,-3.09,-10.00
24,6,-1.00,-1.00,-1.00,-1.00,0.1104,4.3,3.01,16.16,22.10,1.38,22.42,1.56,-10.00
24,6,-1.00,-1.00,-1.00,-1.00,0.1054,3.8,2.89,14.82,15.73,0.35,-18.74,3.14,-10.00
25,6,-1.00,-1.00,-1.00,-1.00,0.2905,4.2,3.01,14.85,21.54,-0.97,-23.83,3.13,-10.00
25,6,-1.00,-1.00,-1.00,-1.00,0.2584,4.2,3.06,14.92,20.05,0.25,-20.91,-3.13,-10.00
25,6,-1.00,-1.00,-1.00,-1.00,0.2329,3.2,3.10,16.14,-33.33,0.96,-36.21,3.14,-10.00
25,6,-1.00,-1.00,-1.00,-1.00,0.1970,4.3,3.23,14.79,16.97,1.11,-50.61,-3.08,-10.00
25,6,-1.00,-1.00,-1.00,-1.00,0.1857,4.3,3.04,15.24,11.47,0.64,-50.17,-1.52,-10.00
25,6,-1.00,-1.00,-1.00,-1.00,0.1630,4.1,2.95,15.65,21.46,-1.09,-26.15,-2.94,-10.00
25,6,-1.00,-1.00,-1.00,-1.00,0.1627,4.2,3.08,15.85,22.34,1.31,17.16,-1.54,-10.00
25,6,-1.00,-1.00,-1.00,-1.00,0.1511,3.9,2.83,9.05,26.13,1.71,16.34,1.98,-10.00
25,6,1354.97,422.76,1465.45,517.79,0.1459,2.8,2.09,2.88,18.16,1.46,39.14,1.61,-10.00
25,6,-1.00,-1.00,-1.00,-1.00,0.1454,4.2,3.08,15.61,20.94,-0.75,-38.52,3.13,-10.00
25,6,1440.73,377.89,1600.00,509.11,0.1450,2.6,2.19,4.61,15.93,0.79,26.62,3.11,-10.00
25,6,-1.00,-1.00,-1.00,-1.00,0.1215,1e+01,7.24,20.63,-44.30,1.92,-32.11,-1.58,-10.00
25,6,-1.00,-1.00,-1.00,-1.00,0.1166,4.1,2.88,15.76,-39.04,0.86,-40.79,1.63,-10.00
25,6,-1.00,-1.00,-1.00,-1.00,0.1139,4.2,3.15,15.42,18.22,-0.30,-28.32,1.62,-10.00
25,6,-1.00,-1.00,-1.00,-1.00,0.1130,4.1,2.90,9.95,28.15,1.22,12.42,-2.77,-10.00
25,6,-1.00,-1.00,-1.00,-1.00,0.1129,3.7,2.93,14.09,26.18,0.69,-12.85,-3.11,-10.00
25,6,-1.00,-1.00,-1.00,-1.00,0.1075,4.3,3.02,16.35,20.44,1.31,19.11,-1.56,-10.00
25,6,-1.00,-1.00,-1.00,-1.00,0.1063,3.7,3.07,12.66,-39.58,2.23,20.72,1.60,-10.00
26,6,-1.00,-1.00,-1.00,-1.00,0.2804,4.3,3.15,14.12,32.56,-2.04,-31.25,3.09,-10.00
26,6,-1.00,-1.00,-1.00,-1.00,0.2551,4.3,3.02,15.80,22.29,1.30,13.21,1.58,-10.00
26,6,-1.00,-1.00,-1.00,-1.00,0.1743,4.2,3.11,15.01,21.06,-0.97,-28.73,3.13,-10.00
26,6,-1.00,-1.00,-1.00,-1.00,0.1735,9.9,6.64,21.19,-44.40,1.72,-35.45,-1.61,-10.00
26,6,1434.70,377.85,1600.00,533.67,0.1537,4.0,2.80,9.59,22.50,1.72,34.77,0.15,-10.00
26,6,-1.00,-1.00,-1.00,-1.00,0.1422,4.2,3.02,15.82,19.32,-0.37,-26.04,-3.10,-10.00
26,6,-1.00,-1.00,-1.00,-1.00,0.1314,4.2,2.84,13.11,25.08,1.15,9.31,1.60,-10.00
26,6,-1.00,-1.00,-1.00,-1.00,0.1273,4.3,2.96,16.56,20.32,1.48,14.99,-1.65,-10.00
26,6,-1.00,-1.00,-1.00,-1.00,0.1133,4.2,3.08,15.57,21.31,-1.55,-31.06,-2.96,-10.00
26,6,-1.00,-1.00,-1.00,-1.00,0.1129,4.2,3.09,14.47,33.61,-1.42,-29.30,-3.08,-10.00
26,6,-1.00,-1.00,-1.00,-1.00,0.1123,5.0,4.25,16.31,-41.20,0.31,-31.70,1.65,-10.00
26,6,-1.00,-1.00,-1.00,-1.00,0.1097,3.3,2.64,7.76,45.48,0.34,-13.89,1.57,-10.00
26,6,940.36,332.28,1154.75,534.26,0.1073,4.2,3.10,15.94,5.35,1.71,34.25,1.58,-10.00
26,6,-1.00,-1.00,-1.00,-1.00,0.1040,4.2,2.98,16.31,22.95,-1.05,-30.05,-1.55,-10.00
27,6,-1.00,-1.00,-1.00,-1.00,0.2048,3.9,2.81,9.57,21.62,1.05,5.81,1.59,-10.00
27,6,-1.00,-1.00,-1.00,-1.00,0.1619,4.1,2.96,13.51,26.03,-1.46,-33.20,-3.09,-10.00
27,6,-1.00,-1.00,-1.00,-1.00,0.1414,1e+01,7.13,21.55,-44.38,1.43,-36.87,-1.54,-10.00
27,6,-1.00,-1.00,-1.00,-1.00,0.1350,3.5,2.90,14.49,38.99,-0.46,-48.84,0.03,-10.00
27,6,-1.00,-1.00,-1.00,-1.00,0.1061,3.9,2.99,16.23,-33.42,2.55,-13.46,-3.04,-10.00
27,6,-1.00,-1.00,-1.00,-1.00,0.1016,4.2,3.01,15.71,20.30,-2.05,-35.84,-3.08,-10.00
28,6,-1.00,-1.00,-1.00,-1.00,0.1819,4.0,2.89,9.40,21.51,0.89,0.67,1.67,-10.00
28,6,-1.00,-1.00,-1.00,-1.00,0.1788,4.0,3.33,15.07,-41.23,0.94,-40.88,1.62,-10.00
28,6,-1.00,-1.00,-1.00,-1.00,0.1339,4.2,2.92,17.15,-47.30,0.62,-45.13,-0.00,-10.00
28,6,-1.00,-1.00,-1.00,-1.00,0.1088,4.1,2.85,15.00,36.94,-0.45,-35.12,3.12,-10.00
29,6,-1.00,-1.00,-1.00,-1.00,0.2122,3.8,2.94,11.20,-40.90,2.92,-4.83,1.60,-10.00
29,6,-1.00,-1.00,-1.00,-1.00,0.2046,3.0,2.74,8.06,-40.97,0.59,-49.65,-1.58,-10.00
29,6,-1.00,-1.00,-1.00,-1.00,0.1524,4.0,2.97,13.77,44.19,-4.33,-45.02,-3.09,-10.00
29,6,337.01,435.35,586.25,575.30,0.1504,4.2,3.16,16.28,-12.68,3.63,46.30,1.66,-10.00
29,6,-1.00,-1.00,-1.00,-1.00,0.1096,4.0,2.79,16.43,-47.62,0.85,-48.75,3.12,-10.00
30,6,-1.00,-1.00,-1.00,-1.00,0.2616,3.5,2.85,7.61,15.81,0.55,-6.80,1.57,-10.00
30,6,1253.75,333.40,1584.10,517.29,0.2035,4.4,3.07,17.18,17.93,1.36,40.35,1.61,-10.00
30,6,-1.00,-1.00,-1.00,-1.00,0.1786,5.2,4.17,17.38,-45.67,2.59,4.45,1.67,-10.00
30,6,-1.00,-1.00,-1.00,-1.00,0.1750,2.9,2.91,14.37,27.99,0.53,31.70,-3.13,-10.00
30,6,-1.00,-1.00,-1.00,-1.00,0.1597,4.2,2.89,12.45,20.95,0.68,-7.36,-1.67,-10.00
30,6,-1.00,-1.00,-1.00,-1.00,0.1518,4.1,2.98,16.16,20.27,0.46,-4.23,-3.08,-10.00
30,6,-1.00,-1.00,-1.00,-1.00,0.1327,3.7,2.87,13.17,44.42,-4.09,-44.86,-3.13,-10.00
30,6,-1.00,-1.00,-1.00,-1.00,0.1311,3.9,2.94,16.00,-20.72,1.53,-36.71,1.56,-10.00
30,6,-1.00,-1.00,-1.00,-1.00,0.1296,2.3,2.27,4.46,-23.19,1.82,-29.59,3.14,-10.00
30,6,-1.00,-1.00,-1.00,-1.00,0.1276,4.2,2.93,15.89,27.66,-0.91,-43.88,3.11,-10.00
30,6,-1.00,-1.00,-1.00,-1.00,0.1110,3.2,2.70,13.38,-2.62,1.59,-39.11,1.58,-10.00
30,6,0.00,387.83,169.69,553.11,0.1030,3.4,2.77,8.24,-19.60,1.81,28.10,0.02,-10.00
31,6,191.38,435.05,514.21,615.39,0.2408,4.3,3.12,16.18,-13.32,3.89,38.00,-1.54,-10.00
31,6,1578.00,154.44,1600.00,585.18,0.2074,4.2,3.05,15.65,17.71,1.54,20.11,1.66,-10.00
31,6,0.00,398.66,375.67,515.71,0.2037,4.3,3.10,15.85,-26.00,1.68,48.38,-0.09,-10.00
31,6,-1.00,-1.00,-1.00,-1.00,0.1788,3.4,2.80,7.49,15.74,0.63,-10.86,1.56,-10.00
31,6,-1.00,-1.00,-1.00,-1.00,0.1550,4.3,2.87,17.53,34.92,0.29,-39.86,1.56,-10.00
31,6,-1.00,-1.00,-1.00,-1.00,0.1378,3.4,2.88,14.48,39.95,0.63,-35.49,-0.00,-10.00
31,6,1255.87,378.96,1600.00,502.58,0.1332,4.2,2.89,15.70,24.25,1.08,46.14,0.04,-10.00
31,6,1206.41,356.85,1446.66,507.05,0.1269,4.2,3.11,15.95,17.84,1.17,46.66,1.61,-10.00
31,6,0.00,399.12,16.93,587.99,0.1226,3.2,2.74,7.49,-19.35,2.06,22.79,-3.09,-10.00
31,6,244.68,413.98,435.19,518.10,0.1006,3.7,2.86,12.80,-20.14,1.92,53.12,1.59,-10.00
32,6,1183.97,361.95,1445.94,514.19,0.1361,4.3,3.15,16.68,17.24,1.46,46.48,1.57,-10.00
32,6,-1.00,-1.00,-1.00,-1.00,0.1102,2.4,2.36,6.74,-45.51,1.50,-9.73,-1.57,-10.00
32,6,-1.00,-1.00,-1.00,-1.00,0.1055,4.4,2.77,17.32,22.64,0.57,-19.37,-1.66,-10.00
32,6,-1.00,-1.00,-1.00,-1.00,0.1036,4.2,3.02,15.62,-24.17,2.08,-43.74,1.72,-10.00
33,6,-1.00,-1.00,-1.00,-1.00,0.1871,4.4,2.99,16.05,22.64,0.85,-24.15,-1.74,-10.00
33,6,0.00,398.76,196.19,538.88,0.1668,4.1,2.99,16.23,-28.88,2.13,40.11,0.07,-10.00
33,6,1356.23,368.53,1600.00,517.88,0.1524,4.2,3.05,15.98,24.66,1.36,37.97,-0.04,-10.00
33,6,-1.00,-1.00,-1.00,-1.00,0.1252,3.9,2.93,14.58,22.03,0.49,-47.60,-0.01,-10.00
33,6,-1.00,-1.00,-1.00,-1.00,0.1120,4.2,3.00,13.58,44.08,0.00,17.50,-3.12,-10.00
33,6,-1.00,-1.00,-1.00,-1.00,0.1117,3.8,2.63,8.72,35.68,1.82,25.42,1.58,-10.00
33,6,-1.00,-1.00,-1.00,-1.00,0.1085,4.3,2.95,16.00,20.36,0.65,-24.39,1.54,-10.00
33,6,-1.00,-1.00,-1.00,-1.00,0.1060,3.5,3.00,17.37,-32.65,-0.23,-30.37,-0.02,-10.00
33,6,1339.38,395.01,1600.00,537.29,0.1018,4.2,3.07,15.71,24.48,2.08,40.00,-0.18,-10.00
33,6,-1.00,-1.00,-1.00,-1.00,0.1008,4.2,2.92,12.49,39.71,1.89,24.14,3.05,-10.00
34,6,-1.00,-1.00,-1.00,-1.00,0.2500,3.3,2.78,7.10,24.59,1.35,15.21,3.13,-10.00
34,6,-1.00,-1.00,-1.00,-1.00,0.1873,4.3,3.02,15.74,21.07,0.42,-28.73,1.65,-10.00
34,6,-1.00,-1.00,-1.00,-1.00,0.1584,3.5,2.80,7.83,15.81,0.74,-23.18,1.53,-10.00
34,6,1232.35,342.95,1600.00,532.58,0.1547,4.4,3.25,17.53,16.95,1.86,38.38,1.57,-10.00
34,6,0.00,341.25,335.22,519.12,0.1486,4.3,3.81,17.46,-21.58,1.46,41.25,-1.56,-10.00
34,6,-1.00,-1.00,-1.00,-1.00,0.1355,3.1,2.72,8.90,-19.78,1.82,6.92,-3.13,-10.00
34,6,-1.00,-1.00,-1.00,-1.00,0.1114,2.8,3.05,17.79,-35.75,0.50,-23.30,-0.02,-10.00
34,6,-1.00,-1.00,-1.00,-1.00,0.1082,1.8,1.77,2.98,11.64,0.55,-52.08,-1.55,-10.00
34,6,-1.00,-1.00,-1.00,-1.00,0.1069,3.5,2.95,15.03,21.13,0.81,2.00,-0.07,-10.00
34,6,-1.00,-1.00,-1.00,-1.00,0.1047,3.3,2.93,16.64,-35.88,2.01,-10.40,0.02,-10.00
34,6,-1.00,-1.00,-1.00,-1.00,0.1018,3.1,2.85,12.99,16.99,0.84,-51.38,0.05,-10.00
35,6,-1.00,-1.00,-1.00,-1.00,0.2720,4.3,2.91,15.38,20.97,0.38,-33.49,1.60,-10.00
35,6,240.80,408.55,440.32,549.38,0.2312,4.2,2.94,15.12,-16.85,2.78,45.02,1.45,-10.00
35,6,-1.00,-1.00,-1.00,-1.00,0.2205,3.9,2.98,9.03,15.47,0.70,-28.63,1.59,-10.00
35,6,-1.00,-1.00,-1.00,-1.00,0.1376,3.3,2.81,7.69,25.01,0.94,11.33,3.11,-10.00
35,6,-1.00,-1.00,-1.00,-1.00,0.1334,2.6,2.93,15.94,-36.42,1.83,-14.59,0.02,-10.00
35,6,-1.00,-1.00,-1.00,-1.00,0.1305,4.4,2.94,14.32,21.67,0.60,-23.47,-1.53,-10.00
35,6,-1.00,-1.00,-1.00,-1.00,0.1271,4.3,3.05,15.61,23.64,0.73,-33.68,-1.95,-10.00
35,6,-1.00,-1.00,-1.00,-1.00,0.1055,4.3,2.96,16.39,18.63,0.57,-33.66,1.76,-10.00
36,6,-1.00,-1.00,-1.00,-1.00,0.3088,4.3,2.93,16.89,21.81,0.55,-37.33,1.55,-10.00
36,6,149.41,416.48,296.01,548.49,0.2290,3.2,1.94,3.69,-15.40,1.99,32.18,1.57,-10.00
36,6,-1.00,-1.00,-1.00,-1.00,0.1308,4.3,2.90,17.63,19.67,0.43,-38.13,-1.58,-10.00
36,6,-1.00,-1.00,-1.00,-1.00,0.1286,2.8,2.48,7.01,-19.76,1.26,-3.00,3.09,-10.00
36,6,-1.00,-1.00,-1.00,-1.00,0.1268,3.6,2.85,8.19,15.83,0.67,-31.58,1.54,-10.00
36,6,0.00,189.11,240.81,668.23,0.1062,4.3,3.11,16.13,-14.40,2.18,19.22,1.58,-10.00
37,6,-1.00,-1.00,-1.00,-1.00,0.1399,4.3,3.16,15.64,47.95,-0.46,-11.32,3.13,-10.00
37,6,-1.00,-1.00,-1.00,-1.00,0.1362,4.3,2.97,17.16,21.69,0.33,-41.77,1.51,-10.00
37,6,0.00,369.60,195.52,624.25,0.1124,4.2,2.99,16.08,-19.97,2.98,28.88,1.55,-10.00
37,6,-1.00,-1.00,-1.00,-1.00,0.1055,3.5,2.84,8.43,15.77,0.43,-35.31,1.54,-10.00
38,6,-1.00,-1.00,-1.00,-1.00,0.2889,4.2,3.17,14.66,27.11,0.74,-42.03,3.14,-10.00
38,6,-1.00,-1.00,-1.00,-1.00,0.1817,4.3,2.96,16.79,21.68,0.38,-45.94,1.50,-10.00
38,6,-1.00,-1.00,-1.00,-1.00,0.1317,4.8,3.83,16.41,-46.13,1.17,-30.27,1.58,-10.00
38,6,-1.00,-1.00,-1.00,-1.00,0.1189,3.4,2.70,7.49,24.05,1.09,-0.44,3.11,-10.00
38,6,-1.00,-1.00,-1.00,-1.00,0.1075,2.5,2.26,5.93,-20.30,1.27,-0.20,3.10,-10.00
38,6,993.69,394.28,1117.81,535.75,0.1011,4.0,2.84,13.35,7.48,2.22,42.73,1.66,-10.00
39,6,-1.00,-1.00,-1.00,-1.00,0.2095,4.3,2.91,15.72,19.08,2.20,5.04,1.47,-10.00
39,6,-1.00,-1.00,-1.00,-1.00,0.1768,4.2,2.96,12.41,23.13,1.82,10.47,1.57,-10.00
39,6,-1.00,-1.00,-1.00,-1.00,0.1518,3.8,2.83,7.94,15.42,0.48,-43.17,1.59,-10.00
39,6,-1.00,-1.00,-1.00,-1.00,0.1474,2.9,2.48,5.61,23.27,0.63,-4.61,3.09,-10.00
39,6,-1.00,-1.00,-1.00,-1.00,0.1468,4.2,2.99,15.50,21.46,0.65,-51.67,-1.55,-10.00
39,6,-1.00,-1.00,-1.00,-1.00,0.1396,4.0,2.78,8.96,26.01,1.31,14.45,-0.03,-10.00
39,6,-1.00,-1.00,-1.00,-1.00,0.1330,4.2,3.08,12.97,25.36,0.74,-46.04,-3.13,-10.00
39,6,-1.00,-1.00,-1.00,-1.00,0.1269,4.2,2.88,16.29,22.78,1.89,19.17,-1.54,-10.00
39,6,-1.00,-1.00,-1.00,-1.00,0.1246,4.0,3.04,13.81,-52.90,1.64,25.04,0.06,-10.00
