0,6,994.91,324.60,1256.47,533.17,0.1412,4.3,2.94,15.70,7.25,1.66,33.84,-1.59,-10.00
0,6,-1.00,-1.00,-1.00,-1.00,0.1311,4.0,2.80,8.93,33.57,1.04,13.95,3.14,-10.00
0,6,1083.24,398.10,1193.30,511.14,0.1232,4.0,2.96,11.46,12.96,1.61,53.14,-1.46,-10.00
1,6,-1.00,-1.00,-1.00,-1.00,0.2103,3.8,2.93,7.96,-51.33,2.22,-4.43,-3.11,-10.00
1,6,-1.00,-1.00,-1.00,-1.00,0.1813,1.6,1.63,3.26,-27.99,-0.97,-48.37,1.19,-10.00
1,6,1365.50,227.64,1600.00,568.58,0.1287,4.1,2.97,16.04,16.16,1.25,17.22,0.01,-10.00
1,6,-1.00,-1.00,-1.00,-1.00,0.1150,2.7,1.82,1.74,-27.23,-1.20,-47.72,-0.30,-10.00
1,6,-1.00,-1.00,-1.00,-1.00,0.1092,4.2,3.05,15.48,42.52,-2.86,-41.18,-3.14,-10.00
1,6,1371.88,257.88,1600.00,565.28,0.1021,4.1,2.97,15.85,16.69,1.34,19.27,-0.13,-10.00
2,6,1070.49,380.30,1535.02,506.50,0.1482,4.2,2.97,15.79,16.84,1.22,44.61,-0.12,-10.00
2,6,-1.00,-1.00,-1.00,-1.00,0.1419,4.1,3.08,11.67,41.41,1.34,11.53,-1.53,-10.00
2,6,-1.00,-1.00,-1.00,-1.00,0.1195,4.1,2.94,16.88,-43.87,2.92,44.25,-0.03,-10.00
2,6,-1.00,-1.00,-1.00,-1.00,0.1084,4.2,2.64,16.36,24.92,0.88,-32.87,-1.72,-10.00
3,6,1082.29,394.22,1225.48,510.16,0.2001,3.6,2.71,8.99,11.71,1.36,45.83,-1.58,-10.00
3,6,1069.37,415.22,1143.02,503.21,0.1580,3.3,2.19,4.30,11.23,1.27,50.61,-1.51,-10.00
3,6,1088.33,391.83,1170.22,511.51,0.1161,4.1,2.87,13.81,12.83,1.62,53.31,-1.34,-10.00
3,6,1509.42,0.00,1600.00,699.11,0.1155,4.3,2.87,16.50,13.47,1.42,13.73,1.57,-10.00
3,6,919.65,402.93,1274.26,533.28,0.1056,4.0,2.83,10.80,8.55,2.00,40.59,3.13,-10.00
3,6,1039.02,382.20,1402.38,493.36,0.1020,4.1,2.93,13.48,15.49,0.82,49.90,-0.02,-10.00
4,6,1121.99,380.75,1600.00,526.58,0.3352,4.1,2.87,15.14,16.85,1.62,37.75,3.13,-10.00
4,6,-1.00,-1.00,-1.00,-1.00,0.2852,3.9,2.89,9.22,-52.96,2.76,-13.95,3.12,-10.00
4,6,-1.00,-1.00,-1.00,-1.00,0.1250,4.2,2.92,13.74,30.30,0.80,5.07,-3.10,-10.00
4,6,1585.59,205.88,1600.00,601.21,0.1184,4.1,2.97,15.01,17.64,1.43,15.01,-3.12,-10.00
4,6,923.87,392.13,1335.39,536.38,0.1175,4.0,2.85,11.44,8.71,1.91,37.15,-3.11,-10.00
5,6,-1.00,-1.00,-1.00,-1.00,0.4404,3.3,2.93,7.53,-51.00,2.82,-17.11,0.00,-10.00
5,6,-1.00,-1.00,-1.00,-1.00,0.1816,4.3,3.00,13.85,28.47,0.74,-3.10,-2.99,-10.00
5,6,1043.39,390.22,1542.82,519.92,0.1686,4.2,3.05,16.26,16.04,1.66,43.97,-3.14,-10.00
5,6,-1.00,-1.00,-1.00,-1.00,0.1597,4.1,2.93,15.89,17.03,1.40,9.31,-3.08,-10.00
5,6,1081.54,390.48,1214.75,511.09,0.1557,3.8,2.67,8.09,11.45,1.39,45.46,-1.57,-10.00
5,6,-1.00,-1.00,-1.00,-1.00,0.1347,4.3,2.80,16.44,15.93,0.81,-23.83,-1.60,-10.00
5,6,1046.68,386.94,1484.06,504.90,0.1239,4.2,2.89,15.56,16.47,1.22,47.82,0.01,-10.00
5,6,1077.96,344.71,1535.05,505.63,0.1167,4.0,3.22,11.22,12.88,0.89,34.51,-3.12,-10.00
5,6,-1.00,-1.00,-1.00,-1.00,0.1139,4.2,2.74,17.24,28.02,0.39,-35.37,-1.56,-10.00
5,6,-1.00,-1.00,-1.00,-1.00,0.1076,4.3,3.08,17.26,-16.98,1.87,3.10,-1.66,-10.00
5,6,-1.00,-1.00,-1.00,-1.00,0.1039,4.1,2.94,16.58,-44.09,2.23,13.16,0.14,-10.00
6,6,1191.20,350.18,1388.26,492.25,0.2749,3.0,2.78,8.20,12.04,0.43,33.49,-1.49,-10.00
6,6,1116.70,369.09,1260.71,500.47,0.1956,3.8,2.95,7.94,12.03,0.90,42.44,-1.51,-10.00
6,6,1112.72,360.46,1600.00,499.72,0.1921,4.1,2.95,14.87,17.08,0.85,40.54,0.00,-10.00
6,6,-1.00,-1.00,-1.00,-1.00,0.1691,4.0,2.92,10.71,26.24,1.22,1.45,-1.53,-10.00
6,6,-1.00,-1.00,-1.00,-1.00,0.1566,4.3,2.94,16.24,31.03,1.33,-10.16,-1.57,-10.00
6,6,-1.00,-1.00,-1.00,-1.00,0.1299,4.1,2.98,16.22,17.76,1.05,10.46,-3.05,-10.00
6,6,-1.00,-1.00,-1.00,-1.00,0.1272,4.3,3.12,16.17,8.70,1.16,-46.55,1.58,-10.00
6,6,-1.00,-1.00,-1.00,-1.00,0.1266,4.2,2.95,16.60,19.13,1.18,-3.93,-3.11,-10.00
6,6,-1.00,-1.00,-1.00,-1.00,0.1171,4.1,2.80,9.34,33.36,0.71,-6.88,3.12,-10.00
6,6,-1.00,-1.00,-1.00,-1.00,0.1161,3.1,2.57,7.94,-21.91,1.96,15.67,-2.98,-10.00
6,6,-1.00,-1.00,-1.00,-1.00,0.1109,4.1,3.06,14.61,-50.18,2.20,-14.99,1.53,-10.00
7,6,-1.00,-1.00,-1.00,-1.00,0.3888,4.0,2.78,9.87,21.25,1.17,20.30,0.03,-10.00
7,6,1186.67,324.66,1491.63,505.05,0.3727,3.4,2.81,10.72,11.89,0.70,30.67,-1.59,-10.00
7,6,-1.00,-1.00,-1.00,-1.00,0.1295,4.2,2.98,16.15,19.77,0.72,3.63,-3.10,-10.00
7,6,-1.00,-1.00,-1.00,-1.00,0.1173,4.2,2.88,15.87,34.93,0.77,-39.12,1.61,-10.00
7,6,-1.00,-1.00,-1.00,-1.00,0.1071,4.0,3.04,15.10,-26.80,2.69,12.10,0.21,-10.00
7,6,-1.00,-1.00,-1.00,-1.00,0.1019,3.4,3.04,15.45,-9.50,1.22,-39.19,1.62,-10.00
8,6,1117.29,342.61,1600.00,517.50,0.1815,4.2,2.99,15.72,16.01,1.17,33.44,0.06,-10.00
8,6,1242.62,307.97,1600.00,533.39,0.1408,3.6,2.77,11.58,11.99,1.29,26.20,-1.56,-10.00
8,6,-1.00,-1.00,-1.00,-1.00,0.1133,4.2,2.97,14.82,24.90,1.16,3.64,-3.11,-10.00
8,6,-1.00,-1.00,-1.00,-1.00,0.1053,2.8,2.92,16.32,-45.16,1.96,9.49,-0.06,-10.00
8,6,986.30,435.83,1109.77,537.19,0.1035,2.2,2.32,4.05,5.21,1.60,30.04,-1.54,-10.00
9,6,-1.00,-1.00,-1.00,-1.00,0.3247,3.9,2.95,15.15,21.58,0.68,12.93,-3.11,-10.00
9,6,1162.47,312.44,1600.00,493.62,0.1315,4.2,2.99,15.89,17.10,0.48,32.44,0.03,-10.00
9,6,-1.00,-1.00,-1.00,-1.00,0.1035,4.1,2.98,15.58,18.26,0.75,-43.94,1.54,-10.00
10,6,-1.00,-1.00,-1.00,-1.00,0.1644,4.3,2.94,15.81,5.41,0.95,-24.10,-1.43,-10.00
10,6,1193.19,336.16,1600.00,533.83,0.1341,4.2,2.99,16.16,17.11,1.40,29.11,-3.10,-10.00
10,6,-1.00,-1.00,-1.00,-1.00,0.1139,4.2,2.93,16.25,17.78,0.59,-9.45,3.11,-10.00
10,6,1235.41,355.33,1501.90,538.55,0.1067,3.6,2.76,8.36,12.06,1.57,28.94,-1.53,-10.00
10,6,-1.00,-1.00,-1.00,-1.00,0.1026,4.2,2.86,15.36,14.13,0.53,-13.26,-1.76,-10.00
11,6,-1.00,-1.00,-1.00,-1.00,0.2224,4.2,2.95,15.97,21.47,0.90,6.09,-3.12,-10.00
11,6,976.42,375.59,1100.01,515.79,0.1996,3.9,2.73,8.31,7.08,1.42,40.93,1.88,-10.00
11,6,-1.00,-1.00,-1.00,-1.00,0.1845,4.1,3.02,15.27,19.06,1.62,21.18,2.63,-10.00
11,6,-1.00,-1.00,-1.00,-1.00,0.1476,4.1,2.94,15.61,17.64,0.34,-12.25,3.06,-10.00
11,6,-1.00,-1.00,-1.00,-1.00,0.1272,4.2,2.75,15.87,-17.76,1.68,-9.14,1.64,-10.00
11,6,-1.00,-1.00,-1.00,-1.00,0.1251,4.1,2.97,15.54,21.38,0.41,-0.65,3.07,-10.00
11,6,-1.00,-1.00,-1.00,-1.00,0.1135,4.4,2.93,17.72,14.16,0.62,-9.56,1.74,-10.00
11,6,-1.00,-1.00,-1.00,-1.00,0.1103,4.1,2.93,14.19,19.82,-0.73,-53.35,1.53,-10.00
11,6,-1.00,-1.00,-1.00,-1.00,0.1098,4.1,2.89,15.50,17.56,0.07,-14.22,-3.11,-10.00
11,6,-1.00,-1.00,-1.00,-1.00,0.1019,4.1,3.00,14.64,13.77,0.71,-51.37,-3.07,-10.00
12,6,-1.00,-1.00,-1.00,-1.00,0.1908,4.0,2.85,16.78,-45.49,1.36,-11.98,-3.09,-10.00
12,6,-1.00,-1.00,-1.00,-1.00,0.1827,3.8,2.83,14.86,21.66,0.52,-4.56,0.03,-10.00
12,6,-1.00,-1.00,-1.00,-1.00,0.1613,4.2,3.09,14.70,10.44,1.14,-31.12,3.14,-10.00
12,6,137.08,375.64,480.16,538.94,0.1407,3.7,3.01,14.67,-13.85,1.96,35.92,1.63,-10.00
12,6,-1.00,-1.00,-1.00,-1.00,0.1392,4.0,3.13,15.70,-27.31,1.89,-50.68,-0.09,-10.00
12,6,0.00,127.34,193.06,698.85,0.1381,4.3,3.09,15.77,-14.61,2.13,17.33,-1.53,-10.00
12,6,472.63,396.36,594.28,524.16,0.1025,3.9,2.65,9.30,-10.15,1.85,44.40,1.51,-10.00
12,6,-1.00,-1.00,-1.00,-1.00,0.1009,4.4,2.82,16.51,13.53,1.15,-6.85,1.61,-10.00
13,6,-1.00,-1.00,-1.00,-1.00,0.3848,4.1,2.73,9.26,32.76,1.00,17.91,-0.05,-10.00
13,6,-1.00,-1.00,-1.00,-1.00,0.1595,3.8,2.98,9.94,-38.73,2.92,8.52,1.54,-10.00
13,6,-1.00,-1.00,-1.00,-1.00,0.1507,4.1,2.93,12.03,36.13,0.53,-9.72,1.96,-10.00
13,6,-1.00,-1.00,-1.00,-1.00,0.1437,4.2,2.99,15.28,35.73,-1.68,-33.98,2.97,-10.00
13,6,415.36,382.47,570.27,523.26,0.1393,4.0,2.62,9.34,-10.63,1.67,41.01,1.56,-10.00
13,6,-1.00,-1.00,-1.00,-1.00,0.1300,4.2,2.96,15.41,11.56,0.77,-31.65,-1.65,-10.00
13,6,-1.00,-1.00,-1.00,-1.00,0.1254,3.1,2.77,10.24,-21.71,0.32,-34.26,-0.04,-10.00
13,6,-1.00,-1.00,-1.00,-1.00,0.1248,4.1,2.93,15.90,16.53,0.47,-13.11,-3.09,-10.00
13,6,-1.00,-1.00,-1.00,-1.00,0.1105,4.2,2.90,11.68,33.60,-0.03,-18.21,1.52,-10.00
13,6,-1.00,-1.00,-1.00,-1.00,0.1068,4.3,3.20,13.71,33.74,0.91,20.28,2.79,-10.00
14,6,-1.00,-1.00,-1.00,-1.00,0.4003,4.3,2.93,13.77,32.79,0.77,8.93,-3.12,-10.00
14,6,-1.00,-1.00,-1.00,-1.00,0.1648,4.1,2.83,9.15,36.90,-1.19,-37.95,3.08,-10.00
14,6,-1.00,-1.00,-1.00,-1.00,0.1545,4.2,2.92,15.08,22.15,1.37,12.00,-3.13,-10.00
14,6,-1.00,-1.00,-1.00,-1.00,0.1268,3.8,2.86,15.07,17.01,0.07,-17.26,-3.13,-10.00
14,6,-1.00,-1.00,-1.00,-1.00,0.1260,4.1,2.87,11.04,34.69,-0.93,-40.91,-2.07,-10.00
14,6,-1.00,-1.00,-1.00,-1.00,0.1155,3.4,3.04,13.76,35.06,0.07,-18.01,3.13,-10.00
14,6,-1.00,-1.00,-1.00,-1.00,0.1144,3.2,3.03,16.13,-38.53,1.51,-19.24,-0.13,-10.00
15,6,-1.00,-1.00,-1.00,-1.00,0.1484,4.1,2.86,14.29,36.54,1.16,5.47,-3.13,-10.00
15,6,-1.00,-1.00,-1.00,-1.00,0.1274,3.7,2.84,13.51,20.95,0.86,-5.51,-0.02,-10.00
15,6,-1.00,-1.00,-1.00,-1.00,0.1237,4.2,2.95,15.87,17.86,0.83,-17.22,-3.09,-10.00
15,6,-1.00,-1.00,-1.00,-1.00,0.1155,4.2,2.97,13.33,40.96,0.64,-0.46,1.66,-10.00
15,6,-1.00,-1.00,-1.00,-1.00,0.1069,4.2,2.90,13.85,19.33,0.93,-13.16,-3.08,-10.00
16,6,-1.00,-1.00,-1.00,-1.00,0.4094,4.3,3.27,14.70,10.64,0.81,-45.60,-3.07,-10.00
16,6,-1.00,-1.00,-1.00,-1.00,0.2376,4.2,2.94,16.74,16.69,1.20,5.20,-3.13,-10.00
16,6,-1.00,-1.00,-1.00,-1.00,0.2297,4.2,2.94,13.96,41.43,0.95,-4.79,1.52,-10.00
16,6,1095.11,379.20,1510.88,493.22,0.1237,4.2,2.98,15.38,18.75,0.81,49.94,-0.02,-10.00
16,6,-1.00,-1.00,-1.00,-1.00,0.1223,3.9,2.93,13.49,3.20,0.26,-50.66,-1.47,-10.00
16,6,-1.00,-1.00,-1.00,-1.00,0.1161,4.0,2.95,15.61,-23.26,2.04,-9.08,3.05,-10.00
16,6,-1.00,-1.00,-1.00,-1.00,0.1061,3.2,1.99,3.73,-28.84,1.28,-52.71,-2.28,-10.00
17,6,-1.00,-1.00,-1.00,-1.00,0.3311,4.2,2.99,15.83,15.44,0.68,-26.68,-3.08,-10.00
17,6,-1.00,-1.00,-1.00,-1.00,0.2820,4.0,3.03,15.06,-25.02,2.56,21.77,-0.02,-10.00
17,6,-1.00,-1.00,-1.00,-1.00,0.1953,4.2,3.03,11.59,41.48,1.09,-0.42,-1.50,-10.00
17,6,-1.00,-1.00,-1.00,-1.00,0.1797,3.1,2.78,8.56,-18.08,1.94,-0.93,3.13,-10.00
17,6,-1.00,-1.00,-1.00,-1.00,0.1782,4.3,2.82,16.55,18.90,0.93,-28.45,-1.62,-10.00
17,6,1365.37,328.72,1600.00,556.78,0.1730,4.1,2.97,15.92,19.30,1.62,24.76,3.14,-10.00
17,6,-1.00,-1.00,-1.00,-1.00,0.1316,4.1,2.97,16.37,18.47,1.05,-23.90,3.13,-10.00
17,6,-1.00,-1.00,-1.00,-1.00,0.1184,4.3,3.17,15.61,23.43,1.24,-21.31,3.14,-10.00
17,6,-1.00,-1.00,-1.00,-1.00,0.1173,4.3,2.98,15.88,22.51,0.70,-19.74,-1.54,-10.00
17,6,-1.00,-1.00,-1.00,-1.00,0.1022,4.2,2.89,15.68,33.27,0.78,-18.22,1.08,-10.00
17,6,-1.00,-1.00,-1.00,-1.00,0.1011,4.2,3.08,14.97,34.13,-2.16,-48.36,3.09,-10.00
17,6,-1.00,-1.00,-1.00,-1.00,0.1001,3.4,2.85,14.42,33.21,0.55,-5.17,0.01,-10.00
18,6,0.00,435.87,255.77,555.10,0.2585,4.0,2.91,10.35,-26.73,3.03,45.95,2.66,-10.00
18,6,1195.33,400.15,1503.03,497.59,0.2556,3.1,2.80,9.49,18.11,0.88,43.88,0.03,-10.00
18,6,-1.00,-1.00,-1.00,-1.00,0.2201,4.3,3.16,14.23,10.32,0.13,-49.86,3.07,-10.00
18,6,-1.00,-1.00,-1.00,-1.00,0.1481,4.3,3.09,15.55,15.73,1.28,-0.29,3.06,-10.00
18,6,-1.00,-1.00,-1.00,-1.00,0.1457,4.1,2.92,13.76,16.11,1.08,-3.23,0.04,-10.00
18,6,-1.00,-1.00,-1.00,-1.00,0.1426,4.2,3.08,15.78,10.40,-0.44,-23.83,1.57,-10.00
18,6,-1.00,-1.00,-1.00,-1.00,0.1410,4.1,3.17,14.87,-26.70,2.37,15.71,-0.21,-10.00
18,6,-1.00,-1.00,-1.00,-1.00,0.1278,4.3,2.76,16.95,17.25,0.66,-30.34,1.49,-10.00
18,6,450.14,401.56,578.62,527.88,0.1206,4.0,2.56,8.90,-10.89,2.01,44.66,1.54,-10.00
18,6,-1.00,-1.00,-1.00,-1.00,0.1191,4.2,3.04,11.34,21.44,0.61,-27.16,-3.11,-10.00
18,6,-1.00,-1.00,-1.00,-1.00,0.1094,2.9,2.88,15.56,-44.50,1.52,-18.40,0.00,-10.00
18,6,-1.00,-1.00,-1.00,-1.00,0.1092,4.2,2.87,13.38,8.05,0.50,-53.75,-1.95,-10.00
19,6,-1.00,-1.00,-1.00,-1.00,0.3801,4.3,3.01,15.21,35.95,0.42,-13.79,-3.12,-10.00
19,6,-1.00,-1.00,-1.00,-1.00,0.2899,4.2,3.11,14.21,-36.05,-0.57,-31.40,0.94,-10.00
19,6,0.00,405.91,241.97,548.67,0.2586,4.3,3.24,15.82,-28.76,2.59,42.79,2.72,-10.00
19,6,-1.00,-1.00,-1.00,-1.00,0.1540,2.9,1.83,3.88,10.11,-0.24,-45.14,1.50,-10.00
19,6,150.24,426.87,254.33,547.55,0.1354,4.2,3.07,14.03,-25.50,3.11,50.73,-2.08,-10.00
19,6,-1.00,-1.00,-1.00,-1.00,0.1148,2.7,2.72,7.20,-11.68,1.86,-17.33,3.04,-10.00
19,6,-1.00,-1.00,-1.00,-1.00,0.1143,4.3,2.89,15.71,19.04,1.13,-4.07,3.11,-10.00
19,6,-1.00,-1.00,-1.00,-1.00,0.1073,3.6,2.87,14.50,23.57,0.91,8.93,0.04,-10.00
19,6,-1.00,-1.00,-1.00,-1.00,0.1022,4.1,2.95,15.46,16.52,0.70,-21.39,0.00,-10.00
20,6,0.00,408.76,266.69,558.29,0.2344,4.3,3.44,15.09,-26.39,2.72,40.47,2.72,-10.00
20,6,-1.00,-1.00,-1.00,-1.00,0.2224,2.9,3.02,17.04,-27.80,1.86,-17.65,0.02,-10.00
20,6,-1.00,-1.00,-1.00,-1.00,0.2101,4.3,3.17,16.54,-15.76,0.66,-48.71,1.54,-10.00
20,6,383.93,379.16,540.29,526.41,0.1745,3.9,2.56,8.40,-10.90,1.68,38.41,1.54,-10.00
20,6,-1.00,-1.00,-1.00,-1.00,0.1561,4.1,2.85,14.97,20.07,0.56,-21.54,-3.13,-10.00
20,6,726.61,418.83,812.67,534.44,0.1557,4.2,3.00,13.25,-2.20,2.70,53.31,1.57,-10.00
20,6,-1.00,-1.00,-1.00,-1.00,0.1332,3.2,2.92,11.07,16.51,0.35,-49.37,0.02,-10.00
20,6,-1.00,-1.00,-1.00,-1.00,0.1241,4.2,3.02,15.33,22.70,0.85,3.40,3.08,-10.00
20,6,-1.00,-1.00,-1.00,-1.00,0.1094,3.3,2.92,14.93,-23.41,1.91,-15.70,-0.05,-10.00
20,6,-1.00,-1.00,-1.00,-1.00,0.1070,4.2,3.15,14.73,17.26,1.41,13.29,-3.05,-10.00
20,6,-1.00,-1.00,-1.00,-1.00,0.1043,3.7,3.01,14.62,16.91,0.67,-51.31,-3.12,-10.00
21,6,-1.00,-1.00,-1.00,-1.00,0.7064,4.3,3.12,14.77,-15.87,-1.63,-52.62,-1.54,-10.00
21,6,-1.00,-1.00,-1.00,-1.00,0.4550,3.9,3.44,14.93,11.77,-0.02,-41.65,1.61,-10.00
21,6,-1.00,-1.00,-1.00,-1.00,0.2389,4.1,2.77,15.36,24.56,0.81,-31.86,1.63,-10.00
21,6,-1.00,-1.00,-1.00,-1.00,0.2337,4.0,2.77,13.55,20.38,0.87,-27.07,-3.13,-10.00
21,6,0.00,410.00,207.71,575.00,0.1873,4.3,3.35,15.91,-27.41,2.93,37.31,-0.42,-10.00
21,6,-1.00,-1.00,-1.00,-1.00,0.1489,4.1,3.02,15.57,16.23,0.72,-42.37,3.14,-10.00
21,6,-1.00,-1.00,-1.00,-1.00,0.1392,4.1,3.14,14.35,-23.10,1.76,-17.15,0.16,-10.00
21,6,422.22,392.84,963.82,543.38,0.1379,4.1,2.91,14.75,-3.66,2.03,35.84,-0.07,-10.00
21,6,-1.00,-1.00,-1.00,-1.00,0.1137,3.0,3.03,16.99,-37.08,1.56,-19.62,0.10,-10.00
21,6,-1.00,-1.00,-1.00,-1.00,0.1132,4.3,3.12,15.45,-20.81,0.28,-48.66,1.89,-10.00
21,6,-1.00,-1.00,-1.00,-1.00,0.1094,4.4,2.91,17.41,26.99,0.91,-11.80,-1.57,-10.00
21,6,-1.00,-1.00,-1.00,-1.00,0.1055,4.1,2.98,15.43,-36.31,1.99,33.91,2.95,-10.00
21,6,-1.00,-1.00,-1.00,-1.00,0.1022,4.1,2.85,16.43,26.62,0.45,-32.08,1.48,-10.00
22,6,0.00,375.61,142.81,559.08,0.6581,4.3,3.27,16.53,-28.33,2.30,34.37,2.72,-10.00
22,6,336.51,413.10,497.15,537.31,0.1942,3.9,2.62,8.52,-14.10,2.34,43.95,1.60,-10.00
22,6,-1.00,-1.00,-1.00,-1.00,0.1665,4.1,3.11,15.42,15.57,1.00,-45.46,3.12,-10.00
22,6,-1.00,-1.00,-1.00,-1.00,0.1332,3.4,2.49,4.30,10.87,0.14,-44.44,-1.29,-10.00
22,6,0.00,376.97,123.08,532.39,0.1288,4.1,2.95,14.92,-25.42,1.99,41.40,-2.03,-10.00
22,6,-1.00,-1.00,-1.00,-1.00,0.1165,4.2,2.90,15.88,25.30,1.35,-6.80,1.55,-10.00
22,6,-1.00,-1.00,-1.00,-1.00,0.1104,4.1,2.98,15.55,17.16,1.22,-2.24,-3.07,-10.00
22,6,859.66,416.61,972.29,551.04,0.1072,3.8,3.17,15.86,3.04,2.73,43.73,1.63,-10.00
23,6,0.00,347.49,102.16,554.14,0.5126,4.4,3.40,16.86,-28.32,2.01,31.88,2.68,-10.00
23,6,-1.00,-1.00,-1.00,-1.00,0.4888,4.3,3.13,13.59,-47.41,3.27,45.04,2.39,-10.00
23,6,-1.00,-1.00,-1.00,-1.00,0.2592,4.3,3.17,14.53,-51.64,2.90,38.84,-0.84,-10.00
23,6,275.95,411.68,464.85,529.15,0.2504,3.3,2.59,8.82,-14.43,1.87,40.56,1.61,-10.00
23,6,1265.71,358.80,1600.00,553.16,0.1441,4.3,2.93,16.73,19.46,1.89,29.94,-3.12,-10.00
23,6,1466.07,336.33,1600.00,543.06,0.1296,4.0,3.00,15.95,22.36,1.47,26.50,0.01,-10.00
23,6,-1.00,-1.00,-1.00,-1.00,0.1201,4.2,3.01,15.96,-15.52,-1.10,-44.00,-1.50,-10.00
24,6,0.00,328.07,28.07,544.89,0.5253,4.2,3.23,14.67,-27.52,1.68,29.33,2.62,-10.00
24,6,1486.65,312.55,1600.00,545.54,0.2233,4.3,3.06,15.98,22.20,1.44,25.20,-3.12,-10.00
24,6,-1.00,-1.00,-1.00,-1.00,0.1446,4.4,2.76,17.95,27.38,0.93,-20.48,1.53,-10.00
24,6,-1.00,-1.00,-1.00,-1.00,0.1232,2.0,1.69,3.75,22.84,0.63,-10.51,3.00,-10.00
24,6,-1.00,-1.00,-1.00,-1.00,0.1133,4.3,3.19,15.35,-50.06,2.55,39.56,-0.82,-10.00
24,6,161.26,394.99,376.10,526.55,0.1118,3.3,2.61,9.06,-16.20,1.62,37.27,1.53,-10.00
24,6,-1.00,-1.00,-1.00,-1.00,0.1051,4.0,2.81,12.33,-41.61,1.63,22.88,-0.13,-10.00
24,6,0.00,426.05,92.33,513.56,0.1050,3.0,2.52,7.34,-32.04,1.64,49.60,1.42,-10.00
25,6,-1.00,-1.00,-1.00,-1.00,0.2550,3.1,2.76,12.97,26.06,1.67,2.06,2.98,-10.00
25,6,-1.00,-1.00,-1.00,-1.00,0.2469,4.1,3.27,13.56,-43.70,2.05,10.85,0.12,-10.00
25,6,180.82,427.40,270.27,515.62,0.1775,3.1,2.00,2.73,-22.37,1.67,46.74,1.56,-10.00
25,6,-1.00,-1.00,-1.00,-1.00,0.1765,4.5,3.23,15.22,-50.17,3.46,35.43,-0.82,-10.00
25,6,-1.00,-1.00,-1.00,-1.00,0.1675,4.0,2.92,14.67,-28.35,0.43,-17.31,-0.07,-10.00
25,6,-1.00,-1.00,-1.00,-1.00,0.1413,4.2,2.93,15.47,33.42,0.31,-0.38,-1.63,-10.00
25,6,-1.00,-1.00,-1.00,-1.00,0.1371,4.1,3.01,13.79,-25.65,0.45,-21.39,-1.14,-10.00
25,6,-1.00,-1.00,-1.00,-1.00,0.1274,3.6,2.99,15.29,28.14,0.90,30.77,3.13,-10.00
25,6,-1.00,-1.00,-1.00,-1.00,0.1265,4.1,3.05,14.38,-27.84,0.77,-15.03,0.17,-10.00
25,6,-1.00,-1.00,-1.00,-1.00,0.1181,2.4,2.21,3.72,-3.90,0.47,-33.39,1.61,-10.00
25,6,-1.00,-1.00,-1.00,-1.00,0.1176,4.4,3.28,14.69,-52.75,3.55,37.54,2.45,-10.00
25,6,-1.00,-1.00,-1.00,-1.00,0.1103,4.3,3.22,14.68,-44.20,2.09,8.77,0.10,-10.00
25,6,24.91,427.40,511.70,566.38,0.1010,4.1,3.01,14.37,-17.49,2.96,39.69,-3.05,-10.00
26,6,-1.00,-1.00,-1.00,-1.00,0.3487,4.0,2.74,11.46,26.14,0.62,-1.81,-3.09,-10.00
26,6,-1.00,-1.00,-1.00,-1.00,0.1046,3.1,2.71,13.03,26.18,0.28,0.04,-0.15,-10.00
27,6,-1.00,-1.00,-1.00,-1.00,0.2401,4.2,3.09,14.48,23.03,0.61,-23.12,3.01,-10.00
27,6,-1.00,-1.00,-1.00,-1.00,0.2332,4.3,3.20,15.64,21.71,0.41,-20.59,3.07,-10.00
27,6,1117.72,410.77,1304.76,552.49,0.2200,4.2,2.96,15.69,13.37,2.89,45.51,1.64,-10.00
27,6,-1.00,-1.00,-1.00,-1.00,0.1912,4.2,2.94,15.05,-15.74,-0.68,-27.04,-1.58,-10.00
27,6,-1.00,-1.00,-1.00,-1.00,0.1571,4.2,2.87,15.75,19.05,0.05,-28.93,1.54,-10.00
27,6,-1.00,-1.00,-1.00,-1.00,0.1409,4.2,2.92,16.66,26.17,0.68,-18.78,-1.72,-10.00
27,6,93.22,379.42,378.36,523.62,0.1270,4.2,3.12,16.66,-21.17,1.89,46.95,-1.59,-10.00
27,6,-1.00,-1.00,-1.00,-1.00,0.1115,4.4,2.98,16.15,38.86,2.21,20.33,-3.12,-10.00
28,6,-1.00,-1.00,-1.00,-1.00,0.2446,4.5,3.25,15.23,-51.36,2.09,29.34,-0.92,-10.00
28,6,-1.00,-1.00,-1.00,-1.00,0.1638,4.0,3.11,12.73,37.99,2.37,12.17,-3.07,-10.00
28,6,-1.00,-1.00,-1.00,-1.00,0.1586,4.3,2.84,17.57,24.87,1.21,-35.02,-1.54,-10.00
28,6,58.43,362.13,352.42,521.61,0.1423,4.1,3.02,14.54,-19.43,1.57,40.94,-1.62,-10.00
28,6,-1.00,-1.00,-1.00,-1.00,0.1373,4.2,2.93,15.18,16.71,0.62,-8.31,-2.98,-10.00
28,6,-1.00,-1.00,-1.00,-1.00,0.1318,4.0,2.85,15.59,-37.95,0.49,-39.40,2.70,-10.00
28,6,246.42,405.10,432.39,524.82,0.1290,4.1,2.76,12.20,-19.11,2.12,50.33,1.56,-10.00
28,6,-1.00,-1.00,-1.00,-1.00,0.1114,2.6,2.28,3.33,50.60,0.69,6.85,1.82,-10.00
28,6,0.00,400.44,374.67,522.90,0.1037,4.2,3.05,15.61,-25.02,1.86,46.20,-3.13,-10.00
29,6,67.92,424.15,355.67,527.71,0.3230,3.1,2.79,7.67,-19.24,1.79,39.71,2.97,-10.00
29,6,-1.00,-1.00,-1.00,-1.00,0.1450,4.2,2.84,11.87,47.09,1.83,11.27,-3.03,-10.00
29,6,-1.00,-1.00,-1.00,-1.00,0.1324,4.1,2.95,12.65,11.15,0.99,-42.36,-3.07,-10.00
29,6,-1.00,-1.00,-1.00,-1.00,0.1051,3.4,2.73,13.22,20.54,0.95,-14.25,-1.10,-10.00
29,6,-1.00,-1.00,-1.00,-1.00,0.1024,2.8,2.52,5.21,-43.43,0.95,-3.33,-3.11,-10.00
30,6,1187.97,378.53,1600.00,504.38,0.1996,4.1,2.84,14.68,21.11,1.13,46.12,0.16,-10.00
30,6,-1.00,-1.00,-1.00,-1.00,0.1781,4.3,2.80,15.47,27.12,0.47,-20.08,-1.44,-10.00
30,6,-1.00,-1.00,-1.00,-1.00,0.1405,3.3,2.77,12.78,23.80,1.22,-16.74,-2.97,-10.00
30,6,1172.78,389.65,1328.13,520.72,0.1299,4.2,2.93,15.15,16.34,1.90,49.72,-1.43,-10.00
30,6,-1.00,-1.00,-1.00,-1.00,0.1264,3.9,3.05,14.63,-23.19,1.73,-27.59,0.03,-10.00
30,6,-1.00,-1.00,-1.00,-1.00,0.1236,3.8,3.13,9.28,5.10,0.67,-48.66,1.72,-10.00
30,6,492.59,400.37,646.75,514.99,0.1007,3.7,2.52,9.55,-9.40,1.60,47.22,1.72,-10.00
31,6,-1.00,-1.00,-1.00,-1.00,0.3759,4.2,3.07,15.54,-20.40,-0.08,-38.74,-1.42,-10.00
31,6,-1.00,-1.00,-1.00,-1.00,0.3350,4.1,2.94,12.47,31.41,1.51,1.58,-3.02,-10.00
31,6,-1.00,-1.00,-1.00,-1.00,0.2867,4.1,2.97,15.18,-40.72,1.49,-8.89,0.15,-10.00
31,6,-1.00,-1.00,-1.00,-1.00,0.1538,4.2,2.98,12.00,27.30,0.23,-18.49,-3.03,-10.00
31,6,-1.00,-1.00,-1.00,-1.00,0.1523,4.0,2.82,16.39,-43.14,1.42,2.74,-3.04,-10.00
31,6,-1.00,-1.00,-1.00,-1.00,0.1482,4.1,2.99,10.79,7.54,1.04,-48.73,-3.01,-10.00
31,6,-1.00,-1.00,-1.00,-1.00,0.1022,3.2,2.31,3.60,-44.34,1.19,-6.24,-3.03,-10.00
32,6,-1.00,-1.00,-1.00,-1.00,0.2355,4.4,3.07,16.53,27.91,-0.14,-22.00,-3.00,-10.00
32,6,-1.00,-1.00,-1.00,-1.00,0.1892,4.0,2.84,16.98,-43.45,1.30,-0.07,-3.03,-10.00
32,6,-1.00,-1.00,-1.00,-1.00,0.1765,4.2,3.16,12.69,-50.07,2.29,22.93,2.42,-10.00
32,6,-1.00,-1.00,-1.00,-1.00,0.1432,2.9,2.47,10.10,-38.91,1.43,2.03,1.73,-10.00
32,6,-1.00,-1.00,-1.00,-1.00,0.1295,3.6,2.91,14.88,27.11,1.08,22.89,-3.02,-10.00
32,6,-1.00,-1.00,-1.00,-1.00,0.1030,3.3,2.36,3.46,-44.47,0.96,-8.79,-3.02,-10.00
32,6,-1.00,-1.00,-1.00,-1.00,0.1020,4.2,3.18,14.49,-21.05,-0.05,-41.20,-1.34,-10.00
32,6,-1.00,-1.00,-1.00,-1.00,0.1002,4.2,2.99,15.70,18.29,1.00,-7.43,-3.04,-10.00
33,6,1280.68,372.59,1600.00,516.32,0.2281,4.2,3.03,15.75,23.41,1.40,40.91,-3.04,-10.00
33,6,1261.08,350.60,1428.32,504.08,0.1970,4.2,3.02,15.74,18.30,1.02,45.57,1.80,-10.00
33,6,-1.00,-1.00,-1.00,-1.00,0.1398,4.2,2.97,9.31,43.88,-0.43,-27.37,0.10,-10.00
33,6,-1.00,-1.00,-1.00,-1.00,0.1210,4.1,2.94,15.49,28.08,0.87,20.46,-3.05,-10.00
33,6,467.84,370.69,621.93,515.60,0.1064,3.9,2.66,9.02,-8.76,1.37,40.20,1.60,-10.00
33,6,-1.00,-1.00,-1.00,-1.00,0.1051,3.0,2.85,8.20,-20.00,0.26,-29.46,-2.98,-10.00
34,6,1154.37,288.46,1600.00,728.77,0.1651,2.3,2.85,5.32,4.36,1.51,9.36,-1.47,-10.00
34,6,1269.58,321.46,1586.16,523.56,0.1530,4.3,2.95,15.95,16.23,1.43,35.98,-1.46,-10.00
34,6,1022.60,439.17,1101.67,533.77,0.1020,3.2,2.46,4.16,8.31,2.25,44.56,-1.44,-10.00
35,6,-1.00,-1.00,-1.00,-1.00,0.2427,3.4,3.10,15.73,-34.05,2.34,33.86,3.08,-10.00
35,6,-1.00,-1.00,-1.00,-1.00,0.2407,4.1,3.16,15.57,-36.24,2.42,6.09,0.01,-10.00
35,6,-1.00,-1.00,-1.00,-1.00,0.1223,4.1,2.93,14.80,11.87,0.65,-44.57,-3.08,-10.00
35,6,-1.00,-1.00,-1.00,-1.00,0.1189,4.1,3.00,16.82,-44.11,2.79,7.91,0.12,-10.00
36,6,-1.00,-1.00,-1.00,-1.00,0.1981,4.2,3.04,15.54,17.36,0.63,-10.23,-3.02,-10.00
36,6,-1.00,-1.00,-1.00,-1.00,0.1915,3.3,2.93,15.81,-43.05,2.45,-14.99,0.09,-10.00
36,6,642.66,421.54,706.30,513.37,0.1632,3.2,2.15,2.28,-5.55,1.55,45.52,1.38,-10.00
36,6,-1.00,-1.00,-1.00,-1.00,0.1626,4.1,2.89,11.88,33.56,0.19,-18.08,-3.03,-10.00
36,6,559.17,396.69,737.93,512.93,0.1564,4.0,2.80,10.95,-7.48,1.61,50.70,0.99,-10.00
36,6,-1.00,-1.00,-1.00,-1.00,0.1559,4.1,3.22,15.04,-43.01,1.88,0.79,0.29,-10.00
36,6,-1.00,-1.00,-1.00,-1.00,0.1554,4.0,2.97,12.63,32.31,1.10,-13.25,2.50,-10.00
36,6,-1.00,-1.00,-1.00,-1.00,0.1335,4.2,3.11,14.04,14.87,1.61,-46.84,3.14,-10.00
36,6,-1.00,-1.00,-1.00,-1.00,0.1289,4.2,2.86,17.09,21.56,0.20,-36.73,-1.55,-10.00
36,6,1068.37,380.34,1190.80,513.98,0.1194,3.9,2.67,11.01,10.52,1.45,44.66,1.67,-10.00
36,6,-1.00,-1.00,-1.00,-1.00,0.1112,4.1,3.06,14.03,-48.78,2.68,-5.27,-1.49,-10.00
36,6,1021.88,386.67,1138.82,519.28,0.1025,4.0,2.65,9.59,8.63,1.64,43.74,1.63,-10.00
36,6,1040.32,390.21,1568.29,526.14,0.1011,4.1,2.99,16.10,15.36,1.76,41.13,-0.01,-10.00
37,6,1022.60,360.22,1600.00,515.81,0.2007,4.2,2.96,16.06,14.10,1.26,37.62,0.12,-10.00
37,6,-1.00,-1.00,-1.00,-1.00,0.1383,4.2,2.96,15.54,16.11,1.06,-49.44,-1.49,-10.00
37,6,-1.00,-1.00,-1.00,-1.00,0.1330,3.7,2.95,16.44,-31.94,2.26,13.41,0.13,-10.00
37,6,-1.00,-1.00,-1.00,-1.00,0.1326,3.9,2.88,9.50,32.23,1.48,9.98,-1.43,-10.00
37,6,921.45,429.73,1002.82,517.94,0.1276,3.2,2.70,5.12,5.25,1.83,49.36,-1.55,-10.00
37,6,-1.00,-1.00,-1.00,-1.00,0.1193,3.8,2.88,14.14,21.49,0.39,-44.41,-3.04,-10.00
37,6,-1.00,-1.00,-1.00,-1.00,0.1179,4.0,3.13,12.22,-50.63,2.51,-15.30,-1.37,-10.00
37,6,-1.00,-1.00,-1.00,-1.00,0.1071,4.1,3.13,15.07,-37.81,2.51,-4.20,-0.09,-10.00
37,6,962.90,399.12,1310.61,549.71,0.1057,3.8,2.88,8.62,8.11,2.09,33.73,0.05,-10.00
37,6,993.08,461.83,1082.54,543.14,0.1052,2.0,1.90,3.47,5.46,1.90,32.80,-1.52,-10.00
38,6,933.81,426.80,1003.68,516.56,0.2315,3.0,2.16,2.30,4.97,1.61,44.09,1.57,-10.00
38,6,-1.00,-1.00,-1.00,-1.00,0.2113,4.1,3.05,15.83,-37.23,1.94,-36.31,0.06,-10.00
38,6,917.91,433.71,1002.61,515.78,0.1935,2.8,2.42,4.75,4.90,1.65,46.70,-1.61,-10.00
38,6,-1.00,-1.00,-1.00,-1.00,0.1516,4.1,2.97,16.52,18.60,-0.50,-38.24,-3.09,-10.00
38,6,965.21,333.92,1600.00,515.79,0.1066,4.1,2.93,16.44,11.88,1.05,31.32,-3.14,-10.00
39,6,-1.00,-1.00,-1.00,-1.00,0.1945,4.0,3.02,15.23,-30.91,1.16,-3.47,-3.10,-10.00
39,6,402.62,395.76,546.65,525.79,0.1490,4.0,2.60,9.38,-12.13,1.91,44.17,1.55,-10.00
39,6,906.45,440.67,999.61,522.33,0.1095,2.5,2.51,4.63,4.18,1.73,42.30,-1.60,-10.00
