0,6,-1.00,-1.00,-1.00,-1.00,0.2972,2.7,2.68,7.07,-11.11,1.79,7.63,3.08,-10.00
0,6,-1.00,-1.00,-1.00,-1.00,0.2875,4.1,2.86,15.45,-27.09,-0.63,-28.43,-2.98,-10.00
0,6,-1.00,-1.00,-1.00,-1.00,0.1584,4.1,3.09,15.80,53.74,-0.68,-27.13,2.85,-10.00
0,6,207.41,412.99,323.74,495.73,0.1536,2.4,1.96,4.06,-17.37,0.10,40.17,-1.59,-10.00
0,6,-1.00,-1.00,-1.00,-1.00,0.1497,4.2,2.98,15.21,45.94,-1.68,-28.38,2.81,-10.00
0,6,56.65,401.33,286.11,495.92,0.1380,2.8,2.43,6.03,-20.45,0.10,40.45,-0.14,-10.00
0,6,-1.00,-1.00,-1.00,-1.00,0.1242,3.9,2.75,8.35,-15.74,-1.94,-45.52,1.64,-10.00
0,6,995.00,348.55,1582.99,530.97,0.1207,3.6,3.06,15.00,10.72,0.89,32.07,-2.16,-10.00
0,6,-1.00,-1.00,-1.00,-1.00,0.1179,4.2,2.82,16.66,-29.48,0.10,-15.88,0.14,-10.00
0,6,-1.00,-1.00,-1.00,-1.00,0.1097,4.1,3.04,14.82,6.03,2.08,-40.63,-0.02,-10.00
1,6,-1.00,-1.00,-1.00,-1.00,0.2598,4.2,2.98,14.99,-19.30,-0.31,-35.94,1.58,-10.00
1,6,-1.00,-1.00,-1.00,-1.00,0.1231,4.1,2.89,15.42,-23.09,-0.25,-34.24,2.77,-10.00
1,6,-1.00,-1.00,-1.00,-1.00,0.1213,3.7,3.00,14.80,19.46,0.60,-33.34,3.02,-10.00
1,6,-1.00,-1.00,-1.00,-1.00,0.1132,2.7,2.23,4.18,-3.46,1.73,-30.15,-0.08,-10.00
2,6,-1.00,-1.00,-1.00,-1.00,0.4547,4.1,2.88,15.47,-16.95,-0.41,-38.37,2.90,-10.00
2,6,-1.00,-1.00,-1.00,-1.00,0.1929,4.2,2.92,15.22,-11.45,-0.68,-41.65,-1.72,-10.00
3,6,-1.00,-1.00,-1.00,-1.00,0.2016,4.0,3.04,14.45,27.98,0.95,-14.03,-2.85,-10.00
3,6,-1.00,-1.00,-1.00,-1.00,0.1503,4.2,2.89,15.27,-3.34,-0.62,-39.68,-1.94,-10.00
3,6,-1.00,-1.00,-1.00,-1.00,0.1151,3.7,2.54,4.98,45.36,1.04,-9.79,3.09,-10.00
4,6,-1.00,-1.00,-1.00,-1.00,0.1494,3.5,2.44,2.54,45.24,1.73,7.27,-0.31,-10.00
4,6,-1.00,-1.00,-1.00,-1.00,0.1220,4.2,3.25,14.64,49.15,3.15,-50.02,-2.28,-10.00
4,6,-1.00,-1.00,-1.00,-1.00,0.1088,3.3,2.17,2.78,43.85,1.15,7.90,-0.55,-10.00
5,6,-1.00,-1.00,-1.00,-1.00,0.2577,4.1,2.89,11.78,18.21,-0.47,-37.96,-2.86,-10.00
5,6,-1.00,-1.00,-1.00,-1.00,0.1969,4.2,3.11,14.62,25.23,-0.91,-38.65,-2.83,-10.00
5,6,-1.00,-1.00,-1.00,-1.00,0.1212,4.1,3.06,15.38,18.09,-1.01,-42.86,1.99,-10.00
5,6,-1.00,-1.00,-1.00,-1.00,0.1013,4.2,3.01,15.48,11.61,1.47,-23.57,3.11,-10.00
6,6,-1.00,-1.00,-1.00,-1.00,0.1224,2.1,1.99,3.07,37.49,2.15,-14.99,0.21,-10.00
6,6,-1.00,-1.00,-1.00,-1.00,0.1065,4.0,2.88,15.27,-24.99,1.39,-12.32,2.90,-10.00
7,6,-1.00,-1.00,-1.00,-1.00,0.1402,4.2,3.06,14.44,36.65,0.83,-27.30,-0.02,-10.00
8,6,-1.00,-1.00,-1.00,-1.00,0.2142,4.1,2.84,7.61,43.44,1.34,-20.84,3.00,-10.00
8,6,-1.00,-1.00,-1.00,-1.00,0.2028,4.4,2.60,18.55,32.76,2.95,-2.46,-1.43,-10.00
8,6,-1.00,-1.00,-1.00,-1.00,0.1592,4.2,2.98,16.52,41.69,1.96,-24.96,1.46,-10.00
8,6,-1.00,-1.00,-1.00,-1.00,0.1089,4.3,2.68,19.01,30.84,2.64,-1.27,-1.64,-10.00
8,6,-1.00,-1.00,-1.00,-1.00,0.1054,4.1,2.82,11.92,27.57,2.48,2.43,2.97,-10.00
9,6,639.93,404.42,702.44,489.09,0.2301,2.9,1.64,2.57,-5.20,-0.12,45.63,1.70,-10.00
9,6,629.69,387.93,714.95,472.90,0.1283,2.8,1.93,2.72,-4.98,-0.70,44.11,1.91,-10.00
9,6,-1.00,-1.00,-1.00,-1.00,0.1009,4.1,2.98,13.76,53.22,-1.42,-26.04,-2.57,-10.00
11,6,-1.00,-1.00,-1.00,-1.00,0.2643,2.4,2.48,5.95,-7.85,1.56,-10.16,0.22,-10.00
11,6,-1.00,-1.00,-1.00,-1.00,0.1244,3.7,2.83,14.20,12.38,-3.19,-52.45,-1.31,-10.00
12,6,-1.00,-1.00,-1.00,-1.00,0.3333,2.5,2.58,6.53,-6.91,1.58,-13.00,0.16,-10.00
12,6,-1.00,-1.00,-1.00,-1.00,0.1287,3.2,2.24,5.28,17.69,-2.35,-46.76,1.69,-10.00
12,6,-1.00,-1.00,-1.00,-1.00,0.1267,4.1,3.14,15.61,15.30,-0.32,-35.90,1.27,-10.00
12,6,-1.00,-1.00,-1.00,-1.00,0.1235,3.4,2.72,11.66,16.91,-2.57,-52.36,1.71,-10.00
12,6,-1.00,-1.00,-1.00,-1.00,0.1089,2.7,2.71,12.93,-2.87,1.93,-48.24,-1.42,-10.00
12,6,-1.00,-1.00,-1.00,-1.00,0.1054,4.0,2.89,11.02,26.02,1.36,-20.40,-2.57,-10.00
12,6,-1.00,-1.00,-1.00,-1.00,0.1035,4.2,2.76,16.24,25.90,2.34,-3.11,-0.98,-10.00
13,6,-1.00,-1.00,-1.00,-1.00,0.3900,2.5,2.66,6.57,-6.81,1.91,-15.83,-3.00,-10.00
13,6,-1.00,-1.00,-1.00,-1.00,0.1791,4.2,3.20,13.31,51.71,-0.02,-5.83,-2.47,-10.00
13,6,-1.00,-1.00,-1.00,-1.00,0.1745,4.2,3.06,16.31,4.89,1.85,-41.79,1.71,-10.00
13,6,898.82,413.67,957.21,490.02,0.1496,2.8,2.10,3.16,4.26,-0.09,48.73,-1.52,-10.00
13,6,-1.00,-1.00,-1.00,-1.00,0.1438,4.0,2.86,10.46,46.06,0.45,-4.14,2.17,-10.00
13,6,-1.00,-1.00,-1.00,-1.00,0.1342,3.4,2.66,8.66,18.56,-1.89,-47.45,-1.45,-10.00
13,6,-1.00,-1.00,-1.00,-1.00,0.1309,4.3,2.67,17.64,19.62,2.27,-7.62,1.82,-10.00
13,6,-1.00,-1.00,-1.00,-1.00,0.1277,3.9,2.89,12.13,19.01,-2.40,-53.15,-1.40,-10.00
13,6,-1.00,-1.00,-1.00,-1.00,0.1036,2.2,1.68,3.24,15.30,1.66,-22.81,1.57,-10.00
14,6,-1.00,-1.00,-1.00,-1.00,0.1968,2.8,2.71,6.07,-5.64,2.44,-18.15,-2.98,-10.00
14,6,-1.00,-1.00,-1.00,-1.00,0.1925,4.3,3.14,14.75,-11.61,-0.54,-38.28,-1.36,-10.00
14,6,-1.00,-1.00,-1.00,-1.00,0.1781,4.0,2.74,13.44,43.30,3.30,19.32,2.20,-10.00
14,6,-1.00,-1.00,-1.00,-1.00,0.1722,3.7,2.88,15.10,26.23,2.15,17.21,2.15,-10.00
14,6,-1.00,-1.00,-1.00,-1.00,0.1401,4.1,2.85,11.76,21.09,1.98,-25.14,-1.00,-10.00
14,6,-1.00,-1.00,-1.00,-1.00,0.1206,3.9,2.95,11.01,43.27,1.64,-13.09,2.22,-10.00
14,6,287.78,362.72,445.08,504.82,0.1056,3.9,2.58,9.52,-14.08,0.38,40.49,1.46,-10.00
15,6,-1.00,-1.00,-1.00,-1.00,0.1649,3.9,3.10,8.09,41.75,0.95,-19.28,2.04,-10.00
15,6,844.77,387.17,1284.70,505.34,0.1188,3.9,2.92,15.12,8.70,0.43,45.03,3.06,-10.00
16,6,-1.00,-1.00,-1.00,-1.00,0.1255,2.4,2.36,5.81,-7.30,2.07,-23.46,0.11,-10.00
16,6,-1.00,-1.00,-1.00,-1.00,0.1165,4.0,2.74,12.47,37.98,2.17,0.37,2.88,-10.00
17,6,-1.00,-1.00,-1.00,-1.00,0.1335,3.9,2.68,13.55,24.75,1.65,-19.81,2.31,-10.00
17,6,0.00,423.61,328.69,547.65,0.1002,4.1,2.84,16.95,-25.86,1.84,44.14,-3.06,-10.00
18,6,-1.00,-1.00,-1.00,-1.00,0.2594,2.3,2.33,5.09,-13.19,1.99,-26.39,0.27,-10.00
18,6,0.00,323.66,149.64,505.20,0.1087,4.1,3.01,15.09,-22.74,0.34,36.81,1.28,-10.00
19,6,-1.00,-1.00,-1.00,-1.00,0.1206,3.7,2.87,9.08,38.05,-0.31,-40.11,1.29,-10.00
20,6,-1.00,-1.00,-1.00,-1.00,0.1300,4.1,3.22,13.82,-2.02,1.39,-48.11,-0.38,-10.00
21,6,-1.00,-1.00,-1.00,-1.00,0.1153,4.1,2.89,15.12,30.41,1.26,-39.14,-2.00,-10.00
22,6,1448.19,354.21,1600.00,511.80,0.1878,3.3,2.94,12.63,21.28,0.41,28.66,3.10,-10.00
22,6,920.50,349.08,1600.00,548.55,0.1740,4.2,2.99,16.62,10.79,1.19,28.79,-3.11,-10.00
22,6,-1.00,-1.00,-1.00,-1.00,0.1246,3.9,2.93,14.42,28.85,1.37,18.69,3.03,-10.00
22,6,982.26,333.33,1600.00,494.11,0.1014,4.1,2.97,16.72,13.38,0.04,36.67,0.33,-10.00
24,6,379.80,362.56,506.51,492.63,0.1100,4.2,2.86,14.34,-14.46,-0.09,50.34,1.42,-10.00
24,6,-1.00,-1.00,-1.00,-1.00,0.1096,3.5,2.55,15.38,18.79,1.94,-5.37,-1.49,-10.00
25,6,1536.51,89.04,1600.00,833.21,0.1196,4.3,2.87,17.59,16.14,2.11,16.10,1.50,-10.00
26,6,-1.00,-1.00,-1.00,-1.00,0.1942,4.4,2.69,19.12,16.41,2.58,11.44,-1.51,-10.00
26,6,-1.00,-1.00,-1.00,-1.00,0.1040,4.2,3.11,15.57,3.07,2.38,-45.18,3.08,-10.00
27,6,-1.00,-1.00,-1.00,-1.00,0.2368,2.9,2.01,3.35,-9.44,2.44,-51.56,1.67,-10.00
27,6,1330.73,307.41,1600.00,571.27,0.1339,4.0,2.94,14.88,16.48,1.30,22.13,2.92,-10.00
27,6,-1.00,-1.00,-1.00,-1.00,0.1141,3.9,2.87,14.77,25.80,1.59,-0.24,2.83,-10.00
27,6,-1.00,-1.00,-1.00,-1.00,0.1004,2.8,2.18,4.11,-8.98,2.43,-53.75,-1.52,-10.00
28,6,-1.00,-1.00,-1.00,-1.00,0.3540,4.2,3.05,15.97,23.00,2.47,17.54,-3.04,-10.00
28,6,-1.00,-1.00,-1.00,-1.00,0.1631,4.4,2.64,18.74,26.91,2.73,15.44,1.49,-10.00
28,6,-1.00,-1.00,-1.00,-1.00,0.1059,4.3,2.73,18.58,28.19,2.92,21.30,-1.54,-10.00
28,6,1267.55,280.36,1600.00,592.35,0.1020,3.7,2.96,14.75,13.89,1.29,17.79,2.95,-10.00
28,6,293.55,352.28,448.79,481.90,0.1013,4.1,2.76,13.44,-17.19,-0.56,50.11,1.46,-10.00
29,6,1408.93,183.21,1600.00,681.37,0.1202,4.1,3.00,15.03,13.79,1.66,14.12,2.82,-10.00
30,6,-1.00,-1.00,-1.00,-1.00,0.1595,3.0,2.82,10.95,30.18,1.14,17.45,2.85,-10.00
30,6,-1.00,-1.00,-1.00,-1.00,0.1226,3.8,2.94,14.91,22.94,1.88,4.50,2.97,-10.00
30,6,-1.00,-1.00,-1.00,-1.00,0.1184,3.8,2.96,15.41,23.55,1.73,2.28,-0.08,-10.00
30,6,-1.00,-1.00,-1.00,-1.00,0.1122,2.9,2.57,8.82,30.75,1.17,15.75,2.84,-10.00
30,6,-1.00,-1.00,-1.00,-1.00,0.1026,4.3,2.79,17.33,20.13,2.25,6.94,-1.57,-10.00
32,6,-1.00,-1.00,-1.00,-1.00,0.1275,4.1,2.92,15.69,19.79,1.95,-6.15,3.03,-10.00
32,6,-1.00,-1.00,-1.00,-1.00,0.1223,3.2,2.88,11.48,30.63,2.08,-4.35,3.04,-10.00
32,6,-1.00,-1.00,-1.00,-1.00,0.1022,3.9,2.81,16.08,28.49,2.36,-4.56,1.62,-10.00
33,6,-1.00,-1.00,-1.00,-1.00,0.1229,4.5,3.33,13.88,26.33,2.12,-8.60,-0.02,-10.00
33,6,998.87,313.56,1600.00,646.18,0.1227,4.2,3.01,15.93,10.74,1.93,18.32,-3.03,-10.00
33,6,1346.69,271.81,1600.00,699.11,0.1030,4.2,2.95,15.53,14.33,2.13,14.82,3.02,-10.00
34,6,64.51,357.01,409.31,511.56,0.4602,4.3,3.32,15.27,-19.25,0.61,41.09,0.65,-10.00
34,6,-1.00,-1.00,-1.00,-1.00,0.2976,4.2,3.29,16.44,16.75,2.44,-24.14,1.58,-10.00
34,6,-1.00,-1.00,-1.00,-1.00,0.1972,4.2,2.61,16.11,16.59,2.46,11.82,-1.78,-10.00
34,6,-1.00,-1.00,-1.00,-1.00,0.1634,4.1,2.67,16.08,20.46,2.39,6.66,-2.05,-10.00
34,6,-1.00,-1.00,-1.00,-1.00,0.1445,4.3,2.80,17.03,22.35,2.82,7.10,1.60,-10.00
34,6,1308.70,409.69,1600.00,597.24,0.1337,3.4,2.92,14.01,17.52,1.93,25.35,-3.04,-10.00
34,6,870.51,501.76,981.22,584.07,0.1231,2.5,1.80,2.98,3.45,2.83,39.97,0.72,-10.00
34,6,1128.72,420.33,1600.00,551.30,0.1051,4.3,3.02,16.48,19.59,2.02,44.65,-0.06,-10.00
35,6,0.00,359.56,145.36,491.46,0.4943,4.0,3.18,13.97,-29.25,-0.06,44.52,0.54,-10.00
35,6,-1.00,-1.00,-1.00,-1.00,0.1789,4.3,2.88,17.96,22.15,2.63,3.70,1.51,-10.00
35,6,911.85,504.37,1063.62,606.40,0.1541,2.8,1.96,3.85,4.93,3.17,36.48,0.57,-10.00
35,6,-1.00,-1.00,-1.00,-1.00,0.1507,4.3,2.76,16.66,17.43,2.08,3.86,-1.91,-10.00
35,6,-1.00,-1.00,-1.00,-1.00,0.1342,3.8,2.96,14.98,22.38,2.05,9.03,3.06,-10.00
35,6,-1.00,-1.00,-1.00,-1.00,0.1318,4.2,2.78,17.24,20.05,2.43,5.21,1.48,-10.00
35,6,-1.00,-1.00,-1.00,-1.00,0.1142,4.1,2.89,14.38,26.44,2.01,11.72,2.92,-10.00
35,6,-1.00,-1.00,-1.00,-1.00,0.1137,4.1,2.97,15.76,13.65,1.75,-6.82,3.06,-10.00
35,6,-1.00,-1.00,-1.00,-1.00,0.1126,4.3,2.77,17.85,15.30,2.22,4.69,-1.75,-10.00
35,6,-1.00,-1.00,-1.00,-1.00,0.1107,4.1,2.90,15.77,15.18,1.70,-2.57,-2.98,-10.00
35,6,1256.81,490.08,1367.71,573.32,0.1107,2.0,1.78,3.33,12.53,1.98,31.91,-0.93,-10.00
36,6,-1.00,-1.00,-1.00,-1.00,0.2081,4.4,2.74,17.67,16.49,2.22,3.88,-1.68,-10.00
36,6,-1.00,-1.00,-1.00,-1.00,0.1694,3.7,2.80,13.74,-17.06,-1.56,-43.21,-1.61,-10.00
36,6,0.00,338.16,347.33,524.42,0.1686,4.2,3.16,15.14,-18.73,0.80,33.94,-2.56,-10.00
36,6,-1.00,-1.00,-1.00,-1.00,0.1445,3.9,3.02,14.31,13.78,0.08,-51.28,-3.00,-10.00
36,6,-1.00,-1.00,-1.00,-1.00,0.1386,4.2,2.88,16.01,15.93,2.74,-34.18,-1.72,-10.00
36,6,-1.00,-1.00,-1.00,-1.00,0.1240,3.3,2.87,13.56,20.17,1.98,-9.86,-3.13,-10.00
36,6,1326.55,415.15,1600.00,606.71,0.1216,4.2,2.99,15.45,20.96,2.53,30.99,-2.90,-10.00
36,6,-1.00,-1.00,-1.00,-1.00,0.1188,4.1,2.93,15.42,15.63,1.85,-7.68,-3.02,-10.00
36,6,-1.00,-1.00,-1.00,-1.00,0.1180,4.5,2.85,18.83,15.24,2.12,0.12,1.46,-10.00
36,6,-1.00,-1.00,-1.00,-1.00,0.1176,4.0,3.04,15.04,12.99,0.91,-49.11,3.04,-10.00
36,6,-1.00,-1.00,-1.00,-1.00,0.1102,4.3,2.67,17.46,19.19,1.48,-5.20,1.55,-10.00
36,6,-1.00,-1.00,-1.00,-1.00,0.1082,4.3,2.98,17.17,25.36,1.99,21.39,1.78,-10.00
36,6,0.00,376.15,84.51,518.55,0.1069,4.1,3.19,16.04,-30.32,0.84,41.95,0.55,-10.00
36,6,-1.00,-1.00,-1.00,-1.00,0.1022,4.2,2.77,16.04,21.36,2.45,3.08,-1.83,-10.00
37,6,-1.00,-1.00,-1.00,-1.00,0.2055,4.2,2.67,14.69,26.82,3.72,27.76,2.25,-10.00
37,6,-1.00,-1.00,-1.00,-1.00,0.1828,3.9,2.95,14.45,14.23,1.89,-12.76,-2.91,-10.00
37,6,-1.00,-1.00,-1.00,-1.00,0.1607,3.0,2.81,13.75,18.04,2.19,15.03,0.10,-10.00
37,6,-1.00,-1.00,-1.00,-1.00,0.1507,3.9,3.06,14.23,21.40,2.41,-14.75,3.14,-10.00
37,6,1414.20,413.69,1600.00,648.47,0.1437,3.8,2.91,14.08,16.29,2.67,26.67,2.29,-10.00
37,6,-1.00,-1.00,-1.00,-1.00,0.1246,4.3,2.82,17.08,24.97,3.23,30.51,-1.43,-10.00
37,6,-1.00,-1.00,-1.00,-1.00,0.1191,3.9,2.70,14.87,26.10,3.51,30.04,2.67,-10.00
37,6,-1.00,-1.00,-1.00,-1.00,0.1046,4.0,2.87,14.38,26.09,3.43,26.64,2.92,-10.00
37,6,-1.00,-1.00,-1.00,-1.00,0.1043,4.3,2.90,17.24,17.27,1.55,-18.66,1.60,-10.00
39,6,-1.00,-1.00,-1.00,-1.00,0.2077,4.4,2.67,17.91,32.80,3.12,12.42,-1.66,-10.00
39,6,-1.00,-1.00,-1.00,-1.00,0.1459,4.2,2.80,17.59,18.45,1.39,-11.29,1.47,-10.00
39,6,-1.00,-1.00,-1.00,-1.00,0.1398,4.0,2.87,14.80,20.85,1.60,-9.09,3.04,-10.00
39,6,-1.00,-1.00,-1.00,-1.00,0.1157,4.1,2.96,14.73,-13.21,2.57,-47.48,1.63,-10.00
39,6,-1.00,-1.00,-1.00,-1.00,0.1142,4.3,2.77,17.41,30.56,3.28,13.52,-1.62,-10.00
39,6,554.36,347.40,684.91,523.28,0.1141,4.2,3.07,15.96,-5.77,0.90,38.44,1.44,-10.00
39,6,138.19,304.54,413.02,512.11,0.1078,4.2,3.04,15.40,-14.58,0.51,32.82,-2.21,-10.00
40,6,-1.00,-1.00,-1.00,-1.00,0.1244,3.7,2.88,14.89,18.17,1.75,-11.92,-0.09,-10.00
40,6,-1.00,-1.00,-1.00,-1.00,0.1152,4.1,2.95,16.44,8.47,2.14,-32.02,1.51,-10.00
40,6,1005.30,455.93,1217.94,637.49,0.1035,4.1,3.05,15.57,7.90,3.46,36.70,-1.54,-10.00
