0,6,-1.00,-1.00,-1.00,-1.00,0.1921,4.1,2.99,15.14,-35.20,1.93,14.32,0.01,-10.00
0,6,280.48,387.35,434.57,538.70,0.1850,4.0,2.73,8.88,-14.40,2.05,37.97,1.03,-10.00
0,6,1102.37,423.31,1184.91,506.90,0.1741,2.8,1.91,3.35,11.35,1.28,45.07,1.52,-10.00
0,6,-1.00,-1.00,-1.00,-1.00,0.1707,2.7,2.69,6.52,-6.72,0.87,-28.48,1.58,-10.00
0,6,1441.86,307.81,1600.00,613.38,0.1433,2.9,2.86,6.48,10.15,1.54,15.31,2.32,-10.00
0,6,-1.00,-1.00,-1.00,-1.00,0.1414,4.1,3.01,15.45,-35.14,2.15,12.01,0.10,-10.00
0,6,1093.48,426.89,1179.33,518.52,0.1283,3.2,2.23,4.49,11.66,1.79,47.49,-1.53,-10.00
0,6,-1.00,-1.00,-1.00,-1.00,0.1166,4.4,2.81,17.95,20.35,1.51,-8.66,-1.58,-10.00
0,6,331.62,391.65,475.38,535.53,0.1022,3.7,2.59,6.39,-11.95,1.86,35.96,1.46,-10.00
1,6,-1.00,-1.00,-1.00,-1.00,0.4913,4.1,2.93,12.75,15.04,2.01,15.61,2.66,-10.00
1,6,327.65,387.49,776.59,547.40,0.3721,4.0,2.81,11.16,-7.03,1.99,33.27,-0.14,-10.00
1,6,-1.00,-1.00,-1.00,-1.00,0.1634,3.0,2.46,5.18,12.90,1.28,4.68,0.44,-10.00
1,6,1525.33,155.08,1600.00,597.39,0.1090,4.1,2.96,16.16,16.44,1.21,13.43,-0.01,-10.00
1,6,254.48,364.19,910.91,544.64,0.1088,4.2,3.00,15.70,-5.84,1.80,31.46,0.02,-10.00
1,6,-1.00,-1.00,-1.00,-1.00,0.1027,4.1,2.96,13.91,42.66,0.67,49.10,2.90,-10.00
2,6,-1.00,-1.00,-1.00,-1.00,0.1585,4.3,3.28,14.58,-43.41,2.95,50.50,-0.21,-10.00
2,6,0.00,404.86,134.99,526.25,0.1461,4.3,3.33,15.37,-36.93,2.24,50.63,2.53,-10.00
2,6,-1.00,-1.00,-1.00,-1.00,0.1307,4.4,2.75,17.50,18.94,0.77,-25.07,-1.60,-10.00
2,6,-1.00,-1.00,-1.00,-1.00,0.1294,3.0,2.52,5.36,12.94,1.01,1.86,0.47,-10.00
2,6,0.00,407.14,159.38,527.07,0.1094,4.4,3.23,15.30,-37.17,2.40,53.49,-0.92,-10.00
2,6,-1.00,-1.00,-1.00,-1.00,0.1043,4.3,3.07,16.06,50.50,0.22,44.34,-0.03,-10.00
3,6,-1.00,-1.00,-1.00,-1.00,0.3304,4.3,3.22,17.15,-47.26,4.17,46.06,-0.21,-10.00
3,6,-1.00,-1.00,-1.00,-1.00,0.1555,2.4,2.50,6.15,-33.18,0.48,-24.90,0.12,-10.00
3,6,-1.00,-1.00,-1.00,-1.00,0.1479,4.3,3.31,15.09,12.95,0.90,-41.19,-3.06,-10.00
3,6,0.00,419.07,163.51,538.33,0.1237,4.3,3.27,15.37,-35.37,2.67,50.21,-0.52,-10.00
3,6,-1.00,-1.00,-1.00,-1.00,0.1105,4.4,2.83,17.60,17.88,1.99,-4.36,-1.78,-10.00
4,6,-1.00,-1.00,-1.00,-1.00,0.4885,4.3,3.19,16.49,-44.35,4.78,44.14,-0.43,-10.00
4,6,1516.78,411.85,1600.00,551.33,0.2675,4.3,3.10,13.72,29.68,2.70,43.08,2.67,-10.00
5,6,-1.00,-1.00,-1.00,-1.00,0.2327,4.4,3.26,15.27,-46.85,3.08,39.62,-0.24,-10.00
5,6,88.59,452.40,352.57,581.56,0.1361,2.6,2.76,6.89,-13.75,2.46,29.18,-1.57,-10.00
5,6,-1.00,-1.00,-1.00,-1.00,0.1137,4.0,3.01,15.99,18.78,-0.06,-31.23,-0.07,-10.00
5,6,0.00,424.00,395.34,520.36,0.1040,3.6,2.91,14.66,-24.84,1.90,49.19,3.05,-10.00
6,6,-1.00,-1.00,-1.00,-1.00,0.3967,4.0,2.99,14.82,-44.70,2.55,37.20,-0.36,-10.00
6,6,-1.00,-1.00,-1.00,-1.00,0.1787,4.0,3.10,15.86,-34.73,0.91,-10.51,3.08,-10.00
6,6,1030.62,374.88,1223.74,514.13,0.1028,4.0,3.33,15.56,10.69,1.49,47.10,1.56,-10.00
7,6,0.00,445.89,6.85,561.30,0.3208,4.3,3.20,15.49,-41.40,3.51,49.64,-0.02,-10.00
7,6,0.00,300.41,308.39,588.55,0.3161,4.1,2.96,14.69,-14.56,2.08,25.30,1.51,-10.00
7,6,-1.00,-1.00,-1.00,-1.00,0.2193,4.4,3.40,13.85,-46.45,3.13,33.26,-0.15,-10.00
7,6,125.43,398.86,350.06,519.05,0.1346,3.7,2.86,12.98,-21.75,1.75,47.54,1.53,-10.00
7,6,1485.97,389.06,1600.00,513.26,0.1302,4.1,2.92,13.67,31.23,1.46,44.80,3.13,-10.00
8,6,-1.00,-1.00,-1.00,-1.00,0.2130,4.4,3.03,15.01,-43.44,2.64,30.58,2.85,-10.00
8,6,1550.94,380.83,1600.00,511.23,0.1735,4.1,2.88,12.57,31.22,1.31,41.95,3.05,-10.00
8,6,-1.00,-1.00,-1.00,-1.00,0.1689,3.3,2.76,9.89,-6.97,1.69,-53.82,1.59,-10.00
8,6,0.00,240.27,206.49,600.16,0.1362,4.2,2.99,15.41,-14.81,1.93,22.36,1.36,-10.00
8,6,-1.00,-1.00,-1.00,-1.00,0.1312,3.7,2.85,6.99,24.15,0.80,29.93,-1.93,-10.00
8,6,-1.00,-1.00,-1.00,-1.00,0.1299,4.1,3.60,14.51,15.69,0.76,-25.12,1.63,-10.00
8,6,0.00,408.90,20.90,530.35,0.1295,4.2,3.09,14.48,-38.18,2.15,46.17,3.07,-10.00
8,6,-1.00,-1.00,-1.00,-1.00,0.1238,4.1,2.97,16.97,-41.66,2.64,34.70,-0.14,-10.00
8,6,1483.73,370.04,1600.00,496.55,0.1199,4.3,3.07,14.97,31.83,0.86,45.20,3.05,-10.00
8,6,-1.00,-1.00,-1.00,-1.00,0.1126,3.7,2.88,11.15,27.56,-1.79,-28.40,3.12,-10.00
8,6,-1.00,-1.00,-1.00,-1.00,0.1116,4.3,3.26,15.98,-50.09,3.32,48.07,-3.07,-10.00
8,6,1315.34,378.51,1545.88,492.61,0.1086,3.7,2.86,11.80,24.40,0.71,51.72,-1.66,-10.00
8,6,-1.00,-1.00,-1.00,-1.00,0.1072,3.4,2.80,10.15,25.00,-2.73,-31.19,1.48,-10.00
9,6,-1.00,-1.00,-1.00,-1.00,0.2963,4.2,3.07,15.19,-29.46,-1.78,-44.54,-1.22,-10.00
9,6,-1.00,-1.00,-1.00,-1.00,0.2532,3.2,2.03,3.59,46.30,1.26,-5.58,-0.09,-10.00
9,6,-1.00,-1.00,-1.00,-1.00,0.2374,4.2,3.01,16.03,23.55,-0.03,-22.73,-3.07,-10.00
9,6,-1.00,-1.00,-1.00,-1.00,0.2105,3.5,2.97,15.74,21.95,-3.59,-39.00,3.04,-10.00
9,6,-1.00,-1.00,-1.00,-1.00,0.1986,3.1,2.20,2.12,43.89,0.98,-5.44,0.07,-10.00
9,6,-1.00,-1.00,-1.00,-1.00,0.1771,4.3,3.29,16.60,-44.27,3.32,26.34,-0.37,-10.00
9,6,-1.00,-1.00,-1.00,-1.00,0.1610,4.3,3.06,16.71,22.94,0.05,-20.69,3.10,-10.00
9,6,-1.00,-1.00,-1.00,-1.00,0.1606,4.4,2.82,18.78,36.84,-0.16,-26.48,1.51,-10.00
9,6,-1.00,-1.00,-1.00,-1.00,0.1601,4.1,2.74,17.18,-35.90,-0.41,-40.41,-3.03,-10.00
9,6,-1.00,-1.00,-1.00,-1.00,0.1521,4.1,3.05,15.54,-49.40,2.50,-14.84,-0.07,-10.00
9,6,-1.00,-1.00,-1.00,-1.00,0.1490,3.0,1.87,3.47,5.72,0.80,-48.76,1.57,-10.00
9,6,-1.00,-1.00,-1.00,-1.00,0.1440,4.1,2.96,15.78,-31.19,2.61,-12.16,-3.13,-10.00
9,6,-1.00,-1.00,-1.00,-1.00,0.1379,4.4,3.02,15.94,21.22,-0.83,-24.70,-3.11,-10.00
9,6,-1.00,-1.00,-1.00,-1.00,0.1373,4.0,3.61,15.99,15.36,-0.95,-35.64,-1.53,-10.00
9,6,-1.00,-1.00,-1.00,-1.00,0.1130,4.2,2.97,14.29,32.16,1.37,25.39,3.13,-10.00
9,6,-1.00,-1.00,-1.00,-1.00,0.1020,4.4,3.18,15.93,33.01,-0.74,-25.92,-3.13,-10.00
10,6,-1.00,-1.00,-1.00,-1.00,0.3659,4.2,3.03,15.87,22.11,-1.18,-28.71,3.12,-10.00
10,6,-1.00,-1.00,-1.00,-1.00,0.1934,4.0,2.93,13.67,-25.65,0.35,-22.01,-3.04,-10.00
10,6,100.81,324.52,431.03,566.48,0.1395,4.0,2.78,10.33,-10.79,1.85,25.68,-1.64,-10.00
10,6,-1.00,-1.00,-1.00,-1.00,0.1369,4.2,3.01,14.94,44.95,-4.50,-44.88,0.02,-10.00
10,6,-1.00,-1.00,-1.00,-1.00,0.1339,4.2,3.09,15.94,22.42,-0.08,-26.70,3.03,-10.00
10,6,1488.02,369.14,1600.00,489.28,0.1221,3.9,3.06,14.23,31.77,0.57,44.99,-3.13,-10.00
10,6,-1.00,-1.00,-1.00,-1.00,0.1063,4.1,2.91,15.74,-26.08,0.68,-24.20,-3.14,-10.00
11,6,-1.00,-1.00,-1.00,-1.00,0.3260,4.0,2.95,14.57,-27.79,0.96,-24.26,-3.06,-10.00
11,6,1196.36,395.67,1558.09,510.02,0.1870,4.2,3.09,14.48,22.03,1.54,49.99,2.86,-10.00
11,6,-1.00,-1.00,-1.00,-1.00,0.1718,4.1,3.13,14.26,22.61,-3.05,-43.66,3.08,-10.00
11,6,-1.00,-1.00,-1.00,-1.00,0.1519,4.1,3.34,14.87,-29.33,-1.18,-47.17,1.93,-10.00
11,6,0.00,239.77,387.95,602.31,0.1213,4.0,2.84,12.34,-10.29,1.80,20.17,-1.63,-10.00
11,6,-1.00,-1.00,-1.00,-1.00,0.1080,4.3,2.91,17.58,35.32,-0.97,-33.68,-1.61,-10.00
11,6,1235.82,370.59,1600.00,493.94,0.1076,4.2,3.06,16.53,24.45,0.77,47.71,0.05,-10.00
11,6,1307.67,387.89,1402.10,517.32,0.1001,4.4,3.01,13.88,21.51,1.84,51.59,1.94,-10.00
12,6,1304.60,393.40,1600.00,514.82,0.2675,4.1,2.88,14.21,25.25,1.55,45.89,0.02,-10.00
12,6,-1.00,-1.00,-1.00,-1.00,0.2587,4.3,3.11,16.41,35.13,-2.96,-41.29,-3.10,-10.00
12,6,1172.53,362.73,1600.00,526.36,0.2201,4.1,2.93,14.66,17.14,1.45,33.93,-0.02,-10.00
12,6,-1.00,-1.00,-1.00,-1.00,0.1706,3.8,3.09,13.24,12.90,-4.31,-41.12,1.68,-10.00
12,6,-1.00,-1.00,-1.00,-1.00,0.1646,4.1,2.96,16.17,30.06,-1.02,-44.43,3.12,-10.00
12,6,-1.00,-1.00,-1.00,-1.00,0.1415,4.3,2.81,14.99,-16.66,1.40,-30.21,1.68,-10.00
12,6,-1.00,-1.00,-1.00,-1.00,0.1314,3.9,3.04,14.53,-24.61,0.27,-34.63,1.95,-10.00
12,6,1264.91,405.65,1437.28,506.23,0.1302,3.3,2.74,10.45,20.57,1.30,50.02,-1.54,-10.00
12,6,-1.00,-1.00,-1.00,-1.00,0.1205,2.9,2.89,11.71,-23.47,0.95,-48.76,1.46,-10.00
12,6,-1.00,-1.00,-1.00,-1.00,0.1186,4.4,2.94,14.53,35.26,1.34,-8.13,-1.92,-10.00
12,6,-1.00,-1.00,-1.00,-1.00,0.1123,4.4,3.32,14.60,29.18,0.98,-26.50,-3.14,-10.00
12,6,591.62,284.88,798.79,552.67,0.1120,4.3,3.28,17.62,-2.31,1.79,28.89,1.55,-10.00
12,6,0.00,88.97,266.71,699.34,0.1106,4.0,2.88,10.32,-9.62,1.76,13.42,1.54,-10.00
12,6,1337.64,353.47,1600.00,484.82,0.1045,4.2,2.98,15.50,26.30,0.39,43.89,-0.01,-10.00
12,6,-1.00,-1.00,-1.00,-1.00,0.1036,4.1,3.13,15.21,34.12,-2.31,-38.55,-1.57,-10.00
13,6,-1.00,-1.00,-1.00,-1.00,0.2206,4.0,3.02,10.02,46.11,-0.86,-51.37,-2.44,-10.00
13,6,-1.00,-1.00,-1.00,-1.00,0.1878,4.0,2.76,9.21,-9.37,1.67,5.86,1.55,-10.00
13,6,58.29,453.04,277.38,567.51,0.1564,2.1,2.09,4.29,-13.24,1.93,25.54,1.60,-10.00
13,6,0.00,398.49,83.25,616.86,0.1512,2.9,2.67,8.06,-15.63,1.99,18.12,3.11,-10.00
13,6,-1.00,-1.00,-1.00,-1.00,0.1422,4.0,2.92,12.36,49.15,-0.16,-47.23,2.47,-10.00
13,6,1068.67,433.44,1199.89,535.06,0.1299,2.7,2.16,4.74,8.61,1.83,35.55,-1.65,-10.00
13,6,-1.00,-1.00,-1.00,-1.00,0.1124,3.6,3.33,13.31,1.77,0.78,-49.20,1.68,-10.00
13,6,57.90,356.62,414.08,504.77,0.1048,4.0,2.75,11.95,-19.25,1.02,42.34,1.99,-10.00
14,6,-1.00,-1.00,-1.00,-1.00,0.3067,4.2,3.41,14.25,42.07,1.12,45.95,-2.69,-10.00
14,6,1338.06,375.02,1600.00,507.58,0.2711,4.2,2.94,13.09,25.87,1.23,45.64,0.31,-10.00
14,6,-1.00,-1.00,-1.00,-1.00,0.2657,3.9,2.71,7.65,-9.45,1.72,0.61,1.58,-10.00
14,6,-1.00,-1.00,-1.00,-1.00,0.1573,4.2,2.89,14.71,20.96,-3.70,-46.40,-3.12,-10.00
14,6,1281.42,306.95,1600.00,529.48,0.1432,4.2,2.97,15.66,17.75,1.14,25.67,3.14,-10.00
14,6,-1.00,-1.00,-1.00,-1.00,0.1301,4.3,3.15,16.21,30.83,-2.88,-46.19,-3.14,-10.00
14,6,-1.00,-1.00,-1.00,-1.00,0.1232,3.2,2.65,8.03,23.85,0.58,-35.62,1.56,-10.00
14,6,-1.00,-1.00,-1.00,-1.00,0.1189,4.2,3.22,14.39,42.63,1.05,49.41,-2.75,-10.00
14,6,-1.00,-1.00,-1.00,-1.00,0.1180,4.5,3.38,16.01,48.86,-4.08,-43.98,-1.61,-10.00
14,6,-1.00,-1.00,-1.00,-1.00,0.1177,4.3,3.07,15.09,47.64,0.54,46.64,3.09,-10.00
14,6,-1.00,-1.00,-1.00,-1.00,0.1175,4.2,2.91,14.13,28.82,0.69,1.15,0.06,-10.00
14,6,-1.00,-1.00,-1.00,-1.00,0.1128,3.3,3.12,9.49,1.35,0.68,-49.06,-1.47,-10.00
14,6,-1.00,-1.00,-1.00,-1.00,0.1100,4.2,3.03,13.36,42.83,1.11,51.20,-1.31,-10.00
14,6,-1.00,-1.00,-1.00,-1.00,0.1089,4.5,2.83,18.15,31.79,0.97,-17.87,-1.61,-10.00
14,6,-1.00,-1.00,-1.00,-1.00,0.1042,3.6,2.97,12.35,36.60,0.84,32.68,1.63,-10.00
14,6,-1.00,-1.00,-1.00,-1.00,0.1028,3.8,3.00,16.23,-33.28,1.95,36.61,0.01,-10.00
15,6,-1.00,-1.00,-1.00,-1.00,0.2442,4.0,2.97,11.80,44.28,0.69,46.33,2.09,-10.00
15,6,-1.00,-1.00,-1.00,-1.00,0.1890,4.2,3.28,15.09,-36.19,2.19,10.51,-0.39,-10.00
15,6,-1.00,-1.00,-1.00,-1.00,0.1772,4.4,2.71,17.98,29.42,0.85,-23.26,-1.54,-10.00
15,6,-1.00,-1.00,-1.00,-1.00,0.1518,4.1,2.82,10.10,-9.57,1.41,-6.00,1.61,-10.00
15,6,0.00,362.08,169.35,685.16,0.1511,2.7,2.99,11.31,-13.18,2.14,16.42,-1.55,-10.00
15,6,1262.26,336.34,1600.00,528.61,0.1371,4.2,3.03,16.12,19.40,1.35,30.75,0.07,-10.00
15,6,-1.00,-1.00,-1.00,-1.00,0.1354,4.1,3.08,16.36,-44.58,3.05,24.60,0.02,-10.00
15,6,-1.00,-1.00,-1.00,-1.00,0.1202,4.3,3.25,16.18,22.54,-2.36,-48.14,-3.09,-10.00
15,6,-1.00,-1.00,-1.00,-1.00,0.1098,4.1,3.00,15.22,12.90,0.66,-43.04,-3.09,-10.00
16,6,-1.00,-1.00,-1.00,-1.00,0.5408,4.2,3.21,13.41,-43.95,2.69,21.56,0.02,-10.00
16,6,-1.00,-1.00,-1.00,-1.00,0.4236,4.2,2.95,14.91,29.60,0.84,-9.42,1.01,-10.00
16,6,-1.00,-1.00,-1.00,-1.00,0.3454,4.3,3.06,13.46,30.63,0.69,-7.00,0.28,-10.00
16,6,-1.00,-1.00,-1.00,-1.00,0.2190,4.2,3.12,16.70,-41.35,1.85,6.22,-0.14,-10.00
16,6,-1.00,-1.00,-1.00,-1.00,0.1394,4.2,3.02,14.05,37.83,1.03,52.55,2.00,-10.00
16,6,-1.00,-1.00,-1.00,-1.00,0.1375,4.1,2.99,14.68,-9.60,1.62,-16.18,1.61,-10.00
16,6,-1.00,-1.00,-1.00,-1.00,0.1351,4.4,2.93,16.88,27.02,0.94,-10.49,1.37,-10.00
16,6,-1.00,-1.00,-1.00,-1.00,0.1245,4.2,3.21,13.42,39.82,0.93,49.64,0.28,-10.00
16,6,-1.00,-1.00,-1.00,-1.00,0.1234,4.0,2.83,14.27,26.71,1.74,-38.71,-1.84,-10.00
16,6,-1.00,-1.00,-1.00,-1.00,0.1205,4.4,2.86,17.57,30.11,1.16,-25.78,1.61,-10.00
16,6,175.31,365.21,529.35,521.99,0.1110,3.3,3.13,15.46,-12.56,1.38,36.04,1.66,-10.00
16,6,1133.99,387.71,1219.07,507.86,0.1102,4.0,2.86,13.07,14.37,1.40,51.48,1.84,-10.00
16,6,-1.00,-1.00,-1.00,-1.00,0.1053,4.2,3.21,13.89,26.43,0.46,-51.57,-3.09,-10.00
17,6,-1.00,-1.00,-1.00,-1.00,0.5215,4.1,3.03,14.43,29.36,0.63,-13.15,0.96,-10.00
17,6,-1.00,-1.00,-1.00,-1.00,0.3731,4.3,3.24,15.87,-47.14,1.81,1.92,-0.10,-10.00
17,6,-1.00,-1.00,-1.00,-1.00,0.2260,4.1,2.90,13.58,-12.26,1.20,-21.93,1.63,-10.00
17,6,-1.00,-1.00,-1.00,-1.00,0.2094,4.1,2.96,12.90,-34.00,0.13,4.23,-0.54,-10.00
17,6,-1.00,-1.00,-1.00,-1.00,0.1514,4.2,2.81,13.34,30.92,0.63,-12.00,-2.29,-10.00
17,6,-1.00,-1.00,-1.00,-1.00,0.1475,4.1,3.07,16.19,-35.23,1.64,18.16,0.08,-10.00
17,6,1501.84,361.39,1600.00,499.60,0.1437,3.5,2.78,13.67,27.16,0.73,35.90,-3.06,-10.00
17,6,1530.77,220.70,1600.00,590.65,0.1192,3.9,2.96,15.80,17.48,1.34,15.29,0.03,-10.00
17,6,-1.00,-1.00,-1.00,-1.00,0.1058,4.1,3.06,13.97,-39.58,2.20,2.78,-0.45,-10.00
17,6,-1.00,-1.00,-1.00,-1.00,0.1007,4.1,2.98,13.26,-44.91,1.36,-37.62,0.13,-10.00
18,6,-1.00,-1.00,-1.00,-1.00,0.1782,4.1,2.95,12.60,-35.42,1.03,0.68,-0.44,-10.00
18,6,-1.00,-1.00,-1.00,-1.00,0.1524,4.4,2.88,17.27,27.24,0.75,-30.20,1.54,-10.00
18,6,-1.00,-1.00,-1.00,-1.00,0.1263,4.4,2.81,17.79,29.36,0.45,-30.73,1.72,-10.00
18,6,-1.00,-1.00,-1.00,-1.00,0.1216,3.4,2.93,11.16,24.04,0.18,-52.58,1.57,-10.00
18,6,-1.00,-1.00,-1.00,-1.00,0.1125,4.2,3.10,15.65,26.96,0.73,24.75,-3.13,-10.00
18,6,-1.00,-1.00,-1.00,-1.00,0.1103,4.2,3.00,16.41,17.45,1.50,12.65,-3.13,-10.00
18,6,-1.00,-1.00,-1.00,-1.00,0.1100,4.2,3.03,16.07,24.90,0.81,-33.41,-3.12,-10.00
18,6,-1.00,-1.00,-1.00,-1.00,0.1069,4.0,3.10,14.22,31.90,0.69,-45.26,2.93,-10.00
19,6,-1.00,-1.00,-1.00,-1.00,0.5126,3.9,2.89,12.63,-34.56,0.93,-1.60,-0.39,-10.00
19,6,-1.00,-1.00,-1.00,-1.00,0.4326,4.0,2.93,13.37,-34.82,1.42,1.13,0.33,-10.00
19,6,-1.00,-1.00,-1.00,-1.00,0.2273,3.8,3.13,14.02,22.09,0.60,-50.56,-0.15,-10.00
19,6,-1.00,-1.00,-1.00,-1.00,0.1484,3.4,3.01,15.93,-41.06,2.74,19.47,0.07,-10.00
19,6,-1.00,-1.00,-1.00,-1.00,0.1469,3.0,2.85,7.90,-25.73,1.55,13.64,-3.09,-10.00
19,6,753.82,429.61,811.27,512.43,0.1359,3.1,2.13,2.46,-1.70,1.63,49.11,1.58,-10.00
19,6,1080.56,378.32,1246.87,506.48,0.1297,3.5,2.84,12.59,11.50,1.12,44.32,-1.54,-10.00
19,6,-1.00,-1.00,-1.00,-1.00,0.1036,4.2,2.99,16.03,33.62,1.22,-34.08,-1.75,-10.00
20,6,1138.50,419.59,1203.59,507.57,0.4279,3.2,2.00,1.12,12.85,1.37,46.78,2.23,-10.00
20,6,1139.24,417.46,1203.84,507.64,0.3747,3.3,2.04,1.06,13.07,1.40,47.50,2.22,-10.00
20,6,-1.00,-1.00,-1.00,-1.00,0.2784,3.9,2.98,12.70,41.72,1.42,34.43,2.15,-10.00
20,6,-1.00,-1.00,-1.00,-1.00,0.2671,2.8,2.74,8.38,-26.54,1.93,10.48,-3.12,-10.00
20,6,1369.66,392.75,1600.00,510.07,0.1696,4.2,3.15,15.50,29.67,1.46,48.89,3.13,-10.00
20,6,-1.00,-1.00,-1.00,-1.00,0.1353,2.3,2.09,4.42,-14.11,0.69,-22.11,-1.57,-10.00
20,6,1189.21,421.16,1265.09,514.74,0.1110,3.3,2.05,1.62,14.82,1.63,46.40,-0.70,-10.00
20,6,1159.20,415.89,1233.19,505.67,0.1106,3.0,2.07,3.72,13.20,1.22,44.94,1.75,-10.00
20,6,-1.00,-1.00,-1.00,-1.00,0.1076,4.0,3.05,16.32,-41.32,2.06,9.05,-0.07,-10.00
20,6,1146.41,431.35,1219.40,514.08,0.1023,3.0,2.25,2.22,13.81,1.67,48.51,0.49,-10.00
21,6,1157.75,433.88,1216.12,512.77,0.3672,2.7,1.73,0.98,12.90,1.51,44.86,2.15,-10.00
21,6,1158.14,433.85,1220.08,514.95,0.3017,2.9,1.81,1.49,13.20,1.62,45.67,1.62,-10.00
21,6,1162.68,428.30,1225.19,515.22,0.2807,2.9,1.84,0.97,12.89,1.57,43.96,2.13,-10.00
21,6,1186.58,422.92,1253.46,515.41,0.2800,3.1,2.19,1.89,14.02,1.59,44.59,0.45,-10.00
21,6,-1.00,-1.00,-1.00,-1.00,0.2272,4.4,2.92,17.34,25.17,0.14,-15.71,-1.62,-10.00
21,6,-1.00,-1.00,-1.00,-1.00,0.1945,3.5,3.01,14.31,27.98,0.03,-9.89,-3.11,-10.00
21,6,-1.00,-1.00,-1.00,-1.00,0.1779,4.0,2.99,14.00,-34.99,1.04,-3.99,0.35,-10.00
21,6,709.07,395.05,843.39,520.21,0.1697,3.9,2.78,11.71,-1.58,1.77,46.49,1.72,-10.00
21,6,-1.00,-1.00,-1.00,-1.00,0.1575,3.9,3.05,13.27,-50.97,-0.03,-50.34,0.02,-10.00
21,6,-1.00,-1.00,-1.00,-1.00,0.1493,4.4,2.80,17.36,24.36,0.74,-39.99,-1.68,-10.00
21,6,-1.00,-1.00,-1.00,-1.00,0.1485,1.8,1.98,3.29,-5.86,0.93,-17.45,-1.62,-10.00
21,6,-1.00,-1.00,-1.00,-1.00,0.1399,4.0,3.04,13.14,42.44,0.99,30.84,2.11,-10.00
21,6,-1.00,-1.00,-1.00,-1.00,0.1397,3.3,2.98,14.51,28.40,0.72,-42.96,-0.02,-10.00
21,6,-1.00,-1.00,-1.00,-1.00,0.1377,4.2,2.95,14.58,32.27,0.18,-39.97,-1.61,-10.00
21,6,-1.00,-1.00,-1.00,-1.00,0.1361,1.9,1.92,3.73,-5.85,1.09,-20.56,-1.57,-10.00
21,6,1118.66,436.20,1171.71,506.14,0.1330,2.5,2.16,1.86,12.11,1.33,47.58,0.26,-10.00
21,6,-1.00,-1.00,-1.00,-1.00,0.1286,4.1,2.91,14.37,-1.88,-2.85,-44.42,0.11,-10.00
21,6,-1.00,-1.00,-1.00,-1.00,0.1239,4.1,2.83,14.53,28.15,-0.27,-16.76,-3.10,-10.00
21,6,-1.00,-1.00,-1.00,-1.00,0.1103,4.2,2.94,15.30,26.55,1.24,14.85,0.04,-10.00
21,6,1166.21,436.50,1230.98,511.66,0.1097,2.7,2.19,3.54,14.41,1.57,48.70,1.81,-10.00
21,6,0.00,363.18,136.32,602.71,0.1080,4.1,2.92,15.11,-21.32,2.38,23.70,-3.09,-10.00
21,6,1225.82,420.69,1297.89,517.36,0.1040,3.2,1.99,1.95,15.25,1.63,43.87,2.08,-10.00
22,6,1177.58,425.09,1240.09,517.07,0.4655,2.9,1.87,1.42,12.65,1.53,41.44,1.89,-10.00
22,6,-1.00,-1.00,-1.00,-1.00,0.3319,4.1,2.91,15.29,-37.53,2.17,2.42,3.12,-10.00
22,6,-1.00,-1.00,-1.00,-1.00,0.2757,4.1,2.84,15.28,-36.61,2.18,17.39,-1.55,-10.00
22,6,1316.58,352.72,1600.00,504.93,0.2115,4.2,3.09,15.45,22.37,1.06,45.95,1.60,-10.00
22,6,1179.89,423.46,1259.61,523.70,0.2022,3.2,2.28,2.96,13.50,1.81,42.93,-1.18,-10.00
22,6,-1.00,-1.00,-1.00,-1.00,0.1614,1.6,2.00,3.61,-5.82,1.08,-18.28,1.61,-10.00
22,6,1389.14,400.36,1600.00,501.77,0.1506,3.1,2.86,13.86,26.23,0.97,41.67,-0.06,-10.00
22,6,-1.00,-1.00,-1.00,-1.00,0.1397,2.1,1.92,3.77,-6.06,0.87,-23.03,-1.57,-10.00
22,6,1216.10,428.73,1271.58,521.31,0.1256,2.9,1.92,1.50,13.73,1.67,41.31,0.23,-10.00
22,6,-1.00,-1.00,-1.00,-1.00,0.1183,3.8,3.03,15.12,33.55,-0.27,-30.23,-0.02,-10.00
22,6,1120.67,413.63,1380.17,527.30,0.1136,3.5,2.34,7.84,13.96,1.86,41.84,0.16,-10.00
22,6,-1.00,-1.00,-1.00,-1.00,0.1133,4.1,2.95,16.23,-32.15,2.45,21.04,-3.07,-10.00
22,6,-1.00,-1.00,-1.00,-1.00,0.1046,4.2,2.87,15.25,-34.70,2.18,17.17,-1.46,-10.00
22,6,-1.00,-1.00,-1.00,-1.00,0.1036,4.1,2.94,11.38,29.40,-0.68,-23.97,-3.13,-10.00
23,6,1207.55,416.05,1285.12,520.01,0.4380,3.0,1.97,1.23,12.78,1.50,38.16,2.08,-10.00
23,6,1196.06,419.29,1272.90,522.67,0.3351,3.1,2.00,1.33,12.73,1.62,39.10,2.06,-10.00
23,6,-1.00,-1.00,-1.00,-1.00,0.3194,3.9,2.90,9.40,37.09,1.35,30.97,2.02,-10.00
23,6,1339.39,354.66,1600.00,518.05,0.2268,4.3,3.06,16.27,22.07,1.50,42.91,1.62,-10.00
23,6,1226.40,414.05,1326.48,522.75,0.2105,3.2,2.25,1.80,13.94,1.62,38.90,-0.38,-10.00
23,6,-1.00,-1.00,-1.00,-1.00,0.1920,4.2,3.00,14.50,29.21,0.21,-31.60,0.95,-10.00
23,6,1436.08,381.36,1600.00,507.02,0.1917,3.6,2.83,12.88,26.05,1.07,38.96,3.09,-10.00
23,6,-1.00,-1.00,-1.00,-1.00,0.1502,3.1,3.06,16.70,-41.80,2.22,-0.09,0.02,-10.00
23,6,131.53,391.18,344.11,535.90,0.1406,4.1,2.93,14.17,-19.60,2.22,43.02,1.40,-10.00
23,6,-1.00,-1.00,-1.00,-1.00,0.1220,4.1,3.27,16.56,24.55,0.15,-17.21,-1.53,-10.00
23,6,-1.00,-1.00,-1.00,-1.00,0.1112,4.1,2.92,15.23,18.02,1.26,13.73,-3.12,-10.00
23,6,-1.00,-1.00,-1.00,-1.00,0.1106,3.9,2.79,9.02,24.86,0.51,-27.98,2.58,-10.00
23,6,-1.00,-1.00,-1.00,-1.00,0.1040,4.1,2.96,16.76,-33.40,1.76,17.88,-3.12,-10.00
24,6,1230.90,405.50,1312.53,514.82,0.4027,2.9,1.92,1.31,12.48,1.23,35.11,2.04,-10.00
24,6,-1.00,-1.00,-1.00,-1.00,0.3588,4.0,2.71,13.23,20.61,1.74,11.04,-1.58,-10.00
24,6,1242.66,410.32,1329.34,526.29,0.2430,3.0,1.96,1.40,12.48,1.51,34.03,2.06,-10.00
24,6,1236.45,408.97,1320.76,519.72,0.1809,3.0,1.79,2.73,13.02,1.41,36.24,1.75,-10.00
24,6,-1.00,-1.00,-1.00,-1.00,0.1745,4.3,3.03,15.90,16.62,0.85,-7.92,-3.08,-10.00
24,6,-1.00,-1.00,-1.00,-1.00,0.1620,4.0,2.91,14.02,32.05,0.24,-50.15,-1.78,-10.00
24,6,724.66,427.72,1154.04,549.53,0.1417,4.1,3.06,14.93,3.93,2.80,45.32,-3.12,-10.00
24,6,-1.00,-1.00,-1.00,-1.00,0.1303,1.9,1.75,3.28,-6.01,0.84,-29.35,-1.57,-10.00
24,6,-1.00,-1.00,-1.00,-1.00,0.1027,1.2,1.62,2.98,-5.85,1.08,-24.96,-1.56,-10.00
25,6,-1.00,-1.00,-1.00,-1.00,0.3365,2.7,2.86,7.19,-21.86,1.27,-15.06,-3.07,-10.00
25,6,1265.85,401.96,1356.91,518.45,0.3149,2.9,1.97,1.73,12.54,1.23,32.52,1.84,-10.00
25,6,-1.00,-1.00,-1.00,-1.00,0.1582,3.4,2.80,11.36,44.68,0.08,34.06,1.62,-10.00
25,6,-1.00,-1.00,-1.00,-1.00,0.1575,2.8,2.93,7.96,-10.05,0.88,-40.40,-0.05,-10.00
25,6,1308.40,408.14,1396.41,532.80,0.1356,3.0,1.86,1.88,13.17,1.56,31.34,2.01,-10.00
25,6,-1.00,-1.00,-1.00,-1.00,0.1159,4.3,3.19,15.85,51.23,-0.50,30.27,-0.03,-10.00
25,6,1398.15,363.88,1600.00,546.27,0.1152,4.2,3.20,15.90,22.09,2.18,36.93,-1.56,-10.00
25,6,-1.00,-1.00,-1.00,-1.00,0.1012,4.1,2.90,16.74,20.98,0.46,-27.17,1.59,-10.00
26,6,1320.06,399.74,1412.68,522.72,0.2596,2.7,1.76,1.51,12.37,1.19,28.80,1.89,-10.00
26,6,-1.00,-1.00,-1.00,-1.00,0.2434,4.0,2.85,15.68,-24.25,1.21,-19.85,3.04,-10.00
26,6,1335.69,404.11,1426.85,530.80,0.2193,2.7,1.74,1.27,12.32,1.34,27.91,1.96,-10.00
26,6,1350.34,404.07,1444.96,528.09,0.1940,2.8,1.69,1.75,13.28,1.34,29.24,0.31,-10.00
26,6,1036.91,426.63,1110.41,512.21,0.1701,3.1,2.08,3.11,9.47,1.58,48.25,-1.60,-10.00
26,6,-1.00,-1.00,-1.00,-1.00,0.1552,4.0,2.78,16.06,-25.93,1.27,-17.84,-3.08,-10.00
26,6,-1.00,-1.00,-1.00,-1.00,0.1487,4.1,2.81,13.56,41.15,0.37,-15.10,1.65,-10.00
26,6,1256.33,393.79,1371.33,531.84,0.1309,3.1,1.98,2.35,11.70,1.47,30.05,0.44,-10.00
26,6,1389.21,396.83,1470.11,526.60,0.1246,2.8,1.75,1.38,13.52,1.26,28.15,0.34,-10.00
26,6,-1.00,-1.00,-1.00,-1.00,0.1218,4.1,3.00,15.40,-38.63,1.81,-18.98,0.39,-10.00
26,6,-1.00,-1.00,-1.00,-1.00,0.1189,4.2,3.00,15.94,20.97,0.29,-31.13,1.57,-10.00
26,6,-1.00,-1.00,-1.00,-1.00,0.1160,4.1,3.00,14.28,32.76,-0.11,-48.85,3.08,-10.00
27,6,1376.50,376.91,1484.45,522.74,0.2931,2.9,1.87,1.41,12.49,1.07,25.94,2.03,-10.00
27,6,1412.18,389.69,1552.95,535.96,0.2415,2.9,1.78,1.80,13.70,1.37,26.23,-0.42,-10.00
27,6,-1.00,-1.00,-1.00,-1.00,0.2402,4.1,2.93,13.96,-37.81,1.66,-21.98,0.44,-10.00
27,6,1388.12,369.53,1507.39,530.66,0.1773,3.1,1.98,1.28,12.36,1.20,24.97,2.04,-10.00
27,6,1313.97,382.44,1449.36,534.77,0.1440,3.1,1.90,1.82,11.91,1.38,26.98,-0.18,-10.00
27,6,-1.00,-1.00,-1.00,-1.00,0.1053,4.1,3.03,16.43,-26.47,1.95,5.36,-3.09,-10.00
27,6,-1.00,-1.00,-1.00,-1.00,0.1036,4.0,2.88,12.98,38.82,0.65,-17.99,1.56,-10.00
28,6,1383.84,395.14,1515.85,549.68,0.3240,2.8,1.73,1.98,11.78,1.50,23.81,-2.79,-10.00
28,6,1439.27,385.74,1558.48,534.79,0.2542,2.6,1.69,1.01,12.29,1.17,22.92,2.23,-10.00
28,6,1472.09,398.26,1585.98,546.19,0.2502,2.7,1.53,1.19,13.29,1.43,23.73,2.35,-10.00
28,6,1536.12,384.64,1600.00,536.04,0.2111,2.7,1.59,1.03,14.20,1.22,23.36,0.09,-10.00
28,6,-1.00,-1.00,-1.00,-1.00,0.1991,4.0,2.86,13.10,-36.54,1.36,-24.85,0.45,-10.00
28,6,1065.82,409.90,1142.28,508.62,0.1389,3.1,2.20,3.26,9.38,1.26,42.61,1.70,-10.00
28,6,1461.76,394.43,1579.87,536.85,0.1338,2.7,1.54,1.34,13.57,1.30,24.51,-0.68,-10.00
28,6,1323.33,397.03,1456.76,545.87,0.1176,2.8,1.65,1.69,11.22,1.50,25.00,-0.49,-10.00
28,6,1381.09,361.73,1524.97,524.70,0.1154,3.0,1.89,3.90,12.61,1.08,25.48,-1.28,-10.00
28,6,1287.53,400.25,1403.83,536.59,0.1099,2.8,1.87,1.71,10.99,1.41,26.65,0.08,-10.00
28,6,-1.00,-1.00,-1.00,-1.00,0.1018,4.1,2.97,11.75,41.22,-0.17,-20.33,1.62,-10.00
29,6,-1.00,-1.00,-1.00,-1.00,0.3841,4.0,2.90,15.19,-23.28,2.20,-2.34,-3.07,-10.00
29,6,1483.19,380.27,1600.00,545.69,0.2836,2.7,1.76,1.40,12.32,1.28,21.39,2.14,-10.00
29,6,-1.00,-1.00,-1.00,-1.00,0.2244,4.0,2.90,15.13,-38.01,1.20,-26.78,-2.77,-10.00
29,6,1581.15,355.37,1600.00,535.57,0.1923,2.9,1.81,1.25,13.76,1.09,20.94,-3.01,-10.00
29,6,1524.08,421.99,1600.00,548.34,0.1479,2.1,1.53,1.89,13.29,1.36,22.06,-0.97,-10.00
29,6,1526.57,381.52,1600.00,558.38,0.1403,2.7,1.63,1.81,12.71,1.41,20.37,1.67,-10.00
29,6,-1.00,-1.00,-1.00,-1.00,0.1112,4.1,3.04,15.55,-37.56,2.07,-17.79,-0.11,-10.00
29,6,1406.06,371.12,1600.00,537.19,0.1053,2.8,1.96,3.69,12.26,1.22,22.98,-1.41,-10.00
29,6,-1.00,-1.00,-1.00,-1.00,0.1005,1.5,1.72,3.29,-6.21,0.97,-36.88,1.50,-10.00
30,6,1563.76,356.39,1600.00,545.80,0.3105,2.7,1.75,1.15,12.10,1.12,18.63,2.22,-10.00
30,6,1563.25,374.74,1600.00,556.04,0.2482,2.7,1.71,1.27,12.48,1.31,19.32,2.21,-10.00
30,6,660.48,375.11,824.95,533.37,0.2152,4.1,2.81,14.46,-2.27,2.02,40.64,1.68,-10.00
30,6,-1.00,-1.00,-1.00,-1.00,0.1999,2.7,1.62,1.06,13.60,1.11,18.56,-2.98,-10.00
30,6,393.38,418.58,532.02,528.93,0.1256,3.9,2.59,8.84,-14.19,2.29,49.71,1.61,-10.00
30,6,599.02,383.29,762.47,549.00,0.1201,4.0,2.76,8.24,-3.80,2.14,34.81,1.68,-10.00
30,6,1582.32,383.97,1600.00,566.46,0.1076,2.7,1.81,1.84,13.24,1.51,19.98,-0.96,-10.00
30,6,-1.00,-1.00,-1.00,-1.00,0.1067,4.3,3.02,17.62,21.09,0.46,-29.73,1.60,-10.00
31,6,-1.00,-1.00,-1.00,-1.00,0.3524,2.7,1.71,0.96,12.25,0.97,16.62,2.27,-10.00
31,6,-1.00,-1.00,-1.00,-1.00,0.2668,2.7,1.65,1.04,12.29,1.24,17.38,2.16,-10.00
31,6,-1.00,-1.00,-1.00,-1.00,0.2092,2.7,1.64,0.89,11.51,1.28,16.47,2.17,-10.00
31,6,-1.00,-1.00,-1.00,-1.00,0.2053,2.6,1.58,0.84,14.21,1.03,16.57,-3.00,-10.00
31,6,-1.00,-1.00,-1.00,-1.00,0.2045,2.6,1.53,1.05,13.10,1.17,16.64,-0.25,-10.00
31,6,1567.07,360.12,1600.00,575.88,0.1770,2.8,1.94,1.14,11.18,1.41,17.19,-2.32,-10.00
31,6,-1.00,-1.00,-1.00,-1.00,0.1590,2.8,1.90,2.33,12.63,1.19,15.23,1.90,-10.00
31,6,-1.00,-1.00,-1.00,-1.00,0.1567,2.6,1.50,0.94,13.82,1.02,17.32,-3.07,-10.00
31,6,-1.00,-1.00,-1.00,-1.00,0.1472,2.8,2.92,7.04,-16.55,1.81,-34.89,0.07,-10.00
31,6,-1.00,-1.00,-1.00,-1.00,0.1179,3.8,2.79,10.99,24.48,1.43,17.27,2.99,-10.00
32,6,-1.00,-1.00,-1.00,-1.00,0.3691,2.7,1.76,1.02,12.10,0.89,14.46,2.27,-10.00
32,6,-1.00,-1.00,-1.00,-1.00,0.3180,4.3,3.36,14.53,42.22,1.64,13.07,2.00,-10.00
32,6,-1.00,-1.00,-1.00,-1.00,0.2945,2.7,1.69,1.26,12.42,1.26,15.13,2.12,-10.00
32,6,-1.00,-1.00,-1.00,-1.00,0.2271,2.8,1.75,0.97,13.95,1.07,14.65,-2.95,-10.00
32,6,-1.00,-1.00,-1.00,-1.00,0.2092,2.7,1.83,1.07,11.16,1.53,14.96,-2.36,-10.00
32,6,-1.00,-1.00,-1.00,-1.00,0.1719,2.4,1.44,0.82,14.52,1.02,15.04,-3.04,-10.00
32,6,-1.00,-1.00,-1.00,-1.00,0.1382,2.8,1.76,1.05,13.12,1.10,15.74,2.17,-10.00
32,6,-1.00,-1.00,-1.00,-1.00,0.1177,3.5,2.31,2.79,42.65,-0.35,-20.16,-0.06,-10.00
32,6,-1.00,-1.00,-1.00,-1.00,0.1066,4.1,2.91,15.14,-36.22,0.42,-40.05,2.05,-10.00
32,6,-1.00,-1.00,-1.00,-1.00,0.1030,2.6,1.80,2.16,11.94,0.76,16.55,-1.45,-10.00
33,6,-1.00,-1.00,-1.00,-1.00,0.3596,2.6,1.67,0.90,12.19,0.84,13.04,2.33,-10.00
33,6,-1.00,-1.00,-1.00,-1.00,0.3424,2.6,1.68,0.92,12.08,0.82,13.90,2.26,-10.00
33,6,-1.00,-1.00,-1.00,-1.00,0.2583,2.5,1.61,0.82,13.18,0.99,13.62,-0.26,-10.00
33,6,-1.00,-1.00,-1.00,-1.00,0.2118,2.8,1.72,0.95,13.81,1.04,13.22,-2.90,-10.00
33,6,-1.00,-1.00,-1.00,-1.00,0.1709,2.5,1.44,0.90,14.43,1.03,13.61,-2.95,-10.00
33,6,-1.00,-1.00,-1.00,-1.00,0.1478,4.2,2.82,13.89,38.03,2.37,22.46,-1.63,-10.00
33,6,-1.00,-1.00,-1.00,-1.00,0.1389,4.4,3.53,15.33,41.78,1.67,11.29,2.09,-10.00
33,6,-1.00,-1.00,-1.00,-1.00,0.1388,2.8,1.84,2.40,11.75,1.13,11.80,1.99,-10.00
33,6,-1.00,-1.00,-1.00,-1.00,0.1273,2.7,1.61,1.07,13.20,1.07,14.52,2.15,-10.00
33,6,-1.00,-1.00,-1.00,-1.00,0.1211,2.8,1.87,2.22,12.96,1.12,11.84,1.78,-10.00
33,6,-1.00,-1.00,-1.00,-1.00,0.1153,4.1,2.86,15.09,9.65,0.44,-34.07,1.55,-10.00
33,6,-1.00,-1.00,-1.00,-1.00,0.1150,4.1,2.90,12.19,36.65,1.01,5.85,2.69,-10.00
33,6,-1.00,-1.00,-1.00,-1.00,0.1110,2.8,1.82,1.18,11.16,1.39,14.20,2.26,-10.00
34,6,-1.00,-1.00,-1.00,-1.00,0.3714,2.6,1.67,0.71,12.11,0.94,11.42,-0.73,-10.00
34,6,-1.00,-1.00,-1.00,-1.00,0.3651,2.5,1.59,0.80,12.07,1.01,12.25,2.26,-10.00
34,6,-1.00,-1.00,-1.00,-1.00,0.3032,2.7,1.76,0.78,12.86,1.36,12.34,2.09,-10.00
34,6,-1.00,-1.00,-1.00,-1.00,0.2559,2.5,1.51,1.02,12.26,1.13,13.13,2.18,-10.00
34,6,-1.00,-1.00,-1.00,-1.00,0.2414,2.5,1.61,1.12,10.66,1.33,12.59,-2.30,-10.00
34,6,-1.00,-1.00,-1.00,-1.00,0.2337,2.7,1.59,0.73,14.37,1.05,12.23,-2.75,-10.00
34,6,-1.00,-1.00,-1.00,-1.00,0.1869,2.4,1.35,0.67,14.97,1.03,12.36,-2.82,-10.00
34,6,-1.00,-1.00,-1.00,-1.00,0.1868,2.6,1.62,0.69,11.19,1.16,11.84,2.08,-10.00
34,6,-1.00,-1.00,-1.00,-1.00,0.1833,2.6,2.65,6.19,-16.54,2.03,-39.99,-0.04,-10.00
34,6,-1.00,-1.00,-1.00,-1.00,0.1784,2.7,1.68,0.94,13.53,1.01,11.89,-2.91,-10.00
34,6,-1.00,-1.00,-1.00,-1.00,0.1696,3.3,2.10,5.21,12.51,1.38,12.22,0.22,-10.00
34,6,-1.00,-1.00,-1.00,-1.00,0.1474,2.6,1.51,0.84,13.88,1.02,12.93,-2.90,-10.00
34,6,-1.00,-1.00,-1.00,-1.00,0.1469,3.7,2.84,7.76,24.26,-0.71,-12.33,-2.96,-10.00
34,6,-1.00,-1.00,-1.00,-1.00,0.1403,2.5,1.64,1.88,12.68,1.05,10.81,1.88,-10.00
34,6,-1.00,-1.00,-1.00,-1.00,0.1391,4.1,2.94,13.21,34.92,0.64,-31.80,1.54,-10.00
34,6,1548.49,396.72,1600.00,522.76,0.1327,4.0,2.75,9.34,30.08,1.72,42.42,-3.06,-10.00
34,6,-1.00,-1.00,-1.00,-1.00,0.1291,2.6,1.60,0.87,13.14,1.16,12.96,2.07,-10.00
34,6,692.53,403.44,774.80,528.35,0.1283,3.9,2.62,8.66,-3.43,2.02,44.52,1.47,-10.00
34,6,-1.00,-1.00,-1.00,-1.00,0.1063,3.9,2.85,14.11,29.86,1.01,13.12,-3.10,-10.00
35,6,-1.00,-1.00,-1.00,-1.00,0.3468,2.6,1.66,0.96,12.09,0.89,10.81,2.28,-10.00
35,6,-1.00,-1.00,-1.00,-1.00,0.3053,4.1,2.79,15.45,41.93,0.67,-33.83,1.52,-10.00
35,6,-1.00,-1.00,-1.00,-1.00,0.2917,2.4,1.54,1.05,12.37,1.30,11.50,2.33,-10.00
35,6,-1.00,-1.00,-1.00,-1.00,0.2544,2.7,1.65,1.44,11.27,1.43,11.14,-2.54,-10.00
35,6,-1.00,-1.00,-1.00,-1.00,0.2202,2.8,1.75,0.99,13.65,1.03,10.79,-2.87,-10.00
35,6,-1.00,-1.00,-1.00,-1.00,0.1784,2.7,1.75,1.85,12.63,1.15,9.80,1.77,-10.00
35,6,-1.00,-1.00,-1.00,-1.00,0.1646,2.7,1.70,1.05,13.23,1.21,11.73,2.23,-10.00
35,6,-1.00,-1.00,-1.00,-1.00,0.1634,2.2,1.61,1.40,12.23,1.01,12.95,-1.42,-10.00
35,6,-1.00,-1.00,-1.00,-1.00,0.1453,4.2,2.99,14.48,42.62,1.54,9.64,1.68,-10.00
35,6,66.06,395.23,550.46,529.16,0.1312,4.1,3.00,14.75,-16.88,1.89,41.58,-0.01,-10.00
35,6,-1.00,-1.00,-1.00,-1.00,0.1146,3.4,2.13,5.85,12.78,1.37,11.30,0.19,-10.00
35,6,-1.00,-1.00,-1.00,-1.00,0.1119,4.2,2.84,16.36,43.81,0.60,-33.78,1.46,-10.00
36,6,-1.00,-1.00,-1.00,-1.00,0.3789,4.3,3.16,15.62,32.70,0.35,-7.14,3.06,-10.00
36,6,-1.00,-1.00,-1.00,-1.00,0.3358,2.6,1.66,1.07,12.06,1.06,9.57,2.26,-10.00
36,6,-1.00,-1.00,-1.00,-1.00,0.3341,2.5,1.59,1.23,12.06,1.32,10.54,2.20,-10.00
36,6,-1.00,-1.00,-1.00,-1.00,0.2400,2.7,1.73,1.36,11.14,1.33,10.36,-2.58,-10.00
36,6,-1.00,-1.00,-1.00,-1.00,0.2191,2.8,1.68,0.99,13.81,1.12,9.91,-2.86,-10.00
36,6,-1.00,-1.00,-1.00,-1.00,0.1621,2.7,1.59,1.08,13.38,1.11,10.89,-3.00,-10.00
36,6,-1.00,-1.00,-1.00,-1.00,0.1402,2.0,1.69,1.47,12.15,0.98,12.15,-1.56,-10.00
36,6,-1.00,-1.00,-1.00,-1.00,0.1256,2.6,1.57,1.55,12.89,1.22,9.86,2.19,-10.00
36,6,-1.00,-1.00,-1.00,-1.00,0.1041,4.2,3.02,15.17,10.43,0.49,-47.47,-1.58,-10.00
36,6,-1.00,-1.00,-1.00,-1.00,0.1008,4.1,3.04,14.53,-21.80,1.72,-17.15,2.99,-10.00
36,6,-1.00,-1.00,-1.00,-1.00,0.1004,3.7,2.42,8.67,12.92,1.31,10.13,0.08,-10.00
37,6,-1.00,-1.00,-1.00,-1.00,0.3313,2.4,1.58,1.07,11.97,1.32,9.93,2.24,-10.00
37,6,-1.00,-1.00,-1.00,-1.00,0.3275,2.5,1.64,0.84,12.14,1.06,9.18,2.33,-10.00
37,6,-1.00,-1.00,-1.00,-1.00,0.2682,2.6,1.60,0.79,11.28,1.20,9.22,2.32,-10.00
37,6,-1.00,-1.00,-1.00,-1.00,0.2232,2.6,1.57,0.96,12.98,1.18,9.43,2.92,-10.00
37,6,-1.00,-1.00,-1.00,-1.00,0.2156,2.7,1.66,0.88,13.93,1.11,9.38,-2.85,-10.00
37,6,-1.00,-1.00,-1.00,-1.00,0.1722,2.6,1.55,0.96,13.47,1.16,10.11,-2.97,-10.00
37,6,51.37,408.44,216.74,550.39,0.1552,2.8,1.54,3.05,-14.70,1.69,26.77,1.69,-10.00
37,6,-1.00,-1.00,-1.00,-1.00,0.1450,2.1,1.91,3.23,-33.95,0.05,-41.07,0.60,-10.00
37,6,-1.00,-1.00,-1.00,-1.00,0.1387,2.2,1.58,1.58,11.88,1.09,11.48,-1.66,-10.00
37,6,-1.00,-1.00,-1.00,-1.00,0.1362,4.1,2.86,15.71,28.86,2.24,15.13,-1.44,-10.00
37,6,-1.00,-1.00,-1.00,-1.00,0.1189,2.5,1.57,1.07,14.60,1.55,10.18,2.54,-10.00
37,6,-1.00,-1.00,-1.00,-1.00,0.1133,4.0,2.76,9.26,30.46,1.69,34.06,2.97,-10.00
37,6,-1.00,-1.00,-1.00,-1.00,0.1037,3.3,1.99,4.50,12.79,1.20,9.80,0.14,-10.00
38,6,605.18,317.06,767.13,536.34,0.4165,4.2,3.07,15.16,-3.19,1.63,31.50,1.50,-10.00
38,6,-1.00,-1.00,-1.00,-1.00,0.3445,2.6,1.62,0.86,12.07,0.95,8.38,2.34,-10.00
38,6,-1.00,-1.00,-1.00,-1.00,0.3278,2.4,1.59,0.93,12.00,1.01,9.11,2.29,-10.00
38,6,-1.00,-1.00,-1.00,-1.00,0.2991,2.7,1.72,1.51,11.09,1.42,8.85,-2.56,-10.00
38,6,-1.00,-1.00,-1.00,-1.00,0.2502,2.6,1.63,0.90,13.04,1.05,8.65,3.11,-10.00
38,6,-1.00,-1.00,-1.00,-1.00,0.2348,2.8,1.69,0.84,13.78,1.03,8.98,-2.75,-10.00
38,6,1184.99,383.75,1302.01,525.36,0.2238,4.0,2.64,9.26,13.44,1.76,41.08,1.79,-10.00
38,6,-1.00,-1.00,-1.00,-1.00,0.1852,2.5,1.46,0.79,14.51,1.04,8.84,-2.85,-10.00
38,6,-1.00,-1.00,-1.00,-1.00,0.1835,2.7,1.66,0.81,13.19,1.20,9.36,2.11,-10.00
38,6,-1.00,-1.00,-1.00,-1.00,0.1732,4.2,3.08,15.38,-37.96,2.32,1.03,0.04,-10.00
38,6,-1.00,-1.00,-1.00,-1.00,0.1618,2.1,1.84,3.42,-33.62,0.23,-42.00,0.64,-10.00
38,6,-1.00,-1.00,-1.00,-1.00,0.1570,4.0,2.84,14.38,21.96,0.66,3.86,-1.63,-10.00
38,6,-1.00,-1.00,-1.00,-1.00,0.1391,2.8,1.87,2.18,12.65,1.13,7.38,1.87,-10.00
38,6,-1.00,-1.00,-1.00,-1.00,0.1201,2.8,2.66,7.10,-13.87,1.99,-44.65,-1.62,-10.00
38,6,-1.00,-1.00,-1.00,-1.00,0.1179,4.2,2.96,15.10,23.75,1.19,4.44,-3.10,-10.00
38,6,-1.00,-1.00,-1.00,-1.00,0.1167,4.3,2.84,17.29,37.73,1.42,-6.71,-1.58,-10.00
38,6,-1.00,-1.00,-1.00,-1.00,0.1033,2.8,1.70,1.40,10.40,1.44,10.95,-0.40,-10.00
38,6,-1.00,-1.00,-1.00,-1.00,0.1028,4.3,2.88,17.18,38.69,1.08,-17.23,1.53,-10.00
38,6,-1.00,-1.00,-1.00,-1.00,0.1006,2.5,1.59,1.85,11.43,1.16,7.53,2.10,-10.00
