0,6,-1.00,-1.00,-1.00,-1.00,0.3348,4.1,3.52,16.75,23.83,0.71,0.52,1.53,-10.00
0,6,-1.00,-1.00,-1.00,-1.00,0.1561,2.9,2.86,6.39,11.12,0.99,-4.57,1.56,-10.00
0,6,-1.00,-1.00,-1.00,-1.00,0.1244,4.1,2.91,14.71,-33.06,1.11,-48.73,2.15,-10.00
0,6,-1.00,-1.00,-1.00,-1.00,0.1102,3.5,2.99,11.11,23.89,-0.02,-8.36,1.50,-10.00
0,6,-1.00,-1.00,-1.00,-1.00,0.1050,4.3,2.84,16.40,28.35,0.90,-4.51,-1.54,-10.00
1,6,-1.00,-1.00,-1.00,-1.00,0.4940,3.4,4.38,15.13,23.92,0.64,-4.44,-1.61,-10.00
1,6,-1.00,-1.00,-1.00,-1.00,0.2222,2.7,2.80,5.87,11.09,0.90,-8.62,1.60,-10.00
1,6,-1.00,-1.00,-1.00,-1.00,0.1880,4.2,2.96,13.17,23.93,0.45,-13.00,1.55,-10.00
1,6,-1.00,-1.00,-1.00,-1.00,0.1485,3.4,2.69,9.02,17.45,1.67,7.92,-0.01,-10.00
1,6,1584.96,300.42,1600.00,597.96,0.1386,2.6,2.94,13.55,12.96,1.42,17.11,-0.92,-10.00
1,6,-1.00,-1.00,-1.00,-1.00,0.1186,4.3,2.83,16.80,28.48,0.75,-32.68,-1.57,-10.00
1,6,-1.00,-1.00,-1.00,-1.00,0.1131,3.9,2.96,17.05,-33.69,0.71,-32.95,0.07,-10.00
1,6,-1.00,-1.00,-1.00,-1.00,0.1075,4.0,2.91,16.71,22.45,1.18,-29.15,-1.54,-10.00
2,6,-1.00,-1.00,-1.00,-1.00,0.5363,3.4,4.10,14.81,24.20,1.05,-7.81,-1.65,-10.00
2,6,-1.00,-1.00,-1.00,-1.00,0.5317,4.1,3.00,9.07,39.89,1.47,-3.58,1.49,-10.00
2,6,-1.00,-1.00,-1.00,-1.00,0.3233,3.0,2.77,6.82,11.20,1.47,-12.08,1.53,-10.00
2,6,-1.00,-1.00,-1.00,-1.00,0.2408,4.0,2.79,7.52,40.97,1.10,2.50,2.98,-10.00
2,6,-1.00,-1.00,-1.00,-1.00,0.2274,4.5,2.94,18.69,10.51,0.79,-23.36,1.56,-10.00
2,6,-1.00,-1.00,-1.00,-1.00,0.1998,4.1,2.87,7.39,32.07,0.96,3.55,2.96,-10.00
2,6,172.51,467.93,575.48,640.46,0.1922,4.2,3.15,15.07,-12.61,4.53,37.96,1.86,-10.00
2,6,-1.00,-1.00,-1.00,-1.00,0.1713,4.3,3.00,16.94,24.37,1.22,-19.92,1.61,-10.00
2,6,-1.00,-1.00,-1.00,-1.00,0.1007,4.2,2.89,16.48,38.10,0.62,-5.38,-1.50,-10.00
3,6,-1.00,-1.00,-1.00,-1.00,0.5828,3.8,4.09,15.13,24.31,1.23,-9.91,-1.66,-10.00
3,6,-1.00,-1.00,-1.00,-1.00,0.3330,3.8,2.75,12.08,-26.52,2.42,26.27,1.61,-10.00
3,6,-1.00,-1.00,-1.00,-1.00,0.2614,4.2,2.87,15.35,40.57,1.58,-7.39,1.53,-10.00
3,6,-1.00,-1.00,-1.00,-1.00,0.2025,3.2,2.79,7.76,11.62,2.01,-14.95,1.50,-10.00
3,6,-1.00,-1.00,-1.00,-1.00,0.1800,4.1,2.91,11.24,34.12,1.40,1.59,2.93,-10.00
3,6,0.00,285.51,467.79,618.76,0.1528,6.1,4.86,17.05,-15.01,3.21,31.79,1.71,-10.00
3,6,-1.00,-1.00,-1.00,-1.00,0.1505,4.4,2.85,17.82,11.09,1.17,-25.04,1.58,-10.00
3,6,-1.00,-1.00,-1.00,-1.00,0.1503,4.2,2.97,13.81,27.06,1.41,1.08,2.90,-10.00
3,6,-1.00,-1.00,-1.00,-1.00,0.1308,4.3,3.06,14.85,26.73,1.29,-1.39,-3.06,-10.00
3,6,-1.00,-1.00,-1.00,-1.00,0.1290,4.4,2.90,16.45,21.69,1.77,4.79,-1.58,-10.00
3,6,-1.00,-1.00,-1.00,-1.00,0.1273,3.9,2.98,14.91,24.02,1.23,-49.20,-1.59,-10.00
3,6,-1.00,-1.00,-1.00,-1.00,0.1187,4.4,2.83,17.54,24.13,2.02,5.47,-1.64,-10.00
3,6,-1.00,-1.00,-1.00,-1.00,0.1085,4.4,2.88,16.73,26.73,1.53,-10.16,1.49,-10.00
3,6,-1.00,-1.00,-1.00,-1.00,0.1082,4.1,3.01,15.51,21.56,0.49,-45.58,3.09,-10.00
4,6,-1.00,-1.00,-1.00,-1.00,0.6740,3.7,4.03,15.16,24.53,1.14,-11.67,-1.74,-10.00
4,6,-1.00,-1.00,-1.00,-1.00,0.2560,2.9,3.06,6.88,12.16,1.48,-17.79,1.54,-10.00
4,6,-1.00,-1.00,-1.00,-1.00,0.2031,4.4,2.82,16.84,27.93,1.51,-11.27,1.33,-10.00
4,6,-1.00,-1.00,-1.00,-1.00,0.1799,4.3,3.20,12.67,28.87,1.81,-6.08,3.02,-10.00
4,6,-1.00,-1.00,-1.00,-1.00,0.1468,4.1,2.93,15.81,31.38,1.59,-7.65,-0.16,-10.00
4,6,-1.00,-1.00,-1.00,-1.00,0.1038,3.3,2.91,15.07,28.70,2.31,6.45,-0.09,-10.00
4,6,-1.00,-1.00,-1.00,-1.00,0.1037,4.5,3.31,15.91,-27.77,0.56,-43.99,1.56,-10.00
5,6,-1.00,-1.00,-1.00,-1.00,0.4658,4.1,4.00,16.10,25.76,1.45,-13.66,1.37,-10.00
5,6,-1.00,-1.00,-1.00,-1.00,0.4024,3.2,2.71,7.01,13.42,1.84,-20.09,1.45,-10.00
5,6,-1.00,-1.00,-1.00,-1.00,0.3392,4.1,3.11,15.25,28.48,2.56,6.71,2.92,-10.00
5,6,-1.00,-1.00,-1.00,-1.00,0.2341,4.1,2.95,9.11,42.53,3.02,45.19,1.44,-10.00
5,6,-1.00,-1.00,-1.00,-1.00,0.1924,4.3,3.23,15.85,16.04,1.63,-26.01,3.12,-10.00
5,6,-1.00,-1.00,-1.00,-1.00,0.1583,4.4,2.76,16.83,28.72,1.75,-14.15,-1.86,-10.00
5,6,-1.00,-1.00,-1.00,-1.00,0.1400,4.3,2.69,17.48,32.14,2.90,11.21,1.43,-10.00
5,6,-1.00,-1.00,-1.00,-1.00,0.1320,3.3,2.92,15.22,40.85,0.85,-35.91,0.00,-10.00
5,6,-1.00,-1.00,-1.00,-1.00,0.1309,4.1,3.03,14.98,-41.79,2.33,21.19,-0.15,-10.00
5,6,-1.00,-1.00,-1.00,-1.00,0.1244,4.1,2.97,15.54,30.90,0.86,-35.74,2.96,-10.00
5,6,-1.00,-1.00,-1.00,-1.00,0.1213,4.4,2.86,17.27,22.62,1.64,0.62,-1.62,-10.00
5,6,-1.00,-1.00,-1.00,-1.00,0.1027,4.3,2.83,17.15,40.13,1.59,-2.90,-1.62,-10.00
6,6,-1.00,-1.00,-1.00,-1.00,0.6009,3.1,2.80,6.45,15.29,1.87,-21.91,1.27,-10.00
6,6,-1.00,-1.00,-1.00,-1.00,0.4085,3.9,3.60,16.14,27.04,1.79,-15.90,-1.90,-10.00
6,6,460.74,457.82,535.82,551.80,0.1761,3.3,2.40,3.40,-11.91,2.95,45.66,-1.76,-10.00
6,6,-1.00,-1.00,-1.00,-1.00,0.1081,4.2,3.18,14.96,35.32,1.27,-33.33,2.99,-10.00
7,6,-1.00,-1.00,-1.00,-1.00,0.6297,3.0,2.90,6.07,17.76,1.78,-23.28,1.11,-10.00
7,6,-1.00,-1.00,-1.00,-1.00,0.6263,3.6,3.43,15.20,28.05,2.27,-14.79,-2.00,-10.00
7,6,-1.00,-1.00,-1.00,-1.00,0.2015,2.7,2.45,6.11,15.57,1.80,-6.16,-0.34,-10.00
7,6,-1.00,-1.00,-1.00,-1.00,0.1828,2.0,1.29,3.55,13.54,1.43,-7.54,1.26,-10.00
7,6,-1.00,-1.00,-1.00,-1.00,0.1362,4.4,3.01,16.71,-5.95,0.46,-19.07,1.30,-10.00
7,6,-1.00,-1.00,-1.00,-1.00,0.1229,4.3,3.08,14.53,-50.01,2.00,47.11,1.08,-10.00
7,6,227.60,460.98,335.56,541.95,0.1170,2.6,2.20,3.03,-18.21,2.39,41.84,0.73,-10.00
7,6,-1.00,-1.00,-1.00,-1.00,0.1077,4.3,3.22,14.80,25.69,1.13,-44.12,2.89,-10.00
7,6,-1.00,-1.00,-1.00,-1.00,0.1059,3.7,2.91,15.10,-36.68,1.14,3.51,-0.21,-10.00
8,6,-1.00,-1.00,-1.00,-1.00,0.2972,3.0,2.90,6.61,20.33,1.39,-24.62,1.03,-10.00
8,6,-1.00,-1.00,-1.00,-1.00,0.2945,4.1,3.39,16.01,29.58,2.48,-15.32,1.05,-10.00
8,6,-1.00,-1.00,-1.00,-1.00,0.2690,3.6,2.93,15.22,21.09,2.34,16.99,2.81,-10.00
8,6,-1.00,-1.00,-1.00,-1.00,0.2670,4.1,3.17,10.60,-45.01,1.04,-2.50,-0.46,-10.00
8,6,1590.61,452.05,1600.00,554.21,0.2491,3.3,2.35,2.45,28.00,2.83,42.60,-0.40,-10.00
8,6,581.53,418.64,687.99,543.22,0.1598,4.0,2.63,8.85,-7.01,2.59,44.70,1.29,-10.00
8,6,-1.00,-1.00,-1.00,-1.00,0.1436,3.3,3.00,13.98,34.87,0.82,-45.31,2.80,-10.00
8,6,-1.00,-1.00,-1.00,-1.00,0.1235,2.8,2.35,5.54,16.13,1.59,-7.34,-0.55,-10.00
8,6,-1.00,-1.00,-1.00,-1.00,0.1046,4.3,3.17,14.72,30.25,1.11,-44.97,2.86,-10.00
8,6,-1.00,-1.00,-1.00,-1.00,0.1018,3.8,2.90,13.87,24.01,2.03,9.77,-2.81,-10.00
9,6,-1.00,-1.00,-1.00,-1.00,0.4773,4.4,3.19,17.40,31.13,2.43,-15.53,-2.22,-10.00
9,6,1478.96,432.49,1572.58,542.16,0.2313,3.5,2.28,2.06,23.10,2.37,41.39,2.24,-10.00
9,6,-1.00,-1.00,-1.00,-1.00,0.2097,3.7,2.91,8.30,23.34,1.49,-26.00,0.95,-10.00
9,6,-1.00,-1.00,-1.00,-1.00,0.2002,3.9,2.89,10.24,-44.74,0.80,-10.51,-0.61,-10.00
9,6,-1.00,-1.00,-1.00,-1.00,0.1898,2.7,2.81,12.59,19.67,1.79,-7.29,-0.70,-10.00
9,6,-1.00,-1.00,-1.00,-1.00,0.1476,3.5,2.30,2.50,-51.89,0.26,-13.89,-0.47,-10.00
9,6,1516.18,490.30,1600.00,582.53,0.1362,3.0,2.19,2.81,25.13,3.72,42.21,-0.60,-10.00
9,6,-1.00,-1.00,-1.00,-1.00,0.1187,2.8,3.13,14.74,15.96,1.25,-19.09,1.09,-10.00
9,6,-1.00,-1.00,-1.00,-1.00,0.1183,4.2,2.95,14.64,22.19,3.59,24.65,2.21,-10.00
9,6,-1.00,-1.00,-1.00,-1.00,0.1104,3.0,2.11,2.84,-49.99,0.37,-14.02,2.85,-10.00
9,6,-1.00,-1.00,-1.00,-1.00,0.1077,4.0,2.91,7.36,-52.95,0.42,-16.95,2.40,-10.00
9,6,-1.00,-1.00,-1.00,-1.00,0.1023,4.1,3.03,11.45,-54.01,0.53,-14.95,2.49,-10.00
9,6,433.55,399.96,528.40,538.78,0.1019,4.0,2.62,9.19,-11.07,2.22,40.79,1.34,-10.00
9,6,-1.00,-1.00,-1.00,-1.00,0.1018,4.3,3.23,15.64,-6.94,-1.56,-48.09,0.92,-10.00
10,6,402.09,404.50,530.49,542.27,0.5667,4.0,2.66,8.53,-11.44,2.32,40.58,1.45,-10.00
10,6,1362.38,393.56,1447.41,499.04,0.3127,3.2,2.13,2.14,18.84,0.90,40.80,2.15,-10.00
10,6,-1.00,-1.00,-1.00,-1.00,0.1642,3.9,2.83,10.01,-43.22,0.91,-17.78,2.47,-10.00
10,6,-1.00,-1.00,-1.00,-1.00,0.1486,4.3,2.93,14.96,32.33,2.22,-15.29,-2.28,-10.00
10,6,1356.73,380.32,1463.16,496.04,0.1319,3.3,2.19,3.35,18.12,0.74,38.86,2.23,-10.00
10,6,1388.82,418.26,1489.23,513.59,0.1276,3.0,2.08,2.43,20.15,1.40,41.22,-0.71,-10.00
10,6,215.14,385.97,513.82,542.19,0.1176,4.0,2.73,8.43,-12.99,2.05,36.26,2.05,-10.00
10,6,-1.00,-1.00,-1.00,-1.00,0.1141,4.4,3.01,16.24,27.10,0.97,-29.17,-2.13,-10.00
10,6,430.54,392.73,650.26,533.81,0.1115,4.1,2.92,13.99,-9.49,2.22,44.17,1.70,-10.00
10,6,342.27,371.49,506.61,529.49,0.1014,4.2,2.88,16.32,-14.12,1.93,42.67,1.11,-10.00
11,6,-1.00,-1.00,-1.00,-1.00,0.3671,4.1,2.89,13.06,18.37,1.64,21.68,2.16,-10.00
11,6,1243.60,407.38,1334.43,515.09,0.2765,3.2,2.09,2.13,14.44,1.38,39.09,2.18,-10.00
11,6,1287.38,433.00,1393.25,526.24,0.1437,2.8,1.96,2.74,15.96,1.73,39.06,0.25,-10.00
11,6,-1.00,-1.00,-1.00,-1.00,0.1404,4.4,3.28,13.40,-50.10,2.01,8.37,-0.87,-10.00
11,6,-1.00,-1.00,-1.00,-1.00,0.1398,4.3,3.10,16.16,19.64,1.74,12.06,1.84,-10.00
11,6,-1.00,-1.00,-1.00,-1.00,0.1352,4.3,2.92,15.68,19.79,1.55,20.18,2.28,-10.00
11,6,-1.00,-1.00,-1.00,-1.00,0.1284,4.4,2.85,17.11,36.02,1.76,-13.77,-1.41,-10.00
11,6,-1.00,-1.00,-1.00,-1.00,0.1254,4.2,3.11,14.94,-50.92,0.59,-34.35,-0.86,-10.00
11,6,-1.00,-1.00,-1.00,-1.00,0.1227,4.3,2.94,16.97,16.97,0.90,-30.13,1.44,-10.00
11,6,-1.00,-1.00,-1.00,-1.00,0.1086,3.7,3.01,13.73,32.72,2.17,-15.33,-2.49,-10.00
11,6,-1.00,-1.00,-1.00,-1.00,0.1062,4.0,2.88,8.67,38.18,2.32,35.20,-2.58,-10.00
11,6,1283.21,418.09,1371.82,522.14,0.1004,3.0,1.89,2.61,15.15,1.55,37.84,2.16,-10.00
12,6,-1.00,-1.00,-1.00,-1.00,0.2630,4.2,2.88,14.95,32.45,-0.62,-34.30,-1.67,-10.00
12,6,-1.00,-1.00,-1.00,-1.00,0.2421,3.9,2.81,9.77,32.80,2.62,39.89,2.04,-10.00
12,6,-1.00,-1.00,-1.00,-1.00,0.1752,3.7,2.93,8.09,-37.61,-0.08,-29.93,-1.00,-10.00
12,6,1136.31,427.64,1236.95,541.82,0.1439,3.3,2.10,2.07,10.73,2.13,37.34,2.32,-10.00
12,6,-1.00,-1.00,-1.00,-1.00,0.1397,4.2,3.09,15.12,16.62,2.08,6.59,2.17,-10.00
12,6,-1.00,-1.00,-1.00,-1.00,0.1326,4.3,2.95,15.99,30.45,-0.19,-34.49,-1.46,-10.00
12,6,-1.00,-1.00,-1.00,-1.00,0.1317,2.2,1.70,4.02,28.04,0.18,-25.72,-0.95,-10.00
12,6,-1.00,-1.00,-1.00,-1.00,0.1269,2.9,2.77,8.64,21.88,1.96,15.35,-0.98,-10.00
12,6,-1.00,-1.00,-1.00,-1.00,0.1268,4.2,3.02,13.79,-51.55,-0.50,-45.84,2.47,-10.00
12,6,-1.00,-1.00,-1.00,-1.00,0.1184,3.9,2.75,9.15,37.10,1.33,-16.85,-2.55,-10.00
12,6,-1.00,-1.00,-1.00,-1.00,0.1138,4.2,2.94,13.71,0.40,0.47,-45.98,-2.52,-10.00
12,6,1187.00,445.05,1278.69,537.56,0.1044,2.7,1.92,2.46,12.27,2.02,37.79,-2.77,-10.00
13,6,1016.72,434.06,1129.88,559.80,0.2150,3.3,2.14,3.11,6.94,2.48,35.09,2.10,-10.00
13,6,-1.00,-1.00,-1.00,-1.00,0.1957,4.1,2.92,15.04,11.57,0.17,-49.43,0.42,-10.00
13,6,-1.00,-1.00,-1.00,-1.00,0.1699,3.4,2.89,8.40,20.43,3.41,14.47,-1.09,-10.00
13,6,-1.00,-1.00,-1.00,-1.00,0.1205,3.2,2.94,17.89,-40.90,3.04,6.36,0.40,-10.00
13,6,-1.00,-1.00,-1.00,-1.00,0.1091,3.5,2.95,15.93,15.98,1.91,4.04,2.07,-10.00
13,6,-1.00,-1.00,-1.00,-1.00,0.1051,4.3,2.83,16.20,16.70,1.18,-21.01,1.21,-10.00
14,6,900.11,432.06,1006.05,555.87,0.2709,3.0,1.84,2.87,3.32,2.20,32.54,2.01,-10.00
14,6,-1.00,-1.00,-1.00,-1.00,0.2688,4.3,3.13,13.76,-32.75,0.93,-46.73,-0.98,-10.00
14,6,-1.00,-1.00,-1.00,-1.00,0.1877,3.0,2.84,14.32,23.47,2.89,14.76,0.29,-10.00
14,6,-1.00,-1.00,-1.00,-1.00,0.1374,3.1,3.01,8.19,19.23,3.15,14.09,-1.19,-10.00
14,6,1128.57,516.42,1204.15,591.12,0.1346,2.2,1.83,4.86,11.01,3.79,40.38,-1.21,-10.00
14,6,-1.00,-1.00,-1.00,-1.00,0.1088,3.8,3.19,13.06,-26.33,2.32,12.41,-1.02,-10.00
14,6,-1.00,-1.00,-1.00,-1.00,0.1059,3.9,3.16,16.42,-43.59,1.09,-39.82,0.38,-10.00
15,6,754.58,428.00,881.78,567.06,0.2763,3.1,1.91,2.98,-0.15,2.25,29.55,1.99,-10.00
15,6,-1.00,-1.00,-1.00,-1.00,0.2143,4.4,2.91,16.62,20.61,1.39,0.90,1.86,-10.00
15,6,-1.00,-1.00,-1.00,-1.00,0.2017,4.3,3.18,15.03,21.58,0.81,-24.44,-2.90,-10.00
15,6,-1.00,-1.00,-1.00,-1.00,0.1531,3.4,2.85,9.90,17.68,2.76,13.12,-1.29,-10.00
15,6,-1.00,-1.00,-1.00,-1.00,0.1528,4.1,3.01,12.39,-26.46,0.90,-50.22,-1.14,-10.00
15,6,-1.00,-1.00,-1.00,-1.00,0.1513,4.2,3.10,14.59,6.24,0.13,-54.12,-2.65,-10.00
15,6,-1.00,-1.00,-1.00,-1.00,0.1510,4.5,2.89,18.29,24.06,0.91,-27.75,1.91,-10.00
15,6,1403.95,405.60,1600.00,560.20,0.1467,4.1,2.93,12.58,21.04,2.73,39.78,1.85,-10.00
15,6,-1.00,-1.00,-1.00,-1.00,0.1347,4.0,3.01,15.79,-40.07,1.37,-49.02,0.24,-10.00
15,6,903.53,437.76,1013.18,562.57,0.1228,2.6,1.81,2.87,2.99,2.03,27.97,1.90,-10.00
15,6,1299.98,411.59,1546.34,571.36,0.1141,4.2,2.99,15.91,18.67,3.08,40.89,1.74,-10.00
15,6,1063.95,518.28,1129.18,582.33,0.1137,2.4,2.12,3.51,10.71,4.41,49.95,-1.47,-10.00
15,6,-1.00,-1.00,-1.00,-1.00,0.1047,4.4,2.86,17.60,19.93,1.04,-7.17,-1.39,-10.00
15,6,-1.00,-1.00,-1.00,-1.00,0.1004,4.1,3.02,14.68,-29.52,1.17,-50.66,1.86,-10.00
16,6,1301.41,397.91,1491.56,553.31,0.3403,4.0,2.87,11.75,17.06,2.47,38.54,1.79,-10.00
16,6,585.34,421.46,729.68,576.56,0.2510,3.0,1.83,2.98,-3.45,2.16,26.06,1.90,-10.00
16,6,-1.00,-1.00,-1.00,-1.00,0.2195,4.4,2.87,17.06,17.21,1.59,-3.30,1.69,-10.00
16,6,-1.00,-1.00,-1.00,-1.00,0.1502,4.3,3.20,14.43,-2.66,-0.82,-51.31,-2.79,-10.00
16,6,-1.00,-1.00,-1.00,-1.00,0.1495,4.3,2.83,14.70,24.26,1.03,-23.55,-1.61,-10.00
16,6,-1.00,-1.00,-1.00,-1.00,0.1295,3.5,3.05,16.70,-34.30,2.48,-8.96,0.16,-10.00
16,6,-1.00,-1.00,-1.00,-1.00,0.1212,3.7,2.90,15.40,-39.22,2.96,-18.72,3.11,-10.00
16,6,-1.00,-1.00,-1.00,-1.00,0.1200,3.4,2.92,14.58,32.23,0.33,-24.05,0.17,-10.00
16,6,-1.00,-1.00,-1.00,-1.00,0.1112,4.1,2.92,15.74,18.22,0.74,-9.46,-2.94,-10.00
16,6,1211.95,409.08,1484.48,578.83,0.1101,4.2,2.92,15.61,15.27,3.10,38.76,1.65,-10.00
16,6,-1.00,-1.00,-1.00,-1.00,0.1101,4.2,3.09,14.35,2.92,0.11,-51.50,-2.89,-10.00
16,6,-1.00,-1.00,-1.00,-1.00,0.1051,4.4,2.79,16.65,15.73,1.70,-0.47,-1.46,-10.00
16,6,-1.00,-1.00,-1.00,-1.00,0.1034,4.1,2.95,15.48,20.48,1.05,-6.32,-2.94,-10.00
16,6,-1.00,-1.00,-1.00,-1.00,0.1025,4.1,2.79,11.67,-26.21,1.61,-3.45,1.86,-10.00
16,6,831.87,443.50,1000.64,597.37,0.1019,4.0,3.15,16.31,3.41,3.72,40.55,1.78,-10.00
16,6,-1.00,-1.00,-1.00,-1.00,0.1015,4.0,2.89,10.81,42.10,0.53,-45.72,2.72,-10.00
17,6,1185.30,402.76,1393.08,572.92,0.2851,4.1,2.88,13.58,13.23,2.87,37.41,1.71,-10.00
17,6,427.08,433.44,596.90,608.09,0.2757,2.9,1.79,2.97,-5.63,2.42,22.78,1.82,-10.00
17,6,1163.76,438.87,1282.47,550.15,0.2091,4.0,2.81,11.52,15.96,3.21,51.32,1.72,-10.00
17,6,-1.00,-1.00,-1.00,-1.00,0.1303,4.4,2.79,17.97,28.61,-0.09,-47.03,-1.50,-10.00
17,6,-1.00,-1.00,-1.00,-1.00,0.1257,3.7,3.06,14.72,30.63,0.33,-43.23,-3.05,-10.00
17,6,1089.46,437.95,1250.07,551.77,0.1220,4.1,2.86,12.41,13.68,3.28,51.42,1.55,-10.00
17,6,-1.00,-1.00,-1.00,-1.00,0.1198,4.3,2.83,16.12,17.66,1.61,-1.78,-1.53,-10.00
17,6,739.95,471.18,795.47,546.57,0.1140,2.9,1.65,2.92,-2.32,3.03,49.92,1.72,-10.00
17,6,-1.00,-1.00,-1.00,-1.00,0.1096,4.0,2.99,13.06,-26.29,1.59,-9.80,1.74,-10.00
17,6,-1.00,-1.00,-1.00,-1.00,0.1068,4.1,2.95,15.84,25.27,0.01,-44.53,-3.12,-10.00
17,6,-1.00,-1.00,-1.00,-1.00,0.1058,4.1,2.98,16.19,19.82,0.58,-13.97,-2.93,-10.00
18,6,-1.00,-1.00,-1.00,-1.00,0.6020,4.3,2.87,17.23,17.55,1.85,-1.28,1.55,-10.00
18,6,215.70,397.88,436.64,613.52,0.2962,3.0,1.78,2.99,-7.41,2.06,18.86,1.72,-10.00
18,6,-1.00,-1.00,-1.00,-1.00,0.2780,4.3,2.73,16.86,15.51,1.07,-11.43,1.66,-10.00
18,6,-1.00,-1.00,-1.00,-1.00,0.1550,4.4,2.81,18.66,23.95,0.75,-34.51,-1.63,-10.00
18,6,-1.00,-1.00,-1.00,-1.00,0.1481,4.1,2.94,14.28,27.81,0.42,-41.33,-2.79,-10.00
18,6,-1.00,-1.00,-1.00,-1.00,0.1269,4.4,2.84,15.73,19.18,1.17,-8.70,-1.59,-10.00
18,6,-1.00,-1.00,-1.00,-1.00,0.1104,4.4,2.78,18.12,21.71,0.65,-26.90,1.58,-10.00
18,6,-1.00,-1.00,-1.00,-1.00,0.1041,4.2,2.95,16.01,18.23,0.86,-15.07,-3.09,-10.00
18,6,-1.00,-1.00,-1.00,-1.00,0.1013,4.2,2.91,15.62,1.22,1.07,-33.90,-1.59,-10.00
19,6,0.00,365.48,302.80,631.41,0.3000,2.9,1.83,2.88,-8.12,1.86,15.37,1.75,-10.00
19,6,-1.00,-1.00,-1.00,-1.00,0.2786,4.4,2.91,16.86,15.66,1.33,-8.24,-1.60,-10.00
19,6,-1.00,-1.00,-1.00,-1.00,0.2450,4.2,3.08,16.35,18.33,2.19,-0.68,3.13,-10.00
19,6,-1.00,-1.00,-1.00,-1.00,0.1795,4.2,3.41,15.39,-29.32,-0.38,-36.31,1.55,-10.00
19,6,-1.00,-1.00,-1.00,-1.00,0.1722,3.8,2.87,12.00,-25.17,1.68,-19.53,1.69,-10.00
19,6,-1.00,-1.00,-1.00,-1.00,0.1643,4.4,2.88,17.17,17.63,1.38,-7.58,-1.76,-10.00
19,6,-1.00,-1.00,-1.00,-1.00,0.1093,4.0,3.00,14.41,-21.64,1.63,-22.54,1.56,-10.00
19,6,-1.00,-1.00,-1.00,-1.00,0.1089,3.6,3.00,15.92,-45.97,2.83,-34.96,0.00,-10.00
19,6,-1.00,-1.00,-1.00,-1.00,0.1077,4.4,2.94,16.05,21.85,1.24,-6.47,1.69,-10.00
19,6,-1.00,-1.00,-1.00,-1.00,0.1075,3.9,3.22,14.82,15.08,1.20,-41.99,0.03,-10.00
19,6,-1.00,-1.00,-1.00,-1.00,0.1063,4.4,2.82,18.23,37.98,1.61,-6.20,1.59,-10.00
19,6,-1.00,-1.00,-1.00,-1.00,0.1042,4.0,3.06,15.78,-37.51,3.40,-30.34,-3.03,-10.00
19,6,-1.00,-1.00,-1.00,-1.00,0.1015,4.2,2.92,16.87,30.26,2.30,6.58,-1.47,-10.00
19,6,0.00,329.15,187.06,679.50,0.1011,3.0,1.97,3.98,-8.69,1.91,12.81,1.66,-10.00
20,6,0.00,305.41,68.89,683.64,0.2798,2.9,1.79,2.90,-8.71,1.74,11.29,1.66,-10.00
20,6,-1.00,-1.00,-1.00,-1.00,0.1940,4.1,3.02,14.95,20.19,1.93,-3.94,-3.14,-10.00
20,6,-1.00,-1.00,-1.00,-1.00,0.1613,2.7,2.78,14.91,34.35,1.96,-3.49,-0.02,-10.00
20,6,-1.00,-1.00,-1.00,-1.00,0.1581,4.4,3.18,17.57,14.84,1.20,-13.34,-1.61,-10.00
20,6,-1.00,-1.00,-1.00,-1.00,0.1482,4.3,2.65,17.13,38.34,2.07,-5.81,1.54,-10.00
20,6,-1.00,-1.00,-1.00,-1.00,0.1433,4.3,3.17,14.46,31.67,2.04,-0.37,3.13,-10.00
20,6,1104.68,300.11,1488.70,575.17,0.1202,4.2,2.90,16.01,8.93,2.03,27.14,1.62,-10.00
20,6,-1.00,-1.00,-1.00,-1.00,0.1010,3.5,2.80,13.08,25.44,1.77,-1.96,3.10,-10.00
21,6,-1.00,-1.00,-1.00,-1.00,0.2851,3.0,1.77,2.94,-9.05,1.53,7.59,1.66,-10.00
21,6,-1.00,-1.00,-1.00,-1.00,0.2265,3.4,3.06,16.06,-2.82,-1.98,-40.10,3.12,-10.00
21,6,-1.00,-1.00,-1.00,-1.00,0.1914,4.1,3.00,14.05,19.62,0.87,-22.19,3.12,-10.00
21,6,0.00,540.23,198.06,653.42,0.1621,3.4,3.06,16.16,-29.59,5.75,41.04,-0.05,-10.00
21,6,-1.00,-1.00,-1.00,-1.00,0.1591,4.1,2.93,15.36,-25.17,2.29,8.77,-1.54,-10.00
21,6,-1.00,-1.00,-1.00,-1.00,0.1461,4.4,3.11,17.23,14.79,1.01,-15.05,1.58,-10.00
21,6,-1.00,-1.00,-1.00,-1.00,0.1365,4.2,3.09,14.95,19.73,1.17,-20.08,3.08,-10.00
21,6,-1.00,-1.00,-1.00,-1.00,0.1132,3.4,3.01,15.77,-44.45,1.55,-44.43,-0.02,-10.00
22,6,-1.00,-1.00,-1.00,-1.00,0.3057,2.9,1.75,2.85,-9.15,1.34,3.83,1.64,-10.00
22,6,-1.00,-1.00,-1.00,-1.00,0.1932,3.5,3.01,13.97,25.04,-0.19,-12.63,3.07,-10.00
22,6,-1.00,-1.00,-1.00,-1.00,0.1474,4.1,3.02,13.37,22.34,1.89,-51.71,-3.10,-10.00
22,6,-1.00,-1.00,-1.00,-1.00,0.1385,3.9,2.78,11.46,-6.33,-1.08,-48.44,-1.55,-10.00
22,6,-1.00,-1.00,-1.00,-1.00,0.1279,3.7,3.21,11.38,-24.21,1.65,-30.74,1.57,-10.00
22,6,331.02,480.34,775.87,601.27,0.1127,4.0,2.95,15.19,-9.48,4.54,44.68,-3.14,-10.00
22,6,-1.00,-1.00,-1.00,-1.00,0.1117,3.0,2.85,16.07,-43.90,5.37,35.87,-0.05,-10.00
22,6,0.00,473.34,105.73,628.36,0.1105,4.2,2.80,16.34,-29.81,4.74,42.31,-1.66,-10.00
23,6,-1.00,-1.00,-1.00,-1.00,0.2880,3.0,1.87,3.06,-8.88,1.30,-0.27,1.56,-10.00
23,6,-1.00,-1.00,-1.00,-1.00,0.1809,3.5,2.99,16.15,-30.87,4.50,32.06,3.10,-10.00
23,6,-1.00,-1.00,-1.00,-1.00,0.1661,3.0,2.87,16.24,-41.85,4.77,31.72,-0.13,-10.00
23,6,-1.00,-1.00,-1.00,-1.00,0.1489,3.9,2.92,14.53,21.11,0.51,-30.73,3.10,-10.00
23,6,-1.00,-1.00,-1.00,-1.00,0.1411,3.7,3.04,10.75,-24.18,1.05,-34.50,1.59,-10.00
23,6,-1.00,-1.00,-1.00,-1.00,0.1318,3.0,2.86,14.48,22.39,0.37,-16.72,-0.10,-10.00
23,6,0.00,502.85,60.81,657.48,0.1036,3.9,3.02,15.72,-29.30,4.94,34.07,0.10,-10.00
24,6,-1.00,-1.00,-1.00,-1.00,0.3768,3.8,3.03,8.10,-24.17,1.53,-37.28,1.59,-10.00
24,6,-1.00,-1.00,-1.00,-1.00,0.2810,3.1,1.88,3.27,-9.06,1.07,-3.78,1.55,-10.00
24,6,-1.00,-1.00,-1.00,-1.00,0.2322,4.3,3.23,15.81,-49.71,2.50,40.59,1.39,-10.00
24,6,1469.74,538.42,1600.00,683.81,0.1770,3.8,2.96,15.04,26.57,5.81,35.41,0.02,-10.00
24,6,-1.00,-1.00,-1.00,-1.00,0.1257,4.0,2.76,12.68,-27.67,1.69,-54.15,-1.12,-10.00
24,6,961.42,504.21,1025.00,583.34,0.1071,2.9,1.88,4.24,6.42,4.32,48.69,1.57,-10.00
25,6,-1.00,-1.00,-1.00,-1.00,0.3879,3.9,2.90,8.68,-24.03,1.63,-41.01,1.57,-10.00
25,6,-1.00,-1.00,-1.00,-1.00,0.2794,2.9,1.76,2.73,-9.15,1.41,-8.48,1.55,-10.00
25,6,-1.00,-1.00,-1.00,-1.00,0.2121,3.8,2.79,13.62,12.73,1.41,-17.06,1.49,-10.00
25,6,1445.63,502.32,1600.00,691.68,0.1409,4.3,3.20,15.65,24.03,5.21,31.02,-3.13,-10.00
25,6,-1.00,-1.00,-1.00,-1.00,0.1378,4.3,3.22,15.75,-49.98,2.25,36.82,1.41,-10.00
26,6,-1.00,-1.00,-1.00,-1.00,0.4066,2.7,3.15,14.23,12.54,1.39,-18.57,-1.68,-10.00
26,6,-1.00,-1.00,-1.00,-1.00,0.2787,2.9,1.78,2.62,-9.14,1.33,-12.29,-1.57,-10.00
26,6,-1.00,-1.00,-1.00,-1.00,0.2725,3.9,2.87,9.25,-24.16,1.10,-45.27,1.60,-10.00
26,6,-1.00,-1.00,-1.00,-1.00,0.1862,4.1,2.97,15.39,15.20,0.88,-23.07,3.02,-10.00
26,6,-1.00,-1.00,-1.00,-1.00,0.1622,3.1,2.74,11.45,37.47,2.57,-15.36,-0.11,-10.00
26,6,1401.87,467.09,1600.00,684.83,0.1485,4.2,3.11,16.35,21.10,4.28,27.16,3.02,-10.00
26,6,560.00,494.56,671.39,634.28,0.1439,4.2,2.95,15.29,-7.31,5.35,45.46,1.47,-10.00
26,6,-1.00,-1.00,-1.00,-1.00,0.1153,4.1,3.34,14.57,-49.86,3.55,32.35,1.34,-10.00
26,6,475.65,527.24,631.88,671.68,0.1143,4.2,3.00,14.97,-9.14,6.29,44.18,-1.62,-10.00
26,6,0.00,507.88,195.47,601.52,0.1089,2.4,1.77,5.18,-20.44,3.50,34.68,2.07,-10.00
26,6,944.50,407.49,1086.35,556.08,0.1051,4.2,2.87,16.60,6.18,2.90,44.16,1.60,-10.00
27,6,-1.00,-1.00,-1.00,-1.00,0.3340,4.0,2.93,8.66,-24.05,1.50,-50.33,1.64,-10.00
27,6,-1.00,-1.00,-1.00,-1.00,0.2812,3.0,2.82,9.02,-26.80,1.78,-47.62,0.00,-10.00
27,6,-1.00,-1.00,-1.00,-1.00,0.2632,2.9,1.75,2.71,-9.17,1.31,-17.06,-1.56,-10.00
27,6,-1.00,-1.00,-1.00,-1.00,0.1661,4.1,3.04,15.51,16.47,1.16,-26.16,3.07,-10.00
27,6,-1.00,-1.00,-1.00,-1.00,0.1633,4.0,3.15,12.93,36.82,2.77,-20.03,-0.13,-10.00
27,6,-1.00,-1.00,-1.00,-1.00,0.1489,4.0,2.81,13.71,-27.08,2.91,30.98,1.41,-10.00
27,6,-1.00,-1.00,-1.00,-1.00,0.1134,4.2,2.96,16.71,25.80,0.34,-26.79,-3.10,-10.00
28,6,-1.00,-1.00,-1.00,-1.00,0.2444,2.9,1.85,2.67,-9.27,1.51,-20.72,1.55,-10.00
28,6,-1.00,-1.00,-1.00,-1.00,0.2173,3.2,3.05,15.52,13.39,1.87,-32.74,1.48,-10.00
28,6,-1.00,-1.00,-1.00,-1.00,0.1533,4.1,2.98,11.09,38.10,-0.43,-44.54,-3.02,-10.00
28,6,-1.00,-1.00,-1.00,-1.00,0.1166,2.6,2.11,5.27,25.34,2.13,12.40,-1.64,-10.00
28,6,-1.00,-1.00,-1.00,-1.00,0.1060,4.4,2.86,17.56,40.08,0.66,-33.05,1.50,-10.00
28,6,-1.00,-1.00,-1.00,-1.00,0.1051,3.8,3.02,16.01,-47.53,4.19,10.01,-0.06,-10.00
29,6,-1.00,-1.00,-1.00,-1.00,0.2829,2.8,1.81,2.55,-9.41,1.67,-24.55,-1.55,-10.00
29,6,-1.00,-1.00,-1.00,-1.00,0.1745,4.3,3.17,15.87,25.61,1.34,23.68,-3.03,-10.00
29,6,-1.00,-1.00,-1.00,-1.00,0.1612,3.4,2.98,13.87,19.68,0.99,-47.11,3.14,-10.00
29,6,-1.00,-1.00,-1.00,-1.00,0.1226,3.4,3.11,15.04,21.01,1.11,-44.39,-1.52,-10.00
29,6,996.11,476.61,1081.00,555.76,0.1102,1.7,1.52,2.46,4.79,1.93,28.57,1.58,-10.00
29,6,-1.00,-1.00,-1.00,-1.00,0.1097,4.2,3.08,15.69,23.94,1.66,21.94,-2.89,-10.00
29,6,-1.00,-1.00,-1.00,-1.00,0.1083,4.2,3.14,15.96,15.56,0.48,-33.03,-3.11,-10.00
29,6,-1.00,-1.00,-1.00,-1.00,0.1069,4.1,2.94,15.95,36.90,0.89,-36.88,1.30,-10.00
29,6,-1.00,-1.00,-1.00,-1.00,0.1032,3.8,2.95,15.12,19.09,0.35,-44.60,2.97,-10.00
29,6,-1.00,-1.00,-1.00,-1.00,0.1004,4.2,3.01,16.86,25.75,0.80,26.08,2.98,-10.00
30,6,-1.00,-1.00,-1.00,-1.00,0.2580,2.9,1.84,2.58,-9.38,1.39,-28.50,-1.54,-10.00
30,6,-1.00,-1.00,-1.00,-1.00,0.2016,4.4,2.75,18.19,28.61,3.98,22.13,1.54,-10.00
30,6,0.00,446.55,2.32,669.83,0.1784,3.5,2.95,16.09,-23.80,3.21,22.02,-0.07,-10.00
30,6,-1.00,-1.00,-1.00,-1.00,0.1693,3.3,2.98,14.74,19.47,0.82,-44.42,-0.08,-10.00
30,6,-1.00,-1.00,-1.00,-1.00,0.1594,4.2,2.99,16.00,-28.26,3.09,33.55,1.39,-10.00
30,6,-1.00,-1.00,-1.00,-1.00,0.1352,3.6,3.06,13.70,-30.05,2.39,15.45,-0.13,-10.00
30,6,-1.00,-1.00,-1.00,-1.00,0.1106,4.3,2.66,17.28,26.61,4.04,22.74,-1.59,-10.00
30,6,-1.00,-1.00,-1.00,-1.00,0.1101,4.3,2.81,17.63,36.93,3.86,28.33,-1.69,-10.00
30,6,-1.00,-1.00,-1.00,-1.00,0.1048,4.2,3.03,16.23,29.04,4.27,23.88,-0.03,-10.00
30,6,-1.00,-1.00,-1.00,-1.00,0.1000,4.0,2.97,15.08,27.23,-1.18,-50.29,1.60,-10.00
31,6,-1.00,-1.00,-1.00,-1.00,0.2817,2.8,1.72,2.59,-9.59,1.34,-31.52,-1.54,-10.00
31,6,-1.00,-1.00,-1.00,-1.00,0.1738,4.1,2.93,15.52,-26.13,1.62,-27.35,-1.54,-10.00
31,6,-1.00,-1.00,-1.00,-1.00,0.1027,4.0,2.88,14.50,-25.93,1.81,-14.35,1.57,-10.00
31,6,-1.00,-1.00,-1.00,-1.00,0.1008,3.7,2.90,15.42,35.13,4.23,21.27,-0.02,-10.00
32,6,-1.00,-1.00,-1.00,-1.00,0.2919,2.8,1.69,2.53,-9.63,1.55,-35.00,-1.55,-10.00
32,6,-1.00,-1.00,-1.00,-1.00,0.2259,4.1,3.15,14.55,-50.19,3.56,9.60,1.35,-10.00
33,6,-1.00,-1.00,-1.00,-1.00,0.2380,2.7,1.56,2.26,-9.75,1.31,-38.90,-1.57,-10.00
33,6,-1.00,-1.00,-1.00,-1.00,0.2028,4.2,3.06,15.82,-19.51,2.25,17.86,-1.52,-10.00
33,6,-1.00,-1.00,-1.00,-1.00,0.1773,4.1,3.25,13.60,-50.43,3.03,5.23,1.41,-10.00
33,6,0.00,434.32,115.42,571.63,0.1272,4.0,2.81,14.39,-30.10,3.36,43.91,1.52,-10.00
33,6,-1.00,-1.00,-1.00,-1.00,0.1260,3.2,2.68,11.83,-10.27,0.93,-42.73,1.62,-10.00
33,6,-1.00,-1.00,-1.00,-1.00,0.1133,4.2,2.98,16.66,-25.99,2.52,-19.60,1.56,-10.00
33,6,878.31,382.70,1017.55,532.64,0.1106,4.2,2.92,16.31,3.83,2.16,44.23,1.55,-10.00
33,6,-1.00,-1.00,-1.00,-1.00,0.1019,2.9,3.17,14.02,-39.09,2.31,3.81,-0.08,-10.00
34,6,-1.00,-1.00,-1.00,-1.00,0.3015,2.6,1.54,2.25,-9.89,1.27,-42.74,-1.55,-10.00
34,6,-1.00,-1.00,-1.00,-1.00,0.1816,4.2,2.89,16.46,-20.04,2.13,14.09,1.70,-10.00
34,6,0.00,432.12,132.50,575.29,0.1447,4.3,2.91,17.29,-31.67,3.62,46.26,1.54,-10.00
34,6,0.00,368.90,67.85,600.60,0.1370,4.1,3.18,16.71,-24.36,2.39,24.57,-0.03,-10.00
34,6,-1.00,-1.00,-1.00,-1.00,0.1273,2.6,2.22,6.44,-10.26,1.25,-45.48,-1.52,-10.00
34,6,-1.00,-1.00,-1.00,-1.00,0.1266,1.7,1.53,2.67,-11.17,0.65,-43.33,-0.14,-10.00
34,6,-1.00,-1.00,-1.00,-1.00,0.1192,3.8,3.04,11.52,-50.54,1.88,1.23,1.43,-10.00
34,6,-1.00,-1.00,-1.00,-1.00,0.1129,4.1,2.82,13.36,-21.22,2.42,22.16,-1.56,-10.00
34,6,-1.00,-1.00,-1.00,-1.00,0.1062,4.1,3.16,13.89,-28.06,1.53,-53.94,2.24,-10.00
35,6,-1.00,-1.00,-1.00,-1.00,0.2611,2.3,1.46,2.69,-9.73,1.99,-47.00,-1.54,-10.00
35,6,-1.00,-1.00,-1.00,-1.00,0.1475,2.2,1.53,2.10,-10.20,1.87,-48.53,-1.56,-10.00
35,6,-1.00,-1.00,-1.00,-1.00,0.1423,3.5,2.99,16.25,-30.93,1.61,-4.90,-0.11,-10.00
35,6,-1.00,-1.00,-1.00,-1.00,0.1191,3.7,2.82,15.80,-31.88,2.52,0.64,2.52,-10.00
35,6,1277.24,361.91,1600.00,488.66,0.1184,4.2,3.01,14.74,24.25,0.55,45.27,3.13,-10.00
35,6,327.48,348.11,627.76,542.12,0.1135,4.2,3.17,16.16,-8.86,1.99,35.27,1.62,-10.00
35,6,-1.00,-1.00,-1.00,-1.00,0.1010,4.3,3.24,14.84,-52.75,0.90,1.95,0.48,-10.00
36,6,-1.00,-1.00,-1.00,-1.00,0.2064,3.0,2.98,15.74,-30.48,1.93,-9.14,-0.10,-10.00
36,6,0.00,428.48,172.18,564.50,0.1999,3.7,3.00,17.20,-28.50,2.61,36.19,-0.06,-10.00
36,6,1039.01,415.92,1124.98,506.16,0.1929,3.2,2.10,3.28,9.46,1.30,46.66,1.43,-10.00
36,6,-1.00,-1.00,-1.00,-1.00,0.1929,4.3,3.13,14.79,22.82,0.61,-13.91,-3.13,-10.00
36,6,-1.00,-1.00,-1.00,-1.00,0.1900,2.9,1.77,2.61,-10.02,0.76,-51.50,-1.61,-10.00
36,6,-1.00,-1.00,-1.00,-1.00,0.1673,4.1,2.92,13.71,17.19,0.04,-18.47,-1.58,-10.00
36,6,-1.00,-1.00,-1.00,-1.00,0.1297,3.0,3.02,16.46,-30.72,1.69,-7.04,-0.13,-10.00
36,6,-1.00,-1.00,-1.00,-1.00,0.1062,3.4,3.03,16.49,-24.96,2.23,15.86,-0.01,-10.00
36,6,-1.00,-1.00,-1.00,-1.00,0.1059,4.3,3.12,14.23,-50.55,1.72,-3.63,1.22,-10.00
36,6,-1.00,-1.00,-1.00,-1.00,0.1059,4.2,2.94,15.51,25.74,1.10,-4.27,3.11,-10.00
36,6,-1.00,-1.00,-1.00,-1.00,0.1057,4.3,2.96,15.98,20.78,2.98,14.33,-1.78,-10.00
37,6,1108.20,379.26,1207.30,482.98,0.2548,3.3,1.94,3.06,11.40,0.38,43.33,-1.86,-10.00
37,6,-1.00,-1.00,-1.00,-1.00,0.1931,2.5,2.97,15.24,6.62,1.65,-33.17,1.56,-10.00
37,6,-1.00,-1.00,-1.00,-1.00,0.1405,4.3,2.90,16.73,21.05,2.28,5.69,-1.71,-10.00
37,6,-1.00,-1.00,-1.00,-1.00,0.1344,4.0,3.17,15.83,-24.28,1.96,12.98,0.04,-10.00
37,6,1597.50,258.89,1600.00,820.87,0.1281,4.4,2.97,15.39,18.49,3.14,17.59,-1.80,-10.00
37,6,-1.00,-1.00,-1.00,-1.00,0.1130,4.0,2.81,9.58,47.33,1.42,10.11,2.74,-10.00
37,6,-1.00,-1.00,-1.00,-1.00,0.1078,3.9,3.02,12.16,-50.51,1.83,-10.83,1.45,-10.00
37,6,1120.73,388.42,1212.46,492.60,0.1013,3.2,2.16,3.38,11.16,0.67,41.35,1.61,-10.00
38,6,-1.00,-1.00,-1.00,-1.00,0.2223,4.2,3.12,13.36,-50.75,2.37,-14.73,1.42,-10.00
38,6,1104.70,383.70,1600.00,523.96,0.1510,4.1,2.98,15.23,16.75,1.62,39.47,-0.01,-10.00
38,6,1583.23,349.31,1600.00,531.69,0.1356,4.2,2.96,14.48,26.43,1.43,30.46,3.09,-10.00
38,6,0.00,451.22,89.23,566.14,0.1298,4.0,2.93,16.43,-36.90,3.44,46.55,3.00,-10.00
38,6,-1.00,-1.00,-1.00,-1.00,0.1082,4.2,2.92,15.74,7.10,1.04,-36.78,-1.57,-10.00
38,6,1112.47,362.08,1600.00,521.05,0.1078,4.2,2.96,15.50,16.54,1.41,37.36,0.21,-10.00
38,6,-1.00,-1.00,-1.00,-1.00,0.1047,4.3,2.90,15.87,21.11,2.13,3.88,-1.80,-10.00
39,6,-1.00,-1.00,-1.00,-1.00,0.2850,3.6,2.87,9.47,-50.52,2.32,-19.29,1.38,-10.00
39,6,-1.00,-1.00,-1.00,-1.00,0.2545,4.3,2.94,16.04,20.33,2.50,3.87,-1.79,-10.00
40,6,-1.00,-1.00,-1.00,-1.00,0.1363,4.0,2.78,13.82,-21.46,1.94,2.78,1.66,-10.00
40,6,-1.00,-1.00,-1.00,-1.00,0.1285,3.9,3.03,11.12,-50.63,1.48,-27.19,-1.68,-10.00
40,6,-1.00,-1.00,-1.00,-1.00,0.1188,3.9,2.88,15.00,-20.33,2.29,-13.80,1.74,-10.00
40,6,-1.00,-1.00,-1.00,-1.00,0.1048,4.2,3.04,12.87,-50.73,2.35,-18.90,1.20,-10.00
