0,6,1228.33,234.99,1600.00,551.29,0.2574,4.1,3.00,16.29,14.48,1.12,18.70,3.02,-10.00
0,6,-1.00,-1.00,-1.00,-1.00,0.1514,4.1,3.24,15.08,-19.28,1.24,-53.42,1.68,-10.00
0,6,-1.00,-1.00,-1.00,-1.00,0.1490,3.0,2.83,16.72,-42.00,3.79,27.45,0.13,-10.00
0,6,-1.00,-1.00,-1.00,-1.00,0.1479,4.1,2.97,14.89,16.89,-0.57,-20.25,-3.08,-10.00
0,6,1313.00,215.57,1600.00,569.58,0.1360,4.1,2.96,15.71,15.01,1.22,16.67,-3.11,-10.00
0,6,1206.20,172.16,1600.00,537.12,0.1241,4.1,2.95,14.81,9.18,1.15,21.72,1.73,-10.00
0,6,-1.00,-1.00,-1.00,-1.00,0.1209,3.4,2.91,10.64,6.52,-2.63,-52.49,-1.51,-10.00
0,6,-1.00,-1.00,-1.00,-1.00,0.1167,3.4,2.76,11.58,18.90,0.85,16.00,1.65,-10.00
1,6,-1.00,-1.00,-1.00,-1.00,0.2454,3.3,2.94,16.87,-33.15,2.54,18.25,-0.02,-10.00
1,6,-1.00,-1.00,-1.00,-1.00,0.1308,4.1,2.77,13.82,-40.93,1.58,47.33,1.57,-10.00
1,6,-1.00,-1.00,-1.00,-1.00,0.1227,4.1,3.04,15.11,19.07,1.20,12.95,-1.45,-10.00
1,6,-1.00,-1.00,-1.00,-1.00,0.1031,4.1,2.94,14.53,31.67,0.71,9.07,-3.14,-10.00
1,6,-1.00,-1.00,-1.00,-1.00,0.1010,4.0,3.00,14.94,-44.01,1.34,44.94,0.08,-10.00
1,6,-1.00,-1.00,-1.00,-1.00,0.1008,4.0,2.95,13.63,29.44,0.20,-54.46,2.26,-10.00
2,6,-1.00,-1.00,-1.00,-1.00,0.1731,4.2,2.95,9.40,39.13,1.97,11.74,1.44,-10.00
2,6,-1.00,-1.00,-1.00,-1.00,0.1694,4.4,3.21,14.54,32.42,0.95,4.62,3.08,-10.00
2,6,-1.00,-1.00,-1.00,-1.00,0.1483,4.0,2.81,14.30,-38.39,3.44,7.60,-1.49,-10.00
2,6,-1.00,-1.00,-1.00,-1.00,0.1481,3.5,2.93,14.70,-42.30,3.12,41.09,3.11,-10.00
2,6,-1.00,-1.00,-1.00,-1.00,0.1386,4.0,3.30,15.47,26.99,0.87,8.39,1.55,-10.00
2,6,-1.00,-1.00,-1.00,-1.00,0.1224,4.1,3.19,15.67,-18.77,1.17,-42.67,1.65,-10.00
2,6,1019.30,364.20,1600.00,522.53,0.1061,4.2,2.99,15.97,13.82,1.43,36.42,0.06,-10.00
3,6,-1.00,-1.00,-1.00,-1.00,0.2318,3.6,3.06,15.36,23.48,0.04,0.68,-1.58,-10.00
3,6,1288.58,369.10,1600.00,539.29,0.1703,4.0,3.16,14.82,19.89,1.71,32.08,-3.13,-10.00
3,6,-1.00,-1.00,-1.00,-1.00,0.1532,4.2,3.15,14.67,21.28,0.87,-41.58,-3.14,-10.00
3,6,-1.00,-1.00,-1.00,-1.00,0.1396,4.2,3.02,14.34,32.53,-0.22,5.42,-3.12,-10.00
3,6,0.00,449.85,237.91,590.35,0.1382,4.1,2.99,16.20,-27.33,3.57,38.94,3.04,-10.00
3,6,-1.00,-1.00,-1.00,-1.00,0.1309,4.2,3.14,14.30,19.87,0.71,-51.59,-3.10,-10.00
3,6,-1.00,-1.00,-1.00,-1.00,0.1109,4.2,3.01,15.43,31.34,-0.26,-9.14,-3.11,-10.00
3,6,-1.00,-1.00,-1.00,-1.00,0.1034,4.2,3.19,16.54,14.92,0.13,-47.32,-1.60,-10.00
4,6,0.00,431.42,176.91,591.15,0.2956,4.2,3.09,16.24,-27.24,3.28,35.35,0.02,-10.00
4,6,1226.81,318.45,1600.00,533.29,0.2936,4.3,3.17,16.64,14.65,1.66,33.90,1.63,-10.00
4,6,-1.00,-1.00,-1.00,-1.00,0.2874,4.3,3.22,15.23,21.40,0.69,-45.62,-3.10,-10.00
4,6,-1.00,-1.00,-1.00,-1.00,0.1862,4.2,2.85,14.02,31.31,-0.59,-13.57,-3.07,-10.00
4,6,-1.00,-1.00,-1.00,-1.00,0.1455,4.1,3.02,13.16,23.63,0.07,-10.03,-3.05,-10.00
4,6,-1.00,-1.00,-1.00,-1.00,0.1325,3.6,3.04,14.81,23.38,-0.04,-3.10,1.63,-10.00
4,6,1240.68,350.66,1600.00,526.26,0.1238,4.3,3.04,16.40,19.44,1.39,32.76,-0.09,-10.00
4,6,-1.00,-1.00,-1.00,-1.00,0.1217,3.8,3.06,12.71,-22.85,2.39,-1.04,0.02,-10.00
4,6,-1.00,-1.00,-1.00,-1.00,0.1100,4.2,3.06,16.08,21.83,0.95,-41.56,-1.54,-10.00
4,6,-1.00,-1.00,-1.00,-1.00,0.1094,3.9,3.22,16.27,26.11,0.25,-4.26,1.64,-10.00
4,6,-1.00,-1.00,-1.00,-1.00,0.1092,3.4,2.78,8.79,18.83,1.36,14.63,1.62,-10.00
4,6,-1.00,-1.00,-1.00,-1.00,0.1061,4.2,3.11,14.48,20.38,-0.25,-47.88,-2.95,-10.00
5,6,-1.00,-1.00,-1.00,-1.00,0.4071,4.3,3.17,14.56,20.47,0.52,-45.89,-3.12,-10.00
5,6,-1.00,-1.00,-1.00,-1.00,0.2182,4.2,3.08,15.60,23.26,0.63,-8.19,-1.53,-10.00
5,6,-1.00,-1.00,-1.00,-1.00,0.1558,4.2,3.11,14.39,20.98,0.79,-34.80,3.05,-10.00
5,6,-1.00,-1.00,-1.00,-1.00,0.1544,3.8,3.05,12.34,26.97,-0.29,-1.24,-1.55,-10.00
5,6,-1.00,-1.00,-1.00,-1.00,0.1283,4.1,2.92,14.74,28.64,-0.50,-18.22,-3.12,-10.00
5,6,-1.00,-1.00,-1.00,-1.00,0.1085,4.2,3.04,15.45,32.66,0.84,12.95,-3.08,-10.00
5,6,-1.00,-1.00,-1.00,-1.00,0.1064,3.1,2.72,8.24,18.83,1.42,9.03,-1.52,-10.00
6,6,-1.00,-1.00,-1.00,-1.00,0.4809,4.2,3.45,13.06,26.78,-0.37,-6.56,-1.58,-10.00
6,6,-1.00,-1.00,-1.00,-1.00,0.3208,4.3,3.01,17.23,15.16,0.14,-30.06,-1.48,-10.00
6,6,-1.00,-1.00,-1.00,-1.00,0.2617,4.2,3.16,15.43,21.55,1.12,-33.59,3.12,-10.00
6,6,-1.00,-1.00,-1.00,-1.00,0.1824,4.1,3.09,14.90,11.91,-0.12,-53.71,-1.50,-10.00
6,6,-1.00,-1.00,-1.00,-1.00,0.1447,4.1,3.22,14.90,23.16,0.28,-13.23,1.55,-10.00
6,6,-1.00,-1.00,-1.00,-1.00,0.1440,4.2,3.07,14.95,21.11,0.80,-35.65,-3.06,-10.00
6,6,1099.67,309.08,1541.02,539.05,0.1273,4.1,2.81,13.75,10.36,1.59,29.27,-1.74,-10.00
6,6,-1.00,-1.00,-1.00,-1.00,0.1152,4.1,2.94,15.22,26.46,1.55,25.44,3.08,-10.00
6,6,-1.00,-1.00,-1.00,-1.00,0.1046,3.9,2.73,13.17,-39.32,2.53,-2.83,1.56,-10.00
7,6,-1.00,-1.00,-1.00,-1.00,0.2304,4.1,2.97,14.08,24.03,0.27,-25.51,-2.93,-10.00
7,6,1196.65,340.82,1482.74,520.23,0.1954,4.2,3.00,15.85,15.04,1.43,38.98,1.62,-10.00
7,6,-1.00,-1.00,-1.00,-1.00,0.1531,4.2,2.96,12.11,26.73,-0.28,-10.53,-1.52,-10.00
7,6,-1.00,-1.00,-1.00,-1.00,0.1464,3.5,2.95,15.25,30.91,1.08,19.52,-3.04,-10.00
7,6,-1.00,-1.00,-1.00,-1.00,0.1424,4.2,2.94,14.38,31.35,-0.06,-7.25,-3.09,-10.00
7,6,-1.00,-1.00,-1.00,-1.00,0.1307,4.4,3.03,16.57,26.02,1.85,16.66,1.71,-10.00
7,6,-1.00,-1.00,-1.00,-1.00,0.1286,4.1,3.00,16.65,-39.18,3.02,17.50,-0.12,-10.00
7,6,-1.00,-1.00,-1.00,-1.00,0.1114,3.6,2.92,14.95,-40.47,-0.40,-26.26,0.05,-10.00
8,6,-1.00,-1.00,-1.00,-1.00,0.2316,3.5,2.96,10.26,22.92,-0.34,-21.95,-1.52,-10.00
8,6,-1.00,-1.00,-1.00,-1.00,0.2045,4.3,3.23,15.05,31.60,0.99,14.34,-3.05,-10.00
8,6,-1.00,-1.00,-1.00,-1.00,0.1588,3.4,2.67,11.85,-33.79,2.45,-1.15,-1.57,-10.00
8,6,-1.00,-1.00,-1.00,-1.00,0.1257,4.3,3.21,13.81,27.05,-0.70,-16.72,-1.65,-10.00
8,6,1180.80,341.38,1424.79,511.74,0.1075,4.3,2.87,15.63,15.12,1.22,41.83,-1.52,-10.00
8,6,-1.00,-1.00,-1.00,-1.00,0.1057,4.2,3.16,15.95,12.03,-0.35,-46.99,-1.54,-10.00
8,6,-1.00,-1.00,-1.00,-1.00,0.1033,4.1,3.01,16.04,22.01,1.83,17.25,-2.80,-10.00
8,6,1278.78,335.53,1600.00,540.79,0.1013,3.7,3.09,15.23,14.56,1.67,30.24,-1.47,-10.00
9,6,-1.00,-1.00,-1.00,-1.00,0.1557,4.2,3.09,13.84,-45.06,2.08,11.25,-0.03,-10.00
9,6,-1.00,-1.00,-1.00,-1.00,0.1549,4.4,3.21,16.82,23.36,1.30,8.60,3.03,-10.00
9,6,-1.00,-1.00,-1.00,-1.00,0.1509,4.7,3.09,17.32,25.88,1.60,6.89,1.74,-10.00
9,6,-1.00,-1.00,-1.00,-1.00,0.1467,4.2,2.98,14.98,31.30,-0.72,-16.97,-3.13,-10.00
9,6,1027.66,379.95,1185.56,523.64,0.1460,4.0,2.69,11.15,9.01,1.71,41.89,1.57,-10.00
9,6,1218.92,349.47,1578.94,532.12,0.1251,3.9,3.23,15.52,14.92,1.69,35.13,1.59,-10.00
9,6,-1.00,-1.00,-1.00,-1.00,0.1178,4.2,2.91,10.24,29.79,1.46,10.26,3.11,-10.00
9,6,1376.06,250.97,1600.00,553.84,0.1153,3.6,3.21,14.45,14.51,1.38,22.17,-1.56,-10.00
9,6,-1.00,-1.00,-1.00,-1.00,0.1001,2.9,2.86,8.02,-34.62,1.78,10.55,-1.51,-10.00
10,6,-1.00,-1.00,-1.00,-1.00,0.4417,3.3,3.11,15.60,34.51,0.08,-12.83,3.07,-10.00
10,6,-1.00,-1.00,-1.00,-1.00,0.3414,4.3,2.92,16.55,26.91,1.76,9.46,-1.58,-10.00
10,6,-1.00,-1.00,-1.00,-1.00,0.2914,4.4,3.38,16.77,42.59,-1.38,-22.33,-3.13,-10.00
10,6,-1.00,-1.00,-1.00,-1.00,0.2660,4.4,3.14,15.12,30.69,1.09,4.85,-0.08,-10.00
10,6,-1.00,-1.00,-1.00,-1.00,0.2165,4.4,2.84,17.80,25.29,1.89,7.27,-2.06,-10.00
10,6,-1.00,-1.00,-1.00,-1.00,0.1880,4.1,2.97,16.65,22.39,1.39,6.72,-2.81,-10.00
10,6,-1.00,-1.00,-1.00,-1.00,0.1279,4.2,2.95,14.95,-49.81,2.53,6.14,0.04,-10.00
10,6,1170.94,348.15,1513.48,528.11,0.1056,4.1,2.92,15.41,14.29,1.65,37.29,-1.63,-10.00
10,6,1035.81,355.71,1600.00,512.24,0.1037,4.1,2.94,15.08,13.87,1.12,36.24,0.02,-10.00
11,6,1171.17,377.44,1600.00,508.42,0.1363,4.2,3.04,15.14,20.13,1.24,43.94,0.02,-10.00
11,6,-1.00,-1.00,-1.00,-1.00,0.1357,4.2,3.17,14.52,26.49,-1.63,-32.04,-1.59,-10.00
11,6,-1.00,-1.00,-1.00,-1.00,0.1347,2.4,2.49,11.82,12.36,0.94,-29.05,1.61,-10.00
11,6,-1.00,-1.00,-1.00,-1.00,0.1276,2.5,2.86,16.33,-44.87,3.57,14.38,-0.06,-10.00
11,6,-1.00,-1.00,-1.00,-1.00,0.1160,4.0,2.95,13.87,-38.19,1.77,0.34,0.02,-10.00
11,6,-1.00,-1.00,-1.00,-1.00,0.1155,4.3,3.26,14.67,22.40,1.67,21.23,3.13,-10.00
11,6,-1.00,-1.00,-1.00,-1.00,0.1150,4.1,3.01,15.57,10.75,0.16,-38.16,3.14,-10.00
11,6,-1.00,-1.00,-1.00,-1.00,0.1114,3.9,3.00,17.30,-31.55,2.18,-1.41,0.03,-10.00
11,6,-1.00,-1.00,-1.00,-1.00,0.1077,4.2,2.92,16.35,27.58,1.27,14.17,-1.63,-10.00
11,6,-1.00,-1.00,-1.00,-1.00,0.1051,4.2,3.18,15.15,21.35,-1.13,-49.87,1.29,-10.00
12,6,1190.99,359.90,1441.55,528.64,0.1836,4.3,3.06,16.23,15.11,1.83,40.79,-1.48,-10.00
12,6,-1.00,-1.00,-1.00,-1.00,0.1598,4.3,3.08,15.57,28.59,0.71,-5.61,-3.14,-10.00
12,6,1161.51,398.62,1600.00,518.88,0.1319,4.2,2.97,15.30,20.66,1.74,46.95,0.02,-10.00
12,6,-1.00,-1.00,-1.00,-1.00,0.1271,2.9,2.84,9.98,12.42,0.94,-33.41,1.58,-10.00
12,6,-1.00,-1.00,-1.00,-1.00,0.1271,4.1,2.98,15.12,10.55,-0.05,-43.02,-0.03,-10.00
12,6,-1.00,-1.00,-1.00,-1.00,0.1261,3.7,2.98,14.99,28.36,0.60,-22.89,0.03,-10.00
12,6,-1.00,-1.00,-1.00,-1.00,0.1261,4.4,2.97,17.53,26.18,1.07,-7.40,1.52,-10.00
12,6,-1.00,-1.00,-1.00,-1.00,0.1198,4.3,3.17,15.26,26.41,-1.47,-38.03,-1.56,-10.00
12,6,-1.00,-1.00,-1.00,-1.00,0.1147,4.3,3.01,17.16,29.11,-1.45,-37.55,1.61,-10.00
13,6,1455.17,326.77,1600.00,530.44,0.2038,4.4,3.14,15.63,23.43,1.34,29.37,-3.14,-10.00
13,6,-1.00,-1.00,-1.00,-1.00,0.1709,3.4,3.11,12.33,-41.73,1.40,-39.61,-1.54,-10.00
13,6,-1.00,-1.00,-1.00,-1.00,0.1502,4.0,4.50,15.52,13.68,0.80,-36.52,-1.54,-10.00
13,6,-1.00,-1.00,-1.00,-1.00,0.1412,4.2,3.01,15.78,22.77,1.20,11.98,3.14,-10.00
13,6,-1.00,-1.00,-1.00,-1.00,0.1313,4.2,3.22,15.46,26.39,-1.96,-42.57,-1.62,-10.00
13,6,1374.52,224.05,1600.00,573.87,0.1121,4.2,2.94,15.71,14.85,1.66,22.90,-1.55,-10.00
13,6,-1.00,-1.00,-1.00,-1.00,0.1036,3.6,2.74,12.63,12.70,0.86,-45.83,-1.56,-10.00
13,6,160.66,403.01,412.94,532.49,0.1013,3.4,2.94,12.32,-16.72,1.96,40.26,1.55,-10.00
14,6,1214.91,362.00,1553.16,534.69,0.1893,3.9,3.08,15.29,15.12,1.84,36.33,1.58,-10.00
14,6,-1.00,-1.00,-1.00,-1.00,0.1726,3.3,3.36,14.14,13.74,0.92,-29.58,1.67,-10.00
14,6,-1.00,-1.00,-1.00,-1.00,0.1329,4.2,2.99,16.39,22.50,0.91,-14.54,-3.01,-10.00
14,6,-1.00,-1.00,-1.00,-1.00,0.1282,4.2,3.19,16.69,17.89,0.32,-36.92,1.60,-10.00
14,6,-1.00,-1.00,-1.00,-1.00,0.1265,3.1,2.27,5.28,13.08,0.26,-47.30,-1.58,-10.00
14,6,-1.00,-1.00,-1.00,-1.00,0.1107,4.4,2.84,18.14,26.82,1.19,-9.92,1.66,-10.00
14,6,-1.00,-1.00,-1.00,-1.00,0.1100,4.2,3.05,15.44,17.84,0.35,-49.36,1.61,-10.00
14,6,-1.00,-1.00,-1.00,-1.00,0.1054,4.0,3.02,15.06,-22.63,1.88,-17.24,-3.09,-10.00
15,6,1417.95,349.73,1600.00,548.79,0.3920,4.4,3.09,16.84,23.04,1.78,29.80,3.05,-10.00
15,6,-1.00,-1.00,-1.00,-1.00,0.3551,4.1,3.06,14.28,25.65,-1.32,-51.79,-1.57,-10.00
15,6,-1.00,-1.00,-1.00,-1.00,0.2382,4.2,3.00,16.70,22.30,1.16,8.12,3.11,-10.00
15,6,-1.00,-1.00,-1.00,-1.00,0.1876,4.3,3.34,17.82,17.59,0.27,-43.57,1.61,-10.00
15,6,1592.09,307.28,1600.00,549.06,0.1775,3.4,3.01,15.42,21.77,1.24,20.82,0.13,-10.00
15,6,-1.00,-1.00,-1.00,-1.00,0.1723,4.1,2.96,14.48,31.22,-0.62,-46.49,-3.12,-10.00
15,6,-1.00,-1.00,-1.00,-1.00,0.1695,4.1,2.95,15.48,20.77,0.67,0.90,0.07,-10.00
15,6,-1.00,-1.00,-1.00,-1.00,0.1523,4.2,3.00,16.08,17.40,0.37,-21.58,3.07,-10.00
15,6,-1.00,-1.00,-1.00,-1.00,0.1149,4.0,2.86,14.44,-20.50,1.24,-32.14,-3.13,-10.00
15,6,-1.00,-1.00,-1.00,-1.00,0.1133,3.5,2.94,15.01,13.58,0.38,-22.07,-1.46,-10.00
15,6,-1.00,-1.00,-1.00,-1.00,0.1132,3.8,3.14,15.49,-36.06,2.11,-43.07,3.12,-10.00
15,6,-1.00,-1.00,-1.00,-1.00,0.1087,4.0,2.76,12.84,-22.22,1.20,-32.19,1.60,-10.00
15,6,-1.00,-1.00,-1.00,-1.00,0.1082,4.4,2.83,17.63,26.24,0.74,-15.08,1.60,-10.00
16,6,-1.00,-1.00,-1.00,-1.00,0.2134,4.2,3.07,14.60,17.66,0.68,-38.68,-3.12,-10.00
16,6,-1.00,-1.00,-1.00,-1.00,0.1920,4.3,2.94,16.88,27.14,1.23,-15.73,1.45,-10.00
16,6,-1.00,-1.00,-1.00,-1.00,0.1562,4.3,3.17,13.80,29.29,0.84,-2.46,-3.13,-10.00
16,6,-1.00,-1.00,-1.00,-1.00,0.1400,4.1,2.99,15.67,-29.81,1.02,-43.50,1.95,-10.00
16,6,-1.00,-1.00,-1.00,-1.00,0.1300,4.1,3.27,15.58,-19.16,0.93,-48.93,-1.48,-10.00
16,6,-1.00,-1.00,-1.00,-1.00,0.1264,4.2,3.09,16.44,20.46,0.71,-3.40,3.09,-10.00
16,6,-1.00,-1.00,-1.00,-1.00,0.1228,3.9,3.10,15.35,30.67,0.89,-14.54,3.11,-10.00
16,6,-1.00,-1.00,-1.00,-1.00,0.1166,4.2,3.03,14.57,40.69,-2.75,-51.72,3.14,-10.00
16,6,-1.00,-1.00,-1.00,-1.00,0.1001,2.7,2.92,14.63,13.31,0.71,-35.89,1.61,-10.00
17,6,-1.00,-1.00,-1.00,-1.00,0.2354,3.7,3.07,15.84,28.23,-0.33,-47.52,-2.98,-10.00
17,6,-1.00,-1.00,-1.00,-1.00,0.2210,4.4,3.22,15.39,30.51,0.93,9.55,3.10,-10.00
17,6,-1.00,-1.00,-1.00,-1.00,0.2003,4.0,3.20,15.11,28.57,0.42,-7.61,0.08,-10.00
17,6,-1.00,-1.00,-1.00,-1.00,0.1928,4.2,2.76,17.29,26.55,0.54,-27.62,-1.58,-10.00
17,6,-1.00,-1.00,-1.00,-1.00,0.1896,4.2,2.78,15.36,27.04,1.21,-3.96,1.64,-10.00
17,6,-1.00,-1.00,-1.00,-1.00,0.1841,3.2,2.97,10.50,13.11,0.62,-42.85,1.62,-10.00
17,6,-1.00,-1.00,-1.00,-1.00,0.1597,4.4,3.20,16.05,22.26,1.58,19.30,3.09,-10.00
17,6,-1.00,-1.00,-1.00,-1.00,0.1434,4.1,2.91,16.02,22.30,1.01,-1.56,-0.02,-10.00
17,6,-1.00,-1.00,-1.00,-1.00,0.1087,4.2,3.04,15.39,23.05,0.20,-32.80,3.12,-10.00
17,6,-1.00,-1.00,-1.00,-1.00,0.1059,3.9,2.52,8.71,14.18,1.19,-0.34,-1.56,-10.00
17,6,-1.00,-1.00,-1.00,-1.00,0.1046,4.0,2.89,15.47,26.29,1.14,-3.22,0.04,-10.00
17,6,-1.00,-1.00,-1.00,-1.00,0.1022,4.2,2.98,16.33,21.72,1.13,2.15,3.13,-10.00
18,6,-1.00,-1.00,-1.00,-1.00,0.3921,3.9,2.99,16.19,21.97,1.12,5.33,-3.04,-10.00
18,6,-1.00,-1.00,-1.00,-1.00,0.2759,3.4,2.82,14.78,19.85,1.09,17.30,0.03,-10.00
18,6,-1.00,-1.00,-1.00,-1.00,0.2625,4.4,2.97,17.43,28.05,1.30,8.44,1.56,-10.00
18,6,1594.29,360.27,1600.00,481.89,0.2531,4.2,3.06,15.19,38.29,0.31,48.20,0.04,-10.00
18,6,-1.00,-1.00,-1.00,-1.00,0.2525,4.4,3.27,14.82,48.35,1.93,47.79,-3.09,-10.00
18,6,-1.00,-1.00,-1.00,-1.00,0.2441,4.4,2.92,18.60,26.42,0.85,-18.55,-1.58,-10.00
18,6,-1.00,-1.00,-1.00,-1.00,0.2043,4.2,2.89,16.59,23.41,1.46,14.91,3.07,-10.00
18,6,-1.00,-1.00,-1.00,-1.00,0.1387,3.7,2.92,14.62,31.90,0.72,14.43,-3.14,-10.00
18,6,-1.00,-1.00,-1.00,-1.00,0.1227,4.4,2.88,16.35,27.20,1.77,18.72,1.53,-10.00
18,6,-1.00,-1.00,-1.00,-1.00,0.1162,4.4,3.18,13.08,31.28,0.96,4.37,-3.11,-10.00
18,6,-1.00,-1.00,-1.00,-1.00,0.1145,3.4,2.77,13.44,23.13,0.20,-38.25,2.73,-10.00
18,6,-1.00,-1.00,-1.00,-1.00,0.1089,4.4,2.85,17.69,26.41,1.19,-1.82,-1.53,-10.00
18,6,-1.00,-1.00,-1.00,-1.00,0.1055,4.1,2.95,15.45,13.75,1.32,-14.85,1.57,-10.00
18,6,-1.00,-1.00,-1.00,-1.00,0.1044,4.2,2.95,16.55,24.76,0.16,-36.13,1.78,-10.00
19,6,-1.00,-1.00,-1.00,-1.00,0.3681,4.2,3.09,17.13,22.42,1.40,10.84,-3.10,-10.00
19,6,-1.00,-1.00,-1.00,-1.00,0.1645,4.4,2.95,17.56,27.68,1.44,5.24,-1.58,-10.00
19,6,-1.00,-1.00,-1.00,-1.00,0.1347,3.4,2.96,15.19,14.38,1.05,6.69,1.64,-10.00
19,6,-1.00,-1.00,-1.00,-1.00,0.1311,4.2,3.11,16.42,13.16,0.86,-46.88,1.54,-10.00
19,6,-1.00,-1.00,-1.00,-1.00,0.1215,3.1,3.27,14.69,31.78,0.77,-0.43,0.05,-10.00
19,6,-1.00,-1.00,-1.00,-1.00,0.1162,4.4,3.26,15.10,31.18,1.38,9.25,-3.01,-10.00
19,6,-1.00,-1.00,-1.00,-1.00,0.1090,4.3,3.11,12.56,52.68,1.26,43.37,-0.04,-10.00
19,6,-1.00,-1.00,-1.00,-1.00,0.1038,3.8,3.51,14.81,14.26,0.79,-21.10,-1.54,-10.00
20,6,-1.00,-1.00,-1.00,-1.00,0.2949,4.2,2.99,16.60,21.92,1.26,4.56,3.02,-10.00
20,6,-1.00,-1.00,-1.00,-1.00,0.2747,4.3,3.06,15.15,21.99,0.32,-39.59,-3.10,-10.00
20,6,-1.00,-1.00,-1.00,-1.00,0.1796,3.6,2.97,15.88,21.60,0.78,-16.65,-0.04,-10.00
20,6,-1.00,-1.00,-1.00,-1.00,0.1391,4.2,3.07,15.76,-15.60,0.94,-13.64,1.58,-10.00
20,6,-1.00,-1.00,-1.00,-1.00,0.1292,4.2,3.00,16.55,43.03,0.92,-25.74,1.28,-10.00
20,6,-1.00,-1.00,-1.00,-1.00,0.1274,4.3,3.15,14.13,31.09,0.87,-5.34,-3.10,-10.00
20,6,-1.00,-1.00,-1.00,-1.00,0.1238,4.4,2.92,17.77,27.73,1.35,-0.64,-1.56,-10.00
20,6,-1.00,-1.00,-1.00,-1.00,0.1209,4.2,2.87,16.55,26.78,0.62,-36.06,-1.54,-10.00
20,6,-1.00,-1.00,-1.00,-1.00,0.1196,3.3,2.66,14.49,27.21,0.89,-18.30,1.52,-10.00
20,6,1370.15,252.59,1600.00,586.34,0.1141,4.3,3.08,16.29,15.11,1.92,24.26,1.64,-10.00
20,6,-1.00,-1.00,-1.00,-1.00,0.1123,3.8,3.05,16.86,-43.99,3.50,25.18,-0.00,-10.00
20,6,-1.00,-1.00,-1.00,-1.00,0.1121,4.4,3.19,14.44,47.52,2.69,38.58,-3.11,-10.00
20,6,-1.00,-1.00,-1.00,-1.00,0.1090,4.3,3.09,16.02,20.71,1.28,9.56,-3.13,-10.00
20,6,-1.00,-1.00,-1.00,-1.00,0.1072,4.3,2.80,17.55,25.06,0.04,-43.85,1.65,-10.00
21,6,-1.00,-1.00,-1.00,-1.00,0.2368,4.4,2.83,18.05,27.12,0.61,-14.26,-1.55,-10.00
21,6,-1.00,-1.00,-1.00,-1.00,0.1797,3.6,2.90,15.57,22.64,1.00,-9.46,-3.08,-10.00
21,6,436.33,370.66,675.05,551.50,0.1178,4.0,3.05,16.52,-7.06,2.26,36.29,1.59,-10.00
21,6,-1.00,-1.00,-1.00,-1.00,0.1169,4.3,2.83,17.11,27.85,1.92,20.04,-1.57,-10.00
21,6,-1.00,-1.00,-1.00,-1.00,0.1057,4.3,3.06,16.40,22.83,1.49,17.80,-3.11,-10.00
22,6,-1.00,-1.00,-1.00,-1.00,0.2879,4.3,3.12,16.53,21.10,1.32,9.25,-3.10,-10.00
22,6,-1.00,-1.00,-1.00,-1.00,0.1816,4.1,3.00,16.67,-38.27,2.35,-4.25,-3.14,-10.00
22,6,-1.00,-1.00,-1.00,-1.00,0.1265,4.3,2.76,17.04,26.03,0.85,-31.02,-1.52,-10.00
22,6,-1.00,-1.00,-1.00,-1.00,0.1241,3.5,2.84,14.11,14.29,1.58,6.53,-1.50,-10.00
22,6,-1.00,-1.00,-1.00,-1.00,0.1118,3.1,2.93,13.32,18.76,1.17,-26.89,-3.13,-10.00
22,6,-1.00,-1.00,-1.00,-1.00,0.1116,4.4,2.91,18.40,27.37,0.99,-18.73,1.62,-10.00
22,6,-1.00,-1.00,-1.00,-1.00,0.1097,4.1,2.99,16.81,-41.98,1.96,14.80,0.17,-10.00
22,6,415.81,428.82,504.83,519.27,0.1057,3.2,2.10,3.74,-13.71,1.81,47.11,1.62,-10.00
22,6,-1.00,-1.00,-1.00,-1.00,0.1046,4.2,3.00,14.88,29.17,1.25,-32.84,-3.02,-10.00
23,6,-1.00,-1.00,-1.00,-1.00,0.4995,3.0,2.81,14.64,19.15,0.48,-31.53,-0.02,-10.00
23,6,-1.00,-1.00,-1.00,-1.00,0.3231,4.3,3.06,16.21,21.88,0.70,-18.70,-3.09,-10.00
23,6,-1.00,-1.00,-1.00,-1.00,0.2749,4.4,2.71,18.80,26.72,0.99,-15.05,-1.57,-10.00
23,6,-1.00,-1.00,-1.00,-1.00,0.1961,4.6,2.95,17.18,26.68,1.36,4.03,1.73,-10.00
23,6,-1.00,-1.00,-1.00,-1.00,0.1751,4.3,2.77,18.43,26.92,0.59,-27.52,-1.57,-10.00
23,6,-1.00,-1.00,-1.00,-1.00,0.1736,4.2,3.10,16.48,-39.36,2.30,13.27,0.04,-10.00
23,6,-1.00,-1.00,-1.00,-1.00,0.1276,4.4,3.23,15.38,33.10,1.01,7.12,3.14,-10.00
23,6,-1.00,-1.00,-1.00,-1.00,0.1130,4.2,2.98,16.03,14.44,1.08,-12.13,1.56,-10.00
24,6,-1.00,-1.00,-1.00,-1.00,0.4012,4.3,2.79,17.51,26.70,0.76,-19.55,-1.66,-10.00
24,6,-1.00,-1.00,-1.00,-1.00,0.1993,2.9,2.84,10.36,38.80,-0.21,34.50,-3.09,-10.00
24,6,-1.00,-1.00,-1.00,-1.00,0.1216,2.8,3.03,11.99,14.13,0.82,-15.28,-1.50,-10.00
24,6,-1.00,-1.00,-1.00,-1.00,0.1100,4.3,3.39,15.34,27.50,0.91,-12.27,1.49,-10.00
24,6,-1.00,-1.00,-1.00,-1.00,0.1074,4.1,2.92,15.28,13.00,1.37,4.56,-3.11,-10.00
24,6,-1.00,-1.00,-1.00,-1.00,0.1067,4.1,3.15,15.96,-40.08,1.11,-14.33,-0.03,-10.00
24,6,-1.00,-1.00,-1.00,-1.00,0.1011,4.2,3.10,14.78,-30.31,1.96,-11.94,2.90,-10.00
24,6,-1.00,-1.00,-1.00,-1.00,0.1002,4.3,3.15,15.98,21.38,0.50,-31.94,3.14,-10.00
25,6,696.19,421.54,779.96,506.07,0.2518,2.9,2.60,6.36,-3.36,1.32,49.02,-1.54,-10.00
25,6,1436.15,216.13,1600.00,605.28,0.2301,3.5,2.98,14.71,14.54,1.60,18.64,-1.62,-10.00
25,6,683.66,419.82,758.73,520.66,0.2266,3.5,2.36,2.24,-3.78,1.80,45.23,1.64,-10.00
25,6,-1.00,-1.00,-1.00,-1.00,0.1955,4.3,3.16,14.00,32.74,1.36,20.30,-3.07,-10.00
25,6,-1.00,-1.00,-1.00,-1.00,0.1630,4.4,3.20,15.97,21.43,0.52,-28.76,-3.12,-10.00
25,6,-1.00,-1.00,-1.00,-1.00,0.1251,4.5,2.91,18.74,27.01,0.54,-25.06,1.55,-10.00
25,6,-1.00,-1.00,-1.00,-1.00,0.1036,4.1,2.95,14.71,18.70,0.73,-32.14,1.45,-10.00
26,6,658.81,416.89,739.94,523.80,0.3582,3.2,2.19,2.49,-4.00,1.68,39.78,-1.51,-10.00
26,6,-1.00,-1.00,-1.00,-1.00,0.1911,3.0,2.66,10.05,17.98,1.09,-22.36,-0.02,-10.00
26,6,-1.00,-1.00,-1.00,-1.00,0.1777,4.3,3.27,14.08,32.32,1.27,16.22,-3.12,-10.00
26,6,-1.00,-1.00,-1.00,-1.00,0.1739,4.2,3.03,15.59,-18.73,0.68,-52.33,1.63,-10.00
26,6,-1.00,-1.00,-1.00,-1.00,0.1734,4.1,2.90,15.50,-23.30,1.97,-4.61,3.07,-10.00
26,6,672.20,421.90,736.45,516.38,0.1605,3.0,1.98,2.62,-4.02,1.51,41.53,1.52,-10.00
26,6,-1.00,-1.00,-1.00,-1.00,0.1541,4.3,3.10,15.02,21.01,0.39,-42.40,3.14,-10.00
26,6,-1.00,-1.00,-1.00,-1.00,0.1447,2.2,1.81,4.06,26.45,1.98,37.90,-1.57,-10.00
26,6,-1.00,-1.00,-1.00,-1.00,0.1253,4.3,2.85,17.43,26.48,0.63,-27.32,-1.58,-10.00
26,6,-1.00,-1.00,-1.00,-1.00,0.1116,4.1,2.94,15.65,21.85,1.24,9.97,-0.09,-10.00
26,6,1445.07,432.43,1600.00,503.93,0.1113,2.0,2.08,7.26,22.78,0.96,37.69,-0.01,-10.00
26,6,-1.00,-1.00,-1.00,-1.00,0.1012,3.1,2.85,14.91,14.17,1.09,-14.22,1.59,-10.00
27,6,-1.00,-1.00,-1.00,-1.00,0.3452,4.2,3.06,15.41,21.03,0.18,-29.84,3.09,-10.00
27,6,643.66,401.08,728.35,523.84,0.2704,3.3,2.25,3.37,-4.01,1.53,36.21,1.51,-10.00
27,6,-1.00,-1.00,-1.00,-1.00,0.2167,4.1,2.97,12.84,32.29,0.85,7.68,-2.74,-10.00
27,6,-1.00,-1.00,-1.00,-1.00,0.2029,3.0,2.99,14.52,30.42,0.39,-39.36,3.13,-10.00
27,6,-1.00,-1.00,-1.00,-1.00,0.1994,3.8,3.47,15.27,14.03,0.48,-41.50,1.57,-10.00
27,6,1308.40,366.75,1600.00,543.57,0.1833,4.3,3.21,15.09,20.03,2.06,36.37,-0.60,-10.00
27,6,1369.98,391.74,1600.00,542.63,0.1802,2.8,2.88,6.66,14.40,1.53,26.87,-1.51,-10.00
27,6,-1.00,-1.00,-1.00,-1.00,0.1375,4.4,2.84,17.55,26.40,-0.05,-44.45,1.61,-10.00
27,6,-1.00,-1.00,-1.00,-1.00,0.1290,4.2,3.17,16.22,13.78,0.55,-31.47,1.65,-10.00
27,6,-1.00,-1.00,-1.00,-1.00,0.1283,4.2,3.11,16.55,24.15,0.89,10.93,-3.11,-10.00
27,6,-1.00,-1.00,-1.00,-1.00,0.1273,3.3,2.97,14.40,18.89,0.62,-49.63,0.03,-10.00
27,6,0.00,460.84,234.43,600.51,0.1167,4.0,3.00,15.71,-26.77,3.87,38.53,-3.13,-10.00
27,6,-1.00,-1.00,-1.00,-1.00,0.1108,4.4,3.07,16.03,18.31,0.27,-36.33,-1.62,-10.00
27,6,-1.00,-1.00,-1.00,-1.00,0.1087,3.8,2.97,15.26,14.29,1.20,8.64,1.69,-10.00
27,6,-1.00,-1.00,-1.00,-1.00,0.1064,3.4,2.82,14.89,32.16,0.36,32.66,-0.04,-10.00
28,6,-1.00,-1.00,-1.00,-1.00,0.6305,2.4,3.10,14.03,32.32,0.34,-44.12,0.01,-10.00
28,6,-1.00,-1.00,-1.00,-1.00,0.4242,2.9,2.82,14.29,19.33,0.53,-35.15,-0.11,-10.00
28,6,1361.59,373.67,1600.00,566.65,0.3682,4.3,3.18,15.76,21.28,2.20,30.11,3.05,-10.00
28,6,598.03,403.72,714.38,553.69,0.2987,3.5,2.40,3.98,-4.12,2.03,30.93,-1.59,-10.00
28,6,-1.00,-1.00,-1.00,-1.00,0.2220,4.1,2.98,16.87,21.79,-0.06,-17.79,-3.04,-10.00
28,6,1300.70,376.77,1600.00,560.19,0.2066,4.2,3.15,15.87,20.20,2.18,32.03,2.92,-10.00
28,6,-1.00,-1.00,-1.00,-1.00,0.2057,4.3,2.83,17.03,26.23,0.34,-21.46,1.65,-10.00
28,6,-1.00,-1.00,-1.00,-1.00,0.1872,3.4,3.26,15.45,14.10,0.46,-24.06,-1.61,-10.00
28,6,-1.00,-1.00,-1.00,-1.00,0.1693,4.0,2.90,14.88,26.95,0.33,-34.51,1.55,-10.00
28,6,-1.00,-1.00,-1.00,-1.00,0.1632,4.3,2.88,16.84,27.99,0.59,-12.91,-1.48,-10.00
28,6,-1.00,-1.00,-1.00,-1.00,0.1442,4.5,3.25,14.30,-53.49,4.83,29.15,-0.65,-10.00
28,6,-1.00,-1.00,-1.00,-1.00,0.1199,4.4,3.24,14.34,-53.22,4.31,26.52,-0.70,-10.00
28,6,-1.00,-1.00,-1.00,-1.00,0.1134,3.4,2.90,14.14,30.72,-0.18,-34.33,-0.01,-10.00
28,6,-1.00,-1.00,-1.00,-1.00,0.1121,4.2,2.91,16.78,25.35,0.34,-39.14,1.61,-10.00
28,6,1226.33,373.83,1600.00,539.36,0.1003,4.1,2.93,15.14,18.54,1.83,34.32,2.89,-10.00
29,6,562.89,376.40,692.50,545.31,0.3130,3.3,2.19,3.50,-4.11,1.57,26.45,1.57,-10.00
29,6,-1.00,-1.00,-1.00,-1.00,0.2725,3.6,3.84,14.45,14.23,0.68,-27.76,-1.67,-10.00
29,6,-1.00,-1.00,-1.00,-1.00,0.1668,3.0,2.92,13.83,17.38,0.60,-34.00,0.19,-10.00
29,6,-1.00,-1.00,-1.00,-1.00,0.1418,4.1,2.81,16.33,25.98,0.24,-44.50,1.60,-10.00
29,6,-1.00,-1.00,-1.00,-1.00,0.1376,2.9,3.05,13.76,17.98,0.44,-49.60,3.13,-10.00
29,6,-1.00,-1.00,-1.00,-1.00,0.1282,4.3,2.99,15.46,32.23,0.46,1.64,3.13,-10.00
29,6,-1.00,-1.00,-1.00,-1.00,0.1111,3.7,2.99,14.56,31.09,0.62,-49.75,-3.07,-10.00
29,6,-1.00,-1.00,-1.00,-1.00,0.1022,2.8,2.46,4.93,-31.93,1.35,-39.80,0.06,-10.00
30,6,496.58,360.11,666.46,577.87,0.2801,3.4,2.32,3.42,-4.07,1.78,21.45,1.54,-10.00
30,6,-1.00,-1.00,-1.00,-1.00,0.1573,2.8,2.88,14.20,31.94,0.08,-43.33,-0.05,-10.00
30,6,1299.66,372.68,1600.00,482.97,0.1499,4.1,2.87,13.05,25.96,0.41,50.02,-0.05,-10.00
30,6,-1.00,-1.00,-1.00,-1.00,0.1117,4.5,2.80,18.34,28.31,0.92,-4.93,-1.66,-10.00
30,6,-1.00,-1.00,-1.00,-1.00,0.1099,2.2,1.76,3.33,13.42,0.81,-14.96,1.50,-10.00
30,6,1226.86,410.32,1600.00,537.75,0.1086,2.8,2.80,11.07,15.74,1.59,30.41,-3.10,-10.00
30,6,-1.00,-1.00,-1.00,-1.00,0.1047,4.3,3.16,16.10,25.10,0.60,-4.67,3.12,-10.00
31,6,-1.00,-1.00,-1.00,-1.00,0.4790,2.2,2.77,16.79,-36.89,2.84,17.81,0.07,-10.00
31,6,-1.00,-1.00,-1.00,-1.00,0.3594,3.9,2.77,12.97,-22.46,2.30,14.06,-1.57,-10.00
31,6,417.43,329.91,636.64,616.29,0.2961,3.4,2.23,3.52,-3.82,1.82,16.67,1.51,-10.00
31,6,-1.00,-1.00,-1.00,-1.00,0.1823,4.2,2.98,15.48,28.85,0.94,14.45,3.07,-10.00
31,6,989.75,429.43,1063.13,522.33,0.1646,3.0,1.93,2.16,6.58,1.71,41.45,1.51,-10.00
31,6,-1.00,-1.00,-1.00,-1.00,0.1579,3.5,2.92,15.71,22.65,0.41,-9.21,3.13,-10.00
31,6,-1.00,-1.00,-1.00,-1.00,0.1510,2.4,2.07,2.85,-32.79,2.49,17.20,-3.01,-10.00
31,6,-1.00,-1.00,-1.00,-1.00,0.1508,4.2,2.98,15.89,21.72,1.88,12.44,3.05,-10.00
31,6,-1.00,-1.00,-1.00,-1.00,0.1488,4.2,2.78,16.07,28.03,0.51,-22.53,-1.94,-10.00
31,6,-1.00,-1.00,-1.00,-1.00,0.1485,3.9,2.72,9.13,33.73,1.13,10.71,-3.06,-10.00
31,6,1207.37,344.51,1600.00,565.80,0.1354,4.2,3.03,15.91,16.26,1.86,25.75,3.11,-10.00
31,6,-1.00,-1.00,-1.00,-1.00,0.1336,4.2,2.96,16.47,26.20,0.09,-35.08,1.56,-10.00
31,6,-1.00,-1.00,-1.00,-1.00,0.1130,4.4,3.27,14.61,-53.80,3.56,12.96,-0.69,-10.00
31,6,-1.00,-1.00,-1.00,-1.00,0.1127,4.0,2.84,6.93,37.65,-0.23,-17.61,-2.95,-10.00
31,6,-1.00,-1.00,-1.00,-1.00,0.1067,4.3,2.77,16.38,32.67,0.44,-22.37,-1.66,-10.00
31,6,-1.00,-1.00,-1.00,-1.00,0.1051,2.3,2.21,3.08,-32.08,2.55,18.78,-1.39,-10.00
31,6,1483.54,394.35,1600.00,498.84,0.1024,3.4,2.92,10.97,29.85,0.93,44.79,-3.10,-10.00
32,6,145.65,224.45,580.27,683.97,0.3185,3.4,2.46,3.85,-3.85,1.69,11.33,1.58,-10.00
32,6,-1.00,-1.00,-1.00,-1.00,0.1603,4.2,2.83,15.02,11.41,1.09,-14.08,-1.56,-10.00
32,6,-1.00,-1.00,-1.00,-1.00,0.1504,2.6,2.98,15.98,-28.90,2.43,12.08,3.00,-10.00
32,6,1568.73,380.66,1600.00,560.88,0.1331,2.7,2.54,7.16,16.64,1.44,20.62,-3.08,-10.00
32,6,-1.00,-1.00,-1.00,-1.00,0.1258,1.9,2.10,5.64,27.74,0.89,6.51,0.17,-10.00
32,6,1423.43,345.43,1600.00,496.26,0.1252,4.3,3.10,15.09,27.59,0.70,40.07,-3.06,-10.00
32,6,-1.00,-1.00,-1.00,-1.00,0.1244,2.2,2.08,3.40,-43.89,2.14,10.36,0.27,-10.00
32,6,-1.00,-1.00,-1.00,-1.00,0.1108,4.4,2.71,18.15,19.41,0.97,-11.09,-1.56,-10.00
33,6,0.00,8.01,460.88,863.15,0.3153,3.3,2.17,3.91,-3.66,1.61,6.85,1.57,-10.00
33,6,-1.00,-1.00,-1.00,-1.00,0.2320,2.5,1.86,2.72,37.44,0.22,-5.62,0.39,-10.00
33,6,-1.00,-1.00,-1.00,-1.00,0.2095,4.2,2.94,9.50,30.50,0.34,-12.98,-3.04,-10.00
33,6,-1.00,-1.00,-1.00,-1.00,0.1525,1.6,1.72,3.01,29.68,0.62,0.75,0.15,-10.00
33,6,-1.00,-1.00,-1.00,-1.00,0.1339,4.1,2.88,14.01,31.02,0.01,-19.29,3.13,-10.00
33,6,1394.01,198.96,1600.00,629.39,0.1323,4.2,2.92,15.52,14.14,1.96,20.03,1.57,-10.00
33,6,-1.00,-1.00,-1.00,-1.00,0.1279,2.4,2.12,6.12,46.69,0.31,17.42,0.95,-10.00
33,6,-1.00,-1.00,-1.00,-1.00,0.1236,1.7,1.56,2.77,38.60,-0.12,-4.71,-2.51,-10.00
33,6,-1.00,-1.00,-1.00,-1.00,0.1209,4.3,3.07,16.88,13.14,0.84,-20.40,-1.51,-10.00
33,6,-1.00,-1.00,-1.00,-1.00,0.1147,1.8,1.72,2.94,31.92,0.36,0.38,0.11,-10.00
33,6,-1.00,-1.00,-1.00,-1.00,0.1058,2.2,1.68,3.11,39.56,0.26,-6.28,-2.58,-10.00
33,6,-1.00,-1.00,-1.00,-1.00,0.1001,1.9,2.05,5.66,27.11,0.53,1.51,-3.00,-10.00
34,6,0.00,0.00,96.31,900.00,0.3062,3.4,2.12,3.93,-3.66,1.55,2.38,-1.54,-10.00
34,6,-1.00,-1.00,-1.00,-1.00,0.2454,3.2,2.92,14.04,19.36,1.32,17.63,-3.06,-10.00
34,6,-1.00,-1.00,-1.00,-1.00,0.2185,4.3,3.20,16.38,13.00,0.98,-23.45,-1.44,-10.00
34,6,-1.00,-1.00,-1.00,-1.00,0.2103,3.1,2.91,14.04,17.57,0.72,-30.34,0.02,-10.00
34,6,-1.00,-1.00,-1.00,-1.00,0.1666,4.3,3.24,13.64,37.50,0.02,28.78,-3.07,-10.00
34,6,1542.90,312.13,1600.00,515.00,0.1617,4.3,3.36,14.78,25.62,0.96,29.79,-3.07,-10.00
34,6,-1.00,-1.00,-1.00,-1.00,0.1600,2.3,1.87,2.59,37.74,0.34,-11.06,-3.06,-10.00
34,6,361.60,431.24,443.93,519.98,0.1563,3.3,2.07,3.12,-16.53,1.92,49.01,1.60,-10.00
34,6,-1.00,-1.00,-1.00,-1.00,0.1546,3.7,2.92,12.68,15.41,0.83,-28.35,3.07,-10.00
34,6,-1.00,-1.00,-1.00,-1.00,0.1432,4.4,3.02,13.86,24.75,0.32,-33.77,-1.44,-10.00
34,6,-1.00,-1.00,-1.00,-1.00,0.1428,4.1,2.84,11.81,22.53,0.44,-36.03,3.09,-10.00
34,6,-1.00,-1.00,-1.00,-1.00,0.1313,3.7,2.88,15.24,19.51,0.81,-47.75,-3.05,-10.00
34,6,-1.00,-1.00,-1.00,-1.00,0.1299,4.2,3.05,11.50,49.22,-0.84,-18.92,-0.02,-10.00
34,6,-1.00,-1.00,-1.00,-1.00,0.1218,4.4,2.83,16.99,18.41,1.23,-6.78,-1.77,-10.00
34,6,-1.00,-1.00,-1.00,-1.00,0.1170,3.6,2.72,7.01,28.01,0.77,-18.01,0.10,-10.00
34,6,-1.00,-1.00,-1.00,-1.00,0.1105,3.8,3.92,15.45,13.07,0.36,-39.16,-1.57,-10.00
34,6,1102.58,372.21,1284.74,517.84,0.1076,4.2,3.05,15.63,13.02,1.63,46.42,-1.51,-10.00
34,6,0.00,416.76,11.42,533.19,0.1001,4.1,2.94,16.16,-39.83,2.29,47.04,3.11,-10.00
35,6,-1.00,-1.00,-1.00,-1.00,0.3126,3.3,2.20,3.98,-3.71,1.60,-1.82,-1.59,-10.00
35,6,-1.00,-1.00,-1.00,-1.00,0.1875,4.2,3.12,15.43,18.79,0.95,-35.14,-3.03,-10.00
35,6,-1.00,-1.00,-1.00,-1.00,0.1804,4.2,3.02,14.73,33.25,1.03,6.25,-3.06,-10.00
35,6,-1.00,-1.00,-1.00,-1.00,0.1552,2.0,2.50,4.57,13.18,0.76,-13.70,-1.58,-10.00
35,6,-1.00,-1.00,-1.00,-1.00,0.1503,3.0,2.73,11.59,19.35,1.47,13.11,-3.06,-10.00
35,6,-1.00,-1.00,-1.00,-1.00,0.1408,3.9,3.12,15.19,12.99,0.98,-26.00,-1.54,-10.00
35,6,-1.00,-1.00,-1.00,-1.00,0.1098,3.8,3.12,14.55,16.28,0.84,-41.16,-3.13,-10.00
35,6,-1.00,-1.00,-1.00,-1.00,0.1061,3.1,2.24,3.54,-4.11,1.52,-4.10,-1.51,-10.00
35,6,230.93,463.02,551.96,572.72,0.1029,4.1,3.07,13.80,-17.86,4.16,53.25,2.16,-10.00
36,6,0.00,424.60,330.68,544.47,0.3380,4.1,3.02,16.32,-27.11,2.70,46.68,-3.07,-10.00
36,6,-1.00,-1.00,-1.00,-1.00,0.3016,3.4,2.14,3.87,-3.98,1.34,-6.67,-1.63,-10.00
36,6,-1.00,-1.00,-1.00,-1.00,0.2097,4.0,3.39,16.29,12.20,0.84,-37.64,1.61,-10.00
36,6,-1.00,-1.00,-1.00,-1.00,0.1456,4.2,3.01,14.78,23.50,1.16,-0.66,-3.07,-10.00
36,6,-1.00,-1.00,-1.00,-1.00,0.1447,4.1,3.13,15.15,-21.83,0.76,-42.34,1.70,-10.00
36,6,-1.00,-1.00,-1.00,-1.00,0.1390,4.2,3.13,16.05,24.04,1.11,2.02,-3.08,-10.00
36,6,-1.00,-1.00,-1.00,-1.00,0.1335,4.3,3.12,14.07,29.76,1.16,-40.09,3.09,-10.00
36,6,-1.00,-1.00,-1.00,-1.00,0.1082,3.7,2.90,16.06,-28.41,1.66,-4.17,3.11,-10.00
37,6,0.00,430.68,251.49,565.90,0.5659,4.2,3.02,15.87,-27.69,3.08,41.55,0.02,-10.00
37,6,-1.00,-1.00,-1.00,-1.00,0.2972,3.4,2.23,3.86,-3.92,1.38,-11.83,-1.57,-10.00
37,6,-1.00,-1.00,-1.00,-1.00,0.2695,3.1,2.83,12.79,30.94,1.31,-16.97,-3.03,-10.00
37,6,-1.00,-1.00,-1.00,-1.00,0.2451,4.2,3.04,14.44,18.79,1.39,-13.09,2.55,-10.00
37,6,-1.00,-1.00,-1.00,-1.00,0.2151,3.9,2.69,10.02,47.52,-1.18,-48.79,-3.05,-10.00
37,6,1112.36,374.44,1258.72,519.70,0.1774,4.2,3.12,16.00,12.94,1.73,46.84,-1.42,-10.00
37,6,-1.00,-1.00,-1.00,-1.00,0.1661,3.3,3.06,16.28,10.74,0.83,-39.84,1.61,-10.00
37,6,-1.00,-1.00,-1.00,-1.00,0.1443,2.7,2.43,5.74,13.12,0.84,-23.93,1.57,-10.00
37,6,-1.00,-1.00,-1.00,-1.00,0.1234,3.8,2.91,14.51,22.46,0.61,-5.23,-3.11,-10.00
37,6,-1.00,-1.00,-1.00,-1.00,0.1174,2.7,2.80,13.86,33.42,0.13,-26.15,-0.01,-10.00
37,6,-1.00,-1.00,-1.00,-1.00,0.1147,1.7,1.73,3.83,35.78,0.53,-25.30,0.06,-10.00
37,6,-1.00,-1.00,-1.00,-1.00,0.1139,2.2,1.82,3.29,14.24,1.01,-9.25,-3.12,-10.00
37,6,-1.00,-1.00,-1.00,-1.00,0.1058,3.7,2.88,17.01,-36.49,1.44,-10.48,0.07,-10.00
37,6,-1.00,-1.00,-1.00,-1.00,0.1045,4.1,3.13,15.72,-21.21,0.13,-43.27,1.61,-10.00
38,6,-1.00,-1.00,-1.00,-1.00,0.2951,3.5,2.22,3.95,-3.85,1.22,-16.75,-1.60,-10.00
38,6,-1.00,-1.00,-1.00,-1.00,0.2256,4.2,3.18,14.84,-49.31,1.26,-27.13,-0.05,-10.00
38,6,-1.00,-1.00,-1.00,-1.00,0.1529,3.1,2.78,15.08,-27.54,2.32,11.66,0.02,-10.00
38,6,-1.00,-1.00,-1.00,-1.00,0.1031,4.3,3.07,16.27,37.89,2.30,9.54,0.04,-10.00
38,6,-1.00,-1.00,-1.00,-1.00,0.1000,4.2,2.96,15.43,24.47,-0.85,-38.35,-3.09,-10.00
39,6,-1.00,-1.00,-1.00,-1.00,0.3188,3.4,2.17,3.75,-3.82,1.07,-21.56,-1.59,-10.00
39,6,-1.00,-1.00,-1.00,-1.00,0.2041,4.3,3.11,16.37,24.78,0.62,5.76,-3.07,-10.00
39,6,-1.00,-1.00,-1.00,-1.00,0.1324,3.8,3.04,14.30,25.21,1.76,12.77,-3.07,-10.00
39,6,-1.00,-1.00,-1.00,-1.00,0.1309,3.1,2.55,4.40,14.61,0.22,-22.75,-1.51,-10.00
39,6,-1.00,-1.00,-1.00,-1.00,0.1294,4.0,2.96,16.88,-38.46,4.49,39.41,0.13,-10.00
39,6,-1.00,-1.00,-1.00,-1.00,0.1200,4.3,3.10,12.80,50.83,-2.12,-42.60,0.08,-10.00
39,6,-1.00,-1.00,-1.00,-1.00,0.1066,3.0,2.69,7.00,-50.72,2.03,-24.18,-1.74,-10.00
39,6,-1.00,-1.00,-1.00,-1.00,0.1036,3.3,2.63,6.66,15.30,0.59,-19.97,-2.95,-10.00
40,6,-1.00,-1.00,-1.00,-1.00,0.2954,3.4,2.25,3.83,-3.89,0.88,-27.10,-1.58,-10.00
40,6,-1.00,-1.00,-1.00,-1.00,0.2521,4.2,3.12,14.95,31.36,-1.01,-50.36,-3.13,-10.00
40,6,-1.00,-1.00,-1.00,-1.00,0.1990,4.2,3.14,16.29,26.78,1.01,-1.67,-3.08,-10.00
40,6,-1.00,-1.00,-1.00,-1.00,0.1676,4.2,3.01,12.25,-50.82,2.68,-25.45,1.13,-10.00
40,6,-1.00,-1.00,-1.00,-1.00,0.1625,4.1,2.91,12.72,19.00,0.35,-31.58,-2.81,-10.00
40,6,-1.00,-1.00,-1.00,-1.00,0.1624,4.2,3.03,15.53,27.23,1.12,0.50,-3.10,-10.00
40,6,-1.00,-1.00,-1.00,-1.00,0.1621,4.2,3.25,15.39,14.29,0.48,-34.67,-1.38,-10.00
40,6,-1.00,-1.00,-1.00,-1.00,0.1592,4.2,2.83,15.11,26.05,-2.58,-49.89,1.63,-10.00
40,6,-1.00,-1.00,-1.00,-1.00,0.1543,4.3,3.05,11.75,-53.62,2.81,-26.97,-2.81,-10.00
40,6,-1.00,-1.00,-1.00,-1.00,0.1066,3.1,2.54,10.79,21.43,0.28,-29.98,0.08,-10.00
40,6,-1.00,-1.00,-1.00,-1.00,0.1050,2.7,2.72,5.66,14.18,0.64,-26.03,1.62,-10.00
40,6,-1.00,-1.00,-1.00,-1.00,0.1036,4.1,2.89,14.56,43.16,0.52,-24.58,0.10,-10.00
