0,6,1056.92,370.56,1147.01,503.04,0.2608,4.0,2.76,12.29,10.29,0.35,45.95,1.78,-10.00
0,6,-1.00,-1.00,-1.00,-1.00,0.2100,4.3,2.98,15.68,-5.00,0.78,-39.80,-1.12,-10.00
0,6,-1.00,-1.00,-1.00,-1.00,0.1755,4.2,2.99,14.51,-12.11,2.03,-44.67,1.91,-10.00
0,6,-1.00,-1.00,-1.00,-1.00,0.1715,4.1,2.84,16.62,-38.56,1.66,-45.55,-2.89,-10.00
0,6,-1.00,-1.00,-1.00,-1.00,0.1406,4.2,3.04,14.98,-36.20,1.07,-51.09,2.62,-10.00
0,6,-1.00,-1.00,-1.00,-1.00,0.1266,3.9,3.23,11.34,-37.97,0.23,-18.46,-0.84,-10.00
1,6,-1.00,-1.00,-1.00,-1.00,0.1696,4.4,3.17,13.70,-53.86,0.57,-30.76,-0.06,-10.00
1,6,-1.00,-1.00,-1.00,-1.00,0.1133,4.5,3.26,14.16,-53.18,0.22,-33.08,-0.40,-10.00
1,6,-1.00,-1.00,-1.00,-1.00,0.1044,4.4,3.10,13.42,-53.65,0.71,-29.73,-2.43,-10.00
2,6,-1.00,-1.00,-1.00,-1.00,0.1046,4.2,3.03,15.37,37.11,0.63,14.22,-0.44,-10.00
3,6,1446.38,376.06,1600.00,587.23,0.1979,4.3,3.13,15.16,21.25,2.10,31.56,2.52,-10.00
3,6,1454.37,345.28,1600.00,560.06,0.1645,4.2,3.10,15.34,21.68,1.47,29.30,2.75,-10.00
3,6,-1.00,-1.00,-1.00,-1.00,0.1337,4.3,3.07,13.41,-42.27,-0.53,52.10,0.93,-10.00
3,6,-1.00,-1.00,-1.00,-1.00,0.1169,4.1,3.12,14.79,-40.51,0.55,21.11,-0.19,-10.00
3,6,-1.00,-1.00,-1.00,-1.00,0.1126,4.2,2.98,15.68,-39.28,0.10,40.27,-1.70,-10.00
3,6,782.31,392.60,1030.48,533.68,0.1085,4.0,2.84,7.57,2.88,1.26,38.90,2.50,-10.00
3,6,1230.65,372.69,1600.00,578.52,0.1004,4.2,2.92,16.05,16.05,1.91,33.77,-1.70,-10.00
4,6,-1.00,-1.00,-1.00,-1.00,0.1708,4.3,2.93,9.84,24.46,1.91,24.33,2.75,-10.00
4,6,-1.00,-1.00,-1.00,-1.00,0.1240,4.3,2.87,13.95,28.22,2.05,28.15,-1.88,-10.00
4,6,-1.00,-1.00,-1.00,-1.00,0.1117,4.3,2.91,14.27,30.70,2.01,28.24,-1.39,-10.00
5,6,0.00,367.67,235.43,503.06,0.1550,4.2,3.07,15.23,-27.49,0.35,48.12,1.62,-10.00
6,6,0.00,350.00,220.48,507.66,0.1739,4.3,3.11,15.37,-26.53,0.48,42.87,-1.39,-10.00
6,6,0.00,398.57,108.44,520.25,0.1686,4.1,2.79,17.17,-34.27,0.96,45.14,-3.05,-10.00
6,6,0.00,386.76,200.37,507.44,0.1213,4.3,2.84,16.91,-32.38,0.53,47.65,-0.01,-10.00
6,6,-1.00,-1.00,-1.00,-1.00,0.1186,4.1,2.82,14.84,-23.62,1.76,3.80,-1.50,-10.00
7,6,0.00,389.10,114.04,526.90,0.2420,4.1,3.10,17.35,-31.47,1.05,40.39,0.13,-10.00
7,6,-1.00,-1.00,-1.00,-1.00,0.1280,3.7,2.94,11.67,-42.33,0.40,-0.50,0.10,-10.00
7,6,-1.00,-1.00,-1.00,-1.00,0.1183,4.1,3.06,16.49,-39.25,0.89,-9.70,0.16,-10.00
7,6,0.00,390.78,144.30,521.77,0.1116,4.1,3.05,17.50,-31.49,0.95,42.67,0.19,-10.00
8,6,0.00,396.11,112.43,531.97,0.1497,4.1,2.82,17.06,-31.43,1.20,40.39,0.10,-10.00
8,6,-1.00,-1.00,-1.00,-1.00,0.1148,4.0,2.95,14.67,-39.39,0.82,-12.40,0.13,-10.00
8,6,-1.00,-1.00,-1.00,-1.00,0.1079,4.1,3.08,15.84,-47.66,1.26,2.86,0.15,-10.00
8,6,-1.00,-1.00,-1.00,-1.00,0.1039,4.1,2.95,15.40,28.80,1.85,15.87,-1.76,-10.00
9,6,0.00,371.32,58.44,514.31,0.2124,4.1,2.95,13.52,-30.34,0.64,38.42,-3.03,-10.00
9,6,0.00,361.27,124.61,498.53,0.1452,4.0,3.08,12.99,-28.62,0.18,40.23,-2.89,-10.00
9,6,-1.00,-1.00,-1.00,-1.00,0.1081,4.1,3.00,16.77,-35.87,0.72,11.93,0.13,-10.00
10,6,-1.00,-1.00,-1.00,-1.00,0.1723,4.2,2.95,14.88,25.50,0.89,2.17,3.00,-10.00
10,6,-1.00,-1.00,-1.00,-1.00,0.1185,4.3,2.86,16.05,24.79,1.68,-18.53,-1.83,-10.00
11,6,-1.00,-1.00,-1.00,-1.00,0.2512,4.1,3.00,14.95,-44.13,0.23,-9.12,0.18,-10.00
11,6,-1.00,-1.00,-1.00,-1.00,0.2067,4.3,3.08,16.08,38.98,0.64,-27.68,2.89,-10.00
11,6,1150.93,373.71,1575.38,497.40,0.1818,4.2,3.10,15.00,20.96,0.19,49.80,-2.50,-10.00
12,6,-1.00,-1.00,-1.00,-1.00,0.1416,3.3,3.11,15.24,-13.02,1.62,-14.70,-1.47,-10.00
12,6,-1.00,-1.00,-1.00,-1.00,0.1224,3.7,3.12,11.09,-32.95,1.00,10.79,0.16,-10.00
12,6,-1.00,-1.00,-1.00,-1.00,0.1109,4.0,2.95,15.60,-39.50,1.00,-19.58,-2.96,-10.00
13,6,0.00,382.50,280.34,496.96,0.2439,4.2,3.02,16.12,-29.20,0.15,49.23,-3.00,-10.00
13,6,-1.00,-1.00,-1.00,-1.00,0.1485,4.2,3.11,15.94,-36.35,0.48,-48.41,-0.17,-10.00
13,6,-1.00,-1.00,-1.00,-1.00,0.1294,4.2,2.75,16.39,27.03,2.50,-6.58,-1.96,-10.00
13,6,-1.00,-1.00,-1.00,-1.00,0.1203,3.7,2.67,12.45,-34.15,-0.10,-0.78,0.19,-10.00
13,6,-1.00,-1.00,-1.00,-1.00,0.1121,4.2,3.12,14.75,-51.62,0.34,-50.91,-0.10,-10.00
14,6,-1.00,-1.00,-1.00,-1.00,0.2552,4.1,3.08,17.59,-42.88,0.81,-14.66,0.08,-10.00
14,6,-1.00,-1.00,-1.00,-1.00,0.2197,4.0,2.80,16.12,-38.73,0.43,-26.43,-2.98,-10.00
14,6,1157.88,350.30,1600.00,496.21,0.1366,4.2,3.10,15.97,19.83,0.13,42.29,-2.67,-10.00
14,6,-1.00,-1.00,-1.00,-1.00,0.1223,4.1,3.05,15.58,-36.54,-0.06,4.70,-2.99,-10.00
14,6,-1.00,-1.00,-1.00,-1.00,0.1112,4.1,2.97,16.21,-35.43,0.54,-12.50,-3.02,-10.00
14,6,-1.00,-1.00,-1.00,-1.00,0.1009,4.1,3.06,15.17,-33.37,0.81,1.08,0.17,-10.00
15,6,-1.00,-1.00,-1.00,-1.00,0.4092,4.0,2.86,16.19,-43.32,0.54,-18.14,0.05,-10.00
15,6,-1.00,-1.00,-1.00,-1.00,0.1759,4.1,2.77,16.50,-38.45,0.76,1.17,0.07,-10.00
15,6,-1.00,-1.00,-1.00,-1.00,0.1543,4.2,3.14,14.42,-37.73,1.74,-54.48,-1.84,-10.00
15,6,-1.00,-1.00,-1.00,-1.00,0.1412,4.1,3.07,13.26,-39.29,1.78,-54.45,2.05,-10.00
15,6,1388.33,326.64,1600.00,476.41,0.1373,4.2,3.01,15.13,25.64,-0.54,38.33,0.04,-10.00
15,6,-1.00,-1.00,-1.00,-1.00,0.1077,4.1,3.08,16.08,-39.11,1.08,-15.96,0.04,-10.00
16,6,-1.00,-1.00,-1.00,-1.00,0.1952,4.1,2.95,16.52,-36.15,0.56,-34.03,-3.07,-10.00
16,6,0.00,373.46,129.51,504.88,0.1779,4.0,2.88,15.48,-32.03,0.38,42.74,3.01,-10.00
16,6,-1.00,-1.00,-1.00,-1.00,0.1409,3.7,2.90,15.12,-36.36,0.50,-3.70,3.12,-10.00
16,6,-1.00,-1.00,-1.00,-1.00,0.1129,4.1,2.98,16.79,-41.10,0.15,-12.00,0.10,-10.00
16,6,1407.33,344.53,1600.00,488.10,0.1058,3.9,2.97,13.93,24.92,-0.17,36.76,-3.08,-10.00
16,6,0.00,369.87,64.63,505.33,0.1042,4.1,2.84,15.62,-32.37,0.38,40.40,-3.06,-10.00
16,6,1106.33,370.07,1527.77,485.35,0.1013,4.2,2.99,15.58,19.55,-0.34,49.93,-0.04,-10.00
17,6,-1.00,-1.00,-1.00,-1.00,0.1339,2.0,1.97,3.96,48.32,0.45,47.54,-1.29,-10.00
17,6,-1.00,-1.00,-1.00,-1.00,0.1300,4.1,3.08,15.30,-34.76,0.64,27.13,0.23,-10.00
17,6,0.00,353.09,254.00,474.91,0.1243,3.6,2.84,13.09,-25.86,-0.84,47.95,1.61,-10.00
17,6,-1.00,-1.00,-1.00,-1.00,0.1128,4.0,2.70,13.88,-22.28,1.14,-17.80,-1.57,-10.00
17,6,-1.00,-1.00,-1.00,-1.00,0.1120,4.0,2.92,15.24,-36.48,0.45,-6.09,-3.08,-10.00
17,6,0.00,371.37,81.18,508.56,0.1057,4.0,2.90,15.21,-32.18,0.48,40.35,3.03,-10.00
18,6,-1.00,-1.00,-1.00,-1.00,0.3559,4.2,3.32,13.84,42.02,1.31,49.90,-3.12,-10.00
19,6,-1.00,-1.00,-1.00,-1.00,0.2050,4.3,3.24,15.78,42.00,0.77,47.90,0.00,-10.00
19,6,-1.00,-1.00,-1.00,-1.00,0.1592,4.1,2.97,11.11,52.54,2.78,18.83,2.93,-10.00
19,6,-1.00,-1.00,-1.00,-1.00,0.1415,4.0,3.05,14.70,21.56,1.20,5.87,-0.24,-10.00
19,6,-1.00,-1.00,-1.00,-1.00,0.1120,4.1,2.69,15.73,-21.97,1.66,-14.79,1.57,-10.00
20,6,1558.57,360.50,1600.00,555.45,0.1727,4.4,3.25,16.07,26.82,1.52,31.47,2.98,-10.00
20,6,-1.00,-1.00,-1.00,-1.00,0.1289,3.9,3.04,15.15,26.51,1.54,6.20,2.74,-10.00
20,6,-1.00,-1.00,-1.00,-1.00,0.1087,4.1,2.94,15.18,36.96,1.67,1.74,1.11,-10.00
20,6,-1.00,-1.00,-1.00,-1.00,0.1044,4.3,3.10,11.56,42.66,1.18,46.25,-3.11,-10.00
21,6,-1.00,-1.00,-1.00,-1.00,0.1728,4.1,2.97,10.76,39.20,1.07,44.32,3.10,-10.00
21,6,125.21,424.03,331.30,497.05,0.1040,2.4,2.41,5.92,-20.10,0.15,43.52,3.10,-10.00
22,6,-1.00,-1.00,-1.00,-1.00,0.1527,4.1,2.94,15.32,35.22,0.98,41.73,3.06,-10.00
22,6,0.00,368.79,370.23,500.25,0.1049,4.1,2.93,16.27,-23.38,0.22,41.95,-3.09,-10.00
23,6,-1.00,-1.00,-1.00,-1.00,0.3360,4.1,2.98,15.30,32.92,1.72,-7.53,1.09,-10.00
23,6,-1.00,-1.00,-1.00,-1.00,0.1764,4.1,3.06,16.38,-37.61,-0.31,-22.79,-3.05,-10.00
23,6,-1.00,-1.00,-1.00,-1.00,0.1760,4.0,2.94,16.27,-34.58,1.30,23.48,3.12,-10.00
23,6,-1.00,-1.00,-1.00,-1.00,0.1597,4.0,2.84,15.50,-34.45,0.40,28.34,-2.94,-10.00
23,6,-1.00,-1.00,-1.00,-1.00,0.1317,1.5,1.70,2.63,33.02,1.60,6.12,2.73,-10.00
23,6,-1.00,-1.00,-1.00,-1.00,0.1232,4.1,2.74,16.92,-36.43,0.92,26.46,-3.02,-10.00
24,6,-1.00,-1.00,-1.00,-1.00,0.1702,9.1,6.42,20.35,-31.73,1.50,-41.78,-1.59,-10.00
24,6,1571.33,345.99,1600.00,577.37,0.1193,3.5,2.78,11.50,18.92,1.29,20.70,-3.14,-10.00
25,6,-1.00,-1.00,-1.00,-1.00,0.1495,2.3,2.04,3.03,46.06,0.30,29.22,0.44,-10.00
25,6,1066.57,406.94,1222.98,534.92,0.1427,4.1,2.97,14.53,11.97,1.52,47.88,-1.51,-10.00
25,6,-1.00,-1.00,-1.00,-1.00,0.1377,3.7,2.89,15.62,26.44,0.99,-6.64,2.89,-10.00
25,6,-1.00,-1.00,-1.00,-1.00,0.1205,4.4,3.04,16.10,14.81,2.17,-27.05,-1.99,-10.00
26,6,-1.00,-1.00,-1.00,-1.00,0.1542,3.8,3.01,14.15,14.90,1.94,-31.73,-2.05,-10.00
26,6,1090.31,389.35,1246.81,532.79,0.1347,4.2,2.96,15.20,12.01,1.35,44.88,1.68,-10.00
26,6,199.48,364.00,433.34,499.03,0.1187,4.1,2.90,14.22,-18.09,0.18,47.50,-1.56,-10.00
26,6,0.00,354.51,278.59,525.73,0.1075,4.1,2.95,15.84,-22.55,0.82,32.80,3.11,-10.00
26,6,-1.00,-1.00,-1.00,-1.00,0.1062,4.3,3.08,14.86,38.44,0.73,18.16,2.84,-10.00
26,6,-1.00,-1.00,-1.00,-1.00,0.1042,4.0,3.04,13.22,32.15,1.49,-13.88,1.23,-10.00
26,6,-1.00,-1.00,-1.00,-1.00,0.1032,9.8,6.33,21.73,-33.61,1.58,-40.65,1.61,-10.00
27,6,270.34,344.29,495.85,488.93,0.1968,4.2,3.06,15.33,-15.55,-0.26,47.48,1.58,-10.00
27,6,-1.00,-1.00,-1.00,-1.00,0.1693,4.2,2.97,16.11,22.59,2.76,-28.79,-1.86,-10.00
28,6,-1.00,-1.00,-1.00,-1.00,0.2174,1.5,1.56,2.65,30.73,1.36,8.94,2.67,-10.00
28,6,-1.00,-1.00,-1.00,-1.00,0.1486,1.6,1.58,2.85,30.36,1.49,10.03,2.02,-10.00
28,6,231.53,335.70,477.57,489.97,0.1428,4.2,2.93,14.70,-15.46,-0.21,44.36,1.59,-10.00
28,6,-1.00,-1.00,-1.00,-1.00,0.1070,1.7,1.51,2.86,32.37,1.08,8.98,2.86,-10.00
28,6,-1.00,-1.00,-1.00,-1.00,0.1013,4.1,2.99,16.06,-38.92,0.41,-5.99,0.14,-10.00
29,6,-1.00,-1.00,-1.00,-1.00,0.2182,4.1,3.21,15.16,-35.10,0.95,-22.43,0.05,-10.00
29,6,1195.53,406.35,1492.53,570.23,0.1704,4.1,2.83,15.08,15.63,2.12,39.62,-1.58,-10.00
29,6,1381.39,349.41,1600.00,528.40,0.1448,4.2,3.08,15.11,22.57,0.87,32.22,3.11,-10.00
29,6,0.00,347.39,213.25,483.37,0.1260,3.3,3.25,14.65,-25.16,-0.46,41.52,-1.53,-10.00
29,6,-1.00,-1.00,-1.00,-1.00,0.1231,2.0,1.73,3.02,39.15,2.28,-2.85,2.82,-10.00
29,6,-1.00,-1.00,-1.00,-1.00,0.1173,4.1,2.79,16.25,-36.21,0.84,-36.39,-3.02,-10.00
29,6,1320.18,389.38,1564.50,559.28,0.1157,4.2,2.91,16.19,18.65,1.82,39.34,1.78,-10.00
29,6,-1.00,-1.00,-1.00,-1.00,0.1098,4.2,3.23,16.19,-25.65,-0.46,-36.01,-1.56,-10.00
29,6,-1.00,-1.00,-1.00,-1.00,0.1008,4.1,3.14,15.57,-38.08,0.38,-20.10,0.16,-10.00
30,6,1391.34,365.69,1600.00,550.52,0.4791,4.2,3.09,13.76,21.62,1.36,31.00,3.12,-10.00
30,6,-1.00,-1.00,-1.00,-1.00,0.2775,4.1,2.93,15.11,34.22,2.00,-18.87,-1.88,-10.00
30,6,1133.40,349.64,1474.16,554.88,0.2546,4.3,2.96,15.17,12.06,1.45,33.96,-1.59,-10.00
30,6,-1.00,-1.00,-1.00,-1.00,0.2019,1.9,1.70,2.49,38.72,2.39,-4.23,-0.21,-10.00
30,6,-1.00,-1.00,-1.00,-1.00,0.1876,4.1,3.04,15.27,-37.69,0.50,-22.88,-0.02,-10.00
30,6,0.00,333.83,187.47,481.11,0.1739,3.4,3.63,14.59,-25.42,-0.54,39.99,-1.56,-10.00
30,6,1204.08,399.02,1555.77,578.81,0.1163,4.2,2.84,15.80,15.56,2.17,37.42,1.54,-10.00
30,6,1431.13,318.85,1600.00,519.19,0.1153,4.2,3.02,16.38,22.94,0.57,28.98,3.12,-10.00
30,6,-1.00,-1.00,-1.00,-1.00,0.1084,4.0,2.89,8.77,24.48,2.26,-27.54,-0.19,-10.00
30,6,-1.00,-1.00,-1.00,-1.00,0.1011,4.2,3.02,14.60,32.41,2.01,-20.09,1.31,-10.00
31,6,1420.83,370.95,1600.00,561.13,0.2782,4.2,3.11,14.31,22.33,1.55,30.22,-3.14,-10.00
31,6,-1.00,-1.00,-1.00,-1.00,0.1869,4.1,2.86,15.47,31.81,2.61,-21.52,-1.95,-10.00
31,6,-1.00,-1.00,-1.00,-1.00,0.1479,4.0,2.99,15.41,-37.66,0.52,-23.69,-0.00,-10.00
31,6,-1.00,-1.00,-1.00,-1.00,0.1127,1.5,1.45,2.59,15.43,2.88,-45.42,-1.77,-10.00
31,6,-1.00,-1.00,-1.00,-1.00,0.1034,4.1,2.99,15.85,-37.52,0.62,-21.66,0.15,-10.00
31,6,1134.59,357.19,1450.19,566.06,0.1028,4.2,2.98,15.17,11.56,1.64,33.28,1.60,-10.00
31,6,-1.00,-1.00,-1.00,-1.00,0.1020,4.1,3.03,14.67,-6.42,-1.52,-47.65,-1.57,-10.00
31,6,-1.00,-1.00,-1.00,-1.00,0.1001,4.1,3.04,14.53,17.95,2.96,-48.64,-1.88,-10.00
32,6,-1.00,-1.00,-1.00,-1.00,0.1910,4.0,3.02,14.97,-37.14,0.08,-25.61,0.10,-10.00
32,6,-1.00,-1.00,-1.00,-1.00,0.1742,4.1,2.90,15.47,32.87,2.77,-21.59,1.10,-10.00
32,6,1398.95,422.05,1600.00,613.64,0.1682,4.2,3.14,13.91,21.35,2.71,29.77,3.12,-10.00
32,6,177.82,403.29,484.87,505.10,0.1585,2.8,2.79,7.74,-13.79,0.35,36.39,-3.09,-10.00
32,6,-1.00,-1.00,-1.00,-1.00,0.1244,4.2,3.03,15.08,25.83,1.45,7.50,3.11,-10.00
32,6,1263.34,384.73,1600.00,592.80,0.1016,4.4,2.87,15.45,16.29,2.26,34.33,1.57,-10.00
33,6,1220.78,402.58,1600.00,607.74,0.2374,4.2,2.82,15.96,15.18,2.54,34.17,1.53,-10.00
33,6,-1.00,-1.00,-1.00,-1.00,0.1341,2.0,1.76,3.20,33.60,2.22,-9.15,2.69,-10.00
33,6,-1.00,-1.00,-1.00,-1.00,0.1144,4.3,3.13,11.04,47.54,0.51,-8.68,-0.36,-10.00
33,6,1348.61,409.79,1600.00,622.09,0.1090,4.3,2.93,16.74,17.39,2.78,33.89,1.79,-10.00
33,6,-1.00,-1.00,-1.00,-1.00,0.1081,4.0,3.06,15.89,-33.73,0.90,-25.32,0.01,-10.00
33,6,-1.00,-1.00,-1.00,-1.00,0.1045,4.0,2.98,15.57,-36.96,0.16,-27.27,0.05,-10.00
33,6,-1.00,-1.00,-1.00,-1.00,0.1034,4.2,2.99,14.58,23.90,0.82,-18.55,2.71,-10.00
34,6,1248.74,415.03,1600.00,628.27,0.4531,4.2,2.84,16.08,15.50,2.87,33.33,1.58,-10.00
34,6,-1.00,-1.00,-1.00,-1.00,0.2228,4.1,2.97,15.83,17.51,0.99,1.37,-0.24,-10.00
34,6,-1.00,-1.00,-1.00,-1.00,0.1961,4.3,3.12,15.63,24.89,1.16,-19.31,2.64,-10.00
34,6,-1.00,-1.00,-1.00,-1.00,0.1850,4.1,3.11,15.64,-33.66,0.98,-26.84,0.04,-10.00
34,6,1468.71,401.11,1600.00,611.58,0.1505,4.1,2.89,11.04,20.02,2.36,26.62,-3.11,-10.00
34,6,1167.94,369.79,1600.00,596.26,0.1480,4.3,2.85,17.01,13.63,2.14,32.58,1.47,-10.00
34,6,-1.00,-1.00,-1.00,-1.00,0.1424,4.2,2.87,10.86,28.27,2.15,10.58,-1.63,-10.00
34,6,-1.00,-1.00,-1.00,-1.00,0.1254,4.0,2.96,16.22,-36.48,0.18,-29.19,0.06,-10.00
34,6,-1.00,-1.00,-1.00,-1.00,0.1234,4.1,2.93,15.28,26.05,2.51,-45.67,-1.82,-10.00
34,6,-1.00,-1.00,-1.00,-1.00,0.1193,4.2,2.87,17.30,40.64,2.65,15.32,1.62,-10.00
34,6,1393.69,437.95,1600.00,658.02,0.1171,4.2,2.86,16.42,17.77,3.35,32.60,1.85,-10.00
34,6,-1.00,-1.00,-1.00,-1.00,0.1055,4.1,2.92,15.12,23.91,2.39,-45.38,-1.58,-10.00
35,6,-1.00,-1.00,-1.00,-1.00,0.3621,4.1,2.83,16.10,-35.25,-0.46,-45.44,-3.08,-10.00
35,6,1543.48,358.32,1600.00,596.29,0.2281,4.3,3.06,12.21,21.19,1.93,24.88,-0.04,-10.00
35,6,1249.29,390.69,1600.00,624.41,0.2111,4.3,2.88,15.19,15.10,2.58,30.85,-1.64,-10.00
35,6,-1.00,-1.00,-1.00,-1.00,0.1514,4.1,3.07,14.83,39.69,3.08,-21.65,-2.03,-10.00
35,6,-1.00,-1.00,-1.00,-1.00,0.1374,4.1,3.06,15.44,-36.50,0.01,-30.40,0.08,-10.00
35,6,1121.74,331.61,1534.35,578.81,0.1330,4.2,2.95,15.58,10.67,1.63,29.54,-1.60,-10.00
35,6,-1.00,-1.00,-1.00,-1.00,0.1220,2.8,2.16,3.11,-29.10,0.02,32.88,-0.03,-10.00
35,6,-1.00,-1.00,-1.00,-1.00,0.1102,4.3,3.21,15.29,43.46,1.26,-12.69,2.74,-10.00
35,6,-1.00,-1.00,-1.00,-1.00,0.1031,4.0,3.01,14.98,-32.99,0.60,-28.51,-0.03,-10.00
36,6,-1.00,-1.00,-1.00,-1.00,0.2398,4.1,2.78,16.98,-36.41,-0.41,-46.71,0.04,-10.00
36,6,1316.65,371.95,1600.00,644.41,0.1678,4.3,2.88,16.28,15.85,2.55,28.13,-1.58,-10.00
36,6,0.00,318.40,187.16,504.40,0.1213,4.1,2.98,14.57,-24.46,0.26,32.45,2.88,-10.00
36,6,-1.00,-1.00,-1.00,-1.00,0.1190,4.1,3.00,16.02,-36.20,-0.24,-32.41,0.08,-10.00
37,6,1542.18,346.74,1600.00,632.24,0.2995,4.2,2.91,15.96,20.59,2.03,20.31,-3.10,-10.00
37,6,-1.00,-1.00,-1.00,-1.00,0.2382,4.3,3.16,16.77,20.89,1.38,-27.19,2.76,-10.00
37,6,-1.00,-1.00,-1.00,-1.00,0.1358,4.2,3.05,13.48,34.78,1.75,-21.02,2.74,-10.00
37,6,-1.00,-1.00,-1.00,-1.00,0.1076,4.1,2.77,15.74,41.05,2.14,-32.73,1.44,-10.00
37,6,-1.00,-1.00,-1.00,-1.00,0.1026,1.7,1.59,2.41,39.22,3.02,-14.55,2.78,-10.00
38,6,-1.00,-1.00,-1.00,-1.00,0.1289,4.0,2.90,15.60,-35.35,0.36,-7.60,-3.12,-10.00
38,6,536.38,341.70,650.73,499.91,0.1180,4.0,2.56,8.63,-6.30,0.19,36.94,1.48,-10.00
38,6,-1.00,-1.00,-1.00,-1.00,0.1133,1.7,1.44,2.56,39.09,3.35,-16.87,2.77,-10.00
38,6,-1.00,-1.00,-1.00,-1.00,0.1044,4.1,2.98,15.30,22.71,1.82,-36.37,2.83,-10.00
38,6,-1.00,-1.00,-1.00,-1.00,0.1002,4.0,2.95,15.75,-36.01,-0.11,-36.40,0.07,-10.00
39,6,916.74,434.33,1122.82,547.34,0.1169,2.7,2.17,4.78,4.91,1.33,31.16,0.05,-10.00
39,6,-1.00,-1.00,-1.00,-1.00,0.1134,2.8,2.56,5.10,13.91,-0.43,-34.57,-0.33,-10.00
39,6,-1.00,-1.00,-1.00,-1.00,0.1066,4.1,2.83,12.61,22.41,2.01,8.54,-1.54,-10.00
39,6,-1.00,-1.00,-1.00,-1.00,0.1048,4.1,3.36,13.68,50.64,3.11,-28.55,-2.05,-10.00
