0,6,1177.24,126.18,1600.00,665.45,0.9246,4.3,2.98,15.18,9.30,1.86,17.64,-1.57,-10.00
0,6,-1.00,-1.00,-1.00,-1.00,0.3767,3.6,2.95,7.34,5.67,1.40,-31.79,1.54,-10.00
0,6,-1.00,-1.00,-1.00,-1.00,0.2847,4.2,2.86,17.31,-33.72,0.33,-9.65,-3.10,-10.00
0,6,-1.00,-1.00,-1.00,-1.00,0.2445,4.1,3.07,15.74,3.51,2.13,-35.08,-1.57,-10.00
0,6,-1.00,-1.00,-1.00,-1.00,0.1818,4.2,3.08,16.14,-21.19,0.37,-34.70,1.56,-10.00
0,6,-1.00,-1.00,-1.00,-1.00,0.1727,4.2,2.99,14.98,-32.77,-1.06,-42.27,1.81,-10.00
0,6,1507.11,91.64,1600.00,628.00,0.1330,4.1,3.04,16.55,15.66,1.50,11.60,3.11,-10.00
0,6,-1.00,-1.00,-1.00,-1.00,0.1232,3.6,3.14,5.95,5.05,0.11,-51.71,-1.66,-10.00
0,6,1150.70,303.69,1577.65,419.58,0.1131,4.2,2.99,15.43,22.34,-0.81,49.29,3.11,-10.00
0,6,-1.00,-1.00,-1.00,-1.00,0.1118,3.4,2.96,14.53,10.22,2.11,-40.37,-3.10,-10.00
0,6,1142.40,319.52,1298.07,439.24,0.1082,4.1,2.96,14.81,17.53,-0.02,52.39,1.68,-10.00
0,6,-1.00,-1.00,-1.00,-1.00,0.1071,4.1,3.03,15.99,-26.44,0.03,-30.51,-0.05,-10.00
0,6,-1.00,-1.00,-1.00,-1.00,0.1050,2.8,2.42,5.13,13.94,1.55,-7.17,-1.54,-10.00
0,6,-1.00,-1.00,-1.00,-1.00,0.1013,4.2,2.71,16.24,5.58,2.23,-41.77,-1.57,-10.00
0,6,-1.00,-1.00,-1.00,-1.00,0.1000,2.8,2.13,4.40,5.70,1.61,-49.00,1.50,-10.00
0,6,0.00,295.77,28.20,434.70,0.1000,3.3,2.82,9.93,-26.05,-0.16,36.58,1.49,-10.00
1,6,1314.90,0.00,1600.00,797.40,0.9818,4.2,2.91,13.88,9.53,1.48,11.95,-1.60,-10.00
1,6,-1.00,-1.00,-1.00,-1.00,0.3352,4.0,2.85,10.62,5.88,1.55,-37.53,-1.63,-10.00
1,6,1180.15,364.18,1600.00,538.08,0.2185,4.3,3.11,15.71,18.88,2.44,33.66,-3.02,-10.00
1,6,1035.72,382.87,1223.89,518.85,0.2018,4.2,2.93,16.84,12.39,2.58,47.90,1.60,-10.00
1,6,-1.00,-1.00,-1.00,-1.00,0.2009,4.2,3.10,15.74,6.10,1.81,-50.52,1.56,-10.00
1,6,1510.70,0.00,1600.00,821.15,0.1583,4.2,2.78,15.37,12.62,1.31,11.83,-1.58,-10.00
1,6,1263.85,166.75,1600.00,577.40,0.1516,4.2,3.04,16.39,14.47,1.38,14.88,-3.09,-10.00
1,6,-1.00,-1.00,-1.00,-1.00,0.1383,4.3,2.78,16.53,2.76,1.94,-34.58,-1.61,-10.00
1,6,1373.85,233.35,1600.00,600.19,0.1232,4.2,2.98,15.51,15.48,1.92,22.28,-1.57,-10.00
1,6,1175.68,301.06,1349.18,438.28,0.1214,4.2,3.14,15.97,17.65,-0.07,48.34,1.73,-10.00
1,6,-1.00,-1.00,-1.00,-1.00,0.1144,4.1,3.04,16.37,-29.06,1.14,28.77,-0.02,-10.00
1,6,356.68,282.83,572.21,472.55,0.1139,4.2,3.05,15.23,-8.39,0.81,35.45,1.51,-10.00
1,6,1246.49,381.00,1600.00,561.71,0.1137,4.1,3.02,14.78,19.46,2.80,31.39,-3.02,-10.00
1,6,-1.00,-1.00,-1.00,-1.00,0.1071,4.2,2.81,16.45,3.12,2.18,-45.76,1.54,-10.00
1,6,1207.35,336.21,1600.00,495.52,0.1049,4.2,3.06,15.39,19.92,1.55,35.74,3.01,-10.00
1,6,-1.00,-1.00,-1.00,-1.00,0.1036,4.1,2.99,15.85,9.54,1.70,-35.52,-3.14,-10.00
1,6,295.89,341.47,860.64,467.62,0.1017,3.3,2.99,15.41,-5.74,0.79,36.43,3.02,-10.00
2,6,1446.60,0.00,1600.00,900.00,0.9845,4.3,2.88,14.23,9.39,1.35,7.77,-1.60,-10.00
2,6,-1.00,-1.00,-1.00,-1.00,0.7772,4.1,2.93,13.05,6.00,1.06,-43.87,-1.60,-10.00
2,6,-1.00,-1.00,-1.00,-1.00,0.2526,4.2,2.87,16.27,3.86,1.52,-44.40,-1.57,-10.00
2,6,-1.00,-1.00,-1.00,-1.00,0.1557,4.3,2.82,15.83,12.70,1.41,7.48,-1.57,-10.00
2,6,1207.01,295.82,1600.00,430.12,0.1377,3.8,3.02,15.87,21.42,-0.32,39.00,3.14,-10.00
2,6,-1.00,-1.00,-1.00,-1.00,0.1286,4.1,2.93,14.21,15.71,1.44,3.00,2.96,-10.00
2,6,-1.00,-1.00,-1.00,-1.00,0.1216,4.3,2.92,16.20,9.82,1.32,-41.19,-1.58,-10.00
2,6,-1.00,-1.00,-1.00,-1.00,0.1093,4.1,3.03,16.31,18.50,1.32,11.36,3.12,-10.00
2,6,-1.00,-1.00,-1.00,-1.00,0.1088,4.2,3.03,15.52,25.25,0.15,-30.63,3.12,-10.00
2,6,1151.08,285.85,1442.52,445.97,0.1077,4.3,2.93,16.77,16.42,0.25,43.03,1.56,-10.00
2,6,-1.00,-1.00,-1.00,-1.00,0.1059,3.6,2.84,11.72,-42.09,0.29,-20.49,1.49,-10.00
2,6,-1.00,-1.00,-1.00,-1.00,0.1046,4.2,2.77,16.50,2.19,2.24,-39.71,-1.59,-10.00
2,6,158.18,175.66,504.09,468.73,0.1018,5.1,4.11,17.45,-10.01,0.60,31.15,-1.69,-10.00
3,6,-1.00,-1.00,-1.00,-1.00,0.9812,4.3,2.97,14.73,9.42,1.58,2.75,-1.58,-10.00
3,6,-1.00,-1.00,-1.00,-1.00,0.2949,3.9,2.91,9.91,6.03,2.08,-46.56,-1.59,-10.00
3,6,-1.00,-1.00,-1.00,-1.00,0.2116,3.8,3.00,11.05,-34.05,1.80,-16.36,1.60,-10.00
3,6,-1.00,-1.00,-1.00,-1.00,0.1734,4.4,3.01,16.91,18.11,1.80,0.84,-1.67,-10.00
3,6,483.38,327.37,892.13,459.18,0.1720,4.1,3.00,13.54,-3.30,0.68,43.08,-0.28,-10.00
3,6,-1.00,-1.00,-1.00,-1.00,0.1658,4.2,2.93,15.99,20.69,2.00,1.41,-1.45,-10.00
3,6,-1.00,-1.00,-1.00,-1.00,0.1643,4.2,3.03,16.77,14.99,1.51,-2.74,-3.14,-10.00
3,6,1212.41,301.25,1600.00,424.43,0.1369,3.6,2.92,14.80,21.40,-0.51,39.97,-3.12,-10.00
3,6,-1.00,-1.00,-1.00,-1.00,0.1341,4.4,2.88,17.06,13.00,1.87,2.79,-1.55,-10.00
3,6,-1.00,-1.00,-1.00,-1.00,0.1335,4.2,3.03,15.30,25.17,-0.26,-35.47,-0.01,-10.00
3,6,1531.62,313.72,1600.00,422.63,0.1331,3.2,2.77,9.62,29.42,-0.56,40.40,3.12,-10.00
3,6,402.86,316.00,548.76,435.12,0.1317,4.0,2.72,9.67,-11.58,-0.17,48.15,1.62,-10.00
3,6,1209.16,258.29,1600.00,406.77,0.1071,3.7,2.94,15.35,19.65,-0.94,34.20,-3.11,-10.00
3,6,677.51,412.63,1056.50,506.70,0.1027,3.5,3.10,14.57,3.07,2.61,50.02,3.10,-10.00
4,6,-1.00,-1.00,-1.00,-1.00,0.9353,4.4,3.05,15.64,9.45,1.50,-1.41,-1.60,-10.00
4,6,-1.00,-1.00,-1.00,-1.00,0.2736,2.7,2.10,5.05,13.80,1.56,-25.04,1.47,-10.00
4,6,-1.00,-1.00,-1.00,-1.00,0.2139,3.2,2.74,8.56,5.97,1.06,-49.86,-1.63,-10.00
4,6,-1.00,-1.00,-1.00,-1.00,0.1569,4.2,3.01,15.98,15.92,1.70,-4.34,3.11,-10.00
4,6,503.46,415.16,669.34,515.19,0.1371,2.9,2.72,14.10,-6.45,2.28,43.54,1.63,-10.00
4,6,-1.00,-1.00,-1.00,-1.00,0.1351,4.4,2.99,17.90,17.11,1.69,-4.52,1.57,-10.00
4,6,571.53,408.25,992.47,509.74,0.1296,3.5,2.99,15.05,-0.17,2.54,46.71,3.11,-10.00
4,6,-1.00,-1.00,-1.00,-1.00,0.1202,4.2,3.01,16.41,15.60,1.42,-6.35,-0.04,-10.00
4,6,7.40,344.69,272.45,427.60,0.1193,3.0,2.78,8.71,-24.82,-0.46,48.80,3.09,-10.00
4,6,240.62,348.09,516.79,435.28,0.1156,2.8,2.67,8.47,-13.67,-0.13,42.70,-3.08,-10.00
4,6,325.44,310.74,569.05,504.65,0.1055,2.7,3.20,11.33,-5.69,0.97,23.27,-1.73,-10.00
4,6,157.54,316.03,337.79,419.86,0.1053,3.6,2.78,11.29,-22.13,-0.89,52.80,-1.58,-10.00
5,6,-1.00,-1.00,-1.00,-1.00,0.9672,4.4,3.03,14.41,9.45,1.39,-5.62,-1.59,-10.00
5,6,-1.00,-1.00,-1.00,-1.00,0.2149,2.7,1.96,4.69,14.15,0.63,-28.75,1.45,-10.00
5,6,-1.00,-1.00,-1.00,-1.00,0.1810,4.2,3.04,16.21,15.39,1.45,-9.91,3.11,-10.00
5,6,-1.00,-1.00,-1.00,-1.00,0.1753,4.1,2.95,12.41,7.37,-0.33,-54.69,-1.64,-10.00
5,6,219.55,294.60,509.23,554.06,0.1605,2.9,2.73,11.80,-6.08,1.36,20.26,-1.75,-10.00
5,6,-1.00,-1.00,-1.00,-1.00,0.1530,4.2,2.87,14.54,13.99,1.35,-12.55,1.52,-10.00
5,6,-1.00,-1.00,-1.00,-1.00,0.1432,4.3,2.89,17.42,16.41,1.86,-7.37,1.57,-10.00
5,6,1104.39,310.59,1317.39,437.11,0.1299,4.2,3.00,14.99,16.37,-0.11,50.59,1.54,-10.00
5,6,-1.00,-1.00,-1.00,-1.00,0.1274,4.2,3.09,14.66,9.48,-0.82,-51.49,-0.00,-10.00
5,6,-1.00,-1.00,-1.00,-1.00,0.1223,4.0,2.84,10.92,24.06,1.77,2.42,1.37,-10.00
5,6,-1.00,-1.00,-1.00,-1.00,0.1209,4.3,3.04,16.84,21.45,0.45,-35.67,1.49,-10.00
5,6,-1.00,-1.00,-1.00,-1.00,0.1195,4.0,2.91,10.34,25.89,1.53,5.62,2.98,-10.00
5,6,452.48,329.93,524.05,415.71,0.1168,3.1,2.10,3.80,-11.73,-0.94,49.85,1.51,-10.00
5,6,1263.15,378.48,1600.00,561.65,0.1118,3.4,2.98,14.68,17.53,2.32,25.56,3.13,-10.00
5,6,-1.00,-1.00,-1.00,-1.00,0.1033,3.8,3.43,15.65,24.93,0.75,12.56,-1.55,-10.00
6,6,-1.00,-1.00,-1.00,-1.00,0.9684,4.5,3.08,15.03,9.45,1.43,-10.33,-1.58,-10.00
6,6,0.00,292.21,217.26,439.95,0.1539,4.3,3.24,16.88,-26.56,0.00,45.95,1.62,-10.00
6,6,-1.00,-1.00,-1.00,-1.00,0.1480,4.2,3.02,16.48,15.06,1.58,-13.87,3.06,-10.00
6,6,-1.00,-1.00,-1.00,-1.00,0.1349,4.5,3.50,16.00,-42.55,1.23,3.57,-1.56,-10.00
6,6,-1.00,-1.00,-1.00,-1.00,0.1271,4.4,2.85,16.67,12.82,1.61,-9.12,-1.63,-10.00
6,6,-1.00,-1.00,-1.00,-1.00,0.1163,2.3,2.24,4.79,13.94,1.22,-33.33,-1.56,-10.00
6,6,170.20,212.40,513.09,525.86,0.1033,3.7,3.01,15.35,-7.01,1.11,22.90,-1.72,-10.00
6,6,-1.00,-1.00,-1.00,-1.00,0.1007,4.2,3.01,15.69,-26.67,1.53,-29.01,-1.58,-10.00
6,6,313.08,285.56,513.29,435.24,0.1000,4.2,2.95,15.04,-12.44,-0.18,44.08,1.54,-10.00
7,6,-1.00,-1.00,-1.00,-1.00,0.9399,4.3,2.86,15.83,9.63,1.25,-15.09,-1.59,-10.00
7,6,-1.00,-1.00,-1.00,-1.00,0.2227,4.3,2.98,17.29,13.17,1.34,-48.57,-1.54,-10.00
7,6,-1.00,-1.00,-1.00,-1.00,0.2049,4.2,3.05,16.42,15.27,1.23,-18.85,3.05,-10.00
7,6,939.80,402.85,1113.49,525.39,0.1508,4.2,2.91,16.02,9.25,3.07,51.53,1.50,-10.00
7,6,-1.00,-1.00,-1.00,-1.00,0.1147,4.2,2.95,16.76,17.35,1.37,-24.26,1.56,-10.00
7,6,378.30,398.58,554.46,518.81,0.1137,2.5,2.43,5.95,-7.30,1.72,29.60,1.60,-10.00
7,6,-1.00,-1.00,-1.00,-1.00,0.1044,4.2,3.48,16.21,-42.49,1.50,-2.64,1.59,-10.00
8,6,-1.00,-1.00,-1.00,-1.00,0.9696,4.4,3.02,15.46,9.51,1.39,-19.67,-1.58,-10.00
8,6,-1.00,-1.00,-1.00,-1.00,0.2788,4.3,2.90,17.86,17.57,2.04,-30.67,-1.60,-10.00
8,6,-1.00,-1.00,-1.00,-1.00,0.2280,4.1,3.06,16.16,-39.27,1.69,36.70,-0.07,-10.00
8,6,0.00,289.43,175.08,441.56,0.1957,4.2,3.42,15.97,-26.77,0.07,43.93,1.56,-10.00
8,6,0.00,331.49,157.41,446.81,0.1918,4.1,2.97,16.44,-33.39,0.28,48.70,3.08,-10.00
8,6,0.00,322.04,150.17,443.71,0.1527,4.2,2.96,16.64,-32.82,0.14,46.69,-0.09,-10.00
8,6,-1.00,-1.00,-1.00,-1.00,0.1496,3.9,2.57,8.97,-11.58,-1.19,-42.91,-1.60,-10.00
8,6,0.00,0.00,205.32,900.00,0.1398,3.7,2.74,10.15,-6.02,1.39,7.03,-1.77,-10.00
8,6,-1.00,-1.00,-1.00,-1.00,0.1240,4.1,3.37,15.35,13.20,1.63,-46.41,-1.56,-10.00
8,6,632.96,391.96,1037.70,500.01,0.1170,3.9,2.94,15.09,1.80,2.28,48.52,-0.04,-10.00
8,6,-1.00,-1.00,-1.00,-1.00,0.1151,4.3,2.86,17.37,20.13,1.81,-23.96,1.50,-10.00
8,6,220.54,367.83,738.72,500.92,0.1033,4.1,3.04,16.31,-9.77,1.97,41.70,-0.03,-10.00
8,6,-1.00,-1.00,-1.00,-1.00,0.1017,3.8,2.92,11.38,-42.41,1.10,-8.07,1.51,-10.00
9,6,-1.00,-1.00,-1.00,-1.00,0.9637,4.4,3.08,15.92,9.49,1.41,-24.24,-1.57,-10.00
9,6,-1.00,-1.00,-1.00,-1.00,0.1260,4.2,2.91,16.39,9.52,1.29,-34.65,-1.62,-10.00
9,6,79.16,286.17,315.19,422.64,0.1202,4.3,3.00,15.72,-22.77,-0.78,50.38,1.50,-10.00
9,6,966.34,422.32,1051.43,485.94,0.1150,2.1,2.06,3.96,7.74,1.62,44.37,-1.63,-10.00
9,6,1122.57,284.59,1405.35,432.67,0.1101,4.3,3.21,16.72,16.74,-0.31,46.73,1.51,-10.00
9,6,-1.00,-1.00,-1.00,-1.00,0.1093,4.3,2.89,16.68,20.33,2.54,-33.07,1.49,-10.00
9,6,-1.00,-1.00,-1.00,-1.00,0.1002,3.0,2.79,13.00,-20.69,0.91,11.62,1.55,-10.00
10,6,-1.00,-1.00,-1.00,-1.00,0.9782,4.3,2.97,14.69,9.17,1.52,-28.37,-1.57,-10.00
10,6,0.00,263.15,292.31,402.71,0.2802,3.6,3.14,15.26,-22.26,-1.56,45.52,-1.59,-10.00
10,6,415.51,307.26,560.93,429.85,0.2102,4.2,2.92,14.14,-11.94,-0.45,52.24,1.55,-10.00
10,6,-1.00,-1.00,-1.00,-1.00,0.1812,3.7,3.14,15.19,-17.50,-1.51,-44.55,3.05,-10.00
10,6,0.00,320.57,154.61,440.23,0.1720,4.1,2.97,16.69,-32.89,0.01,47.00,-0.12,-10.00
10,6,632.19,433.43,701.14,531.57,0.1501,3.0,2.05,4.24,-3.78,2.85,40.46,-1.64,-10.00
10,6,0.00,292.15,147.02,583.19,0.1392,1.9,1.81,3.23,-6.91,0.99,9.81,2.81,-10.00
10,6,25.17,310.10,368.20,508.06,0.1388,2.2,2.13,4.19,-7.37,0.80,16.35,1.68,-10.00
10,6,0.00,301.22,166.90,590.03,0.1381,2.2,2.24,3.90,-7.68,1.17,11.55,-1.63,-10.00
10,6,380.91,310.74,495.14,431.85,0.1294,3.7,2.64,9.11,-12.08,-0.28,44.53,1.44,-10.00
10,6,-1.00,-1.00,-1.00,-1.00,0.1282,4.0,2.96,14.18,-26.02,2.06,-51.55,1.53,-10.00
10,6,618.08,415.37,714.47,537.14,0.1259,3.8,2.95,11.89,-4.13,3.12,45.10,1.50,-10.00
10,6,1129.98,279.85,1433.24,499.41,0.1241,4.3,2.99,16.31,11.84,1.25,32.74,1.67,-10.00
10,6,-1.00,-1.00,-1.00,-1.00,0.1188,4.0,2.92,13.17,-11.68,-0.53,-47.53,-1.60,-10.00
10,6,-1.00,-1.00,-1.00,-1.00,0.1180,3.2,2.89,14.51,27.26,-0.22,-31.08,-0.02,-10.00
10,6,608.24,388.15,1095.36,511.56,0.1129,3.8,3.02,15.40,2.06,2.29,41.39,-0.04,-10.00
10,6,386.29,324.66,749.91,453.89,0.1114,4.0,2.80,11.34,-6.91,0.47,41.19,-0.05,-10.00
10,6,-1.00,-1.00,-1.00,-1.00,0.1008,2.2,1.60,2.52,-8.63,0.72,10.05,2.97,-10.00
11,6,-1.00,-1.00,-1.00,-1.00,0.9395,4.1,3.24,15.18,8.89,1.11,-33.04,-1.60,-10.00
11,6,400.66,308.61,552.45,438.88,0.8072,4.1,2.71,12.45,-11.22,-0.02,47.24,1.56,-10.00
11,6,-1.00,-1.00,-1.00,-1.00,0.1968,4.1,3.21,15.60,-35.60,1.13,17.15,0.04,-10.00
11,6,1159.60,281.86,1600.00,550.13,0.1673,4.2,2.82,15.72,11.79,1.81,27.62,-1.56,-10.00
11,6,0.00,327.87,218.73,420.41,0.1628,3.0,2.81,7.79,-23.99,-0.66,43.32,-3.08,-10.00
11,6,-1.00,-1.00,-1.00,-1.00,0.1556,1.9,2.17,3.89,-7.57,0.92,8.39,-1.58,-10.00
11,6,-1.00,-1.00,-1.00,-1.00,0.1326,4.2,3.01,15.35,-8.80,1.54,-34.11,1.55,-10.00
11,6,-1.00,-1.00,-1.00,-1.00,0.1226,2.7,1.78,2.99,-7.19,1.15,5.33,2.78,-10.00
11,6,0.00,322.83,259.90,550.06,0.1207,2.0,1.95,3.37,-7.18,0.98,12.75,1.73,-10.00
12,6,-1.00,-1.00,-1.00,-1.00,0.9802,4.4,3.16,15.65,9.20,1.35,-37.81,-1.57,-10.00
12,6,-1.00,-1.00,-1.00,-1.00,0.1545,3.3,2.83,13.39,18.64,2.09,-27.35,-3.11,-10.00
12,6,946.98,342.98,1006.12,419.85,0.1374,2.9,1.96,3.00,7.56,-0.77,50.54,1.59,-10.00
12,6,-1.00,-1.00,-1.00,-1.00,0.1346,4.3,2.94,16.88,8.36,2.17,-47.67,1.57,-10.00
12,6,816.95,344.17,1318.52,482.53,0.1266,4.0,2.83,14.91,8.45,1.29,39.16,3.13,-10.00
12,6,-1.00,-1.00,-1.00,-1.00,0.1218,3.9,2.66,10.64,-12.04,-0.91,-49.21,-1.52,-10.00
12,6,948.53,338.04,1008.42,419.63,0.1154,3.2,2.22,4.78,7.98,-0.83,52.95,-1.47,-10.00
12,6,-1.00,-1.00,-1.00,-1.00,0.1087,4.1,3.48,13.28,-38.46,0.55,13.36,-1.59,-10.00
12,6,-1.00,-1.00,-1.00,-1.00,0.1072,2.5,1.96,3.01,-7.02,1.38,0.67,2.88,-10.00
12,6,1281.24,383.10,1600.00,574.35,0.1059,2.4,3.18,9.92,11.47,1.75,21.00,-1.51,-10.00
13,6,-1.00,-1.00,-1.00,-1.00,0.9619,4.4,3.19,15.69,9.74,1.10,-42.30,-1.58,-10.00
13,6,-1.00,-1.00,-1.00,-1.00,0.2288,4.3,3.18,15.29,9.47,0.28,-52.58,-1.48,-10.00
13,6,1306.65,411.50,1600.00,629.65,0.1841,2.2,2.87,10.98,11.17,2.02,18.65,-1.53,-10.00
13,6,-1.00,-1.00,-1.00,-1.00,0.1576,4.1,3.23,14.42,25.47,0.07,-44.72,3.13,-10.00
13,6,-1.00,-1.00,-1.00,-1.00,0.1456,4.2,3.06,15.73,-8.11,1.38,-43.31,1.60,-10.00
13,6,258.74,293.56,452.79,452.16,0.1398,4.0,2.90,8.21,-12.02,0.38,36.15,1.55,-10.00
13,6,-1.00,-1.00,-1.00,-1.00,0.1143,4.2,3.02,16.06,14.91,0.55,-37.41,-2.94,-10.00
13,6,-1.00,-1.00,-1.00,-1.00,0.1076,4.8,3.68,16.58,-42.54,-0.23,2.57,-1.56,-10.00
13,6,-1.00,-1.00,-1.00,-1.00,0.1008,2.3,1.91,3.11,-7.31,1.27,-4.06,2.89,-10.00
14,6,-1.00,-1.00,-1.00,-1.00,0.9758,4.3,3.10,14.39,9.83,1.15,-46.37,-1.58,-10.00
14,6,-1.00,-1.00,-1.00,-1.00,0.2883,2.9,2.61,8.64,-11.80,0.82,-42.65,-3.10,-10.00
14,6,-1.00,-1.00,-1.00,-1.00,0.2118,4.2,3.02,15.83,23.02,2.40,5.86,3.05,-10.00
14,6,163.77,266.55,404.25,452.39,0.1861,4.0,2.84,8.05,-12.15,0.34,31.49,1.56,-10.00
14,6,-1.00,-1.00,-1.00,-1.00,0.1316,4.2,2.87,15.50,13.43,0.98,-45.20,-1.59,-10.00
14,6,-1.00,-1.00,-1.00,-1.00,0.1187,4.3,2.96,16.32,18.89,2.66,9.99,-1.35,-10.00
14,6,-1.00,-1.00,-1.00,-1.00,0.1056,4.2,3.12,15.71,22.41,1.99,8.17,2.87,-10.00
14,6,-1.00,-1.00,-1.00,-1.00,0.1035,4.3,3.14,16.23,17.36,-0.96,-50.81,-1.55,-10.00
14,6,-1.00,-1.00,-1.00,-1.00,0.1033,4.2,3.18,15.11,23.20,2.60,3.75,-3.10,-10.00
14,6,1392.59,120.63,1600.00,792.51,0.1015,3.5,3.75,14.56,11.86,1.87,13.82,1.59,-10.00
15,6,-1.00,-1.00,-1.00,-1.00,0.8900,4.2,2.96,12.98,10.05,1.06,-49.99,-1.58,-10.00
15,6,57.79,255.15,343.33,466.21,0.2402,3.9,2.89,7.72,-12.36,0.55,27.58,1.53,-10.00
15,6,988.24,398.30,1064.13,491.67,0.2016,3.4,2.22,3.04,8.92,1.95,47.28,1.56,-10.00
15,6,-1.00,-1.00,-1.00,-1.00,0.1283,4.1,2.97,15.89,-37.42,1.04,23.15,-0.08,-10.00
15,6,-1.00,-1.00,-1.00,-1.00,0.1134,4.1,2.84,14.93,-26.41,1.42,-44.95,3.02,-10.00
15,6,-1.00,-1.00,-1.00,-1.00,0.1111,4.1,3.06,16.73,-28.75,1.08,-40.09,0.02,-10.00
15,6,1493.50,272.37,1600.00,430.46,0.1042,3.6,2.95,13.31,25.02,-0.26,31.43,3.12,-10.00
16,6,-1.00,-1.00,-1.00,-1.00,0.3071,4.2,2.99,12.96,10.52,0.40,-53.40,-1.61,-10.00
16,6,-1.00,-1.00,-1.00,-1.00,0.2431,2.4,2.62,6.49,-11.65,1.01,-32.17,3.12,-10.00
16,6,-1.00,-1.00,-1.00,-1.00,0.1505,3.9,2.93,14.88,-4.72,0.71,-34.36,-1.68,-10.00
16,6,-1.00,-1.00,-1.00,-1.00,0.1421,3.9,3.07,13.72,-32.42,1.01,19.86,-0.00,-10.00
16,6,-1.00,-1.00,-1.00,-1.00,0.1013,4.5,3.34,15.30,-42.27,-0.22,-18.35,-1.64,-10.00
17,6,-1.00,-1.00,-1.00,-1.00,0.3537,4.3,3.17,17.07,17.39,-0.64,-47.84,-1.59,-10.00
17,6,-1.00,-1.00,-1.00,-1.00,0.1629,1.8,1.63,3.87,-9.87,1.12,-37.23,-1.61,-10.00
17,6,-1.00,-1.00,-1.00,-1.00,0.1352,4.1,3.07,15.69,-38.98,0.58,15.09,-0.05,-10.00
17,6,-1.00,-1.00,-1.00,-1.00,0.1135,3.0,2.69,11.37,18.25,2.21,-23.90,3.13,-10.00
17,6,-1.00,-1.00,-1.00,-1.00,0.1125,2.1,1.93,4.05,-11.94,0.84,-36.47,3.11,-10.00
18,6,1211.03,390.52,1548.71,520.44,0.1961,4.1,3.14,16.09,21.76,2.70,48.50,1.41,-10.00
18,6,-1.00,-1.00,-1.00,-1.00,0.1594,4.4,3.63,17.14,-26.61,0.77,-8.56,-1.57,-10.00
18,6,1298.93,393.47,1600.00,516.49,0.1391,4.2,3.10,15.48,26.61,2.75,45.80,-0.15,-10.00
18,6,15.13,342.89,450.59,502.26,0.1356,3.9,2.96,14.71,-15.66,1.64,38.27,1.89,-10.00
18,6,-1.00,-1.00,-1.00,-1.00,0.1165,4.3,2.88,17.16,14.80,1.85,-0.10,-1.58,-10.00
18,6,0.00,389.38,362.42,523.99,0.1120,4.2,2.68,16.07,-22.12,2.62,42.06,-2.92,-10.00
18,6,0.00,70.92,381.87,576.18,0.1067,1e+01,6.36,22.54,-19.55,2.83,36.73,-1.48,-10.00
19,6,-1.00,-1.00,-1.00,-1.00,0.3948,3.9,2.88,15.11,-20.74,0.78,-7.31,-1.63,-10.00
19,6,1278.76,376.03,1600.00,531.34,0.2866,4.3,2.88,17.00,22.17,2.65,43.51,1.51,-10.00
19,6,-1.00,-1.00,-1.00,-1.00,0.2201,4.3,3.24,16.42,17.26,-0.45,-49.68,-1.63,-10.00
19,6,1403.89,0.00,1600.00,799.01,0.1605,4.3,2.97,15.22,11.56,1.79,13.77,-1.52,-10.00
19,6,-1.00,-1.00,-1.00,-1.00,0.1478,3.2,2.03,3.15,-10.57,0.78,-28.90,1.72,-10.00
19,6,1488.13,324.09,1600.00,524.51,0.1410,4.2,2.99,15.97,24.61,1.81,28.53,3.12,-10.00
19,6,-1.00,-1.00,-1.00,-1.00,0.1398,2.4,2.21,4.71,-6.34,1.47,-40.42,-1.72,-10.00
19,6,44.11,374.07,364.06,488.72,0.1323,2.7,2.54,8.40,-15.32,1.23,34.16,1.95,-10.00
19,6,0.00,368.74,218.66,477.56,0.1026,2.3,2.22,4.40,-15.40,0.84,28.58,-1.25,-10.00
19,6,-1.00,-1.00,-1.00,-1.00,0.1022,4.1,3.02,17.33,-38.62,0.64,4.02,0.00,-10.00
20,6,1466.40,382.26,1600.00,550.71,0.2185,4.2,3.13,15.40,27.03,2.86,34.27,-3.12,-10.00
20,6,-1.00,-1.00,-1.00,-1.00,0.1913,4.4,2.88,17.06,11.54,1.74,7.67,-1.52,-10.00
20,6,-1.00,-1.00,-1.00,-1.00,0.1680,4.4,3.14,17.42,16.82,0.58,-44.46,-1.65,-10.00
20,6,0.00,341.21,178.60,482.56,0.1315,2.2,2.53,7.42,-15.35,0.72,23.40,-1.14,-10.00
20,6,-1.00,-1.00,-1.00,-1.00,0.1302,3.4,3.13,13.18,12.37,2.21,-41.89,1.55,-10.00
20,6,-1.00,-1.00,-1.00,-1.00,0.1287,4.1,2.92,11.03,14.18,1.95,-52.26,-1.55,-10.00
20,6,1391.96,376.45,1600.00,541.92,0.1277,4.1,2.79,13.29,22.47,2.61,37.88,1.61,-10.00
20,6,1171.79,368.68,1507.27,556.05,0.1244,4.3,2.97,17.10,15.26,2.76,37.46,-1.54,-10.00
20,6,-1.00,-1.00,-1.00,-1.00,0.1210,4.4,2.78,18.34,30.40,2.87,29.85,1.71,-10.00
20,6,-1.00,-1.00,-1.00,-1.00,0.1159,4.3,2.81,17.45,28.22,2.54,28.17,-1.50,-10.00
20,6,-1.00,-1.00,-1.00,-1.00,0.1138,2.6,2.70,8.56,13.08,1.77,-28.36,1.56,-10.00
20,6,-1.00,-1.00,-1.00,-1.00,0.1095,3.5,3.05,15.62,-21.09,0.74,-10.29,1.55,-10.00
20,6,-1.00,-1.00,-1.00,-1.00,0.1092,4.0,3.11,14.37,-32.91,0.97,9.13,1.51,-10.00
21,6,-1.00,-1.00,-1.00,-1.00,0.4669,4.4,3.51,16.25,-26.21,1.39,-18.16,1.56,-10.00
21,6,109.20,414.68,277.25,485.45,0.1850,1.7,1.61,3.78,-15.41,1.18,32.98,-1.12,-10.00
21,6,-1.00,-1.00,-1.00,-1.00,0.1582,4.1,3.02,13.80,43.91,3.06,18.56,1.57,-10.00
21,6,1379.99,340.14,1600.00,539.30,0.1422,4.2,2.81,17.41,22.22,2.22,35.68,1.58,-10.00
21,6,0.00,400.82,278.93,524.67,0.1014,3.1,2.77,9.21,-18.55,2.16,34.39,-2.80,-10.00
22,6,-1.00,-1.00,-1.00,-1.00,0.3670,4.5,3.18,17.08,-26.63,1.58,-45.41,1.57,-10.00
22,6,-1.00,-1.00,-1.00,-1.00,0.3135,2.9,1.83,4.20,48.48,1.36,46.91,2.33,-10.00
22,6,-1.00,-1.00,-1.00,-1.00,0.2966,3.4,2.35,2.45,50.35,2.02,43.95,0.02,-10.00
22,6,-1.00,-1.00,-1.00,-1.00,0.2716,4.2,3.67,16.20,12.45,1.30,-45.14,-1.57,-10.00
22,6,-1.00,-1.00,-1.00,-1.00,0.2405,2.6,1.60,3.05,48.82,1.66,40.47,1.84,-10.00
22,6,-1.00,-1.00,-1.00,-1.00,0.2223,2.9,1.81,4.27,48.13,1.28,43.67,2.30,-10.00
22,6,990.06,388.69,1406.66,504.22,0.2108,4.1,3.05,14.72,15.27,2.36,48.00,-3.04,-10.00
22,6,-1.00,-1.00,-1.00,-1.00,0.1787,4.2,3.05,15.97,18.22,1.77,-5.08,3.06,-10.00
22,6,-1.00,-1.00,-1.00,-1.00,0.1581,3.9,3.01,9.02,44.01,2.71,15.55,1.54,-10.00
22,6,-1.00,-1.00,-1.00,-1.00,0.1344,2.5,1.58,2.93,49.26,1.64,39.24,1.89,-10.00
22,6,-1.00,-1.00,-1.00,-1.00,0.1286,3.4,3.04,13.65,-43.98,0.93,18.14,-0.05,-10.00
22,6,-1.00,-1.00,-1.00,-1.00,0.1251,4.3,2.81,16.60,32.96,2.26,13.87,-1.56,-10.00
22,6,-1.00,-1.00,-1.00,-1.00,0.1058,4.3,2.83,17.39,13.95,1.85,-8.53,1.59,-10.00
22,6,-1.00,-1.00,-1.00,-1.00,0.1041,3.3,2.44,2.51,51.84,2.36,44.91,-0.54,-10.00
22,6,-1.00,-1.00,-1.00,-1.00,0.1031,3.2,2.70,10.56,-45.20,0.31,12.91,1.68,-10.00
23,6,486.01,383.83,761.79,497.00,0.2667,4.1,3.08,11.92,-6.69,2.12,50.01,-2.52,-10.00
23,6,-1.00,-1.00,-1.00,-1.00,0.2443,2.6,2.26,5.05,11.58,2.22,-40.06,1.48,-10.00
23,6,1007.10,368.55,1486.12,491.38,0.2160,4.1,3.04,15.60,15.77,1.74,44.62,-3.01,-10.00
23,6,539.04,389.05,752.73,497.59,0.1814,4.1,3.10,11.77,-6.19,2.26,52.78,0.90,-10.00
23,6,-1.00,-1.00,-1.00,-1.00,0.1441,4.4,2.83,17.54,24.91,2.38,12.17,-1.47,-10.00
23,6,-1.00,-1.00,-1.00,-1.00,0.1406,4.0,2.86,13.50,-12.93,-0.67,-50.18,-1.47,-10.00
23,6,-1.00,-1.00,-1.00,-1.00,0.1135,4.2,2.92,15.45,-26.90,1.26,-46.98,3.01,-10.00
23,6,-1.00,-1.00,-1.00,-1.00,0.1121,4.1,2.91,15.14,-26.90,1.36,-42.93,-2.87,-10.00
23,6,-1.00,-1.00,-1.00,-1.00,0.1026,4.3,2.98,16.44,16.40,0.87,-36.91,-1.45,-10.00
24,6,-1.00,-1.00,-1.00,-1.00,0.2262,3.3,2.18,3.11,51.26,2.52,36.22,-0.41,-10.00
24,6,-1.00,-1.00,-1.00,-1.00,0.2006,2.2,2.09,3.25,50.50,2.15,38.16,2.33,-10.00
24,6,-1.00,-1.00,-1.00,-1.00,0.1911,4.0,3.26,13.06,-47.48,-0.30,15.72,1.59,-10.00
24,6,-1.00,-1.00,-1.00,-1.00,0.1460,2.3,2.19,3.81,52.20,2.22,37.86,-0.72,-10.00
24,6,-1.00,-1.00,-1.00,-1.00,0.1444,3.9,2.80,7.87,27.43,2.10,-9.15,-3.02,-10.00
24,6,-1.00,-1.00,-1.00,-1.00,0.1325,4.4,3.14,17.04,-26.96,1.27,-45.22,-1.58,-10.00
24,6,-1.00,-1.00,-1.00,-1.00,0.1212,2.4,2.25,3.81,53.37,2.41,35.87,0.12,-10.00
24,6,-1.00,-1.00,-1.00,-1.00,0.1188,3.0,1.90,4.23,51.23,1.74,39.79,-0.57,-10.00
24,6,0.00,375.16,10.82,459.32,0.1114,2.5,2.24,4.36,-26.84,0.64,39.52,1.63,-10.00
24,6,-1.00,-1.00,-1.00,-1.00,0.1093,4.2,2.90,16.28,24.91,1.90,-12.28,1.51,-10.00
24,6,-1.00,-1.00,-1.00,-1.00,0.1091,3.0,1.89,4.11,49.19,1.68,39.63,-0.50,-10.00
24,6,1220.03,397.56,1600.00,511.91,0.1016,4.1,2.97,15.85,25.02,2.69,48.30,0.00,-10.00
25,6,-1.00,-1.00,-1.00,-1.00,0.2357,3.4,2.31,2.74,50.61,2.25,33.14,-0.24,-10.00
25,6,-1.00,-1.00,-1.00,-1.00,0.2215,4.0,2.73,9.51,-24.28,0.49,-25.22,0.08,-10.00
25,6,-1.00,-1.00,-1.00,-1.00,0.1961,3.4,2.87,10.90,-47.31,-0.24,11.30,1.60,-10.00
25,6,-1.00,-1.00,-1.00,-1.00,0.1756,3.1,2.88,11.14,-44.93,0.23,-1.11,1.56,-10.00
25,6,-1.00,-1.00,-1.00,-1.00,0.1648,2.9,1.84,4.30,48.86,1.13,37.36,2.22,-10.00
25,6,-1.00,-1.00,-1.00,-1.00,0.1588,4.3,2.78,16.81,12.83,1.70,-12.04,-1.66,-10.00
25,6,-1.00,-1.00,-1.00,-1.00,0.1559,3.7,2.91,9.28,43.77,2.79,4.79,1.51,-10.00
25,6,-1.00,-1.00,-1.00,-1.00,0.1502,4.0,2.93,16.94,-34.24,0.88,-25.56,-0.02,-10.00
25,6,-1.00,-1.00,-1.00,-1.00,0.1502,3.4,2.41,2.55,52.65,1.97,33.46,-0.16,-10.00
25,6,-1.00,-1.00,-1.00,-1.00,0.1189,4.4,2.84,17.61,28.09,2.28,8.82,-1.57,-10.00
25,6,-1.00,-1.00,-1.00,-1.00,0.1123,1.5,1.47,2.52,-9.86,1.25,-32.58,1.58,-10.00
25,6,-1.00,-1.00,-1.00,-1.00,0.1074,4.2,2.71,17.70,-34.38,0.45,-47.31,-0.02,-10.00
25,6,-1.00,-1.00,-1.00,-1.00,0.1052,4.1,2.86,13.73,-28.20,1.25,-30.47,1.60,-10.00
25,6,-1.00,-1.00,-1.00,-1.00,0.1044,2.8,2.49,2.94,51.40,1.70,35.12,-0.62,-10.00
26,6,-1.00,-1.00,-1.00,-1.00,0.1704,4.1,3.04,15.07,-30.59,1.07,-28.46,0.08,-10.00
26,6,-1.00,-1.00,-1.00,-1.00,0.1631,4.2,3.03,15.84,44.08,2.50,0.54,1.53,-10.00
26,6,-1.00,-1.00,-1.00,-1.00,0.1498,4.1,2.94,14.85,11.67,2.06,-43.68,-1.61,-10.00
26,6,-1.00,-1.00,-1.00,-1.00,0.1497,4.3,2.80,16.54,12.79,1.74,-15.23,-1.64,-10.00
26,6,578.63,398.50,666.43,479.38,0.1495,2.6,2.22,3.79,-5.70,1.37,43.47,1.23,-10.00
26,6,-1.00,-1.00,-1.00,-1.00,0.1440,3.2,2.90,11.15,-45.10,-0.12,-1.80,1.65,-10.00
26,6,-1.00,-1.00,-1.00,-1.00,0.1427,4.1,2.99,13.97,17.03,1.25,-53.21,-1.57,-10.00
26,6,-1.00,-1.00,-1.00,-1.00,0.1244,3.0,3.02,10.83,-45.27,-0.37,35.86,-1.54,-10.00
26,6,-1.00,-1.00,-1.00,-1.00,0.1241,2.8,2.88,9.24,-44.97,0.32,13.57,-1.48,-10.00
26,6,-1.00,-1.00,-1.00,-1.00,0.1210,4.1,2.96,16.30,-35.25,0.20,-16.09,-0.09,-10.00
26,6,-1.00,-1.00,-1.00,-1.00,0.1091,3.7,2.98,14.04,26.41,2.39,22.55,2.24,-10.00
27,6,-1.00,-1.00,-1.00,-1.00,0.1815,2.3,2.20,3.13,-39.73,-0.24,-8.84,3.02,-10.00
27,6,-1.00,-1.00,-1.00,-1.00,0.1736,4.1,2.88,16.13,-24.73,0.63,-40.68,1.54,-10.00
27,6,-1.00,-1.00,-1.00,-1.00,0.1678,4.3,2.82,17.25,12.00,1.64,-16.21,1.57,-10.00
27,6,-1.00,-1.00,-1.00,-1.00,0.1596,2.6,2.14,3.30,-26.63,-0.06,29.12,-0.07,-10.00
27,6,-1.00,-1.00,-1.00,-1.00,0.1497,4.1,3.15,15.78,-22.30,-0.10,-42.67,1.48,-10.00
27,6,-1.00,-1.00,-1.00,-1.00,0.1449,4.2,2.98,15.69,11.55,1.76,-46.61,-1.65,-10.00
27,6,-1.00,-1.00,-1.00,-1.00,0.1444,4.2,2.98,15.61,17.19,1.45,-48.00,1.51,-10.00
27,6,675.02,371.27,769.13,496.15,0.1417,4.2,2.84,15.31,-2.85,2.01,50.24,1.46,-10.00
27,6,-1.00,-1.00,-1.00,-1.00,0.1414,3.4,3.33,12.34,-46.21,-0.37,3.52,1.59,-10.00
27,6,-1.00,-1.00,-1.00,-1.00,0.1100,3.1,2.82,10.03,-44.87,0.74,-8.05,1.59,-10.00
27,6,-1.00,-1.00,-1.00,-1.00,0.1081,4.2,3.10,14.52,48.37,0.13,53.08,-1.06,-10.00
27,6,-1.00,-1.00,-1.00,-1.00,0.1046,4.1,2.89,15.99,-26.74,1.52,-39.89,1.70,-10.00
28,6,-1.00,-1.00,-1.00,-1.00,0.2563,2.1,2.16,3.85,-38.67,-0.94,44.45,-0.09,-10.00
28,6,-1.00,-1.00,-1.00,-1.00,0.1791,4.3,2.85,15.60,12.34,1.85,-20.71,-1.60,-10.00
28,6,0.00,237.80,66.53,449.64,0.1572,4.2,2.95,16.01,-24.49,0.28,33.03,1.51,-10.00
28,6,-1.00,-1.00,-1.00,-1.00,0.1286,3.9,2.84,16.97,-29.23,1.10,-12.38,-0.04,-10.00
28,6,-1.00,-1.00,-1.00,-1.00,0.1210,3.4,3.05,15.11,-23.53,0.87,14.84,1.60,-10.00
28,6,-1.00,-1.00,-1.00,-1.00,0.1102,2.6,2.83,13.92,26.34,2.53,17.00,-0.90,-10.00
28,6,-1.00,-1.00,-1.00,-1.00,0.1062,4.0,2.84,16.03,43.33,2.37,-38.89,1.41,-10.00
29,6,-1.00,-1.00,-1.00,-1.00,0.4970,2.9,3.15,13.69,-45.56,-0.19,25.38,-1.58,-10.00
29,6,-1.00,-1.00,-1.00,-1.00,0.2653,4.2,2.92,15.08,-26.01,0.96,-41.97,-1.58,-10.00
29,6,-1.00,-1.00,-1.00,-1.00,0.2445,2.0,2.17,3.59,-40.88,-0.23,19.64,0.02,-10.00
29,6,-1.00,-1.00,-1.00,-1.00,0.2080,4.3,3.24,15.80,-17.85,-0.52,-44.63,-3.01,-10.00
29,6,-1.00,-1.00,-1.00,-1.00,0.1387,4.3,2.75,16.36,11.95,1.87,-21.12,1.57,-10.00
29,6,1539.87,430.93,1600.00,509.21,0.1238,2.9,2.11,2.92,31.07,2.68,48.79,1.51,-10.00
29,6,-1.00,-1.00,-1.00,-1.00,0.1139,4.3,2.86,17.42,30.98,3.19,36.88,1.67,-10.00
29,6,-1.00,-1.00,-1.00,-1.00,0.1059,4.2,3.04,16.16,16.52,1.90,-19.13,3.12,-10.00
29,6,-1.00,-1.00,-1.00,-1.00,0.1059,4.1,3.03,16.37,-44.33,0.32,-24.43,-0.04,-10.00
30,6,-1.00,-1.00,-1.00,-1.00,0.4638,4.2,3.21,14.93,-25.84,1.69,-46.47,-1.58,-10.00
30,6,-1.00,-1.00,-1.00,-1.00,0.1757,4.3,3.10,15.71,-17.44,0.11,-46.59,-3.10,-10.00
30,6,-1.00,-1.00,-1.00,-1.00,0.1499,2.1,2.19,3.48,-41.14,-0.28,16.75,-0.13,-10.00
30,6,-1.00,-1.00,-1.00,-1.00,0.1210,4.0,2.93,16.32,-28.07,1.35,-18.03,-3.13,-10.00
30,6,-1.00,-1.00,-1.00,-1.00,0.1060,4.0,2.92,14.25,-22.27,-0.35,-51.96,1.55,-10.00
31,6,-1.00,-1.00,-1.00,-1.00,0.2423,4.3,3.10,15.29,-25.30,1.10,-47.73,-1.61,-10.00
31,6,-1.00,-1.00,-1.00,-1.00,0.2231,4.4,3.22,15.42,22.47,2.76,-50.71,-3.13,-10.00
31,6,-1.00,-1.00,-1.00,-1.00,0.1710,4.3,2.90,16.34,12.13,1.60,-22.18,-1.57,-10.00
31,6,658.86,358.84,733.15,444.90,0.1596,2.8,2.43,4.36,-3.13,0.23,43.91,-1.63,-10.00
31,6,-1.00,-1.00,-1.00,-1.00,0.1551,4.1,3.15,12.85,44.54,2.57,-13.06,1.60,-10.00
31,6,-1.00,-1.00,-1.00,-1.00,0.1209,3.9,3.32,15.11,9.02,1.43,-41.06,-1.54,-10.00
32,6,-1.00,-1.00,-1.00,-1.00,0.1318,4.0,3.03,14.45,-43.00,0.63,-31.58,0.14,-10.00
32,6,-1.00,-1.00,-1.00,-1.00,0.1118,3.6,3.07,12.35,-37.31,1.39,38.83,-1.55,-10.00
32,6,-1.00,-1.00,-1.00,-1.00,0.1097,4.1,2.97,13.20,44.52,2.10,-15.22,1.50,-10.00
32,6,-1.00,-1.00,-1.00,-1.00,0.1091,3.6,2.58,2.20,50.39,1.59,14.94,0.09,-10.00
32,6,-1.00,-1.00,-1.00,-1.00,0.1002,2.7,2.74,8.75,-45.07,0.76,3.33,1.62,-10.00
33,6,1276.97,366.58,1600.00,539.46,0.3206,4.1,2.98,15.37,20.98,2.43,32.59,-3.10,-10.00
33,6,608.10,343.99,733.29,448.23,0.3204,3.1,3.62,5.36,-3.56,0.31,40.29,1.54,-10.00
33,6,-1.00,-1.00,-1.00,-1.00,0.2258,2.8,2.97,9.50,-46.06,0.31,10.74,1.59,-10.00
33,6,-1.00,-1.00,-1.00,-1.00,0.2004,3.9,2.83,8.21,44.55,2.36,-15.26,1.56,-10.00
33,6,1557.76,351.48,1600.00,536.83,0.1487,4.2,3.03,16.81,28.47,2.27,31.29,0.01,-10.00
33,6,-1.00,-1.00,-1.00,-1.00,0.1383,4.3,2.90,17.41,30.35,2.80,28.80,1.62,-10.00
33,6,-1.00,-1.00,-1.00,-1.00,0.1341,2.8,1.95,2.68,36.44,1.10,-22.67,-0.02,-10.00
33,6,-1.00,-1.00,-1.00,-1.00,0.1317,4.3,2.67,17.44,32.80,2.89,27.44,1.71,-10.00
33,6,-1.00,-1.00,-1.00,-1.00,0.1222,2.4,2.78,13.13,25.09,2.06,3.00,-0.95,-10.00
33,6,1342.11,278.49,1600.00,556.97,0.1074,4.3,2.79,17.62,17.80,1.90,28.33,1.56,-10.00
33,6,-1.00,-1.00,-1.00,-1.00,0.1032,2.3,2.00,3.03,-38.73,0.41,9.75,3.07,-10.00
33,6,-1.00,-1.00,-1.00,-1.00,0.1003,4.1,2.76,13.67,42.10,1.52,39.26,1.35,-10.00
34,6,-1.00,-1.00,-1.00,-1.00,0.2547,4.2,3.03,14.94,-25.08,2.04,-54.14,-1.58,-10.00
34,6,-1.00,-1.00,-1.00,-1.00,0.2128,3.1,2.17,3.19,-44.96,0.81,-19.08,-3.08,-10.00
34,6,-1.00,-1.00,-1.00,-1.00,0.1584,4.1,2.88,15.57,-30.60,0.85,-50.60,-0.10,-10.00
34,6,0.00,364.54,500.70,483.71,0.1491,3.2,3.00,15.23,-16.29,1.23,36.72,-0.01,-10.00
34,6,922.40,405.34,1080.81,532.45,0.1324,4.1,2.87,15.20,7.79,3.12,48.54,-1.61,-10.00
34,6,-1.00,-1.00,-1.00,-1.00,0.1230,3.9,2.83,14.58,-31.21,0.74,-39.46,1.82,-10.00
34,6,-1.00,-1.00,-1.00,-1.00,0.1108,4.2,2.99,16.16,8.89,0.78,-50.75,-1.49,-10.00
34,6,-1.00,-1.00,-1.00,-1.00,0.1090,2.0,1.89,4.15,-23.35,0.57,-1.88,1.46,-10.00
34,6,-1.00,-1.00,-1.00,-1.00,0.1017,4.1,2.93,16.59,-30.88,0.18,-48.57,-3.09,-10.00
35,6,-1.00,-1.00,-1.00,-1.00,0.1837,4.2,2.92,16.55,18.56,1.29,14.59,3.12,-10.00
35,6,-1.00,-1.00,-1.00,-1.00,0.1365,3.4,2.40,4.34,-45.62,1.26,-0.79,-3.05,-10.00
35,6,-1.00,-1.00,-1.00,-1.00,0.1321,4.0,2.95,14.21,-43.94,1.26,-20.70,0.02,-10.00
35,6,-1.00,-1.00,-1.00,-1.00,0.1238,3.7,2.88,15.09,-44.44,1.26,6.76,0.05,-10.00
35,6,972.13,374.04,1124.37,525.45,0.1057,4.0,2.81,14.41,8.01,2.37,40.79,1.63,-10.00
36,6,-1.00,-1.00,-1.00,-1.00,0.3593,4.3,2.81,17.43,-42.84,0.55,36.50,-0.07,-10.00
36,6,-1.00,-1.00,-1.00,-1.00,0.2068,3.9,3.12,12.80,-45.76,1.41,16.54,-1.56,-10.00
36,6,634.60,357.00,735.96,502.70,0.2005,4.0,2.78,11.42,-3.09,1.84,40.86,1.52,-10.00
36,6,-1.00,-1.00,-1.00,-1.00,0.1744,3.4,3.11,11.30,-45.91,1.40,7.10,-1.58,-10.00
36,6,-1.00,-1.00,-1.00,-1.00,0.1450,4.2,3.05,16.71,44.02,2.26,-23.47,1.56,-10.00
36,6,-1.00,-1.00,-1.00,-1.00,0.1393,4.3,2.68,17.58,34.66,2.28,28.57,-1.51,-10.00
36,6,-1.00,-1.00,-1.00,-1.00,0.1343,4.2,2.68,17.15,34.95,2.21,-15.59,1.79,-10.00
36,6,-1.00,-1.00,-1.00,-1.00,0.1331,3.6,2.65,2.72,44.97,1.60,14.69,-0.18,-10.00
36,6,-1.00,-1.00,-1.00,-1.00,0.1314,9.8,7.12,20.53,-46.71,2.37,24.50,-1.62,-10.00
36,6,-1.00,-1.00,-1.00,-1.00,0.1313,2.8,2.73,10.14,-41.47,0.89,0.16,-1.62,-10.00
36,6,-1.00,-1.00,-1.00,-1.00,0.1050,2.9,1.80,3.59,49.00,1.40,14.44,-0.10,-10.00
36,6,-1.00,-1.00,-1.00,-1.00,0.1021,4.2,2.77,17.84,-43.21,0.70,38.72,0.19,-10.00
37,6,-1.00,-1.00,-1.00,-1.00,0.2228,4.0,3.45,13.48,-46.47,1.47,-19.80,-1.54,-10.00
37,6,-1.00,-1.00,-1.00,-1.00,0.1581,4.4,2.72,18.46,34.82,2.07,-16.20,-1.61,-10.00
37,6,-1.00,-1.00,-1.00,-1.00,0.1444,4.4,3.27,12.92,26.17,1.79,16.45,3.13,-10.00
37,6,587.18,323.01,1206.36,492.30,0.1385,4.2,3.03,15.72,2.78,1.32,33.76,-3.05,-10.00
37,6,214.94,359.45,700.56,481.27,0.1361,3.8,2.93,15.40,-10.65,1.36,42.21,3.10,-10.00
37,6,-1.00,-1.00,-1.00,-1.00,0.1253,4.6,3.17,16.22,29.83,2.25,13.40,1.60,-10.00
37,6,-1.00,-1.00,-1.00,-1.00,0.1190,4.3,3.28,15.14,33.79,2.38,17.76,-3.14,-10.00
37,6,-1.00,-1.00,-1.00,-1.00,0.1096,4.1,3.03,15.14,-51.15,0.20,48.00,0.05,-10.00
37,6,-1.00,-1.00,-1.00,-1.00,0.1010,2.5,2.63,11.26,27.51,1.69,-0.84,2.35,-10.00
38,6,-1.00,-1.00,-1.00,-1.00,0.2731,3.5,2.50,2.48,49.85,1.43,4.33,-0.05,-10.00
38,6,-1.00,-1.00,-1.00,-1.00,0.2052,4.2,3.15,14.23,-52.75,1.23,-13.25,-0.14,-10.00
38,6,-1.00,-1.00,-1.00,-1.00,0.1713,4.3,2.98,16.71,44.00,1.98,-25.04,-1.62,-10.00
38,6,-1.00,-1.00,-1.00,-1.00,0.1393,4.3,2.74,17.14,37.71,2.60,19.79,1.44,-10.00
38,6,-1.00,-1.00,-1.00,-1.00,0.1390,3.5,3.10,9.82,-46.52,0.73,-22.42,-1.57,-10.00
38,6,-1.00,-1.00,-1.00,-1.00,0.1230,3.4,2.50,2.58,51.30,0.87,5.14,-0.31,-10.00
38,6,196.16,345.69,698.05,477.40,0.1226,4.1,2.92,15.70,-10.91,1.19,41.30,-3.08,-10.00
38,6,-1.00,-1.00,-1.00,-1.00,0.1215,2.9,1.90,4.49,48.73,0.65,1.26,1.58,-10.00
38,6,-1.00,-1.00,-1.00,-1.00,0.1181,4.3,2.99,14.15,47.93,-1.03,44.89,0.10,-10.00
38,6,-1.00,-1.00,-1.00,-1.00,0.1131,4.4,2.75,18.37,35.22,2.11,-19.14,-1.61,-10.00
38,6,-1.00,-1.00,-1.00,-1.00,0.1126,4.2,2.89,15.09,25.29,2.48,-41.75,-1.71,-10.00
38,6,-1.00,-1.00,-1.00,-1.00,0.1125,3.0,1.87,4.41,48.75,0.93,7.76,2.21,-10.00
38,6,-1.00,-1.00,-1.00,-1.00,0.1095,4.3,2.70,17.68,30.56,2.08,20.68,-1.57,-10.00
38,6,-1.00,-1.00,-1.00,-1.00,0.1069,3.7,2.97,13.01,-29.37,1.52,1.19,3.13,-10.00
