0,6,1210.27,0.00,1600.00,900.00,0.4448,3.2,3.80,4.96,4.40,1.49,5.30,-1.61,-10.00
0,6,1188.88,162.46,1600.00,542.13,0.1058,4.1,2.94,15.50,12.67,0.84,15.84,3.03,-10.00
1,6,1333.10,0.00,1600.00,900.00,0.4842,3.3,3.45,4.72,4.41,1.29,4.00,-1.61,-10.00
1,6,-1.00,-1.00,-1.00,-1.00,0.2554,4.4,2.79,19.53,32.00,4.66,36.71,-1.61,-10.00
2,6,1411.87,0.00,1600.00,900.00,0.4742,3.1,3.58,4.72,4.51,1.32,3.20,-1.62,-10.00
2,6,-1.00,-1.00,-1.00,-1.00,0.1427,4.2,2.93,16.49,15.75,1.72,-18.17,1.23,-10.00
2,6,1024.83,350.49,1600.00,541.71,0.1006,4.2,2.95,15.73,12.85,1.65,30.09,-3.06,-10.00
3,6,1395.83,0.00,1600.00,900.00,0.5272,3.2,3.50,4.68,4.42,1.51,3.20,-1.64,-10.00
3,6,-1.00,-1.00,-1.00,-1.00,0.1001,4.1,3.03,11.68,44.86,0.33,-53.79,-2.20,-10.00
4,6,-1.00,-1.00,-1.00,-1.00,0.4488,3.2,3.84,4.33,4.42,1.45,1.39,-1.63,-10.00
4,6,-1.00,-1.00,-1.00,-1.00,0.1090,4.2,3.16,14.58,47.12,0.56,-52.00,3.13,-10.00
5,6,-1.00,-1.00,-1.00,-1.00,0.4780,3.3,3.85,4.34,4.32,1.51,0.50,-1.66,-10.00
6,6,-1.00,-1.00,-1.00,-1.00,0.4865,3.2,3.62,4.62,4.13,1.48,-1.50,-1.58,-10.00
6,6,1329.31,34.11,1600.00,768.23,0.1116,4.2,3.02,15.88,12.11,1.69,8.96,3.09,-10.00
7,6,-1.00,-1.00,-1.00,-1.00,0.4312,3.3,3.54,4.58,4.31,1.23,-1.08,-1.62,-10.00
8,6,-1.00,-1.00,-1.00,-1.00,0.3998,3.1,3.48,4.85,4.04,1.44,-2.77,-1.56,-10.00
9,6,-1.00,-1.00,-1.00,-1.00,0.5709,3.3,3.55,4.89,4.16,1.49,-4.01,-1.57,-10.00
9,6,-1.00,-1.00,-1.00,-1.00,0.1053,2.9,2.67,4.41,4.15,1.57,0.19,-1.62,-10.00
10,6,-1.00,-1.00,-1.00,-1.00,0.4416,3.2,3.34,5.38,4.12,1.31,-4.99,-1.55,-10.00
10,6,-1.00,-1.00,-1.00,-1.00,0.1495,3.2,2.51,5.91,-52.94,4.20,42.80,-2.99,-10.00
10,6,-1.00,-1.00,-1.00,-1.00,0.1248,3.0,2.08,4.74,-49.92,4.15,41.11,-1.33,-10.00
11,6,-1.00,-1.00,-1.00,-1.00,0.4707,3.3,3.42,4.94,4.13,1.56,-6.24,-1.58,-10.00
11,6,-1.00,-1.00,-1.00,-1.00,0.1506,3.9,2.95,10.01,-50.13,5.04,37.51,1.58,-10.00
11,6,1087.98,417.53,1169.30,508.00,0.1319,3.3,2.48,2.92,11.59,1.42,48.30,1.62,-10.00
11,6,1377.91,303.98,1600.00,629.92,0.1118,4.2,3.02,15.19,16.38,2.15,18.18,-3.11,-10.00
12,6,-1.00,-1.00,-1.00,-1.00,0.4533,3.3,3.45,5.11,4.19,1.53,-7.72,-1.56,-10.00
12,6,-1.00,-1.00,-1.00,-1.00,0.1428,4.0,2.92,10.75,-50.14,5.03,37.68,1.52,-10.00
12,6,-1.00,-1.00,-1.00,-1.00,0.1204,2.9,2.34,5.50,-44.72,4.00,51.87,1.58,-10.00
12,6,-1.00,-1.00,-1.00,-1.00,0.1130,4.3,3.12,13.37,-53.34,5.33,36.23,0.02,-10.00
12,6,-1.00,-1.00,-1.00,-1.00,0.1110,4.2,2.96,12.70,-53.16,5.21,39.90,0.04,-10.00
12,6,-1.00,-1.00,-1.00,-1.00,0.1095,2.9,2.94,4.40,4.14,1.47,-1.17,-1.58,-10.00
12,6,-1.00,-1.00,-1.00,-1.00,0.1045,4.3,3.13,15.74,33.63,1.42,18.03,1.60,-10.00
12,6,-1.00,-1.00,-1.00,-1.00,0.1026,3.0,2.38,4.53,-45.71,4.15,48.76,-3.09,-10.00
13,6,-1.00,-1.00,-1.00,-1.00,0.4873,3.4,3.52,5.12,4.27,1.56,-8.49,-1.57,-10.00
13,6,-1.00,-1.00,-1.00,-1.00,0.1910,4.4,3.08,12.98,-53.32,4.74,34.66,-0.11,-10.00
13,6,-1.00,-1.00,-1.00,-1.00,0.1689,4.2,3.07,13.37,-53.26,5.23,39.12,0.08,-10.00
13,6,-1.00,-1.00,-1.00,-1.00,0.1635,4.0,2.88,11.03,-50.15,5.08,36.83,1.55,-10.00
13,6,-1.00,-1.00,-1.00,-1.00,0.1455,3.3,2.62,5.99,-53.16,3.72,32.31,2.85,-10.00
13,6,-1.00,-1.00,-1.00,-1.00,0.1392,4.2,3.09,16.06,38.00,0.13,12.29,3.07,-10.00
13,6,-1.00,-1.00,-1.00,-1.00,0.1114,3.9,3.02,11.87,-53.13,5.31,36.95,0.05,-10.00
13,6,-1.00,-1.00,-1.00,-1.00,0.1100,3.3,2.27,2.59,-50.53,2.96,32.47,-0.24,-10.00
14,6,-1.00,-1.00,-1.00,-1.00,0.4889,3.5,3.59,4.48,4.18,1.43,-9.84,-1.64,-10.00
14,6,-1.00,-1.00,-1.00,-1.00,0.1049,3.9,3.08,13.99,-46.28,5.13,51.73,1.50,-10.00
14,6,-1.00,-1.00,-1.00,-1.00,0.1032,2.9,2.57,3.86,4.14,1.09,-7.24,-1.57,-10.00
15,6,-1.00,-1.00,-1.00,-1.00,0.5038,3.5,3.46,4.62,4.14,1.52,-10.93,-1.65,-10.00
15,6,1035.66,381.57,1479.68,501.37,0.1222,4.1,2.86,15.58,15.74,1.07,46.15,-0.10,-10.00
16,6,-1.00,-1.00,-1.00,-1.00,0.4692,3.6,3.33,4.76,4.09,1.46,-12.05,-1.58,-10.00
16,6,-1.00,-1.00,-1.00,-1.00,0.2042,5.2,3.94,16.63,-46.93,4.11,38.11,1.63,-10.00
17,6,-1.00,-1.00,-1.00,-1.00,0.4901,3.6,3.43,4.45,4.10,1.54,-12.97,-1.60,-10.00
17,6,1071.47,379.54,1549.23,508.54,0.2109,4.2,2.93,15.44,16.58,1.24,43.70,3.13,-10.00
17,6,-1.00,-1.00,-1.00,-1.00,0.1478,4.1,2.98,15.48,33.86,0.14,-40.87,1.56,-10.00
17,6,-1.00,-1.00,-1.00,-1.00,0.1083,4.3,2.92,15.80,32.95,3.67,37.12,-1.57,-10.00
18,6,-1.00,-1.00,-1.00,-1.00,0.5042,3.6,3.35,4.36,4.04,1.49,-14.05,-1.60,-10.00
18,6,1050.82,383.14,1562.04,518.90,0.1808,4.3,3.04,16.03,15.93,1.56,42.49,-3.13,-10.00
18,6,-1.00,-1.00,-1.00,-1.00,0.1262,3.1,2.86,5.48,3.83,1.28,-10.61,-1.60,-10.00
19,6,-1.00,-1.00,-1.00,-1.00,0.5043,3.6,3.54,4.42,4.03,1.69,-14.87,-1.62,-10.00
19,6,1062.55,377.76,1531.65,504.40,0.2685,4.1,2.87,15.44,16.42,1.11,44.56,0.02,-10.00
19,6,-1.00,-1.00,-1.00,-1.00,0.2536,2.9,1.23,3.12,-20.17,1.70,-51.01,-1.50,-10.00
19,6,-1.00,-1.00,-1.00,-1.00,0.2217,4.3,3.07,12.15,-53.38,4.52,31.37,-0.31,-10.00
19,6,-1.00,-1.00,-1.00,-1.00,0.1794,4.4,3.11,14.68,-53.10,4.50,33.23,0.49,-10.00
19,6,-1.00,-1.00,-1.00,-1.00,0.1117,2.7,2.02,3.87,-19.18,0.97,-50.72,-1.60,-10.00
19,6,1063.21,345.67,1547.62,490.39,0.1106,4.2,2.93,14.79,15.60,0.51,42.29,0.23,-10.00
19,6,-1.00,-1.00,-1.00,-1.00,0.1076,4.3,3.18,12.76,-52.99,4.55,29.10,2.66,-10.00
20,6,-1.00,-1.00,-1.00,-1.00,0.5504,3.3,3.45,4.78,3.95,1.54,-15.88,-1.57,-10.00
20,6,1061.50,362.67,1584.93,507.09,0.2078,4.2,3.10,15.41,15.58,1.08,40.25,-3.12,-10.00
20,6,-1.00,-1.00,-1.00,-1.00,0.1044,3.7,2.84,9.63,-50.18,4.60,29.20,1.58,-10.00
20,6,-1.00,-1.00,-1.00,-1.00,0.1013,2.6,2.72,15.25,2.71,1.76,-40.01,-1.57,-10.00
21,6,-1.00,-1.00,-1.00,-1.00,0.5137,3.5,3.42,4.83,3.90,1.66,-17.20,-1.58,-10.00
21,6,1162.33,358.96,1600.00,499.86,0.2132,4.1,2.94,15.21,18.60,0.86,39.69,-0.09,-10.00
21,6,-1.00,-1.00,-1.00,-1.00,0.1445,3.8,2.82,10.41,-50.20,4.17,29.24,1.58,-10.00
21,6,-1.00,-1.00,-1.00,-1.00,0.1208,3.8,2.92,10.68,-53.34,4.17,31.18,-3.10,-10.00
21,6,-1.00,-1.00,-1.00,-1.00,0.1030,3.2,3.03,5.32,4.11,1.40,-13.19,-1.58,-10.00
22,6,-1.00,-1.00,-1.00,-1.00,0.5961,3.5,3.43,4.84,3.84,1.76,-18.39,-1.58,-10.00
22,6,1168.88,363.72,1600.00,509.06,0.4425,4.1,2.94,14.95,18.35,1.10,38.28,3.10,-10.00
22,6,1253.01,337.22,1600.00,493.69,0.1652,4.0,2.90,15.53,20.70,0.55,36.21,0.08,-10.00
22,6,-1.00,-1.00,-1.00,-1.00,0.1508,4.0,2.88,13.59,33.63,0.82,-46.64,-1.70,-10.00
22,6,-1.00,-1.00,-1.00,-1.00,0.1426,3.9,3.00,11.91,-50.23,3.92,22.96,1.51,-10.00
22,6,-1.00,-1.00,-1.00,-1.00,0.1387,3.2,3.22,5.56,4.10,1.46,-14.89,-1.57,-10.00
22,6,-1.00,-1.00,-1.00,-1.00,0.1067,3.7,2.64,8.05,-51.37,2.66,11.71,3.07,-10.00
22,6,-1.00,-1.00,-1.00,-1.00,0.1033,4.1,3.00,14.05,-52.01,4.09,26.45,0.05,-10.00
22,6,-1.00,-1.00,-1.00,-1.00,0.1028,4.2,2.99,12.02,-53.38,3.61,17.68,-0.08,-10.00
23,6,-1.00,-1.00,-1.00,-1.00,0.6405,3.5,3.51,4.69,3.76,1.71,-19.22,1.53,-10.00
23,6,1171.97,362.39,1600.00,515.16,0.1423,4.2,3.17,15.29,18.38,1.25,37.24,3.11,-10.00
23,6,-1.00,-1.00,-1.00,-1.00,0.1355,3.6,2.85,10.22,-50.27,4.14,21.02,1.53,-10.00
23,6,952.55,393.38,1071.04,499.44,0.1020,3.3,2.78,12.13,7.01,0.96,49.39,-1.57,-10.00
24,6,-1.00,-1.00,-1.00,-1.00,0.6358,3.4,3.43,4.99,3.75,1.56,-20.59,-1.58,-10.00
24,6,1151.27,359.15,1600.00,521.19,0.3069,4.3,3.27,15.79,17.70,1.38,36.06,3.13,-10.00
24,6,-1.00,-1.00,-1.00,-1.00,0.1659,4.0,2.91,10.60,-50.27,4.27,22.63,1.53,-10.00
24,6,-1.00,-1.00,-1.00,-1.00,0.1065,4.1,2.95,15.13,-27.17,1.58,1.48,-0.06,-10.00
24,6,-1.00,-1.00,-1.00,-1.00,0.1029,4.3,2.86,15.98,2.66,0.92,-45.17,1.56,-10.00
25,6,-1.00,-1.00,-1.00,-1.00,0.5692,3.4,3.48,4.67,3.63,1.43,-21.73,-1.57,-10.00
25,6,1227.20,351.91,1600.00,518.10,0.3872,4.2,2.97,15.56,19.33,1.23,34.41,0.02,-10.00
25,6,-1.00,-1.00,-1.00,-1.00,0.1918,4.1,3.06,16.78,-40.48,1.63,-0.04,-0.03,-10.00
25,6,-1.00,-1.00,-1.00,-1.00,0.1713,3.5,2.66,9.25,-50.16,4.50,23.09,1.63,-10.00
25,6,-1.00,-1.00,-1.00,-1.00,0.1553,4.1,3.06,16.40,-39.75,1.32,-2.23,-0.01,-10.00
25,6,-1.00,-1.00,-1.00,-1.00,0.1534,3.6,2.82,10.03,-53.15,4.51,23.25,-3.13,-10.00
25,6,0.00,305.95,355.56,540.38,0.1464,4.0,3.22,16.77,-15.95,1.66,30.02,1.55,-10.00
25,6,-1.00,-1.00,-1.00,-1.00,0.1036,3.3,3.12,6.80,3.64,1.26,-17.70,-1.56,-10.00
26,6,-1.00,-1.00,-1.00,-1.00,0.6043,3.5,3.43,4.60,3.70,1.46,-22.73,-1.58,-10.00
26,6,1093.89,346.80,1600.00,521.22,0.2846,4.3,3.17,14.81,14.98,1.29,33.79,-3.08,-10.00
26,6,-1.00,-1.00,-1.00,-1.00,0.1227,3.1,2.31,2.84,-51.48,2.60,24.20,-3.06,-10.00
27,6,-1.00,-1.00,-1.00,-1.00,0.6090,3.5,3.31,4.89,3.68,1.36,-23.72,1.58,-10.00
27,6,1140.13,334.93,1600.00,509.35,0.2851,4.2,2.92,14.66,15.98,0.93,32.90,-3.12,-10.00
27,6,-1.00,-1.00,-1.00,-1.00,0.2276,4.3,2.95,18.43,32.98,2.71,13.46,-1.59,-10.00
27,6,-1.00,-1.00,-1.00,-1.00,0.1106,4.1,2.95,14.11,-52.88,3.43,7.15,0.01,-10.00
27,6,-1.00,-1.00,-1.00,-1.00,0.1080,3.9,2.76,11.00,-50.42,3.19,5.97,1.58,-10.00
28,6,-1.00,-1.00,-1.00,-1.00,0.5664,3.5,3.36,4.88,3.66,1.49,-23.79,-1.58,-10.00
28,6,-1.00,-1.00,-1.00,-1.00,0.2203,4.0,2.73,10.45,45.69,0.29,30.82,0.02,-10.00
28,6,-1.00,-1.00,-1.00,-1.00,0.1652,4.0,2.97,10.31,35.25,0.99,-49.96,-2.13,-10.00
28,6,-1.00,-1.00,-1.00,-1.00,0.1645,3.4,2.64,6.92,-53.16,2.96,5.63,3.08,-10.00
28,6,-1.00,-1.00,-1.00,-1.00,0.1632,4.0,2.87,11.94,37.08,1.01,-45.05,2.54,-10.00
28,6,1136.63,348.59,1600.00,521.91,0.1160,4.1,2.97,14.42,15.55,1.24,32.04,-3.14,-10.00
28,6,-1.00,-1.00,-1.00,-1.00,0.1123,4.1,2.79,9.09,45.59,1.30,40.67,0.04,-10.00
29,6,-1.00,-1.00,-1.00,-1.00,0.4266,3.0,3.46,5.21,3.39,0.78,-24.05,-1.54,-10.00
29,6,-1.00,-1.00,-1.00,-1.00,0.1475,4.0,2.83,16.10,-27.03,2.65,26.15,3.09,-10.00
29,6,1324.60,352.16,1600.00,521.51,0.1464,3.8,2.88,15.22,20.55,1.18,30.88,0.03,-10.00
29,6,-1.00,-1.00,-1.00,-1.00,0.1274,2.3,2.14,2.41,-37.42,1.91,42.11,-0.43,-10.00
29,6,0.00,376.92,14.06,578.46,0.1248,4.1,2.91,16.37,-27.08,2.33,28.10,-3.06,-10.00
29,6,-1.00,-1.00,-1.00,-1.00,0.1247,3.7,2.73,9.88,-50.34,4.06,13.91,1.56,-10.00
29,6,-1.00,-1.00,-1.00,-1.00,0.1066,4.3,3.01,15.11,-53.53,3.98,8.73,0.22,-10.00
29,6,-1.00,-1.00,-1.00,-1.00,0.1051,3.1,2.10,3.17,2.69,1.30,-26.73,1.59,-10.00
29,6,-1.00,-1.00,-1.00,-1.00,0.1006,2.6,2.20,3.13,-51.43,2.48,4.16,3.04,-10.00
30,6,-1.00,-1.00,-1.00,-1.00,0.3962,3.0,3.46,4.62,3.50,0.61,-25.12,-1.51,-10.00
30,6,1156.05,333.97,1600.00,523.35,0.3011,4.2,2.99,16.18,16.44,1.19,30.10,3.13,-10.00
30,6,-1.00,-1.00,-1.00,-1.00,0.1523,4.0,2.78,10.12,-50.40,4.17,13.49,-1.57,-10.00
30,6,-1.00,-1.00,-1.00,-1.00,0.1252,4.2,3.07,11.97,33.61,1.71,15.82,1.66,-10.00
30,6,1351.90,306.23,1600.00,527.85,0.1100,4.2,3.02,15.95,20.54,1.19,27.85,0.22,-10.00
31,6,-1.00,-1.00,-1.00,-1.00,0.4185,2.8,3.38,4.61,3.46,0.47,-26.10,-1.54,-10.00
31,6,1233.38,345.32,1600.00,535.68,0.1720,4.1,2.95,15.29,17.70,1.46,29.27,-3.12,-10.00
31,6,-1.00,-1.00,-1.00,-1.00,0.1391,4.1,3.11,13.09,36.08,0.49,-53.93,-2.27,-10.00
31,6,-1.00,-1.00,-1.00,-1.00,0.1083,4.3,3.23,14.82,38.34,1.05,-49.49,3.12,-10.00
31,6,-1.00,-1.00,-1.00,-1.00,0.1070,2.6,1.77,2.23,2.63,1.14,-28.89,1.59,-10.00
31,6,-1.00,-1.00,-1.00,-1.00,0.1046,4.2,3.20,15.09,38.26,0.73,-51.78,-3.04,-10.00
31,6,-1.00,-1.00,-1.00,-1.00,0.1041,4.1,2.92,12.34,47.02,0.34,37.82,-0.03,-10.00
32,6,1290.60,351.75,1600.00,528.84,0.4547,3.7,2.90,15.26,18.58,1.24,28.15,3.10,-10.00
32,6,-1.00,-1.00,-1.00,-1.00,0.3936,3.1,3.33,4.64,3.37,0.91,-27.61,-1.55,-10.00
32,6,-1.00,-1.00,-1.00,-1.00,0.1540,2.7,2.20,2.89,-51.22,2.90,13.05,-3.10,-10.00
32,6,-1.00,-1.00,-1.00,-1.00,0.1359,3.4,2.93,10.12,-50.29,4.10,16.13,-1.53,-10.00
32,6,-1.00,-1.00,-1.00,-1.00,0.1105,2.3,1.81,2.37,2.82,1.14,-31.09,1.54,-10.00
33,6,-1.00,-1.00,-1.00,-1.00,0.3969,3.2,3.39,4.86,3.13,1.25,-28.31,-1.55,-10.00
33,6,-1.00,-1.00,-1.00,-1.00,0.3095,4.1,3.10,14.57,-29.59,2.87,13.21,0.11,-10.00
33,6,1300.83,323.70,1600.00,533.35,0.2614,4.1,2.94,14.76,18.39,1.31,27.32,-3.10,-10.00
33,6,-1.00,-1.00,-1.00,-1.00,0.2520,3.2,1.91,2.61,-21.10,-0.06,-40.95,-2.12,-10.00
33,6,-1.00,-1.00,-1.00,-1.00,0.1346,4.1,2.99,14.70,-29.74,2.64,11.06,-0.03,-10.00
33,6,-1.00,-1.00,-1.00,-1.00,0.1316,4.1,2.94,13.33,31.96,0.55,-55.08,-1.03,-10.00
33,6,-1.00,-1.00,-1.00,-1.00,0.1274,4.2,2.91,15.96,32.42,0.34,-12.39,-1.50,-10.00
33,6,-1.00,-1.00,-1.00,-1.00,0.1207,4.1,2.96,13.47,33.13,0.71,-54.41,-1.96,-10.00
33,6,-1.00,-1.00,-1.00,-1.00,0.1141,3.6,2.65,9.56,-20.94,0.84,-38.74,-1.65,-10.00
33,6,-1.00,-1.00,-1.00,-1.00,0.1088,4.1,3.02,13.02,32.56,0.79,-51.75,2.78,-10.00
33,6,-1.00,-1.00,-1.00,-1.00,0.1054,2.6,1.94,2.62,2.53,1.25,-30.58,1.55,-10.00
34,6,-1.00,-1.00,-1.00,-1.00,0.4231,3.0,3.59,4.58,2.83,0.89,-28.63,-1.47,-10.00
34,6,-1.00,-1.00,-1.00,-1.00,0.3006,2.7,2.90,17.41,-44.88,2.34,20.25,0.06,-10.00
34,6,1350.55,325.91,1600.00,541.82,0.2482,4.1,2.95,14.52,19.06,1.45,26.45,-3.10,-10.00
34,6,-1.00,-1.00,-1.00,-1.00,0.1328,3.2,2.15,2.77,2.24,1.06,-30.82,1.58,-10.00
34,6,-1.00,-1.00,-1.00,-1.00,0.1189,3.4,2.97,16.24,-34.42,2.94,17.10,0.05,-10.00
34,6,-1.00,-1.00,-1.00,-1.00,0.1177,4.0,2.94,16.30,-31.70,1.70,8.65,0.04,-10.00
35,6,-1.00,-1.00,-1.00,-1.00,0.3998,3.0,3.56,4.92,2.51,0.47,-29.46,-1.46,-10.00
35,6,1411.14,334.37,1600.00,568.59,0.2151,4.3,3.17,14.81,20.07,1.89,25.24,-3.10,-10.00
35,6,-1.00,-1.00,-1.00,-1.00,0.1992,4.2,2.92,14.72,32.79,0.45,-14.81,-1.58,-10.00
35,6,-1.00,-1.00,-1.00,-1.00,0.1174,4.3,3.12,14.25,33.36,0.95,-5.31,1.63,-10.00
35,6,-1.00,-1.00,-1.00,-1.00,0.1102,2.3,1.52,3.72,8.88,-0.75,-47.44,-1.55,-10.00
36,6,-1.00,-1.00,-1.00,-1.00,0.3375,3.2,3.39,4.72,2.32,1.22,-31.09,1.61,-10.00
36,6,-1.00,-1.00,-1.00,-1.00,0.1882,3.5,2.98,8.96,2.21,1.01,-25.99,-1.50,-10.00
36,6,-1.00,-1.00,-1.00,-1.00,0.1784,3.1,2.04,3.67,9.68,0.62,-48.88,1.54,-10.00
36,6,-1.00,-1.00,-1.00,-1.00,0.1697,4.2,3.17,13.94,-52.73,2.26,30.19,0.11,-10.00
36,6,747.08,435.59,801.47,516.84,0.1625,3.0,1.86,3.19,-2.04,1.82,49.66,1.62,-10.00
36,6,-1.00,-1.00,-1.00,-1.00,0.1249,4.2,3.04,14.93,23.94,1.85,24.09,-3.06,-10.00
36,6,-1.00,-1.00,-1.00,-1.00,0.1219,3.0,1.70,3.42,8.90,0.09,-46.90,-1.62,-10.00
36,6,0.00,403.56,342.99,542.20,0.1195,4.1,2.97,17.09,-24.66,2.28,40.90,-3.03,-10.00
36,6,-1.00,-1.00,-1.00,-1.00,0.1117,3.5,2.89,9.12,10.46,0.89,-52.68,-1.58,-10.00
36,6,-1.00,-1.00,-1.00,-1.00,0.1046,4.0,2.98,9.34,12.49,0.93,-49.61,0.05,-10.00
37,6,-1.00,-1.00,-1.00,-1.00,0.2931,3.4,3.47,4.71,2.49,0.94,-32.01,-1.47,-10.00
37,6,738.74,439.58,798.26,521.56,0.1772,3.0,1.93,3.25,-2.22,1.97,48.56,1.64,-10.00
37,6,-1.00,-1.00,-1.00,-1.00,0.1695,4.0,2.88,9.86,13.33,0.77,-49.61,-0.02,-10.00
37,6,-1.00,-1.00,-1.00,-1.00,0.1517,2.8,2.06,2.92,-51.24,2.57,-0.65,2.94,-10.00
37,6,1499.37,316.51,1600.00,570.39,0.1445,4.2,2.94,14.63,20.82,1.77,23.28,-3.08,-10.00
37,6,-1.00,-1.00,-1.00,-1.00,0.1209,4.4,3.12,15.03,-53.66,3.80,29.67,0.26,-10.00
37,6,1193.83,351.95,1600.00,521.44,0.1166,4.2,2.97,16.01,18.64,1.32,34.49,0.09,-10.00
37,6,-1.00,-1.00,-1.00,-1.00,0.1161,2.9,2.03,3.75,10.03,0.49,-50.35,1.56,-10.00
37,6,-1.00,-1.00,-1.00,-1.00,0.1024,4.3,3.08,12.25,-53.77,3.06,27.43,3.04,-10.00
38,6,-1.00,-1.00,-1.00,-1.00,0.3317,3.1,3.41,4.82,2.82,0.47,-32.45,-1.47,-10.00
38,6,723.91,435.37,790.50,520.59,0.2296,3.1,2.00,3.47,-2.63,1.91,48.17,1.68,-10.00
38,6,-1.00,-1.00,-1.00,-1.00,0.2275,3.2,1.78,3.89,10.18,0.22,-50.34,-1.59,-10.00
38,6,-1.00,-1.00,-1.00,-1.00,0.1290,3.0,1.80,3.43,9.52,-0.16,-48.35,-1.70,-10.00
38,6,-1.00,-1.00,-1.00,-1.00,0.1261,4.1,3.06,14.87,28.34,3.42,22.45,-3.12,-10.00
38,6,-1.00,-1.00,-1.00,-1.00,0.1203,4.2,2.78,17.01,27.15,3.03,25.87,-1.52,-10.00
38,6,703.25,440.99,765.68,524.87,0.1173,3.0,1.83,2.94,-3.38,2.01,46.40,1.67,-10.00
38,6,-1.00,-1.00,-1.00,-1.00,0.1152,4.3,2.75,17.76,43.72,4.65,35.47,-1.50,-10.00
38,6,-1.00,-1.00,-1.00,-1.00,0.1113,3.0,1.35,3.97,9.10,0.11,-50.68,-1.55,-10.00
38,6,-1.00,-1.00,-1.00,-1.00,0.1104,4.1,2.87,15.98,13.21,0.82,-0.26,-3.10,-10.00
38,6,704.87,436.20,767.47,518.06,0.1034,3.0,1.98,3.60,-3.53,1.86,49.46,1.64,-10.00
39,6,-1.00,-1.00,-1.00,-1.00,0.2848,3.3,3.54,4.57,3.06,1.00,-33.49,-1.52,-10.00
39,6,-1.00,-1.00,-1.00,-1.00,0.1522,3.1,1.42,3.99,10.22,0.48,-51.04,-1.44,-10.00
39,6,-1.00,-1.00,-1.00,-1.00,0.1339,4.2,2.89,16.66,41.82,2.17,13.72,1.55,-10.00
39,6,-1.00,-1.00,-1.00,-1.00,0.1284,1.9,2.06,3.47,2.64,0.63,-30.34,-1.55,-10.00
39,6,1573.60,364.50,1600.00,626.80,0.1233,4.2,2.93,15.24,21.95,2.62,22.12,-3.07,-10.00
39,6,-1.00,-1.00,-1.00,-1.00,0.1052,3.9,3.02,11.69,42.50,2.73,34.37,1.63,-10.00
39,6,-1.00,-1.00,-1.00,-1.00,0.1019,3.1,2.10,5.91,9.91,0.32,-53.86,1.79,-10.00
39,6,-1.00,-1.00,-1.00,-1.00,0.1001,4.3,2.91,16.63,33.33,1.78,6.99,-1.56,-10.00
