0,6,-1.00,-1.00,-1.00,-1.00,0.1947,4.2,2.91,13.89,32.25,1.47,32.52,-0.34,-10.00
0,6,-1.00,-1.00,-1.00,-1.00,0.1628,4.2,2.98,15.12,25.20,1.94,-9.08,2.85,-10.00
0,6,-1.00,-1.00,-1.00,-1.00,0.1518,4.2,3.04,15.24,21.31,2.12,-15.69,-1.77,-10.00
0,6,-1.00,-1.00,-1.00,-1.00,0.1504,3.4,2.94,10.68,37.50,-0.70,-32.70,2.78,-10.00
0,6,-1.00,-1.00,-1.00,-1.00,0.1267,3.6,3.01,14.53,-2.38,2.92,-39.98,1.38,-10.00
0,6,-1.00,-1.00,-1.00,-1.00,0.1210,3.8,3.05,16.61,-37.91,0.72,19.08,-0.33,-10.00
0,6,-1.00,-1.00,-1.00,-1.00,0.1195,4.1,2.90,13.71,44.99,-0.68,-31.07,2.95,-10.00
0,6,-1.00,-1.00,-1.00,-1.00,0.1173,4.2,3.04,15.52,37.55,-0.39,-23.54,2.80,-10.00
0,6,0.00,343.74,26.93,494.93,0.1159,3.9,2.60,9.69,-28.09,0.02,39.18,1.41,-10.00
0,6,-1.00,-1.00,-1.00,-1.00,0.1065,4.1,3.06,16.31,-30.25,1.36,15.54,-0.28,-10.00
0,6,-1.00,-1.00,-1.00,-1.00,0.1044,4.8,3.54,16.99,-40.90,0.14,26.88,-1.82,-10.00
0,6,-1.00,-1.00,-1.00,-1.00,0.1037,4.2,3.11,13.91,25.53,1.95,-11.64,-2.86,-10.00
1,6,-1.00,-1.00,-1.00,-1.00,0.2157,2.8,2.24,5.83,-3.43,1.81,-19.90,-1.82,-10.00
1,6,-1.00,-1.00,-1.00,-1.00,0.1584,2.7,2.67,8.44,20.26,1.53,-5.82,-2.54,-10.00
1,6,-1.00,-1.00,-1.00,-1.00,0.1228,3.3,2.95,15.71,-35.80,0.59,-11.62,-0.23,-10.00
1,6,-1.00,-1.00,-1.00,-1.00,0.1027,2.7,2.57,6.63,-16.43,1.70,-26.88,-0.23,-10.00
2,6,-1.00,-1.00,-1.00,-1.00,0.1294,2.5,2.71,11.63,20.60,1.42,-6.24,-2.47,-10.00
2,6,-1.00,-1.00,-1.00,-1.00,0.1108,2.6,2.58,6.44,-16.16,1.56,-26.93,2.92,-10.00
3,6,-1.00,-1.00,-1.00,-1.00,0.1953,2.6,2.00,5.15,-3.44,1.74,-20.14,-1.76,-10.00
3,6,-1.00,-1.00,-1.00,-1.00,0.1369,2.2,2.51,8.11,20.52,1.41,-5.86,-2.57,-10.00
3,6,-1.00,-1.00,-1.00,-1.00,0.1293,4.1,2.87,13.29,43.53,1.64,29.61,-0.18,-10.00
3,6,-1.00,-1.00,-1.00,-1.00,0.1219,3.0,2.73,8.23,-17.13,1.77,-27.42,-0.29,-10.00
3,6,-1.00,-1.00,-1.00,-1.00,0.1119,4.1,2.90,16.10,41.62,2.67,12.72,-1.66,-10.00
3,6,-1.00,-1.00,-1.00,-1.00,0.1075,2.2,2.94,14.49,9.72,2.14,-23.75,-1.84,-10.00
4,6,798.33,449.41,925.17,587.52,0.1820,2.9,2.66,11.75,1.46,2.13,32.75,-1.48,-10.00
4,6,706.59,496.70,1260.24,617.95,0.1779,2.8,2.71,13.09,3.92,2.96,30.86,3.04,-10.00
4,6,878.88,501.66,1033.74,629.63,0.1254,2.6,2.60,11.74,3.15,2.92,31.73,-1.57,-10.00
4,6,-1.00,-1.00,-1.00,-1.00,0.1228,4.1,2.88,13.38,45.03,1.55,29.90,-0.26,-10.00
4,6,-1.00,-1.00,-1.00,-1.00,0.1074,2.7,2.15,5.71,-3.49,1.88,-19.80,-1.77,-10.00
5,6,-1.00,-1.00,-1.00,-1.00,0.1864,2.9,2.83,7.90,-8.74,-0.38,-42.48,2.88,-10.00
5,6,-1.00,-1.00,-1.00,-1.00,0.1525,4.1,3.14,15.93,28.71,2.89,-46.29,2.96,-10.00
5,6,-1.00,-1.00,-1.00,-1.00,0.1439,4.0,2.85,10.51,42.00,1.52,29.15,2.83,-10.00
5,6,612.12,367.99,823.91,509.81,0.1082,4.2,3.02,15.79,-4.12,0.64,45.82,1.19,-10.00
5,6,-1.00,-1.00,-1.00,-1.00,0.1034,4.1,3.01,16.06,-31.87,0.99,-16.03,-0.32,-10.00
6,6,-1.00,-1.00,-1.00,-1.00,0.1283,2.7,2.65,6.96,-16.51,1.73,-27.02,-0.18,-10.00
6,6,-1.00,-1.00,-1.00,-1.00,0.1193,4.0,3.05,15.83,-37.11,0.94,16.25,-0.16,-10.00
6,6,-1.00,-1.00,-1.00,-1.00,0.1177,2.6,2.04,5.07,-13.73,1.68,-25.88,1.21,-10.00
6,6,-1.00,-1.00,-1.00,-1.00,0.1088,2.6,2.19,5.94,-3.53,1.82,-20.28,-1.79,-10.00
7,6,199.68,310.02,394.31,551.97,0.1405,4.2,2.98,15.42,-12.57,1.17,29.49,1.11,-10.00
7,6,-1.00,-1.00,-1.00,-1.00,0.1309,2.6,2.27,6.15,-3.49,1.87,-20.42,-1.77,-10.00
7,6,-1.00,-1.00,-1.00,-1.00,0.1239,2.7,2.65,6.76,-16.37,1.76,-26.99,-0.26,-10.00
7,6,-1.00,-1.00,-1.00,-1.00,0.1073,2.4,2.43,6.72,20.26,1.45,-5.42,0.55,-10.00
8,6,-1.00,-1.00,-1.00,-1.00,0.2731,3.1,2.84,8.63,-7.82,-0.48,-42.43,2.87,-10.00
8,6,-1.00,-1.00,-1.00,-1.00,0.1485,2.1,2.50,7.87,21.02,1.59,-5.88,-2.59,-10.00
8,6,168.46,329.28,434.18,559.04,0.1478,3.9,3.00,16.29,-12.48,1.26,29.11,-2.12,-10.00
8,6,-1.00,-1.00,-1.00,-1.00,0.1293,2.5,1.86,4.72,-10.70,1.28,-25.43,1.21,-10.00
8,6,-1.00,-1.00,-1.00,-1.00,0.1127,2.7,2.18,5.57,-13.80,1.62,-26.82,1.24,-10.00
8,6,-1.00,-1.00,-1.00,-1.00,0.1060,2.9,2.61,7.50,-16.78,1.81,-26.99,-0.21,-10.00
9,6,-1.00,-1.00,-1.00,-1.00,0.1800,4.2,2.93,13.12,45.80,1.63,29.89,-0.19,-10.00
9,6,-1.00,-1.00,-1.00,-1.00,0.1231,4.3,2.89,16.85,24.23,2.47,-45.07,-1.85,-10.00
9,6,595.44,377.38,821.42,516.50,0.1152,4.2,3.04,15.54,-4.47,0.87,45.84,-2.00,-10.00
9,6,-1.00,-1.00,-1.00,-1.00,0.1104,4.1,3.07,16.08,29.34,3.02,-47.08,2.90,-10.00
10,6,-1.00,-1.00,-1.00,-1.00,0.1340,4.1,3.09,14.76,0.76,2.23,-46.97,1.26,-10.00
10,6,-1.00,-1.00,-1.00,-1.00,0.1262,2.5,1.93,5.44,-10.47,1.40,-26.12,1.27,-10.00
10,6,-1.00,-1.00,-1.00,-1.00,0.1056,3.4,2.74,10.46,-38.39,-0.12,-15.20,-1.81,-10.00
10,6,-1.00,-1.00,-1.00,-1.00,0.1051,4.2,3.07,15.24,36.38,0.18,-33.10,2.81,-10.00
11,6,-1.00,-1.00,-1.00,-1.00,0.1690,2.7,2.11,3.75,0.76,2.56,-43.16,1.80,-10.00
11,6,-1.00,-1.00,-1.00,-1.00,0.1244,3.2,2.97,8.26,-16.28,1.55,-38.19,2.94,-10.00
11,6,1411.06,311.85,1600.00,574.12,0.1241,4.4,3.15,15.68,19.26,1.49,25.03,2.82,-10.00
11,6,-1.00,-1.00,-1.00,-1.00,0.1239,2.4,2.79,12.40,21.18,1.60,-5.77,-2.56,-10.00
11,6,-1.00,-1.00,-1.00,-1.00,0.1216,2.5,2.22,5.01,-17.10,1.38,-23.08,2.80,-10.00
11,6,138.83,308.54,431.77,555.26,0.1107,4.2,3.03,15.95,-12.87,1.21,29.12,0.97,-10.00
11,6,-1.00,-1.00,-1.00,-1.00,0.1018,3.0,2.75,12.42,-41.01,0.44,2.24,1.42,-10.00
12,6,-1.00,-1.00,-1.00,-1.00,0.2584,2.7,2.86,6.86,-16.38,-0.32,-38.14,2.85,-10.00
12,6,-1.00,-1.00,-1.00,-1.00,0.1697,4.1,3.14,15.66,29.54,2.92,-45.79,-0.21,-10.00
12,6,573.90,354.72,818.29,500.16,0.1099,4.2,3.09,15.69,-4.92,0.24,45.51,-2.05,-10.00
12,6,-1.00,-1.00,-1.00,-1.00,0.1035,2.8,2.47,6.38,-12.73,1.71,-26.04,-0.32,-10.00
13,6,-1.00,-1.00,-1.00,-1.00,0.2437,3.8,2.70,12.80,-40.22,0.58,-3.40,1.38,-10.00
13,6,-1.00,-1.00,-1.00,-1.00,0.1479,2.7,2.18,5.80,-13.68,1.60,-27.63,1.23,-10.00
13,6,-1.00,-1.00,-1.00,-1.00,0.1003,4.1,3.02,15.03,30.35,3.09,-46.16,2.86,-10.00
14,6,-1.00,-1.00,-1.00,-1.00,0.1191,2.6,2.51,7.84,19.51,1.51,-5.08,0.62,-10.00
14,6,-1.00,-1.00,-1.00,-1.00,0.1019,3.8,2.76,13.97,-40.15,0.76,-3.26,1.36,-10.00
14,6,-1.00,-1.00,-1.00,-1.00,0.1003,4.2,3.13,14.40,24.46,3.15,-48.23,2.91,-10.00
15,6,-1.00,-1.00,-1.00,-1.00,0.1255,2.8,2.70,7.03,-15.54,2.09,-27.42,2.92,-10.00
15,6,-1.00,-1.00,-1.00,-1.00,0.1142,2.5,2.40,5.89,-11.87,1.56,-26.04,-0.26,-10.00
15,6,-1.00,-1.00,-1.00,-1.00,0.1082,4.0,2.97,13.85,-11.35,1.30,-43.99,2.84,-10.00
16,6,154.41,309.38,389.04,547.18,0.1627,4.2,3.00,15.38,-13.27,1.10,29.62,1.03,-10.00
17,6,-1.00,-1.00,-1.00,-1.00,0.1508,2.9,2.11,4.02,0.91,2.53,-42.74,1.41,-10.00
17,6,-1.00,-1.00,-1.00,-1.00,0.1181,1.9,1.63,3.33,-26.17,0.78,25.78,1.20,-10.00
17,6,-1.00,-1.00,-1.00,-1.00,0.1165,2.9,1.79,5.82,-9.91,1.82,-26.39,-1.99,-10.00
18,6,1350.52,333.90,1600.00,575.13,0.2881,4.2,3.02,15.24,18.33,1.58,26.04,2.83,-10.00
18,6,-1.00,-1.00,-1.00,-1.00,0.1921,2.6,2.12,4.08,1.87,2.29,-42.36,-1.43,-10.00
18,6,-1.00,-1.00,-1.00,-1.00,0.1624,3.9,2.81,13.19,-21.98,0.90,-13.88,-0.31,-10.00
18,6,-1.00,-1.00,-1.00,-1.00,0.1363,4.2,3.06,14.87,34.56,1.23,28.57,2.77,-10.00
18,6,-1.00,-1.00,-1.00,-1.00,0.1350,3.5,2.98,13.86,-20.74,0.86,-13.28,-1.87,-10.00
18,6,-1.00,-1.00,-1.00,-1.00,0.1311,3.3,3.03,15.26,-32.50,0.38,-14.54,-0.30,-10.00
18,6,-1.00,-1.00,-1.00,-1.00,0.1264,2.8,2.74,7.37,-9.83,2.59,-34.23,2.77,-10.00
18,6,560.16,354.98,777.82,507.18,0.1099,4.3,3.05,16.17,-5.71,0.51,44.10,-1.97,-10.00
18,6,-1.00,-1.00,-1.00,-1.00,0.1079,3.9,2.81,12.27,42.85,1.51,31.02,-0.25,-10.00
19,6,-1.00,-1.00,-1.00,-1.00,0.1614,2.7,3.08,10.00,-38.49,0.17,-12.77,1.40,-10.00
19,6,-1.00,-1.00,-1.00,-1.00,0.1178,3.7,2.94,15.46,-34.08,0.50,-14.83,-0.21,-10.00
19,6,-1.00,-1.00,-1.00,-1.00,0.1160,3.1,2.90,15.04,-34.47,0.40,-12.42,-0.17,-10.00
19,6,-1.00,-1.00,-1.00,-1.00,0.1027,2.9,2.69,11.13,-40.99,-0.15,-1.03,1.24,-10.00
19,6,-1.00,-1.00,-1.00,-1.00,0.1009,3.1,2.60,6.82,1.46,2.86,-42.89,1.68,-10.00
20,6,-1.00,-1.00,-1.00,-1.00,0.1905,2.5,1.64,4.42,-9.45,1.60,-26.83,1.24,-10.00
20,6,-1.00,-1.00,-1.00,-1.00,0.1559,3.9,2.91,14.63,-21.90,1.57,-11.43,1.36,-10.00
20,6,-1.00,-1.00,-1.00,-1.00,0.1528,3.3,2.94,14.35,-21.39,1.64,18.98,1.04,-10.00
20,6,-1.00,-1.00,-1.00,-1.00,0.1384,3.8,2.93,11.38,39.08,0.26,-31.73,2.73,-10.00
20,6,-1.00,-1.00,-1.00,-1.00,0.1253,4.1,3.03,16.70,-37.63,0.34,-18.88,-0.25,-10.00
20,6,107.24,307.07,304.29,560.76,0.1238,4.3,3.01,15.77,-14.07,1.29,28.91,1.10,-10.00
20,6,-1.00,-1.00,-1.00,-1.00,0.1175,4.1,2.97,14.35,-6.01,2.15,-43.67,2.94,-10.00
20,6,-1.00,-1.00,-1.00,-1.00,0.1143,2.7,1.71,4.58,-8.85,1.51,-25.64,1.14,-10.00
20,6,-1.00,-1.00,-1.00,-1.00,0.1089,4.3,3.23,14.70,30.97,2.59,-46.22,2.93,-10.00
20,6,-1.00,-1.00,-1.00,-1.00,0.1086,4.1,3.03,14.77,35.10,0.83,28.54,2.81,-10.00
20,6,-1.00,-1.00,-1.00,-1.00,0.1035,3.6,2.92,13.77,22.43,1.83,-7.04,0.54,-10.00
21,6,-1.00,-1.00,-1.00,-1.00,0.1334,3.5,3.02,16.26,-31.50,0.83,-5.74,-3.11,-10.00
21,6,769.89,294.84,1132.62,510.10,0.1261,3.8,3.06,15.51,2.25,0.42,30.55,1.29,-10.00
21,6,-1.00,-1.00,-1.00,-1.00,0.1241,3.8,2.89,14.45,-21.79,1.43,-11.17,-1.89,-10.00
21,6,-1.00,-1.00,-1.00,-1.00,0.1194,2.4,1.88,3.89,-19.50,1.06,-25.55,1.12,-10.00
22,6,-1.00,-1.00,-1.00,-1.00,0.3615,3.9,3.14,12.50,38.22,1.18,31.57,2.71,-10.00
22,6,-1.00,-1.00,-1.00,-1.00,0.3501,2.9,2.82,5.27,3.29,2.82,-42.71,1.50,-10.00
22,6,-1.00,-1.00,-1.00,-1.00,0.3007,3.2,2.65,10.19,-41.05,-0.01,-3.12,-1.83,-10.00
22,6,71.45,425.26,392.10,655.88,0.1434,2.2,2.85,14.18,-8.75,1.66,18.93,1.13,-10.00
22,6,-1.00,-1.00,-1.00,-1.00,0.1401,4.0,2.88,14.82,-27.79,0.43,9.96,-0.37,-10.00
22,6,-1.00,-1.00,-1.00,-1.00,0.1276,4.2,3.20,14.89,39.33,0.36,-30.59,2.75,-10.00
22,6,-1.00,-1.00,-1.00,-1.00,0.1263,3.7,2.96,15.08,-18.41,1.14,-18.77,-2.03,-10.00
22,6,1144.51,316.95,1600.00,543.65,0.1209,3.3,2.92,13.94,12.60,0.86,21.71,-0.28,-10.00
22,6,-1.00,-1.00,-1.00,-1.00,0.1142,3.5,2.87,14.30,-33.93,0.27,-16.96,2.91,-10.00
22,6,-1.00,-1.00,-1.00,-1.00,0.1046,3.5,3.13,15.00,-37.54,0.38,-2.92,-0.26,-10.00
22,6,-1.00,-1.00,-1.00,-1.00,0.1010,3.4,2.93,14.29,11.59,2.16,-48.55,-0.20,-10.00
23,6,-1.00,-1.00,-1.00,-1.00,0.2559,4.1,2.92,12.39,36.38,0.27,41.56,-0.47,-10.00
23,6,0.00,347.87,299.75,617.38,0.1802,2.8,3.02,15.19,-11.04,1.41,20.31,1.05,-10.00
23,6,-1.00,-1.00,-1.00,-1.00,0.1769,4.2,3.02,15.10,44.86,0.62,-33.57,-2.14,-10.00
23,6,1405.77,205.62,1600.00,589.56,0.1442,4.3,3.06,15.57,15.95,1.20,17.25,2.94,-10.00
23,6,-1.00,-1.00,-1.00,-1.00,0.1297,4.1,3.12,15.74,-27.47,0.49,9.30,2.89,-10.00
23,6,-1.00,-1.00,-1.00,-1.00,0.1291,4.2,2.95,15.30,-46.58,1.07,-5.21,-0.10,-10.00
23,6,-1.00,-1.00,-1.00,-1.00,0.1192,4.1,3.00,15.56,14.12,1.98,-45.99,2.95,-10.00
23,6,-1.00,-1.00,-1.00,-1.00,0.1171,4.1,2.97,14.86,40.73,-0.79,-19.96,2.82,-10.00
23,6,125.02,355.82,453.35,526.00,0.1144,4.0,2.77,7.48,-13.74,0.89,33.38,2.49,-10.00
23,6,-1.00,-1.00,-1.00,-1.00,0.1134,4.2,3.09,16.06,20.07,2.57,-46.52,1.29,-10.00
24,6,1591.69,361.48,1600.00,518.44,0.5570,4.2,3.04,14.55,30.10,0.79,39.30,-0.46,-10.00
24,6,-1.00,-1.00,-1.00,-1.00,0.1860,4.2,2.93,16.25,23.42,2.37,-46.29,-1.84,-10.00
24,6,-1.00,-1.00,-1.00,-1.00,0.1616,4.1,3.09,15.10,-26.20,0.00,12.33,0.98,-10.00
24,6,-1.00,-1.00,-1.00,-1.00,0.1232,4.1,2.91,12.68,30.92,1.79,-41.59,-1.91,-10.00
24,6,-1.00,-1.00,-1.00,-1.00,0.1064,3.9,3.08,14.46,-27.54,0.73,8.77,-0.32,-10.00
25,6,-1.00,-1.00,-1.00,-1.00,0.2287,4.3,3.09,15.14,33.25,0.58,40.70,-0.38,-10.00
25,6,-1.00,-1.00,-1.00,-1.00,0.1810,4.2,3.09,13.81,42.81,-0.40,-28.53,2.77,-10.00
25,6,-1.00,-1.00,-1.00,-1.00,0.1533,2.5,2.19,3.18,5.60,2.18,-43.67,1.89,-10.00
25,6,-1.00,-1.00,-1.00,-1.00,0.1502,3.6,2.95,12.99,-26.84,0.88,9.07,-0.47,-10.00
25,6,-1.00,-1.00,-1.00,-1.00,0.1477,3.7,2.97,11.67,2.69,2.74,-41.37,1.23,-10.00
25,6,-1.00,-1.00,-1.00,-1.00,0.1408,4.2,3.21,15.07,40.73,-0.23,-19.43,2.74,-10.00
25,6,-1.00,-1.00,-1.00,-1.00,0.1247,4.2,3.02,15.78,22.69,2.40,-46.56,-1.78,-10.00
26,6,-1.00,-1.00,-1.00,-1.00,0.1582,3.5,2.95,11.96,-26.92,0.75,8.75,-0.45,-10.00
26,6,-1.00,-1.00,-1.00,-1.00,0.1566,4.1,3.04,15.06,-26.11,0.80,12.60,1.06,-10.00
26,6,-1.00,-1.00,-1.00,-1.00,0.1548,4.1,3.02,14.45,33.83,-0.36,-39.55,-2.13,-10.00
26,6,-1.00,-1.00,-1.00,-1.00,0.1493,4.3,3.31,14.61,42.33,-0.27,-28.49,2.86,-10.00
26,6,-1.00,-1.00,-1.00,-1.00,0.1484,4.2,2.99,14.73,35.56,-0.38,-34.26,2.88,-10.00
26,6,-1.00,-1.00,-1.00,-1.00,0.1295,4.3,3.09,15.39,32.92,0.92,40.59,-0.38,-10.00
26,6,416.40,346.48,622.52,499.16,0.1274,4.2,3.03,15.99,-10.89,0.19,44.26,1.09,-10.00
26,6,-1.00,-1.00,-1.00,-1.00,0.1249,4.1,2.88,15.62,23.39,2.35,-46.51,-1.88,-10.00
26,6,-1.00,-1.00,-1.00,-1.00,0.1041,4.2,3.05,14.73,35.81,-0.64,-36.27,2.97,-10.00
27,6,-1.00,-1.00,-1.00,-1.00,0.1344,4.1,2.87,15.69,23.40,2.30,-46.64,-1.88,-10.00
27,6,-1.00,-1.00,-1.00,-1.00,0.1278,4.2,3.37,14.53,42.14,0.11,-28.72,2.83,-10.00
27,6,-1.00,-1.00,-1.00,-1.00,0.1259,4.3,2.90,15.79,30.47,1.60,-42.81,-1.78,-10.00
27,6,-1.00,-1.00,-1.00,-1.00,0.1201,4.1,2.91,14.83,34.98,-0.19,-34.27,2.85,-10.00
27,6,-1.00,-1.00,-1.00,-1.00,0.1064,4.3,3.07,15.07,33.93,0.83,40.59,2.81,-10.00
28,6,-1.00,-1.00,-1.00,-1.00,0.1714,3.0,2.85,13.14,31.41,1.17,25.39,-0.36,-10.00
28,6,-1.00,-1.00,-1.00,-1.00,0.1612,4.1,2.90,14.83,34.97,-0.12,-33.46,2.76,-10.00
28,6,-1.00,-1.00,-1.00,-1.00,0.1343,4.1,2.93,15.80,23.40,2.27,-46.44,-1.84,-10.00
28,6,-1.00,-1.00,-1.00,-1.00,0.1310,4.3,3.30,14.59,42.16,-0.03,-28.39,2.84,-10.00
28,6,-1.00,-1.00,-1.00,-1.00,0.1173,4.1,2.94,14.58,35.39,-0.58,-36.02,3.12,-10.00
29,6,-1.00,-1.00,-1.00,-1.00,0.1680,4.1,2.95,15.06,35.52,0.26,-32.74,2.74,-10.00
29,6,-1.00,-1.00,-1.00,-1.00,0.1447,4.2,2.87,16.01,23.40,2.17,-46.67,-1.86,-10.00
29,6,-1.00,-1.00,-1.00,-1.00,0.1144,4.1,2.93,14.95,35.84,-0.61,-35.02,2.97,-10.00
29,6,-1.00,-1.00,-1.00,-1.00,0.1065,4.3,2.93,16.25,29.12,2.57,-44.78,-1.80,-10.00
29,6,430.41,345.61,606.56,498.98,0.1021,4.2,2.93,15.99,-10.88,0.18,44.29,1.15,-10.00
30,6,-1.00,-1.00,-1.00,-1.00,0.1263,4.0,2.87,13.30,33.28,0.01,-39.61,-2.12,-10.00
30,6,-1.00,-1.00,-1.00,-1.00,0.1259,4.3,2.92,15.59,30.44,1.61,-42.68,-1.75,-10.00
30,6,-1.00,-1.00,-1.00,-1.00,0.1213,2.7,2.78,7.08,-2.66,1.80,-17.36,1.21,-10.00
30,6,-1.00,-1.00,-1.00,-1.00,0.1193,4.1,2.92,15.74,23.39,2.30,-46.50,-1.84,-10.00
30,6,-1.00,-1.00,-1.00,-1.00,0.1138,4.1,2.90,14.81,36.12,-0.17,-34.27,2.85,-10.00
30,6,-1.00,-1.00,-1.00,-1.00,0.1096,4.1,3.18,15.82,42.73,0.16,-27.73,2.85,-10.00
31,6,-1.00,-1.00,-1.00,-1.00,0.2123,4.1,2.88,15.97,23.40,2.27,-46.56,-1.86,-10.00
31,6,-1.00,-1.00,-1.00,-1.00,0.1419,4.2,3.37,14.17,41.95,-0.09,-28.76,2.83,-10.00
31,6,-1.00,-1.00,-1.00,-1.00,0.1189,3.8,2.84,13.09,42.66,1.42,23.41,-0.20,-10.00
31,6,-1.00,-1.00,-1.00,-1.00,0.1176,4.2,3.02,15.70,-26.61,0.58,12.64,-2.06,-10.00
32,6,-1.00,-1.00,-1.00,-1.00,0.2026,4.2,2.79,17.03,23.43,2.31,-47.50,-1.86,-10.00
32,6,-1.00,-1.00,-1.00,-1.00,0.1129,3.6,3.04,13.44,-26.74,0.75,8.73,-0.42,-10.00
33,6,-1.00,-1.00,-1.00,-1.00,0.1970,4.1,2.81,15.94,23.40,2.41,-46.77,-1.88,-10.00
33,6,-1.00,-1.00,-1.00,-1.00,0.1637,4.3,3.33,14.18,42.17,-0.02,-28.45,2.83,-10.00
33,6,-1.00,-1.00,-1.00,-1.00,0.1235,4.3,2.95,15.63,30.44,2.11,-42.95,-1.79,-10.00
33,6,-1.00,-1.00,-1.00,-1.00,0.1050,4.1,2.97,14.37,36.15,0.28,-34.19,2.84,-10.00
34,6,-1.00,-1.00,-1.00,-1.00,0.1845,4.3,2.76,17.36,24.27,2.26,-47.26,-1.85,-10.00
34,6,-1.00,-1.00,-1.00,-1.00,0.1516,4.2,2.99,14.09,48.98,0.37,40.16,2.65,-10.00
34,6,442.23,339.44,609.94,494.76,0.1456,4.2,3.07,15.85,-10.57,-0.00,44.18,1.18,-10.00
34,6,-1.00,-1.00,-1.00,-1.00,0.1387,4.2,3.28,14.88,42.14,0.05,-28.41,2.84,-10.00
34,6,-1.00,-1.00,-1.00,-1.00,0.1318,4.1,2.91,14.72,34.91,0.09,-34.20,2.84,-10.00
34,6,-1.00,-1.00,-1.00,-1.00,0.1131,4.3,3.04,15.38,33.31,0.01,-39.36,-2.14,-10.00
34,6,-1.00,-1.00,-1.00,-1.00,0.1052,4.1,2.97,15.86,23.30,2.39,-50.64,-1.78,-10.00
35,6,-1.00,-1.00,-1.00,-1.00,0.1352,4.2,2.79,16.76,23.44,2.41,-47.23,-1.88,-10.00
35,6,-1.00,-1.00,-1.00,-1.00,0.1159,4.4,3.07,15.54,32.85,1.45,-39.44,-2.04,-10.00
35,6,-1.00,-1.00,-1.00,-1.00,0.1128,4.3,2.93,15.62,30.46,2.00,-42.33,-1.81,-10.00
36,6,-1.00,-1.00,-1.00,-1.00,0.1387,4.3,2.92,15.57,30.13,2.07,-42.48,-1.78,-10.00
36,6,-1.00,-1.00,-1.00,-1.00,0.1335,4.2,3.37,14.43,41.99,0.06,-28.74,2.85,-10.00
36,6,-1.00,-1.00,-1.00,-1.00,0.1195,4.1,2.92,15.71,23.39,2.34,-46.51,-1.85,-10.00
36,6,441.41,356.98,614.38,506.22,0.1034,4.2,3.02,15.88,-10.55,0.47,44.33,1.16,-10.00
36,6,-1.00,-1.00,-1.00,-1.00,0.1034,4.4,3.13,16.30,30.51,2.08,-38.46,-2.15,-10.00
37,6,-1.00,-1.00,-1.00,-1.00,0.1493,4.2,3.00,14.60,33.69,0.88,40.60,-0.37,-10.00
37,6,-1.00,-1.00,-1.00,-1.00,0.1396,4.2,3.35,14.69,42.26,-0.01,-28.78,2.82,-10.00
37,6,-1.00,-1.00,-1.00,-1.00,0.1366,4.1,2.88,15.78,23.40,2.33,-46.51,-1.89,-10.00
37,6,442.40,350.98,609.75,502.93,0.1166,4.2,3.03,16.01,-10.59,0.33,44.25,1.18,-10.00
38,6,-1.00,-1.00,-1.00,-1.00,0.2462,4.2,3.09,14.80,52.25,0.69,40.17,2.72,-10.00
38,6,-1.00,-1.00,-1.00,-1.00,0.1772,3.7,2.99,13.58,-27.18,1.26,8.76,-0.45,-10.00
38,6,-1.00,-1.00,-1.00,-1.00,0.1733,4.4,3.11,15.85,32.94,0.77,-39.85,-2.07,-10.00
38,6,-1.00,-1.00,-1.00,-1.00,0.1658,4.0,2.86,13.94,36.34,0.06,-34.25,2.87,-10.00
38,6,-1.00,-1.00,-1.00,-1.00,0.1577,4.2,2.99,14.14,49.00,0.60,40.56,-0.53,-10.00
38,6,-1.00,-1.00,-1.00,-1.00,0.1496,4.3,2.95,13.81,31.30,1.49,-42.55,-1.84,-10.00
38,6,-1.00,-1.00,-1.00,-1.00,0.1341,4.2,2.85,16.78,25.03,2.54,-47.19,1.31,-10.00
38,6,-1.00,-1.00,-1.00,-1.00,0.1199,4.2,3.33,14.28,42.05,0.17,-28.78,2.84,-10.00
38,6,-1.00,-1.00,-1.00,-1.00,0.1067,4.1,2.97,14.68,34.68,-0.32,-38.68,-2.01,-10.00
38,6,-1.00,-1.00,-1.00,-1.00,0.1024,3.5,2.82,9.77,41.78,0.31,-1.66,2.69,-10.00
38,6,-1.00,-1.00,-1.00,-1.00,0.1006,4.2,2.93,14.68,36.34,0.32,-36.69,-2.99,-10.00
39,6,-1.00,-1.00,-1.00,-1.00,0.2450,4.3,3.00,14.13,33.58,0.92,40.67,-0.43,-10.00
39,6,-1.00,-1.00,-1.00,-1.00,0.1727,3.6,2.92,14.30,28.62,0.56,-5.42,-0.05,-10.00
39,6,-1.00,-1.00,-1.00,-1.00,0.1310,4.0,2.88,14.48,35.32,-0.27,-34.24,2.83,-10.00
39,6,-1.00,-1.00,-1.00,-1.00,0.1282,4.0,2.94,13.48,34.55,0.11,-39.84,-2.08,-10.00
39,6,-1.00,-1.00,-1.00,-1.00,0.1123,4.2,3.00,14.19,49.08,0.11,40.17,2.67,-10.00
39,6,-1.00,-1.00,-1.00,-1.00,0.1088,4.2,2.99,14.92,36.00,-0.57,-36.77,-3.13,-10.00
39,6,-1.00,-1.00,-1.00,-1.00,0.1061,4.3,3.00,16.42,30.47,1.92,-38.78,-1.92,-10.00
