0,6,-1.00,-1.00,-1.00,-1.00,0.2127,4.2,3.13,14.49,39.45,-3.42,-42.87,-3.10,-10.00
0,6,-1.00,-1.00,-1.00,-1.00,0.1511,4.2,3.08,15.97,14.64,0.46,-14.70,3.11,-10.00
1,6,-1.00,-1.00,-1.00,-1.00,0.1363,3.0,2.84,13.67,22.15,1.44,11.92,0.05,-10.00
1,6,-1.00,-1.00,-1.00,-1.00,0.1232,2.5,2.13,5.73,47.48,-0.19,-11.62,-0.14,-10.00
1,6,1499.88,359.73,1600.00,519.26,0.1138,4.1,2.96,14.97,26.69,1.27,34.33,3.10,-10.00
2,6,-1.00,-1.00,-1.00,-1.00,0.1055,3.3,3.02,15.38,17.28,0.54,-29.23,0.02,-10.00
2,6,-1.00,-1.00,-1.00,-1.00,0.1050,4.5,3.30,16.06,51.17,-3.38,-50.52,0.06,-10.00
2,6,-1.00,-1.00,-1.00,-1.00,0.1031,3.8,2.89,13.50,44.16,-0.11,27.44,1.55,-10.00
2,6,-1.00,-1.00,-1.00,-1.00,0.1024,4.3,3.14,14.33,13.42,0.57,-51.31,-2.99,-10.00
3,6,947.88,413.50,1428.64,519.59,0.2476,3.1,2.86,14.54,11.33,1.51,40.22,-0.00,-10.00
3,6,-1.00,-1.00,-1.00,-1.00,0.2293,4.2,3.07,15.75,15.81,1.05,-25.27,3.08,-10.00
3,6,391.24,434.40,578.28,564.93,0.2149,4.2,3.03,14.59,-12.50,3.45,47.82,1.58,-10.00
3,6,-1.00,-1.00,-1.00,-1.00,0.1475,3.4,2.73,11.06,11.49,0.60,-31.27,1.52,-10.00
3,6,0.00,326.28,224.74,553.12,0.1347,3.4,2.72,11.05,-16.37,1.31,20.88,2.94,-10.00
3,6,-1.00,-1.00,-1.00,-1.00,0.1094,4.1,3.06,15.97,15.27,0.75,-23.06,2.96,-10.00
3,6,-1.00,-1.00,-1.00,-1.00,0.1092,4.2,3.13,15.72,15.02,0.30,-27.46,-3.04,-10.00
4,6,-1.00,-1.00,-1.00,-1.00,0.2002,4.2,2.97,15.77,16.76,0.55,-11.02,3.02,-10.00
4,6,-1.00,-1.00,-1.00,-1.00,0.1607,2.7,2.76,13.56,22.71,-0.12,-36.97,0.01,-10.00
4,6,-1.00,-1.00,-1.00,-1.00,0.1356,4.0,3.07,15.83,26.54,0.67,0.23,-0.02,-10.00
4,6,-1.00,-1.00,-1.00,-1.00,0.1172,4.1,2.94,15.98,-18.96,0.52,-36.36,3.08,-10.00
4,6,-1.00,-1.00,-1.00,-1.00,0.1024,4.2,3.03,15.32,9.28,0.22,-44.29,-1.63,-10.00
4,6,-1.00,-1.00,-1.00,-1.00,0.1010,4.1,2.92,15.24,3.63,0.36,-40.80,-1.56,-10.00
4,6,-1.00,-1.00,-1.00,-1.00,0.1008,4.3,3.16,14.92,27.71,1.05,2.26,-3.10,-10.00
5,6,-1.00,-1.00,-1.00,-1.00,0.2484,2.9,2.86,13.93,22.34,-0.29,-40.35,0.06,-10.00
5,6,-1.00,-1.00,-1.00,-1.00,0.1542,4.1,3.00,15.34,-19.79,2.02,10.39,-3.10,-10.00
5,6,396.01,408.90,587.98,542.28,0.1101,4.3,3.02,16.45,-12.35,2.77,48.64,1.57,-10.00
5,6,-1.00,-1.00,-1.00,-1.00,0.1057,3.6,2.83,14.65,29.03,0.61,-3.27,0.01,-10.00
5,6,-1.00,-1.00,-1.00,-1.00,0.1056,4.0,2.90,13.66,6.11,1.18,-36.75,-1.60,-10.00
5,6,-1.00,-1.00,-1.00,-1.00,0.1027,2.2,2.30,2.83,5.60,0.88,-27.45,1.58,-10.00
5,6,-1.00,-1.00,-1.00,-1.00,0.1001,3.7,2.76,9.71,42.58,1.02,40.44,1.01,-10.00
6,6,-1.00,-1.00,-1.00,-1.00,0.1714,3.7,2.86,14.42,24.67,0.87,-13.56,3.10,-10.00
6,6,0.00,362.36,92.56,606.28,0.1690,3.1,2.56,9.94,-16.01,1.88,18.00,-3.00,-10.00
6,6,-1.00,-1.00,-1.00,-1.00,0.1546,4.2,2.97,15.20,4.98,1.16,-38.81,-1.71,-10.00
6,6,-1.00,-1.00,-1.00,-1.00,0.1209,3.5,3.06,15.01,40.76,0.07,33.44,2.96,-10.00
6,6,-1.00,-1.00,-1.00,-1.00,0.1135,2.2,2.37,2.86,5.05,0.52,-31.45,-1.58,-10.00
7,6,-1.00,-1.00,-1.00,-1.00,0.1554,4.3,2.98,17.00,4.68,1.21,-41.16,-1.50,-10.00
7,6,-1.00,-1.00,-1.00,-1.00,0.1171,3.7,3.06,13.80,16.55,0.73,-47.91,3.13,-10.00
7,6,-1.00,-1.00,-1.00,-1.00,0.1155,2.6,2.26,4.97,7.10,1.08,-35.06,0.00,-10.00
7,6,424.07,390.18,596.79,529.01,0.1119,4.3,3.07,16.41,-11.55,2.18,48.05,1.53,-10.00
7,6,-1.00,-1.00,-1.00,-1.00,0.1084,3.7,2.46,7.45,34.93,0.76,-6.84,-1.00,-10.00
7,6,-1.00,-1.00,-1.00,-1.00,0.1064,4.2,3.07,15.52,29.66,-0.02,-15.73,-0.02,-10.00
8,6,-1.00,-1.00,-1.00,-1.00,0.1485,1.8,1.77,3.12,26.30,0.71,28.56,0.66,-10.00
8,6,-1.00,-1.00,-1.00,-1.00,0.1296,1.8,1.57,2.31,21.67,0.62,12.50,-0.24,-10.00
8,6,-1.00,-1.00,-1.00,-1.00,0.1011,1.9,1.74,2.62,25.50,0.87,27.74,0.47,-10.00
8,6,413.82,407.21,608.62,541.05,0.1008,4.2,3.13,16.31,-11.47,2.70,48.13,1.59,-10.00
9,6,906.45,391.74,1363.25,494.51,0.1651,3.5,3.01,16.35,11.31,0.80,47.03,3.12,-10.00
9,6,-1.00,-1.00,-1.00,-1.00,0.1345,4.2,3.01,13.45,47.92,0.21,27.15,2.24,-10.00
9,6,-1.00,-1.00,-1.00,-1.00,0.1234,2.0,1.86,2.86,35.82,-0.34,23.23,0.55,-10.00
9,6,-1.00,-1.00,-1.00,-1.00,0.1097,4.1,3.00,12.21,48.19,0.19,30.83,-0.75,-10.00
9,6,-1.00,-1.00,-1.00,-1.00,0.1056,4.2,3.23,14.34,50.74,0.59,27.84,-3.00,-10.00
9,6,-1.00,-1.00,-1.00,-1.00,0.1008,2.7,2.39,5.56,7.19,1.11,-41.94,-0.04,-10.00
10,6,-1.00,-1.00,-1.00,-1.00,0.1450,2.6,2.29,5.08,6.97,0.82,-45.10,-0.04,-10.00
10,6,1535.07,381.68,1600.00,501.31,0.1206,3.5,2.83,12.07,31.19,0.97,46.64,1.59,-10.00
10,6,-1.00,-1.00,-1.00,-1.00,0.1178,3.6,3.11,14.87,11.72,0.64,-47.44,3.10,-10.00
10,6,944.41,380.47,1402.34,503.22,0.1027,4.2,2.97,15.89,12.45,1.11,45.80,-0.04,-10.00
11,6,-1.00,-1.00,-1.00,-1.00,0.2671,4.0,2.91,16.92,-29.74,1.47,-1.06,-3.12,-10.00
11,6,-1.00,-1.00,-1.00,-1.00,0.2170,4.0,2.92,16.32,-28.78,1.74,1.36,-2.89,-10.00
11,6,-1.00,-1.00,-1.00,-1.00,0.1719,4.0,2.93,17.14,-29.36,1.16,-3.00,3.02,-10.00
11,6,-1.00,-1.00,-1.00,-1.00,0.1356,2.6,2.48,3.64,45.18,-1.08,18.61,2.26,-10.00
11,6,-1.00,-1.00,-1.00,-1.00,0.1341,2.1,2.11,2.37,4.41,0.36,-47.44,1.55,-10.00
11,6,-1.00,-1.00,-1.00,-1.00,0.1331,3.8,2.92,15.36,17.41,0.46,-18.05,-0.01,-10.00
11,6,-1.00,-1.00,-1.00,-1.00,0.1310,2.4,2.11,4.58,36.90,0.26,18.65,2.25,-10.00
11,6,1414.52,361.89,1600.00,511.76,0.1237,4.0,3.02,14.96,27.86,1.28,43.51,1.14,-10.00
11,6,-1.00,-1.00,-1.00,-1.00,0.1149,4.0,3.04,15.37,-17.56,1.12,-10.35,-3.10,-10.00
11,6,-1.00,-1.00,-1.00,-1.00,0.1145,1.9,1.82,2.71,35.71,-0.21,16.94,0.11,-10.00
11,6,-1.00,-1.00,-1.00,-1.00,0.1097,1.9,1.89,2.31,22.06,0.35,20.10,0.26,-10.00
12,6,-1.00,-1.00,-1.00,-1.00,0.3707,4.0,2.79,15.43,-29.79,1.31,-4.24,-3.04,-10.00
12,6,1107.82,394.93,1515.41,508.50,0.3026,4.2,3.12,14.95,19.04,1.43,49.79,3.11,-10.00
12,6,-1.00,-1.00,-1.00,-1.00,0.2260,4.0,2.92,16.19,-29.07,1.33,-2.26,-2.81,-10.00
12,6,-1.00,-1.00,-1.00,-1.00,0.1726,1.9,1.73,3.73,44.93,-0.19,15.27,2.24,-10.00
12,6,-1.00,-1.00,-1.00,-1.00,0.1675,3.8,2.66,7.90,44.53,0.33,-23.71,-2.40,-10.00
12,6,-1.00,-1.00,-1.00,-1.00,0.1646,4.0,2.85,14.95,-19.51,2.07,9.30,-2.89,-10.00
12,6,-1.00,-1.00,-1.00,-1.00,0.1394,4.0,2.86,16.81,-29.59,1.09,-6.17,3.04,-10.00
12,6,-1.00,-1.00,-1.00,-1.00,0.1330,3.6,2.42,4.64,47.04,0.02,-21.31,2.37,-10.00
12,6,-1.00,-1.00,-1.00,-1.00,0.1168,3.5,2.61,6.60,4.62,0.32,-52.38,1.60,-10.00
12,6,-1.00,-1.00,-1.00,-1.00,0.1152,4.2,2.96,15.70,47.98,0.88,-27.12,-2.05,-10.00
12,6,-1.00,-1.00,-1.00,-1.00,0.1143,3.9,2.94,16.24,-5.84,0.59,-29.52,-1.59,-10.00
12,6,-1.00,-1.00,-1.00,-1.00,0.1088,2.3,1.97,3.02,45.98,-0.36,14.36,0.50,-10.00
12,6,-1.00,-1.00,-1.00,-1.00,0.1071,4.1,3.01,16.47,-18.43,1.14,-10.71,-3.13,-10.00
12,6,-1.00,-1.00,-1.00,-1.00,0.1050,3.4,2.48,3.07,3.91,-0.38,-49.76,-1.51,-10.00
12,6,0.00,396.88,367.96,567.01,0.1043,3.4,2.68,12.19,-16.61,2.02,27.26,3.11,-10.00
12,6,-1.00,-1.00,-1.00,-1.00,0.1003,4.0,2.83,15.88,-20.84,1.91,6.07,3.07,-10.00
13,6,1280.10,355.37,1600.00,480.64,0.2328,4.3,3.08,15.01,25.03,0.27,46.76,-0.01,-10.00
13,6,-1.00,-1.00,-1.00,-1.00,0.1809,4.0,2.90,14.27,-22.43,0.93,-10.25,3.06,-10.00
14,6,1390.78,339.98,1600.00,474.97,0.4553,4.3,3.41,14.24,27.74,0.04,44.00,3.12,-10.00
14,6,1041.72,389.13,1597.48,512.89,0.1080,3.4,2.94,15.29,14.27,1.17,36.95,3.10,-10.00
15,6,-1.00,-1.00,-1.00,-1.00,0.2279,4.0,2.84,15.21,-22.37,1.58,-1.79,3.14,-10.00
15,6,-1.00,-1.00,-1.00,-1.00,0.1876,2.0,1.93,4.08,29.43,1.03,29.14,0.86,-10.00
15,6,-1.00,-1.00,-1.00,-1.00,0.1793,4.0,2.81,11.05,-17.02,0.51,-8.17,2.97,-10.00
15,6,1521.30,361.85,1600.00,498.92,0.1791,4.1,3.09,13.80,30.69,0.84,41.23,3.14,-10.00
15,6,-1.00,-1.00,-1.00,-1.00,0.1685,2.3,1.78,4.14,29.03,1.04,31.14,0.92,-10.00
15,6,-1.00,-1.00,-1.00,-1.00,0.1405,3.9,2.90,10.78,42.61,1.06,31.63,-0.76,-10.00
15,6,1481.57,385.72,1600.00,503.34,0.1298,3.4,2.87,11.47,28.01,1.03,45.28,1.60,-10.00
15,6,0.00,341.46,102.88,566.16,0.1246,3.2,2.65,9.21,-16.61,1.45,19.75,-3.02,-10.00
15,6,1591.66,334.41,1600.00,527.98,0.1154,3.7,3.07,14.02,27.66,1.38,31.78,1.00,-10.00
15,6,-1.00,-1.00,-1.00,-1.00,0.1135,4.3,3.19,15.53,36.65,0.21,-7.12,-0.03,-10.00
15,6,-1.00,-1.00,-1.00,-1.00,0.1065,2.0,1.84,3.11,44.09,0.16,6.53,2.97,-10.00
15,6,-1.00,-1.00,-1.00,-1.00,0.1025,4.0,2.92,16.51,-22.21,1.45,-4.38,3.01,-10.00
16,6,-1.00,-1.00,-1.00,-1.00,0.1717,3.4,2.70,11.28,-18.66,1.08,-10.75,-3.02,-10.00
16,6,-1.00,-1.00,-1.00,-1.00,0.1367,3.4,2.37,7.78,28.33,0.71,-34.45,-2.42,-10.00
16,6,-1.00,-1.00,-1.00,-1.00,0.1177,3.0,2.46,5.61,33.43,0.36,-33.18,2.26,-10.00
16,6,-1.00,-1.00,-1.00,-1.00,0.1020,3.5,2.90,16.19,-15.65,1.02,-11.29,1.56,-10.00
16,6,-1.00,-1.00,-1.00,-1.00,0.1015,4.2,2.86,16.63,33.80,0.33,-38.59,-1.62,-10.00
17,6,630.62,452.51,677.05,523.76,0.1368,2.8,1.78,2.26,-6.97,2.14,50.37,1.40,-10.00
18,6,-1.00,-1.00,-1.00,-1.00,0.2001,2.1,1.83,3.05,41.09,0.36,20.74,0.25,-10.00
18,6,-1.00,-1.00,-1.00,-1.00,0.1263,2.1,1.77,3.22,42.97,0.37,20.75,1.02,-10.00
19,6,0.00,416.39,483.23,554.66,0.1434,4.1,3.00,15.71,-19.31,2.65,40.52,-3.07,-10.00
19,6,-1.00,-1.00,-1.00,-1.00,0.1141,4.2,2.96,15.44,-13.49,-1.37,-50.83,-1.50,-10.00
19,6,-1.00,-1.00,-1.00,-1.00,0.1132,1.9,1.89,3.49,29.07,0.59,19.67,0.97,-10.00
20,6,-1.00,-1.00,-1.00,-1.00,0.2147,2.6,2.66,12.66,20.19,0.15,-25.06,2.30,-10.00
20,6,-1.00,-1.00,-1.00,-1.00,0.1270,3.4,2.61,11.29,-19.92,1.71,19.27,2.97,-10.00
20,6,-1.00,-1.00,-1.00,-1.00,0.1261,4.2,2.86,16.00,-21.11,0.38,-18.23,1.57,-10.00
20,6,0.00,415.34,408.67,563.08,0.1140,4.0,2.95,14.21,-19.72,2.58,36.12,3.06,-10.00
20,6,-1.00,-1.00,-1.00,-1.00,0.1030,3.3,2.94,13.62,25.61,1.56,5.49,-0.68,-10.00
21,6,-1.00,-1.00,-1.00,-1.00,0.1423,4.1,3.05,16.72,-25.03,0.66,-15.82,-0.04,-10.00
21,6,-1.00,-1.00,-1.00,-1.00,0.1271,3.9,2.76,7.11,46.19,1.26,16.52,2.49,-10.00
21,6,-1.00,-1.00,-1.00,-1.00,0.1252,4.2,2.81,15.73,-19.91,0.32,-20.58,-1.64,-10.00
21,6,-1.00,-1.00,-1.00,-1.00,0.1016,4.2,3.04,15.86,-13.13,-0.78,-49.55,-1.59,-10.00
22,6,-1.00,-1.00,-1.00,-1.00,0.1171,3.8,2.90,12.40,31.20,1.10,41.70,1.62,-10.00
23,6,1047.81,379.95,1590.15,504.05,0.1164,3.5,2.91,15.35,14.61,0.93,37.74,-0.07,-10.00
23,6,-1.00,-1.00,-1.00,-1.00,0.1087,3.3,2.70,7.82,30.18,0.06,38.22,-1.53,-10.00
23,6,-1.00,-1.00,-1.00,-1.00,0.1072,4.0,3.10,12.88,40.48,0.70,-31.17,-2.51,-10.00
23,6,-1.00,-1.00,-1.00,-1.00,0.1063,3.7,3.01,12.75,33.48,0.56,35.75,3.13,-10.00
24,6,762.07,316.71,924.91,545.75,0.1829,4.3,3.00,15.60,0.70,1.82,31.16,1.62,-10.00
24,6,1581.97,303.72,1600.00,478.35,0.1467,3.9,2.98,14.97,26.76,0.13,31.71,2.93,-10.00
24,6,1435.38,406.46,1600.00,544.51,0.1440,3.6,2.89,10.58,22.58,2.24,38.42,1.61,-10.00
24,6,-1.00,-1.00,-1.00,-1.00,0.1385,3.9,2.81,10.04,33.22,1.39,11.30,2.41,-10.00
24,6,714.09,348.73,1426.83,533.69,0.1153,4.1,3.01,16.39,5.59,1.46,30.23,3.11,-10.00
24,6,-1.00,-1.00,-1.00,-1.00,0.1061,4.1,3.14,14.41,-21.70,2.22,8.51,0.07,-10.00
24,6,0.00,418.39,352.71,539.19,0.1010,4.1,2.92,16.18,-25.93,2.43,45.26,2.97,-10.00
25,6,-1.00,-1.00,-1.00,-1.00,0.1784,3.8,2.67,7.19,31.14,1.31,7.31,2.52,-10.00
25,6,-1.00,-1.00,-1.00,-1.00,0.1108,3.5,3.00,14.95,1.64,0.87,-49.27,1.71,-10.00
26,6,-1.00,-1.00,-1.00,-1.00,0.1524,2.9,2.67,6.40,30.55,0.20,32.37,-1.42,-10.00
26,6,0.00,372.95,73.29,562.83,0.1177,4.1,2.98,16.82,-27.02,2.14,30.15,-3.03,-10.00
26,6,-1.00,-1.00,-1.00,-1.00,0.1110,4.0,2.94,15.46,29.14,0.16,-33.58,0.03,-10.00
27,6,-1.00,-1.00,-1.00,-1.00,0.1678,4.2,3.06,14.95,34.98,0.54,29.58,2.93,-10.00
27,6,-1.00,-1.00,-1.00,-1.00,0.1502,3.0,2.70,7.92,30.90,0.12,32.22,-1.47,-10.00
27,6,-1.00,-1.00,-1.00,-1.00,0.1204,4.1,2.87,14.06,20.94,0.48,-36.83,2.46,-10.00
27,6,0.00,396.64,20.64,592.62,0.1161,4.1,3.00,16.01,-27.38,2.66,28.60,-3.13,-10.00
27,6,949.74,420.45,1019.78,506.05,0.1130,3.3,2.16,5.11,6.53,1.43,52.34,-1.59,-10.00
27,6,904.58,392.93,1221.46,497.24,0.1000,3.8,2.86,11.85,9.10,0.97,49.26,0.00,-10.00
28,6,949.82,413.38,1029.85,507.65,0.1577,3.4,2.50,7.75,6.56,1.44,51.30,-1.53,-10.00
28,6,905.20,395.45,1220.84,502.50,0.1453,3.9,2.90,11.76,9.10,1.19,49.19,3.12,-10.00
28,6,1515.05,338.53,1600.00,541.48,0.1101,3.4,2.98,15.06,20.95,1.33,24.48,2.89,-10.00
28,6,1582.11,0.00,1600.00,792.68,0.1052,2.6,2.61,6.12,5.12,1.37,3.05,-1.61,-10.00
29,6,1516.27,371.75,1600.00,511.99,0.2204,4.2,2.96,14.80,29.99,1.26,39.99,3.04,-10.00
29,6,909.48,383.57,1217.48,496.72,0.1926,4.0,2.84,11.25,8.86,0.91,48.03,0.08,-10.00
29,6,953.58,399.77,1038.88,495.92,0.1697,3.3,2.65,7.80,6.67,0.90,50.29,-1.53,-10.00
29,6,959.70,388.56,1376.97,501.90,0.1503,4.2,3.00,16.08,13.54,1.19,49.90,-0.14,-10.00
29,6,-1.00,-1.00,-1.00,-1.00,0.1104,4.0,2.81,8.15,-52.04,4.64,48.58,-0.13,-10.00
29,6,-1.00,-1.00,-1.00,-1.00,0.1066,3.3,2.57,11.01,-20.30,1.25,4.53,2.98,-10.00
30,6,1460.18,363.43,1600.00,510.15,0.2897,4.2,3.48,12.94,27.20,1.15,39.04,-3.12,-10.00
30,6,-1.00,-1.00,-1.00,-1.00,0.1260,4.0,2.88,14.02,-19.01,0.88,-10.35,-2.92,-10.00
30,6,-1.00,-1.00,-1.00,-1.00,0.1091,1.9,2.00,3.64,-26.35,2.65,20.19,-3.03,-10.00
30,6,949.06,433.13,1077.20,508.86,0.1036,2.7,2.22,4.51,6.89,1.40,46.74,0.06,-10.00
31,6,972.19,418.05,1049.53,502.38,0.1329,2.8,2.72,8.37,7.18,1.15,49.74,-1.46,-10.00
31,6,1482.71,348.50,1600.00,497.69,0.1323,4.0,2.95,15.10,28.26,0.71,37.70,-3.09,-10.00
31,6,-1.00,-1.00,-1.00,-1.00,0.1185,2.4,2.32,5.35,5.23,1.25,1.48,1.52,-10.00
32,6,972.91,425.96,1052.97,511.41,0.3142,2.8,2.77,8.48,7.13,1.51,48.69,-1.45,-10.00
32,6,489.69,403.30,600.41,520.48,0.1848,3.9,2.57,8.91,-10.62,1.86,48.18,1.53,-10.00
32,6,-1.00,-1.00,-1.00,-1.00,0.1688,4.1,2.88,14.33,-17.44,1.42,-24.86,1.64,-10.00
32,6,-1.00,-1.00,-1.00,-1.00,0.1680,3.1,2.55,10.44,-20.07,0.71,2.43,3.03,-10.00
32,6,911.64,432.24,1106.00,516.28,0.1201,2.9,2.48,6.72,6.51,1.63,45.52,0.04,-10.00
32,6,1548.69,352.46,1600.00,478.10,0.1101,3.3,2.85,11.17,28.08,0.10,37.25,-3.05,-10.00
33,6,1466.08,384.17,1600.00,500.03,0.2020,3.1,2.90,9.08,24.74,0.84,41.22,-1.54,-10.00
33,6,500.68,401.13,630.49,516.81,0.1578,4.0,2.64,10.45,-10.22,1.78,50.38,1.61,-10.00
33,6,-1.00,-1.00,-1.00,-1.00,0.1314,2.3,2.29,3.09,30.67,-0.83,-39.55,-1.17,-10.00
34,6,1500.17,389.87,1600.00,502.99,0.1675,3.0,2.84,8.06,25.12,0.94,40.40,-1.50,-10.00
34,6,1482.83,373.33,1600.00,508.64,0.1279,3.7,3.22,12.28,26.69,1.06,37.41,-3.11,-10.00
34,6,504.73,408.29,608.60,523.70,0.1188,3.9,2.59,9.05,-10.23,2.01,48.39,1.51,-10.00
34,6,-1.00,-1.00,-1.00,-1.00,0.1178,4.2,2.97,15.09,-14.65,1.33,-46.82,1.65,-10.00
35,6,1492.14,375.60,1600.00,516.79,0.1540,3.9,3.28,12.74,27.14,1.31,37.30,-3.14,-10.00
36,6,1195.98,380.73,1600.00,533.58,0.1387,4.1,2.97,15.91,19.34,1.79,36.86,-3.10,-10.00
36,6,661.40,386.15,1201.65,534.96,0.1262,4.2,3.07,16.14,3.11,1.95,39.20,-3.04,-10.00
36,6,1120.54,258.03,1600.00,524.78,0.1006,4.2,3.04,16.28,13.64,0.87,21.92,3.07,-10.00
37,6,-1.00,-1.00,-1.00,-1.00,0.2000,3.0,2.75,9.48,-8.87,0.83,-49.35,1.58,-10.00
37,6,989.39,364.87,1540.36,513.94,0.1239,4.2,2.92,15.54,12.91,1.23,37.87,-0.01,-10.00
38,6,-1.00,-1.00,-1.00,-1.00,0.4040,3.3,2.76,9.87,-9.01,0.99,-50.71,1.58,-10.00
38,6,-1.00,-1.00,-1.00,-1.00,0.2006,4.3,3.11,15.67,-14.14,1.00,-49.87,-1.47,-10.00
38,6,-1.00,-1.00,-1.00,-1.00,0.1297,2.7,2.86,14.66,3.92,0.65,-37.41,1.45,-10.00
38,6,1001.54,399.22,1115.76,516.38,0.1237,3.8,2.84,12.31,8.77,1.69,48.90,1.63,-10.00
38,6,-1.00,-1.00,-1.00,-1.00,0.1228,3.5,2.91,12.03,8.16,0.62,-40.89,-0.16,-10.00
38,6,-1.00,-1.00,-1.00,-1.00,0.1155,3.1,2.90,15.24,-1.18,0.49,-42.59,3.03,-10.00
38,6,-1.00,-1.00,-1.00,-1.00,0.1093,3.9,2.70,9.41,41.07,0.97,1.12,1.59,-10.00
39,6,-1.00,-1.00,-1.00,-1.00,0.1508,2.6,2.59,5.83,5.09,1.23,-2.56,1.54,-10.00
39,6,-1.00,-1.00,-1.00,-1.00,0.1417,3.2,2.59,9.95,-18.73,-0.69,-23.91,3.10,-10.00
39,6,0.00,366.74,318.31,644.11,0.1303,4.2,3.15,16.01,-16.70,3.05,26.94,-1.44,-10.00
39,6,-1.00,-1.00,-1.00,-1.00,0.1148,3.4,2.77,10.58,43.11,0.71,41.06,1.40,-10.00
39,6,-1.00,-1.00,-1.00,-1.00,0.1053,4.2,2.95,15.76,20.21,1.48,4.90,3.10,-10.00
40,6,-1.00,-1.00,-1.00,-1.00,0.2484,2.7,2.60,6.53,5.10,1.23,-3.57,1.54,-10.00
40,6,-1.00,-1.00,-1.00,-1.00,0.1801,3.2,2.64,5.49,-8.64,-0.44,-50.77,1.56,-10.00
40,6,-1.00,-1.00,-1.00,-1.00,0.1563,4.1,2.94,15.23,-11.08,0.30,-49.26,3.12,-10.00
