0,6,-1.00,-1.00,-1.00,-1.00,0.2660,4.4,2.94,17.27,18.64,2.01,-0.56,1.54,-10.00
0,6,-1.00,-1.00,-1.00,-1.00,0.1945,4.0,2.76,11.33,23.97,1.59,-0.73,-1.57,-10.00
0,6,1157.51,275.72,1600.00,528.40,0.1835,4.4,2.92,16.42,12.52,0.78,30.22,-1.66,-10.00
0,6,647.60,428.42,751.86,544.04,0.1537,4.0,2.83,12.89,-4.42,1.95,50.90,-1.56,-10.00
1,6,1031.95,424.19,1529.74,562.40,0.1395,4.1,3.02,15.34,14.80,2.20,40.57,3.00,-10.00
1,6,1147.31,328.46,1568.11,564.29,0.1165,4.3,2.93,16.26,12.03,1.47,31.27,1.54,-10.00
1,6,834.27,463.55,993.62,584.51,0.1155,4.3,2.87,14.92,3.58,3.42,52.22,1.39,-10.00
3,6,-1.00,-1.00,-1.00,-1.00,0.1657,4.1,3.02,15.57,31.67,2.25,-27.03,1.59,-10.00
3,6,-1.00,-1.00,-1.00,-1.00,0.1280,3.2,2.72,16.04,10.72,2.27,-38.06,-1.63,-10.00
3,6,1033.08,430.51,1600.00,585.12,0.1036,4.1,3.01,15.95,14.45,2.57,36.31,3.08,-10.00
4,6,-1.00,-1.00,-1.00,-1.00,0.1347,4.3,2.85,16.86,22.27,2.66,-27.44,1.66,-10.00
5,6,1080.36,396.85,1557.40,530.32,0.3474,4.4,3.23,15.85,17.63,1.31,44.98,3.08,-10.00
5,6,1115.77,394.19,1600.00,528.32,0.1293,4.3,3.18,15.34,18.19,1.17,42.87,-3.08,-10.00
7,6,-1.00,-1.00,-1.00,-1.00,0.1459,4.4,2.79,18.69,23.13,2.56,-22.32,-1.59,-10.00
7,6,-1.00,-1.00,-1.00,-1.00,0.1241,4.2,2.99,14.84,10.89,-1.08,-51.40,3.12,-10.00
7,6,884.54,390.97,1319.87,514.28,0.1105,4.3,3.16,15.54,10.46,0.80,47.19,3.09,-10.00
7,6,-1.00,-1.00,-1.00,-1.00,0.1100,4.0,2.92,13.67,7.54,-1.19,-54.22,1.33,-10.00
8,6,-1.00,-1.00,-1.00,-1.00,0.1892,2.8,2.91,15.16,15.10,2.68,-41.95,0.01,-10.00
9,6,-1.00,-1.00,-1.00,-1.00,0.1295,4.4,2.87,17.87,17.85,2.57,-25.76,1.56,-10.00
9,6,1115.96,378.29,1600.00,516.88,0.1155,4.1,2.96,16.04,17.89,0.75,40.18,0.02,-10.00
9,6,-1.00,-1.00,-1.00,-1.00,0.1067,4.2,3.05,15.09,23.71,2.72,-21.12,-3.06,-10.00
9,6,-1.00,-1.00,-1.00,-1.00,0.1033,3.3,3.14,14.05,16.36,3.34,-43.84,0.13,-10.00
10,6,1256.16,455.14,1600.00,596.55,0.2179,4.1,3.01,15.31,21.82,3.13,39.38,3.11,-10.00
10,6,-1.00,-1.00,-1.00,-1.00,0.1998,4.2,2.93,15.30,18.83,2.78,-41.17,1.66,-10.00
10,6,-1.00,-1.00,-1.00,-1.00,0.1578,3.2,2.84,13.77,17.65,2.09,9.14,-0.04,-10.00
10,6,1273.35,469.07,1600.00,620.23,0.1400,4.1,2.97,14.92,21.56,3.51,37.32,-2.96,-10.00
10,6,1229.46,368.80,1600.00,490.69,0.1306,4.2,3.04,15.02,23.51,-0.13,47.99,3.03,-10.00
10,6,1243.21,429.75,1600.00,565.34,0.1165,4.1,3.01,15.36,21.86,2.36,41.70,2.94,-10.00
11,6,-1.00,-1.00,-1.00,-1.00,0.1219,3.7,2.94,13.53,14.89,3.16,-51.87,-1.52,-10.00
11,6,1172.22,373.15,1582.07,492.92,0.1051,4.2,3.10,15.69,22.07,-0.05,49.89,2.97,-10.00
11,6,-1.00,-1.00,-1.00,-1.00,0.1011,4.2,3.10,15.86,23.07,0.24,19.39,-3.14,-10.00
12,6,-1.00,-1.00,-1.00,-1.00,0.2335,4.2,3.06,16.22,21.53,0.33,18.15,-3.12,-10.00
12,6,1217.99,372.70,1531.91,496.71,0.1910,4.1,2.92,12.40,21.01,0.11,47.37,2.76,-10.00
12,6,631.77,335.98,765.93,497.79,0.1251,4.3,3.09,16.42,-4.47,0.10,43.75,1.39,-10.00
12,6,1153.13,370.55,1522.63,492.58,0.1212,4.2,3.05,15.20,20.63,-0.07,49.72,2.81,-10.00
12,6,-1.00,-1.00,-1.00,-1.00,0.1057,3.9,3.05,12.04,14.95,4.72,-52.20,-1.56,-10.00
12,6,1223.37,365.08,1455.33,491.93,0.1018,3.8,2.74,8.03,17.53,-0.06,43.19,-1.89,-10.00
13,6,-1.00,-1.00,-1.00,-1.00,0.1022,4.2,3.02,15.20,22.66,0.86,-23.07,3.13,-10.00
14,6,-1.00,-1.00,-1.00,-1.00,0.1262,4.2,3.11,15.41,22.13,2.20,-25.50,3.08,-10.00
14,6,1126.13,360.84,1516.92,497.72,0.1139,4.3,3.34,15.68,18.84,0.12,46.58,2.72,-10.00
15,6,-1.00,-1.00,-1.00,-1.00,0.1940,4.2,3.11,15.35,22.51,2.03,-27.85,3.09,-10.00
15,6,1026.00,352.13,1381.37,498.89,0.1880,4.3,3.14,15.58,13.17,0.18,46.08,1.18,-10.00
15,6,-1.00,-1.00,-1.00,-1.00,0.1662,3.1,3.01,13.92,20.07,2.26,-45.36,-0.10,-10.00
15,6,1290.07,344.36,1600.00,508.11,0.1569,4.2,3.12,15.83,21.59,0.43,38.14,2.75,-10.00
15,6,-1.00,-1.00,-1.00,-1.00,0.1441,4.2,2.86,15.60,15.86,1.92,-37.80,-1.67,-10.00
15,6,-1.00,-1.00,-1.00,-1.00,0.1276,4.1,3.04,15.24,22.14,2.11,-25.45,2.87,-10.00
15,6,1399.61,317.27,1600.00,528.92,0.1105,4.2,3.06,15.59,21.13,0.76,27.84,3.06,-10.00
15,6,-1.00,-1.00,-1.00,-1.00,0.1020,4.1,3.02,15.12,21.63,1.63,-30.16,-2.82,-10.00
15,6,1427.72,348.92,1600.00,505.08,0.1019,4.2,3.11,15.45,26.42,0.33,37.40,3.09,-10.00
16,6,1340.22,346.38,1600.00,516.87,0.3258,4.2,3.04,14.96,21.74,0.67,35.82,2.76,-10.00
16,6,1467.20,279.79,1600.00,516.77,0.1422,4.2,3.00,15.71,21.16,0.47,26.19,-0.26,-10.00
16,6,-1.00,-1.00,-1.00,-1.00,0.1324,4.2,3.07,14.86,22.14,1.38,21.45,3.05,-10.00
16,6,-1.00,-1.00,-1.00,-1.00,0.1234,3.9,2.80,9.19,15.94,2.02,-45.31,1.57,-10.00
16,6,-1.00,-1.00,-1.00,-1.00,0.1181,3.6,2.72,8.70,31.46,1.58,3.64,3.06,-10.00
16,6,1456.03,300.23,1600.00,525.68,0.1088,4.2,3.00,14.69,20.55,0.72,28.08,2.70,-10.00
16,6,889.03,432.66,1012.89,512.46,0.1045,2.1,2.15,4.16,3.81,0.60,36.56,1.29,-10.00
16,6,-1.00,-1.00,-1.00,-1.00,0.1041,4.3,2.92,16.81,19.09,2.01,-46.83,-1.85,-10.00
17,6,1462.26,330.75,1600.00,510.41,0.1928,4.2,3.08,15.61,24.89,0.45,34.28,-0.32,-10.00
17,6,-1.00,-1.00,-1.00,-1.00,0.1427,4.1,2.91,15.96,13.68,2.01,-51.17,-1.32,-10.00
17,6,1326.72,347.68,1600.00,495.32,0.1174,4.2,3.05,15.20,23.91,0.05,38.68,-3.05,-10.00
17,6,-1.00,-1.00,-1.00,-1.00,0.1106,4.1,2.67,16.35,17.90,2.84,-48.20,-1.55,-10.00
18,6,1471.31,318.77,1600.00,529.12,0.8653,4.3,3.19,14.69,22.50,0.87,30.53,2.75,-10.00
18,6,788.64,387.88,863.12,484.03,0.1683,2.8,1.65,2.35,0.27,-0.27,39.33,1.27,-10.00
18,6,-1.00,-1.00,-1.00,-1.00,0.1280,4.1,3.11,13.92,15.00,1.98,-53.84,-1.53,-10.00
18,6,-1.00,-1.00,-1.00,-1.00,0.1178,4.2,2.92,16.50,14.19,2.98,-45.00,-1.60,-10.00
18,6,-1.00,-1.00,-1.00,-1.00,0.1086,4.0,2.90,11.73,27.64,0.86,22.29,2.85,-10.00
18,6,-1.00,-1.00,-1.00,-1.00,0.1075,4.1,3.01,15.22,20.19,1.91,-10.99,3.13,-10.00
18,6,1552.91,302.79,1600.00,529.86,0.1029,4.2,3.20,14.58,23.21,0.77,27.05,2.93,-10.00
19,6,1498.42,294.11,1600.00,540.71,0.1589,4.3,3.12,15.56,21.17,1.00,27.11,-0.46,-10.00
19,6,-1.00,-1.00,-1.00,-1.00,0.1485,4.2,3.06,15.17,19.83,0.97,20.03,2.77,-10.00
19,6,-1.00,-1.00,-1.00,-1.00,0.1399,4.1,2.95,15.58,33.44,2.42,35.65,-2.96,-10.00
19,6,-1.00,-1.00,-1.00,-1.00,0.1254,4.1,2.98,15.81,20.56,0.72,17.17,-3.01,-10.00
19,6,-1.00,-1.00,-1.00,-1.00,0.1122,4.3,3.07,15.32,32.85,1.85,31.69,2.90,-10.00
20,6,-1.00,-1.00,-1.00,-1.00,0.2895,4.4,3.36,15.63,22.86,1.17,24.71,2.74,-10.00
20,6,1396.47,310.40,1600.00,507.69,0.1469,4.2,3.09,15.47,22.09,0.33,31.01,2.94,-10.00
20,6,-1.00,-1.00,-1.00,-1.00,0.1078,4.1,3.12,15.11,29.68,1.85,-8.14,-0.01,-10.00
20,6,-1.00,-1.00,-1.00,-1.00,0.1028,4.2,3.08,15.73,18.13,2.07,-16.42,2.90,-10.00
20,6,-1.00,-1.00,-1.00,-1.00,0.1006,4.0,2.85,14.15,39.44,3.75,33.57,-2.91,-10.00
21,6,783.71,384.30,1163.96,511.28,0.4933,4.3,3.43,15.85,6.55,0.72,49.74,2.63,-10.00
21,6,0.00,336.18,534.93,536.79,0.1693,4.1,2.95,14.64,-13.98,0.97,28.66,3.00,-10.00
21,6,-1.00,-1.00,-1.00,-1.00,0.1520,4.3,2.89,16.93,20.51,1.96,-1.79,1.50,-10.00
21,6,913.17,396.36,1252.43,519.58,0.1317,4.3,3.19,15.83,11.02,1.08,50.28,2.53,-10.00
21,6,169.08,315.30,473.94,528.97,0.1095,4.1,3.09,15.51,-11.68,0.86,32.33,1.47,-10.00
21,6,673.66,383.69,1069.78,505.73,0.1039,4.2,3.24,15.55,2.38,0.48,49.89,2.78,-10.00
21,6,-1.00,-1.00,-1.00,-1.00,0.1002,4.1,2.91,16.00,26.50,2.53,-18.34,1.43,-10.00
22,6,-1.00,-1.00,-1.00,-1.00,0.1536,4.3,2.93,16.39,20.61,2.03,-4.74,1.48,-10.00
22,6,-1.00,-1.00,-1.00,-1.00,0.1176,4.3,3.07,9.23,40.27,1.97,17.81,2.51,-10.00
22,6,-1.00,-1.00,-1.00,-1.00,0.1155,4.2,3.10,15.57,31.50,2.61,-15.78,3.14,-10.00
22,6,-1.00,-1.00,-1.00,-1.00,0.1046,4.3,3.02,17.14,22.80,2.00,-4.49,1.22,-10.00
23,6,-1.00,-1.00,-1.00,-1.00,0.1300,4.2,3.19,12.56,41.76,0.94,23.56,2.72,-10.00
23,6,-1.00,-1.00,-1.00,-1.00,0.1273,4.0,2.89,15.49,26.22,2.25,11.40,3.14,-10.00
23,6,-1.00,-1.00,-1.00,-1.00,0.1119,4.3,2.96,12.98,44.18,1.45,21.97,2.73,-10.00
23,6,-1.00,-1.00,-1.00,-1.00,0.1089,4.2,2.79,14.43,30.18,2.34,11.88,-1.70,-10.00
23,6,-1.00,-1.00,-1.00,-1.00,0.1029,4.0,2.81,11.63,39.45,1.57,17.92,2.81,-10.00
24,6,-1.00,-1.00,-1.00,-1.00,0.1652,3.2,2.73,11.75,36.40,0.87,-0.39,3.11,-10.00
24,6,-1.00,-1.00,-1.00,-1.00,0.1407,4.0,2.82,12.02,25.50,1.73,7.02,2.77,-10.00
24,6,-1.00,-1.00,-1.00,-1.00,0.1016,3.2,2.10,2.65,21.73,0.64,16.37,-0.36,-10.00
24,6,1187.07,289.99,1600.00,555.12,0.1015,3.8,2.96,15.07,13.71,1.03,22.15,-0.35,-10.00
25,6,809.36,384.84,1299.20,528.56,0.1981,4.3,3.25,15.13,7.45,1.13,40.71,3.07,-10.00
25,6,-1.00,-1.00,-1.00,-1.00,0.1388,3.6,2.77,12.08,22.02,1.20,2.80,2.96,-10.00
25,6,-1.00,-1.00,-1.00,-1.00,0.1323,2.6,1.98,3.25,41.74,0.90,-2.21,0.06,-10.00
25,6,775.63,384.37,1231.74,520.84,0.1176,4.2,3.05,15.67,6.58,0.95,43.34,2.84,-10.00
26,6,933.18,358.01,1474.06,537.17,0.3129,4.4,3.24,15.21,10.86,1.22,34.82,2.81,-10.00
26,6,-1.00,-1.00,-1.00,-1.00,0.1477,2.8,2.78,13.65,22.14,1.33,0.36,-0.22,-10.00
26,6,-1.00,-1.00,-1.00,-1.00,0.1373,4.2,3.05,15.13,34.99,1.16,1.28,2.99,-10.00
27,6,1595.95,0.00,1600.00,900.00,0.2125,4.1,2.90,14.36,14.21,2.02,11.87,1.39,-10.00
27,6,946.15,347.38,1563.38,516.20,0.1345,4.2,3.14,15.63,11.51,0.61,34.20,3.12,-10.00
27,6,-1.00,-1.00,-1.00,-1.00,0.1014,4.0,2.87,8.14,29.29,1.66,-16.30,-2.67,-10.00
28,6,439.86,385.41,634.28,480.19,0.1978,2.9,2.74,6.11,-9.51,-0.47,43.08,2.79,-10.00
28,6,1364.56,281.06,1600.00,543.29,0.1336,4.4,3.18,15.71,18.63,0.91,23.95,3.02,-10.00
28,6,-1.00,-1.00,-1.00,-1.00,0.1198,2.4,2.04,2.84,-21.03,-0.27,28.04,0.83,-10.00
28,6,-1.00,-1.00,-1.00,-1.00,0.1115,4.3,2.92,17.25,42.45,2.50,-16.19,1.78,-10.00
28,6,-1.00,-1.00,-1.00,-1.00,0.1086,4.2,3.11,15.06,7.29,-1.31,-51.38,-2.89,-10.00
28,6,548.43,386.43,629.35,486.74,0.1081,3.2,2.66,8.05,-8.47,-0.27,46.75,-1.77,-10.00
29,6,0.00,274.03,182.22,497.28,0.1506,4.1,3.06,14.55,-19.73,0.04,31.98,-1.78,-10.00
29,6,-1.00,-1.00,-1.00,-1.00,0.1267,4.2,3.09,15.98,-0.39,2.26,-42.41,1.86,-10.00
29,6,-1.00,-1.00,-1.00,-1.00,0.1133,4.1,2.92,15.69,18.15,1.32,-29.84,1.49,-10.00
30,6,1402.58,219.34,1600.00,535.76,0.1927,4.3,3.14,16.08,17.67,0.58,19.05,-3.10,-10.00
30,6,-1.00,-1.00,-1.00,-1.00,0.1883,4.2,2.92,14.49,22.96,1.74,-29.67,-2.82,-10.00
30,6,-1.00,-1.00,-1.00,-1.00,0.1696,4.0,2.71,9.69,31.55,2.15,-29.86,-1.96,-10.00
30,6,-1.00,-1.00,-1.00,-1.00,0.1593,4.0,2.85,10.44,29.14,1.90,-32.50,-2.89,-10.00
30,6,-1.00,-1.00,-1.00,-1.00,0.1027,1.6,1.57,3.26,24.25,1.46,5.41,-3.01,-10.00
31,6,-1.00,-1.00,-1.00,-1.00,0.1759,4.3,3.09,9.77,30.33,0.94,-38.81,-2.75,-10.00
31,6,0.00,291.57,269.28,550.71,0.1424,4.2,3.14,15.48,-16.06,1.09,28.26,-1.72,-10.00
31,6,1126.93,293.37,1600.00,569.18,0.1297,4.1,2.98,16.20,13.82,1.17,22.20,-2.92,-10.00
31,6,23.27,346.73,262.10,493.75,0.1180,4.2,3.18,15.68,-24.05,-0.05,46.65,1.38,-10.00
31,6,-1.00,-1.00,-1.00,-1.00,0.1040,4.1,2.97,14.64,-25.55,-0.87,-45.93,-1.43,-10.00
32,6,-1.00,-1.00,-1.00,-1.00,0.3196,4.0,2.89,7.70,22.17,-0.20,-40.84,-2.61,-10.00
32,6,-1.00,-1.00,-1.00,-1.00,0.1410,4.3,3.00,15.57,13.92,1.31,-36.14,-2.82,-10.00
32,6,-1.00,-1.00,-1.00,-1.00,0.1231,3.5,3.11,12.74,15.63,2.01,-7.28,1.68,-10.00
32,6,-1.00,-1.00,-1.00,-1.00,0.1146,3.8,2.77,10.01,10.87,-1.14,-45.84,-1.55,-10.00
33,6,-1.00,-1.00,-1.00,-1.00,0.1597,4.0,2.86,11.41,16.52,0.59,-44.37,-2.54,-10.00
33,6,1377.82,325.33,1600.00,548.32,0.1162,4.2,3.08,16.20,19.08,1.22,32.21,-1.53,-10.00
33,6,-1.00,-1.00,-1.00,-1.00,0.1079,2.8,2.51,6.45,15.90,1.83,-9.50,1.75,-10.00
33,6,-1.00,-1.00,-1.00,-1.00,0.1028,4.0,3.05,13.88,13.41,1.27,-48.33,2.00,-10.00
34,6,-1.00,-1.00,-1.00,-1.00,0.1263,2.8,2.65,5.76,15.27,1.82,-13.27,1.77,-10.00
34,6,-1.00,-1.00,-1.00,-1.00,0.1087,3.8,2.84,8.22,13.26,0.20,-30.51,-2.66,-10.00
35,6,1218.48,442.98,1600.00,581.02,0.1460,4.1,2.98,14.38,20.32,2.63,39.72,-3.02,-10.00
37,6,-1.00,-1.00,-1.00,-1.00,0.1107,2.9,2.75,12.46,18.14,1.60,-21.76,-2.97,-10.00
37,6,516.03,293.62,769.00,566.43,0.1092,4.0,3.18,15.39,-2.82,1.23,26.20,-1.58,-10.00
37,6,-1.00,-1.00,-1.00,-1.00,0.1033,4.4,2.78,17.77,22.32,2.02,-5.74,-1.50,-10.00
38,6,-1.00,-1.00,-1.00,-1.00,0.1374,4.1,3.00,12.63,30.24,2.59,28.61,-3.06,-10.00
38,6,-1.00,-1.00,-1.00,-1.00,0.1306,3.0,2.75,15.51,22.59,2.39,11.23,1.66,-10.00
38,6,1165.92,367.72,1299.79,504.23,0.1128,4.1,3.07,15.26,15.25,0.40,47.61,1.78,-10.00
39,6,-1.00,-1.00,-1.00,-1.00,0.1953,4.1,3.01,15.45,19.44,1.74,-28.98,-2.90,-10.00
39,6,-1.00,-1.00,-1.00,-1.00,0.1097,4.3,2.87,16.88,13.87,1.37,-31.88,1.69,-10.00
39,6,1100.93,383.61,1513.99,498.62,0.1021,4.2,3.09,15.17,19.13,0.21,49.85,3.10,-10.00
40,6,-1.00,-1.00,-1.00,-1.00,0.1070,4.2,3.18,15.06,19.43,2.26,-32.53,-2.85,-10.00
40,6,-1.00,-1.00,-1.00,-1.00,0.1015,4.4,2.85,16.95,13.89,1.48,-34.70,1.62,-10.00
