0,6,1161.45,371.93,1408.15,522.23,0.2151,4.2,3.08,16.34,15.60,1.75,44.89,1.59,-10.00
0,6,-1.00,-1.00,-1.00,-1.00,0.1614,4.2,2.96,15.93,18.26,0.41,-37.93,1.79,-10.00
0,6,-1.00,-1.00,-1.00,-1.00,0.1546,4.1,3.24,13.51,42.20,-0.30,32.71,-3.11,-10.00
0,6,295.70,376.55,572.72,526.57,0.1462,3.7,3.29,16.26,-11.81,1.74,40.59,1.61,-10.00
0,6,-1.00,-1.00,-1.00,-1.00,0.1436,4.1,3.06,13.87,-36.75,3.30,29.71,0.01,-10.00
0,6,-1.00,-1.00,-1.00,-1.00,0.1316,4.1,3.02,16.21,15.03,0.19,-42.87,-3.02,-10.00
0,6,-1.00,-1.00,-1.00,-1.00,0.1314,4.0,3.11,16.74,-44.03,4.51,27.52,-0.02,-10.00
0,6,0.00,416.61,326.21,611.34,0.1264,4.2,3.07,14.17,-19.40,3.15,29.30,0.02,-10.00
0,6,-1.00,-1.00,-1.00,-1.00,0.1254,4.2,2.99,15.58,6.62,0.94,-27.51,1.65,-10.00
0,6,-1.00,-1.00,-1.00,-1.00,0.1244,4.3,3.15,16.06,50.57,-0.61,31.05,0.05,-10.00
0,6,1359.98,346.96,1600.00,494.34,0.1215,3.7,2.79,14.55,22.65,0.55,34.52,-3.12,-10.00
0,6,1186.09,376.59,1600.00,501.92,0.1210,3.9,3.02,15.20,20.42,0.98,42.95,-3.10,-10.00
0,6,1259.55,358.84,1584.00,502.49,0.1182,4.2,3.21,15.74,22.27,1.03,48.97,1.43,-10.00
0,6,-1.00,-1.00,-1.00,-1.00,0.1152,3.7,2.88,9.09,20.35,0.10,-16.16,-1.32,-10.00
0,6,-1.00,-1.00,-1.00,-1.00,0.1148,4.0,2.92,16.67,-42.40,3.25,22.75,0.02,-10.00
0,6,1190.40,360.22,1600.00,487.18,0.1117,4.3,3.15,14.92,21.42,0.50,46.32,-3.13,-10.00
0,6,-1.00,-1.00,-1.00,-1.00,0.1079,2.7,2.91,15.39,-34.51,2.00,6.30,-0.03,-10.00
0,6,-1.00,-1.00,-1.00,-1.00,0.1068,4.1,2.70,13.23,23.52,1.53,3.89,-2.22,-10.00
0,6,-1.00,-1.00,-1.00,-1.00,0.1013,3.4,2.89,14.73,28.73,0.70,26.45,-3.01,-10.00
1,6,-1.00,-1.00,-1.00,-1.00,0.3832,3.2,2.79,7.09,20.65,0.05,-17.06,1.74,-10.00
1,6,-1.00,-1.00,-1.00,-1.00,0.2478,4.0,2.81,9.82,15.58,0.99,-38.32,0.01,-10.00
1,6,1012.58,357.33,1600.00,517.49,0.2310,4.1,2.91,15.45,13.11,1.22,34.55,-0.04,-10.00
1,6,-1.00,-1.00,-1.00,-1.00,0.2246,4.0,3.16,14.55,18.94,0.28,-39.32,1.71,-10.00
1,6,-1.00,-1.00,-1.00,-1.00,0.1943,4.1,3.10,14.62,-23.69,1.33,-47.62,3.04,-10.00
1,6,972.67,358.34,1114.41,492.03,0.1889,3.1,2.73,9.27,6.21,0.47,37.42,-1.55,-10.00
1,6,-1.00,-1.00,-1.00,-1.00,0.1684,4.3,3.01,13.87,43.04,-0.25,33.03,-0.04,-10.00
1,6,1128.13,349.37,1397.42,520.01,0.1218,4.3,3.06,16.30,13.54,1.52,41.43,1.57,-10.00
1,6,-1.00,-1.00,-1.00,-1.00,0.1202,3.9,2.85,10.51,26.17,0.13,-28.81,-1.35,-10.00
1,6,-1.00,-1.00,-1.00,-1.00,0.1182,4.3,2.90,17.21,24.85,-0.42,-34.95,-1.66,-10.00
2,6,859.17,335.37,1484.97,505.32,0.4326,4.2,2.96,15.73,8.85,0.84,33.10,-0.06,-10.00
2,6,-1.00,-1.00,-1.00,-1.00,0.2783,3.5,2.80,10.59,13.12,0.79,-51.64,-1.49,-10.00
2,6,-1.00,-1.00,-1.00,-1.00,0.2124,4.0,2.89,8.44,17.18,0.93,-38.82,0.04,-10.00
2,6,898.44,344.39,1054.87,518.82,0.1814,4.1,2.76,13.78,4.12,1.36,38.02,-1.59,-10.00
2,6,-1.00,-1.00,-1.00,-1.00,0.1806,4.0,2.81,15.09,26.48,-0.38,-31.93,1.77,-10.00
2,6,-1.00,-1.00,-1.00,-1.00,0.1321,3.3,2.69,7.29,21.47,-0.21,-17.35,1.72,-10.00
2,6,-1.00,-1.00,-1.00,-1.00,0.1086,2.9,2.13,2.95,-44.28,2.32,5.84,2.97,-10.00
3,6,827.26,334.85,995.59,516.15,0.5301,4.1,2.79,13.39,2.03,1.21,36.54,-1.66,-10.00
3,6,-1.00,-1.00,-1.00,-1.00,0.2283,3.1,2.14,4.63,28.48,-0.73,-28.26,1.61,-10.00
3,6,-1.00,-1.00,-1.00,-1.00,0.1824,3.7,2.78,7.65,22.42,-0.33,-17.24,-1.49,-10.00
3,6,766.97,319.61,895.07,514.55,0.1545,4.2,2.79,14.57,-0.24,1.14,36.30,1.51,-10.00
3,6,-1.00,-1.00,-1.00,-1.00,0.1268,2.4,1.94,3.11,28.14,-1.31,-25.82,1.18,-10.00
3,6,-1.00,-1.00,-1.00,-1.00,0.1149,4.2,2.94,16.93,28.41,-0.75,-31.22,1.63,-10.00
4,6,730.31,339.07,898.30,527.99,0.6771,4.1,2.89,14.22,-0.81,1.56,35.39,-1.71,-10.00
4,6,1113.79,399.50,1356.79,499.32,0.2068,3.0,2.77,6.88,13.11,0.89,40.46,2.98,-10.00
4,6,1347.30,396.95,1600.00,523.04,0.1728,4.0,2.87,10.96,23.56,1.76,42.79,2.91,-10.00
4,6,1443.31,380.03,1600.00,516.07,0.1569,3.9,2.76,7.86,23.25,1.35,38.13,-0.20,-10.00
4,6,-1.00,-1.00,-1.00,-1.00,0.1264,4.0,2.74,9.54,23.48,0.25,-16.80,-1.55,-10.00
4,6,-1.00,-1.00,-1.00,-1.00,0.1190,4.2,3.01,14.10,34.86,1.33,34.78,2.98,-10.00
5,6,566.04,334.76,736.05,536.25,0.7202,4.0,2.79,12.80,-4.87,1.65,31.89,-1.83,-10.00
5,6,-1.00,-1.00,-1.00,-1.00,0.2398,4.3,3.01,13.98,45.64,0.45,35.54,-0.33,-10.00
5,6,-1.00,-1.00,-1.00,-1.00,0.1779,4.1,2.77,8.10,39.26,0.85,-1.30,3.12,-10.00
5,6,-1.00,-1.00,-1.00,-1.00,0.1692,4.1,3.02,13.77,28.66,0.56,-39.00,2.91,-10.00
5,6,-1.00,-1.00,-1.00,-1.00,0.1508,4.1,2.92,17.09,-33.95,3.09,10.38,2.82,-10.00
5,6,470.29,309.12,624.45,538.18,0.1351,4.3,2.81,14.74,-7.31,1.65,30.97,1.29,-10.00
5,6,1287.83,387.78,1600.00,526.96,0.1311,4.0,2.88,8.87,18.98,1.71,38.50,2.88,-10.00
5,6,-1.00,-1.00,-1.00,-1.00,0.1080,4.2,3.03,14.39,31.24,1.51,37.12,2.90,-10.00
5,6,-1.00,-1.00,-1.00,-1.00,0.1058,4.1,2.57,15.21,33.84,0.23,-26.59,-1.72,-10.00
6,6,373.87,295.26,568.53,537.31,0.5725,4.3,3.02,16.04,-9.12,1.58,30.30,-1.94,-10.00
6,6,-1.00,-1.00,-1.00,-1.00,0.2534,4.1,2.93,13.23,34.89,0.72,-42.65,2.71,-10.00
6,6,109.09,430.80,179.44,513.77,0.1578,3.1,1.94,2.15,-26.14,1.65,48.06,1.26,-10.00
6,6,-1.00,-1.00,-1.00,-1.00,0.1470,4.2,3.21,13.60,35.04,0.70,-44.74,2.84,-10.00
6,6,1149.33,379.86,1416.70,522.81,0.1330,3.9,2.85,7.78,13.80,1.56,37.79,2.69,-10.00
6,6,83.16,429.27,157.22,515.01,0.1316,3.0,1.96,2.36,-26.21,1.65,46.56,1.23,-10.00
6,6,122.64,441.33,191.32,518.65,0.1154,3.0,1.92,2.78,-26.77,1.92,50.18,1.25,-10.00
6,6,-1.00,-1.00,-1.00,-1.00,0.1122,3.6,2.93,16.23,-4.51,0.84,-24.81,1.15,-10.00
7,6,85.66,265.30,305.25,548.22,0.4542,4.2,2.95,15.35,-13.46,1.58,25.89,-2.09,-10.00
8,6,-1.00,-1.00,-1.00,-1.00,0.3169,4.0,2.87,14.24,-19.24,1.73,18.96,-2.47,-10.00
8,6,-1.00,-1.00,-1.00,-1.00,0.1520,4.1,2.84,11.48,-17.22,1.66,13.02,2.47,-10.00
8,6,0.00,179.75,56.80,584.62,0.1078,4.1,2.96,14.72,-16.09,1.58,20.19,-1.90,-10.00
8,6,-1.00,-1.00,-1.00,-1.00,0.1077,4.4,3.14,14.32,-52.98,2.99,45.77,2.47,-10.00
8,6,-1.00,-1.00,-1.00,-1.00,0.1007,4.0,2.91,14.98,-19.73,1.95,16.55,-3.13,-10.00
9,6,-1.00,-1.00,-1.00,-1.00,0.6136,4.1,2.97,16.11,-23.31,2.01,13.20,-2.53,-10.00
9,6,-1.00,-1.00,-1.00,-1.00,0.4254,3.9,2.87,7.97,-32.85,2.50,35.45,2.22,-10.00
9,6,814.12,365.61,1213.62,505.68,0.1330,4.3,3.12,15.09,6.57,1.15,47.35,0.62,-10.00
9,6,177.90,418.27,581.90,588.08,0.1264,4.1,3.00,13.40,-12.19,3.18,36.80,-1.19,-10.00
9,6,-1.00,-1.00,-1.00,-1.00,0.1057,3.8,2.83,8.50,-33.82,2.64,37.68,2.06,-10.00
9,6,1070.18,363.26,1279.28,493.12,0.1015,4.1,3.03,14.05,14.28,0.71,50.02,2.22,-10.00
10,6,-1.00,-1.00,-1.00,-1.00,0.8790,4.0,2.85,16.40,-26.22,1.85,5.25,-2.81,-10.00
10,6,-1.00,-1.00,-1.00,-1.00,0.2058,2.9,2.81,11.71,32.42,-0.46,-31.67,-2.86,-10.00
10,6,-1.00,-1.00,-1.00,-1.00,0.1763,4.0,3.05,15.71,31.35,0.58,0.89,0.14,-10.00
10,6,-1.00,-1.00,-1.00,-1.00,0.1571,3.7,3.07,15.36,-28.08,1.72,-16.31,-2.87,-10.00
10,6,-1.00,-1.00,-1.00,-1.00,0.1543,3.3,3.03,14.95,-37.89,1.99,-13.36,-2.85,-10.00
10,6,-1.00,-1.00,-1.00,-1.00,0.1508,4.1,2.90,15.93,-26.15,2.27,12.11,-2.78,-10.00
10,6,-1.00,-1.00,-1.00,-1.00,0.1407,2.7,2.53,5.55,42.07,-1.23,-47.27,-2.29,-10.00
10,6,-1.00,-1.00,-1.00,-1.00,0.1403,4.2,2.98,13.74,29.85,0.50,-9.15,-3.07,-10.00
10,6,-1.00,-1.00,-1.00,-1.00,0.1355,4.1,3.01,15.65,-27.88,2.34,8.45,-2.85,-10.00
10,6,553.72,388.85,948.84,520.00,0.1225,4.1,3.04,13.76,-2.74,1.68,44.65,-2.88,-10.00
10,6,-1.00,-1.00,-1.00,-1.00,0.1086,4.3,2.92,17.07,27.41,0.41,-4.08,1.94,-10.00
11,6,-1.00,-1.00,-1.00,-1.00,0.9547,4.1,3.01,16.07,-26.93,2.31,-2.67,-2.99,-10.00
11,6,-1.00,-1.00,-1.00,-1.00,0.3336,4.4,3.16,15.86,18.77,0.03,-18.25,-3.09,-10.00
11,6,-1.00,-1.00,-1.00,-1.00,0.1999,4.3,3.10,15.12,-53.67,3.24,14.51,0.03,-10.00
11,6,-1.00,-1.00,-1.00,-1.00,0.1858,4.1,2.92,15.91,-36.89,1.81,-1.06,-3.04,-10.00
11,6,-1.00,-1.00,-1.00,-1.00,0.1593,4.0,2.92,15.52,-22.30,2.15,-7.14,-2.97,-10.00
11,6,-1.00,-1.00,-1.00,-1.00,0.1503,4.1,3.05,15.29,-27.49,2.50,4.58,-3.03,-10.00
11,6,-1.00,-1.00,-1.00,-1.00,0.1491,3.9,2.99,14.84,22.94,1.67,22.33,0.13,-10.00
11,6,239.90,412.19,677.38,544.82,0.1251,4.0,2.91,13.19,-11.56,2.35,40.42,3.11,-10.00
11,6,-1.00,-1.00,-1.00,-1.00,0.1161,4.0,2.99,15.46,-31.22,2.02,-23.36,-3.00,-10.00
11,6,-1.00,-1.00,-1.00,-1.00,0.1121,4.0,2.91,12.33,-43.51,3.41,20.18,1.64,-10.00
11,6,-1.00,-1.00,-1.00,-1.00,0.1101,4.0,2.90,15.79,-31.89,2.01,-5.05,0.19,-10.00
11,6,-1.00,-1.00,-1.00,-1.00,0.1053,4.4,3.28,15.01,-53.41,2.66,11.40,2.53,-10.00
11,6,-1.00,-1.00,-1.00,-1.00,0.1045,3.9,3.07,14.93,26.91,0.07,-3.89,0.12,-10.00
12,6,-1.00,-1.00,-1.00,-1.00,0.9273,4.1,2.95,15.54,-26.62,2.05,-8.47,-3.12,-10.00
12,6,-1.00,-1.00,-1.00,-1.00,0.2015,4.0,3.25,14.02,-45.63,2.78,12.11,-1.62,-10.00
12,6,-1.00,-1.00,-1.00,-1.00,0.1991,4.2,3.08,14.66,-27.88,1.73,-1.61,3.11,-10.00
12,6,-1.00,-1.00,-1.00,-1.00,0.1563,4.2,3.07,16.00,-25.02,2.27,-4.17,-3.14,-10.00
12,6,-1.00,-1.00,-1.00,-1.00,0.1386,4.3,3.09,15.54,26.02,0.86,10.92,-3.03,-10.00
12,6,-1.00,-1.00,-1.00,-1.00,0.1237,3.8,2.93,16.01,-21.91,1.95,-13.61,3.12,-10.00
12,6,-1.00,-1.00,-1.00,-1.00,0.1066,4.0,2.95,16.68,-24.88,1.79,-11.63,-3.08,-10.00
12,6,1459.60,272.12,1600.00,571.12,0.1050,4.2,3.03,15.36,19.39,1.62,20.88,0.26,-10.00
12,6,-1.00,-1.00,-1.00,-1.00,0.1042,4.4,3.16,15.39,18.33,-0.01,-18.62,3.05,-10.00
13,6,-1.00,-1.00,-1.00,-1.00,0.9691,4.2,3.02,15.96,-26.21,2.29,-12.83,3.12,-10.00
13,6,-1.00,-1.00,-1.00,-1.00,0.4264,4.4,3.15,15.49,17.59,-0.03,-20.91,3.01,-10.00
13,6,-1.00,-1.00,-1.00,-1.00,0.4004,4.1,3.01,16.78,-22.54,1.88,-7.95,3.05,-10.00
13,6,-1.00,-1.00,-1.00,-1.00,0.3050,2.9,3.01,14.61,42.84,-1.18,-26.35,-0.09,-10.00
13,6,-1.00,-1.00,-1.00,-1.00,0.2371,4.1,3.35,14.56,-46.26,2.54,6.92,-1.64,-10.00
13,6,-1.00,-1.00,-1.00,-1.00,0.1775,4.1,2.98,15.67,-27.80,2.19,-5.56,3.05,-10.00
13,6,-1.00,-1.00,-1.00,-1.00,0.1699,4.1,3.05,16.07,-36.54,2.11,-13.36,-0.02,-10.00
13,6,1146.41,386.00,1570.06,499.23,0.1645,4.2,2.93,15.45,20.68,1.05,49.22,-0.04,-10.00
13,6,-1.00,-1.00,-1.00,-1.00,0.1288,3.8,2.95,16.50,-24.11,1.86,-16.29,-3.09,-10.00
13,6,-1.00,-1.00,-1.00,-1.00,0.1159,4.1,2.98,16.09,-40.95,2.28,-6.93,-0.05,-10.00
14,6,-1.00,-1.00,-1.00,-1.00,0.9412,4.1,2.99,15.78,-26.23,1.94,-16.59,3.11,-10.00
14,6,-1.00,-1.00,-1.00,-1.00,0.4025,4.0,2.76,9.30,46.17,-1.16,-18.00,0.06,-10.00
14,6,-1.00,-1.00,-1.00,-1.00,0.2459,3.7,3.01,16.61,-24.19,1.25,-20.01,0.06,-10.00
14,6,-1.00,-1.00,-1.00,-1.00,0.1988,2.7,3.07,15.63,-32.10,2.74,2.13,-0.03,-10.00
14,6,-1.00,-1.00,-1.00,-1.00,0.1804,3.4,3.11,13.19,-10.16,1.82,-45.31,-1.68,-10.00
14,6,-1.00,-1.00,-1.00,-1.00,0.1701,4.3,2.94,14.92,14.17,0.14,-24.27,2.87,-10.00
14,6,-1.00,-1.00,-1.00,-1.00,0.1481,4.1,3.03,16.69,-23.05,1.83,-11.56,3.07,-10.00
14,6,-1.00,-1.00,-1.00,-1.00,0.1322,3.2,2.80,9.04,-28.03,2.52,-2.01,-1.64,-10.00
14,6,1144.90,410.72,1245.76,510.17,0.1230,3.4,2.74,9.12,14.48,1.49,49.87,-1.40,-10.00
14,6,-1.00,-1.00,-1.00,-1.00,0.1154,4.2,2.97,16.45,-33.76,2.36,-2.24,1.50,-10.00
15,6,-1.00,-1.00,-1.00,-1.00,0.9672,4.2,3.01,15.80,-25.95,1.71,-20.07,3.11,-10.00
15,6,-1.00,-1.00,-1.00,-1.00,0.4648,3.9,3.25,13.39,-46.63,2.17,-1.67,-1.68,-10.00
15,6,-1.00,-1.00,-1.00,-1.00,0.2440,4.0,2.93,8.33,45.00,-1.39,-21.63,-3.07,-10.00
15,6,-1.00,-1.00,-1.00,-1.00,0.1936,3.0,2.86,16.56,-32.98,2.20,-1.19,-0.03,-10.00
15,6,-1.00,-1.00,-1.00,-1.00,0.1561,4.0,2.87,10.58,49.19,-0.65,13.04,-3.03,-10.00
15,6,-1.00,-1.00,-1.00,-1.00,0.1466,4.1,3.09,16.60,-23.24,1.29,-23.50,0.04,-10.00
15,6,-1.00,-1.00,-1.00,-1.00,0.1426,4.2,3.12,13.00,21.98,0.21,-16.72,3.09,-10.00
15,6,-1.00,-1.00,-1.00,-1.00,0.1219,4.1,2.99,17.01,-27.07,2.00,-15.45,3.12,-10.00
15,6,-1.00,-1.00,-1.00,-1.00,0.1085,4.3,3.04,15.59,21.17,0.12,-18.73,3.14,-10.00
16,6,-1.00,-1.00,-1.00,-1.00,0.9063,4.2,2.95,15.42,-25.97,1.64,-23.81,3.10,-10.00
16,6,-1.00,-1.00,-1.00,-1.00,0.5880,4.2,3.23,15.96,-46.60,2.56,-10.24,-1.62,-10.00
16,6,-1.00,-1.00,-1.00,-1.00,0.1436,4.1,3.11,16.16,-37.84,2.28,-24.98,-0.09,-10.00
16,6,-1.00,-1.00,-1.00,-1.00,0.1260,4.3,3.10,15.87,28.07,0.12,-11.53,0.02,-10.00
16,6,-1.00,-1.00,-1.00,-1.00,0.1238,4.3,2.84,17.38,25.29,-0.09,-30.88,-1.63,-10.00
16,6,-1.00,-1.00,-1.00,-1.00,0.1056,4.1,2.95,15.79,-22.41,1.39,-27.58,0.01,-10.00
16,6,-1.00,-1.00,-1.00,-1.00,0.1035,4.1,3.08,14.93,-49.46,2.51,-6.76,1.55,-10.00
17,6,-1.00,-1.00,-1.00,-1.00,0.9118,4.1,2.93,15.81,-26.34,1.66,-28.41,3.11,-10.00
17,6,-1.00,-1.00,-1.00,-1.00,0.2391,4.2,3.14,16.03,-46.61,2.73,-8.52,1.56,-10.00
17,6,-1.00,-1.00,-1.00,-1.00,0.1795,4.1,3.10,16.62,-36.90,2.12,-29.34,-0.09,-10.00
17,6,-1.00,-1.00,-1.00,-1.00,0.1679,4.2,3.11,16.40,-18.11,1.45,-34.14,-1.66,-10.00
17,6,-1.00,-1.00,-1.00,-1.00,0.1675,4.0,2.95,11.55,-49.34,3.12,-14.52,3.02,-10.00
17,6,0.00,302.72,274.90,567.64,0.1545,4.3,3.06,16.18,-16.76,2.03,28.55,1.45,-10.00
17,6,171.05,353.03,526.29,548.25,0.1303,3.4,3.15,15.40,-10.26,1.79,29.82,1.53,-10.00
17,6,-1.00,-1.00,-1.00,-1.00,0.1240,4.1,3.07,15.35,-32.40,2.48,-10.57,-0.02,-10.00
17,6,-1.00,-1.00,-1.00,-1.00,0.1190,4.1,3.18,14.83,-49.96,3.09,-9.90,1.48,-10.00
17,6,-1.00,-1.00,-1.00,-1.00,0.1163,4.3,3.08,15.92,38.33,-0.56,-17.22,-0.01,-10.00
17,6,-1.00,-1.00,-1.00,-1.00,0.1036,4.1,3.10,16.98,-39.35,2.25,1.50,-0.12,-10.00
18,6,-1.00,-1.00,-1.00,-1.00,0.9440,4.0,2.89,15.30,-26.29,1.99,-32.47,3.12,-10.00
18,6,-1.00,-1.00,-1.00,-1.00,0.3330,4.0,3.16,13.98,-47.50,2.79,-10.78,1.57,-10.00
18,6,-1.00,-1.00,-1.00,-1.00,0.1772,4.2,2.97,16.59,21.74,-0.13,-32.27,-0.01,-10.00
18,6,-1.00,-1.00,-1.00,-1.00,0.1669,4.3,2.91,17.81,21.25,-0.28,-44.34,1.52,-10.00
18,6,-1.00,-1.00,-1.00,-1.00,0.1480,3.6,3.01,16.60,-32.12,1.55,-5.42,-0.07,-10.00
18,6,-1.00,-1.00,-1.00,-1.00,0.1330,4.2,3.02,12.96,42.53,-1.59,-38.57,1.62,-10.00
18,6,-1.00,-1.00,-1.00,-1.00,0.1248,4.0,2.85,8.60,36.37,-1.44,-32.18,2.20,-10.00
18,6,-1.00,-1.00,-1.00,-1.00,0.1193,4.1,3.09,16.19,-36.80,1.75,-33.35,-0.08,-10.00
18,6,-1.00,-1.00,-1.00,-1.00,0.1180,4.0,2.96,14.92,23.49,0.29,-50.43,1.32,-10.00
18,6,-1.00,-1.00,-1.00,-1.00,0.1036,4.1,2.86,15.13,-36.32,1.73,-8.52,1.56,-10.00
18,6,-1.00,-1.00,-1.00,-1.00,0.1025,3.3,2.32,4.71,42.21,0.28,12.02,-2.95,-10.00
18,6,-1.00,-1.00,-1.00,-1.00,0.1014,4.3,2.88,16.14,18.08,0.16,-33.49,1.55,-10.00
19,6,-1.00,-1.00,-1.00,-1.00,0.8735,4.1,2.94,15.52,-26.32,1.73,-35.74,3.10,-10.00
19,6,-1.00,-1.00,-1.00,-1.00,0.2716,4.1,3.01,14.02,-47.28,2.61,-14.08,-1.66,-10.00
19,6,-1.00,-1.00,-1.00,-1.00,0.1474,3.4,2.95,14.80,20.27,0.56,-40.50,-0.02,-10.00
19,6,-1.00,-1.00,-1.00,-1.00,0.1294,4.2,2.95,15.17,18.03,0.47,-37.61,1.52,-10.00
19,6,-1.00,-1.00,-1.00,-1.00,0.1239,3.7,3.06,16.48,-28.37,1.16,-28.79,-0.02,-10.00
19,6,-1.00,-1.00,-1.00,-1.00,0.1184,4.2,3.00,16.73,34.44,-0.31,-42.01,-1.58,-10.00
19,6,-1.00,-1.00,-1.00,-1.00,0.1137,4.1,3.08,16.66,-27.73,1.46,-31.46,-0.09,-10.00
19,6,694.80,411.93,1178.22,540.58,0.1131,4.2,2.98,16.06,3.63,2.35,43.07,3.10,-10.00
19,6,-1.00,-1.00,-1.00,-1.00,0.1129,4.2,2.93,9.31,37.44,-1.44,-35.62,3.13,-10.00
19,6,296.35,387.25,593.59,559.34,0.1111,3.6,3.05,15.67,-9.49,2.29,34.21,-1.55,-10.00
20,6,-1.00,-1.00,-1.00,-1.00,0.9089,4.2,3.02,15.79,-26.55,1.63,-39.91,3.12,-10.00
20,6,-1.00,-1.00,-1.00,-1.00,0.2850,4.1,3.11,15.69,-19.89,1.31,-45.11,1.59,-10.00
20,6,-1.00,-1.00,-1.00,-1.00,0.2819,3.7,3.05,15.32,-31.54,1.96,-14.54,-0.08,-10.00
20,6,-1.00,-1.00,-1.00,-1.00,0.2656,3.9,2.89,11.03,-46.91,1.88,-23.07,-1.64,-10.00
20,6,-1.00,-1.00,-1.00,-1.00,0.1241,4.1,3.10,15.62,-29.56,2.37,-11.93,0.06,-10.00
20,6,-1.00,-1.00,-1.00,-1.00,0.1058,5.6,4.53,17.86,-48.24,1.94,-15.10,1.47,-10.00
20,6,-1.00,-1.00,-1.00,-1.00,0.1046,4.1,3.06,15.74,-37.95,1.84,-40.22,-0.02,-10.00
20,6,-1.00,-1.00,-1.00,-1.00,0.1019,4.2,3.14,15.30,-28.01,1.52,-37.68,-0.10,-10.00
21,6,-1.00,-1.00,-1.00,-1.00,0.6889,4.2,3.14,16.45,-26.74,1.67,-44.14,3.09,-10.00
21,6,105.94,310.81,526.14,586.63,0.1170,4.1,2.98,16.13,-9.57,2.17,26.87,1.53,-10.00
22,6,-1.00,-1.00,-1.00,-1.00,0.6131,3.8,3.01,14.52,-26.68,1.23,-48.41,3.11,-10.00
22,6,-1.00,-1.00,-1.00,-1.00,0.1894,4.1,3.08,15.43,-37.50,1.40,-49.09,-0.07,-10.00
22,6,-1.00,-1.00,-1.00,-1.00,0.1283,4.2,3.16,16.03,-25.19,1.35,-27.06,1.53,-10.00
22,6,1204.02,390.28,1600.00,515.20,0.1145,4.2,3.00,15.44,21.56,1.53,44.77,3.03,-10.00
22,6,-1.00,-1.00,-1.00,-1.00,0.1129,3.8,3.01,15.73,-26.35,1.33,-22.62,3.14,-10.00
22,6,-1.00,-1.00,-1.00,-1.00,0.1119,4.1,3.05,15.12,-26.17,1.27,-50.86,3.00,-10.00
22,6,-1.00,-1.00,-1.00,-1.00,0.1066,3.0,3.04,9.42,11.23,0.48,-41.88,1.62,-10.00
22,6,453.71,430.84,528.49,517.85,0.1022,3.2,1.97,2.87,-12.87,1.81,48.21,1.62,-10.00
23,6,-1.00,-1.00,-1.00,-1.00,0.3485,4.0,2.84,10.97,23.04,1.70,20.48,0.05,-10.00
23,6,-1.00,-1.00,-1.00,-1.00,0.3226,4.0,2.87,9.98,18.37,1.62,16.78,1.68,-10.00
23,6,-1.00,-1.00,-1.00,-1.00,0.1338,4.1,3.02,15.09,-18.11,2.09,17.69,1.54,-10.00
23,6,-1.00,-1.00,-1.00,-1.00,0.1043,4.2,2.84,15.80,17.14,-0.40,-50.51,-1.61,-10.00
23,6,-1.00,-1.00,-1.00,-1.00,0.1009,4.1,2.99,14.14,-23.09,0.14,-51.16,-3.08,-10.00
24,6,-1.00,-1.00,-1.00,-1.00,0.1950,3.9,2.95,14.45,-28.59,3.59,28.09,3.09,-10.00
24,6,-1.00,-1.00,-1.00,-1.00,0.1720,3.9,2.93,9.57,41.37,0.22,-8.57,1.69,-10.00
24,6,1253.57,414.37,1600.00,523.01,0.1507,2.9,2.90,11.13,18.34,1.47,36.19,-0.11,-10.00
24,6,-1.00,-1.00,-1.00,-1.00,0.1064,4.0,2.85,8.63,43.97,0.17,-7.70,-3.01,-10.00
24,6,-1.00,-1.00,-1.00,-1.00,0.1033,4.4,2.99,15.48,-41.26,2.76,50.79,1.46,-10.00
24,6,-1.00,-1.00,-1.00,-1.00,0.1021,3.5,3.49,13.50,12.04,0.07,-47.26,1.60,-10.00
25,6,1415.48,367.85,1600.00,487.50,0.4026,4.2,3.00,14.49,31.20,0.55,49.08,0.06,-10.00
25,6,958.42,408.90,1327.46,521.31,0.1762,4.1,3.07,13.86,12.29,1.96,49.95,-3.07,-10.00
25,6,-1.00,-1.00,-1.00,-1.00,0.1253,3.3,3.07,15.74,-27.21,3.20,24.46,2.98,-10.00
25,6,-1.00,-1.00,-1.00,-1.00,0.1089,4.0,3.01,15.41,43.39,0.18,39.95,-3.08,-10.00
25,6,1474.68,405.36,1600.00,558.02,0.1058,3.3,2.84,14.33,23.25,1.99,29.52,0.01,-10.00
25,6,1454.03,362.24,1600.00,488.10,0.1050,3.3,2.78,9.96,26.16,0.40,42.07,1.25,-10.00
25,6,-1.00,-1.00,-1.00,-1.00,0.1028,4.2,3.07,15.69,-18.73,2.24,10.71,-1.61,-10.00
26,6,1321.67,363.45,1600.00,484.72,0.2747,3.8,2.94,15.40,26.00,0.37,44.46,-3.07,-10.00
26,6,-1.00,-1.00,-1.00,-1.00,0.2208,3.9,2.72,7.53,33.96,0.32,5.77,-3.06,-10.00
26,6,1007.75,391.04,1461.63,507.97,0.2164,3.8,2.98,15.29,14.39,1.26,45.47,-3.04,-10.00
26,6,1587.41,340.96,1600.00,457.97,0.1867,3.5,2.87,14.23,33.78,-0.56,42.29,0.01,-10.00
26,6,-1.00,-1.00,-1.00,-1.00,0.1841,3.7,3.03,15.41,-36.22,3.17,18.63,3.14,-10.00
26,6,-1.00,-1.00,-1.00,-1.00,0.1306,4.4,2.91,16.75,9.14,0.54,-23.62,1.75,-10.00
26,6,481.38,393.96,677.05,522.14,0.1076,3.5,3.12,14.98,-8.06,1.71,43.74,1.62,-10.00
26,6,-1.00,-1.00,-1.00,-1.00,0.1067,4.4,2.87,18.14,33.00,0.56,-25.38,-1.72,-10.00
26,6,1170.17,382.37,1600.00,500.46,0.1059,3.7,2.92,14.88,19.39,0.92,42.07,-0.04,-10.00
26,6,1289.25,346.07,1600.00,484.20,0.1042,3.5,2.89,15.21,21.25,0.27,35.30,0.02,-10.00
27,6,0.00,423.84,243.06,537.97,0.5022,4.2,3.07,15.65,-31.42,2.58,48.86,3.10,-10.00
27,6,-1.00,-1.00,-1.00,-1.00,0.2296,4.1,2.92,13.05,-46.40,0.97,-6.13,-0.08,-10.00
27,6,-1.00,-1.00,-1.00,-1.00,0.1638,4.0,2.89,13.31,-46.74,1.09,-8.38,-0.08,-10.00
27,6,1024.68,384.93,1490.73,511.37,0.1457,4.2,2.99,15.48,15.06,1.37,44.56,-0.02,-10.00
27,6,345.20,413.41,577.04,552.01,0.1292,3.5,3.13,15.10,-10.65,2.45,38.93,1.55,-10.00
27,6,1316.58,355.77,1600.00,485.89,0.1236,3.7,2.92,15.32,23.96,0.37,39.93,-3.09,-10.00
27,6,-1.00,-1.00,-1.00,-1.00,0.1019,4.3,3.00,16.99,31.08,0.01,-10.09,-1.78,-10.00
28,6,0.00,418.39,168.16,542.44,0.6542,4.2,2.96,16.31,-32.47,2.49,44.50,3.10,-10.00
28,6,-1.00,-1.00,-1.00,-1.00,0.2646,3.6,3.01,15.49,-34.46,2.79,10.28,0.00,-10.00
28,6,1074.53,353.97,1207.71,510.56,0.1363,4.2,2.99,15.15,10.62,1.25,43.97,-1.42,-10.00
28,6,1014.22,387.82,1128.02,519.03,0.1146,3.8,2.58,7.40,7.92,1.55,41.48,1.62,-10.00
29,6,-1.00,-1.00,-1.00,-1.00,0.5939,3.0,2.75,10.92,34.37,0.59,-22.90,-3.11,-10.00
29,6,0.00,412.65,152.76,554.30,0.5842,4.2,3.08,16.66,-30.83,2.60,40.15,3.13,-10.00
29,6,-1.00,-1.00,-1.00,-1.00,0.2628,3.7,3.07,8.68,31.32,0.78,-10.34,1.60,-10.00
29,6,0.00,377.57,236.86,522.08,0.1129,4.0,3.41,15.85,-26.07,1.74,44.88,1.50,-10.00
29,6,-1.00,-1.00,-1.00,-1.00,0.1107,3.8,2.88,12.87,31.26,1.69,30.70,-3.09,-10.00
29,6,-1.00,-1.00,-1.00,-1.00,0.1049,3.9,2.68,7.71,33.93,0.51,-8.04,-3.04,-10.00
30,6,0.00,389.02,135.48,545.33,0.6099,4.2,3.23,15.05,-28.56,2.10,36.29,3.11,-10.00
30,6,-1.00,-1.00,-1.00,-1.00,0.1262,3.8,2.96,14.49,42.23,0.66,23.10,3.13,-10.00
30,6,-1.00,-1.00,-1.00,-1.00,0.1240,2.4,2.11,3.22,50.93,0.37,21.50,0.20,-10.00
30,6,1436.75,345.93,1600.00,542.19,0.1054,3.7,2.99,15.35,21.69,1.47,26.80,-3.05,-10.00
31,6,0.00,386.61,146.29,566.99,0.7416,4.3,3.33,16.05,-26.57,2.36,32.10,3.07,-10.00
31,6,-1.00,-1.00,-1.00,-1.00,0.1382,3.6,3.33,15.53,10.97,0.59,-49.25,1.69,-10.00
31,6,1447.00,325.07,1600.00,567.19,0.1315,3.8,2.90,15.82,19.98,1.65,22.46,-3.07,-10.00
31,6,-1.00,-1.00,-1.00,-1.00,0.1193,4.2,2.95,16.09,15.61,0.23,-43.41,1.58,-10.00
31,6,0.00,370.23,278.27,518.91,0.1102,4.3,3.64,16.87,-26.00,1.69,47.03,1.56,-10.00
32,6,-1.00,-1.00,-1.00,-1.00,0.5012,4.3,3.25,16.35,-27.69,2.04,27.28,3.11,-10.00
32,6,-1.00,-1.00,-1.00,-1.00,0.2930,4.4,3.43,16.69,48.68,0.54,-6.90,-1.42,-10.00
32,6,-1.00,-1.00,-1.00,-1.00,0.1940,3.4,2.48,2.47,48.11,-0.35,-23.09,0.04,-10.00
32,6,280.95,417.63,604.60,543.36,0.1712,2.5,3.05,14.83,-8.96,1.85,32.36,1.63,-10.00
32,6,0.00,345.43,201.71,527.92,0.1681,4.4,3.99,18.18,-26.32,1.76,40.29,1.53,-10.00
32,6,-1.00,-1.00,-1.00,-1.00,0.1486,4.0,2.86,14.88,27.62,1.50,17.62,-0.04,-10.00
32,6,-1.00,-1.00,-1.00,-1.00,0.1009,3.2,2.85,14.19,28.20,1.31,15.60,0.13,-10.00
33,6,-1.00,-1.00,-1.00,-1.00,0.2542,4.3,3.15,15.95,-28.47,2.08,23.05,3.09,-10.00
33,6,-1.00,-1.00,-1.00,-1.00,0.1310,2.8,2.95,14.23,21.01,0.68,-0.77,0.00,-10.00
33,6,-1.00,-1.00,-1.00,-1.00,0.1120,4.3,3.16,16.69,-45.88,1.41,7.22,-0.05,-10.00
34,6,0.00,316.65,76.42,544.02,0.1502,4.4,3.43,18.02,-26.58,1.91,33.20,1.52,-10.00
35,6,-1.00,-1.00,-1.00,-1.00,0.2096,4.0,2.91,9.90,20.38,0.76,-47.86,-3.08,-10.00
35,6,1065.83,381.58,1530.48,503.40,0.1329,4.2,2.90,16.07,17.32,1.13,46.99,0.05,-10.00
35,6,0.00,365.63,136.35,543.40,0.1029,4.4,3.22,16.52,-27.11,2.24,38.95,1.50,-10.00
35,6,-1.00,-1.00,-1.00,-1.00,0.1012,3.1,2.95,14.48,24.06,0.37,-20.79,-0.09,-10.00
36,6,-1.00,-1.00,-1.00,-1.00,0.1303,3.6,2.95,10.97,19.88,0.44,-51.33,0.07,-10.00
36,6,1469.91,173.98,1600.00,556.96,0.1106,3.8,2.92,14.90,15.79,0.92,14.54,0.03,-10.00
37,6,0.00,365.00,187.85,525.67,0.1086,4.4,3.97,17.75,-28.66,1.86,44.37,1.51,-10.00
38,6,-1.00,-1.00,-1.00,-1.00,0.1744,3.9,2.90,8.98,36.67,0.87,-4.42,-1.53,-10.00
38,6,0.00,346.37,125.39,529.04,0.1513,4.4,3.68,17.99,-28.84,1.80,40.12,1.51,-10.00
38,6,260.01,430.88,523.89,525.80,0.1024,3.0,2.70,8.00,-14.58,1.85,42.54,3.09,-10.00
39,6,0.00,310.00,27.36,530.65,0.1912,4.4,3.60,17.94,-29.01,1.59,34.58,1.49,-10.00
39,6,-1.00,-1.00,-1.00,-1.00,0.1761,4.1,3.07,13.51,-40.88,0.70,-10.58,-1.66,-10.00
39,6,-1.00,-1.00,-1.00,-1.00,0.1039,4.1,3.01,16.22,-35.27,1.15,-4.83,-0.08,-10.00
