0,6,-1.00,-1.00,-1.00,-1.00,0.3053,4.2,3.06,15.74,28.02,2.74,-16.06,1.09,-10.00
0,6,1096.07,288.30,1497.86,516.25,0.2996,4.0,3.15,16.18,10.36,0.58,30.65,-1.60,-10.00
0,6,-1.00,-1.00,-1.00,-1.00,0.2231,2.9,2.62,9.07,19.03,1.09,16.18,3.11,-10.00
0,6,-1.00,-1.00,-1.00,-1.00,0.1727,4.0,2.90,15.12,-34.52,0.39,-8.78,3.14,-10.00
0,6,-1.00,-1.00,-1.00,-1.00,0.1616,4.2,3.04,16.03,-24.67,-1.72,-47.17,1.55,-10.00
0,6,-1.00,-1.00,-1.00,-1.00,0.1516,4.1,2.92,15.66,36.90,2.12,-12.32,1.20,-10.00
0,6,1030.63,423.29,1600.00,578.72,0.1420,4.2,2.96,15.95,14.41,2.41,36.55,3.09,-10.00
0,6,-1.00,-1.00,-1.00,-1.00,0.1392,4.1,2.80,15.98,-34.87,1.01,-48.12,-3.11,-10.00
0,6,-1.00,-1.00,-1.00,-1.00,0.1378,4.0,3.00,15.39,-33.11,-0.05,-28.46,3.10,-10.00
0,6,-1.00,-1.00,-1.00,-1.00,0.1352,4.1,2.98,15.61,-36.17,0.20,-18.41,-2.99,-10.00
0,6,1085.92,435.98,1340.92,600.78,0.1243,4.3,2.91,15.27,11.95,2.97,40.54,-1.60,-10.00
0,6,-1.00,-1.00,-1.00,-1.00,0.1165,4.1,2.90,15.29,-33.51,-0.09,-50.65,3.06,-10.00
0,6,-1.00,-1.00,-1.00,-1.00,0.1147,4.1,2.90,15.65,22.40,1.83,21.39,-1.59,-10.00
1,6,-1.00,-1.00,-1.00,-1.00,0.1747,4.2,2.87,16.04,28.66,2.10,21.62,1.62,-10.00
1,6,-1.00,-1.00,-1.00,-1.00,0.1640,4.1,3.20,16.06,15.46,2.01,-28.82,1.30,-10.00
1,6,-1.00,-1.00,-1.00,-1.00,0.1179,4.2,2.87,16.17,26.58,2.27,-16.39,1.39,-10.00
1,6,-1.00,-1.00,-1.00,-1.00,0.1177,4.2,3.34,15.95,-24.74,-1.91,-45.44,-1.55,-10.00
1,6,418.42,381.52,598.93,500.70,0.1055,3.5,2.92,14.08,-10.73,0.25,46.23,-1.55,-10.00
2,6,-1.00,-1.00,-1.00,-1.00,0.2119,3.9,3.72,15.72,-24.67,-2.25,-43.59,-1.60,-10.00
2,6,-1.00,-1.00,-1.00,-1.00,0.1585,4.1,2.95,14.50,27.35,2.56,-16.58,1.11,-10.00
2,6,229.64,348.50,464.03,496.86,0.1317,4.2,2.96,15.57,-16.26,0.07,45.82,1.55,-10.00
2,6,-1.00,-1.00,-1.00,-1.00,0.1215,4.0,2.97,14.69,32.91,2.08,-14.33,1.14,-10.00
2,6,398.55,362.92,536.86,488.28,0.1118,3.9,2.62,9.60,-12.48,-0.23,46.32,1.54,-10.00
2,6,-1.00,-1.00,-1.00,-1.00,0.1082,4.3,3.16,15.89,15.32,1.71,-27.95,1.12,-10.00
2,6,-1.00,-1.00,-1.00,-1.00,0.1055,4.0,2.88,15.89,-25.53,0.94,-22.52,-3.08,-10.00
3,6,-1.00,-1.00,-1.00,-1.00,0.1682,4.2,3.02,15.66,27.33,2.61,-17.68,1.08,-10.00
4,6,-1.00,-1.00,-1.00,-1.00,0.2792,2.7,2.76,7.03,-30.10,1.56,-18.78,3.09,-10.00
4,6,-1.00,-1.00,-1.00,-1.00,0.1584,4.2,2.88,15.41,22.24,2.39,20.12,-1.67,-10.00
4,6,-1.00,-1.00,-1.00,-1.00,0.1442,3.6,3.23,14.51,24.86,2.09,-29.50,0.99,-10.00
4,6,-1.00,-1.00,-1.00,-1.00,0.1236,3.0,1.82,3.69,49.02,1.80,25.61,-0.12,-10.00
4,6,-1.00,-1.00,-1.00,-1.00,0.1170,4.1,2.97,13.20,26.49,2.13,-21.91,2.61,-10.00
4,6,-1.00,-1.00,-1.00,-1.00,0.1164,3.8,3.04,14.06,15.24,1.75,-30.88,1.02,-10.00
4,6,-1.00,-1.00,-1.00,-1.00,0.1152,3.1,1.96,4.36,46.11,1.78,25.81,-0.19,-10.00
4,6,787.04,379.50,1277.48,509.11,0.1123,4.2,3.01,16.66,7.41,0.55,44.24,3.05,-10.00
5,6,-1.00,-1.00,-1.00,-1.00,0.2023,3.9,2.77,10.21,32.09,1.28,-15.87,1.21,-10.00
5,6,-1.00,-1.00,-1.00,-1.00,0.1279,4.2,3.15,15.77,24.80,2.64,-30.21,-2.09,-10.00
5,6,-1.00,-1.00,-1.00,-1.00,0.1122,3.3,2.89,14.25,-45.00,-0.66,8.38,0.00,-10.00
5,6,-1.00,-1.00,-1.00,-1.00,0.1111,3.3,2.12,3.30,-7.11,-1.35,-51.41,-1.58,-10.00
5,6,1339.99,396.84,1600.00,564.39,0.1009,4.1,2.96,13.17,20.87,1.78,32.93,0.05,-10.00
6,6,1360.74,413.96,1600.00,598.20,0.2271,4.3,3.16,14.21,21.33,2.54,31.67,3.09,-10.00
6,6,1176.56,400.65,1527.81,578.78,0.1802,4.3,2.88,15.42,15.16,2.24,38.30,-1.66,-10.00
6,6,-1.00,-1.00,-1.00,-1.00,0.1375,2.0,1.88,4.23,41.64,1.67,12.49,1.17,-10.00
6,6,-1.00,-1.00,-1.00,-1.00,0.1029,4.3,3.26,13.82,53.67,1.89,-0.42,2.64,-10.00
7,6,1242.31,409.21,1600.00,613.37,0.1726,4.4,2.94,16.03,16.32,2.77,35.40,-1.60,-10.00
7,6,-1.00,-1.00,-1.00,-1.00,0.1705,4.1,3.13,14.65,-36.94,0.22,-25.60,0.09,-10.00
7,6,1384.57,416.08,1600.00,614.10,0.1478,4.2,3.07,14.32,20.99,2.68,29.34,3.12,-10.00
7,6,-1.00,-1.00,-1.00,-1.00,0.1250,4.0,2.90,15.17,-32.83,0.58,14.72,-3.14,-10.00
7,6,0.00,327.38,120.56,491.77,0.1201,3.6,3.34,14.77,-26.05,-0.14,37.25,1.54,-10.00
8,6,1320.22,411.69,1600.00,638.85,0.2274,4.2,2.86,15.84,16.74,2.89,31.66,1.63,-10.00
8,6,-1.00,-1.00,-1.00,-1.00,0.1676,4.1,3.05,15.30,-33.38,0.60,-26.84,0.04,-10.00
8,6,-1.00,-1.00,-1.00,-1.00,0.1355,3.8,2.94,15.36,18.25,1.47,-23.87,2.78,-10.00
8,6,-1.00,-1.00,-1.00,-1.00,0.1276,4.3,3.32,16.29,-26.69,-1.48,-48.28,-1.59,-10.00
8,6,1226.31,387.90,1600.00,610.56,0.1191,4.2,2.84,16.18,14.76,2.39,32.03,1.52,-10.00
8,6,1404.08,381.14,1600.00,597.36,0.1125,4.1,2.97,15.15,20.49,2.02,26.19,-3.10,-10.00
9,6,-1.00,-1.00,-1.00,-1.00,0.2309,4.4,3.39,14.46,35.83,-0.22,-18.43,2.77,-10.00
9,6,852.68,368.31,1382.07,516.96,0.2089,4.2,3.11,15.34,8.83,0.72,38.50,-3.14,-10.00
9,6,-1.00,-1.00,-1.00,-1.00,0.1466,4.1,3.01,15.80,-36.49,-0.09,-32.00,0.11,-10.00
9,6,-1.00,-1.00,-1.00,-1.00,0.1214,4.0,3.15,14.92,-29.11,-0.05,33.46,-1.58,-10.00
9,6,1313.41,379.19,1600.00,657.77,0.1106,4.4,2.91,16.18,15.87,2.76,28.03,-1.60,-10.00
9,6,1174.47,306.60,1600.00,607.86,0.1082,4.3,2.98,16.50,11.44,1.81,26.45,1.55,-10.00
9,6,-1.00,-1.00,-1.00,-1.00,0.1074,1.7,1.62,2.80,34.88,2.61,0.57,2.64,-10.00
9,6,-1.00,-1.00,-1.00,-1.00,0.1036,4.3,3.21,14.35,43.40,1.47,-14.42,2.71,-10.00
10,6,1597.13,328.82,1600.00,643.00,0.1551,4.3,2.98,16.06,20.74,2.08,19.11,3.14,-10.00
10,6,-1.00,-1.00,-1.00,-1.00,0.1329,3.9,2.99,11.62,25.39,2.89,-52.23,-1.89,-10.00
10,6,-1.00,-1.00,-1.00,-1.00,0.1067,4.2,3.18,15.03,29.08,3.06,-49.11,3.13,-10.00
10,6,-1.00,-1.00,-1.00,-1.00,0.1025,3.8,2.89,13.44,24.11,2.62,-34.18,2.80,-10.00
10,6,-1.00,-1.00,-1.00,-1.00,0.1014,4.1,2.96,11.81,21.75,2.80,-39.42,-1.87,-10.00
11,6,-1.00,-1.00,-1.00,-1.00,0.1968,4.1,3.20,15.47,-32.98,0.46,-36.51,0.03,-10.00
11,6,-1.00,-1.00,-1.00,-1.00,0.1218,4.2,2.66,16.03,22.89,2.71,13.42,-1.57,-10.00
12,6,872.35,426.84,1131.59,549.31,0.1286,2.6,2.24,5.48,4.08,1.23,28.20,0.13,-10.00
13,6,-1.00,-1.00,-1.00,-1.00,0.1493,4.0,2.95,13.66,26.80,2.28,-42.13,0.98,-10.00
13,6,-1.00,-1.00,-1.00,-1.00,0.1471,4.1,3.07,14.96,-34.19,0.83,-45.32,-0.07,-10.00
13,6,0.00,250.61,307.44,527.25,0.1013,4.2,3.01,15.50,-15.78,0.67,26.78,1.62,-10.00
14,6,-1.00,-1.00,-1.00,-1.00,0.1510,4.1,3.03,15.97,-34.76,0.52,13.16,0.10,-10.00
14,6,-1.00,-1.00,-1.00,-1.00,0.1351,4.0,3.02,14.05,-34.02,0.74,-47.65,-0.10,-10.00
14,6,0.00,229.07,289.30,540.53,0.1151,4.2,3.01,16.04,-15.74,0.81,25.23,-1.52,-10.00
15,6,-1.00,-1.00,-1.00,-1.00,0.1605,4.1,3.05,15.17,-37.13,1.64,11.58,0.22,-10.00
15,6,-1.00,-1.00,-1.00,-1.00,0.1212,4.2,3.13,15.21,-34.73,-0.07,-51.05,-0.30,-10.00
15,6,-1.00,-1.00,-1.00,-1.00,0.1211,4.2,2.83,16.80,22.49,2.41,-13.57,-1.48,-10.00
15,6,-1.00,-1.00,-1.00,-1.00,0.1186,4.0,3.21,12.15,33.67,2.20,1.28,-3.09,-10.00
15,6,-1.00,-1.00,-1.00,-1.00,0.1090,4.4,2.78,18.20,36.12,2.13,-2.76,1.67,-10.00
15,6,-1.00,-1.00,-1.00,-1.00,0.1008,4.2,3.15,15.38,21.24,2.31,-44.42,2.84,-10.00
17,6,-1.00,-1.00,-1.00,-1.00,0.3452,4.3,2.74,18.48,34.05,2.41,-10.15,1.60,-10.00
17,6,-1.00,-1.00,-1.00,-1.00,0.1240,4.2,3.07,15.47,29.84,2.34,-15.43,-3.09,-10.00
17,6,-1.00,-1.00,-1.00,-1.00,0.1125,4.3,2.88,17.23,19.85,2.06,-38.15,-1.57,-10.00
17,6,995.89,391.83,1434.88,603.33,0.1033,2.5,2.17,4.86,4.84,1.31,15.96,0.02,-10.00
18,6,-1.00,-1.00,-1.00,-1.00,0.1721,4.2,3.31,16.05,-24.91,-1.81,-48.93,-1.52,-10.00
18,6,-1.00,-1.00,-1.00,-1.00,0.1149,4.4,2.79,18.48,33.61,2.05,-11.51,-1.55,-10.00
18,6,-1.00,-1.00,-1.00,-1.00,0.1084,4.0,2.74,16.81,-35.84,0.19,-46.78,-3.12,-10.00
19,6,-1.00,-1.00,-1.00,-1.00,0.1494,3.7,3.01,14.61,-24.56,-2.30,-50.47,1.53,-10.00
19,6,-1.00,-1.00,-1.00,-1.00,0.1451,3.3,2.87,15.24,38.71,2.34,-21.56,-2.89,-10.00
19,6,-1.00,-1.00,-1.00,-1.00,0.1353,4.1,2.78,17.16,-36.37,-0.00,-48.52,-3.12,-10.00
19,6,-1.00,-1.00,-1.00,-1.00,0.1204,4.1,3.03,15.41,30.19,2.65,-18.97,-2.95,-10.00
19,6,-1.00,-1.00,-1.00,-1.00,0.1164,4.3,3.07,14.88,20.32,-0.39,-51.38,2.73,-10.00
19,6,-1.00,-1.00,-1.00,-1.00,0.1112,4.0,2.82,15.20,43.30,2.84,-27.36,-1.67,-10.00
20,6,1579.04,385.38,1600.00,508.83,0.2392,4.3,3.23,15.12,36.63,0.62,50.04,-0.44,-10.00
20,6,-1.00,-1.00,-1.00,-1.00,0.1354,4.3,3.21,14.96,35.95,0.41,52.76,1.99,-10.00
20,6,-1.00,-1.00,-1.00,-1.00,0.1344,3.5,2.43,5.51,23.74,-1.67,-52.95,-1.83,-10.00
20,6,8.38,336.62,642.83,538.67,0.1331,4.1,2.93,12.63,-10.29,0.94,27.25,-3.07,-10.00
20,6,1482.97,385.87,1600.00,501.11,0.1029,4.1,2.97,12.32,32.87,0.33,53.10,-1.60,-10.00
20,6,1404.23,431.56,1600.00,554.63,0.1004,4.0,2.86,14.13,28.37,2.05,43.99,0.22,-10.00
21,6,1543.28,384.22,1600.00,502.99,0.2002,4.2,3.17,15.16,36.36,0.37,49.65,2.96,-10.00
21,6,-1.00,-1.00,-1.00,-1.00,0.1397,4.1,2.98,14.21,23.93,-0.05,-45.71,-3.04,-10.00
21,6,1557.69,370.08,1600.00,496.73,0.1107,4.3,3.28,15.04,35.73,0.10,52.79,1.74,-10.00
21,6,-1.00,-1.00,-1.00,-1.00,0.1092,4.3,2.98,16.15,10.81,1.94,-27.52,1.42,-10.00
21,6,254.56,302.99,572.47,529.39,0.1084,3.9,2.95,14.84,-8.33,0.78,29.16,1.54,-10.00
21,6,0.00,360.04,40.13,523.86,0.1033,4.1,3.01,16.58,-29.57,0.80,34.44,0.18,-10.00
22,6,1450.64,375.33,1600.00,496.17,0.2333,4.2,3.05,13.55,31.69,0.14,47.82,-2.80,-10.00
22,6,1436.46,371.24,1561.86,486.52,0.1855,4.0,2.84,11.05,27.78,-0.34,52.04,-1.23,-10.00
22,6,-1.00,-1.00,-1.00,-1.00,0.1335,4.4,3.07,17.15,18.75,2.34,-43.74,-1.85,-10.00
22,6,-1.00,-1.00,-1.00,-1.00,0.1309,4.2,2.96,15.26,24.09,-0.78,-47.28,-3.12,-10.00
22,6,1527.07,368.06,1600.00,495.88,0.1308,4.3,3.19,12.89,33.25,0.07,50.81,-1.49,-10.00
22,6,-1.00,-1.00,-1.00,-1.00,0.1193,3.9,3.10,16.05,-38.80,0.64,38.88,0.32,-10.00
22,6,-1.00,-1.00,-1.00,-1.00,0.1168,4.1,3.14,14.73,-37.87,0.83,-17.26,-0.11,-10.00
22,6,1084.66,149.20,1600.00,558.37,0.1156,4.1,3.02,15.83,7.47,0.81,20.69,1.58,-10.00
22,6,-1.00,-1.00,-1.00,-1.00,0.1043,3.9,3.02,12.42,-21.16,1.74,5.91,0.08,-10.00
22,6,-1.00,-1.00,-1.00,-1.00,0.1038,4.2,3.11,15.16,40.03,-0.11,49.92,2.90,-10.00
23,6,-1.00,-1.00,-1.00,-1.00,0.5212,4.3,3.28,13.53,26.14,1.98,0.88,2.90,-10.00
23,6,-1.00,-1.00,-1.00,-1.00,0.1801,4.3,3.23,14.44,37.74,-0.36,47.17,2.99,-10.00
23,6,-1.00,-1.00,-1.00,-1.00,0.1239,4.0,2.98,16.15,-38.42,0.93,-17.21,0.03,-10.00
23,6,-1.00,-1.00,-1.00,-1.00,0.1071,4.1,2.84,15.06,22.19,1.67,-5.40,1.49,-10.00
23,6,-1.00,-1.00,-1.00,-1.00,0.1049,4.1,3.05,14.75,-33.16,0.30,-30.85,0.02,-10.00
24,6,-1.00,-1.00,-1.00,-1.00,0.1839,4.1,3.17,13.88,-28.27,0.53,-34.70,-1.55,-10.00
24,6,-1.00,-1.00,-1.00,-1.00,0.1777,3.3,3.00,14.81,40.09,2.33,36.29,0.09,-10.00
24,6,-1.00,-1.00,-1.00,-1.00,0.1664,3.3,2.85,13.17,11.78,1.75,-30.58,1.02,-10.00
24,6,-1.00,-1.00,-1.00,-1.00,0.1630,3.5,2.83,6.79,22.85,1.31,0.24,-0.03,-10.00
24,6,536.50,398.70,955.79,496.53,0.1557,3.4,3.10,16.24,-2.93,0.16,48.86,-2.79,-10.00
24,6,1223.85,369.86,1600.00,491.89,0.1556,4.2,3.10,14.70,23.96,-0.04,49.94,-2.59,-10.00
24,6,-1.00,-1.00,-1.00,-1.00,0.1536,4.1,2.91,14.58,-28.14,1.24,-23.73,1.56,-10.00
24,6,-1.00,-1.00,-1.00,-1.00,0.1160,4.4,2.75,17.44,29.59,2.10,5.21,-1.63,-10.00
24,6,-1.00,-1.00,-1.00,-1.00,0.1138,4.1,3.04,16.30,-29.85,0.94,30.96,-2.94,-10.00
24,6,-1.00,-1.00,-1.00,-1.00,0.1100,4.2,2.82,13.08,20.24,1.66,3.03,-1.73,-10.00
24,6,-1.00,-1.00,-1.00,-1.00,0.1044,4.0,3.17,14.76,-23.94,0.94,-48.11,1.54,-10.00
24,6,-1.00,-1.00,-1.00,-1.00,0.1040,4.2,3.10,15.09,1.35,2.54,-46.45,-3.07,-10.00
25,6,1228.08,366.48,1600.00,489.23,0.3043,4.2,3.19,14.44,23.87,-0.16,49.49,0.54,-10.00
25,6,-1.00,-1.00,-1.00,-1.00,0.1325,4.0,2.94,9.71,21.03,2.01,-5.82,1.59,-10.00
25,6,-1.00,-1.00,-1.00,-1.00,0.1037,4.0,3.13,15.48,14.02,2.22,-27.00,-1.63,-10.00
25,6,1521.80,392.86,1600.00,495.94,0.1029,3.4,2.95,8.55,30.64,0.13,46.18,-2.63,-10.00
25,6,1281.40,355.55,1600.00,612.98,0.1001,2.5,2.16,4.60,8.04,1.24,15.03,-1.98,-10.00
26,6,-1.00,-1.00,-1.00,-1.00,0.2344,4.1,2.88,16.29,-34.29,1.51,-38.78,3.10,-10.00
26,6,755.63,383.35,1030.82,481.95,0.2044,3.2,2.87,9.26,2.73,-0.38,44.61,-2.87,-10.00
26,6,-1.00,-1.00,-1.00,-1.00,0.1943,3.9,3.07,9.15,20.90,1.95,-6.69,1.57,-10.00
26,6,-1.00,-1.00,-1.00,-1.00,0.1770,3.6,2.92,14.91,-3.25,2.40,-46.22,1.57,-10.00
26,6,489.17,400.46,912.34,499.33,0.1454,3.4,3.16,15.44,-4.34,0.24,47.04,-2.90,-10.00
26,6,-1.00,-1.00,-1.00,-1.00,0.1432,4.1,2.88,13.73,31.76,0.88,-7.50,-1.62,-10.00
26,6,-1.00,-1.00,-1.00,-1.00,0.1302,3.4,2.71,8.94,15.65,2.25,-23.91,3.06,-10.00
26,6,1120.51,402.32,1477.46,508.26,0.1104,3.8,2.91,12.84,18.77,0.62,49.93,-2.69,-10.00
26,6,-1.00,-1.00,-1.00,-1.00,0.1080,4.3,3.00,17.08,17.52,2.51,-45.84,-1.70,-10.00
26,6,1352.89,345.47,1600.00,505.47,0.1052,3.7,2.95,15.73,21.97,0.29,32.76,2.98,-10.00
26,6,-1.00,-1.00,-1.00,-1.00,0.1015,4.0,2.95,15.37,-32.56,1.21,-43.26,-3.05,-10.00
27,6,-1.00,-1.00,-1.00,-1.00,0.4220,4.1,3.05,9.81,20.98,2.00,-7.63,1.56,-10.00
27,6,-1.00,-1.00,-1.00,-1.00,0.2137,4.1,2.93,14.09,11.40,1.88,-32.58,1.11,-10.00
27,6,1058.18,424.65,1449.07,540.74,0.1409,4.2,3.16,15.31,17.54,1.88,52.56,-2.41,-10.00
27,6,1580.84,344.86,1600.00,486.10,0.1125,4.2,3.06,14.37,34.21,-0.23,42.45,-2.77,-10.00
27,6,-1.00,-1.00,-1.00,-1.00,0.1067,4.3,2.93,16.71,15.82,2.80,-45.24,-1.54,-10.00
28,6,-1.00,-1.00,-1.00,-1.00,0.4324,3.9,2.94,10.33,20.71,1.75,-8.42,1.61,-10.00
28,6,-1.00,-1.00,-1.00,-1.00,0.2932,4.1,2.76,15.29,40.21,2.79,-8.75,-1.68,-10.00
28,6,-1.00,-1.00,-1.00,-1.00,0.1559,3.3,2.76,6.65,32.82,-0.56,45.26,1.96,-10.00
28,6,-1.00,-1.00,-1.00,-1.00,0.1261,4.2,2.90,16.16,42.52,3.15,-8.36,1.13,-10.00
28,6,1435.82,370.24,1600.00,504.73,0.1256,4.2,3.08,14.53,29.70,0.43,44.17,-2.69,-10.00
28,6,-1.00,-1.00,-1.00,-1.00,0.1247,4.1,2.91,15.65,-33.40,-0.36,-51.03,3.03,-10.00
28,6,-1.00,-1.00,-1.00,-1.00,0.1120,4.3,2.97,15.95,10.23,0.45,-21.34,1.59,-10.00
28,6,1028.56,375.90,1399.17,491.18,0.1094,4.0,2.90,13.71,15.42,-0.07,50.19,-2.60,-10.00
29,6,-1.00,-1.00,-1.00,-1.00,0.2694,4.1,2.96,11.59,21.13,1.64,-9.43,1.53,-10.00
29,6,-1.00,-1.00,-1.00,-1.00,0.2680,4.1,2.95,16.82,-34.36,0.25,-40.52,3.08,-10.00
29,6,-1.00,-1.00,-1.00,-1.00,0.2512,4.0,3.14,15.51,10.54,0.16,-20.74,1.52,-10.00
29,6,-1.00,-1.00,-1.00,-1.00,0.1497,4.2,3.07,15.36,37.89,0.50,41.73,-3.10,-10.00
29,6,-1.00,-1.00,-1.00,-1.00,0.1122,4.4,3.24,14.13,43.10,1.02,32.08,3.07,-10.00
29,6,1422.48,371.77,1600.00,507.58,0.1120,4.2,3.20,14.06,28.83,0.52,43.88,-2.68,-10.00
29,6,-1.00,-1.00,-1.00,-1.00,0.1078,3.4,2.82,9.49,33.65,-0.15,45.09,1.94,-10.00
29,6,-1.00,-1.00,-1.00,-1.00,0.1057,4.3,2.78,15.82,15.69,2.18,-29.83,-1.71,-10.00
29,6,-1.00,-1.00,-1.00,-1.00,0.1020,3.7,3.05,14.49,-9.43,2.33,-50.99,-1.50,-10.00
30,6,-1.00,-1.00,-1.00,-1.00,0.2320,4.0,2.79,13.87,39.27,2.22,-9.20,-1.55,-10.00
30,6,-1.00,-1.00,-1.00,-1.00,0.2315,4.3,2.82,15.49,10.24,0.65,-21.07,1.56,-10.00
30,6,983.33,404.33,1431.38,504.35,0.1751,3.1,2.82,14.42,13.08,0.37,42.95,-0.06,-10.00
30,6,-1.00,-1.00,-1.00,-1.00,0.1654,3.8,2.88,10.12,20.69,1.95,-9.38,1.59,-10.00
31,6,-1.00,-1.00,-1.00,-1.00,0.5174,4.1,2.77,17.10,-35.58,0.25,-40.81,-3.12,-10.00
31,6,-1.00,-1.00,-1.00,-1.00,0.2944,3.9,2.84,10.67,21.44,1.48,-9.74,1.52,-10.00
31,6,-1.00,-1.00,-1.00,-1.00,0.2293,4.3,2.89,14.78,10.47,0.58,-21.40,1.58,-10.00
31,6,-1.00,-1.00,-1.00,-1.00,0.1266,4.3,3.25,14.23,37.17,1.30,42.10,2.91,-10.00
31,6,-1.00,-1.00,-1.00,-1.00,0.1079,3.9,2.82,8.64,22.86,1.32,-5.57,3.13,-10.00
31,6,-1.00,-1.00,-1.00,-1.00,0.1047,4.1,2.90,17.39,-33.89,0.05,-38.85,-3.00,-10.00
32,6,-1.00,-1.00,-1.00,-1.00,0.2468,3.9,2.98,11.77,21.45,1.48,-10.29,1.50,-10.00
32,6,-1.00,-1.00,-1.00,-1.00,0.1791,4.2,2.94,15.30,10.25,0.38,-21.80,1.55,-10.00
32,6,-1.00,-1.00,-1.00,-1.00,0.1611,4.3,2.76,16.58,20.47,2.24,4.67,-1.47,-10.00
32,6,-1.00,-1.00,-1.00,-1.00,0.1133,4.3,2.99,14.31,13.59,1.86,-32.16,-1.72,-10.00
32,6,-1.00,-1.00,-1.00,-1.00,0.1083,4.1,3.31,16.25,-47.91,0.84,28.94,-2.94,-10.00
32,6,-1.00,-1.00,-1.00,-1.00,0.1045,3.2,2.94,12.88,-3.53,1.97,-43.25,-1.61,-10.00
33,6,-1.00,-1.00,-1.00,-1.00,0.1902,4.2,3.02,15.63,-28.36,1.07,-34.53,1.61,-10.00
33,6,-1.00,-1.00,-1.00,-1.00,0.1710,4.3,2.92,15.58,10.19,0.41,-22.83,1.58,-10.00
33,6,723.51,374.84,972.82,498.49,0.1322,3.8,3.11,13.85,1.71,0.16,47.49,2.09,-10.00
33,6,-1.00,-1.00,-1.00,-1.00,0.1153,3.8,2.89,10.04,12.12,2.32,-28.65,3.14,-10.00
33,6,-1.00,-1.00,-1.00,-1.00,0.1069,2.0,1.90,3.29,-25.51,1.06,23.94,0.42,-10.00
34,6,-1.00,-1.00,-1.00,-1.00,0.2363,4.2,3.18,16.31,-28.93,0.71,-52.42,1.55,-10.00
34,6,-1.00,-1.00,-1.00,-1.00,0.2146,4.2,2.80,15.78,21.35,2.31,-12.67,1.53,-10.00
34,6,-1.00,-1.00,-1.00,-1.00,0.1533,4.3,2.92,15.09,9.91,0.44,-24.15,1.50,-10.00
34,6,257.24,380.66,575.43,533.30,0.1177,3.9,3.02,15.09,-11.60,1.19,39.62,1.73,-10.00
34,6,-1.00,-1.00,-1.00,-1.00,0.1134,4.8,3.85,16.77,-29.01,0.06,-36.49,1.60,-10.00
34,6,-1.00,-1.00,-1.00,-1.00,0.1059,4.0,2.94,16.93,-33.92,0.36,-47.62,-3.10,-10.00
34,6,-1.00,-1.00,-1.00,-1.00,0.1014,4.2,2.69,15.84,43.43,3.03,19.87,-1.51,-10.00
35,6,-1.00,-1.00,-1.00,-1.00,0.1556,4.1,3.25,15.76,-25.80,-0.70,-49.41,-1.55,-10.00
35,6,-1.00,-1.00,-1.00,-1.00,0.1499,4.2,3.27,14.11,-47.85,0.52,43.07,-0.21,-10.00
35,6,1323.16,380.57,1600.00,526.47,0.1295,4.1,3.18,15.77,24.95,1.04,40.83,0.46,-10.00
36,6,-1.00,-1.00,-1.00,-1.00,0.2659,4.3,2.95,15.58,9.30,0.61,-28.75,1.58,-10.00
36,6,-1.00,-1.00,-1.00,-1.00,0.1247,4.0,2.95,15.23,16.89,1.86,-31.79,3.05,-10.00
36,6,-1.00,-1.00,-1.00,-1.00,0.1195,4.1,2.87,15.10,29.89,2.55,27.94,-2.99,-10.00
36,6,-1.00,-1.00,-1.00,-1.00,0.1176,3.5,2.97,14.24,-19.72,0.95,-34.49,-1.62,-10.00
36,6,-1.00,-1.00,-1.00,-1.00,0.1106,4.3,2.78,16.89,25.31,2.26,-0.88,-1.36,-10.00
37,6,0.00,316.91,355.40,686.83,0.1606,2.7,2.10,4.05,-6.31,1.42,10.79,-2.79,-10.00
37,6,-1.00,-1.00,-1.00,-1.00,0.1542,4.3,3.03,17.06,9.31,1.36,-29.49,1.61,-10.00
37,6,-1.00,-1.00,-1.00,-1.00,0.1358,4.2,3.03,15.67,12.86,1.85,-38.94,-1.99,-10.00
37,6,-1.00,-1.00,-1.00,-1.00,0.1134,2.5,1.98,4.20,-21.83,1.95,-49.57,1.65,-10.00
37,6,-1.00,-1.00,-1.00,-1.00,0.1123,4.1,3.21,16.70,-39.24,0.48,9.15,0.15,-10.00
38,6,-1.00,-1.00,-1.00,-1.00,0.3234,4.3,2.98,15.76,8.75,0.46,-32.44,1.59,-10.00
38,6,-1.00,-1.00,-1.00,-1.00,0.1608,4.2,3.20,16.06,15.08,2.37,-21.67,1.58,-10.00
38,6,-1.00,-1.00,-1.00,-1.00,0.1582,4.3,3.18,14.03,40.16,1.54,32.35,2.72,-10.00
38,6,-1.00,-1.00,-1.00,-1.00,0.1501,4.1,2.96,14.96,11.16,2.40,-44.63,1.33,-10.00
38,6,-1.00,-1.00,-1.00,-1.00,0.1412,4.4,2.69,17.53,25.88,2.24,-5.71,1.70,-10.00
38,6,-1.00,-1.00,-1.00,-1.00,0.1397,4.3,2.76,15.69,6.85,1.56,-24.05,-1.57,-10.00
38,6,-1.00,-1.00,-1.00,-1.00,0.1345,4.1,2.95,14.85,35.93,0.75,35.81,-1.37,-10.00
38,6,-1.00,-1.00,-1.00,-1.00,0.1310,3.9,2.89,15.06,-26.91,-2.25,-49.23,-1.55,-10.00
38,6,-1.00,-1.00,-1.00,-1.00,0.1161,4.0,3.10,15.08,-11.81,1.62,-30.38,1.61,-10.00
38,6,-1.00,-1.00,-1.00,-1.00,0.1150,4.2,3.01,14.08,13.22,2.41,-22.91,2.86,-10.00
38,6,0.00,296.83,97.40,659.57,0.1118,2.2,2.04,3.79,-7.63,1.04,9.18,-2.92,-10.00
38,6,-1.00,-1.00,-1.00,-1.00,0.1061,4.1,2.94,12.21,38.93,1.94,21.07,-2.77,-10.00
