0,4,-1.00,-1.00,-1.00,-1.00,0.1455,1.5,0.62,1.98,18.93,0.37,-3.91,-1.65,-10.00
0,4,515.45,476.79,591.49,527.79,0.1208,1.6,1.01,2.25,-8.95,1.88,41.12,0.04,-10.00
0,4,-1.00,-1.00,-1.00,-1.00,0.1010,1.7,0.92,2.50,19.35,0.64,-2.62,-1.30,-10.00
1,4,-1.00,-1.00,-1.00,-1.00,0.2618,2.1,0.87,2.78,19.06,1.06,-3.70,1.44,-10.00
1,4,1186.86,434.09,1274.87,486.98,0.2085,1.3,0.73,2.15,10.67,0.43,33.07,2.84,-10.00
1,4,-1.00,-1.00,-1.00,-1.00,0.1304,1.4,0.81,2.10,-24.96,3.33,33.22,2.86,-10.00
1,4,836.09,512.58,891.17,546.27,0.1139,1.3,0.76,2.07,1.46,3.00,49.47,-0.12,-10.00
2,4,-1.00,-1.00,-1.00,-1.00,0.3167,1.9,0.98,2.95,19.05,0.86,-3.76,1.47,-10.00
2,4,-1.00,-1.00,-1.00,-1.00,0.2436,1.5,0.96,2.04,-24.63,3.36,32.84,-2.99,-10.00
2,4,578.78,479.31,641.52,528.67,0.2422,1.8,0.99,2.19,-8.01,2.16,46.33,-0.27,-10.00
2,4,1187.36,434.00,1278.04,486.31,0.1887,1.3,0.72,2.17,10.72,0.42,33.08,2.95,-10.00
2,4,563.84,498.78,614.26,552.23,0.1444,1.4,0.72,1.89,-6.27,2.15,32.99,-2.09,-10.00
3,4,-1.00,-1.00,-1.00,-1.00,0.1829,1.4,0.93,1.98,-24.42,3.32,32.84,3.07,-10.00
3,4,-1.00,-1.00,-1.00,-1.00,0.1742,1.7,0.92,2.71,19.06,1.13,-1.66,-1.57,-10.00
3,4,601.92,513.77,643.79,566.16,0.1260,1.3,0.69,2.01,-5.09,2.37,31.21,1.23,-10.00
3,4,-1.00,-1.00,-1.00,-1.00,0.1197,1.9,0.75,2.33,18.92,0.99,-3.72,1.53,-10.00
3,4,582.35,476.12,636.30,522.69,0.1138,1.7,0.75,1.90,-8.03,1.94,46.30,-0.27,-10.00
4,4,-1.00,-1.00,-1.00,-1.00,0.2888,1.3,0.85,2.07,15.05,0.91,-42.00,-3.13,-10.00
4,4,-1.00,-1.00,-1.00,-1.00,0.1595,1.8,0.92,2.82,19.06,0.61,-2.28,1.62,-10.00
4,4,-1.00,-1.00,-1.00,-1.00,0.1077,1.2,0.65,2.00,-25.71,2.97,32.94,-0.11,-10.00
5,4,801.20,500.66,868.10,542.42,0.2290,1.4,0.76,2.10,0.27,2.41,41.81,-0.42,-10.00
5,4,-1.00,-1.00,-1.00,-1.00,0.1670,1.2,0.61,1.94,8.60,1.27,-8.23,-1.32,-10.00
5,4,497.67,509.32,581.12,560.12,0.1088,1.3,0.78,2.08,-7.76,2.42,33.93,-0.72,-10.00
5,4,353.01,477.65,417.92,529.43,0.1027,1.9,0.87,2.18,-16.49,2.21,46.86,-0.47,-10.00
6,4,-1.00,-1.00,-1.00,-1.00,0.6709,1.9,1.03,2.98,18.98,0.62,-3.87,1.49,-10.00
6,4,-1.00,-1.00,-1.00,-1.00,0.3415,1.2,0.59,1.57,-42.05,2.20,18.56,-1.63,-10.00
6,4,-1.00,-1.00,-1.00,-1.00,0.1913,1.2,0.62,1.86,-42.37,2.35,18.00,-1.53,-10.00
6,4,-1.00,-1.00,-1.00,-1.00,0.1842,1.6,0.86,1.83,-19.93,1.12,-42.47,2.83,-10.00
6,4,-1.00,-1.00,-1.00,-1.00,0.1366,1.4,0.86,1.98,-23.51,3.19,32.04,-3.14,-10.00
6,4,-1.00,-1.00,-1.00,-1.00,0.1168,1.3,0.58,1.99,-33.44,2.01,3.74,-1.65,-10.00
6,4,-1.00,-1.00,-1.00,-1.00,0.1145,1.5,0.95,3.41,18.70,0.39,-3.93,2.91,-10.00
6,4,-1.00,-1.00,-1.00,-1.00,0.1138,1.6,0.59,1.89,-33.90,2.18,29.18,2.16,-10.00
7,4,-1.00,-1.00,-1.00,-1.00,0.1440,1.4,0.78,2.12,-29.54,1.96,-9.84,1.42,-10.00
7,4,533.28,500.80,623.16,549.90,0.1236,1.2,0.76,2.17,-6.47,2.07,32.71,-0.59,-10.00
7,4,-1.00,-1.00,-1.00,-1.00,0.1069,1.4,0.93,1.99,-22.47,3.27,32.03,2.93,-10.00
7,4,-1.00,-1.00,-1.00,-1.00,0.1068,1.4,0.85,2.07,-32.46,-0.25,6.47,1.69,-10.00
8,4,-1.00,-1.00,-1.00,-1.00,0.2998,1.4,0.88,2.40,-9.84,1.13,-47.42,0.11,-10.00
8,4,0.00,545.92,27.35,598.74,0.1819,1.3,0.85,1.87,-21.62,3.24,31.98,2.83,-10.00
8,4,0.00,468.72,24.16,519.42,0.1551,1.4,0.69,2.24,-24.29,1.40,35.74,2.77,-10.00
8,4,897.85,504.36,929.36,556.14,0.1147,1.6,0.93,1.46,2.73,2.70,39.52,1.61,-10.00
9,4,-1.00,-1.00,-1.00,-1.00,0.1747,1.4,0.70,1.98,-31.45,-0.34,-8.47,-1.94,-10.00
9,4,-1.00,-1.00,-1.00,-1.00,0.1524,1.3,0.73,2.62,17.37,1.15,6.84,-0.17,-10.00
9,4,-1.00,-1.00,-1.00,-1.00,0.1339,1.4,0.79,2.71,17.32,1.31,6.12,-0.31,-10.00
9,4,-1.00,-1.00,-1.00,-1.00,0.1304,1.8,0.77,2.34,20.03,0.32,-21.25,1.36,-10.00
9,4,-1.00,-1.00,-1.00,-1.00,0.1167,1.1,0.48,1.87,18.90,0.03,-7.24,0.12,-10.00
9,4,-1.00,-1.00,-1.00,-1.00,0.1158,1.4,0.86,2.11,-32.07,-0.15,6.86,1.91,-10.00
9,4,-1.00,-1.00,-1.00,-1.00,0.1116,1.6,0.77,2.36,17.48,1.16,7.21,-1.93,-10.00
9,4,946.03,476.70,1010.65,525.18,0.1005,1.8,0.95,2.31,5.83,2.11,48.25,-0.06,-10.00
10,4,987.24,528.03,1062.96,572.98,0.1420,1.3,0.79,2.11,6.02,3.10,38.04,-0.28,-10.00
10,4,-1.00,-1.00,-1.00,-1.00,0.1415,1.4,0.69,1.77,29.84,-1.94,-4.29,-1.43,-10.00
10,4,-1.00,-1.00,-1.00,-1.00,0.1254,1.3,0.81,2.10,11.66,1.28,3.33,0.13,-10.00
10,4,24.62,543.31,121.11,595.75,0.1126,1.3,0.83,1.92,-19.22,3.17,31.99,2.94,-10.00
11,4,1066.45,529.60,1153.46,580.69,0.2006,1.6,1.06,2.58,9.41,3.64,41.64,-0.15,-10.00
11,4,-1.00,-1.00,-1.00,-1.00,0.1379,1.7,0.70,2.06,29.85,1.97,30.66,3.03,-10.00
11,4,73.77,542.26,166.44,595.01,0.1334,1.3,0.88,1.86,-18.00,3.15,31.96,2.92,-10.00
12,4,-1.00,-1.00,-1.00,-1.00,0.3454,1.2,0.61,1.76,-40.42,2.31,21.16,1.90,-10.00
12,4,-1.00,-1.00,-1.00,-1.00,0.1920,1.5,0.59,1.91,28.49,-1.62,-15.19,-1.24,-10.00
12,4,-1.00,-1.00,-1.00,-1.00,0.1587,1.4,0.76,2.15,1.90,0.71,-34.32,0.39,-10.00
12,4,92.12,525.56,183.25,576.85,0.1228,1.3,0.78,2.07,-17.81,2.75,32.41,0.26,-10.00
12,4,133.59,538.23,225.94,591.14,0.1003,1.3,0.84,1.92,-16.48,3.06,31.97,2.93,-10.00
13,4,1130.31,529.39,1225.13,581.31,0.2219,1.4,0.79,2.33,9.55,3.00,34.12,3.08,-10.00
13,4,605.15,471.59,667.84,510.42,0.2209,1.3,0.67,2.08,-6.41,1.35,42.31,3.01,-10.00
13,4,-1.00,-1.00,-1.00,-1.00,0.1449,1.6,0.89,2.59,18.57,1.08,-0.42,-1.63,-10.00
13,4,-1.00,-1.00,-1.00,-1.00,0.1272,1.3,0.77,2.11,18.30,1.14,0.75,-1.40,-10.00
14,4,313.52,563.36,380.59,630.74,0.1603,1.4,0.81,2.33,-10.98,3.60,28.77,-1.65,-10.00
14,4,-1.00,-1.00,-1.00,-1.00,0.1223,1.4,0.73,2.08,25.42,1.03,2.60,1.56,-10.00
14,4,188.06,538.84,273.96,587.40,0.1050,1.2,0.69,1.90,-15.34,3.01,32.30,0.09,-10.00
15,4,397.75,539.28,480.35,591.36,0.2267,1.3,0.84,1.95,-10.09,3.13,32.69,2.99,-10.00
15,4,-1.00,-1.00,-1.00,-1.00,0.1850,1.4,0.86,2.13,-29.61,0.08,10.58,2.11,-10.00
15,4,-1.00,-1.00,-1.00,-1.00,0.1363,1.2,0.67,1.92,-44.41,0.51,8.78,1.44,-10.00
15,4,-1.00,-1.00,-1.00,-1.00,0.1296,1.4,0.78,2.05,33.79,1.14,4.60,-1.73,-10.00
15,4,-1.00,-1.00,-1.00,-1.00,0.1233,1.1,0.71,1.72,-38.45,-2.19,-20.76,-1.67,-10.00
15,4,338.76,532.29,429.02,587.65,0.1128,1.4,0.78,2.11,-11.52,3.03,32.65,2.97,-10.00
15,4,309.05,536.20,405.21,593.16,0.1124,1.4,0.85,2.13,-11.97,3.11,32.01,3.08,-10.00
16,4,1228.95,518.93,1321.45,604.77,0.1913,1.4,0.74,1.67,7.77,2.29,21.77,1.39,-10.00
16,4,471.36,522.98,559.16,575.45,0.1781,1.3,0.81,2.11,-8.19,2.76,33.01,3.13,-10.00
16,4,-1.00,-1.00,-1.00,-1.00,0.1617,1.1,0.69,1.87,-43.15,0.38,12.55,1.55,-10.00
16,4,-1.00,-1.00,-1.00,-1.00,0.1551,1.4,0.59,2.19,-24.24,2.37,33.99,2.73,-10.00
16,4,461.71,526.25,551.93,580.51,0.1262,1.4,0.83,2.16,-8.24,2.83,32.38,3.02,-10.00
16,4,527.09,530.83,606.60,581.30,0.1256,1.3,0.85,1.88,-6.76,2.88,32.68,-3.12,-10.00
17,4,-1.00,-1.00,-1.00,-1.00,0.1343,1.8,0.85,1.98,-14.54,1.33,-39.95,-1.25,-10.00
17,4,-1.00,-1.00,-1.00,-1.00,0.1168,1.5,0.85,2.37,33.03,1.04,-4.58,1.77,-10.00
17,4,-1.00,-1.00,-1.00,-1.00,0.1104,1.2,0.69,1.78,-28.92,2.26,38.13,-1.29,-10.00
17,4,-1.00,-1.00,-1.00,-1.00,0.1093,1.4,0.77,2.03,-30.86,1.90,-0.26,0.31,-10.00
17,4,1435.71,472.65,1510.13,536.97,0.1073,1.7,0.86,2.01,17.38,1.80,33.74,-1.60,-10.00
17,4,651.92,532.50,735.92,584.08,0.1033,1.3,0.72,2.08,-3.48,2.98,32.92,-3.03,-10.00
18,4,917.19,534.38,998.23,587.31,0.1311,1.3,0.85,1.93,3.28,2.91,31.32,-2.95,-10.00
19,4,612.07,472.72,685.29,525.76,0.1388,1.7,0.81,2.27,-5.87,1.83,41.42,0.11,-10.00
19,4,-1.00,-1.00,-1.00,-1.00,0.1173,1.3,0.76,2.09,-17.10,1.03,-29.32,-0.16,-10.00
19,4,734.65,497.87,804.11,541.85,0.1080,1.3,0.64,2.01,-1.74,2.18,38.15,0.35,-10.00
19,4,-1.00,-1.00,-1.00,-1.00,0.1078,1.2,0.60,1.89,4.29,-1.78,-29.77,2.89,-10.00
20,4,-1.00,-1.00,-1.00,-1.00,0.1072,1.4,0.78,2.08,-10.95,-0.62,-30.32,-2.84,-10.00
20,4,-1.00,-1.00,-1.00,-1.00,0.1063,1.3,0.85,2.43,28.06,0.73,-9.72,0.51,-10.00
21,4,-1.00,-1.00,-1.00,-1.00,0.1284,1.3,0.78,2.29,18.50,2.41,21.25,0.63,-10.00
22,4,-1.00,-1.00,-1.00,-1.00,0.1620,1.7,0.87,2.14,16.90,0.02,-39.24,-1.69,-10.00
22,4,-1.00,-1.00,-1.00,-1.00,0.1447,1.4,0.81,2.39,25.91,1.72,8.29,-0.57,-10.00
22,4,-1.00,-1.00,-1.00,-1.00,0.1226,1.3,0.78,2.34,26.50,1.58,9.06,-0.40,-10.00
22,4,-1.00,-1.00,-1.00,-1.00,0.1187,1.3,0.81,2.19,22.39,2.48,15.77,1.01,-10.00
22,4,-1.00,-1.00,-1.00,-1.00,0.1174,1.5,0.86,2.31,-9.10,-1.07,-43.64,-2.92,-10.00
22,4,-1.00,-1.00,-1.00,-1.00,0.1158,1.3,0.74,2.11,23.13,2.42,15.13,-0.20,-10.00
22,4,907.67,496.84,942.24,541.96,0.1072,1.4,0.75,2.08,3.05,2.23,39.00,1.50,-10.00
22,4,215.90,507.46,290.63,549.61,0.1014,1.3,0.60,2.01,-17.78,2.46,38.87,2.52,-10.00
23,4,-1.00,-1.00,-1.00,-1.00,0.1988,1.2,0.77,1.88,-41.65,2.01,17.15,1.44,-10.00
23,4,-1.00,-1.00,-1.00,-1.00,0.1683,1.2,0.67,2.01,-34.23,0.94,36.21,1.60,-10.00
23,4,-1.00,-1.00,-1.00,-1.00,0.1662,1.4,0.72,2.21,-23.56,1.08,-18.19,1.21,-10.00
23,4,588.03,504.65,610.49,548.29,0.1504,1.7,0.78,1.93,-8.85,3.04,48.74,-1.79,-10.00
23,4,-1.00,-1.00,-1.00,-1.00,0.1484,1.2,0.73,2.02,-31.93,1.05,30.38,1.39,-10.00
23,4,-1.00,-1.00,-1.00,-1.00,0.1082,1.4,0.69,2.08,21.60,1.68,18.78,-1.85,-10.00
24,4,645.18,504.57,674.19,557.51,0.1383,1.6,0.79,1.52,-5.02,2.62,37.72,1.49,-10.00
24,4,-1.00,-1.00,-1.00,-1.00,0.1006,1.2,0.72,1.86,14.27,0.82,-37.65,1.13,-10.00
25,4,-1.00,-1.00,-1.00,-1.00,0.1225,1.5,0.74,1.95,38.40,1.33,11.92,1.65,-10.00
25,4,-1.00,-1.00,-1.00,-1.00,0.1043,1.4,0.81,2.25,26.42,2.09,0.31,-0.07,-10.00
26,4,-1.00,-1.00,-1.00,-1.00,0.2461,1.3,0.86,2.28,27.05,1.30,-14.43,-0.03,-10.00
26,4,-1.00,-1.00,-1.00,-1.00,0.1734,1.2,0.66,1.98,19.25,1.53,-13.67,3.07,-10.00
26,4,328.43,512.03,405.46,556.13,0.1294,1.3,0.62,2.11,-13.76,2.56,37.51,2.71,-10.00
26,4,-1.00,-1.00,-1.00,-1.00,0.1220,1.3,0.71,2.00,26.50,1.84,-4.88,-0.12,-10.00
26,4,-1.00,-1.00,-1.00,-1.00,0.1089,1.4,0.80,2.00,24.94,1.68,28.37,-1.63,-10.00
27,4,-1.00,-1.00,-1.00,-1.00,0.1163,1.3,0.89,1.89,26.30,2.03,-29.54,-1.65,-10.00
27,4,-1.00,-1.00,-1.00,-1.00,0.1119,1.3,0.73,2.06,-30.10,1.59,-4.31,-2.65,-10.00
27,4,1456.06,467.22,1513.49,511.59,0.1056,1.7,0.78,2.18,25.97,1.62,49.48,1.39,-10.00
27,4,-1.00,-1.00,-1.00,-1.00,0.1014,1.3,0.60,2.06,-10.83,1.44,14.80,-1.65,-10.00
28,4,-1.00,-1.00,-1.00,-1.00,0.1571,1.3,0.63,0.96,-20.03,0.15,6.09,3.13,-10.00
28,4,-1.00,-1.00,-1.00,-1.00,0.1388,1.3,0.72,1.86,4.58,0.85,-46.16,-1.79,-10.00
28,4,-1.00,-1.00,-1.00,-1.00,0.1362,1.2,0.68,1.88,25.95,0.83,-29.24,-3.12,-10.00
28,4,1086.52,511.70,1143.33,565.69,0.1303,1.4,0.81,2.08,7.78,2.56,33.90,-1.69,-10.00
28,4,-1.00,-1.00,-1.00,-1.00,0.1153,1.3,0.72,2.15,-26.84,0.88,-23.43,-1.83,-10.00
28,4,-1.00,-1.00,-1.00,-1.00,0.1137,1.4,0.67,2.22,-29.95,1.07,-21.33,-1.70,-10.00
29,4,-1.00,-1.00,-1.00,-1.00,0.1454,1.4,0.69,2.15,-30.47,1.11,-25.10,-1.62,-10.00
29,4,-1.00,-1.00,-1.00,-1.00,0.1021,1.3,0.73,1.87,3.65,1.03,-50.24,1.21,-10.00
30,4,-1.00,-1.00,-1.00,-1.00,0.1528,1.4,0.78,2.04,-11.60,1.09,-47.09,1.56,-10.00
30,4,1147.89,516.44,1240.16,571.13,0.1054,1.3,0.80,2.02,9.02,2.47,30.83,-3.08,-10.00
32,4,-1.00,-1.00,-1.00,-1.00,0.1614,1.2,0.66,2.00,13.62,0.91,-16.04,1.53,-10.00
32,4,-1.00,-1.00,-1.00,-1.00,0.1405,1.3,0.69,2.10,25.04,1.53,-1.24,-1.44,-10.00
33,4,-1.00,-1.00,-1.00,-1.00,0.1291,1.2,0.76,1.85,-10.36,1.12,-12.01,3.06,-10.00
34,4,1473.33,502.31,1577.75,613.01,0.2473,1.5,0.63,1.90,10.03,2.00,18.05,-1.42,-10.00
34,4,1509.96,503.70,1600.00,627.12,0.1886,1.5,0.61,1.94,9.94,2.03,16.74,1.64,-10.00
34,4,-1.00,-1.00,-1.00,-1.00,0.1489,1.1,0.53,1.87,-10.14,0.93,-6.14,0.03,-10.00
34,4,-1.00,-1.00,-1.00,-1.00,0.1471,1.3,0.65,1.99,19.93,1.03,-29.93,-1.60,-10.00
35,4,-1.00,-1.00,-1.00,-1.00,0.1656,1.3,0.74,2.07,-10.43,0.78,-21.69,0.09,-10.00
35,4,-1.00,-1.00,-1.00,-1.00,0.1507,1.3,0.82,1.97,24.94,1.20,-16.14,1.44,-10.00
35,4,-1.00,-1.00,-1.00,-1.00,0.1290,1.8,0.76,2.03,35.10,1.62,49.26,1.78,-10.00
35,4,-1.00,-1.00,-1.00,-1.00,0.1192,1.3,0.67,2.20,-10.80,0.79,-21.24,-1.57,-10.00
36,4,715.37,508.33,741.45,558.90,0.1334,1.7,0.85,2.14,-3.32,3.00,42.55,1.51,-10.00
36,4,-1.00,-1.00,-1.00,-1.00,0.1165,1.3,0.74,2.04,-31.95,-0.55,-11.38,-1.56,-10.00
37,4,-1.00,-1.00,-1.00,-1.00,0.1872,1.0,0.49,1.86,-12.15,0.93,8.00,0.05,-10.00
37,4,-1.00,-1.00,-1.00,-1.00,0.1310,1.5,0.94,2.27,3.79,0.82,-37.05,-3.09,-10.00
38,4,-1.00,-1.00,-1.00,-1.00,0.1813,1.3,0.70,1.85,-13.68,0.50,-22.86,-0.42,-10.00
38,4,-1.00,-1.00,-1.00,-1.00,0.1610,1.2,0.65,1.99,20.89,0.68,-31.27,0.26,-10.00
38,4,-1.00,-1.00,-1.00,-1.00,0.1337,1.3,0.66,2.00,26.21,1.63,-12.56,-0.05,-10.00
38,4,-1.00,-1.00,-1.00,-1.00,0.1107,1.3,0.71,1.89,6.99,0.94,-47.62,-0.50,-10.00
38,4,-1.00,-1.00,-1.00,-1.00,0.1021,1.3,0.72,2.15,21.64,0.79,-34.84,0.41,-10.00
