0,4,-1.00,-1.00,-1.00,-1.00,0.6960,1.8,0.95,2.34,-1.85,1.47,-27.57,-1.61,-10.00
0,4,-1.00,-1.00,-1.00,-1.00,0.1471,1.3,0.69,1.97,-22.80,0.32,1.48,0.44,-10.00
0,4,-1.00,-1.00,-1.00,-1.00,0.1208,1.3,0.83,2.08,-23.49,-1.54,-15.61,-1.65,-10.00
0,4,-1.00,-1.00,-1.00,-1.00,0.1091,1.2,0.99,1.71,-7.01,1.34,-0.06,3.03,-10.00
1,4,-1.00,-1.00,-1.00,-1.00,0.7524,1.7,0.86,2.24,-2.01,1.55,-26.28,-1.64,-10.00
1,4,-1.00,-1.00,-1.00,-1.00,0.1126,1.4,0.76,2.18,-4.81,1.27,-36.12,1.71,-10.00
1,4,-1.00,-1.00,-1.00,-1.00,0.1074,1.3,0.67,0.95,-23.64,-0.80,24.73,-3.10,-10.00
2,4,-1.00,-1.00,-1.00,-1.00,0.7244,1.7,0.90,2.20,-2.59,1.45,-25.12,-1.69,-10.00
2,4,-1.00,-1.00,-1.00,-1.00,0.1979,1.3,0.67,1.99,-15.50,1.21,-1.37,0.06,-10.00
2,4,-1.00,-1.00,-1.00,-1.00,0.1218,1.4,0.69,1.95,-15.29,0.90,0.25,-3.03,-10.00
3,4,-1.00,-1.00,-1.00,-1.00,0.8992,1.7,0.87,2.13,-3.08,1.56,-24.33,-1.63,-10.00
3,4,-1.00,-1.00,-1.00,-1.00,0.2228,1.3,0.72,1.92,8.80,1.25,-4.56,2.89,-10.00
3,4,405.98,470.71,454.17,518.01,0.1544,1.4,0.84,2.32,-11.93,0.81,39.07,1.01,-10.00
3,4,-1.00,-1.00,-1.00,-1.00,0.1365,1.3,0.72,1.91,8.73,1.25,-3.84,-2.94,-10.00
3,4,-1.00,-1.00,-1.00,-1.00,0.1268,1.4,0.74,2.01,-7.13,1.33,-31.46,0.02,-10.00
3,4,-1.00,-1.00,-1.00,-1.00,0.1176,1.3,0.64,1.91,-17.04,1.41,-13.84,1.76,-10.00
3,4,-1.00,-1.00,-1.00,-1.00,0.1030,1.3,0.70,2.02,22.14,1.64,1.71,-0.09,-10.00
4,4,-1.00,-1.00,-1.00,-1.00,0.8163,1.7,0.85,2.14,-3.22,1.61,-23.87,-1.55,-10.00
4,4,571.67,474.86,641.57,519.60,0.1693,1.4,0.75,2.21,-6.92,0.92,41.86,-0.07,-10.00
4,4,357.89,449.42,405.15,490.73,0.1325,1.3,0.75,2.10,-14.40,-0.05,42.02,-1.53,-10.00
4,4,-1.00,-1.00,-1.00,-1.00,0.1239,1.4,0.85,2.26,-6.40,1.68,-41.16,-1.54,-10.00
4,4,-1.00,-1.00,-1.00,-1.00,0.1116,2.1,0.83,2.36,20.65,1.88,-11.09,1.51,-10.00
5,4,-1.00,-1.00,-1.00,-1.00,0.8325,1.7,0.86,2.16,-3.19,1.61,-23.57,-1.56,-10.00
5,4,310.60,458.28,391.51,513.98,0.1209,1.3,0.80,2.13,-11.29,0.54,30.72,0.65,-10.00
5,4,-1.00,-1.00,-1.00,-1.00,0.1189,1.4,0.73,2.12,-33.08,-0.18,-30.92,1.21,-10.00
5,4,-1.00,-1.00,-1.00,-1.00,0.1034,1.4,0.77,2.18,-26.54,0.32,-34.49,-0.12,-10.00
6,4,-1.00,-1.00,-1.00,-1.00,0.6455,1.7,0.87,2.11,-3.13,1.84,-23.10,-1.59,-10.00
6,4,-1.00,-1.00,-1.00,-1.00,0.1238,1.5,0.76,2.24,-26.29,1.54,-11.29,1.52,-10.00
6,4,-1.00,-1.00,-1.00,-1.00,0.1116,1.5,0.86,2.11,-24.16,0.70,-38.18,-3.03,-10.00
7,4,-1.00,-1.00,-1.00,-1.00,0.9226,1.8,0.92,2.23,-3.09,1.64,-23.07,-1.58,-10.00
7,4,-1.00,-1.00,-1.00,-1.00,0.2385,1.3,0.70,1.93,-23.17,1.02,-23.69,-3.13,-10.00
7,4,-1.00,-1.00,-1.00,-1.00,0.1603,1.7,0.78,2.14,-28.30,-1.47,-34.02,-0.34,-10.00
7,4,-1.00,-1.00,-1.00,-1.00,0.1548,1.8,0.98,2.87,16.11,1.13,-11.08,1.45,-10.00
7,4,-1.00,-1.00,-1.00,-1.00,0.1113,1.5,0.75,2.44,-19.87,1.38,-13.30,1.78,-10.00
8,4,-1.00,-1.00,-1.00,-1.00,0.9137,1.8,0.91,2.16,-3.10,1.67,-22.06,-1.60,-10.00
8,4,-1.00,-1.00,-1.00,-1.00,0.1278,1.5,0.81,2.12,-10.52,-2.17,-50.47,-0.17,-10.00
9,4,-1.00,-1.00,-1.00,-1.00,0.8856,1.7,0.85,2.18,-3.10,1.75,-20.76,-1.57,-10.00
9,4,1255.79,471.93,1308.12,515.42,0.2071,1.4,0.79,2.17,15.18,0.78,41.34,1.51,-10.00
9,4,-1.00,-1.00,-1.00,-1.00,0.1585,1.3,0.61,1.78,19.49,0.49,24.60,-2.78,-10.00
9,4,-1.00,-1.00,-1.00,-1.00,0.1253,1.7,0.79,1.90,-3.06,1.81,-22.87,-1.51,-10.00
10,4,-1.00,-1.00,-1.00,-1.00,0.9541,1.7,0.90,2.15,-3.11,1.44,-19.43,-1.57,-10.00
10,4,1479.09,495.91,1525.73,537.97,0.1752,1.3,0.67,2.10,21.96,1.47,40.56,-1.40,-10.00
10,4,-1.00,-1.00,-1.00,-1.00,0.1665,1.4,0.77,2.06,-3.10,1.34,-22.56,1.58,-10.00
10,4,-1.00,-1.00,-1.00,-1.00,0.1277,1.3,0.73,2.07,-14.64,0.80,-28.90,-0.08,-10.00
10,4,1326.57,476.91,1377.83,522.87,0.1206,1.4,0.74,2.08,16.80,0.98,39.75,-1.56,-10.00
10,4,-1.00,-1.00,-1.00,-1.00,0.1135,1.4,0.79,1.95,-28.32,0.23,-48.86,-2.80,-10.00
11,4,-1.00,-1.00,-1.00,-1.00,0.9352,1.7,0.94,2.13,-3.05,1.34,-17.83,-1.55,-10.00
11,4,-1.00,-1.00,-1.00,-1.00,0.3034,1.4,0.65,1.99,25.88,0.20,18.93,1.17,-10.00
11,4,-1.00,-1.00,-1.00,-1.00,0.1952,1.4,0.79,2.31,-8.67,1.48,-24.69,1.50,-10.00
11,4,-1.00,-1.00,-1.00,-1.00,0.1839,1.6,0.97,2.46,1.22,1.39,-45.68,1.27,-10.00
11,4,-1.00,-1.00,-1.00,-1.00,0.1358,1.6,0.84,2.04,-3.03,1.46,-21.33,-1.65,-10.00
11,4,-1.00,-1.00,-1.00,-1.00,0.1179,1.7,0.79,2.00,-3.09,1.45,-19.95,-1.54,-10.00
11,4,427.54,409.54,504.42,454.64,0.1056,1.4,0.85,2.42,-11.60,-1.26,42.00,-0.24,-10.00
12,4,-1.00,-1.00,-1.00,-1.00,0.9281,1.7,0.89,2.19,-3.03,1.35,-16.61,-1.58,-10.00
12,4,-1.00,-1.00,-1.00,-1.00,0.2772,1.7,0.97,2.53,1.24,1.38,-47.72,1.10,-10.00
12,4,1395.79,499.40,1445.50,555.35,0.2537,1.5,0.72,2.03,16.66,1.73,34.95,-1.39,-10.00
12,4,-1.00,-1.00,-1.00,-1.00,0.2173,1.5,0.77,2.05,33.04,0.82,-4.89,-1.59,-10.00
12,4,-1.00,-1.00,-1.00,-1.00,0.1844,1.9,1.03,1.95,41.73,1.85,41.21,-3.03,-10.00
12,4,1252.65,492.93,1293.36,547.39,0.1734,1.6,0.73,2.09,13.96,1.68,38.75,1.69,-10.00
12,4,-1.00,-1.00,-1.00,-1.00,0.1288,1.5,0.84,1.80,40.50,1.83,6.88,-0.44,-10.00
12,4,-1.00,-1.00,-1.00,-1.00,0.1251,1.8,0.92,2.34,30.14,1.50,-4.88,-1.58,-10.00
12,4,436.32,419.19,471.75,461.14,0.1192,1.2,0.73,1.82,-11.65,-1.02,40.70,-2.05,-10.00
12,4,-1.00,-1.00,-1.00,-1.00,0.1060,1.5,0.85,1.96,46.20,3.03,40.38,0.05,-10.00
12,4,-1.00,-1.00,-1.00,-1.00,0.1047,1.7,0.83,2.10,-3.06,1.47,-20.09,-1.66,-10.00
13,4,-1.00,-1.00,-1.00,-1.00,0.5378,1.7,0.86,2.05,-2.95,1.48,-14.97,-1.58,-10.00
13,4,606.86,485.01,672.36,536.11,0.2646,1.3,0.79,2.28,-4.79,1.18,34.25,0.96,-10.00
13,4,-1.00,-1.00,-1.00,-1.00,0.1855,1.4,0.76,2.24,-5.98,0.76,-49.15,1.45,-10.00
13,4,-1.00,-1.00,-1.00,-1.00,0.1845,1.3,0.70,2.06,-13.52,0.45,-36.10,0.08,-10.00
13,4,-1.00,-1.00,-1.00,-1.00,0.1702,1.6,0.79,2.14,33.05,0.83,-6.95,1.52,-10.00
13,4,-1.00,-1.00,-1.00,-1.00,0.1333,1.7,0.97,2.44,1.21,1.39,-49.79,1.14,-10.00
13,4,1514.90,411.38,1592.53,459.33,0.1269,1.4,0.79,2.30,22.95,-1.04,39.41,2.79,-10.00
13,4,815.66,482.51,836.69,517.47,0.1164,1.3,0.76,1.94,0.38,0.97,47.53,1.59,-10.00
13,4,1337.14,446.43,1418.56,494.86,0.1043,1.4,0.76,2.31,16.59,0.08,37.41,-0.34,-10.00
14,4,-1.00,-1.00,-1.00,-1.00,0.7894,1.8,0.92,2.15,-2.83,1.54,-13.31,-1.57,-10.00
14,4,-1.00,-1.00,-1.00,-1.00,0.1240,1.6,0.83,2.15,0.78,1.77,-51.21,-2.02,-10.00
14,4,1587.67,487.76,1600.00,538.75,0.1238,1.6,0.76,1.89,25.97,1.52,41.18,1.68,-10.00
15,4,-1.00,-1.00,-1.00,-1.00,0.9421,1.7,0.88,2.09,-2.74,1.44,-11.43,-1.59,-10.00
15,4,-1.00,-1.00,-1.00,-1.00,0.2044,1.4,0.81,1.56,-23.49,-0.89,-25.64,-3.10,-10.00
15,4,-1.00,-1.00,-1.00,-1.00,0.1163,1.7,0.84,2.15,-3.13,1.55,-44.78,-1.69,-10.00
15,4,-1.00,-1.00,-1.00,-1.00,0.1100,1.2,0.86,2.21,-12.39,-0.71,-23.28,-0.01,-10.00
15,4,-1.00,-1.00,-1.00,-1.00,0.1093,1.3,0.82,1.98,-25.38,0.24,2.46,-1.55,-10.00
15,4,546.57,470.24,572.32,513.70,0.1073,1.3,0.72,1.97,-7.65,0.66,37.69,1.36,-10.00
16,4,-1.00,-1.00,-1.00,-1.00,0.9585,1.7,0.86,2.24,-2.64,1.49,-9.81,-1.61,-10.00
16,4,539.08,484.43,569.12,530.32,0.2442,1.3,0.68,1.78,-7.70,1.12,37.14,1.27,-10.00
16,4,-1.00,-1.00,-1.00,-1.00,0.2340,1.3,0.67,2.15,-15.69,0.40,-48.21,0.03,-10.00
16,4,-1.00,-1.00,-1.00,-1.00,0.1538,1.8,0.71,1.97,47.21,1.75,41.80,1.63,-10.00
16,4,1274.70,451.96,1315.87,493.77,0.1173,1.4,0.88,2.19,16.78,0.06,44.42,-1.44,-10.00
17,4,-1.00,-1.00,-1.00,-1.00,0.9725,1.7,0.91,2.29,-2.56,1.43,-7.98,-1.51,-10.00
17,4,-1.00,-1.00,-1.00,-1.00,0.2186,1.2,0.60,2.07,32.28,2.02,10.79,-0.01,-10.00
17,4,-1.00,-1.00,-1.00,-1.00,0.1216,1.7,0.90,1.98,-14.41,0.26,-40.08,0.23,-10.00
17,4,809.52,491.62,845.13,539.56,0.1043,1.6,0.95,1.96,0.37,1.63,43.62,1.44,-10.00
18,4,-1.00,-1.00,-1.00,-1.00,0.9533,1.8,0.95,2.36,-2.51,1.55,-6.77,-1.53,-10.00
18,4,806.45,505.88,868.84,545.85,0.1807,1.3,0.78,2.07,0.71,1.81,42.65,-0.02,-10.00
18,4,-1.00,-1.00,-1.00,-1.00,0.1733,1.2,0.85,0.82,-23.89,-1.93,-19.99,-3.13,-10.00
18,4,1163.48,490.81,1200.12,534.56,0.1704,1.3,0.64,2.12,11.57,1.35,40.13,1.62,-10.00
18,4,-1.00,-1.00,-1.00,-1.00,0.1606,1.6,0.78,2.06,-2.72,1.64,-32.31,-1.53,-10.00
18,4,-1.00,-1.00,-1.00,-1.00,0.1024,1.3,0.73,1.98,-13.94,-0.14,-40.63,-1.81,-10.00
19,4,-1.00,-1.00,-1.00,-1.00,0.9583,1.8,0.99,2.38,-2.46,1.53,-6.04,-1.47,-10.00
19,4,338.75,474.95,397.03,540.43,0.2425,2.0,1.17,2.65,-14.10,1.51,39.78,-2.12,-10.00
19,4,23.49,505.34,105.83,554.86,0.1247,1.4,0.89,1.99,-21.33,1.77,35.94,-2.83,-10.00
19,4,-1.00,-1.00,-1.00,-1.00,0.1013,1.3,0.72,2.10,-14.24,-0.08,-40.46,0.49,-10.00
20,4,-1.00,-1.00,-1.00,-1.00,0.9785,1.9,0.97,2.34,-2.46,1.55,-5.49,-1.53,-10.00
20,4,-1.00,-1.00,-1.00,-1.00,0.2749,1.5,0.87,2.23,-14.36,-0.13,-40.42,0.29,-10.00
20,4,-1.00,-1.00,-1.00,-1.00,0.1201,1.1,0.71,1.81,-29.79,-1.68,-26.89,-1.62,-10.00
20,4,815.21,504.51,843.82,545.46,0.1095,1.4,0.79,1.94,0.44,1.82,43.36,1.49,-10.00
21,4,-1.00,-1.00,-1.00,-1.00,0.9813,1.8,0.95,2.37,-2.45,1.51,-5.28,-1.57,-10.00
21,4,-1.00,-1.00,-1.00,-1.00,0.1589,1.4,0.77,2.01,-14.13,0.22,-40.48,0.31,-10.00
21,4,1591.65,491.24,1600.00,560.60,0.1441,1.4,0.68,2.05,17.20,1.39,26.10,0.51,-10.00
21,4,359.08,478.58,418.61,543.02,0.1183,1.9,1.16,2.75,-13.20,1.55,39.05,-2.11,-10.00
22,4,-1.00,-1.00,-1.00,-1.00,0.9859,1.8,0.91,2.33,-2.43,1.49,-5.22,-1.60,-10.00
22,4,-1.00,-1.00,-1.00,-1.00,0.1886,1.4,0.96,2.00,-8.94,1.70,-47.41,-0.63,-10.00
22,4,-1.00,-1.00,-1.00,-1.00,0.1620,1.1,0.82,0.60,-23.82,-1.97,-20.02,-3.08,-10.00
22,4,24.70,473.95,76.78,517.31,0.1322,1.4,0.84,2.23,-25.10,0.84,41.57,-1.82,-10.00
22,4,369.60,480.48,432.16,537.31,0.1027,1.7,0.96,2.67,-12.80,1.38,38.96,-2.23,-10.00
22,4,-1.00,-1.00,-1.00,-1.00,0.1018,1.7,0.84,2.23,32.59,0.54,10.14,-1.54,-10.00
23,4,-1.00,-1.00,-1.00,-1.00,0.9739,1.7,0.89,2.32,-2.44,1.51,-5.22,-1.59,-10.00
23,4,-1.00,-1.00,-1.00,-1.00,0.1370,1.5,1.01,2.45,-2.52,1.72,-32.58,-0.10,-10.00
23,4,-1.00,-1.00,-1.00,-1.00,0.1093,1.6,0.78,2.15,-42.08,0.22,44.34,0.05,-10.00
24,4,-1.00,-1.00,-1.00,-1.00,0.9717,1.7,0.89,2.32,-2.43,1.48,-5.22,-1.57,-10.00
24,4,-1.00,-1.00,-1.00,-1.00,0.2923,1.5,1.03,2.36,12.64,2.08,-23.47,-2.94,-10.00
24,4,421.31,462.92,463.03,526.09,0.1471,1.8,0.97,2.41,-11.28,1.03,38.14,-1.95,-10.00
25,4,-1.00,-1.00,-1.00,-1.00,0.9708,1.7,0.90,2.34,-2.43,1.48,-5.22,-1.58,-10.00
25,4,431.49,470.22,476.09,535.91,0.2489,1.9,1.04,2.45,-10.87,1.31,38.04,-1.75,-10.00
26,4,-1.00,-1.00,-1.00,-1.00,0.9766,1.7,0.86,2.36,-2.40,1.50,-5.24,-1.58,-10.00
26,4,-1.00,-1.00,-1.00,-1.00,0.1717,1.8,0.86,2.19,-32.71,-0.02,44.76,0.00,-10.00
26,4,1422.83,513.34,1490.49,553.62,0.1512,1.5,0.95,2.19,24.56,2.35,48.60,0.30,-10.00
26,4,-1.00,-1.00,-1.00,-1.00,0.1153,1.6,0.73,2.07,17.46,1.47,26.19,2.97,-10.00
27,4,-1.00,-1.00,-1.00,-1.00,0.9575,1.7,0.87,2.33,-2.44,1.47,-5.29,-1.57,-10.00
27,4,0.00,458.44,6.14,504.16,0.2428,1.6,0.74,1.95,-29.82,0.44,44.74,0.08,-10.00
27,4,1115.59,530.22,1215.86,586.70,0.1406,1.4,0.86,2.42,8.90,2.38,32.26,2.78,-10.00
28,4,-1.00,-1.00,-1.00,-1.00,0.9712,1.7,0.89,2.35,-2.44,1.50,-5.33,-1.56,-10.00
28,4,-1.00,-1.00,-1.00,-1.00,0.1224,1.4,0.66,2.07,27.45,1.26,11.62,1.40,-10.00
28,4,1123.21,529.25,1218.63,582.56,0.1107,1.3,0.79,2.23,9.04,2.29,32.29,2.93,-10.00
28,4,1288.53,500.65,1318.20,537.55,0.1038,1.3,0.56,2.15,17.15,1.60,44.61,-1.40,-10.00
29,4,-1.00,-1.00,-1.00,-1.00,0.9829,1.8,0.94,2.39,-2.44,1.49,-5.40,-1.55,-10.00
29,4,479.84,473.18,520.16,531.84,0.1607,1.6,1.00,2.48,-9.21,1.16,36.96,-1.76,-10.00
29,4,1287.24,498.92,1326.53,535.73,0.1468,1.2,0.58,2.15,17.12,1.52,44.23,-1.55,-10.00
29,4,535.17,482.38,563.09,531.21,0.1129,1.4,0.70,1.76,-7.68,1.13,36.39,-1.82,-10.00
30,4,-1.00,-1.00,-1.00,-1.00,0.9784,1.8,0.91,2.35,-2.44,1.51,-5.41,-1.56,-10.00
30,4,-1.00,-1.00,-1.00,-1.00,0.1608,1.2,0.64,1.84,17.33,1.28,26.20,3.06,-10.00
31,4,-1.00,-1.00,-1.00,-1.00,0.9860,1.8,0.92,2.37,-2.43,1.48,-5.40,-1.54,-10.00
31,4,1095.03,461.71,1168.68,506.63,0.2088,1.3,0.72,2.02,9.22,0.43,37.05,-3.01,-10.00
32,4,-1.00,-1.00,-1.00,-1.00,0.9743,1.8,0.90,2.34,-2.44,1.51,-5.40,-1.54,-10.00
32,4,487.50,484.96,528.56,534.46,0.1273,1.4,0.78,2.26,-8.89,1.22,36.60,-1.64,-10.00
32,4,1121.85,535.11,1218.59,586.16,0.1210,1.3,0.72,2.28,9.00,2.38,32.23,-0.18,-10.00
33,4,-1.00,-1.00,-1.00,-1.00,0.9800,1.8,0.91,2.34,-2.44,1.49,-5.40,-1.55,-10.00
33,4,482.23,489.56,528.48,537.97,0.1719,1.3,0.71,2.19,-8.91,1.31,36.38,-1.54,-10.00
34,4,-1.00,-1.00,-1.00,-1.00,0.9787,1.8,0.93,2.37,-2.44,1.50,-5.44,-1.55,-10.00
34,4,484.50,485.84,525.68,533.49,0.1448,1.3,0.71,2.11,-8.92,1.19,36.38,-1.60,-10.00
35,4,-1.00,-1.00,-1.00,-1.00,0.9725,1.8,0.93,2.37,-2.45,1.50,-5.43,-1.56,-10.00
35,4,489.67,483.16,527.62,531.86,0.2101,1.4,0.74,2.22,-8.87,1.15,36.61,-1.67,-10.00
35,4,-1.00,-1.00,-1.00,-1.00,0.1204,1.5,0.67,2.04,27.11,0.97,10.95,1.51,-10.00
35,4,-1.00,-1.00,-1.00,-1.00,0.1083,1.5,0.73,1.99,27.50,1.38,11.49,-1.62,-10.00
36,4,-1.00,-1.00,-1.00,-1.00,0.9779,1.8,0.94,2.38,-2.44,1.53,-5.43,-1.57,-10.00
36,4,1357.79,544.55,1462.42,602.87,0.1799,1.7,1.03,2.69,18.07,3.34,38.59,-3.04,-10.00
36,4,387.55,451.70,458.51,506.28,0.1475,1.9,0.99,2.24,-13.75,0.51,44.34,-0.17,-10.00
36,4,1289.60,498.32,1325.36,534.90,0.1427,1.2,0.60,2.14,17.14,1.50,44.23,-1.48,-10.00
36,4,489.65,484.42,528.04,533.71,0.1380,1.4,0.79,2.26,-8.86,1.20,36.56,1.45,-10.00
36,4,-1.00,-1.00,-1.00,-1.00,0.1125,1.4,0.70,2.28,-9.09,1.37,-26.66,1.67,-10.00
37,4,-1.00,-1.00,-1.00,-1.00,0.9763,1.8,0.93,2.38,-2.42,1.52,-5.41,-1.55,-10.00
37,4,486.23,482.04,531.81,530.54,0.1696,1.4,0.77,2.18,-8.86,1.11,36.58,-1.57,-10.00
37,4,-1.00,-1.00,-1.00,-1.00,0.1035,1.5,0.56,2.28,26.76,0.47,10.18,1.73,-10.00
38,4,-1.00,-1.00,-1.00,-1.00,0.9847,1.8,0.97,2.38,-2.45,1.51,-5.44,-1.55,-10.00
38,4,1289.01,501.42,1317.72,538.03,0.1521,1.3,0.56,2.16,17.14,1.62,44.59,-1.39,-10.00
38,4,-1.00,-1.00,-1.00,-1.00,0.1167,1.4,0.86,2.12,-13.78,0.29,-40.51,0.04,-10.00
