0,4,-1.00,-1.00,-1.00,-1.00,0.9831,1.6,0.76,2.24,-2.27,1.56,0.74,1.56,-10.00
0,4,-1.00,-1.00,-1.00,-1.00,0.9515,1.5,0.78,2.35,-3.84,1.65,0.85,1.57,-10.00
0,4,-1.00,-1.00,-1.00,-1.00,0.9358,1.4,0.65,2.05,-4.90,1.66,4.59,1.56,-10.00
0,4,0.00,531.98,360.59,900.00,0.9283,1.4,0.79,2.26,-2.62,1.59,5.12,1.54,-10.00
0,4,-1.00,-1.00,-1.00,-1.00,0.9025,1.4,0.71,2.25,-4.95,1.63,1.00,1.59,-10.00
0,4,-1.00,-1.00,-1.00,-1.00,0.8785,1.4,0.75,2.16,-5.83,1.66,4.82,-1.60,-10.00
0,4,-1.00,-1.00,-1.00,-1.00,0.8687,1.5,0.78,2.29,-2.92,1.66,0.68,1.58,-10.00
0,4,0.00,555.27,29.99,900.00,0.8186,1.5,0.74,2.11,-4.13,1.74,4.96,1.60,-10.00
0,4,0.00,521.28,213.01,900.00,0.7796,1.5,0.79,2.24,-3.31,1.67,5.02,-1.60,-10.00
0,4,-1.00,-1.00,-1.00,-1.00,0.6949,1.4,0.74,2.21,-6.51,1.46,0.88,1.50,-10.00
0,4,-1.00,-1.00,-1.00,-1.00,0.6724,1.4,0.78,2.22,-5.82,1.61,0.92,1.61,-10.00
0,4,-1.00,-1.00,-1.00,-1.00,0.1142,1.4,0.73,2.23,13.82,1.46,6.20,-1.48,-10.00
0,4,-1.00,-1.00,-1.00,-1.00,0.1140,1.4,0.87,2.25,-6.44,1.68,4.98,-1.68,-10.00
0,4,-1.00,-1.00,-1.00,-1.00,0.1105,1.3,0.70,2.09,16.66,1.24,5.79,3.06,-10.00
0,4,-1.00,-1.00,-1.00,-1.00,0.1003,1.3,0.76,2.13,-9.00,0.86,-15.13,1.57,-10.00
1,4,-1.00,-1.00,-1.00,-1.00,0.9677,1.5,0.78,2.27,-2.27,1.53,0.54,1.61,-10.00
1,4,-1.00,-1.00,-1.00,-1.00,0.9342,1.3,0.64,1.93,-4.87,1.51,4.30,1.58,-10.00
1,4,0.00,532.31,354.92,900.00,0.9321,1.3,0.69,2.16,-2.54,1.52,4.98,1.55,-10.00
1,4,-1.00,-1.00,-1.00,-1.00,0.9111,1.5,0.77,2.27,-2.97,1.49,0.51,1.59,-10.00
1,4,-1.00,-1.00,-1.00,-1.00,0.9072,1.4,0.75,2.30,-4.96,1.46,0.75,1.56,-10.00
1,4,-1.00,-1.00,-1.00,-1.00,0.8941,1.4,0.76,2.31,-6.48,1.42,0.64,1.61,-10.00
1,4,-1.00,-1.00,-1.00,-1.00,0.8825,1.3,0.72,2.09,-5.90,1.50,4.68,-1.59,-10.00
1,4,0.00,520.69,181.10,900.00,0.8652,1.4,0.87,2.41,-3.38,1.54,4.69,-1.59,-10.00
1,4,-1.00,-1.00,-1.00,-1.00,0.8308,1.3,0.74,2.37,-3.84,1.45,0.63,1.62,-10.00
1,4,-1.00,-1.00,-1.00,-1.00,0.7559,1.4,0.75,2.06,-4.12,1.64,4.54,1.58,-10.00
1,4,-1.00,-1.00,-1.00,-1.00,0.6905,1.4,0.78,2.30,-5.86,1.42,0.57,1.61,-10.00
1,4,810.18,515.89,868.97,550.28,0.3765,1.3,0.70,2.14,0.86,2.16,47.00,-0.03,-10.00
1,4,-1.00,-1.00,-1.00,-1.00,0.2126,1.4,0.77,2.23,13.85,1.59,6.20,-1.43,-10.00
1,4,518.30,504.55,591.46,548.61,0.1978,1.3,0.72,2.09,-7.86,1.71,38.14,3.03,-10.00
1,4,-1.00,-1.00,-1.00,-1.00,0.1742,1.3,0.82,2.65,27.56,1.36,6.93,0.00,-10.00
1,4,-1.00,-1.00,-1.00,-1.00,0.1285,1.4,0.70,2.12,12.52,1.40,-14.27,-0.08,-10.00
1,4,-1.00,-1.00,-1.00,-1.00,0.1206,1.3,0.71,2.21,11.89,0.76,-38.65,-0.07,-10.00
1,4,-1.00,-1.00,-1.00,-1.00,0.1045,1.4,0.78,2.18,13.88,1.71,4.90,-1.37,-10.00
2,4,-1.00,-1.00,-1.00,-1.00,0.9856,1.5,0.75,2.29,-2.26,1.52,0.06,1.61,-10.00
2,4,0.00,519.29,313.08,900.00,0.9370,1.4,0.72,2.25,-2.55,1.46,4.44,1.54,-10.00
2,4,0.00,502.46,101.79,900.00,0.9240,1.4,0.86,2.45,-3.41,1.46,4.20,-1.67,-10.00
2,4,-1.00,-1.00,-1.00,-1.00,0.8911,1.4,0.82,2.35,-6.24,1.44,0.11,1.61,-10.00
2,4,-1.00,-1.00,-1.00,-1.00,0.8808,1.4,0.76,2.30,-2.96,1.45,-0.03,1.58,-10.00
2,4,-1.00,-1.00,-1.00,-1.00,0.8692,1.4,0.79,2.34,-5.00,1.50,0.27,1.62,-10.00
2,4,-1.00,-1.00,-1.00,-1.00,0.8577,1.4,0.76,2.36,-4.12,1.47,0.13,1.61,-10.00
2,4,-1.00,-1.00,-1.00,-1.00,0.8519,1.3,0.65,1.88,-4.84,1.39,3.87,1.62,-10.00
2,4,-1.00,-1.00,-1.00,-1.00,0.7103,1.4,0.76,2.19,-4.11,1.52,4.12,1.57,-10.00
2,4,-1.00,-1.00,-1.00,-1.00,0.6988,1.4,0.70,2.13,-5.91,1.58,4.24,-1.53,-10.00
2,4,810.00,510.91,866.53,545.38,0.2367,1.2,0.64,2.05,0.81,1.96,46.54,0.05,-10.00
2,4,-1.00,-1.00,-1.00,-1.00,0.2179,1.3,0.78,2.05,-21.60,1.25,-4.83,-3.09,-10.00
2,4,-1.00,-1.00,-1.00,-1.00,0.1891,1.4,0.78,2.26,13.83,1.60,5.39,-1.44,-10.00
2,4,-1.00,-1.00,-1.00,-1.00,0.1673,1.3,0.79,2.20,-19.43,0.43,20.71,0.63,-10.00
2,4,-1.00,-1.00,-1.00,-1.00,0.1530,1.2,0.73,1.80,-17.15,1.65,12.15,-0.66,-10.00
2,4,513.95,500.47,592.37,547.97,0.1211,1.4,0.83,2.12,-7.77,1.65,37.46,-3.10,-10.00
2,4,-1.00,-1.00,-1.00,-1.00,0.1200,1.3,0.72,2.44,27.64,1.35,6.51,0.04,-10.00
2,4,-1.00,-1.00,-1.00,-1.00,0.1104,1.4,0.77,2.34,-11.06,0.69,-27.81,1.55,-10.00
2,4,826.26,495.03,848.62,532.55,0.1092,1.4,0.69,2.10,0.81,1.53,47.67,-1.49,-10.00
2,4,-1.00,-1.00,-1.00,-1.00,0.1074,1.4,0.74,2.18,14.27,1.54,4.90,1.70,-10.00
2,4,-1.00,-1.00,-1.00,-1.00,0.1032,1.5,0.73,2.02,8.93,1.54,-22.63,-1.50,-10.00
3,4,-1.00,-1.00,-1.00,-1.00,0.9687,1.5,0.78,2.35,-2.28,1.57,-0.61,1.62,-10.00
3,4,0.00,500.78,238.54,900.00,0.9552,1.4,0.71,2.22,-2.55,1.48,3.80,1.52,-10.00
3,4,-1.00,-1.00,-1.00,-1.00,0.9192,1.4,0.78,2.33,-3.38,1.45,3.49,-1.65,-10.00
3,4,-1.00,-1.00,-1.00,-1.00,0.9180,1.4,0.77,2.35,-2.97,1.47,-0.70,1.59,-10.00
3,4,-1.00,-1.00,-1.00,-1.00,0.8983,1.3,0.64,1.90,-4.93,1.52,3.21,1.59,-10.00
3,4,-1.00,-1.00,-1.00,-1.00,0.8892,1.3,0.68,2.19,-4.96,1.44,-0.31,1.58,-10.00
3,4,-1.00,-1.00,-1.00,-1.00,0.8265,1.4,0.74,2.36,-4.10,1.45,-0.44,1.66,-10.00
3,4,-1.00,-1.00,-1.00,-1.00,0.8217,1.4,0.72,2.06,-4.15,1.54,3.31,1.53,-10.00
3,4,-1.00,-1.00,-1.00,-1.00,0.8056,1.3,0.72,2.11,-5.92,1.54,3.50,-1.58,-10.00
3,4,-1.00,-1.00,-1.00,-1.00,0.6892,1.3,0.74,2.15,-6.23,1.47,-0.52,1.56,-10.00
3,4,-1.00,-1.00,-1.00,-1.00,0.1764,1.4,0.79,2.29,13.85,1.51,4.58,-1.50,-10.00
3,4,-1.00,-1.00,-1.00,-1.00,0.1738,1.3,0.71,2.65,32.81,1.64,18.56,-0.18,-10.00
3,4,-1.00,-1.00,-1.00,-1.00,0.1726,1.4,0.69,1.84,8.93,1.52,-23.24,1.60,-10.00
3,4,-1.00,-1.00,-1.00,-1.00,0.1648,1.4,0.74,2.09,-5.76,1.51,-0.06,1.49,-10.00
3,4,-1.00,-1.00,-1.00,-1.00,0.1519,1.3,0.62,2.07,-21.80,1.30,-6.06,-1.50,-10.00
3,4,-1.00,-1.00,-1.00,-1.00,0.1511,1.4,0.65,2.04,-31.43,0.52,-25.07,-1.55,-10.00
3,4,-1.00,-1.00,-1.00,-1.00,0.1504,1.2,0.60,2.01,16.68,1.22,14.12,1.67,-10.00
3,4,178.87,500.03,251.90,545.24,0.1296,1.3,0.70,2.04,-17.25,1.52,36.41,-1.29,-10.00
3,4,-1.00,-1.00,-1.00,-1.00,0.1143,1.3,0.68,1.94,-20.13,1.52,-5.43,0.01,-10.00
3,4,0.00,529.25,1.74,900.00,0.1123,1.4,0.66,2.02,-4.15,1.52,5.03,1.48,-10.00
3,4,501.13,495.30,578.78,542.77,0.1018,1.3,0.75,2.08,-8.00,1.47,36.74,3.12,-10.00
4,4,0.00,556.55,144.94,900.00,0.9782,1.4,0.69,2.20,-2.55,1.61,3.06,1.56,-10.00
4,4,-1.00,-1.00,-1.00,-1.00,0.9732,1.4,0.72,2.20,-5.00,1.37,-1.04,1.60,-10.00
4,4,-1.00,-1.00,-1.00,-1.00,0.9674,1.5,0.78,2.34,-2.27,1.58,-1.28,1.60,-10.00
4,4,-1.00,-1.00,-1.00,-1.00,0.9127,1.3,0.69,2.32,-4.11,1.37,-1.09,1.64,-10.00
4,4,-1.00,-1.00,-1.00,-1.00,0.9097,1.4,0.74,2.34,-2.96,1.44,-1.42,1.59,-10.00
4,4,-1.00,-1.00,-1.00,-1.00,0.8969,1.4,0.77,2.26,-3.41,1.49,2.75,-1.61,-10.00
4,4,-1.00,-1.00,-1.00,-1.00,0.8844,1.3,0.65,2.01,-4.93,1.52,2.47,1.57,-10.00
4,4,-1.00,-1.00,-1.00,-1.00,0.7647,1.4,0.73,2.23,-4.12,1.57,2.68,1.55,-10.00
4,4,-1.00,-1.00,-1.00,-1.00,0.7377,1.4,0.73,2.24,-6.47,1.40,-1.15,1.65,-10.00
4,4,-1.00,-1.00,-1.00,-1.00,0.7032,1.3,0.74,2.14,-6.04,1.59,2.78,-1.62,-10.00
4,4,-1.00,-1.00,-1.00,-1.00,0.6974,1.3,0.72,2.23,-5.78,1.41,-1.38,1.59,-10.00
4,4,-1.00,-1.00,-1.00,-1.00,0.3583,1.5,0.80,1.98,22.42,1.82,-50.25,-0.42,-10.00
4,4,-1.00,-1.00,-1.00,-1.00,0.2147,1.4,0.77,2.18,13.82,1.65,3.77,-1.41,-10.00
4,4,-1.00,-1.00,-1.00,-1.00,0.1478,1.4,0.80,2.20,13.42,1.63,2.56,-1.43,-10.00
4,4,-1.00,-1.00,-1.00,-1.00,0.1437,1.4,0.81,2.12,-0.77,1.84,-48.56,1.42,-10.00
4,4,-1.00,-1.00,-1.00,-1.00,0.1025,1.4,0.76,2.14,13.85,1.78,2.17,-1.45,-10.00
5,4,-1.00,-1.00,-1.00,-1.00,0.9861,1.6,0.75,2.21,-2.61,1.59,1.76,1.55,-10.00
5,4,-1.00,-1.00,-1.00,-1.00,0.9733,1.5,0.81,2.34,-2.27,1.56,-2.62,1.61,-10.00
5,4,-1.00,-1.00,-1.00,-1.00,0.9310,1.3,0.71,2.03,-4.87,1.49,1.27,1.60,-10.00
5,4,-1.00,-1.00,-1.00,-1.00,0.9101,1.4,0.70,2.12,-4.98,1.41,-2.38,1.59,-10.00
5,4,-1.00,-1.00,-1.00,-1.00,0.8753,1.3,0.73,2.32,-4.11,1.43,-2.47,1.59,-10.00
5,4,-1.00,-1.00,-1.00,-1.00,0.8598,1.4,0.77,2.30,-2.95,1.45,-2.68,1.59,-10.00
5,4,-1.00,-1.00,-1.00,-1.00,0.8470,1.4,0.74,2.21,-3.38,1.47,1.53,-1.62,-10.00
5,4,-1.00,-1.00,-1.00,-1.00,0.8381,1.3,0.69,2.12,-5.84,1.54,1.46,-1.51,-10.00
5,4,-1.00,-1.00,-1.00,-1.00,0.7117,1.3,0.79,2.24,-4.22,1.57,1.48,1.56,-10.00
5,4,-1.00,-1.00,-1.00,-1.00,0.7003,1.3,0.72,2.12,-6.46,1.36,-2.45,1.57,-10.00
5,4,-1.00,-1.00,-1.00,-1.00,0.4724,1.3,0.75,2.15,-5.81,1.42,-2.61,1.58,-10.00
5,4,0.00,432.09,50.47,489.17,0.2327,1.5,0.76,2.07,-21.79,-0.08,33.93,0.04,-10.00
5,4,-1.00,-1.00,-1.00,-1.00,0.2318,1.4,0.84,2.52,11.63,1.06,-47.10,-0.25,-10.00
5,4,-1.00,-1.00,-1.00,-1.00,0.1833,1.4,0.73,2.07,12.20,1.54,-17.06,1.46,-10.00
5,4,-1.00,-1.00,-1.00,-1.00,0.1632,1.4,0.78,2.16,13.45,1.56,2.14,-1.46,-10.00
5,4,-1.00,-1.00,-1.00,-1.00,0.1499,1.1,0.71,1.73,-39.80,-1.90,-12.99,-1.60,-10.00
5,4,847.10,513.88,912.97,555.75,0.1097,1.3,0.81,2.02,2.01,2.00,39.81,-3.04,-10.00
5,4,-1.00,-1.00,-1.00,-1.00,0.1085,1.3,0.66,2.29,-9.54,0.53,-41.81,3.09,-10.00
5,4,-1.00,-1.00,-1.00,-1.00,0.1032,1.2,0.71,1.97,12.50,1.85,-31.07,-1.76,-10.00
6,4,-1.00,-1.00,-1.00,-1.00,0.9748,1.4,0.82,2.35,-2.33,1.57,-4.50,1.62,-10.00
6,4,-1.00,-1.00,-1.00,-1.00,0.9425,1.4,0.70,2.20,-2.57,1.55,-0.12,1.58,-10.00
6,4,-1.00,-1.00,-1.00,-1.00,0.9376,1.4,0.71,2.38,-4.16,1.48,-4.35,1.55,-10.00
6,4,-1.00,-1.00,-1.00,-1.00,0.9355,1.4,0.65,2.10,-4.98,1.47,-4.33,1.53,-10.00
6,4,-1.00,-1.00,-1.00,-1.00,0.9280,1.2,0.67,1.99,-4.89,1.46,-0.70,1.57,-10.00
6,4,-1.00,-1.00,-1.00,-1.00,0.8608,1.4,0.75,2.35,-3.39,1.44,-0.36,-1.66,-10.00
6,4,-1.00,-1.00,-1.00,-1.00,0.8205,1.3,0.68,2.10,-5.82,1.58,-4.48,1.53,-10.00
6,4,-1.00,-1.00,-1.00,-1.00,0.8047,1.3,0.69,2.17,-6.49,1.45,-4.40,1.54,-10.00
6,4,-1.00,-1.00,-1.00,-1.00,0.7756,1.4,0.71,2.26,-4.12,1.46,-0.19,1.63,-10.00
6,4,-1.00,-1.00,-1.00,-1.00,0.7660,1.3,0.68,2.12,-6.04,1.45,-0.46,-1.60,-10.00
6,4,-1.00,-1.00,-1.00,-1.00,0.6921,1.4,0.83,2.33,-2.98,1.47,-4.56,1.53,-10.00
6,4,-1.00,-1.00,-1.00,-1.00,0.4413,1.4,0.83,1.89,12.39,2.36,-32.94,-1.74,-10.00
6,4,-1.00,-1.00,-1.00,-1.00,0.3398,1.3,0.76,2.01,13.43,1.85,-2.00,1.64,-10.00
6,4,-1.00,-1.00,-1.00,-1.00,0.2407,1.4,0.75,2.15,13.82,1.72,-1.08,-1.47,-10.00
6,4,768.18,476.80,796.64,515.51,0.1846,1.5,0.77,2.34,-1.32,0.94,49.75,-1.45,-10.00
6,4,-1.00,-1.00,-1.00,-1.00,0.1831,1.3,0.59,1.91,-31.18,0.25,-28.81,-1.60,-10.00
6,4,-1.00,-1.00,-1.00,-1.00,0.1627,1.4,0.78,2.23,13.84,1.46,0.95,-1.50,-10.00
6,4,-1.00,-1.00,-1.00,-1.00,0.1364,1.5,0.70,2.25,26.69,1.43,5.28,1.48,-10.00
6,4,-1.00,-1.00,-1.00,-1.00,0.1255,1.2,0.70,2.53,26.85,1.29,5.37,-0.17,-10.00
6,4,-1.00,-1.00,-1.00,-1.00,0.1068,1.4,0.81,2.25,13.45,1.52,-0.26,-1.51,-10.00
7,4,-1.00,-1.00,-1.00,-1.00,0.9746,1.4,0.72,2.31,-4.15,1.41,-6.54,1.57,-10.00
7,4,-1.00,-1.00,-1.00,-1.00,0.9738,1.4,0.70,2.16,-2.58,1.55,-2.35,1.57,-10.00
7,4,-1.00,-1.00,-1.00,-1.00,0.9623,1.5,0.90,2.35,-2.54,1.49,-6.75,1.57,-10.00
7,4,-1.00,-1.00,-1.00,-1.00,0.9554,1.5,0.71,2.16,-5.03,1.51,-6.56,1.52,-10.00
7,4,-1.00,-1.00,-1.00,-1.00,0.9442,1.3,0.72,2.11,-6.01,1.44,-2.57,-1.51,-10.00
7,4,-1.00,-1.00,-1.00,-1.00,0.9410,1.4,0.76,2.14,-6.51,1.46,-6.63,1.53,-10.00
7,4,-1.00,-1.00,-1.00,-1.00,0.9341,1.3,0.69,2.08,-4.94,1.43,-2.79,1.56,-10.00
7,4,-1.00,-1.00,-1.00,-1.00,0.8766,1.5,0.77,2.22,-4.14,1.50,-2.49,1.61,-10.00
7,4,-1.00,-1.00,-1.00,-1.00,0.7865,1.4,0.72,2.23,-3.44,1.49,-2.56,-1.58,-10.00
7,4,-1.00,-1.00,-1.00,-1.00,0.6879,1.5,0.82,2.24,-5.82,1.58,-6.68,1.56,-10.00
7,4,-1.00,-1.00,-1.00,-1.00,0.5765,1.4,0.78,2.33,-3.37,1.50,-6.85,1.55,-10.00
7,4,859.98,509.77,958.85,560.25,0.4878,1.4,0.92,2.67,2.65,1.95,36.22,-0.16,-10.00
7,4,-1.00,-1.00,-1.00,-1.00,0.2267,1.5,0.78,2.33,-3.15,1.58,-34.45,1.53,-10.00
7,4,-1.00,-1.00,-1.00,-1.00,0.1915,1.4,0.78,2.27,13.76,1.78,-0.93,1.51,-10.00
7,4,-1.00,-1.00,-1.00,-1.00,0.1605,1.3,0.76,2.22,9.94,1.70,-38.71,3.08,-10.00
7,4,-1.00,-1.00,-1.00,-1.00,0.1398,1.5,0.80,2.23,13.03,1.77,-0.20,-1.60,-10.00
7,4,-1.00,-1.00,-1.00,-1.00,0.1345,1.4,0.72,2.17,-24.58,0.66,-2.95,-1.58,-10.00
7,4,-1.00,-1.00,-1.00,-1.00,0.1322,1.4,0.79,2.13,13.85,1.68,-3.43,-1.49,-10.00
7,4,-1.00,-1.00,-1.00,-1.00,0.1317,1.5,0.56,1.68,18.64,1.25,6.92,-0.02,-10.00
7,4,-1.00,-1.00,-1.00,-1.00,0.1053,1.5,0.77,2.15,14.63,1.71,-3.16,1.58,-10.00
7,4,-1.00,-1.00,-1.00,-1.00,0.1046,1.4,0.75,2.03,16.18,1.55,-1.02,1.62,-10.00
7,4,-1.00,-1.00,-1.00,-1.00,0.1022,1.3,0.64,2.05,-20.11,0.67,13.85,-1.60,-10.00
7,4,-1.00,-1.00,-1.00,-1.00,0.1007,1.4,0.81,2.17,13.45,1.55,-1.88,-1.60,-10.00
8,4,-1.00,-1.00,-1.00,-1.00,0.9925,1.4,0.73,2.27,-2.63,1.53,-5.19,1.56,-10.00
8,4,-1.00,-1.00,-1.00,-1.00,0.9866,1.4,0.88,2.33,-2.51,1.47,-9.61,1.57,-10.00
8,4,-1.00,-1.00,-1.00,-1.00,0.9714,1.3,0.71,2.11,-6.05,1.43,-5.45,-1.40,-10.00
8,4,-1.00,-1.00,-1.00,-1.00,0.9670,1.4,0.72,2.36,-4.17,1.45,-9.41,1.57,-10.00
8,4,-1.00,-1.00,-1.00,-1.00,0.9583,1.4,0.83,2.34,-4.21,1.49,-5.28,1.61,-10.00
8,4,-1.00,-1.00,-1.00,-1.00,0.9457,1.4,0.73,2.13,-6.63,1.35,-9.34,1.57,-10.00
8,4,-1.00,-1.00,-1.00,-1.00,0.8774,1.3,0.70,2.11,-4.95,1.44,-5.48,1.56,-10.00
8,4,-1.00,-1.00,-1.00,-1.00,0.8665,1.4,0.71,2.30,-3.40,1.50,-5.38,1.57,-10.00
8,4,-1.00,-1.00,-1.00,-1.00,0.7960,1.4,0.73,2.29,-3.42,1.51,-9.68,1.64,-10.00
8,4,-1.00,-1.00,-1.00,-1.00,0.7790,1.4,0.72,2.04,-5.79,1.49,-9.37,1.51,-10.00
8,4,-1.00,-1.00,-1.00,-1.00,0.7671,1.4,0.77,2.17,-5.05,1.58,-9.37,1.60,-10.00
8,4,-1.00,-1.00,-1.00,-1.00,0.3081,1.3,0.78,2.19,9.81,1.70,-41.86,-0.05,-10.00
8,4,-1.00,-1.00,-1.00,-1.00,0.1920,1.5,0.52,1.44,19.20,1.48,3.82,0.25,-10.00
8,4,-1.00,-1.00,-1.00,-1.00,0.1584,1.4,0.76,2.19,13.83,1.67,-4.65,-1.60,-10.00
8,4,-1.00,-1.00,-1.00,-1.00,0.1384,1.3,0.67,2.23,-3.47,1.54,-36.94,1.58,-10.00
8,4,-1.00,-1.00,-1.00,-1.00,0.1337,1.3,0.73,2.09,-21.64,0.32,-31.70,0.00,-10.00
8,4,-1.00,-1.00,-1.00,-1.00,0.1330,1.4,0.81,2.17,13.40,1.84,-5.46,-1.61,-10.00
8,4,-1.00,-1.00,-1.00,-1.00,0.1226,1.6,0.91,2.08,31.41,1.63,-0.23,1.25,-10.00
8,4,-1.00,-1.00,-1.00,-1.00,0.1152,1.5,0.80,2.11,50.43,2.05,11.22,-0.40,-10.00
8,4,-1.00,-1.00,-1.00,-1.00,0.1136,1.4,0.74,2.08,15.31,1.64,-4.28,-1.55,-10.00
8,4,936.43,475.62,978.13,537.26,0.1054,1.7,0.85,2.21,3.99,1.28,35.95,1.53,-10.00
9,4,-1.00,-1.00,-1.00,-1.00,0.9910,1.4,0.69,2.24,-2.68,1.45,-8.38,1.57,-10.00
9,4,-1.00,-1.00,-1.00,-1.00,0.9784,1.4,0.76,2.34,-2.58,1.39,-12.77,1.58,-10.00
9,4,-1.00,-1.00,-1.00,-1.00,0.9675,1.4,0.79,2.43,-4.23,1.42,-8.51,1.61,-10.00
9,4,-1.00,-1.00,-1.00,-1.00,0.9643,1.3,0.83,2.03,-6.07,1.29,-8.51,-1.47,-10.00
9,4,-1.00,-1.00,-1.00,-1.00,0.9576,1.4,0.68,2.15,-3.39,1.36,-12.86,1.53,-10.00
9,4,-1.00,-1.00,-1.00,-1.00,0.9479,1.4,0.74,2.12,-6.65,1.27,-12.63,1.53,-10.00
9,4,-1.00,-1.00,-1.00,-1.00,0.9376,1.4,0.71,2.20,-4.98,1.37,-8.82,1.54,-10.00
9,4,-1.00,-1.00,-1.00,-1.00,0.9236,1.4,0.74,2.32,-4.24,1.36,-12.54,1.56,-10.00
9,4,-1.00,-1.00,-1.00,-1.00,0.8652,1.4,0.70,2.29,-3.41,1.45,-8.58,-1.56,-10.00
9,4,-1.00,-1.00,-1.00,-1.00,0.6618,1.4,0.69,2.09,-5.03,1.29,-12.29,1.50,-10.00
9,4,-1.00,-1.00,-1.00,-1.00,0.5148,1.4,0.70,1.94,-5.83,1.27,-12.58,1.53,-10.00
9,4,-1.00,-1.00,-1.00,-1.00,0.2030,1.4,0.78,2.10,-3.15,1.62,-45.24,-1.83,-10.00
9,4,-1.00,-1.00,-1.00,-1.00,0.1846,1.4,0.79,2.22,13.40,1.94,-8.23,-1.51,-10.00
9,4,-1.00,-1.00,-1.00,-1.00,0.1682,1.6,0.92,2.48,30.54,2.01,-2.82,1.35,-10.00
9,4,-1.00,-1.00,-1.00,-1.00,0.1634,1.5,0.83,2.48,29.75,1.86,-2.76,-1.75,-10.00
9,4,-1.00,-1.00,-1.00,-1.00,0.1403,1.3,0.70,2.19,24.64,1.79,-3.86,1.47,-10.00
9,4,-1.00,-1.00,-1.00,-1.00,0.1385,1.4,0.76,2.15,22.18,1.79,-4.51,1.50,-10.00
9,4,-1.00,-1.00,-1.00,-1.00,0.1339,1.3,0.66,2.08,-6.20,1.20,-13.09,1.52,-10.00
9,4,-1.00,-1.00,-1.00,-1.00,0.1199,1.5,0.82,2.21,-24.56,0.61,7.92,1.66,-10.00
9,4,-1.00,-1.00,-1.00,-1.00,0.1023,1.3,0.84,2.27,22.41,2.37,-7.85,0.23,-10.00
10,4,-1.00,-1.00,-1.00,-1.00,0.9717,1.3,0.70,2.23,-2.74,1.57,-11.82,1.56,-10.00
10,4,-1.00,-1.00,-1.00,-1.00,0.8980,1.4,0.73,2.29,-2.62,1.57,-16.18,1.53,-10.00
10,4,-1.00,-1.00,-1.00,-1.00,0.8974,1.4,0.64,2.17,-4.24,1.62,-16.14,1.54,-10.00
10,4,-1.00,-1.00,-1.00,-1.00,0.8931,1.3,0.75,1.99,-6.13,1.42,-12.01,-1.50,-10.00
10,4,-1.00,-1.00,-1.00,-1.00,0.8901,1.4,0.71,2.24,-4.20,1.49,-11.83,1.55,-10.00
10,4,-1.00,-1.00,-1.00,-1.00,0.8377,1.4,0.80,2.30,-5.11,1.58,-16.11,1.53,-10.00
10,4,-1.00,-1.00,-1.00,-1.00,0.8078,1.4,0.68,2.06,-3.40,1.59,-16.17,1.53,-10.00
10,4,-1.00,-1.00,-1.00,-1.00,0.7619,1.2,0.58,1.96,-5.05,1.49,-11.96,-1.55,-10.00
10,4,-1.00,-1.00,-1.00,-1.00,0.7221,1.4,0.70,2.12,-6.64,1.42,-15.99,1.47,-10.00
10,4,-1.00,-1.00,-1.00,-1.00,0.6640,1.4,0.72,2.25,-3.41,1.57,-12.05,-1.60,-10.00
10,4,-1.00,-1.00,-1.00,-1.00,0.4665,1.4,0.73,2.23,-5.74,1.55,-16.21,1.52,-10.00
10,4,-1.00,-1.00,-1.00,-1.00,0.3159,1.4,0.77,1.90,21.23,2.06,-42.47,1.42,-10.00
10,4,-1.00,-1.00,-1.00,-1.00,0.1843,1.3,0.74,2.13,29.45,2.20,-6.78,1.31,-10.00
10,4,1249.85,535.19,1335.92,614.41,0.1417,1.2,0.67,1.94,7.93,1.98,21.16,1.55,-10.00
10,4,-1.00,-1.00,-1.00,-1.00,0.1278,1.4,0.81,2.15,13.36,1.80,-11.42,1.65,-10.00
10,4,-1.00,-1.00,-1.00,-1.00,0.1233,1.3,0.71,2.23,-3.85,1.58,-15.66,1.52,-10.00
10,4,-1.00,-1.00,-1.00,-1.00,0.1178,1.6,0.98,2.27,40.50,1.15,-27.54,-0.29,-10.00
10,4,-1.00,-1.00,-1.00,-1.00,0.1106,1.4,0.68,2.13,-6.20,1.49,-16.59,1.54,-10.00
11,4,-1.00,-1.00,-1.00,-1.00,0.9494,1.3,0.69,2.21,-2.77,1.57,-15.24,1.54,-10.00
11,4,-1.00,-1.00,-1.00,-1.00,0.9029,1.4,0.70,2.24,-4.24,1.47,-15.35,1.57,-10.00
11,4,-1.00,-1.00,-1.00,-1.00,0.8302,1.5,0.72,2.29,-3.46,1.57,-15.50,-1.60,-10.00
11,4,-1.00,-1.00,-1.00,-1.00,0.8098,1.3,0.69,2.14,-5.12,1.47,-15.53,1.60,-10.00
11,4,-1.00,-1.00,-1.00,-1.00,0.7971,1.4,0.75,2.22,-2.70,1.56,-19.52,1.55,-10.00
11,4,-1.00,-1.00,-1.00,-1.00,0.7736,1.3,0.69,2.10,-6.28,1.47,-15.58,-1.46,-10.00
11,4,-1.00,-1.00,-1.00,-1.00,0.7430,1.3,0.80,2.29,-4.30,1.50,-19.48,1.53,-10.00
11,4,-1.00,-1.00,-1.00,-1.00,0.7220,1.4,0.74,2.21,-3.37,1.53,-19.80,1.58,-10.00
11,4,-1.00,-1.00,-1.00,-1.00,0.6734,1.4,0.79,2.31,-5.05,1.61,-19.68,1.63,-10.00
11,4,-1.00,-1.00,-1.00,-1.00,0.6339,1.4,0.75,2.18,-6.94,1.40,-19.41,1.62,-10.00
11,4,-1.00,-1.00,-1.00,-1.00,0.5369,1.3,0.76,1.99,-5.07,1.26,-18.58,-0.04,-10.00
11,4,-1.00,-1.00,-1.00,-1.00,0.3702,1.4,0.74,2.34,-5.82,1.49,-19.38,1.49,-10.00
11,4,1011.22,471.26,1068.95,545.96,0.2584,1.8,0.96,2.17,5.53,1.32,31.43,-1.61,-10.00
11,4,-1.00,-1.00,-1.00,-1.00,0.2342,1.4,0.65,1.77,11.00,2.18,1.53,2.07,-10.00
11,4,-1.00,-1.00,-1.00,-1.00,0.1272,1.5,0.81,2.21,-4.64,1.57,-20.43,-1.60,-10.00
11,4,-1.00,-1.00,-1.00,-1.00,0.1213,1.4,0.77,2.09,-5.85,1.42,-15.13,-1.63,-10.00
11,4,-1.00,-1.00,-1.00,-1.00,0.1160,1.3,0.80,2.30,15.68,1.59,-16.23,0.44,-10.00
11,4,-1.00,-1.00,-1.00,-1.00,0.1056,1.4,0.70,2.18,-3.87,1.58,-20.43,1.54,-10.00
12,4,-1.00,-1.00,-1.00,-1.00,0.8478,1.4,0.70,2.26,-3.11,1.51,-22.89,1.78,-10.00
12,4,-1.00,-1.00,-1.00,-1.00,0.7712,1.4,0.87,2.29,-3.03,1.61,-18.47,1.51,-10.00
12,4,-1.00,-1.00,-1.00,-1.00,0.7102,1.5,0.75,2.27,-3.81,1.62,-18.81,-1.61,-10.00
12,4,-1.00,-1.00,-1.00,-1.00,0.6701,1.4,0.72,2.23,-4.59,1.60,-18.80,1.63,-10.00
12,4,-1.00,-1.00,-1.00,-1.00,0.4788,1.4,0.71,2.15,-6.22,1.51,-22.65,1.58,-10.00
12,4,-1.00,-1.00,-1.00,-1.00,0.4579,1.4,0.67,2.18,-5.06,1.59,-18.83,1.57,-10.00
12,4,-1.00,-1.00,-1.00,-1.00,0.4409,1.4,0.75,2.30,-5.45,1.40,-22.77,1.80,-10.00
12,4,-1.00,-1.00,-1.00,-1.00,0.4235,1.4,0.73,2.14,-4.68,1.47,-23.00,1.58,-10.00
12,4,-1.00,-1.00,-1.00,-1.00,0.3298,1.4,0.76,2.19,-6.98,1.27,-22.79,1.60,-10.00
12,4,-1.00,-1.00,-1.00,-1.00,0.2233,1.5,0.72,2.15,-5.52,1.53,-19.18,-1.51,-10.00
12,4,-1.00,-1.00,-1.00,-1.00,0.1912,1.3,0.74,2.05,-5.10,1.38,-21.88,3.07,-10.00
12,4,731.07,487.85,757.06,531.75,0.1745,1.2,0.64,1.95,-2.09,1.15,36.76,-1.57,-10.00
12,4,-1.00,-1.00,-1.00,-1.00,0.1472,1.2,0.67,1.90,15.20,1.63,-19.08,0.15,-10.00
12,4,-1.00,-1.00,-1.00,-1.00,0.1361,1.3,0.69,2.20,-4.78,1.74,-43.74,1.57,-10.00
12,4,-1.00,-1.00,-1.00,-1.00,0.1319,1.4,0.78,2.00,39.55,1.03,-34.71,-0.43,-10.00
12,4,-1.00,-1.00,-1.00,-1.00,0.1239,1.4,0.80,2.23,-3.79,1.45,-22.71,1.78,-10.00
12,4,-1.00,-1.00,-1.00,-1.00,0.1232,1.4,0.74,2.20,12.91,1.82,-17.79,1.66,-10.00
12,4,-1.00,-1.00,-1.00,-1.00,0.1231,1.4,0.69,2.12,-4.23,1.51,-19.56,1.51,-10.00
12,4,-1.00,-1.00,-1.00,-1.00,0.1095,1.4,0.73,2.06,-4.26,1.51,-23.63,1.55,-10.00
13,4,-1.00,-1.00,-1.00,-1.00,0.7692,1.4,0.77,2.21,-3.09,1.56,-21.48,1.53,-10.00
13,4,-1.00,-1.00,-1.00,-1.00,0.7497,1.5,0.67,2.18,-3.13,1.69,-25.99,1.71,-10.00
13,4,-1.00,-1.00,-1.00,-1.00,0.6947,1.4,0.76,2.27,-3.80,1.65,-21.69,1.60,-10.00
13,4,-1.00,-1.00,-1.00,-1.00,0.5475,1.3,0.75,2.29,-5.47,1.48,-25.69,1.62,-10.00
13,4,-1.00,-1.00,-1.00,-1.00,0.4475,1.3,0.71,2.19,-4.61,1.49,-21.34,1.64,-10.00
13,4,-1.00,-1.00,-1.00,-1.00,0.3422,1.4,0.72,2.23,-4.74,1.60,-25.73,1.64,-10.00
13,4,-1.00,-1.00,-1.00,-1.00,0.3163,1.3,0.67,2.01,-5.09,1.57,-21.86,1.61,-10.00
13,4,-1.00,-1.00,-1.00,-1.00,0.2672,1.4,0.72,2.18,-4.25,1.57,-22.42,1.61,-10.00
13,4,-1.00,-1.00,-1.00,-1.00,0.2453,1.4,0.77,2.18,-4.30,1.57,-26.03,1.67,-10.00
13,4,-1.00,-1.00,-1.00,-1.00,0.2264,1.4,0.77,2.17,-5.96,1.47,-25.93,1.57,-10.00
13,4,-1.00,-1.00,-1.00,-1.00,0.1858,1.3,0.72,1.88,-24.69,-0.11,-21.24,-3.03,-10.00
13,4,-1.00,-1.00,-1.00,-1.00,0.1637,1.3,0.72,2.15,-6.64,1.33,-25.40,1.54,-10.00
13,4,-1.00,-1.00,-1.00,-1.00,0.1630,1.4,0.79,2.14,9.69,1.98,-23.14,1.55,-10.00
13,4,1228.84,497.15,1252.50,530.61,0.1459,1.3,0.61,2.14,16.33,1.49,48.77,-1.37,-10.00
13,4,-1.00,-1.00,-1.00,-1.00,0.1456,1.3,0.63,1.90,10.17,1.73,-20.61,1.59,-10.00
13,4,-1.00,-1.00,-1.00,-1.00,0.1346,1.3,0.70,2.06,-4.93,1.50,-25.03,0.02,-10.00
13,4,1017.36,448.54,1080.14,499.82,0.1315,1.7,0.91,2.07,7.89,0.27,43.06,0.15,-10.00
13,4,-1.00,-1.00,-1.00,-1.00,0.1254,1.3,0.68,2.19,14.92,1.77,-22.72,1.48,-10.00
13,4,-1.00,-1.00,-1.00,-1.00,0.1157,1.3,0.77,2.08,15.58,1.72,-21.48,-0.35,-10.00
13,4,-1.00,-1.00,-1.00,-1.00,0.1117,1.3,0.70,2.01,15.53,1.62,-22.25,0.17,-10.00
14,4,-1.00,-1.00,-1.00,-1.00,0.6900,1.4,0.79,2.28,-3.83,1.58,-23.84,-1.50,-10.00
14,4,-1.00,-1.00,-1.00,-1.00,0.6692,1.4,0.79,2.26,-3.11,1.68,-23.83,1.61,-10.00
14,4,-1.00,-1.00,-1.00,-1.00,0.4774,1.3,0.69,2.13,-4.55,1.40,-23.76,-1.51,-10.00
14,4,1243.88,489.83,1273.77,532.02,0.4001,1.5,0.69,2.19,16.39,1.49,46.94,-1.40,-10.00
14,4,-1.00,-1.00,-1.00,-1.00,0.3958,1.4,0.76,2.31,-4.25,1.54,-28.31,1.64,-10.00
14,4,-1.00,-1.00,-1.00,-1.00,0.3419,1.4,0.77,2.30,-5.50,1.52,-28.06,1.69,-10.00
14,4,-1.00,-1.00,-1.00,-1.00,0.2691,1.5,0.82,2.31,-3.44,1.55,-28.26,1.74,-10.00
14,4,970.01,460.69,1019.73,550.00,0.2525,1.7,0.83,1.80,3.57,1.13,25.18,1.79,-10.00
14,4,-1.00,-1.00,-1.00,-1.00,0.2365,1.3,0.72,2.12,-5.00,1.48,-24.11,-1.54,-10.00
14,4,-1.00,-1.00,-1.00,-1.00,0.1771,1.4,0.79,2.22,-4.19,1.62,-27.42,0.12,-10.00
14,4,-1.00,-1.00,-1.00,-1.00,0.1715,1.3,0.63,1.86,-4.96,1.40,-27.03,0.04,-10.00
14,4,-1.00,-1.00,-1.00,-1.00,0.1690,1.2,0.71,2.03,15.81,1.98,6.25,2.69,-10.00
14,4,-1.00,-1.00,-1.00,-1.00,0.1516,1.2,0.62,1.76,10.55,2.06,5.53,-1.63,-10.00
14,4,-1.00,-1.00,-1.00,-1.00,0.1431,1.4,0.73,2.22,-4.20,1.46,-24.74,-1.59,-10.00
14,4,-1.00,-1.00,-1.00,-1.00,0.1417,1.4,0.77,2.18,-6.32,1.39,-28.14,1.75,-10.00
14,4,-1.00,-1.00,-1.00,-1.00,0.1307,1.4,0.72,2.20,-4.41,1.87,-50.69,-1.64,-10.00
14,4,-1.00,-1.00,-1.00,-1.00,0.1273,1.3,0.65,1.91,-21.94,0.37,-26.51,2.80,-10.00
14,4,-1.00,-1.00,-1.00,-1.00,0.1251,1.3,0.70,2.07,-24.54,0.65,6.25,-1.48,-10.00
14,4,-1.00,-1.00,-1.00,-1.00,0.1207,1.3,0.76,2.10,20.61,2.37,3.69,-1.58,-10.00
14,4,-1.00,-1.00,-1.00,-1.00,0.1186,1.5,0.69,2.16,20.46,0.95,-26.37,-2.01,-10.00
14,4,1234.83,492.36,1298.19,531.01,0.1074,1.4,0.64,2.12,16.57,1.44,46.62,3.05,-10.00
15,4,-1.00,-1.00,-1.00,-1.00,0.7631,1.4,0.71,2.21,-3.14,1.68,-26.21,1.53,-10.00
15,4,-1.00,-1.00,-1.00,-1.00,0.6491,1.4,0.73,2.27,-3.11,1.60,-30.34,1.60,-10.00
15,4,994.50,474.61,1063.92,574.83,0.6301,1.7,0.91,2.24,3.75,1.42,22.49,1.60,-10.00
15,4,-1.00,-1.00,-1.00,-1.00,0.5569,1.4,0.76,2.28,-3.96,1.56,-26.18,-1.57,-10.00
15,4,-1.00,-1.00,-1.00,-1.00,0.4984,1.4,0.82,2.34,-4.68,1.56,-30.12,1.61,-10.00
15,4,-1.00,-1.00,-1.00,-1.00,0.4044,1.4,0.77,2.30,-5.43,1.34,-30.15,1.68,-10.00
15,4,-1.00,-1.00,-1.00,-1.00,0.3565,1.4,0.84,2.34,-3.89,1.58,-30.13,1.50,-10.00
15,4,773.68,480.40,805.13,527.77,0.2749,1.5,0.86,1.97,-0.86,1.17,41.16,1.63,-10.00
15,4,-1.00,-1.00,-1.00,-1.00,0.2612,1.5,0.76,2.30,-4.54,1.41,-25.98,1.62,-10.00
15,4,-1.00,-1.00,-1.00,-1.00,0.2541,1.4,0.81,2.17,-5.99,1.36,-30.47,1.69,-10.00
15,4,-1.00,-1.00,-1.00,-1.00,0.1256,1.6,0.73,2.10,-3.52,1.66,-31.22,1.53,-10.00
15,4,1268.47,492.10,1293.37,533.68,0.1226,1.4,0.69,2.02,16.33,1.47,44.52,-1.29,-10.00
15,4,-1.00,-1.00,-1.00,-1.00,0.1161,1.3,0.77,1.98,-24.50,0.14,-6.30,-1.50,-10.00
15,4,-1.00,-1.00,-1.00,-1.00,0.1077,1.3,0.72,1.81,-23.47,0.39,-6.51,-3.02,-10.00
16,4,1012.35,476.58,1083.22,589.92,0.9633,1.7,0.88,2.32,3.58,1.46,19.75,1.66,-10.00
16,4,-1.00,-1.00,-1.00,-1.00,0.7022,1.4,0.67,2.22,-3.01,1.51,-28.44,1.52,-10.00
16,4,-1.00,-1.00,-1.00,-1.00,0.5438,1.6,0.76,2.25,-4.20,1.63,-28.47,1.56,-10.00
16,4,-1.00,-1.00,-1.00,-1.00,0.4244,1.4,0.80,2.33,-2.75,1.62,-32.84,1.53,-10.00
16,4,-1.00,-1.00,-1.00,-1.00,0.4213,1.5,0.72,2.23,-3.45,1.47,-28.70,1.64,-10.00
16,4,-1.00,-1.00,-1.00,-1.00,0.2545,1.4,0.74,2.23,-4.71,1.54,-32.52,1.59,-10.00
16,4,729.07,472.63,799.69,533.72,0.2501,1.8,1.20,2.46,-1.64,1.30,39.54,-2.08,-10.00
16,4,-1.00,-1.00,-1.00,-1.00,0.2323,1.4,0.70,2.15,-4.70,1.58,-31.05,-1.52,-10.00
16,4,-1.00,-1.00,-1.00,-1.00,0.2204,1.4,0.85,2.35,-2.01,1.70,-32.89,1.48,-10.00
16,4,-1.00,-1.00,-1.00,-1.00,0.1659,1.5,0.74,2.22,-4.68,1.56,-28.93,1.68,-10.00
16,4,-1.00,-1.00,-1.00,-1.00,0.1545,1.4,0.75,2.40,-3.13,1.47,-32.02,1.70,-10.00
16,4,-1.00,-1.00,-1.00,-1.00,0.1391,1.4,0.81,2.25,-3.85,1.50,-32.61,1.51,-10.00
16,4,-1.00,-1.00,-1.00,-1.00,0.1356,1.4,0.79,2.16,-3.57,1.68,-44.10,1.60,-10.00
16,4,-1.00,-1.00,-1.00,-1.00,0.1013,1.3,0.69,2.17,-9.89,0.54,-36.15,0.08,-10.00
16,4,-1.00,-1.00,-1.00,-1.00,0.1007,1.3,0.73,2.14,-4.29,1.49,-31.83,1.58,-10.00
17,4,1034.00,470.66,1097.39,596.68,0.8271,1.6,0.77,2.26,3.38,1.36,17.31,1.73,-10.00
17,4,-1.00,-1.00,-1.00,-1.00,0.6781,1.4,0.72,2.17,-2.79,1.57,-30.76,1.56,-10.00
17,4,-1.00,-1.00,-1.00,-1.00,0.5961,1.5,0.79,2.27,-3.81,1.56,-30.79,1.52,-10.00
17,4,-1.00,-1.00,-1.00,-1.00,0.5577,1.5,0.76,2.35,-2.73,1.75,-35.00,1.63,-10.00
17,4,-1.00,-1.00,-1.00,-1.00,0.2912,1.4,0.81,2.33,-3.44,1.71,-35.04,1.61,-10.00
17,4,-1.00,-1.00,-1.00,-1.00,0.2732,1.4,0.92,2.38,-2.03,1.85,-35.24,1.64,-10.00
17,4,332.24,465.77,423.99,528.87,0.1831,1.3,0.75,2.12,-9.65,0.81,27.97,1.91,-10.00
17,4,681.42,463.18,766.43,530.51,0.1753,2.0,1.22,2.72,-2.80,1.15,38.12,-2.24,-10.00
17,4,-1.00,-1.00,-1.00,-1.00,0.1699,1.4,0.81,2.32,-4.31,1.57,-34.85,1.58,-10.00
17,4,-1.00,-1.00,-1.00,-1.00,0.1386,1.4,0.76,2.19,-3.89,1.73,-35.65,-1.54,-10.00
17,4,-1.00,-1.00,-1.00,-1.00,0.1318,1.5,0.80,2.18,-3.19,1.88,-46.47,1.60,-10.00
17,4,-1.00,-1.00,-1.00,-1.00,0.1227,1.5,0.76,2.26,-4.59,1.58,-30.56,1.56,-10.00
17,4,1488.61,486.01,1526.20,533.50,0.1049,1.7,0.82,2.01,25.18,1.51,46.16,1.88,-10.00
17,4,1272.34,507.22,1342.69,549.14,0.1014,1.3,0.71,1.99,15.38,1.78,39.69,0.26,-10.00
18,4,1047.41,469.57,1143.71,625.42,0.9339,1.7,0.83,2.33,3.29,1.49,15.14,1.66,-10.00
18,4,-1.00,-1.00,-1.00,-1.00,0.7731,1.4,0.65,2.20,-2.75,1.59,-32.81,1.53,-10.00
18,4,-1.00,-1.00,-1.00,-1.00,0.6419,1.4,0.73,2.28,-2.70,1.76,-36.77,1.58,-10.00
18,4,-1.00,-1.00,-1.00,-1.00,0.5396,1.5,0.77,2.22,-3.47,1.56,-33.08,1.45,-10.00
18,4,675.13,467.87,754.48,531.41,0.3746,1.7,1.20,2.55,-2.91,1.12,36.05,-2.13,-10.00
18,4,-1.00,-1.00,-1.00,-1.00,0.3477,1.4,0.71,2.23,-3.52,1.66,-37.69,1.56,-10.00
18,4,292.39,479.93,387.77,545.18,0.2789,1.3,0.68,2.09,-9.72,1.07,25.94,1.87,-10.00
18,4,-1.00,-1.00,-1.00,-1.00,0.2627,1.5,0.80,2.23,-4.20,1.44,-32.86,-1.61,-10.00
18,4,-1.00,-1.00,-1.00,-1.00,0.1941,1.4,0.72,2.36,-3.14,1.53,-36.29,1.62,-10.00
18,4,-1.00,-1.00,-1.00,-1.00,0.1831,1.4,0.77,2.36,-3.94,1.68,-37.03,1.58,-10.00
18,4,-1.00,-1.00,-1.00,-1.00,0.1516,1.4,0.84,2.39,-2.39,1.74,-37.88,1.59,-10.00
18,4,-1.00,-1.00,-1.00,-1.00,0.1461,1.4,0.73,2.28,-4.33,1.54,-36.24,1.55,-10.00
18,4,1046.54,468.10,1092.85,557.25,0.1460,1.7,0.82,2.23,5.04,1.27,25.29,1.73,-10.00
19,4,1074.65,462.81,1241.99,658.19,0.9458,1.7,0.88,2.35,3.25,1.48,12.31,1.52,-10.00
19,4,665.10,466.73,748.65,537.25,0.7724,1.8,1.21,3.10,-2.98,1.20,34.03,-2.02,-10.00
19,4,-1.00,-1.00,-1.00,-1.00,0.6374,1.4,0.71,2.21,-2.70,1.75,-34.87,1.59,-10.00
19,4,-1.00,-1.00,-1.00,-1.00,0.5328,1.5,0.77,2.27,-3.56,1.62,-35.35,-1.60,-10.00
19,4,-1.00,-1.00,-1.00,-1.00,0.3762,1.4,0.81,2.36,-4.28,1.70,-34.65,1.58,-10.00
19,4,-1.00,-1.00,-1.00,-1.00,0.2666,1.2,0.64,2.07,19.51,2.09,12.36,-0.93,-10.00
19,4,-1.00,-1.00,-1.00,-1.00,0.2510,1.4,0.69,2.21,-5.12,1.65,-35.84,1.56,-10.00
19,4,-1.00,-1.00,-1.00,-1.00,0.1848,1.4,0.75,2.24,-4.73,1.76,-36.79,1.58,-10.00
19,4,1303.97,524.86,1388.90,574.46,0.1616,1.3,0.84,2.14,14.94,2.30,35.75,0.31,-10.00
19,4,-1.00,-1.00,-1.00,-1.00,0.1265,1.4,0.75,1.96,15.49,1.40,-18.26,-2.72,-10.00
19,4,-1.00,-1.00,-1.00,-1.00,0.1097,1.4,0.73,2.22,-3.84,1.52,-33.92,1.58,-10.00
19,4,-1.00,-1.00,-1.00,-1.00,0.1075,1.6,0.79,2.03,16.04,2.42,-28.80,-2.30,-10.00
19,4,-1.00,-1.00,-1.00,-1.00,0.1038,1.3,0.69,2.20,-3.13,1.46,-33.98,1.64,-10.00
20,4,1157.00,425.47,1447.84,713.65,0.9052,1.7,0.91,2.38,3.23,1.34,8.77,1.47,-10.00
20,4,645.69,459.69,736.47,530.21,0.8824,1.7,1.21,3.05,-3.21,0.96,32.09,-2.06,-10.00
20,4,-1.00,-1.00,-1.00,-1.00,0.6665,1.5,0.74,2.25,-3.11,1.68,-37.20,-1.45,-10.00
20,4,-1.00,-1.00,-1.00,-1.00,0.3679,1.4,0.75,2.22,-2.39,1.87,-37.01,1.56,-10.00
20,4,-1.00,-1.00,-1.00,-1.00,0.3466,1.4,0.72,2.24,-4.22,1.82,-37.27,1.63,-10.00
20,4,-1.00,-1.00,-1.00,-1.00,0.3233,1.4,0.78,2.45,-2.44,1.65,-40.50,1.61,-10.00
20,4,-1.00,-1.00,-1.00,-1.00,0.2444,1.4,0.75,2.24,-4.70,1.84,-38.19,1.57,-10.00
20,4,-1.00,-1.00,-1.00,-1.00,0.2289,1.4,0.76,2.34,-4.30,1.74,-39.33,-1.58,-10.00
20,4,-1.00,-1.00,-1.00,-1.00,0.1826,1.5,0.74,2.23,-3.57,1.85,-37.67,1.54,-10.00
20,4,621.73,477.46,657.15,522.93,0.1764,1.4,0.83,2.13,-5.65,1.00,40.59,1.57,-10.00
20,4,-1.00,-1.00,-1.00,-1.00,0.1536,1.4,0.70,2.13,-24.32,0.51,-37.15,1.17,-10.00
20,4,1108.62,473.83,1210.05,594.32,0.1523,1.7,0.79,2.17,5.08,1.47,18.92,1.50,-10.00
20,4,-1.00,-1.00,-1.00,-1.00,0.1121,1.4,0.76,2.28,-3.92,1.69,-40.59,1.62,-10.00
20,4,-1.00,-1.00,-1.00,-1.00,0.1058,1.3,0.65,2.19,-2.74,1.76,-35.92,-1.54,-10.00
20,4,-1.00,-1.00,-1.00,-1.00,0.1007,1.4,0.74,2.19,-5.11,1.79,-37.37,-1.55,-10.00
21,4,621.74,462.96,712.15,540.26,0.8823,1.8,1.14,3.07,-3.66,1.15,30.68,-2.05,-10.00
21,4,1438.71,389.19,1600.00,900.00,0.8734,1.7,0.77,2.12,3.41,1.38,4.95,1.48,-10.00
21,4,-1.00,-1.00,-1.00,-1.00,0.7321,1.4,0.69,2.17,-2.25,1.78,-42.53,1.53,-10.00
21,4,-1.00,-1.00,-1.00,-1.00,0.3005,1.3,0.74,2.37,-2.74,1.79,-38.67,1.80,-10.00
21,4,-1.00,-1.00,-1.00,-1.00,0.2894,1.5,0.85,2.36,-3.56,1.75,-42.48,1.59,-10.00
21,4,3.10,473.23,90.48,521.32,0.2770,1.3,0.62,1.98,-21.11,0.81,34.76,2.50,-10.00
21,4,-1.00,-1.00,-1.00,-1.00,0.2152,1.4,0.89,2.41,-2.91,1.81,-37.89,0.06,-10.00
21,4,686.88,485.07,713.06,526.74,0.1879,1.6,0.78,2.23,-4.45,1.34,48.58,-1.57,-10.00
21,4,-1.00,-1.00,-1.00,-1.00,0.1761,1.5,0.84,2.44,-3.43,1.68,-38.79,-1.63,-10.00
21,4,-1.00,-1.00,-1.00,-1.00,0.1662,1.4,0.79,2.37,-2.75,1.63,-41.90,1.57,-10.00
21,4,-1.00,-1.00,-1.00,-1.00,0.1378,1.4,0.79,2.09,-4.35,1.53,-41.78,-0.04,-10.00
21,4,-1.00,-1.00,-1.00,-1.00,0.1317,1.6,0.77,1.98,16.69,2.11,-17.82,2.98,-10.00
21,4,-1.00,-1.00,-1.00,-1.00,0.1005,1.4,0.73,2.22,-3.86,1.62,-37.92,1.58,-10.00
22,4,-1.00,-1.00,-1.00,-1.00,0.9353,1.7,0.80,2.15,3.47,1.48,0.78,1.50,-10.00
22,4,620.65,456.94,708.14,536.53,0.9227,1.7,1.16,3.06,-3.49,0.99,28.78,-1.97,-10.00
22,4,-1.00,-1.00,-1.00,-1.00,0.3611,1.4,0.72,2.15,17.53,0.38,-28.48,-2.97,-10.00
22,4,-1.00,-1.00,-1.00,-1.00,0.3330,1.5,0.75,2.31,-2.28,1.86,-44.13,1.49,-10.00
22,4,-1.00,-1.00,-1.00,-1.00,0.2910,1.4,0.73,2.35,-2.39,1.92,-39.68,1.52,-10.00
22,4,0.00,473.77,47.10,528.58,0.2340,1.4,0.74,2.07,-21.28,0.95,32.94,2.07,-10.00
22,4,1479.00,452.11,1564.77,508.14,0.2211,1.8,0.82,2.32,23.02,0.53,41.35,-2.85,-10.00
22,4,-1.00,-1.00,-1.00,-1.00,0.1360,1.4,0.72,2.22,-3.87,1.77,-39.87,1.70,-10.00
22,4,-1.00,-1.00,-1.00,-1.00,0.1208,1.8,0.95,2.07,31.00,2.82,4.48,2.87,-10.00
22,4,1242.91,487.85,1274.54,534.36,0.1203,1.6,0.75,2.16,15.55,1.49,44.55,-1.38,-10.00
22,4,-1.00,-1.00,-1.00,-1.00,0.1169,1.6,1.07,2.31,27.07,2.06,36.17,0.10,-10.00
22,4,-1.00,-1.00,-1.00,-1.00,0.1078,1.4,0.83,2.31,-3.58,1.70,-44.06,1.55,-10.00
22,4,-1.00,-1.00,-1.00,-1.00,0.1069,1.4,0.77,2.31,-3.19,1.90,-40.54,1.56,-10.00
22,4,733.36,484.86,760.73,522.90,0.1050,1.3,0.69,2.08,-2.47,1.12,45.35,-1.49,-10.00
23,4,609.88,460.31,706.84,547.01,0.9643,1.8,1.25,3.14,-3.53,1.18,27.91,-1.99,-10.00
23,4,-1.00,-1.00,-1.00,-1.00,0.9168,1.7,0.80,2.29,3.35,1.50,-2.81,1.68,-10.00
23,4,728.81,490.95,762.34,531.25,0.3203,1.4,0.72,2.16,-2.45,1.37,44.17,1.73,-10.00
23,4,-1.00,-1.00,-1.00,-1.00,0.2643,1.4,0.78,2.37,-2.34,1.81,-40.94,1.53,-10.00
23,4,-1.00,-1.00,-1.00,-1.00,0.2473,1.5,0.84,2.42,-3.12,1.67,-41.44,-1.61,-10.00
23,4,-1.00,-1.00,-1.00,-1.00,0.2431,1.3,0.77,2.19,-2.33,1.65,-44.87,-1.54,-10.00
23,4,-1.00,-1.00,-1.00,-1.00,0.2283,1.4,0.75,2.23,15.45,1.54,-25.12,-1.70,-10.00
23,4,-1.00,-1.00,-1.00,-1.00,0.1791,1.3,0.74,2.27,-12.58,0.92,14.11,1.02,-10.00
23,4,-1.00,-1.00,-1.00,-1.00,0.1327,1.4,0.76,2.18,-2.77,1.58,-42.93,-1.56,-10.00
23,4,-1.00,-1.00,-1.00,-1.00,0.1105,1.8,0.71,2.04,24.38,0.97,37.30,1.67,-10.00
23,4,0.00,475.35,19.44,529.79,0.1044,1.3,0.79,2.03,-21.33,0.95,31.97,1.85,-10.00
23,4,-1.00,-1.00,-1.00,-1.00,0.1036,1.3,0.74,2.06,-4.41,1.46,-44.54,3.13,-10.00
24,4,599.10,442.10,701.04,527.38,0.9929,1.7,1.30,3.15,-3.59,0.74,26.98,-1.99,-10.00
24,4,-1.00,-1.00,-1.00,-1.00,0.8368,1.6,0.70,2.03,3.01,1.53,-6.28,1.75,-10.00
24,4,-1.00,-1.00,-1.00,-1.00,0.4721,1.4,0.77,2.22,-2.38,2.29,-41.81,1.66,-10.00
24,4,-1.00,-1.00,-1.00,-1.00,0.2447,1.3,0.68,2.07,16.78,0.52,-30.17,-2.83,-10.00
24,4,-1.00,-1.00,-1.00,-1.00,0.2317,1.3,0.71,2.02,-2.37,2.15,-46.05,1.71,-10.00
24,4,-1.00,-1.00,-1.00,-1.00,0.1947,1.4,0.80,2.31,-3.52,2.19,-45.75,1.71,-10.00
24,4,-1.00,-1.00,-1.00,-1.00,0.1549,1.2,0.67,1.90,-18.93,0.17,15.51,0.36,-10.00
24,4,707.18,469.73,772.56,508.47,0.1288,1.3,0.68,2.11,-2.60,0.57,43.07,-2.80,-10.00
24,4,-1.00,-1.00,-1.00,-1.00,0.1063,1.2,0.57,2.01,-8.71,0.52,-40.14,0.08,-10.00
25,4,585.49,451.44,694.33,540.72,0.9912,1.7,1.21,3.10,-3.68,0.98,26.13,-2.06,-10.00
25,4,-1.00,-1.00,-1.00,-1.00,0.8330,1.7,0.85,2.27,2.15,1.61,-9.73,2.04,-10.00
25,4,-1.00,-1.00,-1.00,-1.00,0.5909,1.4,0.71,2.21,-2.05,2.04,-42.69,1.56,-10.00
25,4,-1.00,-1.00,-1.00,-1.00,0.4059,1.5,0.75,2.24,-2.73,1.87,-43.60,1.53,-10.00
25,4,-1.00,-1.00,-1.00,-1.00,0.2009,1.3,0.66,2.15,-2.40,2.03,-41.94,-1.58,-10.00
25,4,-1.00,-1.00,-1.00,-1.00,0.1563,1.4,0.70,2.31,-2.34,1.58,-47.02,1.57,-10.00
25,4,-1.00,-1.00,-1.00,-1.00,0.1377,1.4,0.80,2.34,-3.44,1.75,-42.61,-1.62,-10.00
25,4,-1.00,-1.00,-1.00,-1.00,0.1145,1.4,0.69,2.20,17.29,0.23,-31.35,-2.96,-10.00
25,4,-1.00,-1.00,-1.00,-1.00,0.1107,1.5,0.86,2.09,13.90,2.18,-35.91,0.12,-10.00
26,4,576.47,439.58,697.77,531.39,0.9802,1.7,1.21,3.13,-3.62,0.77,25.23,-2.13,-10.00
26,4,-1.00,-1.00,-1.00,-1.00,0.8464,1.8,0.92,2.32,1.82,1.78,-11.36,1.87,-10.00
26,4,-1.00,-1.00,-1.00,-1.00,0.3205,1.3,0.68,1.99,13.45,2.60,-36.69,0.45,-10.00
26,4,423.44,449.70,498.99,515.81,0.2236,1.3,0.69,2.09,-7.23,0.49,25.89,-1.43,-10.00
26,4,-1.00,-1.00,-1.00,-1.00,0.1811,1.3,0.67,2.15,-2.41,2.21,-43.53,1.75,-10.00
26,4,180.00,460.11,249.51,503.06,0.1629,1.5,0.78,2.16,-21.77,0.41,45.87,-0.28,-10.00
26,4,-1.00,-1.00,-1.00,-1.00,0.1566,1.3,0.80,2.18,-21.66,0.14,29.17,-0.55,-10.00
26,4,-1.00,-1.00,-1.00,-1.00,0.1382,1.4,0.80,2.14,-23.97,1.42,-44.75,-1.84,-10.00
26,4,-1.00,-1.00,-1.00,-1.00,0.1209,1.3,0.72,1.99,-9.70,1.15,10.67,-1.61,-10.00
26,4,-1.00,-1.00,-1.00,-1.00,0.1125,1.3,0.73,1.87,8.72,3.19,-43.82,-1.57,-10.00
26,4,-1.00,-1.00,-1.00,-1.00,0.1038,1.5,0.93,2.31,-21.32,0.46,30.45,-1.47,-10.00
26,4,-1.00,-1.00,-1.00,-1.00,0.1004,1.4,0.75,2.19,-3.51,2.40,-47.58,-1.57,-10.00
27,4,-1.00,-1.00,-1.00,-1.00,0.9586,1.8,0.94,2.37,2.02,1.61,-13.05,1.48,-10.00
27,4,573.42,465.81,687.24,560.70,0.9507,1.7,1.13,3.03,-3.64,1.28,24.46,-2.09,-10.00
27,4,-1.00,-1.00,-1.00,-1.00,0.5202,1.4,0.71,2.07,-2.28,1.71,-44.47,1.51,-10.00
27,4,-1.00,-1.00,-1.00,-1.00,0.4062,1.3,0.71,2.10,-2.04,1.62,-48.72,1.51,-10.00
27,4,-1.00,-1.00,-1.00,-1.00,0.1677,1.4,0.81,2.24,-2.72,1.79,-45.27,1.51,-10.00
27,4,-1.00,-1.00,-1.00,-1.00,0.1331,1.3,0.72,1.87,7.64,2.09,-37.68,-1.65,-10.00
28,4,573.02,458.06,682.39,558.81,0.9830,1.8,1.25,3.11,-3.58,1.20,23.72,-1.98,-10.00
28,4,-1.00,-1.00,-1.00,-1.00,0.8356,1.8,0.88,2.14,2.25,1.68,-15.66,1.43,-10.00
28,4,-1.00,-1.00,-1.00,-1.00,0.4644,1.4,0.72,2.15,-2.31,1.59,-49.35,-1.60,-10.00
28,4,-1.00,-1.00,-1.00,-1.00,0.2637,1.4,0.76,2.32,-2.76,1.71,-45.29,1.57,-10.00
28,4,-1.00,-1.00,-1.00,-1.00,0.1531,1.4,0.82,2.30,-3.53,1.73,-44.98,-1.51,-10.00
28,4,-1.00,-1.00,-1.00,-1.00,0.1297,1.4,0.78,2.12,-21.34,0.92,28.34,1.68,-10.00
28,4,-1.00,-1.00,-1.00,-1.00,0.1097,1.6,0.75,1.94,42.31,2.49,9.21,0.19,-10.00
28,4,-1.00,-1.00,-1.00,-1.00,0.1031,1.5,0.77,2.27,-3.56,1.57,-49.00,-1.55,-10.00
29,4,558.18,456.81,683.07,563.34,0.9872,1.8,1.22,3.13,-3.65,1.26,23.31,-2.09,-10.00
29,4,-1.00,-1.00,-1.00,-1.00,0.9171,1.7,0.86,2.18,2.58,1.60,-18.03,1.46,-10.00
29,4,-1.00,-1.00,-1.00,-1.00,0.4645,1.4,0.71,2.18,-2.72,1.63,-45.54,1.75,-10.00
29,4,-1.00,-1.00,-1.00,-1.00,0.1757,1.2,0.70,2.19,17.85,2.10,23.62,0.29,-10.00
29,4,-1.00,-1.00,-1.00,-1.00,0.1398,1.4,0.84,2.09,-21.67,0.64,27.48,2.85,-10.00
29,4,-1.00,-1.00,-1.00,-1.00,0.1255,1.3,0.60,2.19,-36.88,0.96,33.67,1.92,-10.00
29,4,-1.00,-1.00,-1.00,-1.00,0.1249,1.3,0.90,2.52,24.35,1.95,-0.97,0.59,-10.00
30,4,559.87,458.22,676.68,567.12,0.9888,1.8,1.23,3.14,-3.64,1.30,22.97,-2.02,-10.00
30,4,-1.00,-1.00,-1.00,-1.00,0.5802,1.7,0.86,2.06,2.45,1.70,-20.75,1.80,-10.00
30,4,877.66,489.13,906.30,530.05,0.3280,1.5,0.70,2.03,2.84,1.43,47.36,-1.33,-10.00
30,4,-1.00,-1.00,-1.00,-1.00,0.2801,1.9,1.30,2.74,27.65,2.14,31.82,0.29,-10.00
30,4,-1.00,-1.00,-1.00,-1.00,0.2258,1.3,0.75,1.94,-19.98,0.64,11.57,-0.14,-10.00
30,4,-1.00,-1.00,-1.00,-1.00,0.1847,1.5,0.82,2.17,-2.83,1.91,-46.50,1.58,-10.00
30,4,-1.00,-1.00,-1.00,-1.00,0.1344,1.2,0.69,1.85,-11.77,1.48,1.11,-1.63,-10.00
30,4,-1.00,-1.00,-1.00,-1.00,0.1038,1.3,0.78,2.08,-21.37,0.67,27.14,1.92,-10.00
31,4,-1.00,-1.00,-1.00,-1.00,0.8277,1.7,1.15,2.59,27.48,1.98,31.73,0.22,-10.00
31,4,556.65,461.63,676.82,569.40,0.8177,1.8,1.19,3.11,-3.64,1.33,22.79,-2.05,-10.00
31,4,-1.00,-1.00,-1.00,-1.00,0.3084,1.4,0.72,2.10,-2.75,1.82,-46.41,1.61,-10.00
31,4,-1.00,-1.00,-1.00,-1.00,0.3029,1.8,0.79,2.19,1.25,1.60,-22.41,2.27,-10.00
31,4,-1.00,-1.00,-1.00,-1.00,0.1405,1.4,0.81,2.29,17.41,0.62,-34.60,0.15,-10.00
31,4,-1.00,-1.00,-1.00,-1.00,0.1058,1.1,0.63,1.84,-20.14,0.37,11.21,-0.03,-10.00
32,4,549.60,468.61,671.13,580.50,0.8593,1.8,1.26,3.16,-3.72,1.49,22.52,-2.02,-10.00
32,4,-1.00,-1.00,-1.00,-1.00,0.6159,2.0,1.24,2.46,27.69,2.12,31.34,0.29,-10.00
32,4,-1.00,-1.00,-1.00,-1.00,0.2968,1.5,0.79,2.16,0.95,1.13,-22.65,-0.40,-10.00
32,4,-1.00,-1.00,-1.00,-1.00,0.1631,1.3,0.75,1.95,-21.34,1.05,26.79,1.87,-10.00
32,4,-1.00,-1.00,-1.00,-1.00,0.1292,1.4,0.79,2.24,-2.75,1.44,-47.09,1.43,-10.00
32,4,-1.00,-1.00,-1.00,-1.00,0.1103,1.3,0.65,2.03,-36.91,0.74,32.75,1.73,-10.00
32,4,-1.00,-1.00,-1.00,-1.00,0.1006,1.3,0.80,2.05,-13.29,0.89,10.34,-2.90,-10.00
32,4,-1.00,-1.00,-1.00,-1.00,0.1004,1.2,0.62,1.88,-19.89,0.46,11.10,3.07,-10.00
33,4,552.52,471.64,669.00,580.69,0.9730,1.7,1.20,3.12,-3.57,1.44,21.69,-1.99,-10.00
33,4,-1.00,-1.00,-1.00,-1.00,0.9158,1.9,0.90,2.18,-2.53,1.59,-24.08,-3.05,-10.00
33,4,-1.00,-1.00,-1.00,-1.00,0.6327,1.6,1.20,2.65,27.43,1.97,30.58,0.31,-10.00
33,4,-1.00,-1.00,-1.00,-1.00,0.2254,1.4,0.79,2.25,-17.87,0.82,-31.19,-1.88,-10.00
33,4,1092.23,440.16,1177.99,506.45,0.1866,1.8,0.85,2.19,8.59,0.39,34.20,-2.97,-10.00
33,4,-1.00,-1.00,-1.00,-1.00,0.1435,1.4,0.69,2.06,-2.75,1.62,-38.04,1.66,-10.00
33,4,-1.00,-1.00,-1.00,-1.00,0.1347,1.4,0.71,2.16,-2.36,1.57,-47.41,1.51,-10.00
33,4,1527.82,508.48,1600.00,591.71,0.1067,1.5,0.90,2.22,14.48,1.81,23.35,-0.01,-10.00
33,4,-1.00,-1.00,-1.00,-1.00,0.1048,1.6,0.80,2.03,41.74,1.79,5.87,1.71,-10.00
33,4,367.76,459.99,429.16,513.90,0.1039,1.5,0.91,2.18,-12.08,0.64,36.68,1.64,-10.00
33,4,818.62,448.94,891.74,501.04,0.1034,1.6,0.81,2.27,1.24,0.29,40.67,-0.06,-10.00
34,4,557.42,471.96,679.35,588.30,0.9666,1.7,1.19,3.09,-3.28,1.48,20.64,-1.99,-10.00
34,4,-1.00,-1.00,-1.00,-1.00,0.7626,1.8,0.86,2.02,-5.23,1.43,-24.10,-2.70,-10.00
34,4,-1.00,-1.00,-1.00,-1.00,0.1502,1.4,0.81,2.18,-23.77,0.64,10.52,-1.49,-10.00
34,4,-1.00,-1.00,-1.00,-1.00,0.1395,1.4,0.69,2.28,12.92,0.63,-31.45,1.27,-10.00
34,4,1559.29,517.74,1600.00,603.79,0.1306,1.4,0.87,2.35,14.45,1.91,22.15,0.16,-10.00
34,4,-1.00,-1.00,-1.00,-1.00,0.1203,1.5,0.77,2.29,22.87,-0.56,30.58,3.02,-10.00
34,4,-1.00,-1.00,-1.00,-1.00,0.1125,1.3,0.66,2.16,-3.22,1.42,-42.54,-1.95,-10.00
34,4,360.25,464.52,413.63,528.55,0.1056,1.7,1.04,2.48,-12.03,1.02,35.58,-1.75,-10.00
35,4,549.35,476.14,672.36,607.27,0.9215,1.8,1.10,3.01,-3.15,1.62,19.07,-1.98,-10.00
35,4,-1.00,-1.00,-1.00,-1.00,0.2833,1.4,0.80,2.19,-3.55,1.46,-44.52,-1.66,-10.00
35,4,-1.00,-1.00,-1.00,-1.00,0.2814,1.7,0.84,2.10,-7.60,1.06,-23.79,-2.50,-10.00
35,4,-1.00,-1.00,-1.00,-1.00,0.1324,1.3,0.70,2.14,12.54,0.94,-33.00,-1.78,-10.00
36,4,540.80,466.87,679.80,607.28,0.9687,1.7,1.18,3.07,-2.89,1.47,17.41,-1.97,-10.00
36,4,-1.00,-1.00,-1.00,-1.00,0.4229,1.8,0.83,2.17,-9.64,1.07,-23.72,-2.43,-10.00
36,4,-1.00,-1.00,-1.00,-1.00,0.1960,1.3,0.72,1.86,-8.29,2.02,5.35,0.45,-10.00
36,4,-1.00,-1.00,-1.00,-1.00,0.1943,1.4,0.87,2.44,-24.11,0.55,6.89,1.92,-10.00
36,4,542.37,483.86,657.31,553.57,0.1336,1.4,0.85,2.10,-4.33,1.22,25.38,0.17,-10.00
36,4,-1.00,-1.00,-1.00,-1.00,0.1171,1.4,0.85,2.17,-4.03,1.89,-46.35,1.58,-10.00
36,4,-1.00,-1.00,-1.00,-1.00,0.1035,1.4,0.74,2.28,-5.54,1.64,-43.09,-1.55,-10.00
37,4,511.09,453.66,679.35,603.63,0.9198,1.7,1.15,3.04,-2.86,1.30,16.01,-2.08,-10.00
37,4,-1.00,-1.00,-1.00,-1.00,0.5438,1.3,0.73,2.29,-23.79,0.47,5.84,1.94,-10.00
37,4,-1.00,-1.00,-1.00,-1.00,0.2098,1.8,0.89,2.28,-11.03,1.17,-24.01,-2.22,-10.00
37,4,252.43,486.40,383.58,597.04,0.1652,1.4,0.77,2.04,-6.50,1.32,16.66,1.65,-10.00
38,4,497.85,452.13,673.24,629.29,0.8839,1.8,1.17,3.11,-2.67,1.39,14.21,-2.01,-10.00
38,4,-1.00,-1.00,-1.00,-1.00,0.3440,1.5,1.05,2.42,28.74,2.19,21.74,0.34,-10.00
38,4,194.97,487.97,329.71,603.42,0.3324,1.3,0.71,2.04,-6.53,1.26,15.06,1.56,-10.00
38,4,-1.00,-1.00,-1.00,-1.00,0.2515,1.5,0.81,2.03,38.64,2.08,-3.39,-1.64,-10.00
38,4,-1.00,-1.00,-1.00,-1.00,0.2305,1.5,0.78,2.12,-4.81,1.81,-46.32,-1.52,-10.00
38,4,-1.00,-1.00,-1.00,-1.00,0.1152,1.4,0.74,2.42,-23.80,0.58,4.10,1.86,-10.00
38,4,-1.00,-1.00,-1.00,-1.00,0.1113,1.2,0.65,1.79,-22.80,0.22,-50.49,-0.29,-10.00
