0,4,-1.00,-1.00,-1.00,-1.00,0.2302,1.4,0.71,2.17,-22.61,1.36,-12.32,1.73,-10.00
0,4,-1.00,-1.00,-1.00,-1.00,0.1230,1.7,0.84,2.39,11.41,-0.32,-23.43,-1.72,-10.00
0,4,485.74,431.36,596.85,510.31,0.1178,1.5,0.81,1.97,-5.43,0.36,25.05,-2.96,-10.00
0,4,-1.00,-1.00,-1.00,-1.00,0.1153,1.3,0.70,2.11,15.00,1.65,4.53,-1.58,-10.00
0,4,-1.00,-1.00,-1.00,-1.00,0.1146,1.3,0.74,2.03,-14.70,1.01,15.07,-2.92,-10.00
1,4,-1.00,-1.00,-1.00,-1.00,0.2761,1.5,0.74,2.24,-32.12,0.61,40.84,2.14,-10.00
1,4,-1.00,-1.00,-1.00,-1.00,0.1713,1.3,0.71,2.11,-17.07,1.82,-32.56,1.41,-10.00
1,4,-1.00,-1.00,-1.00,-1.00,0.1276,1.3,0.86,1.88,5.01,1.64,-12.25,-2.87,-10.00
1,4,-1.00,-1.00,-1.00,-1.00,0.1119,1.5,0.75,2.19,19.03,-0.98,27.36,-2.73,-10.00
1,4,-1.00,-1.00,-1.00,-1.00,0.1118,1.3,0.70,2.11,-16.71,1.88,-33.59,1.57,-10.00
2,4,0.00,421.23,40.76,509.57,0.1600,1.7,1.20,2.46,-16.52,0.35,25.29,-1.89,-10.00
2,4,-1.00,-1.00,-1.00,-1.00,0.1581,1.3,0.67,1.84,-3.12,2.17,-41.17,1.41,-10.00
2,4,-1.00,-1.00,-1.00,-1.00,0.1407,1.4,0.76,2.30,20.48,1.54,-18.69,1.46,-10.00
2,4,-1.00,-1.00,-1.00,-1.00,0.1321,1.6,0.57,2.17,48.17,1.30,2.14,2.17,-10.00
2,4,-1.00,-1.00,-1.00,-1.00,0.1252,1.5,0.75,2.12,11.06,-0.99,-35.85,-0.57,-10.00
2,4,-1.00,-1.00,-1.00,-1.00,0.1245,1.8,0.85,2.14,35.19,-0.19,29.82,-2.57,-10.00
2,4,-1.00,-1.00,-1.00,-1.00,0.1192,1.3,0.76,2.14,24.85,1.81,-22.67,-1.75,-10.00
2,4,-1.00,-1.00,-1.00,-1.00,0.1061,1.4,0.72,2.08,9.83,1.60,7.46,1.64,-10.00
3,4,-1.00,-1.00,-1.00,-1.00,0.2468,1.6,0.66,1.86,9.83,1.73,3.74,1.19,-10.00
3,4,-1.00,-1.00,-1.00,-1.00,0.1736,1.5,0.73,1.74,-20.47,0.97,18.70,3.12,-10.00
3,4,770.62,415.27,845.91,459.48,0.1721,1.4,0.83,2.41,-0.26,-1.08,41.95,-3.03,-10.00
3,4,-1.00,-1.00,-1.00,-1.00,0.1362,1.3,0.67,2.30,-7.84,1.77,-33.34,-1.46,-10.00
3,4,-1.00,-1.00,-1.00,-1.00,0.1285,1.2,0.62,1.91,3.34,1.89,-32.60,-1.46,-10.00
4,4,-1.00,-1.00,-1.00,-1.00,0.1794,1.3,0.77,2.21,14.12,1.19,-19.46,2.84,-10.00
4,4,-1.00,-1.00,-1.00,-1.00,0.1647,1.3,0.79,2.09,24.26,1.81,-5.68,1.32,-10.00
4,4,-1.00,-1.00,-1.00,-1.00,0.1508,1.3,0.71,2.03,7.85,1.68,-0.90,1.60,-10.00
4,4,-1.00,-1.00,-1.00,-1.00,0.1403,1.3,0.66,2.15,-9.45,1.36,-31.50,1.68,-10.00
4,4,-1.00,-1.00,-1.00,-1.00,0.1182,1.4,0.78,1.91,4.94,1.62,-17.77,-3.04,-10.00
4,4,-1.00,-1.00,-1.00,-1.00,0.1135,1.5,0.78,1.94,26.81,1.20,-37.00,-0.38,-10.00
5,4,-1.00,-1.00,-1.00,-1.00,0.1468,1.2,0.66,1.99,14.47,1.47,-25.87,-0.01,-10.00
5,4,-1.00,-1.00,-1.00,-1.00,0.1435,1.4,0.72,2.25,-9.16,1.50,-33.04,1.60,-10.00
5,4,470.16,420.07,532.09,456.21,0.1150,1.3,0.79,2.26,-12.01,-1.38,48.33,2.91,-10.00
5,4,-1.00,-1.00,-1.00,-1.00,0.1015,1.3,0.67,2.03,6.15,1.45,-21.15,-1.48,-10.00
6,4,-1.00,-1.00,-1.00,-1.00,0.2144,1.3,0.76,2.15,-20.52,0.62,14.42,-1.56,-10.00
6,4,-1.00,-1.00,-1.00,-1.00,0.1830,1.5,0.93,2.34,3.88,1.90,-29.46,-2.96,-10.00
6,4,-1.00,-1.00,-1.00,-1.00,0.1363,1.3,0.74,1.90,-3.13,2.28,-43.27,-1.88,-10.00
6,4,-1.00,-1.00,-1.00,-1.00,0.1103,1.4,0.68,2.03,26.08,0.94,-44.32,-0.15,-10.00
6,4,-1.00,-1.00,-1.00,-1.00,0.1095,1.2,0.69,1.78,3.17,1.72,-22.30,2.72,-10.00
6,4,-1.00,-1.00,-1.00,-1.00,0.1084,1.4,0.76,2.18,31.04,-0.33,30.09,0.66,-10.00
7,4,-1.00,-1.00,-1.00,-1.00,0.1778,1.3,0.70,1.98,-20.58,0.66,12.88,1.59,-10.00
7,4,-1.00,-1.00,-1.00,-1.00,0.1475,1.3,0.89,1.88,5.69,1.45,-7.83,3.00,-10.00
7,4,-1.00,-1.00,-1.00,-1.00,0.1446,1.4,0.70,1.90,-3.18,2.42,-43.70,1.62,-10.00
7,4,-1.00,-1.00,-1.00,-1.00,0.1271,1.4,0.64,1.94,-31.49,0.87,1.90,3.06,-10.00
7,4,-1.00,-1.00,-1.00,-1.00,0.1025,1.2,0.76,1.98,7.43,1.54,-7.84,-2.72,-10.00
8,4,-1.00,-1.00,-1.00,-1.00,0.1855,1.6,0.85,2.29,-24.90,1.37,-26.46,-0.12,-10.00
8,4,-1.00,-1.00,-1.00,-1.00,0.1626,1.4,0.73,2.24,4.08,1.67,-42.34,1.59,-10.00
8,4,331.47,466.06,359.54,515.17,0.1572,1.6,0.72,1.97,-15.59,0.78,41.92,1.15,-10.00
8,4,179.88,450.93,225.78,507.36,0.1238,1.6,0.88,2.15,-18.38,0.47,37.92,0.96,-10.00
8,4,-1.00,-1.00,-1.00,-1.00,0.1137,1.3,0.62,1.95,10.16,1.45,-16.55,1.49,-10.00
8,4,-1.00,-1.00,-1.00,-1.00,0.1083,1.4,0.80,2.33,10.91,-0.28,-45.42,2.82,-10.00
9,4,-1.00,-1.00,-1.00,-1.00,0.1056,1.8,0.88,2.26,49.03,0.61,-2.25,-2.90,-10.00
9,4,-1.00,-1.00,-1.00,-1.00,0.1042,1.4,0.73,2.21,-22.62,1.11,-26.90,1.49,-10.00
10,4,-1.00,-1.00,-1.00,-1.00,0.4103,1.4,0.77,2.33,-11.56,1.25,-29.42,1.59,-10.00
10,4,-1.00,-1.00,-1.00,-1.00,0.1518,1.2,0.76,2.01,14.14,1.22,-27.47,3.02,-10.00
10,4,-1.00,-1.00,-1.00,-1.00,0.1506,1.4,0.66,1.96,15.24,-0.16,-41.91,1.55,-10.00
10,4,944.44,418.47,1013.58,459.22,0.1297,1.3,0.85,2.24,5.69,-1.16,44.30,2.98,-10.00
10,4,-1.00,-1.00,-1.00,-1.00,0.1291,1.4,0.67,2.06,26.35,1.36,-33.10,2.87,-10.00
10,4,-1.00,-1.00,-1.00,-1.00,0.1281,1.4,0.73,2.23,-10.33,1.55,-36.57,1.64,-10.00
10,4,1080.28,419.31,1148.36,461.87,0.1184,1.3,0.87,2.14,9.83,-1.00,41.84,-2.97,-10.00
11,4,-1.00,-1.00,-1.00,-1.00,0.2083,1.3,0.69,2.10,-28.96,0.99,-3.42,1.18,-10.00
11,4,-1.00,-1.00,-1.00,-1.00,0.1965,1.3,0.67,2.08,2.86,1.93,-36.08,-1.54,-10.00
11,4,-1.00,-1.00,-1.00,-1.00,0.1663,1.8,0.99,2.18,48.57,0.80,3.16,-2.81,-10.00
11,4,-1.00,-1.00,-1.00,-1.00,0.1534,1.4,0.86,2.46,3.86,1.87,-28.20,-3.00,-10.00
11,4,-1.00,-1.00,-1.00,-1.00,0.1235,1.2,0.92,1.80,4.26,1.44,-12.20,-3.04,-10.00
11,4,-1.00,-1.00,-1.00,-1.00,0.1006,1.3,0.76,2.08,-9.97,1.27,-36.26,-1.07,-10.00
12,4,-1.00,-1.00,-1.00,-1.00,0.2255,1.4,0.82,2.37,3.96,1.79,-29.01,-2.92,-10.00
12,4,-1.00,-1.00,-1.00,-1.00,0.1896,1.4,0.76,2.22,-11.55,1.47,-31.06,-1.52,-10.00
12,4,-1.00,-1.00,-1.00,-1.00,0.1516,1.3,0.63,1.75,-28.62,1.25,-4.89,-1.64,-10.00
12,4,-1.00,-1.00,-1.00,-1.00,0.1348,1.4,0.78,2.32,3.30,1.82,-29.73,-1.53,-10.00
12,4,-1.00,-1.00,-1.00,-1.00,0.1198,1.3,0.79,2.06,-12.51,0.98,17.51,-1.54,-10.00
12,4,1562.52,391.57,1600.00,445.24,0.1156,1.5,0.95,2.22,24.84,-1.51,39.85,0.67,-10.00
12,4,-1.00,-1.00,-1.00,-1.00,0.1025,1.7,0.96,2.11,15.18,-0.22,-43.43,3.12,-10.00
13,4,-1.00,-1.00,-1.00,-1.00,0.1596,1.8,0.94,1.71,15.33,-0.03,-43.94,-1.65,-10.00
13,4,-1.00,-1.00,-1.00,-1.00,0.1584,1.4,0.70,2.20,4.45,1.83,-39.80,1.53,-10.00
13,4,-1.00,-1.00,-1.00,-1.00,0.1551,1.5,0.90,2.24,3.70,2.01,-29.86,-3.03,-10.00
13,4,-1.00,-1.00,-1.00,-1.00,0.1273,1.3,0.74,2.08,-17.92,-2.14,-31.22,-2.80,-10.00
14,4,-1.00,-1.00,-1.00,-1.00,0.4767,1.3,0.80,2.07,14.05,1.19,-30.24,2.96,-10.00
14,4,-1.00,-1.00,-1.00,-1.00,0.1620,1.3,0.68,2.14,2.87,2.05,-37.73,1.56,-10.00
14,4,-1.00,-1.00,-1.00,-1.00,0.1368,1.4,0.72,2.21,4.46,1.84,-40.20,1.47,-10.00
14,4,-1.00,-1.00,-1.00,-1.00,0.1182,1.5,1.00,2.60,3.82,2.06,-30.53,-2.76,-10.00
14,4,-1.00,-1.00,-1.00,-1.00,0.1080,1.4,0.80,2.20,-18.57,1.31,-17.88,-1.29,-10.00
15,4,-1.00,-1.00,-1.00,-1.00,0.2407,1.3,0.64,2.17,14.50,1.32,-26.68,1.59,-10.00
15,4,-1.00,-1.00,-1.00,-1.00,0.2381,1.4,0.73,2.23,4.44,1.77,-40.67,1.60,-10.00
15,4,-1.00,-1.00,-1.00,-1.00,0.1904,1.3,0.76,1.98,14.08,1.33,-30.61,2.96,-10.00
15,4,-1.00,-1.00,-1.00,-1.00,0.1764,1.3,0.66,2.07,2.91,2.08,-38.02,1.58,-10.00
15,4,-1.00,-1.00,-1.00,-1.00,0.1745,1.3,0.86,2.36,15.58,1.62,-25.84,-0.08,-10.00
15,4,-1.00,-1.00,-1.00,-1.00,0.1318,1.2,0.66,1.93,-18.20,0.67,22.22,0.42,-10.00
15,4,-1.00,-1.00,-1.00,-1.00,0.1313,1.3,0.79,2.24,3.79,1.53,-30.22,-0.02,-10.00
15,4,-1.00,-1.00,-1.00,-1.00,0.1262,1.4,0.76,2.23,4.84,1.73,-39.87,1.62,-10.00
15,4,-1.00,-1.00,-1.00,-1.00,0.1085,1.3,0.73,2.26,14.55,1.73,-25.10,-1.58,-10.00
15,4,-1.00,-1.00,-1.00,-1.00,0.1030,1.6,0.88,2.25,-17.34,-1.73,-46.11,0.10,-10.00
16,4,129.90,472.18,207.88,516.56,0.2582,1.3,0.57,2.00,-18.99,0.73,37.16,2.62,-10.00
16,4,-1.00,-1.00,-1.00,-1.00,0.1835,1.5,0.74,1.73,12.42,0.22,-43.78,-1.64,-10.00
16,4,-1.00,-1.00,-1.00,-1.00,0.1586,1.4,0.80,2.18,-30.94,0.75,-4.49,-1.57,-10.00
16,4,-1.00,-1.00,-1.00,-1.00,0.1574,1.4,0.69,2.12,4.85,1.84,-40.69,1.47,-10.00
16,4,-1.00,-1.00,-1.00,-1.00,0.1247,1.2,0.70,2.04,26.06,2.24,-13.54,-0.02,-10.00
16,4,-1.00,-1.00,-1.00,-1.00,0.1116,1.3,0.69,2.10,-25.70,0.22,14.64,1.90,-10.00
17,4,-1.00,-1.00,-1.00,-1.00,0.1759,1.3,0.68,2.14,4.49,1.73,-40.94,-1.56,-10.00
17,4,-1.00,-1.00,-1.00,-1.00,0.1684,1.3,0.74,2.03,14.14,1.13,-30.68,2.92,-10.00
17,4,-1.00,-1.00,-1.00,-1.00,0.1482,1.3,0.69,2.16,2.90,1.96,-38.22,-1.55,-10.00
17,4,-1.00,-1.00,-1.00,-1.00,0.1093,1.4,0.67,2.13,-31.28,0.14,3.91,2.71,-10.00
18,4,-1.00,-1.00,-1.00,-1.00,0.2284,1.4,0.81,2.24,3.82,1.79,-30.66,0.27,-10.00
18,4,-1.00,-1.00,-1.00,-1.00,0.1169,1.4,0.74,2.20,4.43,1.61,-40.96,1.65,-10.00
18,4,-1.00,-1.00,-1.00,-1.00,0.1064,1.3,0.84,2.34,22.36,1.81,-2.68,0.34,-10.00
19,4,-1.00,-1.00,-1.00,-1.00,0.2924,1.3,0.76,2.07,-20.61,0.76,5.72,-1.54,-10.00
19,4,-1.00,-1.00,-1.00,-1.00,0.2859,1.3,0.70,1.91,-0.30,2.57,-44.01,1.63,-10.00
19,4,-1.00,-1.00,-1.00,-1.00,0.2300,1.4,0.89,2.44,14.28,1.65,-31.04,3.12,-10.00
19,4,-1.00,-1.00,-1.00,-1.00,0.2038,1.3,0.69,2.11,2.89,2.08,-38.76,-1.57,-10.00
19,4,-1.00,-1.00,-1.00,-1.00,0.2001,1.4,0.74,2.26,-9.54,1.62,-39.23,1.54,-10.00
19,4,-1.00,-1.00,-1.00,-1.00,0.1979,1.3,0.68,2.20,14.13,1.45,-36.18,0.09,-10.00
19,4,-1.00,-1.00,-1.00,-1.00,0.1924,1.4,0.80,2.26,-11.54,1.30,-32.90,-1.62,-10.00
19,4,-1.00,-1.00,-1.00,-1.00,0.1919,1.4,0.67,2.15,4.08,1.54,-41.02,1.59,-10.00
19,4,-1.00,-1.00,-1.00,-1.00,0.1634,1.5,0.88,2.00,3.66,1.72,-30.93,-3.12,-10.00
19,4,-1.00,-1.00,-1.00,-1.00,0.1367,1.4,0.92,2.09,3.39,1.63,-48.16,2.87,-10.00
19,4,-1.00,-1.00,-1.00,-1.00,0.1268,1.4,0.65,2.04,-31.48,0.16,3.24,2.67,-10.00
19,4,-1.00,-1.00,-1.00,-1.00,0.1179,1.2,0.75,2.11,26.35,2.21,-14.21,-0.46,-10.00
20,4,-1.00,-1.00,-1.00,-1.00,0.3214,1.4,0.76,2.28,-11.54,1.25,-33.42,-1.64,-10.00
20,4,-1.00,-1.00,-1.00,-1.00,0.2109,1.4,0.73,2.23,4.04,1.72,-41.52,1.54,-10.00
20,4,-1.00,-1.00,-1.00,-1.00,0.1934,1.4,0.91,2.34,14.62,1.59,-37.03,0.05,-10.00
20,4,-1.00,-1.00,-1.00,-1.00,0.1583,1.3,0.72,2.20,13.70,1.73,-37.65,-1.50,-10.00
20,4,-1.00,-1.00,-1.00,-1.00,0.1392,1.3,0.73,2.13,14.50,1.48,-25.00,-3.05,-10.00
20,4,-1.00,-1.00,-1.00,-1.00,0.1283,1.3,0.71,2.17,-18.62,0.96,-5.00,1.39,-10.00
20,4,-1.00,-1.00,-1.00,-1.00,0.1221,1.4,0.77,1.96,0.01,2.55,-44.53,-1.60,-10.00
20,4,-1.00,-1.00,-1.00,-1.00,0.1093,1.4,0.75,2.14,2.87,2.17,-39.08,1.52,-10.00
20,4,-1.00,-1.00,-1.00,-1.00,0.1058,1.3,0.73,2.22,-9.93,1.32,-39.93,-1.03,-10.00
20,4,-1.00,-1.00,-1.00,-1.00,0.1032,1.4,0.82,2.25,-20.86,0.86,4.72,-1.50,-10.00
21,4,-1.00,-1.00,-1.00,-1.00,0.3811,1.4,0.87,2.19,2.78,1.71,-32.65,-0.23,-10.00
21,4,-1.00,-1.00,-1.00,-1.00,0.2594,1.4,0.80,2.26,-11.15,1.52,-41.58,-1.62,-10.00
21,4,-1.00,-1.00,-1.00,-1.00,0.2003,1.4,0.75,2.24,-12.32,1.43,-34.72,1.68,-10.00
21,4,-1.00,-1.00,-1.00,-1.00,0.1911,1.3,0.71,2.20,12.88,1.71,-38.70,1.58,-10.00
21,4,-1.00,-1.00,-1.00,-1.00,0.1272,1.4,0.83,2.27,-20.87,0.87,4.21,1.61,-10.00
21,4,-1.00,-1.00,-1.00,-1.00,0.1103,1.3,0.67,2.19,12.96,1.78,-29.33,-1.53,-10.00
21,4,-1.00,-1.00,-1.00,-1.00,0.1039,1.3,0.75,2.21,13.62,1.60,-38.63,-2.79,-10.00
22,4,-1.00,-1.00,-1.00,-1.00,0.1516,1.4,0.81,2.28,-13.52,1.32,-35.56,1.70,-10.00
22,4,196.43,472.03,228.13,519.91,0.1055,1.4,0.83,2.33,-18.41,0.86,38.60,-2.02,-10.00
23,4,-1.00,-1.00,-1.00,-1.00,0.1924,1.3,0.61,2.01,-31.32,0.74,33.55,2.53,-10.00
23,4,-1.00,-1.00,-1.00,-1.00,0.1508,1.3,0.73,2.13,-30.49,0.74,33.21,-1.83,-10.00
23,4,-1.00,-1.00,-1.00,-1.00,0.1372,1.3,0.72,2.11,-7.06,1.82,-32.66,1.58,-10.00
23,4,-1.00,-1.00,-1.00,-1.00,0.1120,1.4,0.71,2.14,-2.74,1.89,-51.15,1.56,-10.00
24,4,178.87,480.55,238.54,520.38,0.2500,1.3,0.65,2.07,-20.01,0.95,41.75,1.76,-10.00
24,4,-1.00,-1.00,-1.00,-1.00,0.1419,1.3,0.72,1.99,20.27,1.72,-28.23,-2.96,-10.00
24,4,-1.00,-1.00,-1.00,-1.00,0.1038,1.3,0.72,2.08,-19.81,0.91,-6.11,-0.34,-10.00
26,4,-1.00,-1.00,-1.00,-1.00,0.1497,1.4,0.87,2.18,-1.36,0.02,-44.18,-2.78,-10.00
26,4,0.00,498.58,54.74,571.63,0.1081,1.4,0.79,2.16,-16.06,1.53,24.74,-2.83,-10.00
27,4,-1.00,-1.00,-1.00,-1.00,0.2157,1.4,0.73,2.22,-20.29,1.52,-35.45,1.59,-10.00
27,4,-1.00,-1.00,-1.00,-1.00,0.1432,1.3,0.75,2.31,-1.60,0.56,-35.36,0.18,-10.00
28,4,-1.00,-1.00,-1.00,-1.00,0.1807,1.4,0.84,2.35,-10.63,0.16,-47.72,0.54,-10.00
28,4,-1.00,-1.00,-1.00,-1.00,0.1452,1.4,0.84,2.09,5.26,-1.09,-42.04,-1.61,-10.00
30,4,-1.00,-1.00,-1.00,-1.00,0.2666,1.3,0.73,1.98,-21.74,1.33,-37.69,2.64,-10.00
30,4,-1.00,-1.00,-1.00,-1.00,0.1771,1.3,0.71,2.02,6.79,1.60,-35.04,2.76,-10.00
30,4,-1.00,-1.00,-1.00,-1.00,0.1546,1.4,0.76,2.27,-9.55,1.54,-39.99,1.96,-10.00
30,4,485.75,471.85,537.53,532.98,0.1358,1.4,0.77,2.12,-7.38,0.99,30.77,-1.59,-10.00
30,4,-1.00,-1.00,-1.00,-1.00,0.1179,1.2,0.63,1.81,-7.24,0.59,-9.76,-0.02,-10.00
31,4,-1.00,-1.00,-1.00,-1.00,0.1815,1.3,0.81,2.05,-25.75,-1.02,13.12,1.64,-10.00
32,4,-1.00,-1.00,-1.00,-1.00,0.1490,1.5,0.65,2.05,34.92,-0.09,-28.94,-1.57,-10.00
33,4,-1.00,-1.00,-1.00,-1.00,0.1746,1.4,0.74,2.04,-21.49,0.34,-39.60,0.73,-10.00
33,4,-1.00,-1.00,-1.00,-1.00,0.1104,1.6,0.85,2.20,-20.70,1.21,-38.17,-1.48,-10.00
34,4,-1.00,-1.00,-1.00,-1.00,0.2713,1.6,0.71,1.95,28.57,-0.84,-36.02,1.54,-10.00
34,4,1147.20,526.56,1215.20,610.95,0.1261,1.5,0.73,2.06,6.68,2.11,23.26,1.61,-10.00
34,4,-1.00,-1.00,-1.00,-1.00,0.1198,1.4,0.70,2.05,28.52,0.00,-42.69,1.31,-10.00
35,4,-1.00,-1.00,-1.00,-1.00,0.1579,1.3,0.75,2.09,-13.50,0.13,-22.95,-3.08,-10.00
35,4,-1.00,-1.00,-1.00,-1.00,0.1357,1.3,0.76,2.13,-12.36,0.19,-26.73,1.47,-10.00
35,4,-1.00,-1.00,-1.00,-1.00,0.1284,1.4,0.58,1.91,-23.19,0.66,-7.65,-3.00,-10.00
35,4,-1.00,-1.00,-1.00,-1.00,0.1205,1.4,0.76,2.18,-25.78,1.01,9.13,-1.60,-10.00
35,4,-1.00,-1.00,-1.00,-1.00,0.1005,1.4,0.82,2.11,-13.42,0.28,-25.35,0.01,-10.00
37,4,-1.00,-1.00,-1.00,-1.00,0.1986,1.4,0.80,2.24,-14.29,0.88,-42.10,-2.16,-10.00
37,4,-1.00,-1.00,-1.00,-1.00,0.1330,1.6,0.85,2.14,-44.50,-0.42,-14.81,-2.87,-10.00
37,4,-1.00,-1.00,-1.00,-1.00,0.1191,1.3,0.66,1.86,-20.78,0.82,-29.34,-3.12,-10.00
37,4,-1.00,-1.00,-1.00,-1.00,0.1100,1.6,0.78,2.04,-44.48,-0.54,-15.56,2.95,-10.00
38,4,-1.00,-1.00,-1.00,-1.00,0.2630,1.6,0.77,2.15,-13.58,0.98,-26.72,1.77,-10.00
38,4,-1.00,-1.00,-1.00,-1.00,0.1707,1.3,0.71,2.05,-19.93,2.04,-26.45,-2.27,-10.00
39,4,-1.00,-1.00,-1.00,-1.00,0.2634,1.3,0.72,2.03,-11.93,2.62,-26.84,-1.38,-10.00
39,4,-1.00,-1.00,-1.00,-1.00,0.2336,1.3,0.81,2.19,11.17,3.51,-45.88,-3.07,-10.00
