0,4,1083.70,495.09,1115.60,552.04,0.1216,1.6,0.74,2.14,7.80,2.33,35.87,-1.41,-10.00
0,4,-1.00,-1.00,-1.00,-1.00,0.1081,1.4,0.66,1.96,18.91,1.47,-15.28,0.56,-10.00
0,4,-1.00,-1.00,-1.00,-1.00,0.1057,1.8,0.98,2.49,-10.27,0.18,-44.17,1.86,-10.00
2,4,-1.00,-1.00,-1.00,-1.00,0.2615,1.4,0.80,2.13,-12.47,0.35,8.26,1.91,-10.00
2,4,-1.00,-1.00,-1.00,-1.00,0.1039,1.3,0.72,1.95,18.88,1.39,-15.30,-2.17,-10.00
3,4,545.56,472.78,614.92,527.08,0.1845,1.8,0.93,2.29,-8.38,1.93,42.73,-0.16,-10.00
4,4,544.64,470.47,616.60,526.08,0.5262,1.8,0.99,2.28,-8.37,1.90,42.74,-0.04,-10.00
4,4,353.12,497.20,425.00,548.54,0.2475,1.6,0.82,2.10,-13.84,2.47,39.62,-0.37,-10.00
4,4,-1.00,-1.00,-1.00,-1.00,0.1341,1.5,0.95,2.29,17.29,0.42,-26.37,-3.05,-10.00
5,4,545.42,471.42,618.85,525.09,0.4267,1.8,1.00,2.30,-8.32,1.86,42.73,0.01,-10.00
5,4,358.79,487.52,436.71,542.87,0.2935,1.7,0.84,2.24,-13.57,2.30,39.66,-0.43,-10.00
5,4,-1.00,-1.00,-1.00,-1.00,0.1475,1.3,0.69,1.89,-15.71,2.46,13.64,-0.48,-10.00
5,4,-1.00,-1.00,-1.00,-1.00,0.1316,1.4,0.83,2.27,12.88,0.56,-19.94,0.40,-10.00
5,4,-1.00,-1.00,-1.00,-1.00,0.1052,1.2,0.68,1.98,17.44,0.52,-26.40,0.26,-10.00
6,4,548.73,472.29,620.31,528.27,0.5529,1.9,1.04,2.29,-8.25,1.98,42.80,-0.07,-10.00
6,4,-1.00,-1.00,-1.00,-1.00,0.3212,1.3,0.70,1.97,-15.70,2.51,13.61,-0.59,-10.00
6,4,-1.00,-1.00,-1.00,-1.00,0.1710,1.6,0.83,2.17,4.14,0.83,-23.84,0.00,-10.00
6,4,-1.00,-1.00,-1.00,-1.00,0.1327,1.4,0.76,2.03,-23.77,2.46,-15.19,-3.06,-10.00
6,4,364.98,494.14,438.96,552.66,0.1271,1.8,0.89,2.17,-13.44,2.60,39.65,-0.36,-10.00
6,4,-1.00,-1.00,-1.00,-1.00,0.1237,1.3,0.75,1.99,17.16,0.43,-26.43,0.18,-10.00
7,4,546.63,473.78,616.74,528.13,0.3317,1.8,1.00,2.31,-8.34,1.97,42.79,-0.16,-10.00
7,4,-1.00,-1.00,-1.00,-1.00,0.2743,1.3,0.70,2.01,-15.68,2.51,13.63,-0.63,-10.00
7,4,363.13,497.54,437.44,553.14,0.1401,1.7,0.88,2.17,-13.49,2.61,39.65,-0.38,-10.00
8,4,543.28,472.84,615.19,525.31,0.4405,1.7,0.98,2.32,-8.44,1.87,42.72,-0.29,-10.00
8,4,-1.00,-1.00,-1.00,-1.00,0.3064,1.3,0.71,1.86,-15.64,2.45,13.64,-0.61,-10.00
8,4,351.76,500.71,420.73,548.38,0.1698,1.5,0.74,2.02,-13.88,2.46,39.55,-0.31,-10.00
8,4,-1.00,-1.00,-1.00,-1.00,0.1475,1.3,0.77,1.97,16.66,0.47,-26.38,-0.06,-10.00
8,4,-1.00,-1.00,-1.00,-1.00,0.1356,1.7,0.75,2.18,2.83,1.12,-24.00,-1.81,-10.00
9,4,350.39,500.86,422.64,547.01,0.3183,1.4,0.72,2.08,-13.89,2.42,39.58,-0.24,-10.00
9,4,-1.00,-1.00,-1.00,-1.00,0.2818,1.3,0.73,1.96,-15.71,2.46,13.64,-0.57,-10.00
9,4,546.46,474.44,616.66,529.14,0.2520,1.8,1.00,2.29,-8.35,2.01,42.79,-0.13,-10.00
9,4,-1.00,-1.00,-1.00,-1.00,0.1445,1.2,0.81,2.04,16.25,0.52,-26.35,-0.08,-10.00
10,4,350.21,500.29,419.64,545.60,0.1678,1.4,0.72,2.03,-13.94,2.38,39.58,-0.30,-10.00
10,4,515.94,473.60,589.39,514.38,0.1579,1.3,0.75,2.33,-9.33,1.50,42.72,-0.55,-10.00
10,4,-1.00,-1.00,-1.00,-1.00,0.1453,1.3,0.71,1.92,-15.70,2.52,13.62,-0.60,-10.00
11,4,366.15,495.73,447.44,549.07,0.2892,1.7,0.97,2.37,-13.37,2.50,39.89,-0.41,-10.00
11,4,527.37,473.50,600.93,518.56,0.1787,1.5,0.83,2.37,-8.95,1.65,42.73,-0.32,-10.00
11,4,-1.00,-1.00,-1.00,-1.00,0.1598,1.5,0.75,2.11,3.21,0.93,-22.20,-1.50,-10.00
12,4,548.42,472.55,619.70,526.99,0.7120,1.8,0.98,2.25,-8.26,1.93,42.75,-0.02,-10.00
12,4,352.16,501.37,422.79,550.38,0.2569,1.5,0.76,2.01,-13.86,2.53,39.60,-0.20,-10.00
12,4,-1.00,-1.00,-1.00,-1.00,0.2027,1.3,0.81,1.97,16.69,0.41,-26.37,3.11,-10.00
12,4,-1.00,-1.00,-1.00,-1.00,0.1181,1.3,0.68,1.93,-15.69,2.44,13.61,-0.59,-10.00
12,4,-1.00,-1.00,-1.00,-1.00,0.1147,1.6,0.98,2.39,3.45,0.79,-22.65,-2.88,-10.00
12,4,1083.68,488.76,1116.97,542.69,0.1026,1.5,0.81,1.71,7.76,2.06,35.56,-1.40,-10.00
13,4,544.10,473.20,613.67,526.32,0.4005,1.8,0.96,2.30,-8.45,1.91,42.70,-0.22,-10.00
13,4,360.32,496.52,434.80,551.16,0.2713,1.7,0.84,2.19,-13.57,2.55,39.67,-0.33,-10.00
13,4,-1.00,-1.00,-1.00,-1.00,0.1385,1.3,0.82,2.08,16.25,0.60,-26.36,-0.09,-10.00
13,4,1135.31,475.77,1212.16,532.16,0.1235,1.7,0.88,2.16,10.90,1.94,39.40,0.07,-10.00
14,4,526.32,475.21,599.95,522.48,0.2440,1.6,0.82,2.34,-8.99,1.78,42.75,-0.40,-10.00
14,4,361.40,494.96,436.33,549.72,0.2279,1.7,0.84,2.19,-13.54,2.51,39.67,-0.38,-10.00
14,4,1124.41,480.09,1198.81,535.82,0.1220,1.7,0.75,2.17,10.60,2.08,39.71,-3.00,-10.00
14,4,-1.00,-1.00,-1.00,-1.00,0.1161,1.4,0.92,2.25,17.31,0.42,-26.38,-3.08,-10.00
15,4,545.39,477.79,615.66,533.08,0.2758,1.8,0.96,2.28,-8.39,2.14,42.80,-0.11,-10.00
15,4,-1.00,-1.00,-1.00,-1.00,0.1550,1.2,0.80,2.04,16.24,0.54,-26.35,-0.10,-10.00
15,4,353.16,498.51,423.11,545.93,0.1368,1.5,0.75,2.05,-13.84,2.38,39.55,-0.35,-10.00
16,4,541.58,472.12,614.52,525.47,0.2530,1.8,0.94,2.32,-8.47,1.88,42.71,-0.34,-10.00
16,4,353.67,501.62,421.18,551.05,0.1600,1.5,0.77,1.98,-13.86,2.54,39.56,-0.34,-10.00
16,4,-1.00,-1.00,-1.00,-1.00,0.1334,1.2,0.80,2.02,16.25,0.58,-26.35,-0.16,-10.00
16,4,-1.00,-1.00,-1.00,-1.00,0.1274,1.3,0.72,1.96,-15.73,2.46,13.62,-0.62,-10.00
17,4,546.89,474.03,616.50,528.29,0.4564,1.8,0.97,2.26,-8.33,1.97,42.72,-0.11,-10.00
17,4,-1.00,-1.00,-1.00,-1.00,0.2622,1.3,0.70,1.91,-15.66,2.47,13.61,-0.64,-10.00
17,4,701.47,517.31,730.23,572.32,0.1721,1.6,0.86,1.97,-3.42,3.13,38.71,1.49,-10.00
17,4,-1.00,-1.00,-1.00,-1.00,0.1286,1.4,0.95,2.29,17.30,0.40,-26.37,-3.11,-10.00
18,4,543.64,472.42,616.34,524.62,0.4166,1.7,0.96,2.32,-8.41,1.85,42.73,-0.33,-10.00
18,4,350.29,505.01,418.28,550.69,0.1683,1.4,0.72,1.97,-13.95,2.53,39.57,-0.27,-10.00
18,4,-1.00,-1.00,-1.00,-1.00,0.1359,1.3,0.71,1.94,-15.71,2.51,13.60,-0.59,-10.00
19,4,544.45,471.30,616.38,525.06,0.2190,1.8,0.99,2.32,-8.40,1.86,42.72,-0.29,-10.00
19,4,-1.00,-1.00,-1.00,-1.00,0.1642,1.3,0.70,1.92,-15.70,2.46,13.64,-0.65,-10.00
19,4,354.37,498.77,420.78,546.60,0.1127,1.5,0.67,1.95,-13.85,2.41,39.58,-0.31,-10.00
19,4,545.97,497.10,606.22,551.10,0.1031,1.4,0.87,2.27,-6.94,2.24,34.82,-1.39,-10.00
20,4,518.59,474.80,592.43,515.43,0.2501,1.3,0.75,2.34,-9.24,1.54,42.76,-0.52,-10.00
20,4,-1.00,-1.00,-1.00,-1.00,0.1821,1.3,0.72,1.87,18.88,1.39,-15.34,0.95,-10.00
20,4,1121.64,483.38,1193.74,536.80,0.1350,1.6,0.74,2.14,10.48,2.11,39.72,-2.94,-10.00
21,4,547.08,472.64,618.70,527.33,0.3005,1.8,1.01,2.33,-8.33,1.95,42.80,-0.26,-10.00
22,4,524.87,476.33,597.80,517.73,0.2882,1.4,0.78,2.32,-9.05,1.62,42.74,-0.40,-10.00
22,4,363.51,493.42,437.50,551.40,0.2446,1.8,0.87,2.18,-13.48,2.56,39.66,-0.34,-10.00
22,4,-1.00,-1.00,-1.00,-1.00,0.1732,1.3,0.71,1.91,-15.65,2.46,13.63,-0.63,-10.00
22,4,-1.00,-1.00,-1.00,-1.00,0.1034,1.7,0.75,2.22,8.24,0.71,-30.03,-1.61,-10.00
23,4,526.55,475.70,600.76,519.77,0.1914,1.5,0.78,2.36,-8.96,1.69,42.72,-0.41,-10.00
23,4,352.95,498.29,427.46,552.66,0.1765,1.7,0.87,2.17,-13.78,2.60,39.62,-0.29,-10.00
23,4,-1.00,-1.00,-1.00,-1.00,0.1230,1.3,0.78,2.08,17.13,0.40,-26.44,0.17,-10.00
24,4,-1.00,-1.00,-1.00,-1.00,0.2154,1.3,0.69,1.96,-15.66,2.52,13.63,-0.58,-10.00
24,4,451.47,499.47,562.63,582.47,0.1839,1.5,0.82,2.34,-5.99,2.08,23.65,1.94,-10.00
24,4,367.87,496.94,447.48,549.84,0.1463,1.6,0.97,2.30,-13.34,2.53,39.89,-0.43,-10.00
24,4,-1.00,-1.00,-1.00,-1.00,0.1453,1.5,0.78,2.11,5.07,1.43,-2.32,1.71,-10.00
24,4,-1.00,-1.00,-1.00,-1.00,0.1287,1.2,0.75,1.83,9.45,1.50,-5.87,-2.96,-10.00
25,4,545.55,470.73,618.31,522.99,0.3297,1.7,0.95,2.28,-8.33,1.79,42.75,0.02,-10.00
25,4,1081.69,500.90,1122.11,554.93,0.1695,1.5,0.83,2.05,7.81,2.40,35.62,1.65,-10.00
25,4,-1.00,-1.00,-1.00,-1.00,0.1691,1.2,0.68,1.83,-15.64,2.49,13.62,-0.47,-10.00
25,4,-1.00,-1.00,-1.00,-1.00,0.1308,1.7,0.85,1.94,-14.01,-0.13,-48.42,2.83,-10.00
25,4,-1.00,-1.00,-1.00,-1.00,0.1287,1.3,0.76,2.01,17.04,0.46,-26.40,-3.03,-10.00
26,4,-1.00,-1.00,-1.00,-1.00,0.3450,1.4,0.63,2.05,8.59,1.37,-0.20,-1.54,-10.00
26,4,526.35,474.37,600.28,519.13,0.2744,1.5,0.80,2.34,-8.98,1.67,42.74,-0.46,-10.00
26,4,-1.00,-1.00,-1.00,-1.00,0.1315,1.3,0.69,1.95,-15.70,2.52,13.63,-0.60,-10.00
27,4,340.60,502.53,420.05,547.82,0.2657,1.4,0.81,2.22,-14.10,2.45,39.62,-0.08,-10.00
27,4,524.14,475.13,599.24,519.67,0.1775,1.5,0.83,2.37,-9.03,1.68,42.72,-0.44,-10.00
27,4,-1.00,-1.00,-1.00,-1.00,0.1625,1.5,0.60,1.91,-10.90,2.10,8.24,-1.16,-10.00
27,4,1169.23,487.68,1283.10,558.50,0.1620,1.5,0.89,2.10,8.44,1.86,26.53,-3.09,-10.00
27,4,-1.00,-1.00,-1.00,-1.00,0.1361,1.3,0.82,2.09,16.24,0.60,-26.37,-0.07,-10.00
27,4,1109.33,480.36,1184.73,527.88,0.1129,1.5,0.92,2.22,10.26,1.84,40.11,-2.78,-10.00
28,4,-1.00,-1.00,-1.00,-1.00,0.1563,1.3,0.71,1.95,18.87,1.28,-15.29,-2.27,-10.00
28,4,361.98,495.26,435.85,551.05,0.1450,1.7,0.85,2.18,-13.53,2.55,39.68,-0.33,-10.00
28,4,-1.00,-1.00,-1.00,-1.00,0.1387,1.4,0.77,2.02,-15.21,-0.45,-14.76,-0.11,-10.00
28,4,1063.38,553.76,1145.27,676.40,0.1025,1.4,0.72,1.99,3.53,2.53,16.07,1.65,-10.00
29,4,-1.00,-1.00,-1.00,-1.00,0.1694,1.2,0.72,1.92,-15.61,2.55,13.81,-0.60,-10.00
29,4,352.16,497.96,420.40,543.86,0.1329,1.4,0.67,1.98,-13.89,2.32,39.58,-0.27,-10.00
30,4,360.97,493.51,437.10,550.84,0.2532,1.8,0.92,2.20,-13.51,2.54,39.66,-0.25,-10.00
30,4,544.05,473.21,616.05,526.12,0.2515,1.8,0.97,2.30,-8.41,1.90,42.72,-0.32,-10.00
30,4,-1.00,-1.00,-1.00,-1.00,0.2226,1.2,0.73,1.90,-15.69,2.36,13.62,-0.43,-10.00
31,4,360.04,506.59,436.50,556.52,0.2067,1.6,0.93,2.26,-13.62,2.73,39.87,-0.32,-10.00
31,4,527.16,475.42,595.41,518.15,0.1809,1.4,0.88,2.34,-9.00,1.62,42.60,-1.01,-10.00
31,4,-1.00,-1.00,-1.00,-1.00,0.1737,1.3,0.70,2.01,-15.67,2.52,13.61,-0.59,-10.00
31,4,-1.00,-1.00,-1.00,-1.00,0.1163,1.4,0.73,2.02,-16.91,3.10,17.15,1.39,-10.00
32,4,546.46,472.41,617.29,527.04,0.4371,1.8,0.98,2.28,-8.35,1.93,42.72,-0.29,-10.00
32,4,-1.00,-1.00,-1.00,-1.00,0.2546,1.3,0.73,1.95,-15.68,2.50,13.57,-0.62,-10.00
33,4,524.42,476.12,600.29,521.03,0.2222,1.5,0.86,2.39,-9.00,1.73,42.72,-0.45,-10.00
33,4,-1.00,-1.00,-1.00,-1.00,0.2144,1.3,0.70,1.94,-15.71,2.47,13.63,-0.64,-10.00
33,4,1141.83,462.29,1249.94,532.28,0.1559,1.4,0.77,2.09,7.92,1.33,26.91,-2.69,-10.00
33,4,346.91,498.86,419.68,545.75,0.1377,1.5,0.76,2.05,-13.99,2.38,39.58,-0.15,-10.00
33,4,-1.00,-1.00,-1.00,-1.00,0.1108,1.2,0.80,2.04,16.24,0.58,-26.38,-0.06,-10.00
34,4,546.00,473.23,618.22,526.10,0.4588,1.8,0.91,2.26,-8.32,1.90,42.72,0.06,-10.00
34,4,349.54,500.32,424.13,547.20,0.2702,1.5,0.76,2.17,-13.87,2.42,39.57,-0.28,-10.00
34,4,-1.00,-1.00,-1.00,-1.00,0.1045,1.2,0.64,1.80,11.87,1.01,-1.08,2.77,-10.00
35,4,545.46,474.93,614.99,527.41,0.3278,1.8,0.95,2.30,-8.39,1.94,42.71,-0.20,-10.00
35,4,350.40,498.60,421.37,544.31,0.1904,1.4,0.70,2.04,-13.91,2.34,39.59,-0.23,-10.00
36,4,548.79,471.64,619.73,527.25,0.7233,1.9,1.04,2.26,-8.27,1.94,42.84,-0.06,-10.00
36,4,360.07,490.17,436.63,545.82,0.3447,1.7,0.85,2.25,-13.53,2.39,39.64,-0.30,-10.00
37,4,347.48,496.32,423.28,543.67,0.3294,1.5,0.74,2.17,-13.93,2.32,39.59,-0.20,-10.00
37,4,545.92,473.01,615.42,526.23,0.2444,1.8,0.96,2.28,-8.37,1.90,42.72,-0.14,-10.00
37,4,-1.00,-1.00,-1.00,-1.00,0.2088,1.3,0.69,1.90,-15.66,2.47,13.64,-0.62,-10.00
37,4,-1.00,-1.00,-1.00,-1.00,0.1317,1.8,0.87,2.36,1.55,0.29,-21.56,-1.65,-10.00
37,4,-1.00,-1.00,-1.00,-1.00,0.1211,1.2,0.57,1.89,3.35,0.66,-36.65,1.60,-10.00
37,4,-1.00,-1.00,-1.00,-1.00,0.1094,1.4,0.68,1.90,18.84,1.27,-15.32,-2.25,-10.00
38,4,353.68,499.64,427.13,553.53,0.1654,1.7,0.89,2.12,-13.77,2.62,39.62,-0.26,-10.00
38,4,-1.00,-1.00,-1.00,-1.00,0.1183,1.3,0.69,1.87,-15.70,2.47,13.62,-0.57,-10.00
39,4,351.03,502.38,420.01,548.37,0.1902,1.4,0.72,2.00,-13.92,2.46,39.58,-0.27,-10.00
39,4,-1.00,-1.00,-1.00,-1.00,0.1458,1.3,0.68,1.95,-15.66,2.50,13.62,-0.61,-10.00
39,4,-1.00,-1.00,-1.00,-1.00,0.1072,1.9,0.78,2.21,1.61,0.83,-20.03,-1.64,-10.00
40,4,-1.00,-1.00,-1.00,-1.00,0.1746,1.2,0.71,1.84,-15.65,2.49,13.61,-0.60,-10.00
40,4,519.13,477.08,590.62,517.52,0.1302,1.3,0.76,2.26,-9.25,1.61,42.68,-0.61,-10.00
40,4,1134.31,475.86,1210.34,531.10,0.1058,1.7,0.90,2.14,10.87,1.91,39.45,0.08,-10.00
