0,4,-1.00,-1.00,-1.00,-1.00,0.3533,1.2,0.72,1.74,-8.74,1.14,0.21,-0.15,-10.00
0,4,-1.00,-1.00,-1.00,-1.00,0.1442,1.3,0.73,1.86,-12.23,0.85,1.04,2.77,-10.00
0,4,-1.00,-1.00,-1.00,-1.00,0.1383,1.4,0.81,2.10,-17.85,0.13,2.10,-1.55,-10.00
0,4,1233.74,487.47,1393.48,585.72,0.1247,1.3,0.74,1.95,6.97,1.30,17.81,-3.13,-10.00
0,4,854.83,471.84,930.69,542.81,0.1216,1.7,0.90,2.39,1.90,1.26,31.87,-1.98,-10.00
0,4,-1.00,-1.00,-1.00,-1.00,0.1109,1.6,0.80,2.14,6.14,1.12,-42.72,1.35,-10.00
1,4,-1.00,-1.00,-1.00,-1.00,0.1499,1.3,0.72,2.06,4.46,1.66,-38.48,-1.47,-10.00
1,4,-1.00,-1.00,-1.00,-1.00,0.1204,1.4,0.79,2.18,-2.17,1.35,-41.36,-3.09,-10.00
1,4,-1.00,-1.00,-1.00,-1.00,0.1093,1.3,0.63,2.05,-14.65,-0.78,-8.87,1.54,-10.00
1,4,-1.00,-1.00,-1.00,-1.00,0.1055,1.4,0.76,2.08,-1.13,1.63,-51.31,-1.70,-10.00
2,4,-1.00,-1.00,-1.00,-1.00,0.1329,1.4,0.75,2.11,4.48,1.97,-41.55,-1.54,-10.00
2,4,-1.00,-1.00,-1.00,-1.00,0.1304,1.4,0.85,2.12,8.22,2.18,-39.83,2.91,-10.00
2,4,-1.00,-1.00,-1.00,-1.00,0.1271,1.2,0.66,2.02,28.88,2.26,-3.88,0.05,-10.00
2,4,-1.00,-1.00,-1.00,-1.00,0.1034,1.5,0.82,2.22,-3.50,1.63,-42.25,-1.71,-10.00
3,4,-1.00,-1.00,-1.00,-1.00,0.1549,1.3,0.72,2.05,-3.93,1.52,-25.26,1.56,-10.00
3,4,1209.91,511.37,1294.24,563.02,0.1191,1.5,0.88,2.14,12.58,2.04,36.61,-3.10,-10.00
3,4,1582.09,498.86,1600.00,623.68,0.1029,1.3,0.76,2.21,9.51,1.40,14.43,1.84,-10.00
3,4,-1.00,-1.00,-1.00,-1.00,0.1027,1.3,0.70,2.10,-4.78,1.65,-36.20,1.62,-10.00
3,4,-1.00,-1.00,-1.00,-1.00,0.1015,1.4,0.84,2.14,-17.78,-0.99,17.10,1.60,-10.00
4,4,-1.00,-1.00,-1.00,-1.00,0.3156,1.4,0.76,2.04,-3.03,1.63,-47.76,-1.89,-10.00
4,4,1320.47,426.77,1424.61,496.55,0.1822,1.4,0.68,1.92,11.34,0.10,25.85,-2.71,-10.00
4,4,1258.88,445.08,1365.97,510.28,0.1681,1.3,0.84,2.05,10.39,0.39,26.59,-2.83,-10.00
4,4,-1.00,-1.00,-1.00,-1.00,0.1358,1.3,0.72,2.20,-7.60,-0.37,-49.86,-1.53,-10.00
5,4,-1.00,-1.00,-1.00,-1.00,0.5215,1.4,0.75,2.20,-5.72,1.37,-20.82,-1.55,-10.00
5,4,-1.00,-1.00,-1.00,-1.00,0.2520,1.5,0.78,2.18,-10.29,-0.16,-19.64,1.65,-10.00
5,4,-1.00,-1.00,-1.00,-1.00,0.2265,1.3,0.73,2.09,-4.28,0.87,-33.07,-0.49,-10.00
5,4,-1.00,-1.00,-1.00,-1.00,0.2223,1.4,0.85,2.10,-2.73,1.71,-51.04,1.30,-10.00
5,4,-1.00,-1.00,-1.00,-1.00,0.1633,1.3,0.68,1.95,-6.81,1.17,-25.65,-3.13,-10.00
6,4,-1.00,-1.00,-1.00,-1.00,0.4291,1.4,0.72,2.30,-5.32,1.18,-23.38,-1.58,-10.00
7,4,1341.45,529.90,1417.58,598.95,0.2116,1.6,0.82,2.00,13.52,2.52,30.47,1.49,-10.00
7,4,-1.00,-1.00,-1.00,-1.00,0.1536,1.4,0.78,2.27,-2.00,1.63,-38.16,1.80,-10.00
7,4,-1.00,-1.00,-1.00,-1.00,0.1463,1.5,0.86,2.10,-30.99,-1.30,0.77,1.58,-10.00
7,4,-1.00,-1.00,-1.00,-1.00,0.1315,1.3,0.70,1.91,26.58,1.31,-19.88,0.06,-10.00
7,4,-1.00,-1.00,-1.00,-1.00,0.1246,1.4,0.77,2.21,-2.02,2.00,-41.31,1.47,-10.00
7,4,-1.00,-1.00,-1.00,-1.00,0.1197,1.4,0.79,2.22,-1.54,2.02,-39.95,1.46,-10.00
8,4,-1.00,-1.00,-1.00,-1.00,0.3581,1.4,0.80,2.21,-0.83,1.82,-39.13,-1.62,-10.00
8,4,-1.00,-1.00,-1.00,-1.00,0.1806,1.9,1.03,2.32,38.56,0.06,11.28,-2.76,-10.00
8,4,-1.00,-1.00,-1.00,-1.00,0.1389,1.7,0.98,2.51,-27.39,-0.46,-4.05,1.46,-10.00
8,4,-1.00,-1.00,-1.00,-1.00,0.1332,1.4,0.67,2.10,6.47,1.10,-26.98,-1.59,-10.00
8,4,369.67,446.25,474.18,510.02,0.1067,1.3,0.67,1.91,-8.05,0.37,25.89,0.01,-10.00
8,4,-1.00,-1.00,-1.00,-1.00,0.1021,1.4,0.75,2.12,-1.12,1.51,-40.53,1.83,-10.00
9,4,-1.00,-1.00,-1.00,-1.00,0.2543,1.5,0.75,2.14,15.03,0.16,-24.86,1.39,-10.00
9,4,-1.00,-1.00,-1.00,-1.00,0.1186,1.4,0.79,1.94,30.01,-0.41,22.59,-2.98,-10.00
9,4,-1.00,-1.00,-1.00,-1.00,0.1100,1.4,0.79,2.22,6.49,2.35,-43.34,1.49,-10.00
9,4,-1.00,-1.00,-1.00,-1.00,0.1079,1.4,0.73,2.19,-18.19,0.35,1.73,-1.69,-10.00
10,4,-1.00,-1.00,-1.00,-1.00,0.1155,1.3,0.80,1.46,-20.47,-0.26,-1.07,-1.78,-10.00
10,4,-1.00,-1.00,-1.00,-1.00,0.1087,2.0,0.79,2.25,46.99,0.80,18.09,-3.04,-10.00
10,4,-1.00,-1.00,-1.00,-1.00,0.1076,1.3,0.67,2.11,-14.53,0.30,-0.57,1.43,-10.00
11,4,-1.00,-1.00,-1.00,-1.00,0.1256,1.6,0.76,2.17,17.00,1.19,-22.24,1.71,-10.00
12,4,-1.00,-1.00,-1.00,-1.00,0.2162,1.3,0.71,2.08,-23.42,0.07,-19.60,-2.00,-10.00
12,4,-1.00,-1.00,-1.00,-1.00,0.1478,1.3,0.87,2.21,12.91,2.34,-44.28,2.77,-10.00
12,4,-1.00,-1.00,-1.00,-1.00,0.1407,1.3,0.75,2.12,9.49,2.28,-33.07,2.88,-10.00
13,4,-1.00,-1.00,-1.00,-1.00,0.1298,1.6,0.79,2.47,13.52,1.71,5.91,1.10,-10.00
13,4,-1.00,-1.00,-1.00,-1.00,0.1250,1.4,0.82,2.20,16.21,1.71,-33.10,2.83,-10.00
13,4,-1.00,-1.00,-1.00,-1.00,0.1060,1.2,0.59,2.00,-3.86,0.99,-19.64,1.52,-10.00
14,4,-1.00,-1.00,-1.00,-1.00,0.1351,1.5,0.57,1.66,-8.23,-0.02,-26.93,-1.50,-10.00
14,4,-1.00,-1.00,-1.00,-1.00,0.1349,1.5,0.74,2.03,-9.61,-0.12,-28.94,-0.57,-10.00
14,4,-1.00,-1.00,-1.00,-1.00,0.1072,1.2,0.72,1.93,8.18,2.65,-7.77,0.65,-10.00
15,4,-1.00,-1.00,-1.00,-1.00,0.5518,1.5,0.76,2.08,15.19,1.71,-25.82,-2.78,-10.00
15,4,-1.00,-1.00,-1.00,-1.00,0.3644,1.4,0.59,1.67,4.39,1.06,-20.61,-2.80,-10.00
15,4,-1.00,-1.00,-1.00,-1.00,0.1410,1.3,0.72,2.08,20.58,2.59,-24.04,-1.20,-10.00
15,4,-1.00,-1.00,-1.00,-1.00,0.1050,1.9,0.88,2.34,30.54,0.51,37.88,-2.63,-10.00
15,4,1474.88,476.30,1541.54,522.26,0.1026,1.7,0.86,2.14,25.58,1.13,46.86,-2.66,-10.00
16,4,1470.99,487.80,1565.89,570.55,0.2496,1.3,0.63,2.10,11.87,1.29,21.49,-1.47,-10.00
16,4,-1.00,-1.00,-1.00,-1.00,0.1369,1.4,0.64,2.03,18.52,1.18,27.70,-2.81,-10.00
16,4,1369.76,486.76,1416.94,538.59,0.1110,1.5,0.72,2.06,17.18,1.38,37.75,1.71,-10.00
16,4,-1.00,-1.00,-1.00,-1.00,0.1021,1.5,0.68,1.92,19.42,1.14,27.80,-1.33,-10.00
17,4,781.64,485.40,824.00,540.26,0.3989,1.3,0.71,2.13,-0.31,1.17,31.03,-1.43,-10.00
17,4,1587.54,521.93,1600.00,644.75,0.3814,1.3,0.64,2.17,9.90,1.70,14.99,-1.36,-10.00
17,4,1176.64,481.44,1216.24,532.41,0.1907,1.4,0.84,2.03,10.88,1.16,36.29,1.74,-10.00
17,4,1154.18,491.09,1180.71,534.12,0.1071,1.5,0.89,2.01,12.80,1.53,46.11,1.86,-10.00
18,4,1367.17,487.06,1461.71,590.06,0.2991,1.4,0.70,1.58,8.59,1.37,18.25,1.64,-10.00
18,4,1091.14,487.64,1148.15,538.81,0.1376,1.4,0.85,2.15,8.37,1.29,35.03,-1.68,-10.00
18,4,1193.51,464.36,1228.60,505.51,0.1330,1.3,0.78,2.07,13.23,0.46,42.48,-1.44,-10.00
18,4,1205.09,448.48,1283.89,506.91,0.1096,1.8,0.90,2.20,13.17,0.46,39.00,-2.94,-10.00
19,4,1321.00,501.61,1452.55,614.78,0.4084,1.4,0.63,1.80,7.39,1.53,16.50,1.37,-10.00
19,4,804.18,486.18,826.60,520.11,0.2705,1.3,0.69,2.17,-0.02,1.11,49.61,1.65,-10.00
19,4,1025.79,486.85,1063.22,542.03,0.1786,1.4,0.82,2.00,5.95,1.30,33.12,-1.46,-10.00
19,4,729.28,458.57,766.39,507.17,0.1733,1.7,1.19,2.47,-2.44,0.55,45.44,-1.57,-10.00
19,4,1245.80,519.95,1301.68,597.06,0.1512,1.3,0.70,2.17,8.41,1.87,23.36,1.79,-10.00
19,4,1390.15,506.17,1501.81,615.97,0.1280,1.3,0.63,2.06,8.24,1.55,16.68,1.67,-10.00
19,4,1087.73,485.31,1116.31,527.31,0.1226,1.4,0.64,2.18,9.53,1.18,42.30,-1.48,-10.00
20,4,1015.23,480.60,1047.75,541.66,0.4984,1.5,0.77,1.51,5.30,1.22,31.17,1.74,-10.00
20,4,-1.00,-1.00,-1.00,-1.00,0.1442,1.3,0.63,2.02,20.10,0.82,-38.31,0.14,-10.00
20,4,1326.25,467.64,1384.55,521.47,0.1163,1.4,0.68,2.16,14.32,0.79,33.70,-1.55,-10.00
21,4,-1.00,-1.00,-1.00,-1.00,0.2509,1.2,0.65,1.91,8.54,0.78,-41.78,-0.34,-10.00
21,4,-1.00,-1.00,-1.00,-1.00,0.1470,1.4,0.76,2.11,18.83,1.64,-31.04,0.24,-10.00
21,4,1095.60,428.46,1155.25,464.38,0.1407,1.3,0.79,2.04,11.37,-1.02,46.64,-3.03,-10.00
21,4,1464.59,489.27,1600.00,651.86,0.1170,1.5,0.71,1.79,7.06,1.45,12.28,-1.51,-10.00
21,4,1030.45,474.56,1065.15,531.91,0.1004,1.3,0.69,1.90,5.48,0.94,29.93,1.81,-10.00
22,4,909.89,490.24,942.47,530.79,0.2370,1.4,0.88,2.29,3.96,1.40,45.79,-1.61,-10.00
22,4,974.65,488.48,1005.29,533.31,0.1960,1.4,0.73,2.23,5.54,1.32,40.47,1.60,-10.00
22,4,1108.41,425.88,1166.23,463.56,0.1749,1.3,0.81,1.89,11.30,-1.00,44.63,-3.01,-10.00
22,4,-1.00,-1.00,-1.00,-1.00,0.1488,1.6,0.74,2.21,-1.09,-0.34,-39.19,1.79,-10.00
22,4,-1.00,-1.00,-1.00,-1.00,0.1409,1.5,0.76,1.93,-9.99,2.67,-12.19,0.16,-10.00
22,4,-1.00,-1.00,-1.00,-1.00,0.1104,1.3,0.69,1.89,9.22,0.60,-44.15,1.27,-10.00
22,4,1265.79,480.43,1406.01,573.97,0.1041,1.3,0.69,1.93,7.31,1.13,17.80,2.71,-10.00
23,4,-1.00,-1.00,-1.00,-1.00,0.2471,1.3,0.72,2.04,11.51,1.86,-12.64,-1.51,-10.00
23,4,1346.27,448.56,1452.04,510.43,0.1743,1.4,0.70,2.09,13.34,0.43,29.02,0.13,-10.00
23,4,967.79,490.19,1036.94,530.96,0.1569,1.2,0.73,1.95,5.55,1.17,37.83,3.14,-10.00
23,4,-1.00,-1.00,-1.00,-1.00,0.1345,1.5,1.02,2.09,23.55,1.99,-33.05,1.66,-10.00
23,4,-1.00,-1.00,-1.00,-1.00,0.1167,1.5,0.77,1.99,7.86,1.01,-35.02,-0.08,-10.00
23,4,-1.00,-1.00,-1.00,-1.00,0.1115,1.3,0.71,1.88,7.62,2.04,-30.15,-1.45,-10.00
23,4,1367.42,465.95,1549.45,564.08,0.1064,1.2,0.72,1.94,8.18,0.90,16.20,-3.00,-10.00
23,4,-1.00,-1.00,-1.00,-1.00,0.1043,1.4,0.91,2.13,10.82,2.03,-30.64,-1.64,-10.00
23,4,1105.62,422.34,1180.20,466.66,0.1041,1.4,0.80,2.31,10.97,-0.86,42.59,-3.09,-10.00
24,4,625.60,450.35,663.72,511.57,0.2442,1.7,0.90,2.28,-4.87,0.57,36.07,1.51,-10.00
24,4,-1.00,-1.00,-1.00,-1.00,0.2335,1.4,0.71,2.10,9.07,1.58,-13.53,3.03,-10.00
24,4,929.38,494.12,953.65,536.47,0.1569,1.4,0.79,1.78,4.38,1.56,44.34,1.64,-10.00
24,4,1091.76,421.54,1172.62,467.18,0.1338,1.4,0.79,2.37,10.03,-0.80,40.25,-3.13,-10.00
24,4,1133.03,473.08,1190.01,540.33,0.1331,1.4,0.71,2.20,7.44,1.03,27.39,-1.53,-10.00
24,4,-1.00,-1.00,-1.00,-1.00,0.1174,1.4,0.88,2.18,14.10,0.78,-45.89,2.90,-10.00
25,4,-1.00,-1.00,-1.00,-1.00,0.1893,1.5,0.80,2.00,8.39,1.75,-4.71,-0.13,-10.00
25,4,606.31,454.78,644.11,509.34,0.1470,1.6,0.82,2.21,-5.64,0.52,37.48,-1.59,-10.00
25,4,-1.00,-1.00,-1.00,-1.00,0.1381,1.3,0.75,1.96,7.24,1.60,-24.58,2.59,-10.00
26,4,-1.00,-1.00,-1.00,-1.00,0.2930,1.5,0.92,2.02,8.32,1.83,-7.79,-0.10,-10.00
26,4,718.55,486.31,760.45,526.66,0.2496,1.4,0.72,2.07,-2.76,1.26,45.75,1.93,-10.00
26,4,-1.00,-1.00,-1.00,-1.00,0.1834,1.4,0.81,2.13,9.60,1.93,-37.45,3.12,-10.00
26,4,-1.00,-1.00,-1.00,-1.00,0.1762,1.6,1.15,2.58,10.93,2.17,-37.84,3.13,-10.00
26,4,896.21,490.13,942.69,537.67,0.1052,1.4,0.88,2.07,3.17,1.40,39.09,1.37,-10.00
27,4,723.98,488.55,763.78,530.49,0.2185,1.4,0.78,1.91,-2.43,1.30,42.71,1.83,-10.00
27,4,-1.00,-1.00,-1.00,-1.00,0.1415,1.5,0.75,2.19,10.09,0.85,-27.76,-1.81,-10.00
27,4,883.83,482.08,921.29,527.17,0.1333,1.5,0.66,2.11,2.89,1.18,42.28,-1.21,-10.00
27,4,1213.90,477.84,1292.42,561.82,0.1125,1.2,0.59,1.97,6.75,1.05,19.66,-1.54,-10.00
27,4,892.42,492.09,922.76,542.75,0.1068,1.4,0.80,2.30,2.68,1.48,37.30,-1.53,-10.00
27,4,-1.00,-1.00,-1.00,-1.00,0.1039,1.4,0.78,1.84,4.14,1.80,-6.17,2.64,-10.00
28,4,785.48,487.41,846.22,525.63,0.2874,1.5,0.78,2.21,-0.02,1.31,49.08,-0.35,-10.00
28,4,-1.00,-1.00,-1.00,-1.00,0.1855,1.3,0.57,1.94,6.18,1.61,-6.22,-1.76,-10.00
28,4,1086.72,481.42,1143.47,558.22,0.1387,1.5,0.73,1.91,5.89,1.28,25.04,1.61,-10.00
28,4,981.96,490.47,1019.19,525.38,0.1381,1.3,0.65,2.07,6.84,1.25,46.90,-1.05,-10.00
28,4,-1.00,-1.00,-1.00,-1.00,0.1355,1.5,1.04,2.59,9.88,1.73,-34.24,-2.83,-10.00
28,4,728.32,484.69,781.64,527.21,0.1197,1.3,0.69,2.04,-1.89,1.10,39.32,2.06,-10.00
28,4,-1.00,-1.00,-1.00,-1.00,0.1156,1.3,0.77,2.06,6.88,1.65,-33.32,1.68,-10.00
28,4,-1.00,-1.00,-1.00,-1.00,0.1040,1.4,0.91,2.08,13.20,0.67,-46.14,-0.06,-10.00
28,4,-1.00,-1.00,-1.00,-1.00,0.1008,1.4,0.69,1.83,6.85,1.83,-14.61,3.11,-10.00
29,4,-1.00,-1.00,-1.00,-1.00,0.1090,1.2,0.77,1.84,-30.56,-0.79,-1.23,1.45,-10.00
29,4,-1.00,-1.00,-1.00,-1.00,0.1046,1.4,0.79,2.07,4.58,1.69,-12.24,-0.52,-10.00
29,4,-1.00,-1.00,-1.00,-1.00,0.1045,1.5,0.77,2.00,8.83,1.60,-15.46,0.05,-10.00
29,4,-1.00,-1.00,-1.00,-1.00,0.1040,1.3,0.71,1.90,4.32,1.73,-12.91,2.71,-10.00
29,4,1092.92,470.19,1208.48,537.41,0.1035,1.3,0.77,2.13,6.58,0.89,25.02,-3.01,-10.00
30,4,-1.00,-1.00,-1.00,-1.00,0.2235,1.5,0.72,1.95,6.78,2.01,-51.23,-1.57,-10.00
30,4,872.26,474.26,897.97,515.49,0.1954,1.4,0.85,2.20,2.37,0.82,43.36,-1.51,-10.00
30,4,-1.00,-1.00,-1.00,-1.00,0.1912,1.6,0.69,1.91,-6.66,1.39,-8.11,1.85,-10.00
30,4,-1.00,-1.00,-1.00,-1.00,0.1575,1.3,0.94,2.18,4.43,2.19,-36.97,-3.07,-10.00
30,4,-1.00,-1.00,-1.00,-1.00,0.1263,1.4,0.82,2.31,1.56,2.62,-51.19,0.00,-10.00
30,4,1065.75,488.40,1090.92,533.03,0.1155,1.4,0.76,2.19,8.30,1.30,40.11,-1.37,-10.00
30,4,-1.00,-1.00,-1.00,-1.00,0.1073,1.3,0.66,2.22,5.34,1.67,-40.49,1.51,-10.00
31,4,-1.00,-1.00,-1.00,-1.00,0.3017,1.3,0.67,2.01,11.84,2.26,-29.52,-3.08,-10.00
31,4,668.60,475.31,745.17,525.64,0.1418,1.4,0.71,2.02,-3.02,0.93,35.02,-3.08,-10.00
31,4,-1.00,-1.00,-1.00,-1.00,0.1403,1.7,0.90,1.79,10.94,0.62,-36.58,-2.94,-10.00
32,4,-1.00,-1.00,-1.00,-1.00,0.2078,1.4,0.72,2.23,4.95,1.86,-39.72,1.49,-10.00
32,4,-1.00,-1.00,-1.00,-1.00,0.1823,1.5,0.80,2.33,5.29,1.94,-41.02,-1.68,-10.00
32,4,-1.00,-1.00,-1.00,-1.00,0.1482,1.5,1.01,2.49,4.01,1.64,-43.77,-3.06,-10.00
32,4,-1.00,-1.00,-1.00,-1.00,0.1036,1.4,0.75,2.09,4.70,1.55,-34.64,-0.06,-10.00
32,4,-1.00,-1.00,-1.00,-1.00,0.1035,1.2,0.55,1.94,-8.65,1.84,-18.55,1.84,-10.00
33,4,493.23,434.50,596.92,506.54,0.2008,1.6,0.90,2.16,-6.30,0.34,29.48,-2.96,-10.00
33,4,-1.00,-1.00,-1.00,-1.00,0.1884,1.4,0.65,1.81,7.07,1.24,8.24,0.13,-10.00
33,4,1170.04,461.19,1202.18,516.03,0.1183,1.5,0.64,2.01,10.09,0.67,34.59,1.75,-10.00
33,4,-1.00,-1.00,-1.00,-1.00,0.1183,1.6,0.77,2.06,-6.26,0.11,-32.40,1.70,-10.00
34,4,-1.00,-1.00,-1.00,-1.00,0.7385,1.8,0.74,2.11,-26.47,-0.16,-25.95,0.07,-10.00
34,4,-1.00,-1.00,-1.00,-1.00,0.1465,1.3,0.65,1.88,-24.29,2.51,-18.80,1.69,-10.00
34,4,-1.00,-1.00,-1.00,-1.00,0.1437,1.8,0.87,2.36,7.30,0.42,-32.60,-1.51,-10.00
35,4,-1.00,-1.00,-1.00,-1.00,0.2372,1.5,0.70,1.72,4.58,2.36,-28.97,1.39,-10.00
35,4,1173.58,437.16,1216.58,492.15,0.1265,1.5,0.75,2.18,10.81,-0.00,36.20,-1.48,-10.00
35,4,915.10,405.37,945.71,456.30,0.1027,1.6,0.86,2.26,3.96,-1.28,44.07,1.57,-10.00
36,4,-1.00,-1.00,-1.00,-1.00,0.2075,1.4,0.88,2.44,-8.32,2.12,-36.40,-1.35,-10.00
36,4,1234.29,475.37,1287.41,548.76,0.1423,1.4,0.79,2.21,9.05,1.14,25.84,1.80,-10.00
37,4,-1.00,-1.00,-1.00,-1.00,0.3679,1.6,0.72,2.09,8.70,0.50,-40.95,-0.12,-10.00
37,4,1186.79,451.38,1250.94,515.27,0.1830,1.6,0.84,2.40,10.24,0.60,32.30,1.55,-10.00
37,4,-1.00,-1.00,-1.00,-1.00,0.1591,1.3,0.80,1.97,7.28,1.82,-30.91,1.56,-10.00
38,4,-1.00,-1.00,-1.00,-1.00,0.2222,1.3,0.64,2.09,8.24,1.47,-29.74,-1.59,-10.00
39,4,915.36,451.24,969.08,496.07,0.2349,1.3,0.88,2.32,3.95,0.12,39.56,-1.10,-10.00
39,4,364.11,422.19,440.83,531.52,0.1459,1.3,0.70,2.24,-5.39,0.51,16.60,1.36,-10.00
39,4,-1.00,-1.00,-1.00,-1.00,0.1070,1.5,0.81,2.26,9.87,1.90,-35.87,-3.14,-10.00
40,4,-1.00,-1.00,-1.00,-1.00,0.7192,1.6,1.04,2.34,-4.01,1.79,-48.48,-1.55,-10.00
40,4,-1.00,-1.00,-1.00,-1.00,0.1411,1.3,0.63,2.12,8.54,0.89,-20.92,-1.62,-10.00
40,4,-1.00,-1.00,-1.00,-1.00,0.1285,1.3,0.62,1.98,9.59,0.80,-34.51,-1.57,-10.00
40,4,-1.00,-1.00,-1.00,-1.00,0.1242,1.3,0.70,1.89,12.43,0.84,-7.05,2.99,-10.00
40,4,882.25,468.55,917.23,517.71,0.1122,1.4,0.74,2.38,2.41,0.76,36.81,-1.62,-10.00
