0,4,-1.00,-1.00,-1.00,-1.00,0.3060,1.8,0.80,2.04,-6.39,1.81,-34.90,-1.26,-10.00
0,4,238.61,431.03,296.63,496.45,0.1463,1.3,0.80,2.23,-11.77,0.09,27.12,1.01,-10.00
0,4,-1.00,-1.00,-1.00,-1.00,0.1278,1.4,0.75,2.15,-21.67,0.53,9.79,-2.05,-10.00
0,4,-1.00,-1.00,-1.00,-1.00,0.1123,1.3,0.73,2.02,-18.84,0.74,-27.30,-0.10,-10.00
1,4,-1.00,-1.00,-1.00,-1.00,0.3918,1.7,0.86,2.00,-9.02,1.07,-33.58,-1.37,-10.00
1,4,-1.00,-1.00,-1.00,-1.00,0.1328,1.7,0.83,2.13,-39.09,-1.15,-42.37,-0.11,-10.00
1,4,-1.00,-1.00,-1.00,-1.00,0.1043,1.3,0.69,2.16,-20.59,0.90,1.98,1.83,-10.00
2,4,-1.00,-1.00,-1.00,-1.00,0.4540,1.7,0.84,1.95,-11.05,0.91,-32.51,-1.15,-10.00
2,4,436.63,437.55,494.36,515.64,0.3784,1.3,0.77,2.28,-6.22,0.42,22.54,-1.75,-10.00
2,4,836.69,424.30,892.19,458.94,0.2126,1.2,0.77,2.05,1.81,-1.24,47.48,-3.07,-10.00
2,4,-1.00,-1.00,-1.00,-1.00,0.1724,1.3,0.65,1.93,-20.94,1.12,0.36,-3.06,-10.00
3,4,-1.00,-1.00,-1.00,-1.00,0.4457,1.7,0.79,1.87,-11.55,0.87,-32.12,-1.09,-10.00
3,4,-1.00,-1.00,-1.00,-1.00,0.1543,1.4,0.67,1.86,-26.21,0.53,-1.39,-0.18,-10.00
3,4,-1.00,-1.00,-1.00,-1.00,0.1209,1.4,0.75,2.36,-20.07,0.61,-24.08,-0.24,-10.00
3,4,-1.00,-1.00,-1.00,-1.00,0.1173,1.2,0.60,1.32,-24.38,-0.74,7.96,-0.09,-10.00
3,4,-1.00,-1.00,-1.00,-1.00,0.1130,1.4,0.71,2.21,-19.37,0.53,10.56,-1.86,-10.00
4,4,-1.00,-1.00,-1.00,-1.00,0.2579,1.6,0.71,1.96,-10.74,0.67,-31.91,-1.05,-10.00
4,4,-1.00,-1.00,-1.00,-1.00,0.1840,1.8,0.63,1.54,-30.87,0.32,-6.07,-0.31,-10.00
4,4,381.87,440.72,552.74,537.08,0.1188,1.3,0.80,2.17,-4.90,0.63,17.85,0.15,-10.00
5,4,-1.00,-1.00,-1.00,-1.00,0.1018,1.3,0.80,2.01,-16.34,0.68,-32.08,-2.89,-10.00
6,4,-1.00,-1.00,-1.00,-1.00,0.1331,1.3,0.56,1.99,-18.62,1.16,-0.60,1.64,-10.00
7,4,-1.00,-1.00,-1.00,-1.00,0.5087,1.7,0.79,1.89,-6.33,-0.08,-32.83,-1.11,-10.00
7,4,-1.00,-1.00,-1.00,-1.00,0.1661,1.4,0.82,1.82,-11.38,1.47,5.11,-0.01,-10.00
7,4,949.51,516.01,1004.45,551.78,0.1038,1.4,0.87,2.09,6.21,2.31,49.03,-3.04,-10.00
8,4,-1.00,-1.00,-1.00,-1.00,0.3406,1.7,0.82,1.92,-4.60,-0.11,-32.73,-1.10,-10.00
8,4,942.93,521.30,973.93,555.58,0.1503,1.2,0.63,1.76,5.21,2.32,46.51,1.38,-10.00
8,4,-1.00,-1.00,-1.00,-1.00,0.1191,1.7,0.78,1.91,-4.76,-0.10,-33.87,-1.09,-10.00
8,4,-1.00,-1.00,-1.00,-1.00,0.1085,1.2,0.65,1.99,-9.95,-0.09,-42.93,3.14,-10.00
9,4,-1.00,-1.00,-1.00,-1.00,0.5433,1.7,0.79,1.93,-3.12,0.10,-33.17,-1.15,-10.00
9,4,-1.00,-1.00,-1.00,-1.00,0.1543,1.4,0.88,2.34,-11.87,0.04,-39.77,-0.34,-10.00
9,4,-1.00,-1.00,-1.00,-1.00,0.1220,1.3,0.59,1.95,-21.42,0.13,-21.34,-0.40,-10.00
9,4,-1.00,-1.00,-1.00,-1.00,0.1017,1.5,0.81,2.11,-22.34,1.00,-16.51,-0.14,-10.00
10,4,-1.00,-1.00,-1.00,-1.00,0.6347,1.7,0.83,1.96,-1.88,0.69,-32.98,-1.28,-10.00
10,4,-1.00,-1.00,-1.00,-1.00,0.5844,1.3,0.56,2.06,-21.45,0.07,-24.55,-0.61,-10.00
10,4,-1.00,-1.00,-1.00,-1.00,0.1734,1.4,0.74,2.22,-7.10,1.14,-31.65,1.68,-10.00
10,4,-1.00,-1.00,-1.00,-1.00,0.1503,1.3,0.78,2.24,-11.91,0.15,-43.18,-0.99,-10.00
11,4,-1.00,-1.00,-1.00,-1.00,0.4791,1.7,0.81,2.00,-1.07,1.32,-32.48,-1.45,-10.00
11,4,-1.00,-1.00,-1.00,-1.00,0.1862,1.3,0.61,1.94,-32.68,-0.72,-40.86,-2.04,-10.00
11,4,-1.00,-1.00,-1.00,-1.00,0.1702,1.4,0.87,2.18,-17.75,1.17,-12.90,0.09,-10.00
11,4,-1.00,-1.00,-1.00,-1.00,0.1427,1.5,0.76,2.07,-25.57,-0.44,-32.57,-1.55,-10.00
11,4,1224.14,499.53,1278.17,546.97,0.1157,1.3,0.67,2.06,12.00,1.51,35.01,-1.64,-10.00
12,4,-1.00,-1.00,-1.00,-1.00,0.3943,1.7,0.85,2.03,-0.57,1.08,-31.76,-1.50,-10.00
12,4,-1.00,-1.00,-1.00,-1.00,0.1449,1.4,0.64,1.98,30.59,1.25,14.51,-1.54,-10.00
12,4,1005.21,539.89,1033.06,585.16,0.1198,1.4,0.76,2.14,6.73,3.05,42.06,-1.48,-10.00
12,4,-1.00,-1.00,-1.00,-1.00,0.1159,1.4,0.78,2.32,-4.70,0.88,-38.60,-1.92,-10.00
13,4,-1.00,-1.00,-1.00,-1.00,0.3927,1.7,0.80,1.90,-0.33,1.33,-31.21,-1.54,-10.00
13,4,-1.00,-1.00,-1.00,-1.00,0.1531,1.5,0.62,1.93,30.56,0.71,6.10,-1.33,-10.00
13,4,-1.00,-1.00,-1.00,-1.00,0.1232,1.3,0.71,2.55,22.46,1.26,6.58,0.09,-10.00
13,4,851.45,546.76,876.53,589.87,0.1031,1.4,0.75,2.19,1.65,3.32,43.60,-1.49,-10.00
14,4,-1.00,-1.00,-1.00,-1.00,0.5121,1.7,0.80,1.93,-0.30,1.52,-29.81,-1.48,-10.00
14,4,-1.00,-1.00,-1.00,-1.00,0.2471,1.3,0.72,1.94,-16.94,1.87,1.71,1.68,-10.00
14,4,-1.00,-1.00,-1.00,-1.00,0.1289,1.3,0.69,2.07,14.78,0.84,14.96,2.89,-10.00
14,4,1024.58,544.60,1097.12,592.81,0.1212,1.3,0.76,2.02,7.04,2.88,36.53,-3.00,-10.00
14,4,-1.00,-1.00,-1.00,-1.00,0.1156,1.3,0.64,1.79,13.91,0.51,15.30,-1.67,-10.00
15,4,-1.00,-1.00,-1.00,-1.00,0.5501,1.6,0.82,1.98,-0.36,1.52,-28.67,-1.50,-10.00
15,4,-1.00,-1.00,-1.00,-1.00,0.3966,1.3,0.67,2.07,-17.09,1.69,-0.50,-1.41,-10.00
15,4,-1.00,-1.00,-1.00,-1.00,0.1914,1.4,0.68,1.98,22.53,0.44,-6.15,1.46,-10.00
15,4,-1.00,-1.00,-1.00,-1.00,0.1073,1.4,0.71,2.32,20.61,1.28,2.99,-1.53,-10.00
15,4,1068.33,537.07,1165.67,618.32,0.1018,1.6,0.69,1.83,6.22,2.60,26.24,3.03,-10.00
16,4,-1.00,-1.00,-1.00,-1.00,0.5007,1.7,0.81,2.01,-0.59,1.46,-27.60,-1.60,-10.00
16,4,-1.00,-1.00,-1.00,-1.00,0.2122,1.3,0.72,2.59,30.35,1.23,-5.49,0.04,-10.00
16,4,-1.00,-1.00,-1.00,-1.00,0.1940,1.4,0.71,2.07,-20.16,1.14,-4.08,3.04,-10.00
16,4,1068.21,547.55,1161.87,609.43,0.1136,1.5,0.99,2.13,7.56,2.95,32.14,3.12,-10.00
17,4,-1.00,-1.00,-1.00,-1.00,0.3223,1.7,0.79,1.94,-0.69,1.43,-26.02,-1.60,-10.00
17,4,-1.00,-1.00,-1.00,-1.00,0.1236,1.3,0.76,2.74,24.36,1.05,-5.86,0.18,-10.00
17,4,-1.00,-1.00,-1.00,-1.00,0.1165,1.4,0.68,1.97,14.80,-1.28,-37.50,-1.33,-10.00
17,4,-1.00,-1.00,-1.00,-1.00,0.1085,1.3,0.63,1.91,15.97,0.43,-8.61,3.13,-10.00
18,4,-1.00,-1.00,-1.00,-1.00,0.3226,1.2,0.70,2.36,36.03,1.05,-9.93,0.12,-10.00
18,4,-1.00,-1.00,-1.00,-1.00,0.1042,1.4,0.84,2.05,-12.41,1.33,-34.86,0.33,-10.00
18,4,-1.00,-1.00,-1.00,-1.00,0.1003,1.3,0.60,1.97,-16.94,1.43,-8.45,1.70,-10.00
19,4,-1.00,-1.00,-1.00,-1.00,0.1623,1.4,0.72,2.05,-12.09,1.91,-37.39,1.66,-10.00
19,4,-1.00,-1.00,-1.00,-1.00,0.1550,1.3,0.66,1.94,14.13,2.43,11.38,-1.48,-10.00
19,4,-1.00,-1.00,-1.00,-1.00,0.1168,1.8,0.84,2.20,42.19,0.88,-35.52,0.50,-10.00
20,4,-1.00,-1.00,-1.00,-1.00,0.1388,1.3,0.63,2.02,21.70,0.17,-42.99,0.05,-10.00
21,4,-1.00,-1.00,-1.00,-1.00,0.3751,1.7,0.82,1.85,-0.23,2.87,-21.20,-1.63,-10.00
21,4,662.81,434.85,691.97,481.65,0.1248,1.3,0.73,2.08,-4.09,-0.32,37.40,1.52,-10.00
21,4,-1.00,-1.00,-1.00,-1.00,0.1089,1.4,0.84,2.05,5.31,2.62,-36.24,-3.05,-10.00
21,4,1151.99,439.28,1184.19,502.86,0.1043,1.7,0.81,2.24,9.60,0.30,34.60,1.83,-10.00
22,4,-1.00,-1.00,-1.00,-1.00,0.6550,1.7,0.82,1.95,-0.23,2.58,-20.19,-1.58,-10.00
22,4,-1.00,-1.00,-1.00,-1.00,0.3464,1.3,0.72,2.17,8.49,1.56,-32.91,-1.13,-10.00
22,4,-1.00,-1.00,-1.00,-1.00,0.1898,1.5,0.74,2.39,2.10,-0.53,-47.41,1.57,-10.00
22,4,-1.00,-1.00,-1.00,-1.00,0.1273,1.3,0.68,2.22,20.93,1.41,0.70,0.96,-10.00
22,4,-1.00,-1.00,-1.00,-1.00,0.1201,1.2,0.56,1.87,-9.33,0.77,-35.78,-0.26,-10.00
22,4,-1.00,-1.00,-1.00,-1.00,0.1067,1.3,0.76,1.67,-21.50,0.14,12.30,-3.11,-10.00
23,4,-1.00,-1.00,-1.00,-1.00,0.4835,1.7,0.80,1.89,-0.18,2.19,-18.89,-1.58,-10.00
23,4,1030.97,460.19,1103.90,507.26,0.2398,1.3,0.74,1.92,6.87,0.42,34.63,-2.90,-10.00
23,4,-1.00,-1.00,-1.00,-1.00,0.2286,1.3,0.66,2.20,20.65,1.91,-0.19,-1.06,-10.00
23,4,-1.00,-1.00,-1.00,-1.00,0.2047,1.4,0.71,2.19,20.76,-0.57,-45.69,-0.31,-10.00
23,4,1136.90,455.29,1183.01,504.45,0.1331,1.4,0.92,2.35,10.40,0.38,38.26,-1.12,-10.00
23,4,-1.00,-1.00,-1.00,-1.00,0.1245,1.3,0.85,2.20,20.93,1.95,-1.03,1.41,-10.00
24,4,992.68,474.69,1050.04,510.28,0.1687,1.3,0.70,2.08,7.94,0.72,49.04,-0.25,-10.00
24,4,-1.00,-1.00,-1.00,-1.00,0.1279,1.9,0.82,2.19,49.30,-0.15,-47.99,-3.09,-10.00
24,4,983.76,470.46,1018.94,510.14,0.1181,1.5,0.82,2.06,7.26,0.73,49.74,-1.71,-10.00
24,4,-1.00,-1.00,-1.00,-1.00,0.1160,1.2,0.79,2.00,11.22,1.56,-39.86,-1.54,-10.00
25,4,-1.00,-1.00,-1.00,-1.00,0.6302,1.7,0.82,1.91,-0.20,2.20,-17.24,-1.57,-10.00
25,4,1314.37,379.27,1451.09,463.20,0.1289,1.3,0.73,2.07,9.55,-0.50,21.43,0.35,-10.00
25,4,-1.00,-1.00,-1.00,-1.00,0.1247,1.2,0.72,1.87,12.66,2.00,9.31,1.76,-10.00
25,4,1197.02,436.93,1241.26,500.12,0.1105,1.5,0.94,2.49,9.91,0.19,31.22,-1.30,-10.00
26,4,-1.00,-1.00,-1.00,-1.00,0.4631,1.7,0.82,1.92,-0.25,2.28,-16.85,-1.55,-10.00
26,4,1076.93,411.52,1127.75,476.15,0.1866,1.4,0.71,1.95,6.67,-0.39,29.62,1.55,-10.00
26,4,-1.00,-1.00,-1.00,-1.00,0.1823,1.4,0.77,2.26,17.49,2.01,1.71,0.02,-10.00
26,4,-1.00,-1.00,-1.00,-1.00,0.1418,1.5,0.77,2.20,38.51,-0.18,-40.31,-2.24,-10.00
26,4,-1.00,-1.00,-1.00,-1.00,0.1091,1.5,0.89,2.30,5.82,2.68,-33.38,-2.84,-10.00
27,4,-1.00,-1.00,-1.00,-1.00,0.1700,1.5,0.85,2.34,8.22,-2.01,-45.47,-0.12,-10.00
28,4,-1.00,-1.00,-1.00,-1.00,0.6077,1.6,0.81,2.10,-0.20,1.14,-16.65,-1.66,-10.00
28,4,-1.00,-1.00,-1.00,-1.00,0.2067,1.6,0.69,1.96,-8.68,1.16,-20.08,-1.64,-10.00
29,4,-1.00,-1.00,-1.00,-1.00,0.5696,1.6,0.82,2.11,-0.20,0.95,-16.82,-1.61,-10.00
29,4,-1.00,-1.00,-1.00,-1.00,0.1076,1.2,0.78,2.00,15.75,2.20,-12.34,-1.26,-10.00
30,4,-1.00,-1.00,-1.00,-1.00,0.7675,1.6,0.84,2.09,-0.30,0.80,-16.96,-1.54,-10.00
30,4,-1.00,-1.00,-1.00,-1.00,0.2037,1.5,0.79,2.29,10.92,-1.11,-36.36,-2.16,-10.00
30,4,-1.00,-1.00,-1.00,-1.00,0.1630,1.2,0.62,2.07,3.70,0.82,-28.13,-1.79,-10.00
30,4,-1.00,-1.00,-1.00,-1.00,0.1145,1.3,0.70,2.03,-6.38,1.31,-38.10,1.57,-10.00
30,4,-1.00,-1.00,-1.00,-1.00,0.1028,1.6,0.79,2.32,10.25,-1.09,-35.39,-2.71,-10.00
31,4,-1.00,-1.00,-1.00,-1.00,0.4636,1.7,0.84,2.01,-0.33,0.82,-17.63,-1.59,-10.00
31,4,-1.00,-1.00,-1.00,-1.00,0.3630,1.5,0.73,1.99,12.16,1.98,-10.23,-1.99,-10.00
31,4,-1.00,-1.00,-1.00,-1.00,0.1847,1.6,0.83,2.16,18.05,0.42,-29.74,1.49,-10.00
31,4,744.24,486.88,779.41,533.27,0.1758,1.4,0.77,2.22,-1.67,1.27,39.15,1.67,-10.00
31,4,-1.00,-1.00,-1.00,-1.00,0.1338,1.4,0.88,2.40,-3.92,1.14,-30.15,0.20,-10.00
32,4,-1.00,-1.00,-1.00,-1.00,0.6788,1.6,0.79,2.06,-0.54,0.73,-17.94,-1.59,-10.00
32,4,-1.00,-1.00,-1.00,-1.00,0.2561,1.7,0.70,2.23,22.43,-0.74,-43.13,1.45,-10.00
32,4,1045.84,524.89,1079.86,576.08,0.1302,1.3,0.74,2.04,6.71,2.25,34.55,-1.46,-10.00
32,4,-1.00,-1.00,-1.00,-1.00,0.1278,1.7,1.09,2.48,5.68,-0.52,-46.58,1.54,-10.00
32,4,-1.00,-1.00,-1.00,-1.00,0.1113,1.3,0.69,1.75,12.70,2.02,2.21,-2.87,-10.00
33,4,-1.00,-1.00,-1.00,-1.00,0.6689,1.6,0.81,2.05,-0.33,0.76,-18.28,-1.59,-10.00
33,4,-1.00,-1.00,-1.00,-1.00,0.1500,1.5,0.76,2.16,8.91,0.05,-40.36,-1.57,-10.00
33,4,727.58,527.05,766.07,583.92,0.1271,1.3,0.76,2.11,-1.71,2.24,31.50,1.60,-10.00
33,4,-1.00,-1.00,-1.00,-1.00,0.1173,1.6,1.06,2.50,6.09,-0.64,-49.75,1.55,-10.00
33,4,-1.00,-1.00,-1.00,-1.00,0.1115,1.3,0.63,2.04,12.13,1.22,-16.21,1.43,-10.00
34,4,-1.00,-1.00,-1.00,-1.00,0.7404,1.7,0.88,2.17,-0.32,0.98,-18.94,-1.62,-10.00
34,4,726.62,540.60,761.29,593.40,0.2748,1.4,0.76,2.13,-1.98,2.74,34.96,-1.54,-10.00
34,4,1007.38,525.55,1038.96,571.75,0.1925,1.6,0.77,1.93,7.59,2.90,46.55,1.53,-10.00
34,4,1209.24,475.53,1286.73,528.06,0.1235,1.5,0.73,2.04,12.63,1.06,37.06,2.99,-10.00
34,4,1063.30,537.32,1117.73,600.92,0.1230,1.4,0.72,2.05,6.27,2.44,29.04,-1.62,-10.00
34,4,1242.10,471.75,1286.82,522.76,0.1097,1.5,0.66,2.07,13.94,0.96,39.45,1.57,-10.00
35,4,-1.00,-1.00,-1.00,-1.00,0.5266,1.6,0.79,1.96,-0.23,1.43,-19.17,-1.57,-10.00
35,4,327.18,480.53,414.07,534.48,0.1618,1.5,0.83,2.33,-12.89,1.24,36.66,-0.34,-10.00
36,4,-1.00,-1.00,-1.00,-1.00,0.5853,1.6,0.81,1.94,-0.15,1.46,-19.62,-1.53,-10.00
36,4,-1.00,-1.00,-1.00,-1.00,0.2172,1.4,0.75,2.21,-12.12,0.49,-29.67,0.04,-10.00
36,4,962.95,507.49,1044.14,555.49,0.1760,1.4,0.76,2.43,5.60,1.89,37.82,-0.51,-10.00
37,4,997.65,500.00,1081.22,548.39,0.2669,1.3,0.75,2.11,6.08,1.54,34.54,2.91,-10.00
38,4,-1.00,-1.00,-1.00,-1.00,0.4138,1.6,0.81,1.98,-0.16,1.64,-20.13,-1.56,-10.00
38,4,1005.14,496.49,1091.83,549.04,0.2403,1.3,0.69,1.98,5.69,1.40,31.10,3.05,-10.00
38,4,627.06,448.81,695.84,493.55,0.1847,1.6,0.81,2.38,-5.70,0.06,46.62,-0.33,-10.00
38,4,-1.00,-1.00,-1.00,-1.00,0.1530,1.4,0.68,1.92,8.71,1.49,-11.85,1.25,-10.00
38,4,431.23,475.54,528.30,534.65,0.1512,1.4,0.78,2.13,-7.91,1.01,29.84,2.98,-10.00
39,4,-1.00,-1.00,-1.00,-1.00,0.4028,1.6,0.80,1.95,-0.19,1.65,-20.50,-1.53,-10.00
39,4,454.64,457.66,522.16,518.55,0.2499,1.4,0.79,2.20,-7.64,0.62,29.46,0.96,-10.00
39,4,-1.00,-1.00,-1.00,-1.00,0.1734,1.3,0.68,2.11,-5.45,1.39,-41.50,1.52,-10.00
