0,4,612.42,479.61,722.15,543.27,0.1476,1.4,0.84,2.32,-3.32,1.14,28.19,2.88,-10.00
0,4,-1.00,-1.00,-1.00,-1.00,0.1275,1.4,0.62,2.02,-21.56,1.30,-23.64,-1.50,-10.00
0,4,-1.00,-1.00,-1.00,-1.00,0.1009,1.7,0.83,2.26,22.63,0.81,11.15,1.49,-10.00
1,4,-1.00,-1.00,-1.00,-1.00,0.1713,1.3,0.66,2.14,-19.33,0.82,16.38,-1.68,-10.00
2,4,-1.00,-1.00,-1.00,-1.00,0.2667,1.4,0.78,2.22,-23.29,0.56,14.35,0.40,-10.00
2,4,598.08,483.42,625.41,522.85,0.2073,1.4,0.91,2.30,-7.53,1.14,46.69,-1.70,-10.00
3,4,498.12,486.18,558.51,541.17,0.1174,1.3,0.82,2.28,-7.21,1.22,31.82,1.65,-10.00
3,4,-1.00,-1.00,-1.00,-1.00,0.1097,1.7,1.01,2.26,-36.86,-0.83,-36.47,-0.26,-10.00
4,4,-1.00,-1.00,-1.00,-1.00,0.1586,1.3,0.72,2.18,-18.54,2.04,25.99,-1.95,-10.00
4,4,556.87,516.56,624.69,558.15,0.1583,1.4,0.86,2.18,-7.95,2.32,44.70,-2.98,-10.00
4,4,-1.00,-1.00,-1.00,-1.00,0.1179,1.4,0.69,2.05,22.24,1.18,-4.63,1.38,-10.00
4,4,1457.56,452.78,1546.54,510.55,0.1168,1.8,0.92,2.32,21.53,0.59,39.81,-2.84,-10.00
4,4,674.24,538.84,701.65,582.75,0.1140,1.3,0.81,2.01,-4.06,2.83,40.01,1.45,-10.00
4,4,-1.00,-1.00,-1.00,-1.00,0.1085,1.7,0.70,2.16,35.18,0.02,-1.15,-2.80,-10.00
5,4,-1.00,-1.00,-1.00,-1.00,0.6050,1.8,0.72,2.27,35.93,-0.05,-6.23,-2.79,-10.00
5,4,435.65,439.00,473.20,489.92,0.3849,1.7,0.85,2.19,-12.88,-0.08,45.04,-2.05,-10.00
5,4,503.99,533.49,560.70,592.91,0.1268,1.4,0.75,2.15,-6.86,2.39,30.70,-1.51,-10.00
5,4,-1.00,-1.00,-1.00,-1.00,0.1251,1.5,0.72,2.14,25.24,0.60,30.92,-1.84,-10.00
5,4,-1.00,-1.00,-1.00,-1.00,0.1163,1.4,0.76,2.07,-22.61,0.15,2.72,0.04,-10.00
5,4,-1.00,-1.00,-1.00,-1.00,0.1117,1.2,0.68,1.97,2.31,1.71,-24.71,-3.07,-10.00
6,4,587.82,546.21,619.57,589.10,0.1782,1.4,0.77,2.19,-7.61,3.42,45.30,-1.89,-10.00
6,4,511.00,512.12,601.23,564.89,0.1521,1.3,0.74,2.05,-6.44,1.79,31.40,0.09,-10.00
6,4,-1.00,-1.00,-1.00,-1.00,0.1293,1.4,0.82,2.05,-22.38,0.37,-0.87,0.09,-10.00
7,4,-1.00,-1.00,-1.00,-1.00,0.1365,1.4,0.79,2.20,-20.93,0.75,16.04,-1.51,-10.00
7,4,1044.20,440.61,1100.05,486.74,0.1160,1.7,0.97,2.07,9.93,-0.20,49.15,-2.89,-10.00
7,4,565.80,491.66,611.37,547.99,0.1121,1.5,0.83,2.02,-6.06,1.48,33.80,1.57,-10.00
7,4,396.05,481.04,513.29,557.67,0.1019,1.2,0.64,1.76,-6.02,1.09,21.14,0.05,-10.00
7,4,-1.00,-1.00,-1.00,-1.00,0.1006,1.4,0.75,2.11,-40.36,0.13,25.09,2.82,-10.00
8,4,-1.00,-1.00,-1.00,-1.00,0.1340,1.7,0.78,2.03,-2.64,1.85,-30.62,-1.59,-10.00
10,4,1286.57,480.10,1348.80,567.14,0.3233,1.4,0.66,1.95,8.20,1.20,20.76,1.79,-10.00
10,4,599.67,517.96,628.83,571.09,0.1112,1.3,0.70,2.18,-5.22,2.00,32.68,1.40,-10.00
10,4,600.81,515.89,690.03,568.05,0.1063,1.3,0.79,2.08,-4.30,1.89,31.86,-2.81,-10.00
11,4,470.21,504.95,575.18,569.46,0.3664,1.3,0.70,1.97,-5.99,1.57,25.92,0.00,-10.00
11,4,-1.00,-1.00,-1.00,-1.00,0.1558,1.3,0.64,1.95,11.38,2.36,-38.76,-1.55,-10.00
12,4,-1.00,-1.00,-1.00,-1.00,0.3664,1.3,0.77,2.22,27.64,1.92,17.27,0.51,-10.00
12,4,-1.00,-1.00,-1.00,-1.00,0.3524,1.3,0.64,2.13,26.48,1.43,15.33,0.38,-10.00
12,4,-1.00,-1.00,-1.00,-1.00,0.1427,1.5,0.72,2.11,-18.97,1.08,-2.10,1.70,-10.00
12,4,-1.00,-1.00,-1.00,-1.00,0.1411,1.3,0.71,2.14,-17.39,1.05,-2.44,1.72,-10.00
12,4,-1.00,-1.00,-1.00,-1.00,0.1374,1.3,0.65,1.90,-22.81,0.96,-4.05,-2.87,-10.00
12,4,-1.00,-1.00,-1.00,-1.00,0.1366,1.4,0.79,2.13,-23.49,1.15,2.29,0.00,-10.00
12,4,-1.00,-1.00,-1.00,-1.00,0.1079,1.3,0.71,2.05,18.46,1.48,-37.46,0.33,-10.00
12,4,-1.00,-1.00,-1.00,-1.00,0.1070,1.4,0.82,2.02,11.62,2.45,-44.70,-1.29,-10.00
12,4,-1.00,-1.00,-1.00,-1.00,0.1049,1.5,0.68,2.00,19.55,1.80,-42.67,1.52,-10.00
13,4,-1.00,-1.00,-1.00,-1.00,0.6953,1.3,0.71,2.12,27.54,1.90,13.33,0.29,-10.00
13,4,-1.00,-1.00,-1.00,-1.00,0.4666,1.3,0.66,2.27,26.50,1.69,11.66,0.31,-10.00
13,4,-1.00,-1.00,-1.00,-1.00,0.1440,1.4,0.74,2.25,21.38,1.35,3.75,1.35,-10.00
13,4,-1.00,-1.00,-1.00,-1.00,0.1417,1.3,0.67,1.98,19.41,1.83,-5.12,1.74,-10.00
13,4,-1.00,-1.00,-1.00,-1.00,0.1258,1.4,0.86,2.62,26.90,1.77,12.08,0.34,-10.00
13,4,-1.00,-1.00,-1.00,-1.00,0.1128,1.7,1.03,2.09,37.13,1.44,23.56,0.53,-10.00
13,4,-1.00,-1.00,-1.00,-1.00,0.1067,1.4,0.76,2.07,15.50,2.24,16.54,0.55,-10.00
14,4,0.00,487.42,74.67,626.07,0.4076,1.4,0.83,2.32,-9.02,1.33,12.99,0.01,-10.00
14,4,-1.00,-1.00,-1.00,-1.00,0.3324,1.2,0.67,2.11,27.64,1.68,9.34,0.46,-10.00
14,4,-1.00,-1.00,-1.00,-1.00,0.2144,1.3,0.77,2.24,25.78,1.94,7.79,0.46,-10.00
14,4,-1.00,-1.00,-1.00,-1.00,0.1515,1.3,0.63,1.94,-17.31,1.65,7.51,-1.58,-10.00
14,4,-1.00,-1.00,-1.00,-1.00,0.1078,1.3,0.69,2.13,-19.73,1.80,7.05,-1.58,-10.00
15,4,-1.00,-1.00,-1.00,-1.00,0.8603,1.4,0.79,2.20,-8.89,1.31,9.02,-0.07,-10.00
15,4,-1.00,-1.00,-1.00,-1.00,0.7756,1.3,0.83,2.13,-8.43,1.51,6.63,0.11,-10.00
15,4,-1.00,-1.00,-1.00,-1.00,0.5791,1.2,0.62,2.18,27.56,1.57,5.42,0.43,-10.00
15,4,-1.00,-1.00,-1.00,-1.00,0.5533,1.2,0.66,2.11,26.39,1.42,3.41,0.37,-10.00
15,4,-1.00,-1.00,-1.00,-1.00,0.3826,1.3,0.64,2.02,-20.20,1.55,3.65,-1.60,-10.00
15,4,-1.00,-1.00,-1.00,-1.00,0.2775,1.3,0.77,2.40,25.98,1.47,2.62,0.49,-10.00
15,4,-1.00,-1.00,-1.00,-1.00,0.2225,1.3,0.67,1.81,-39.55,-0.23,-5.10,-1.82,-10.00
15,4,-1.00,-1.00,-1.00,-1.00,0.1194,1.3,0.69,1.95,-20.90,1.69,4.20,-2.94,-10.00
15,4,-1.00,-1.00,-1.00,-1.00,0.1092,1.4,0.92,2.35,25.12,1.95,2.86,1.59,-10.00
15,4,1011.90,472.96,1034.04,518.95,0.1010,1.6,0.75,2.11,7.57,1.00,46.46,1.71,-10.00
16,4,-1.00,-1.00,-1.00,-1.00,0.7945,1.2,0.67,2.09,-8.58,1.23,1.45,0.01,-10.00
16,4,-1.00,-1.00,-1.00,-1.00,0.7873,1.3,0.72,2.02,-8.82,1.24,5.31,-0.01,-10.00
16,4,-1.00,-1.00,-1.00,-1.00,0.7315,1.2,0.66,1.89,-8.51,1.31,2.71,0.02,-10.00
16,4,-1.00,-1.00,-1.00,-1.00,0.4427,1.3,0.87,2.52,25.91,1.62,-1.10,0.60,-10.00
16,4,-1.00,-1.00,-1.00,-1.00,0.3890,1.3,0.75,2.34,26.40,1.73,-0.35,0.39,-10.00
16,4,-1.00,-1.00,-1.00,-1.00,0.3698,1.3,0.73,2.37,27.55,1.58,1.66,0.48,-10.00
16,4,597.27,435.42,669.65,485.74,0.2098,1.5,0.74,2.12,-5.57,-0.19,38.68,-0.06,-10.00
16,4,604.89,476.46,656.79,530.37,0.2045,1.3,0.69,2.09,-4.55,0.94,31.18,-1.43,-10.00
16,4,-1.00,-1.00,-1.00,-1.00,0.1891,1.4,0.62,2.08,-39.87,-0.03,-8.86,-1.70,-10.00
16,4,-1.00,-1.00,-1.00,-1.00,0.1396,1.4,0.80,2.36,27.48,1.69,1.00,0.38,-10.00
16,4,687.09,474.66,724.69,521.66,0.1059,1.4,0.75,2.24,-3.27,0.89,37.72,-1.50,-10.00
16,4,-1.00,-1.00,-1.00,-1.00,0.1046,1.3,0.83,2.13,-19.76,1.38,-0.04,-1.61,-10.00
16,4,-1.00,-1.00,-1.00,-1.00,0.1006,1.3,0.78,2.46,25.84,1.45,-1.67,0.57,-10.00
17,4,-1.00,-1.00,-1.00,-1.00,0.9056,1.3,0.73,2.14,-8.64,1.26,-2.14,-0.04,-10.00
17,4,-1.00,-1.00,-1.00,-1.00,0.7968,1.2,0.71,1.95,-8.58,1.31,-0.89,-0.00,-10.00
17,4,-1.00,-1.00,-1.00,-1.00,0.7377,1.3,0.72,2.18,-8.86,1.24,1.61,-0.09,-10.00
17,4,-1.00,-1.00,-1.00,-1.00,0.7006,1.3,0.83,2.56,26.35,1.83,-3.99,0.39,-10.00
17,4,-1.00,-1.00,-1.00,-1.00,0.4769,1.2,0.76,2.28,27.64,1.80,-1.96,0.36,-10.00
17,4,-1.00,-1.00,-1.00,-1.00,0.3591,1.4,0.84,2.56,25.78,1.72,-4.99,0.61,-10.00
17,4,-1.00,-1.00,-1.00,-1.00,0.2586,1.4,0.97,2.53,26.36,1.72,-4.60,0.31,-10.00
17,4,-1.00,-1.00,-1.00,-1.00,0.1876,1.3,0.86,2.22,-19.47,1.29,-3.31,0.08,-10.00
17,4,-1.00,-1.00,-1.00,-1.00,0.1778,1.3,0.81,2.53,26.78,1.87,-3.53,0.37,-10.00
17,4,-1.00,-1.00,-1.00,-1.00,0.1617,1.3,0.79,2.28,33.53,2.47,8.93,-0.24,-10.00
17,4,1399.67,482.85,1462.14,549.18,0.1616,1.7,0.90,2.25,16.36,1.51,33.69,2.31,-10.00
17,4,-1.00,-1.00,-1.00,-1.00,0.1236,1.2,0.61,2.01,-18.61,1.33,-3.69,-1.65,-10.00
18,4,-1.00,-1.00,-1.00,-1.00,0.8826,1.2,0.65,1.95,-8.85,1.17,-1.87,-0.02,-10.00
18,4,-1.00,-1.00,-1.00,-1.00,0.8295,1.3,0.74,2.38,26.27,1.91,-7.40,0.43,-10.00
18,4,-1.00,-1.00,-1.00,-1.00,0.8004,1.2,0.66,2.17,27.38,1.97,-5.43,0.43,-10.00
18,4,-1.00,-1.00,-1.00,-1.00,0.7667,1.3,0.77,2.17,-8.66,1.27,-5.46,0.01,-10.00
18,4,-1.00,-1.00,-1.00,-1.00,0.7476,1.3,0.78,1.98,-8.56,1.32,-4.28,0.05,-10.00
18,4,1424.92,497.83,1493.71,588.60,0.4746,1.7,0.89,2.42,12.59,1.83,24.76,2.17,-10.00
18,4,-1.00,-1.00,-1.00,-1.00,0.4519,1.3,0.81,2.48,25.78,1.89,-8.33,0.50,-10.00
18,4,-1.00,-1.00,-1.00,-1.00,0.3225,1.2,0.57,1.84,-19.05,1.37,-7.03,-1.48,-10.00
18,4,-1.00,-1.00,-1.00,-1.00,0.2693,1.2,0.61,1.96,-20.25,1.26,-7.17,-1.53,-10.00
18,4,-1.00,-1.00,-1.00,-1.00,0.2104,1.4,0.75,2.17,-18.72,1.37,-19.63,-1.52,-10.00
18,4,-1.00,-1.00,-1.00,-1.00,0.1713,1.3,0.60,1.96,-17.35,1.48,-7.13,1.59,-10.00
18,4,-1.00,-1.00,-1.00,-1.00,0.1695,1.3,0.74,2.09,24.13,1.78,-8.64,-0.05,-10.00
18,4,-1.00,-1.00,-1.00,-1.00,0.1495,1.8,1.07,2.14,25.54,2.86,-45.05,-1.87,-10.00
18,4,-1.00,-1.00,-1.00,-1.00,0.1343,1.6,0.65,2.06,31.36,0.46,-12.69,1.64,-10.00
18,4,-1.00,-1.00,-1.00,-1.00,0.1212,1.3,0.63,1.97,-18.68,1.41,-7.21,-1.58,-10.00
18,4,-1.00,-1.00,-1.00,-1.00,0.1134,1.4,0.86,2.22,25.76,1.83,-8.93,0.36,-10.00
18,4,-1.00,-1.00,-1.00,-1.00,0.1112,1.3,0.57,0.66,-23.76,-1.02,-11.25,-3.06,-10.00
18,4,-1.00,-1.00,-1.00,-1.00,0.1046,1.2,0.57,1.96,-19.14,1.07,-18.99,-3.07,-10.00
19,4,-1.00,-1.00,-1.00,-1.00,0.9072,1.3,0.68,2.11,-8.60,1.30,-8.94,0.02,-10.00
19,4,-1.00,-1.00,-1.00,-1.00,0.8106,1.3,0.68,1.89,-8.48,1.29,-7.67,-0.00,-10.00
19,4,-1.00,-1.00,-1.00,-1.00,0.5426,1.3,0.67,2.03,-8.86,1.14,-5.11,0.01,-10.00
19,4,-1.00,-1.00,-1.00,-1.00,0.4913,1.3,0.70,2.30,26.39,2.38,-10.29,0.45,-10.00
19,4,1491.31,493.99,1584.50,632.96,0.4511,1.7,0.87,2.36,9.37,1.73,16.53,2.01,-10.00
19,4,-1.00,-1.00,-1.00,-1.00,0.4171,1.5,1.03,2.67,25.89,2.31,-11.12,0.58,-10.00
19,4,-1.00,-1.00,-1.00,-1.00,0.3092,1.2,0.56,2.01,11.04,1.45,5.35,-1.07,-10.00
19,4,-1.00,-1.00,-1.00,-1.00,0.2703,1.3,0.60,1.93,-18.94,1.21,-10.61,-1.58,-10.00
19,4,-1.00,-1.00,-1.00,-1.00,0.2128,1.3,0.91,2.26,25.78,2.39,10.92,0.37,-10.00
19,4,559.84,465.42,634.81,529.34,0.2052,1.3,0.72,2.18,-4.56,0.78,26.55,-1.33,-10.00
19,4,-1.00,-1.00,-1.00,-1.00,0.2006,1.3,0.61,2.27,-20.22,1.13,-10.75,-1.53,-10.00
19,4,-1.00,-1.00,-1.00,-1.00,0.1757,1.3,0.64,2.01,27.41,2.37,-8.25,0.45,-10.00
19,4,-1.00,-1.00,-1.00,-1.00,0.1380,1.3,0.76,2.13,-18.22,1.25,-10.58,-1.65,-10.00
19,4,-1.00,-1.00,-1.00,-1.00,0.1334,1.4,0.94,2.54,26.60,2.56,-9.60,0.46,-10.00
19,4,864.66,441.31,891.22,486.49,0.1268,1.4,0.80,2.18,1.96,-0.19,40.58,1.60,-10.00
19,4,614.60,463.58,674.91,517.78,0.1261,1.4,0.81,2.37,-4.71,0.71,34.61,1.06,-10.00
19,4,521.86,476.86,568.61,544.75,0.1179,1.3,0.76,2.24,-5.55,1.07,26.05,-1.71,-10.00
20,4,-1.00,-1.00,-1.00,-1.00,0.8611,1.3,0.62,1.79,-8.18,1.36,-10.94,-0.02,-10.00
20,4,-1.00,-1.00,-1.00,-1.00,0.8104,1.3,0.71,2.19,-8.45,1.40,-12.22,0.01,-10.00
20,4,-1.00,-1.00,-1.00,-1.00,0.8054,1.7,0.88,2.17,6.86,1.69,8.29,1.90,-10.00
20,4,-1.00,-1.00,-1.00,-1.00,0.4301,1.3,0.71,2.34,27.61,2.42,-10.34,0.51,-10.00
20,4,-1.00,-1.00,-1.00,-1.00,0.3977,1.3,0.75,2.20,25.99,2.53,-13.44,0.61,-10.00
20,4,-1.00,-1.00,-1.00,-1.00,0.1979,1.3,0.79,2.25,26.50,2.47,-12.72,0.63,-10.00
20,4,-1.00,-1.00,-1.00,-1.00,0.1770,1.3,0.78,2.17,22.85,2.25,-17.51,0.23,-10.00
20,4,-1.00,-1.00,-1.00,-1.00,0.1501,1.4,0.79,2.08,-17.52,1.74,-36.55,1.59,-10.00
20,4,-1.00,-1.00,-1.00,-1.00,0.1236,1.3,0.76,2.36,27.90,2.28,-9.89,0.29,-10.00
20,4,-1.00,-1.00,-1.00,-1.00,0.1140,1.3,0.74,2.26,27.35,2.33,-10.96,0.62,-10.00
20,4,-1.00,-1.00,-1.00,-1.00,0.1108,1.2,0.65,2.13,26.81,2.48,-12.31,0.42,-10.00
20,4,-1.00,-1.00,-1.00,-1.00,0.1067,1.4,0.76,2.11,22.54,2.27,-19.14,0.04,-10.00
20,4,-1.00,-1.00,-1.00,-1.00,0.1043,1.7,0.87,2.30,7.42,1.69,9.95,1.79,-10.00
21,4,-1.00,-1.00,-1.00,-1.00,0.9644,1.7,0.90,2.28,5.35,1.59,0.75,1.68,-10.00
21,4,-1.00,-1.00,-1.00,-1.00,0.5228,1.3,0.67,2.02,-7.52,1.64,-15.61,0.01,-10.00
21,4,-1.00,-1.00,-1.00,-1.00,0.4190,1.1,0.58,1.80,-7.49,1.47,-14.27,0.02,-10.00
21,4,-1.00,-1.00,-1.00,-1.00,0.2599,1.3,0.67,2.18,27.35,2.37,-13.16,0.39,-10.00
21,4,-1.00,-1.00,-1.00,-1.00,0.1620,1.4,0.81,2.06,37.48,3.12,4.87,0.34,-10.00
21,4,-1.00,-1.00,-1.00,-1.00,0.1515,1.3,0.76,2.46,33.18,1.10,-17.51,-0.03,-10.00
21,4,-1.00,-1.00,-1.00,-1.00,0.1510,1.2,0.67,2.13,28.18,2.27,-11.10,0.51,-10.00
21,4,-1.00,-1.00,-1.00,-1.00,0.1488,1.6,0.95,2.27,26.04,2.04,-15.18,0.47,-10.00
21,4,-1.00,-1.00,-1.00,-1.00,0.1440,1.2,0.71,2.05,-3.29,2.03,-34.28,0.19,-10.00
21,4,-1.00,-1.00,-1.00,-1.00,0.1431,1.3,0.70,1.95,15.75,2.47,-8.27,-2.67,-10.00
21,4,-1.00,-1.00,-1.00,-1.00,0.1224,1.3,0.78,2.18,27.01,2.27,-13.80,0.58,-10.00
22,4,-1.00,-1.00,-1.00,-1.00,0.8825,1.6,0.80,2.34,5.43,1.65,-6.56,1.47,-10.00
22,4,-1.00,-1.00,-1.00,-1.00,0.5197,1.4,0.78,2.11,-5.76,1.88,-19.32,-0.18,-10.00
22,4,-1.00,-1.00,-1.00,-1.00,0.3274,1.4,0.89,2.09,23.37,2.34,7.64,-3.11,-10.00
22,4,-1.00,-1.00,-1.00,-1.00,0.2926,1.4,0.82,2.35,28.63,2.35,-13.49,0.48,-10.00
22,4,-1.00,-1.00,-1.00,-1.00,0.2869,1.3,0.73,2.20,27.37,2.03,-17.50,-0.08,-10.00
22,4,-1.00,-1.00,-1.00,-1.00,0.2491,1.3,0.78,2.20,-6.02,1.62,-18.15,-0.39,-10.00
22,4,-1.00,-1.00,-1.00,-1.00,0.2358,1.4,0.76,1.98,0.45,2.30,-37.47,0.21,-10.00
22,4,-1.00,-1.00,-1.00,-1.00,0.2302,1.3,0.61,2.01,29.26,2.76,-10.72,0.12,-10.00
22,4,679.76,431.62,772.84,499.07,0.2238,1.5,0.76,2.04,-2.09,0.17,29.52,0.15,-10.00
22,4,-1.00,-1.00,-1.00,-1.00,0.2003,1.3,0.74,2.07,27.39,2.04,-16.29,-0.04,-10.00
22,4,-1.00,-1.00,-1.00,-1.00,0.1864,1.7,0.76,2.07,20.35,1.06,30.25,1.81,-10.00
22,4,-1.00,-1.00,-1.00,-1.00,0.1780,1.3,0.73,2.19,-20.32,0.62,-27.47,-1.12,-10.00
22,4,-1.00,-1.00,-1.00,-1.00,0.1528,1.3,0.69,2.17,28.64,2.41,-12.81,0.03,-10.00
22,4,-1.00,-1.00,-1.00,-1.00,0.1225,1.4,0.84,2.21,-19.16,-0.10,-28.76,1.42,-10.00
22,4,80.84,443.29,177.40,523.62,0.1058,1.3,0.66,2.06,-11.64,0.54,21.52,-1.66,-10.00
22,4,-1.00,-1.00,-1.00,-1.00,0.1044,1.3,0.64,1.97,25.75,2.75,-23.77,0.03,-10.00
22,4,-1.00,-1.00,-1.00,-1.00,0.1034,1.2,0.69,1.76,20.59,2.68,-1.85,-3.00,-10.00
22,4,-1.00,-1.00,-1.00,-1.00,0.1015,1.3,0.72,2.08,27.64,2.12,-18.28,0.04,-10.00
22,4,-1.00,-1.00,-1.00,-1.00,0.1006,1.3,0.75,2.10,26.11,2.45,-22.74,0.08,-10.00
22,4,-1.00,-1.00,-1.00,-1.00,0.1000,1.3,0.80,2.18,26.59,2.05,-16.77,1.45,-10.00
23,4,-1.00,-1.00,-1.00,-1.00,0.6184,1.7,0.82,2.06,7.42,2.04,-13.71,1.40,-10.00
23,4,-1.00,-1.00,-1.00,-1.00,0.4840,1.3,0.60,2.07,30.33,2.77,-10.35,0.15,-10.00
23,4,-1.00,-1.00,-1.00,-1.00,0.3329,1.3,0.65,1.84,5.29,2.33,-40.21,1.46,-10.00
23,4,-1.00,-1.00,-1.00,-1.00,0.1887,1.3,0.59,1.93,34.63,3.33,3.64,-0.06,-10.00
23,4,-1.00,-1.00,-1.00,-1.00,0.1651,1.3,0.64,2.15,28.05,2.82,-17.14,-0.02,-10.00
23,4,-1.00,-1.00,-1.00,-1.00,0.1596,1.4,0.76,1.99,-15.91,-0.33,-32.93,-1.74,-10.00
23,4,-1.00,-1.00,-1.00,-1.00,0.1495,1.4,0.75,1.94,23.44,0.24,31.43,-1.91,-10.00
23,4,-1.00,-1.00,-1.00,-1.00,0.1381,1.3,0.61,2.00,29.86,2.77,-12.35,0.11,-10.00
23,4,-1.00,-1.00,-1.00,-1.00,0.1194,1.3,0.71,1.83,-17.00,0.30,-8.44,-0.14,-10.00
23,4,-1.00,-1.00,-1.00,-1.00,0.1134,1.6,0.81,2.08,35.41,0.35,8.56,-3.13,-10.00
23,4,-1.00,-1.00,-1.00,-1.00,0.1048,1.4,0.83,2.18,34.96,3.19,2.91,0.27,-10.00
24,4,-1.00,-1.00,-1.00,-1.00,0.6271,1.7,0.87,2.16,11.33,2.49,-20.93,1.13,-10.00
24,4,953.04,484.27,992.20,531.28,0.2700,1.6,0.91,2.07,5.58,1.41,45.31,1.45,-10.00
24,4,-1.00,-1.00,-1.00,-1.00,0.2066,1.4,0.77,2.31,31.07,3.68,-13.01,0.24,-10.00
24,4,-1.00,-1.00,-1.00,-1.00,0.1650,1.3,0.66,2.15,-1.03,1.55,-19.96,1.84,-10.00
24,4,-1.00,-1.00,-1.00,-1.00,0.1462,1.3,0.66,1.86,30.16,3.81,-5.96,-0.02,-10.00
24,4,-1.00,-1.00,-1.00,-1.00,0.1436,1.4,0.70,2.09,-11.97,-0.17,-37.02,0.56,-10.00
24,4,1580.78,411.99,1600.00,487.88,0.1409,1.5,0.76,2.17,17.55,-0.10,26.87,1.04,-10.00
24,4,-1.00,-1.00,-1.00,-1.00,0.1097,1.6,0.67,1.99,33.83,0.57,3.94,-1.70,-10.00
24,4,-1.00,-1.00,-1.00,-1.00,0.1087,1.4,0.71,2.09,31.17,3.80,-11.62,-0.10,-10.00
24,4,-1.00,-1.00,-1.00,-1.00,0.1006,1.5,0.69,2.15,-11.56,-0.12,-37.68,-2.67,-10.00
25,4,-1.00,-1.00,-1.00,-1.00,0.5067,1.7,0.83,2.17,16.10,2.44,-28.19,1.13,-10.00
25,4,811.81,496.13,836.89,530.92,0.1807,1.3,0.74,1.91,0.30,1.50,48.76,1.46,-10.00
25,4,-1.00,-1.00,-1.00,-1.00,0.1781,1.7,0.91,2.04,34.26,3.12,23.33,-2.62,-10.00
25,4,-1.00,-1.00,-1.00,-1.00,0.1630,1.4,0.74,2.28,-19.44,-0.02,-8.82,2.18,-10.00
25,4,-1.00,-1.00,-1.00,-1.00,0.1600,1.4,0.80,1.87,34.93,3.26,3.98,1.45,-10.00
25,4,-1.00,-1.00,-1.00,-1.00,0.1391,1.5,0.76,1.95,33.82,0.81,3.62,-1.84,-10.00
25,4,-1.00,-1.00,-1.00,-1.00,0.1356,1.4,0.78,2.10,32.06,3.51,-13.15,-0.09,-10.00
25,4,-1.00,-1.00,-1.00,-1.00,0.1200,1.2,0.77,2.10,-13.52,0.11,-6.11,-0.54,-10.00
25,4,-1.00,-1.00,-1.00,-1.00,0.1044,1.3,0.56,2.11,14.03,2.77,-44.39,1.37,-10.00
26,4,-1.00,-1.00,-1.00,-1.00,0.5567,1.3,0.65,2.21,32.65,3.64,-15.18,-0.02,-10.00
26,4,-1.00,-1.00,-1.00,-1.00,0.3497,1.8,0.78,2.10,20.50,2.89,-36.07,1.03,-10.00
26,4,-1.00,-1.00,-1.00,-1.00,0.2082,1.4,0.76,2.23,32.81,3.59,-14.36,-0.02,-10.00
26,4,-1.00,-1.00,-1.00,-1.00,0.1887,1.2,0.64,2.02,32.23,3.58,-13.97,-0.30,-10.00
26,4,-1.00,-1.00,-1.00,-1.00,0.1590,1.3,0.80,1.98,-11.03,-0.08,7.52,-0.10,-10.00
26,4,-1.00,-1.00,-1.00,-1.00,0.1232,1.4,0.82,2.02,15.74,2.60,-46.61,-0.19,-10.00
26,4,-1.00,-1.00,-1.00,-1.00,0.1189,1.3,1.01,2.05,32.15,3.67,-15.88,1.19,-10.00
27,4,-1.00,-1.00,-1.00,-1.00,0.2593,1.5,0.83,2.52,32.90,4.09,-16.68,-0.16,-10.00
27,4,-1.00,-1.00,-1.00,-1.00,0.2431,1.4,0.73,2.15,0.51,0.95,-21.88,-1.83,-10.00
27,4,691.99,499.77,722.66,553.14,0.1807,1.4,0.74,2.25,-2.89,1.59,33.46,1.46,-10.00
27,4,-1.00,-1.00,-1.00,-1.00,0.1632,1.3,0.82,1.94,7.41,2.50,-37.49,-0.40,-10.00
27,4,-1.00,-1.00,-1.00,-1.00,0.1516,1.5,0.97,2.55,32.98,3.93,-16.04,-0.29,-10.00
27,4,1173.56,466.33,1260.81,526.69,0.1111,1.4,0.67,1.94,9.53,0.83,30.17,-2.90,-10.00
27,4,-1.00,-1.00,-1.00,-1.00,0.1091,1.3,0.77,1.90,19.83,3.13,0.70,-1.66,-10.00
27,4,1227.96,494.15,1262.58,529.33,0.1075,1.3,0.70,2.12,16.77,1.47,49.54,-1.54,-10.00
28,4,-1.00,-1.00,-1.00,-1.00,0.1470,1.5,0.70,1.96,-20.67,-0.33,-18.70,-1.99,-10.00
28,4,-1.00,-1.00,-1.00,-1.00,0.1348,1.7,0.74,2.19,0.87,1.11,-25.71,-1.68,-10.00
28,4,-1.00,-1.00,-1.00,-1.00,0.1048,1.5,0.92,2.31,11.51,2.75,-44.25,2.64,-10.00
28,4,1103.03,475.23,1187.35,531.47,0.1008,1.7,0.91,2.43,10.39,1.25,40.08,0.01,-10.00
29,4,1013.61,485.75,1043.54,525.26,0.1557,1.5,0.72,2.02,8.05,1.27,48.11,-1.61,-10.00
29,4,616.20,491.13,651.79,557.60,0.1388,1.3,0.67,2.11,-3.70,1.31,25.84,-1.70,-10.00
29,4,-1.00,-1.00,-1.00,-1.00,0.1246,1.3,0.73,1.98,7.57,2.62,-42.97,0.79,-10.00
29,4,1262.10,481.01,1289.76,530.74,0.1159,1.7,0.89,2.23,16.08,1.36,44.29,-1.22,-10.00
29,4,-1.00,-1.00,-1.00,-1.00,0.1142,1.3,0.63,2.09,1.71,1.87,-34.72,1.56,-10.00
29,4,1223.23,486.70,1263.42,539.69,0.1115,1.4,0.71,1.74,11.99,1.33,35.60,1.68,-10.00
30,4,1000.88,486.48,1033.83,527.32,0.3028,1.5,0.90,1.69,7.60,1.34,47.96,1.52,-10.00
30,4,561.21,496.17,626.99,577.14,0.2894,1.3,0.74,2.10,-3.81,1.42,21.87,-1.56,-10.00
30,4,-1.00,-1.00,-1.00,-1.00,0.2757,1.5,0.76,1.88,19.82,2.30,-36.66,0.54,-10.00
30,4,-1.00,-1.00,-1.00,-1.00,0.2406,1.3,0.72,2.18,-5.93,1.18,-21.91,1.50,-10.00
30,4,-1.00,-1.00,-1.00,-1.00,0.2208,1.5,0.77,2.11,-3.52,-0.22,-50.20,0.19,-10.00
31,4,-1.00,-1.00,-1.00,-1.00,0.2420,1.3,0.70,1.92,21.01,3.14,-33.45,0.02,-10.00
31,4,1022.35,487.22,1060.76,531.75,0.1952,1.5,0.92,2.09,7.64,1.35,43.03,-1.58,-10.00
31,4,-1.00,-1.00,-1.00,-1.00,0.1705,1.4,0.84,1.96,19.58,2.94,-45.46,-1.58,-10.00
31,4,-1.00,-1.00,-1.00,-1.00,0.1533,1.3,0.72,2.13,-9.51,-0.02,-27.27,-2.12,-10.00
31,4,-1.00,-1.00,-1.00,-1.00,0.1435,1.4,0.82,2.27,-2.08,0.28,-39.37,-0.44,-10.00
31,4,-1.00,-1.00,-1.00,-1.00,0.1244,1.7,0.95,2.21,12.90,1.87,-28.87,1.39,-10.00
31,4,-1.00,-1.00,-1.00,-1.00,0.1138,1.4,0.70,2.14,-13.48,-1.81,-49.68,-0.60,-10.00
31,4,-1.00,-1.00,-1.00,-1.00,0.1078,1.4,0.78,1.99,19.31,2.30,-40.97,1.49,-10.00
31,4,-1.00,-1.00,-1.00,-1.00,0.1008,1.7,0.86,2.06,21.12,0.31,31.83,1.64,-10.00
32,4,-1.00,-1.00,-1.00,-1.00,0.2213,1.4,0.72,2.15,-14.01,0.10,-28.14,2.77,-10.00
32,4,-1.00,-1.00,-1.00,-1.00,0.1897,1.8,0.73,2.17,31.92,1.45,42.55,2.86,-10.00
32,4,-1.00,-1.00,-1.00,-1.00,0.1800,1.6,0.84,1.93,25.51,1.29,22.63,1.39,-10.00
32,4,1046.52,482.90,1086.36,527.45,0.1502,1.3,0.69,2.06,7.63,1.09,38.71,-1.63,-10.00
32,4,-1.00,-1.00,-1.00,-1.00,0.1352,1.6,0.85,2.22,33.21,2.48,-32.60,2.99,-10.00
32,4,-1.00,-1.00,-1.00,-1.00,0.1338,1.5,0.86,2.31,30.90,4.05,-10.31,0.31,-10.00
32,4,-1.00,-1.00,-1.00,-1.00,0.1286,1.4,0.88,2.42,-9.45,0.10,-31.69,-2.02,-10.00
32,4,-1.00,-1.00,-1.00,-1.00,0.1232,1.6,0.94,2.07,19.11,2.70,-45.80,3.01,-10.00
32,4,390.47,497.76,507.30,626.66,0.1010,1.2,0.65,2.03,-3.79,1.32,13.24,1.55,-10.00
32,4,-1.00,-1.00,-1.00,-1.00,0.1007,1.2,0.70,1.98,-12.93,0.13,-27.70,3.09,-10.00
33,4,-1.00,-1.00,-1.00,-1.00,0.1892,1.6,0.89,1.93,18.33,1.82,-44.76,-2.96,-10.00
33,4,-1.00,-1.00,-1.00,-1.00,0.1866,1.6,0.83,1.98,15.19,2.19,-41.46,1.69,-10.00
33,4,-1.00,-1.00,-1.00,-1.00,0.1517,1.7,0.95,2.13,25.57,1.65,18.06,-1.70,-10.00
33,4,-1.00,-1.00,-1.00,-1.00,0.1401,1.8,0.88,2.22,31.61,0.31,-21.91,3.02,-10.00
33,4,-1.00,-1.00,-1.00,-1.00,0.1357,1.4,0.66,2.06,20.04,3.67,-22.65,3.08,-10.00
33,4,-1.00,-1.00,-1.00,-1.00,0.1338,1.3,0.82,1.85,12.86,2.42,-40.65,1.60,-10.00
33,4,-1.00,-1.00,-1.00,-1.00,0.1309,1.5,0.97,2.23,34.05,3.08,-43.04,2.92,-10.00
33,4,-1.00,-1.00,-1.00,-1.00,0.1164,1.6,0.73,2.27,31.66,0.03,21.76,2.86,-10.00
33,4,-1.00,-1.00,-1.00,-1.00,0.1071,1.3,0.67,1.79,29.35,3.78,-3.61,-1.73,-10.00
35,4,638.13,440.90,702.76,482.01,0.2901,1.5,0.82,2.41,-5.59,-0.40,48.66,-0.71,-10.00
35,4,-1.00,-1.00,-1.00,-1.00,0.2623,1.1,0.56,1.61,-21.03,0.98,-4.87,-0.07,-10.00
35,4,-1.00,-1.00,-1.00,-1.00,0.2516,1.5,0.82,2.25,13.48,2.15,17.88,1.70,-10.00
35,4,1244.45,514.91,1276.48,581.29,0.1869,1.7,0.74,1.99,11.54,2.27,32.88,-1.21,-10.00
35,4,-1.00,-1.00,-1.00,-1.00,0.1861,1.5,0.80,2.04,31.53,4.16,-39.59,0.11,-10.00
35,4,-1.00,-1.00,-1.00,-1.00,0.1552,1.4,0.85,2.35,-5.28,1.61,-51.13,-1.20,-10.00
35,4,-1.00,-1.00,-1.00,-1.00,0.1354,1.4,0.75,2.19,-5.13,1.51,-44.45,1.59,-10.00
35,4,669.20,484.24,709.04,520.42,0.1164,1.3,0.80,2.18,-4.74,1.08,47.38,-1.33,-10.00
35,4,-1.00,-1.00,-1.00,-1.00,0.1147,1.6,0.73,2.08,45.91,0.69,16.15,1.58,-10.00
35,4,-1.00,-1.00,-1.00,-1.00,0.1096,1.4,0.76,2.11,4.06,2.66,-51.31,1.30,-10.00
36,4,-1.00,-1.00,-1.00,-1.00,0.2656,1.3,0.62,1.66,18.28,0.64,8.45,-2.21,-10.00
36,4,-1.00,-1.00,-1.00,-1.00,0.1035,1.5,0.81,1.94,32.09,3.12,-25.59,-0.13,-10.00
36,4,-1.00,-1.00,-1.00,-1.00,0.1009,1.3,0.84,2.16,12.92,2.22,-35.65,1.77,-10.00
37,4,-1.00,-1.00,-1.00,-1.00,0.1303,1.5,0.81,2.16,30.52,3.41,-21.68,-1.08,-10.00
37,4,-1.00,-1.00,-1.00,-1.00,0.1247,1.3,0.74,1.99,18.30,0.64,3.51,-2.12,-10.00
37,4,-1.00,-1.00,-1.00,-1.00,0.1184,1.3,0.69,1.92,41.14,2.14,7.27,-0.16,-10.00
37,4,-1.00,-1.00,-1.00,-1.00,0.1152,1.7,0.86,2.04,32.53,3.49,-30.39,-1.88,-10.00
37,4,-1.00,-1.00,-1.00,-1.00,0.1008,1.3,0.70,1.94,29.35,3.82,-21.38,-1.56,-10.00
38,4,-1.00,-1.00,-1.00,-1.00,0.1348,1.3,0.62,1.19,-19.85,-0.07,-5.15,-1.71,-10.00
39,4,-1.00,-1.00,-1.00,-1.00,0.1111,1.3,0.66,1.93,17.21,0.93,10.96,-3.04,-10.00
