0,4,1156.06,489.07,1202.29,577.08,0.3577,1.6,0.80,2.14,6.90,2.06,24.49,1.85,-10.00
0,4,-1.00,-1.00,-1.00,-1.00,0.1571,1.4,0.73,2.31,-30.02,2.25,5.63,1.95,-10.00
0,4,1369.75,403.53,1501.70,491.71,0.1200,1.7,0.98,2.23,12.30,0.40,25.39,-2.85,-10.00
0,4,569.35,488.95,621.01,549.67,0.1197,1.5,0.79,2.08,-5.81,1.98,31.37,1.14,-10.00
1,4,-1.00,-1.00,-1.00,-1.00,0.1309,1.4,0.62,2.35,-30.08,2.19,5.59,1.84,-10.00
2,4,-1.00,-1.00,-1.00,-1.00,0.1472,1.3,0.62,1.97,-18.16,0.45,-34.77,-3.03,-10.00
2,4,508.43,481.51,545.15,516.19,0.1044,1.2,0.84,1.87,-10.94,1.67,45.79,-1.54,-10.00
3,4,498.25,470.49,543.27,513.98,0.1978,1.5,1.10,2.26,-11.22,1.59,46.05,-1.57,-10.00
3,4,-1.00,-1.00,-1.00,-1.00,0.1136,1.3,0.73,1.89,-9.91,1.61,-34.98,-0.34,-10.00
4,4,1142.27,493.41,1219.97,576.38,0.3097,1.5,0.87,2.16,6.89,2.04,24.47,1.57,-10.00
4,4,1492.65,456.00,1571.53,506.15,0.1507,1.6,0.93,2.19,23.39,1.18,41.55,2.89,-10.00
4,4,-1.00,-1.00,-1.00,-1.00,0.1010,1.4,0.66,1.93,41.47,0.11,-14.59,-3.12,-10.00
5,4,1493.66,449.22,1570.89,499.55,0.1878,1.6,0.93,2.21,23.43,0.97,41.61,2.83,-10.00
5,4,1150.07,498.57,1214.03,569.35,0.1765,1.3,0.84,2.13,6.93,1.91,24.54,1.68,-10.00
5,4,1519.77,461.01,1582.10,505.61,0.1151,1.4,0.75,1.92,23.42,1.12,40.55,-1.65,-10.00
5,4,-1.00,-1.00,-1.00,-1.00,0.1035,1.3,0.57,1.84,-14.50,1.61,-26.98,1.50,-10.00
5,4,507.58,482.39,546.62,518.15,0.1032,1.2,0.88,1.96,-10.93,1.74,45.79,-1.52,-10.00
6,4,1141.37,502.22,1222.79,574.12,0.1343,1.3,0.82,2.14,6.90,1.99,24.43,1.50,-10.00
6,4,1479.07,447.32,1564.52,498.15,0.1104,1.6,0.94,2.24,23.07,0.91,41.62,-3.02,-10.00
7,4,1149.57,501.38,1217.46,574.34,0.1822,1.4,0.83,2.13,6.95,2.01,24.51,1.64,-10.00
7,4,1478.20,454.63,1564.06,504.74,0.1438,1.6,0.96,2.24,23.04,1.13,41.60,-3.05,-10.00
7,4,-1.00,-1.00,-1.00,-1.00,0.1136,1.3,0.68,1.95,-18.15,0.47,-34.75,-3.10,-10.00
8,4,1143.73,502.05,1221.58,574.49,0.2438,1.3,0.85,2.15,6.92,2.00,24.46,1.56,-10.00
8,4,1472.03,463.40,1554.03,511.46,0.1352,1.5,0.84,2.21,22.77,1.35,41.61,-2.87,-10.00
8,4,-1.00,-1.00,-1.00,-1.00,0.1089,1.3,0.66,1.93,-18.15,0.41,-34.76,-3.11,-10.00
8,4,754.00,509.26,778.94,548.81,0.1014,1.3,0.76,2.20,-2.09,2.75,43.86,-1.57,-10.00
9,4,1154.38,500.22,1209.90,571.83,0.1846,1.3,0.81,2.10,6.92,1.96,24.48,1.75,-10.00
9,4,833.70,509.61,861.04,552.91,0.1294,1.4,0.88,1.58,0.70,2.80,42.52,1.57,-10.00
10,4,1491.48,454.37,1571.17,503.98,0.1947,1.6,0.96,2.19,23.38,1.11,41.57,2.90,-10.00
10,4,1146.35,504.12,1220.32,576.03,0.1459,1.3,0.80,2.13,6.92,2.03,24.42,1.57,-10.00
10,4,-1.00,-1.00,-1.00,-1.00,0.1192,1.3,0.67,1.97,-18.16,0.45,-34.77,-3.11,-10.00
11,4,1491.99,450.94,1570.24,499.30,0.1664,1.5,0.97,2.16,23.39,0.96,41.60,2.87,-10.00
11,4,1149.31,503.16,1217.78,575.48,0.1209,1.3,0.83,2.11,6.94,2.02,24.45,1.64,-10.00
11,4,1519.10,463.83,1576.99,510.47,0.1059,1.4,0.75,2.07,23.49,1.29,40.84,-1.51,-10.00
12,4,1153.47,500.42,1212.61,573.26,0.3892,1.4,0.85,2.19,6.94,1.98,24.48,1.74,-10.00
12,4,-1.00,-1.00,-1.00,-1.00,0.1761,1.1,0.69,1.76,-16.26,1.49,-7.99,0.39,-10.00
13,4,-1.00,-1.00,-1.00,-1.00,0.4191,1.2,0.73,1.82,-16.21,1.43,-8.08,0.45,-10.00
13,4,-1.00,-1.00,-1.00,-1.00,0.1624,1.2,0.70,1.98,-14.70,1.71,20.16,1.56,-10.00
13,4,1147.27,492.60,1213.95,565.78,0.1493,1.4,0.77,2.11,6.94,1.86,24.66,1.62,-10.00
13,4,691.79,515.39,789.42,573.73,0.1400,1.4,0.83,2.26,-2.06,2.48,30.25,-3.09,-10.00
13,4,1480.40,456.43,1564.94,505.35,0.1372,1.5,0.90,2.25,23.07,1.15,41.57,-2.88,-10.00
14,4,-1.00,-1.00,-1.00,-1.00,0.1978,1.3,0.69,2.01,-18.48,0.42,-34.87,3.13,-10.00
14,4,-1.00,-1.00,-1.00,-1.00,0.1192,1.3,0.67,2.25,28.02,1.95,22.27,0.40,-10.00
14,4,-1.00,-1.00,-1.00,-1.00,0.1051,1.4,0.77,2.33,-19.34,0.58,-34.88,-1.59,-10.00
14,4,-1.00,-1.00,-1.00,-1.00,0.1033,1.6,0.78,2.18,31.08,1.31,37.50,-1.43,-10.00
14,4,-1.00,-1.00,-1.00,-1.00,0.1003,1.3,0.77,1.91,28.21,1.56,-4.49,-3.08,-10.00
15,4,-1.00,-1.00,-1.00,-1.00,0.3946,1.3,0.83,2.13,28.13,1.45,-5.71,0.08,-10.00
15,4,-1.00,-1.00,-1.00,-1.00,0.3800,1.8,0.65,1.91,21.63,1.91,21.51,1.64,-10.00
15,4,-1.00,-1.00,-1.00,-1.00,0.3021,1.2,0.74,1.80,-16.44,1.44,-8.89,0.24,-10.00
15,4,-1.00,-1.00,-1.00,-1.00,0.1722,1.6,0.92,2.03,26.20,0.22,-40.09,3.11,-10.00
15,4,-1.00,-1.00,-1.00,-1.00,0.1614,1.6,0.68,2.06,31.89,1.21,35.97,-1.53,-10.00
15,4,-1.00,-1.00,-1.00,-1.00,0.1575,1.3,0.62,2.11,23.36,1.25,-4.06,-1.70,-10.00
15,4,-1.00,-1.00,-1.00,-1.00,0.1574,1.4,0.78,2.37,22.07,1.63,-4.89,0.31,-10.00
15,4,-1.00,-1.00,-1.00,-1.00,0.1406,1.3,0.66,2.31,23.07,1.20,-4.40,0.26,-10.00
16,4,-1.00,-1.00,-1.00,-1.00,0.1898,1.3,0.71,2.31,28.02,1.64,-0.91,0.01,-10.00
16,4,-1.00,-1.00,-1.00,-1.00,0.1744,1.3,0.66,2.19,-13.00,0.78,-40.27,1.81,-10.00
16,4,-1.00,-1.00,-1.00,-1.00,0.1278,1.4,0.70,2.14,-0.48,0.70,-28.89,-1.57,-10.00
16,4,-1.00,-1.00,-1.00,-1.00,0.1269,1.9,0.71,2.06,40.86,0.15,-2.08,1.57,-10.00
16,4,-1.00,-1.00,-1.00,-1.00,0.1224,1.4,0.80,2.07,5.21,0.95,-49.61,0.14,-10.00
16,4,-1.00,-1.00,-1.00,-1.00,0.1219,1.3,0.76,2.06,-13.29,1.10,-39.36,-0.04,-10.00
17,4,-1.00,-1.00,-1.00,-1.00,0.3020,1.2,0.59,1.80,-9.79,3.09,0.23,-1.35,-10.00
17,4,-1.00,-1.00,-1.00,-1.00,0.1660,1.3,0.67,1.95,-19.31,3.07,1.31,-1.56,-10.00
17,4,-1.00,-1.00,-1.00,-1.00,0.1501,1.3,0.71,1.95,16.66,1.68,-15.98,-2.65,-10.00
17,4,1073.06,498.49,1098.80,543.70,0.1083,1.6,0.63,2.15,9.17,2.60,44.35,1.67,-10.00
18,4,318.99,477.76,396.95,535.25,0.3323,1.8,0.89,2.19,-15.25,2.11,40.81,-0.01,-10.00
18,4,-1.00,-1.00,-1.00,-1.00,0.1838,2.0,0.88,2.02,47.13,2.19,35.68,-3.07,-10.00
18,4,-1.00,-1.00,-1.00,-1.00,0.1468,1.3,0.64,2.12,-15.96,0.80,-14.17,1.91,-10.00
18,4,-1.00,-1.00,-1.00,-1.00,0.1374,1.5,0.66,1.92,22.35,1.44,17.53,-3.03,-10.00
18,4,-1.00,-1.00,-1.00,-1.00,0.1127,1.3,0.74,2.18,23.79,1.74,-5.32,1.56,-10.00
19,4,-1.00,-1.00,-1.00,-1.00,0.2823,1.2,0.71,1.98,29.67,1.72,-0.56,0.42,-10.00
19,4,-1.00,-1.00,-1.00,-1.00,0.1247,1.2,0.72,1.93,-16.96,0.60,-12.39,-0.44,-10.00
20,4,-1.00,-1.00,-1.00,-1.00,0.1905,1.3,0.79,1.96,-13.69,1.28,-42.90,-0.17,-10.00
21,4,-1.00,-1.00,-1.00,-1.00,0.1837,1.3,0.80,1.94,22.98,1.11,-45.83,-0.46,-10.00
21,4,-1.00,-1.00,-1.00,-1.00,0.1492,1.7,0.86,2.18,31.78,0.14,-46.92,-0.01,-10.00
21,4,-1.00,-1.00,-1.00,-1.00,0.1259,1.6,0.87,2.13,3.93,-1.28,-51.10,-0.04,-10.00
21,4,-1.00,-1.00,-1.00,-1.00,0.1063,1.3,0.66,1.66,-30.59,2.27,37.58,1.99,-10.00
22,4,-1.00,-1.00,-1.00,-1.00,0.1900,1.2,0.69,1.96,-32.57,1.29,39.33,1.46,-10.00
22,4,-1.00,-1.00,-1.00,-1.00,0.1741,1.3,0.53,1.91,20.53,1.18,-5.32,-1.75,-10.00
22,4,-1.00,-1.00,-1.00,-1.00,0.1216,1.8,0.88,2.38,12.40,1.45,18.25,-1.17,-10.00
22,4,670.05,493.24,699.85,539.85,0.1181,1.3,0.82,2.02,-4.17,2.06,37.02,-1.66,-10.00
22,4,-1.00,-1.00,-1.00,-1.00,0.1066,1.3,0.73,1.91,10.48,1.76,10.54,2.83,-10.00
22,4,-1.00,-1.00,-1.00,-1.00,0.1055,1.7,0.82,2.20,39.73,0.38,-47.01,3.14,-10.00
22,4,238.53,441.57,314.61,480.63,0.1028,1.3,0.76,2.22,-18.65,0.34,42.51,3.02,-10.00
22,4,-1.00,-1.00,-1.00,-1.00,0.1000,1.4,0.87,2.12,26.91,1.28,-51.36,-0.38,-10.00
23,4,-1.00,-1.00,-1.00,-1.00,0.2444,1.4,0.91,2.09,3.24,1.56,-35.92,3.12,-10.00
23,4,-1.00,-1.00,-1.00,-1.00,0.2090,1.2,0.60,1.96,21.64,0.65,-12.73,1.39,-10.00
23,4,-1.00,-1.00,-1.00,-1.00,0.2037,1.2,0.64,2.21,26.91,1.06,-28.51,0.33,-10.00
23,4,-1.00,-1.00,-1.00,-1.00,0.1714,1.4,0.71,1.98,22.51,0.93,-47.01,-1.64,-10.00
23,4,-1.00,-1.00,-1.00,-1.00,0.1661,1.4,0.72,1.92,6.48,0.96,-47.39,1.65,-10.00
23,4,-1.00,-1.00,-1.00,-1.00,0.1278,1.2,0.68,2.03,-35.00,1.27,35.75,1.31,-10.00
23,4,-1.00,-1.00,-1.00,-1.00,0.1216,1.3,0.76,2.15,-4.19,0.44,-26.44,1.47,-10.00
23,4,-1.00,-1.00,-1.00,-1.00,0.1084,1.9,0.99,2.26,-34.28,1.93,39.83,0.01,-10.00
23,4,-1.00,-1.00,-1.00,-1.00,0.1076,1.7,0.85,2.39,12.43,1.54,18.14,-1.28,-10.00
23,4,-1.00,-1.00,-1.00,-1.00,0.1042,1.3,0.67,2.11,-1.31,0.80,-33.32,1.66,-10.00
23,4,-1.00,-1.00,-1.00,-1.00,0.1042,1.5,0.85,2.11,27.20,1.21,-51.45,-0.00,-10.00
23,4,-1.00,-1.00,-1.00,-1.00,0.1023,1.2,0.77,2.06,-32.59,1.04,39.22,1.19,-10.00
24,4,-1.00,-1.00,-1.00,-1.00,0.1964,1.2,0.68,2.03,-35.01,1.26,35.81,1.61,-10.00
24,4,-1.00,-1.00,-1.00,-1.00,0.1448,1.3,0.68,2.53,40.43,0.88,1.41,0.04,-10.00
24,4,-1.00,-1.00,-1.00,-1.00,0.1101,1.3,0.88,2.13,10.81,0.91,-39.60,3.13,-10.00
24,4,-1.00,-1.00,-1.00,-1.00,0.1007,1.3,0.72,2.18,-5.28,0.83,-26.06,-1.49,-10.00
24,4,443.69,444.47,506.87,481.40,0.1005,1.2,0.71,2.07,-12.23,0.38,43.63,2.81,-10.00
25,4,-1.00,-1.00,-1.00,-1.00,0.1678,1.2,0.69,1.99,-32.58,1.54,39.25,1.40,-10.00
25,4,795.28,515.78,834.63,573.15,0.1340,1.3,0.75,2.12,-0.26,2.44,30.05,-1.49,-10.00
25,4,-1.00,-1.00,-1.00,-1.00,0.1107,1.3,0.83,2.01,-11.13,-0.65,-16.05,0.22,-10.00
25,4,-1.00,-1.00,-1.00,-1.00,0.1019,1.3,0.72,2.15,-10.87,-0.76,-26.41,-1.53,-10.00
26,4,-1.00,-1.00,-1.00,-1.00,0.1596,1.4,0.79,2.15,-1.45,1.04,-33.02,2.93,-10.00
26,4,-1.00,-1.00,-1.00,-1.00,0.1571,1.3,0.79,2.02,-11.27,-0.71,-16.33,0.06,-10.00
26,4,-1.00,-1.00,-1.00,-1.00,0.1271,1.2,0.84,1.89,28.08,1.22,-18.98,1.55,-10.00
26,4,-1.00,-1.00,-1.00,-1.00,0.1187,1.2,0.68,2.02,-32.58,1.50,39.20,1.41,-10.00
26,4,-1.00,-1.00,-1.00,-1.00,0.1072,1.3,0.77,2.03,22.72,0.98,-46.55,2.69,-10.00
27,4,-1.00,-1.00,-1.00,-1.00,0.2164,1.3,0.65,1.98,21.17,0.62,-15.23,-1.91,-10.00
27,4,39.30,477.84,154.32,589.21,0.1910,1.5,0.83,2.34,-10.49,1.67,18.11,-1.84,-10.00
27,4,-1.00,-1.00,-1.00,-1.00,0.1623,1.3,0.86,2.21,10.80,0.76,-39.59,3.13,-10.00
27,4,-1.00,-1.00,-1.00,-1.00,0.1291,1.4,0.78,2.28,-1.49,1.05,-33.29,3.01,-10.00
27,4,499.75,503.88,564.35,544.96,0.1210,1.3,0.66,2.16,-9.71,2.46,41.37,-0.94,-10.00
28,4,783.69,478.54,804.71,523.56,0.3446,1.7,0.75,1.98,-1.24,2.03,47.80,-1.61,-10.00
28,4,-1.00,-1.00,-1.00,-1.00,0.1225,1.2,0.54,1.81,20.14,1.12,-8.49,2.09,-10.00
29,4,-1.00,-1.00,-1.00,-1.00,0.1576,1.4,0.85,2.08,22.76,1.00,-46.55,2.70,-10.00
29,4,633.64,479.51,693.00,515.74,0.1382,1.4,0.81,2.21,-6.47,1.80,49.63,-0.33,-10.00
29,4,-1.00,-1.00,-1.00,-1.00,0.1097,1.3,0.98,2.32,10.68,0.96,-39.95,-3.09,-10.00
29,4,-1.00,-1.00,-1.00,-1.00,0.1025,1.2,0.90,2.19,26.66,1.96,-2.49,0.06,-10.00
30,4,-1.00,-1.00,-1.00,-1.00,0.1324,1.3,0.74,1.99,8.65,1.27,-31.91,3.06,-10.00
31,4,818.03,509.22,847.37,554.28,0.1735,1.6,0.89,2.33,0.23,3.01,45.07,-1.50,-10.00
31,4,-1.00,-1.00,-1.00,-1.00,0.1622,1.8,0.90,2.03,-3.97,1.12,-43.18,-1.56,-10.00
31,4,-1.00,-1.00,-1.00,-1.00,0.1398,1.5,0.67,2.20,23.33,3.01,35.91,2.30,-10.00
31,4,642.02,460.24,757.08,526.65,0.1182,1.4,0.89,2.32,-2.69,1.19,26.69,0.06,-10.00
31,4,-1.00,-1.00,-1.00,-1.00,0.1109,1.3,0.69,2.08,-35.38,1.25,36.83,1.53,-10.00
32,4,-1.00,-1.00,-1.00,-1.00,0.1892,1.2,0.68,2.03,-32.58,1.41,39.20,1.48,-10.00
32,4,-1.00,-1.00,-1.00,-1.00,0.1687,1.3,0.88,2.21,10.80,0.91,-39.59,3.10,-10.00
32,4,-1.00,-1.00,-1.00,-1.00,0.1298,1.4,0.82,2.07,22.72,0.98,-46.55,2.69,-10.00
32,4,-1.00,-1.00,-1.00,-1.00,0.1047,1.2,0.71,2.01,-35.36,0.86,36.86,1.59,-10.00
32,4,-1.00,-1.00,-1.00,-1.00,0.1020,1.4,0.77,2.06,-1.47,0.97,-33.02,2.95,-10.00
33,4,-1.00,-1.00,-1.00,-1.00,0.1198,1.1,0.69,1.85,-35.00,1.04,35.54,-1.66,-10.00
33,4,-1.00,-1.00,-1.00,-1.00,0.1103,1.3,0.75,2.07,-1.50,0.89,-33.03,2.93,-10.00
33,4,-1.00,-1.00,-1.00,-1.00,0.1070,1.3,0.83,2.28,21.12,0.88,-19.26,-2.92,-10.00
34,4,-1.00,-1.00,-1.00,-1.00,0.3832,1.5,1.07,2.53,23.00,1.20,-46.83,2.58,-10.00
34,4,-1.00,-1.00,-1.00,-1.00,0.1377,1.2,0.69,1.97,-32.22,1.26,39.12,1.66,-10.00
34,4,789.14,475.05,898.49,544.81,0.1286,1.4,0.72,2.13,0.35,1.53,25.83,2.89,-10.00
34,4,832.86,480.93,899.98,564.84,0.1255,1.7,1.07,2.42,0.88,2.00,26.84,-1.39,-10.00
34,4,487.75,507.96,544.81,550.74,0.1209,1.3,0.63,2.03,-10.04,2.60,40.62,-1.11,-10.00
34,4,-1.00,-1.00,-1.00,-1.00,0.1189,1.3,0.76,2.01,-1.39,0.90,-33.05,2.97,-10.00
34,4,-1.00,-1.00,-1.00,-1.00,0.1044,1.3,0.74,2.13,29.07,1.74,-6.14,0.08,-10.00
34,4,-1.00,-1.00,-1.00,-1.00,0.1004,1.2,0.68,2.02,-35.01,1.17,35.69,1.42,-10.00
35,4,-1.00,-1.00,-1.00,-1.00,0.1580,1.5,0.91,2.22,22.69,1.08,-46.87,2.75,-10.00
35,4,-1.00,-1.00,-1.00,-1.00,0.1553,1.2,0.69,1.95,-34.64,1.04,35.59,1.65,-10.00
35,4,-1.00,-1.00,-1.00,-1.00,0.1346,1.9,0.80,1.94,-3.33,1.10,-29.91,-1.41,-10.00
35,4,-1.00,-1.00,-1.00,-1.00,0.1324,1.2,0.72,1.97,-32.58,1.14,38.95,1.37,-10.00
35,4,-1.00,-1.00,-1.00,-1.00,0.1322,1.3,0.65,2.08,-15.65,0.78,-18.12,1.68,-10.00
35,4,496.51,503.21,569.88,546.28,0.1321,1.4,0.66,2.22,-9.52,2.46,40.69,2.65,-10.00
35,4,-1.00,-1.00,-1.00,-1.00,0.1319,1.4,0.75,2.19,-1.53,1.11,-33.40,2.93,-10.00
35,4,-1.00,-1.00,-1.00,-1.00,0.1263,1.9,1.01,2.18,-37.11,2.29,42.30,0.15,-10.00
35,4,-1.00,-1.00,-1.00,-1.00,0.1012,1.3,0.79,2.26,20.47,1.89,7.98,0.37,-10.00
36,4,-1.00,-1.00,-1.00,-1.00,0.2078,1.6,0.97,2.30,22.91,1.02,-46.86,2.86,-10.00
36,4,-1.00,-1.00,-1.00,-1.00,0.1436,1.2,0.69,1.93,-34.64,1.04,35.57,1.64,-10.00
36,4,650.27,480.36,712.44,526.78,0.1231,1.8,1.01,2.29,-5.64,2.19,48.71,0.00,-10.00
36,4,-1.00,-1.00,-1.00,-1.00,0.1128,1.4,0.87,2.10,37.21,2.37,12.17,0.40,-10.00
37,4,-1.00,-1.00,-1.00,-1.00,0.3011,1.5,0.98,2.23,22.76,1.14,-46.88,2.72,-10.00
37,4,-1.00,-1.00,-1.00,-1.00,0.1273,1.2,0.70,1.93,-32.58,1.11,38.90,1.51,-10.00
37,4,-1.00,-1.00,-1.00,-1.00,0.1203,1.3,0.64,1.88,25.81,1.35,-11.71,0.01,-10.00
37,4,-1.00,-1.00,-1.00,-1.00,0.1038,1.3,0.85,1.98,-29.23,1.08,20.73,1.36,-10.00
37,4,-1.00,-1.00,-1.00,-1.00,0.1014,1.6,0.77,2.06,42.60,0.26,-47.89,-0.22,-10.00
38,4,-1.00,-1.00,-1.00,-1.00,0.1701,1.2,0.68,1.97,-32.56,1.26,38.93,1.60,-10.00
38,4,-1.00,-1.00,-1.00,-1.00,0.1300,1.3,0.60,1.88,25.96,1.35,-11.71,-3.07,-10.00
38,4,488.87,503.10,555.87,542.80,0.1206,1.2,0.59,2.00,-9.77,2.33,40.27,2.61,-10.00
38,4,241.34,441.46,318.71,481.97,0.1135,1.3,0.78,2.26,-18.38,0.37,42.16,-3.09,-10.00
38,4,-1.00,-1.00,-1.00,-1.00,0.1018,1.3,0.91,2.09,36.93,2.34,12.27,0.31,-10.00
