0,4,233.00,455.18,373.09,540.15,0.3552,1.5,0.79,2.25,-9.47,0.89,23.42,-0.06,-10.00
0,4,-1.00,-1.00,-1.00,-1.00,0.3055,1.8,0.86,2.01,21.57,2.61,16.90,3.07,-10.00
0,4,-1.00,-1.00,-1.00,-1.00,0.2976,1.3,0.78,1.86,33.43,3.10,4.63,-1.53,-10.00
0,4,-1.00,-1.00,-1.00,-1.00,0.2799,1.2,0.57,1.86,16.99,1.96,3.78,-1.14,-10.00
0,4,-1.00,-1.00,-1.00,-1.00,0.2450,1.6,0.77,1.93,-6.00,1.76,-23.79,-0.47,-10.00
0,4,-1.00,-1.00,-1.00,-1.00,0.2186,1.3,0.65,1.98,21.39,2.52,10.48,1.51,-10.00
0,4,-1.00,-1.00,-1.00,-1.00,0.1975,1.5,0.66,2.04,27.74,0.48,-24.13,-1.85,-10.00
0,4,1547.68,537.10,1600.00,594.03,0.1957,1.5,0.93,2.15,21.53,2.78,34.94,-2.93,-10.00
0,4,-1.00,-1.00,-1.00,-1.00,0.1492,1.5,0.75,2.30,27.57,0.46,-23.50,3.03,-10.00
0,4,-1.00,-1.00,-1.00,-1.00,0.1412,1.4,0.87,2.16,-24.96,-0.69,1.86,1.57,-10.00
0,4,517.80,474.88,570.44,531.52,0.1260,1.3,0.73,2.22,-6.40,0.93,29.89,-1.56,-10.00
0,4,-1.00,-1.00,-1.00,-1.00,0.1096,1.3,0.60,1.98,16.56,1.98,2.63,1.80,-10.00
1,4,-1.00,-1.00,-1.00,-1.00,0.9545,1.8,0.88,2.13,19.93,2.54,11.77,3.02,-10.00
1,4,-1.00,-1.00,-1.00,-1.00,0.2991,1.6,0.86,2.06,-5.93,1.33,-43.86,-0.16,-10.00
1,4,473.60,466.90,539.42,545.44,0.2684,1.7,0.76,2.13,-6.85,1.17,28.13,-1.48,-10.00
1,4,680.73,483.03,709.22,525.53,0.1414,1.5,0.78,2.09,-4.41,1.23,46.20,-1.55,-10.00
1,4,-1.00,-1.00,-1.00,-1.00,0.1176,1.4,0.72,2.06,-18.19,0.24,-0.64,-1.57,-10.00
2,4,-1.00,-1.00,-1.00,-1.00,0.9563,1.8,0.86,2.09,18.44,2.51,6.77,3.01,-10.00
2,4,-1.00,-1.00,-1.00,-1.00,0.1972,1.4,0.74,2.16,27.60,0.50,-33.07,-0.05,-10.00
2,4,-1.00,-1.00,-1.00,-1.00,0.1634,1.5,0.80,2.16,19.25,-0.19,-43.36,1.41,-10.00
2,4,-1.00,-1.00,-1.00,-1.00,0.1297,1.4,0.85,2.29,26.92,2.78,-6.29,0.09,-10.00
2,4,-1.00,-1.00,-1.00,-1.00,0.1098,1.3,0.69,2.15,-6.27,1.57,-27.73,1.64,-10.00
2,4,-1.00,-1.00,-1.00,-1.00,0.1015,1.3,0.79,2.08,-5.50,1.36,-33.79,-0.10,-10.00
3,4,-1.00,-1.00,-1.00,-1.00,0.9790,1.8,0.87,2.14,17.11,2.51,1.79,3.00,-10.00
3,4,910.34,465.93,936.80,511.19,0.6767,1.7,0.81,2.20,4.05,0.74,47.95,1.57,-10.00
3,4,-1.00,-1.00,-1.00,-1.00,0.1915,1.5,0.84,2.15,17.92,2.45,2.91,-2.85,-10.00
3,4,490.41,446.75,559.58,494.17,0.1211,1.6,0.85,2.22,-10.25,0.08,44.63,0.02,-10.00
3,4,439.60,460.44,556.21,542.79,0.1108,1.3,0.73,2.15,-5.31,0.84,21.26,1.97,-10.00
4,4,-1.00,-1.00,-1.00,-1.00,0.9806,1.8,0.88,2.01,15.71,2.35,-3.00,3.13,-10.00
4,4,935.88,476.47,972.49,529.71,0.4952,1.6,0.79,2.12,4.28,1.17,39.42,1.52,-10.00
4,4,608.47,477.14,653.50,538.46,0.1725,1.4,0.76,2.33,-4.53,1.13,31.12,-1.57,-10.00
4,4,948.95,484.97,980.70,533.13,0.1397,1.8,0.83,2.06,5.59,1.55,47.74,1.51,-10.00
4,4,650.56,481.98,684.98,532.00,0.1174,1.5,0.81,2.38,-4.49,1.21,38.47,-1.60,-10.00
4,4,926.47,477.71,956.64,528.08,0.1099,1.6,0.80,2.02,4.02,1.16,40.79,1.59,-10.00
4,4,-1.00,-1.00,-1.00,-1.00,0.1035,1.4,0.72,2.07,-5.97,1.52,-35.83,1.64,-10.00
4,4,412.84,467.60,482.79,543.72,0.1029,1.4,0.71,2.21,-6.90,0.96,23.84,-1.59,-10.00
5,4,-1.00,-1.00,-1.00,-1.00,0.9263,1.8,0.87,2.07,14.45,2.11,-7.30,-3.14,-10.00
5,4,954.38,473.32,1000.00,544.24,0.4927,1.7,0.89,2.18,4.03,1.30,31.83,1.58,-10.00
5,4,-1.00,-1.00,-1.00,-1.00,0.1533,1.3,0.70,2.15,-5.32,1.35,-4.53,-1.60,-10.00
5,4,906.57,487.04,948.72,543.36,0.1457,1.3,0.80,1.97,2.66,1.22,30.39,1.55,-10.00
5,4,-1.00,-1.00,-1.00,-1.00,0.1184,1.4,0.78,2.24,-6.37,1.61,-40.20,1.50,-10.00
6,4,-1.00,-1.00,-1.00,-1.00,0.9689,1.7,0.84,1.97,13.03,2.27,-11.94,3.08,-10.00
6,4,1013.58,466.39,1086.28,566.09,0.7685,1.7,0.87,2.21,4.14,1.28,22.58,1.56,-10.00
6,4,-1.00,-1.00,-1.00,-1.00,0.2135,1.3,0.64,2.12,-12.61,-0.09,-22.19,0.01,-10.00
6,4,-1.00,-1.00,-1.00,-1.00,0.1675,1.4,0.62,1.70,-20.11,-0.28,17.88,0.08,-10.00
6,4,-1.00,-1.00,-1.00,-1.00,0.1303,1.4,0.66,1.62,-20.14,0.02,17.18,-1.73,-10.00
6,4,1121.22,489.02,1146.74,528.58,0.1065,1.3,0.62,2.19,10.40,1.20,41.50,-1.41,-10.00
6,4,-1.00,-1.00,-1.00,-1.00,0.1025,1.4,0.73,2.14,-5.11,1.38,-4.40,-1.65,-10.00
7,4,-1.00,-1.00,-1.00,-1.00,0.9776,1.8,0.86,2.06,11.98,2.42,-16.50,-3.07,-10.00
7,4,1143.18,479.12,1276.80,643.26,0.9207,1.6,0.81,2.18,4.23,1.54,13.78,1.59,-10.00
7,4,565.57,472.61,600.24,533.17,0.2125,1.4,0.77,2.24,-5.61,0.98,30.38,-1.77,-10.00
7,4,365.60,485.69,478.96,606.41,0.1648,1.3,0.66,2.05,-4.62,1.28,14.99,-1.56,-10.00
7,4,-1.00,-1.00,-1.00,-1.00,0.1374,1.3,0.63,1.45,-16.52,0.06,15.28,-1.32,-10.00
7,4,592.22,474.64,630.03,530.69,0.1332,1.3,0.63,2.04,-4.94,0.93,30.58,-1.60,-10.00
8,4,1594.21,468.83,1600.00,900.00,0.9666,1.7,0.80,2.19,4.26,1.62,5.16,1.56,-10.00
8,4,-1.00,-1.00,-1.00,-1.00,0.8976,1.7,0.81,2.15,11.25,2.42,-20.95,-3.07,-10.00
8,4,527.07,469.38,584.52,538.59,0.2039,1.4,0.76,2.13,-5.32,0.94,26.00,1.55,-10.00
8,4,537.22,482.50,640.77,548.68,0.1742,1.2,0.68,1.85,-4.22,1.05,23.48,2.93,-10.00
8,4,-1.00,-1.00,-1.00,-1.00,0.1221,1.4,0.76,2.21,-5.43,1.34,-18.12,1.47,-10.00
9,4,-1.00,-1.00,-1.00,-1.00,0.9062,1.7,0.83,2.27,4.30,1.78,-3.62,1.56,-10.00
9,4,-1.00,-1.00,-1.00,-1.00,0.7471,1.7,0.85,2.03,10.61,2.39,-25.35,-3.07,-10.00
9,4,-1.00,-1.00,-1.00,-1.00,0.4563,1.8,1.05,2.05,44.79,4.63,-23.99,2.97,-10.00
9,4,478.43,464.78,529.25,547.99,0.2461,1.4,0.73,2.16,-5.38,0.95,21.90,-1.76,-10.00
9,4,728.64,483.98,763.71,521.24,0.1326,1.4,0.78,2.21,-2.68,1.14,48.65,-1.36,-10.00
9,4,-1.00,-1.00,-1.00,-1.00,0.1220,1.1,0.71,1.59,-25.62,-0.80,0.73,-3.08,-10.00
9,4,-1.00,-1.00,-1.00,-1.00,0.1194,1.3,0.74,0.84,-19.19,-0.53,5.64,3.13,-10.00
9,4,-1.00,-1.00,-1.00,-1.00,0.1117,1.4,0.74,1.95,-20.20,-0.26,3.47,1.48,-10.00
9,4,-1.00,-1.00,-1.00,-1.00,0.1061,1.4,0.68,2.21,-6.67,1.51,-20.77,1.57,-10.00
9,4,-1.00,-1.00,-1.00,-1.00,0.1026,1.2,0.65,0.70,-22.08,-1.47,17.90,-1.67,-10.00
10,4,-1.00,-1.00,-1.00,-1.00,0.7256,1.7,0.81,2.13,4.18,1.80,-12.20,1.61,-10.00
10,4,-1.00,-1.00,-1.00,-1.00,0.6378,1.6,0.75,1.83,10.08,2.28,-29.79,-3.07,-10.00
10,4,555.37,485.94,610.51,551.65,0.3206,1.2,0.60,1.86,-4.54,1.15,24.74,-1.50,-10.00
10,4,-1.00,-1.00,-1.00,-1.00,0.1411,1.7,0.99,2.11,40.66,4.39,-28.40,-3.13,-10.00
10,4,-1.00,-1.00,-1.00,-1.00,0.1186,1.3,0.68,1.53,-20.24,-0.17,-0.86,3.13,-10.00
10,4,-1.00,-1.00,-1.00,-1.00,0.1170,1.4,0.80,1.98,-24.61,-0.00,-3.50,-1.60,-10.00
10,4,0.00,429.74,77.51,560.68,0.1144,1.3,0.75,1.92,-8.99,0.71,13.41,-3.05,-10.00
10,4,-1.00,-1.00,-1.00,-1.00,0.1111,1.4,0.66,1.80,-20.03,-0.33,-0.07,0.01,-10.00
10,4,-1.00,-1.00,-1.00,-1.00,0.1009,1.3,0.81,2.32,25.73,1.60,8.97,0.27,-10.00
11,4,-1.00,-1.00,-1.00,-1.00,0.8964,1.6,0.81,1.97,10.02,2.25,-34.24,-3.05,-10.00
11,4,-1.00,-1.00,-1.00,-1.00,0.7403,1.7,0.86,2.25,4.22,1.76,-21.42,1.54,-10.00
11,4,-1.00,-1.00,-1.00,-1.00,0.1827,1.3,0.86,1.92,-20.60,-0.07,-7.16,-1.61,-10.00
11,4,-1.00,-1.00,-1.00,-1.00,0.1581,1.3,0.67,1.93,-5.41,1.37,-16.29,1.66,-10.00
11,4,-1.00,-1.00,-1.00,-1.00,0.1234,1.3,0.69,1.28,-20.27,-0.08,-5.77,-1.63,-10.00
11,4,-1.00,-1.00,-1.00,-1.00,0.1222,1.2,0.73,1.89,-29.78,-1.05,-14.43,-1.53,-10.00
11,4,-1.00,-1.00,-1.00,-1.00,0.1197,1.3,0.72,2.22,-7.72,1.17,-20.27,1.76,-10.00
11,4,-1.00,-1.00,-1.00,-1.00,0.1176,1.2,0.54,1.82,-25.43,-0.50,-8.07,0.20,-10.00
11,4,-1.00,-1.00,-1.00,-1.00,0.1126,1.3,0.61,1.88,-32.76,-0.75,-8.77,-0.00,-10.00
12,4,-1.00,-1.00,-1.00,-1.00,0.8543,1.7,0.78,2.04,9.95,2.21,-38.24,-3.11,-10.00
12,4,-1.00,-1.00,-1.00,-1.00,0.6940,1.7,0.82,2.02,4.12,1.91,-30.51,1.63,-10.00
12,4,-1.00,-1.00,-1.00,-1.00,0.3557,1.3,0.58,1.97,12.25,2.26,-35.52,-3.12,-10.00
12,4,-1.00,-1.00,-1.00,-1.00,0.2553,1.2,0.77,0.96,-17.41,-0.18,-3.36,3.13,-10.00
12,4,173.81,465.37,304.61,533.75,0.2048,1.3,0.69,2.19,-11.20,0.81,24.63,-0.12,-10.00
12,4,-1.00,-1.00,-1.00,-1.00,0.1959,1.1,0.58,1.62,-25.87,-0.66,-12.07,3.02,-10.00
12,4,-1.00,-1.00,-1.00,-1.00,0.1953,1.3,0.57,1.63,-15.97,0.12,-2.07,0.12,-10.00
12,4,-1.00,-1.00,-1.00,-1.00,0.1223,1.4,0.94,2.09,-19.02,-0.01,8.84,1.38,-10.00
12,4,-1.00,-1.00,-1.00,-1.00,0.1114,1.6,0.82,2.23,4.12,1.85,-28.95,1.53,-10.00
13,4,-1.00,-1.00,-1.00,-1.00,0.4253,1.7,0.94,2.09,33.60,3.79,-40.85,-3.04,-10.00
13,4,-1.00,-1.00,-1.00,-1.00,0.3565,1.7,0.80,1.95,4.05,2.35,-38.82,1.55,-10.00
13,4,-1.00,-1.00,-1.00,-1.00,0.1546,1.4,0.69,2.19,-5.84,1.50,-22.18,1.55,-10.00
13,4,-1.00,-1.00,-1.00,-1.00,0.1538,1.4,0.72,2.17,-7.39,1.58,-33.29,1.61,-10.00
13,4,-1.00,-1.00,-1.00,-1.00,0.1463,1.5,0.74,1.98,9.80,2.15,-42.19,-3.01,-10.00
13,4,-1.00,-1.00,-1.00,-1.00,0.1452,1.5,0.75,2.21,4.05,1.79,-35.96,1.69,-10.00
13,4,-1.00,-1.00,-1.00,-1.00,0.1325,1.4,0.74,2.19,-5.16,1.35,-18.31,1.67,-10.00
13,4,-1.00,-1.00,-1.00,-1.00,0.1133,1.3,0.63,1.49,-18.85,0.04,4.36,-3.13,-10.00
13,4,-1.00,-1.00,-1.00,-1.00,0.1083,1.2,0.68,1.84,-36.61,-1.49,-23.59,-1.56,-10.00
14,4,-1.00,-1.00,-1.00,-1.00,0.2688,1.4,0.76,2.35,-19.39,0.67,12.10,-1.91,-10.00
14,4,-1.00,-1.00,-1.00,-1.00,0.2411,1.4,0.78,2.25,-20.42,0.63,11.99,1.42,-10.00
14,4,-1.00,-1.00,-1.00,-1.00,0.2108,1.3,0.59,1.96,12.23,2.44,-43.14,-0.02,-10.00
14,4,-1.00,-1.00,-1.00,-1.00,0.1591,1.7,0.83,2.13,4.06,1.72,-45.92,1.51,-10.00
14,4,-1.00,-1.00,-1.00,-1.00,0.1314,1.4,0.67,1.85,-20.26,-0.01,-16.13,-3.05,-10.00
14,4,-1.00,-1.00,-1.00,-1.00,0.1251,1.6,0.89,2.17,31.01,3.31,-44.71,-2.84,-10.00
14,4,-1.00,-1.00,-1.00,-1.00,0.1195,1.3,0.69,2.10,-25.84,-0.25,-20.19,-1.86,-10.00
14,4,-1.00,-1.00,-1.00,-1.00,0.1160,1.4,0.88,2.25,-19.73,0.47,11.21,1.78,-10.00
14,4,-1.00,-1.00,-1.00,-1.00,0.1138,1.3,0.71,2.06,-18.08,0.27,1.45,0.02,-10.00
14,4,-1.00,-1.00,-1.00,-1.00,0.1076,1.3,0.69,2.14,-5.47,1.34,-23.28,1.67,-10.00
14,4,-1.00,-1.00,-1.00,-1.00,0.1049,1.7,0.77,2.03,4.04,1.82,-47.22,1.50,-10.00
15,4,-1.00,-1.00,-1.00,-1.00,0.5198,1.4,0.79,2.51,-19.69,0.67,9.02,-1.76,-10.00
15,4,-1.00,-1.00,-1.00,-1.00,0.4682,1.4,0.66,1.73,-17.32,0.25,-2.87,0.02,-10.00
15,4,-1.00,-1.00,-1.00,-1.00,0.4106,1.3,0.74,1.97,-21.05,0.61,8.43,-2.94,-10.00
15,4,-1.00,-1.00,-1.00,-1.00,0.3217,1.4,0.69,2.18,-17.39,0.62,3.87,2.06,-10.00
15,4,-1.00,-1.00,-1.00,-1.00,0.3034,1.5,0.87,2.26,-20.56,0.72,9.28,-1.44,-10.00
15,4,-1.00,-1.00,-1.00,-1.00,0.2632,1.4,0.69,2.13,12.42,2.37,-46.72,0.07,-10.00
15,4,-1.00,-1.00,-1.00,-1.00,0.2568,1.7,0.93,2.01,29.35,3.51,-47.90,-3.08,-10.00
15,4,-1.00,-1.00,-1.00,-1.00,0.1821,1.5,0.69,1.96,-19.06,0.28,-2.39,-1.75,-10.00
15,4,-1.00,-1.00,-1.00,-1.00,0.1585,1.4,0.80,2.26,-20.15,0.75,8.49,-1.70,-10.00
15,4,1496.88,412.75,1558.33,469.08,0.1258,1.4,0.77,1.82,19.54,-0.65,34.83,-1.50,-10.00
15,4,-1.00,-1.00,-1.00,-1.00,0.1203,1.4,0.72,2.33,-22.12,0.68,9.26,-2.01,-10.00
15,4,-1.00,-1.00,-1.00,-1.00,0.1167,1.3,0.76,1.98,-18.17,0.22,-2.12,-3.08,-10.00
15,4,-1.00,-1.00,-1.00,-1.00,0.1151,1.3,0.64,1.83,-16.59,0.32,-2.16,2.87,-10.00
15,4,-1.00,-1.00,-1.00,-1.00,0.1063,1.5,0.79,2.09,-20.14,0.23,-2.11,-3.00,-10.00
15,4,-1.00,-1.00,-1.00,-1.00,0.1047,1.6,0.85,2.21,2.10,1.81,-33.94,1.56,-10.00
16,4,-1.00,-1.00,-1.00,-1.00,0.8971,1.3,0.79,2.31,-17.76,0.91,0.08,2.23,-10.00
16,4,-1.00,-1.00,-1.00,-1.00,0.8690,1.4,0.86,2.50,-19.68,1.01,5.29,-2.04,-10.00
16,4,-1.00,-1.00,-1.00,-1.00,0.7103,1.3,0.60,1.95,-17.35,0.62,-6.52,0.05,-10.00
16,4,-1.00,-1.00,-1.00,-1.00,0.4138,1.4,0.73,2.23,-20.97,1.01,5.56,-1.88,-10.00
16,4,558.22,480.93,586.96,521.70,0.3312,1.4,0.70,2.24,-8.85,1.09,46.04,-1.62,-10.00
16,4,-1.00,-1.00,-1.00,-1.00,0.3079,1.3,0.66,2.15,-22.14,0.95,0.04,1.77,-10.00
16,4,-1.00,-1.00,-1.00,-1.00,0.2451,1.5,0.79,2.23,-33.80,0.46,11.26,1.44,-10.00
16,4,-1.00,-1.00,-1.00,-1.00,0.2299,1.4,0.77,2.13,-21.37,0.88,0.27,0.10,-10.00
16,4,-1.00,-1.00,-1.00,-1.00,0.1829,1.3,0.87,2.10,12.40,1.94,-50.26,-0.02,-10.00
16,4,-1.00,-1.00,-1.00,-1.00,0.1819,1.3,0.70,2.06,-27.82,0.55,12.31,1.77,-10.00
16,4,-1.00,-1.00,-1.00,-1.00,0.1734,1.3,0.71,2.10,-4.98,1.50,-22.22,1.58,-10.00
16,4,-1.00,-1.00,-1.00,-1.00,0.1532,1.3,0.65,1.99,-22.20,0.87,0.61,3.05,-10.00
16,4,581.49,477.21,621.90,521.11,0.1408,1.4,0.77,2.33,-6.87,0.94,40.68,-1.52,-10.00
16,4,-1.00,-1.00,-1.00,-1.00,0.1335,1.3,0.73,2.05,-28.13,0.64,1.18,-3.11,-10.00
16,4,-1.00,-1.00,-1.00,-1.00,0.1330,1.3,0.65,2.22,-5.40,1.50,-30.55,1.56,-10.00
16,4,-1.00,-1.00,-1.00,-1.00,0.1324,1.3,0.81,2.00,-5.12,1.46,-11.43,1.23,-10.00
16,4,-1.00,-1.00,-1.00,-1.00,0.1284,1.4,0.73,2.22,-22.51,0.85,0.58,1.69,-10.00
16,4,-1.00,-1.00,-1.00,-1.00,0.1213,1.4,0.82,2.21,-28.46,0.54,2.31,-1.78,-10.00
16,4,-1.00,-1.00,-1.00,-1.00,0.1137,1.3,0.68,1.99,-21.17,0.97,4.84,-2.95,-10.00
16,4,-1.00,-1.00,-1.00,-1.00,0.1108,1.4,0.74,2.06,-24.89,0.62,2.31,-2.96,-10.00
16,4,-1.00,-1.00,-1.00,-1.00,0.1101,1.4,0.85,2.15,-5.28,1.58,1.87,1.28,-10.00
16,4,-1.00,-1.00,-1.00,-1.00,0.1099,1.3,0.72,1.84,-16.50,0.57,-12.09,3.09,-10.00
16,4,-1.00,-1.00,-1.00,-1.00,0.1094,1.3,0.64,2.12,-21.64,1.02,4.81,1.75,-10.00
17,4,-1.00,-1.00,-1.00,-1.00,0.8749,1.3,0.78,2.37,-19.73,1.30,1.87,-2.00,-10.00
17,4,-1.00,-1.00,-1.00,-1.00,0.8158,1.3,0.78,2.24,-17.79,1.16,-3.25,2.26,-10.00
17,4,-1.00,-1.00,-1.00,-1.00,0.8011,1.3,0.70,2.10,-20.69,1.14,-2.89,2.04,-10.00
17,4,-1.00,-1.00,-1.00,-1.00,0.3487,1.3,0.69,2.09,-20.99,1.16,1.80,-1.93,-10.00
17,4,-1.00,-1.00,-1.00,-1.00,0.2232,1.4,0.73,2.03,-28.04,1.30,-0.90,-3.09,-10.00
17,4,-1.00,-1.00,-1.00,-1.00,0.2018,1.3,0.65,1.98,-21.81,0.90,2.24,0.18,-10.00
17,4,-1.00,-1.00,-1.00,-1.00,0.1927,1.2,0.79,1.48,-16.89,-0.14,-15.70,3.09,-10.00
17,4,-1.00,-1.00,-1.00,-1.00,0.1662,1.3,0.68,1.92,-21.66,1.23,1.51,-2.84,-10.00
17,4,-1.00,-1.00,-1.00,-1.00,0.1645,1.4,0.69,2.00,-28.53,1.16,-2.08,-3.13,-10.00
17,4,-1.00,-1.00,-1.00,-1.00,0.1563,1.7,0.79,2.32,7.75,1.37,-2.94,1.55,-10.00
17,4,-1.00,-1.00,-1.00,-1.00,0.1542,1.2,0.61,1.66,-24.40,1.33,-1.61,0.01,-10.00
17,4,-1.00,-1.00,-1.00,-1.00,0.1493,1.4,0.65,2.17,-5.12,1.55,-27.84,-1.90,-10.00
17,4,-1.00,-1.00,-1.00,-1.00,0.1466,1.3,0.66,1.88,-32.33,1.28,1.16,-3.14,-10.00
17,4,-1.00,-1.00,-1.00,-1.00,0.1391,1.3,0.69,1.89,-16.23,1.14,-14.50,0.06,-10.00
17,4,-1.00,-1.00,-1.00,-1.00,0.1330,1.3,0.70,2.20,-10.34,1.49,-36.79,1.67,-10.00
17,4,-1.00,-1.00,-1.00,-1.00,0.1318,1.3,0.77,2.23,-20.58,1.22,2.14,-1.81,-10.00
17,4,-1.00,-1.00,-1.00,-1.00,0.1306,1.3,0.73,2.08,-5.13,1.50,-14.65,1.49,-10.00
17,4,-1.00,-1.00,-1.00,-1.00,0.1193,1.4,0.80,2.31,-5.18,1.65,-32.42,1.59,-10.00
17,4,-1.00,-1.00,-1.00,-1.00,0.1126,1.3,0.63,1.95,-23.70,0.90,-4.57,3.14,-10.00
17,4,-1.00,-1.00,-1.00,-1.00,0.1065,1.4,0.76,2.00,-25.38,1.01,-3.69,3.11,-10.00
17,4,-1.00,-1.00,-1.00,-1.00,0.1060,1.4,0.73,1.95,-28.97,1.34,-1.28,2.99,-10.00
18,4,-1.00,-1.00,-1.00,-1.00,0.8684,1.3,0.77,2.32,-17.86,1.23,-6.46,2.23,-10.00
18,4,-1.00,-1.00,-1.00,-1.00,0.6517,1.3,0.80,2.32,-19.75,1.24,-1.33,-1.99,-10.00
18,4,-1.00,-1.00,-1.00,-1.00,0.5616,1.3,0.71,2.13,-20.61,1.30,-6.16,2.18,-10.00
18,4,-1.00,-1.00,-1.00,-1.00,0.3478,1.3,0.65,2.15,-21.00,1.11,-1.35,1.16,-10.00
18,4,-1.00,-1.00,-1.00,-1.00,0.2442,1.3,0.63,2.11,-6.69,1.98,-22.10,1.50,-10.00
18,4,-1.00,-1.00,-1.00,-1.00,0.2223,1.4,0.81,2.29,-5.03,1.75,-34.71,1.69,-10.00
18,4,-1.00,-1.00,-1.00,-1.00,0.1691,1.4,0.81,2.28,-5.15,1.91,-38.63,1.56,-10.00
18,4,-1.00,-1.00,-1.00,-1.00,0.1605,1.4,0.74,2.13,-10.65,1.59,-43.89,1.69,-10.00
18,4,-1.00,-1.00,-1.00,-1.00,0.1596,1.3,0.75,2.14,-20.62,1.16,-0.98,-2.02,-10.00
18,4,-1.00,-1.00,-1.00,-1.00,0.1264,1.3,0.65,2.12,-27.38,1.29,-3.53,1.71,-10.00
18,4,-1.00,-1.00,-1.00,-1.00,0.1257,1.3,0.81,2.17,-20.08,-1.22,-30.45,-0.48,-10.00
18,4,-1.00,-1.00,-1.00,-1.00,0.1243,1.5,0.78,1.96,-34.47,1.20,-2.47,3.13,-10.00
18,4,-1.00,-1.00,-1.00,-1.00,0.1220,1.4,0.71,2.17,-21.71,1.28,-1.57,-1.93,-10.00
18,4,-1.00,-1.00,-1.00,-1.00,0.1203,1.3,0.67,2.03,-28.17,1.05,4.65,-1.53,-10.00
18,4,-1.00,-1.00,-1.00,-1.00,0.1194,1.4,0.69,2.20,-7.18,1.58,-43.35,-1.59,-10.00
18,4,-1.00,-1.00,-1.00,-1.00,0.1186,1.3,0.71,1.91,-28.84,1.17,-3.25,3.07,-10.00
18,4,-1.00,-1.00,-1.00,-1.00,0.1027,1.3,0.66,1.97,-34.11,0.90,4.16,1.48,-10.00
19,4,-1.00,-1.00,-1.00,-1.00,0.8156,1.3,0.75,2.25,-17.87,1.36,-10.18,2.21,-10.00
19,4,-1.00,-1.00,-1.00,-1.00,0.8034,1.3,0.80,2.38,-19.78,1.39,-5.05,-2.09,-10.00
19,4,-1.00,-1.00,-1.00,-1.00,0.6895,1.3,0.73,2.27,-20.68,1.34,-9.74,2.18,-10.00
19,4,-1.00,-1.00,-1.00,-1.00,0.4476,1.3,0.66,2.14,-21.02,1.33,-4.90,-1.89,-10.00
19,4,-1.00,-1.00,-1.00,-1.00,0.3968,1.4,0.73,2.12,-22.18,1.39,-4.61,-1.86,-10.00
19,4,890.23,480.66,912.87,526.24,0.3770,1.7,0.81,1.96,3.21,1.30,47.82,1.62,-10.00
19,4,-1.00,-1.00,-1.00,-1.00,0.2845,1.2,0.65,0.74,-23.48,-1.27,-16.84,3.12,-10.00
19,4,-1.00,-1.00,-1.00,-1.00,0.2835,1.4,0.63,2.16,-22.23,1.30,-9.80,1.94,-10.00
19,4,-1.00,-1.00,-1.00,-1.00,0.2339,1.3,0.64,2.05,-4.68,1.61,-31.88,1.50,-10.00
19,4,-1.00,-1.00,-1.00,-1.00,0.2229,1.5,0.66,1.99,-23.93,-0.00,-19.30,-3.08,-10.00
19,4,-1.00,-1.00,-1.00,-1.00,0.2047,1.3,0.71,2.36,-21.48,1.27,-10.43,2.08,-10.00
19,4,-1.00,-1.00,-1.00,-1.00,0.1960,1.4,0.90,2.26,-5.01,1.53,-21.50,-1.57,-10.00
19,4,-1.00,-1.00,-1.00,-1.00,0.1924,1.2,0.62,1.31,-12.62,-0.18,16.26,-3.03,-10.00
19,4,-1.00,-1.00,-1.00,-1.00,0.1914,1.4,0.83,2.33,-5.51,1.89,-42.16,-1.63,-10.00
19,4,-1.00,-1.00,-1.00,-1.00,0.1779,1.3,0.73,1.03,-23.57,-1.11,-17.42,-1.51,-10.00
19,4,-1.00,-1.00,-1.00,-1.00,0.1536,1.4,0.74,2.09,-26.01,1.60,-10.47,-3.14,-10.00
19,4,-1.00,-1.00,-1.00,-1.00,0.1509,1.3,0.69,2.01,-40.64,0.52,-16.40,-1.85,-10.00
19,4,-1.00,-1.00,-1.00,-1.00,0.1449,1.4,0.72,2.17,2.42,2.24,-47.18,1.72,-10.00
19,4,-1.00,-1.00,-1.00,-1.00,0.1227,1.4,0.77,2.11,-4.72,2.20,-45.62,-1.74,-10.00
19,4,-1.00,-1.00,-1.00,-1.00,0.1195,1.4,0.64,1.98,-16.46,-0.94,-29.73,-3.14,-10.00
19,4,-1.00,-1.00,-1.00,-1.00,0.1138,1.3,0.66,2.01,-42.62,0.83,-7.82,-1.77,-10.00
19,4,-1.00,-1.00,-1.00,-1.00,0.1117,1.7,0.85,2.32,11.46,0.55,-18.65,1.65,-10.00
19,4,-1.00,-1.00,-1.00,-1.00,0.1105,1.3,0.65,1.96,-33.69,0.95,-5.99,-1.52,-10.00
19,4,1591.30,474.90,1600.00,560.78,0.1085,1.4,0.73,1.93,14.24,1.15,21.31,0.01,-10.00
19,4,-1.00,-1.00,-1.00,-1.00,0.1050,1.4,0.77,2.24,-20.57,1.47,-4.66,-1.83,-10.00
19,4,-1.00,-1.00,-1.00,-1.00,0.1028,1.2,0.61,1.79,-22.31,1.31,-8.10,0.13,-10.00
19,4,-1.00,-1.00,-1.00,-1.00,0.1010,1.5,0.73,2.25,-26.15,1.55,-1.61,-1.58,-10.00
20,4,-1.00,-1.00,-1.00,-1.00,0.8741,1.3,0.75,2.23,-17.81,0.99,-12.71,2.18,-10.00
20,4,-1.00,-1.00,-1.00,-1.00,0.7724,1.3,0.79,2.23,-20.73,0.97,-12.47,2.16,-10.00
20,4,-1.00,-1.00,-1.00,-1.00,0.2696,1.4,0.73,1.93,14.06,1.73,18.62,-0.00,-10.00
20,4,-1.00,-1.00,-1.00,-1.00,0.2176,1.6,0.72,2.08,11.32,0.06,-28.83,1.59,-10.00
20,4,-1.00,-1.00,-1.00,-1.00,0.1574,1.3,0.75,2.11,-4.77,1.04,-31.58,-1.19,-10.00
20,4,-1.00,-1.00,-1.00,-1.00,0.1396,1.4,0.73,2.14,-4.73,1.04,-34.67,1.46,-10.00
20,4,-1.00,-1.00,-1.00,-1.00,0.1197,1.3,0.78,2.14,-19.43,1.14,-7.52,-1.63,-10.00
20,4,-1.00,-1.00,-1.00,-1.00,0.1125,1.6,0.77,1.81,-25.99,0.15,-10.46,-3.13,-10.00
20,4,890.26,498.79,927.85,552.85,0.1065,1.8,0.87,2.16,3.14,2.05,43.08,1.45,-10.00
20,4,-1.00,-1.00,-1.00,-1.00,0.1056,1.4,0.72,2.20,-4.80,0.92,-40.92,1.57,-10.00
20,4,-1.00,-1.00,-1.00,-1.00,0.1054,1.3,0.69,2.09,-4.75,1.02,-23.90,1.63,-10.00
20,4,-1.00,-1.00,-1.00,-1.00,0.1025,1.4,0.77,2.22,9.49,1.27,-0.12,-1.60,-10.00
21,4,-1.00,-1.00,-1.00,-1.00,0.5440,1.3,0.69,2.12,-17.83,1.41,-15.13,2.02,-10.00
21,4,-1.00,-1.00,-1.00,-1.00,0.2190,1.3,0.81,2.33,-24.12,0.68,20.00,1.00,-10.00
21,4,-1.00,-1.00,-1.00,-1.00,0.2099,1.4,0.91,2.47,-5.38,1.85,-37.40,0.23,-10.00
21,4,-1.00,-1.00,-1.00,-1.00,0.1663,1.5,0.65,1.15,-15.18,0.26,10.66,3.11,-10.00
21,4,-1.00,-1.00,-1.00,-1.00,0.1507,1.5,0.76,2.25,-5.09,1.53,-34.53,1.60,-10.00
22,4,-1.00,-1.00,-1.00,-1.00,0.2476,1.5,0.96,2.25,-10.19,1.87,-27.35,-0.01,-10.00
22,4,-1.00,-1.00,-1.00,-1.00,0.1946,1.4,0.77,2.14,-15.99,-0.09,-36.86,2.98,-10.00
22,4,-1.00,-1.00,-1.00,-1.00,0.1890,1.4,0.67,1.97,-26.47,-0.39,-15.18,-3.13,-10.00
23,4,-1.00,-1.00,-1.00,-1.00,0.2387,1.5,0.75,1.99,13.94,1.67,12.27,0.01,-10.00
23,4,-1.00,-1.00,-1.00,-1.00,0.2264,1.4,0.79,2.23,-4.79,1.44,-33.75,1.57,-10.00
23,4,-1.00,-1.00,-1.00,-1.00,0.1552,1.2,0.61,1.84,14.93,2.14,0.05,-1.59,-10.00
23,4,-1.00,-1.00,-1.00,-1.00,0.1402,1.4,0.76,2.24,-4.75,1.34,-30.30,1.56,-10.00
23,4,-1.00,-1.00,-1.00,-1.00,0.1311,1.4,0.77,2.40,-5.08,1.37,-41.43,-1.71,-10.00
23,4,1181.19,485.94,1241.78,535.17,0.1224,1.7,0.83,1.94,14.27,1.56,45.75,-3.11,-10.00
23,4,-1.00,-1.00,-1.00,-1.00,0.1061,1.3,0.71,2.12,-4.81,1.29,-41.71,-0.03,-10.00
24,4,-1.00,-1.00,-1.00,-1.00,0.2334,1.4,0.76,2.23,-4.80,1.65,-40.44,1.55,-10.00
24,4,-1.00,-1.00,-1.00,-1.00,0.1920,1.4,0.73,2.23,-4.73,1.57,-43.25,1.53,-10.00
24,4,-1.00,-1.00,-1.00,-1.00,0.1658,1.4,0.76,1.81,-14.48,1.38,4.62,0.07,-10.00
24,4,-1.00,-1.00,-1.00,-1.00,0.1536,1.3,0.66,2.08,-5.39,1.48,-19.52,1.41,-10.00
24,4,-1.00,-1.00,-1.00,-1.00,0.1239,1.4,0.69,2.18,-5.02,1.51,-35.83,1.54,-10.00
24,4,-1.00,-1.00,-1.00,-1.00,0.1168,1.4,0.70,1.59,-21.55,-0.24,-35.99,-1.32,-10.00
24,4,-1.00,-1.00,-1.00,-1.00,0.1115,1.4,0.74,2.16,-4.73,1.50,-32.52,1.54,-10.00
24,4,-1.00,-1.00,-1.00,-1.00,0.1106,1.2,0.57,1.83,-17.12,0.30,-40.18,1.52,-10.00
25,4,-1.00,-1.00,-1.00,-1.00,0.3915,1.4,0.73,2.22,-4.82,1.63,-38.26,1.55,-10.00
25,4,-1.00,-1.00,-1.00,-1.00,0.2280,1.4,0.73,2.24,-6.67,1.44,-38.56,1.60,-10.00
25,4,678.65,485.02,707.17,520.97,0.1732,1.4,0.80,2.34,-4.83,1.15,49.77,-1.54,-10.00
25,4,-1.00,-1.00,-1.00,-1.00,0.1442,1.4,0.75,2.23,-4.84,1.57,-42.87,1.60,-10.00
25,4,-1.00,-1.00,-1.00,-1.00,0.1189,1.4,0.77,1.98,12.71,1.86,-0.74,-1.32,-10.00
25,4,-1.00,-1.00,-1.00,-1.00,0.1121,1.3,0.72,1.81,-9.18,-0.44,-50.28,-1.72,-10.00
26,4,-1.00,-1.00,-1.00,-1.00,0.2389,1.5,0.69,2.07,-17.55,-1.33,-39.23,-1.37,-10.00
26,4,752.57,489.53,776.20,537.04,0.2043,1.5,0.72,2.28,-1.69,1.47,41.47,-1.59,-10.00
26,4,857.86,478.53,885.57,520.77,0.1864,1.6,0.70,1.91,2.12,1.12,48.61,1.42,-10.00
26,4,-1.00,-1.00,-1.00,-1.00,0.1592,1.4,0.77,2.31,-5.06,1.48,-40.68,1.48,-10.00
26,4,-1.00,-1.00,-1.00,-1.00,0.1422,1.3,0.60,2.00,-5.51,1.68,-27.29,1.68,-10.00
26,4,-1.00,-1.00,-1.00,-1.00,0.1350,1.5,0.90,2.43,30.40,1.49,-3.07,2.88,-10.00
26,4,-1.00,-1.00,-1.00,-1.00,0.1254,1.3,0.67,1.70,-36.25,0.75,-12.54,-1.61,-10.00
26,4,720.68,485.33,765.81,528.28,0.1214,1.4,0.68,2.14,-2.40,1.21,41.92,1.92,-10.00
26,4,573.97,485.47,608.76,520.54,0.1210,1.3,0.72,2.15,-8.84,1.14,49.86,-1.44,-10.00
26,4,-1.00,-1.00,-1.00,-1.00,0.1150,1.3,0.72,1.99,-5.15,1.45,-45.10,1.96,-10.00
26,4,-1.00,-1.00,-1.00,-1.00,0.1085,1.4,0.81,2.00,9.22,0.86,-15.74,3.14,-10.00
26,4,764.49,494.33,787.85,537.01,0.1051,1.4,0.70,2.23,-1.32,1.49,42.15,-1.57,-10.00
27,4,-1.00,-1.00,-1.00,-1.00,0.1529,1.7,0.97,2.26,-4.74,1.96,-35.65,-1.64,-10.00
27,4,-1.00,-1.00,-1.00,-1.00,0.1264,1.7,0.68,1.98,-5.52,1.75,-27.06,1.39,-10.00
27,4,-1.00,-1.00,-1.00,-1.00,0.1025,1.3,0.69,2.08,-24.91,0.87,13.25,-1.93,-10.00
27,4,-1.00,-1.00,-1.00,-1.00,0.1012,1.3,0.69,1.93,-6.03,1.41,-33.39,2.88,-10.00
28,4,-1.00,-1.00,-1.00,-1.00,0.4140,1.5,0.80,2.35,-5.26,1.70,-46.44,1.56,-10.00
28,4,-1.00,-1.00,-1.00,-1.00,0.2577,1.3,0.73,1.71,-15.36,0.88,-6.10,-0.03,-10.00
28,4,-1.00,-1.00,-1.00,-1.00,0.1594,1.6,0.74,2.11,-23.98,-0.84,-40.81,0.04,-10.00
29,4,503.98,474.08,549.23,517.58,0.2475,1.5,0.95,1.70,-10.06,0.90,44.06,1.73,-10.00
29,4,-1.00,-1.00,-1.00,-1.00,0.1160,1.4,0.75,1.94,6.05,2.91,-50.90,-1.68,-10.00
29,4,-1.00,-1.00,-1.00,-1.00,0.1061,1.8,0.77,2.05,-41.26,-1.00,-43.59,-0.03,-10.00
29,4,386.77,464.95,476.13,519.34,0.1038,1.4,0.73,2.12,-10.05,0.72,33.11,0.18,-10.00
30,4,1449.61,490.14,1493.29,553.93,0.2885,1.3,0.61,2.07,13.41,1.25,25.95,-1.18,-10.00
30,4,-1.00,-1.00,-1.00,-1.00,0.1952,1.5,0.75,2.00,-25.88,1.02,-20.81,0.13,-10.00
30,4,-1.00,-1.00,-1.00,-1.00,0.1626,1.6,0.73,2.09,4.03,2.00,-49.35,1.51,-10.00
30,4,670.79,476.60,697.30,524.75,0.1056,1.6,0.83,2.07,-4.45,1.10,42.52,1.45,-10.00
31,4,1233.52,457.67,1293.01,522.24,0.1417,1.4,0.68,2.05,10.33,0.70,29.35,1.59,-10.00
31,4,1359.82,448.24,1445.41,506.48,0.1417,1.7,0.89,2.11,17.10,0.43,36.98,0.18,-10.00
31,4,493.63,444.98,571.43,503.17,0.1097,1.8,0.92,2.29,-9.16,0.37,40.97,-0.01,-10.00
32,4,-1.00,-1.00,-1.00,-1.00,0.4329,1.6,0.84,2.23,-2.69,1.85,-49.74,-1.61,-10.00
32,4,-1.00,-1.00,-1.00,-1.00,0.2487,1.6,0.83,2.13,-2.76,1.76,-48.29,-1.54,-10.00
32,4,414.13,441.47,499.44,500.08,0.1887,1.7,0.88,2.26,-10.65,0.24,37.54,0.19,-10.00
32,4,1271.59,487.10,1309.09,529.50,0.1077,1.6,0.84,1.81,18.05,1.43,48.25,1.63,-10.00
33,4,1377.22,482.41,1441.94,552.00,0.1484,1.7,0.93,2.01,15.20,1.52,32.50,1.70,-10.00
33,4,1299.45,492.17,1338.65,536.25,0.1410,1.5,0.81,1.85,18.01,1.59,45.41,-1.48,-10.00
33,4,-1.00,-1.00,-1.00,-1.00,0.1321,1.4,0.76,2.00,-22.36,0.49,-42.49,-2.95,-10.00
33,4,-1.00,-1.00,-1.00,-1.00,0.1037,1.7,0.87,2.74,16.62,1.07,-2.29,1.61,-10.00
34,4,433.47,457.67,522.35,515.97,0.2055,1.4,0.76,2.08,-8.48,0.61,31.82,-0.17,-10.00
34,4,782.35,477.09,843.58,520.24,0.1656,1.5,0.73,2.26,-0.13,1.02,45.38,-2.43,-10.00
34,4,-1.00,-1.00,-1.00,-1.00,0.1246,1.7,0.78,1.98,-3.15,1.59,-43.05,-1.54,-10.00
34,4,-1.00,-1.00,-1.00,-1.00,0.1096,1.3,0.64,0.83,-22.90,-1.39,-0.87,-3.05,-10.00
34,4,-1.00,-1.00,-1.00,-1.00,0.1005,1.5,0.82,2.24,-6.46,2.16,-45.83,1.60,-10.00
35,4,-1.00,-1.00,-1.00,-1.00,0.4357,1.7,0.82,2.13,-3.26,1.93,-41.26,-1.56,-10.00
35,4,-1.00,-1.00,-1.00,-1.00,0.2673,1.2,0.75,0.72,-23.00,-1.43,-10.43,3.13,-10.00
35,4,-1.00,-1.00,-1.00,-1.00,0.1498,1.7,0.72,2.03,32.81,1.18,37.31,-3.05,-10.00
35,4,305.73,452.83,403.72,511.77,0.1303,1.4,0.72,2.16,-11.45,0.50,31.46,-0.10,-10.00
35,4,45.60,429.22,138.28,486.72,0.1134,1.7,0.85,2.30,-22.10,-0.16,38.67,-0.04,-10.00
36,4,-1.00,-1.00,-1.00,-1.00,0.3608,1.6,0.92,2.38,-3.45,1.78,-38.33,-1.50,-10.00
36,4,418.60,453.02,464.31,492.20,0.1674,1.3,0.98,2.15,-13.29,0.00,44.96,-1.57,-10.00
36,4,-1.00,-1.00,-1.00,-1.00,0.1425,1.5,0.77,1.97,27.07,-0.00,23.53,-1.81,-10.00
36,4,-1.00,-1.00,-1.00,-1.00,0.1331,1.7,0.80,2.10,31.47,1.53,34.83,-3.03,-10.00
36,4,789.64,491.21,813.22,535.65,0.1114,1.4,0.70,2.18,-0.47,1.41,41.17,-1.56,-10.00
37,4,-1.00,-1.00,-1.00,-1.00,0.7238,1.7,0.86,2.30,-3.05,1.21,-35.46,-1.63,-10.00
37,4,1223.46,494.22,1259.75,541.26,0.1206,1.6,0.91,1.94,14.88,1.72,44.35,1.74,-10.00
37,4,-1.00,-1.00,-1.00,-1.00,0.1067,1.7,0.78,1.96,2.46,1.72,-49.08,1.63,-10.00
38,4,-1.00,-1.00,-1.00,-1.00,0.7378,1.7,0.90,2.30,-2.99,1.03,-33.05,-1.56,-10.00
38,4,-1.00,-1.00,-1.00,-1.00,0.2583,1.6,0.88,2.25,-16.67,-0.99,-31.59,0.17,-10.00
38,4,364.19,480.96,410.59,525.41,0.2216,1.4,0.76,2.16,-13.76,1.08,40.68,-1.58,-10.00
38,4,252.38,490.66,384.53,567.92,0.1324,1.3,0.68,2.05,-8.71,1.31,22.19,0.08,-10.00
38,4,-1.00,-1.00,-1.00,-1.00,0.1116,1.9,1.01,2.29,-19.96,-1.22,-45.21,0.11,-10.00
