0,4,619.57,479.88,659.50,534.59,0.4697,1.3,0.78,2.15,-4.43,1.07,31.88,-1.61,-10.00
0,4,-1.00,-1.00,-1.00,-1.00,0.2238,1.3,0.65,1.98,-14.58,1.44,-27.68,-1.48,-10.00
0,4,-1.00,-1.00,-1.00,-1.00,0.1980,1.1,0.67,1.74,-16.57,1.76,1.01,-0.47,-10.00
0,4,-1.00,-1.00,-1.00,-1.00,0.1341,1.2,0.65,2.02,19.11,1.02,-2.19,2.75,-10.00
0,4,-1.00,-1.00,-1.00,-1.00,0.1217,1.3,0.78,2.32,25.49,1.58,-1.51,0.95,-10.00
0,4,-1.00,-1.00,-1.00,-1.00,0.1158,1.3,0.74,1.90,14.09,1.38,-36.03,1.65,-10.00
0,4,-1.00,-1.00,-1.00,-1.00,0.1108,1.2,0.70,2.18,19.99,0.87,-2.14,-0.48,-10.00
1,4,610.51,464.95,664.77,527.46,0.6867,1.5,1.07,2.43,-4.54,0.90,32.40,-1.59,-10.00
1,4,-1.00,-1.00,-1.00,-1.00,0.2298,1.8,1.00,2.41,-25.18,0.24,37.19,-2.11,-10.00
1,4,-1.00,-1.00,-1.00,-1.00,0.1565,1.2,0.68,1.66,-16.36,2.00,1.11,-0.24,-10.00
1,4,636.33,445.17,837.70,590.65,0.1145,1.3,0.78,1.79,-0.71,0.89,11.75,3.13,-10.00
1,4,-1.00,-1.00,-1.00,-1.00,0.1040,1.3,0.69,2.09,17.30,1.71,-40.67,0.55,-10.00
2,4,611.40,471.27,667.45,541.21,0.8693,1.7,1.07,2.48,-4.54,1.25,32.68,-1.56,-10.00
2,4,-1.00,-1.00,-1.00,-1.00,0.2476,1.3,0.68,1.64,-16.39,1.95,1.10,-0.19,-10.00
2,4,-1.00,-1.00,-1.00,-1.00,0.2269,1.6,0.89,2.08,-13.88,1.78,-49.56,-1.39,-10.00
2,4,1558.30,422.62,1600.00,481.49,0.1999,1.3,0.69,1.83,18.29,-0.26,29.70,-1.57,-10.00
2,4,1228.10,448.04,1315.75,499.88,0.1695,1.4,0.72,2.24,12.73,0.23,35.43,-2.91,-10.00
2,4,234.11,489.40,281.51,526.19,0.1394,1.3,0.64,2.13,-20.07,1.24,45.55,1.63,-10.00
2,4,635.45,443.39,835.43,596.51,0.1162,1.4,0.75,1.77,-0.72,0.94,11.74,-3.11,-10.00
3,4,616.20,465.17,656.75,531.36,0.6790,1.7,0.92,2.41,-4.73,1.03,33.45,-1.66,-10.00
3,4,233.93,487.80,281.34,524.58,0.2419,1.3,0.67,2.16,-20.06,1.18,45.52,-1.54,-10.00
3,4,-1.00,-1.00,-1.00,-1.00,0.2080,1.7,0.81,2.16,-11.90,1.60,-43.13,-1.52,-10.00
3,4,-1.00,-1.00,-1.00,-1.00,0.1882,1.2,0.70,2.20,25.75,1.91,-1.64,1.00,-10.00
3,4,-1.00,-1.00,-1.00,-1.00,0.1432,1.2,0.69,1.68,-16.68,1.82,1.05,-0.38,-10.00
3,4,-1.00,-1.00,-1.00,-1.00,0.1248,1.4,0.65,2.18,31.18,0.97,-24.29,-0.07,-10.00
3,4,1556.70,428.59,1600.00,488.79,0.1236,1.3,0.75,1.91,18.26,-0.09,29.41,-1.78,-10.00
3,4,635.81,461.72,837.69,609.27,0.1031,1.3,0.79,1.80,-0.71,1.06,11.76,-3.13,-10.00
4,4,621.61,462.65,679.90,526.12,0.6714,1.7,0.90,2.45,-4.52,0.94,34.81,-1.40,-10.00
4,4,235.39,484.91,279.88,520.89,0.3319,1.3,0.65,2.10,-20.07,1.05,45.54,-1.57,-10.00
4,4,-1.00,-1.00,-1.00,-1.00,0.1536,1.6,0.67,2.19,38.13,-0.10,-35.82,2.67,-10.00
4,4,632.43,449.15,834.21,592.93,0.1251,1.3,0.76,1.80,-0.75,0.91,11.74,3.13,-10.00
4,4,-1.00,-1.00,-1.00,-1.00,0.1120,1.7,0.74,2.21,20.68,0.88,8.76,-1.52,-10.00
4,4,-1.00,-1.00,-1.00,-1.00,0.1092,1.3,0.68,1.64,-16.65,1.90,1.08,-0.30,-10.00
5,4,-1.00,-1.00,-1.00,-1.00,0.4010,1.4,0.68,2.02,-7.96,1.56,-28.82,1.61,-10.00
5,4,-1.00,-1.00,-1.00,-1.00,0.1487,1.3,0.68,2.04,20.99,0.92,9.31,-1.60,-10.00
5,4,-1.00,-1.00,-1.00,-1.00,0.1477,1.2,0.66,1.61,-16.33,1.91,1.11,-0.32,-10.00
5,4,-1.00,-1.00,-1.00,-1.00,0.1403,1.3,0.64,2.20,25.80,1.85,-1.68,1.11,-10.00
5,4,76.09,446.39,112.74,492.34,0.1142,1.7,0.79,2.25,-28.45,0.01,49.94,-1.89,-10.00
5,4,1552.31,427.38,1600.00,488.29,0.1076,1.3,0.68,1.91,18.28,-0.10,29.60,-1.86,-10.00
5,4,-1.00,-1.00,-1.00,-1.00,0.1046,1.2,0.65,2.20,20.87,0.85,9.34,0.04,-10.00
6,4,-1.00,-1.00,-1.00,-1.00,0.4154,1.2,0.64,1.73,-16.37,1.98,1.07,-0.36,-10.00
6,4,659.82,464.19,712.57,538.14,0.2048,1.5,0.88,2.27,-2.82,1.00,27.71,-1.56,-10.00
6,4,-1.00,-1.00,-1.00,-1.00,0.1968,1.7,0.86,2.23,-15.55,1.65,-43.09,-1.60,-10.00
6,4,-1.00,-1.00,-1.00,-1.00,0.1751,1.4,0.62,2.04,21.02,0.83,9.83,-1.38,-10.00
6,4,-1.00,-1.00,-1.00,-1.00,0.1385,1.5,1.12,2.51,17.54,1.86,-40.69,0.40,-10.00
6,4,824.58,481.65,857.75,530.11,0.1270,1.7,0.83,2.04,0.88,1.36,45.16,1.41,-10.00
6,4,-1.00,-1.00,-1.00,-1.00,0.1123,1.4,0.66,1.87,15.75,1.05,-4.23,2.62,-10.00
7,4,-1.00,-1.00,-1.00,-1.00,0.4205,1.9,0.71,2.18,32.03,0.78,27.30,2.96,-10.00
7,4,-1.00,-1.00,-1.00,-1.00,0.1731,1.2,0.69,1.66,-16.36,2.04,1.06,-0.30,-10.00
7,4,953.10,482.40,985.73,523.24,0.1613,1.6,0.84,2.11,6.00,1.24,49.70,1.48,-10.00
7,4,236.89,483.04,278.61,521.30,0.1424,1.3,0.61,2.20,-20.05,1.06,45.50,-1.62,-10.00
7,4,629.51,452.02,824.92,600.12,0.1094,1.3,0.73,1.75,-0.83,0.98,11.77,3.05,-10.00
8,4,-1.00,-1.00,-1.00,-1.00,0.1521,1.6,0.81,2.62,18.51,1.07,-7.40,-1.17,-10.00
8,4,-1.00,-1.00,-1.00,-1.00,0.1411,1.3,0.67,2.18,25.77,1.95,-1.67,1.04,-10.00
8,4,650.37,465.54,703.58,537.68,0.1243,1.6,0.77,1.96,-3.24,1.05,29.28,-1.92,-10.00
8,4,-1.00,-1.00,-1.00,-1.00,0.1050,1.7,0.77,2.06,-22.75,1.75,-50.46,-1.30,-10.00
9,4,-1.00,-1.00,-1.00,-1.00,0.4385,1.2,0.70,1.67,-16.61,1.87,1.04,-0.39,-10.00
9,4,653.14,470.80,703.40,544.21,0.2798,1.7,0.90,2.00,-3.26,1.21,29.75,-1.81,-10.00
9,4,867.01,480.35,897.08,523.23,0.2691,1.6,0.69,1.85,2.45,1.18,47.38,1.38,-10.00
9,4,235.27,489.00,280.78,526.35,0.1450,1.3,0.67,2.21,-20.05,1.24,45.53,-1.59,-10.00
9,4,967.12,488.01,995.36,529.98,0.1045,1.6,0.72,1.94,6.45,1.49,49.57,1.50,-10.00
9,4,637.63,458.27,834.70,601.42,0.1041,1.3,0.75,1.76,-0.72,0.99,11.75,-3.14,-10.00
9,4,-1.00,-1.00,-1.00,-1.00,0.1003,1.6,0.81,1.98,48.35,0.95,15.56,1.57,-10.00
10,4,-1.00,-1.00,-1.00,-1.00,0.2907,1.8,0.74,2.07,32.04,0.80,27.25,-3.12,-10.00
10,4,649.51,460.85,706.41,525.84,0.2415,1.5,0.97,2.21,-3.32,0.81,30.23,1.29,-10.00
10,4,235.86,487.46,279.28,523.42,0.2031,1.3,0.65,2.09,-20.08,1.14,45.55,-1.59,-10.00
10,4,637.38,450.60,827.84,594.02,0.1099,1.3,0.72,1.70,-0.78,0.93,11.75,3.05,-10.00
11,4,-1.00,-1.00,-1.00,-1.00,0.4915,1.9,0.72,2.19,32.07,0.77,27.28,3.05,-10.00
11,4,650.30,470.20,737.31,522.89,0.3567,1.2,0.68,1.91,-2.88,0.73,29.85,-2.87,-10.00
11,4,634.35,444.14,696.35,494.26,0.2202,1.4,1.00,2.37,-4.43,0.06,37.39,-1.31,-10.00
11,4,-1.00,-1.00,-1.00,-1.00,0.1438,1.5,0.68,2.19,38.19,-0.21,-35.79,2.59,-10.00
11,4,-1.00,-1.00,-1.00,-1.00,0.1262,1.2,0.65,1.62,-16.59,1.89,1.06,-0.35,-10.00
11,4,235.71,487.53,278.96,524.16,0.1192,1.3,0.65,2.14,-20.08,1.16,45.54,-1.60,-10.00
11,4,-1.00,-1.00,-1.00,-1.00,0.1022,1.4,0.78,2.41,-17.60,1.23,19.25,1.00,-10.00
12,4,650.10,470.10,703.36,548.38,0.2250,1.3,0.66,1.98,-2.47,0.97,22.23,-1.82,-10.00
12,4,659.65,475.06,693.97,532.89,0.2209,1.3,0.71,2.20,-3.33,0.97,30.34,1.51,-10.00
12,4,-1.00,-1.00,-1.00,-1.00,0.2186,1.2,0.69,1.64,-16.60,1.89,1.10,-0.31,-10.00
12,4,-1.00,-1.00,-1.00,-1.00,0.1768,1.4,0.70,2.25,14.18,-1.22,-39.84,0.67,-10.00
12,4,768.86,447.93,803.80,494.18,0.1540,1.7,0.84,2.15,-1.16,0.08,48.39,1.31,-10.00
13,4,236.99,483.00,278.94,520.58,0.2590,1.3,0.65,2.13,-20.04,1.04,45.50,-1.62,-10.00
13,4,-1.00,-1.00,-1.00,-1.00,0.2354,1.7,0.83,2.05,-12.33,1.67,-43.94,-1.42,-10.00
13,4,-1.00,-1.00,-1.00,-1.00,0.2074,1.2,0.66,1.66,-16.38,1.92,1.15,-0.28,-10.00
14,4,235.80,488.15,278.34,524.71,0.2726,1.3,0.64,2.11,-20.09,1.18,45.53,-1.61,-10.00
14,4,792.87,466.98,834.37,534.40,0.2675,1.4,0.72,2.07,-0.07,0.90,27.06,-1.65,-10.00
14,4,1023.81,467.46,1078.00,532.92,0.1881,1.7,0.79,2.16,6.28,1.09,34.01,1.44,-10.00
14,4,-1.00,-1.00,-1.00,-1.00,0.1298,1.7,0.84,2.13,8.50,1.78,-30.11,1.36,-10.00
14,4,-1.00,-1.00,-1.00,-1.00,0.1251,1.3,0.67,2.20,25.76,1.96,-1.65,1.05,-10.00
14,4,-1.00,-1.00,-1.00,-1.00,0.1155,1.8,0.82,2.18,9.28,1.36,-30.05,1.49,-10.00
14,4,1047.44,488.66,1077.37,534.83,0.1054,1.7,0.78,2.19,9.16,1.60,47.22,-1.52,-10.00
15,4,-1.00,-1.00,-1.00,-1.00,0.3868,1.2,0.62,1.63,-16.51,1.94,1.02,-0.39,-10.00
15,4,392.02,457.28,426.39,511.20,0.3152,1.6,0.75,2.18,-12.42,0.60,38.59,-1.99,-10.00
15,4,233.47,490.36,279.74,526.97,0.1810,1.3,0.66,2.11,-20.09,1.26,45.51,-1.54,-10.00
15,4,652.49,477.04,703.34,536.74,0.1641,1.4,0.74,2.15,-3.34,1.08,30.73,-1.44,-10.00
15,4,-1.00,-1.00,-1.00,-1.00,0.1375,1.6,0.82,2.20,-15.89,1.34,-42.62,-1.37,-10.00
15,4,1540.03,434.75,1600.00,493.00,0.1222,1.3,0.67,1.99,18.00,0.02,29.54,-1.91,-10.00
15,4,-1.00,-1.00,-1.00,-1.00,0.1180,1.2,0.66,2.15,25.77,1.93,-1.67,1.08,-10.00
15,4,657.18,446.79,735.65,499.41,0.1086,1.6,0.98,2.24,-3.68,0.23,39.04,-3.03,-10.00
16,4,383.72,475.63,420.74,521.42,0.3349,1.6,0.75,2.21,-15.24,1.09,46.66,-1.63,-10.00
16,4,654.23,471.29,700.96,530.34,0.1793,1.4,0.73,2.20,-3.34,0.92,30.66,-1.50,-10.00
16,4,-1.00,-1.00,-1.00,-1.00,0.1444,1.6,0.77,2.24,-13.13,1.36,-35.82,-1.18,-10.00
16,4,-1.00,-1.00,-1.00,-1.00,0.1309,1.2,0.64,1.69,-16.28,1.94,1.13,-0.31,-10.00
16,4,-1.00,-1.00,-1.00,-1.00,0.1218,1.4,0.72,2.22,-21.91,-0.19,-27.39,-1.43,-10.00
16,4,-1.00,-1.00,-1.00,-1.00,0.1150,1.2,0.65,1.83,14.12,1.33,-36.04,1.61,-10.00
16,4,-1.00,-1.00,-1.00,-1.00,0.1102,1.2,0.63,2.11,25.72,1.86,-1.66,1.02,-10.00
16,4,0.00,470.51,12.79,516.52,0.1032,1.3,0.69,2.01,-24.56,0.72,36.72,2.82,-10.00
17,4,1023.83,481.40,1085.70,529.98,0.3432,1.7,0.77,2.05,8.37,1.34,44.49,0.06,-10.00
17,4,-1.00,-1.00,-1.00,-1.00,0.1371,1.5,0.71,1.64,12.05,1.17,-27.36,-1.37,-10.00
18,4,1002.43,467.99,1057.02,535.16,0.1598,1.7,0.81,2.17,5.53,1.12,32.94,1.45,-10.00
18,4,-1.00,-1.00,-1.00,-1.00,0.1299,1.4,0.70,2.12,16.05,-0.39,-47.17,-1.65,-10.00
18,4,0.00,468.51,8.21,519.95,0.1266,1.5,0.81,2.28,-24.81,0.83,37.53,-1.84,-10.00
18,4,-1.00,-1.00,-1.00,-1.00,0.1229,1.3,0.71,2.21,14.70,1.35,-30.16,-0.13,-10.00
18,4,0.00,471.74,42.58,530.92,0.1049,1.4,0.61,2.04,-19.73,0.94,30.26,2.73,-10.00
18,4,-1.00,-1.00,-1.00,-1.00,0.1039,1.3,0.76,1.92,25.74,0.12,-25.52,1.63,-10.00
19,4,-1.00,-1.00,-1.00,-1.00,0.6758,1.6,0.78,2.07,-9.89,1.51,-16.36,-1.53,-10.00
19,4,-1.00,-1.00,-1.00,-1.00,0.2434,1.6,1.21,2.10,33.58,2.03,-24.22,2.48,-10.00
19,4,-1.00,-1.00,-1.00,-1.00,0.1539,1.7,0.66,2.26,16.00,-0.35,-48.24,-1.82,-10.00
19,4,1490.37,514.27,1600.00,575.67,0.1478,1.5,0.90,2.48,18.36,2.06,31.71,0.28,-10.00
19,4,1005.96,484.99,1036.44,523.49,0.1445,1.5,0.72,2.04,8.02,1.24,49.66,-1.64,-10.00
19,4,-1.00,-1.00,-1.00,-1.00,0.1346,1.3,0.67,2.10,-6.32,1.04,-29.32,1.51,-10.00
19,4,-1.00,-1.00,-1.00,-1.00,0.1282,1.2,0.59,1.73,-16.23,1.91,1.19,-1.85,-10.00
19,4,-1.00,-1.00,-1.00,-1.00,0.1036,1.5,0.48,1.96,31.71,0.11,-27.11,-2.00,-10.00
19,4,-1.00,-1.00,-1.00,-1.00,0.1007,1.6,0.74,1.98,36.31,0.03,22.36,-1.51,-10.00
20,4,-1.00,-1.00,-1.00,-1.00,0.6972,1.6,0.79,2.15,-9.47,1.50,-10.09,-1.54,-10.00
20,4,843.99,473.25,882.19,522.53,0.1686,1.7,0.81,2.03,1.61,1.06,43.77,1.34,-10.00
20,4,1018.38,481.65,1042.52,523.32,0.1285,1.6,0.81,2.04,8.39,1.24,49.64,1.68,-10.00
20,4,-1.00,-1.00,-1.00,-1.00,0.1056,1.2,0.60,1.86,19.05,1.04,-4.24,2.96,-10.00
21,4,-1.00,-1.00,-1.00,-1.00,0.9085,1.6,0.82,2.33,-9.41,1.58,-4.09,-1.55,-10.00
21,4,869.63,477.62,908.87,524.17,0.4611,1.7,0.83,2.06,2.77,1.23,48.25,1.28,-10.00
21,4,333.77,445.71,369.04,501.42,0.3065,1.7,0.86,2.10,-14.87,0.30,40.57,-1.84,-10.00
21,4,-1.00,-1.00,-1.00,-1.00,0.2997,1.9,0.79,2.19,32.60,0.58,23.72,-3.07,-10.00
21,4,-1.00,-1.00,-1.00,-1.00,0.1871,1.1,0.57,1.79,19.09,1.04,-5.46,-0.29,-10.00
21,4,-1.00,-1.00,-1.00,-1.00,0.1400,1.3,0.77,2.79,23.86,1.26,19.76,-0.10,-10.00
21,4,990.51,441.19,1037.92,496.80,0.1349,1.6,0.78,2.05,5.96,0.14,38.22,1.39,-10.00
21,4,1581.26,536.07,1600.00,598.91,0.1267,1.3,0.86,1.95,18.25,2.33,28.25,-1.86,-10.00
21,4,-1.00,-1.00,-1.00,-1.00,0.1089,1.3,0.68,2.02,-1.69,-0.04,-19.37,3.12,-10.00
22,4,-1.00,-1.00,-1.00,-1.00,0.7147,1.6,0.83,2.26,-9.52,1.49,1.39,-1.62,-10.00
22,4,1048.28,437.63,1102.63,503.37,0.2388,1.7,0.81,2.20,6.82,0.30,33.45,1.48,-10.00
22,4,-1.00,-1.00,-1.00,-1.00,0.2071,1.2,0.57,1.78,19.07,1.06,-6.69,-0.24,-10.00
22,4,922.88,464.11,963.91,514.55,0.1941,1.7,0.82,2.01,4.32,0.78,43.18,1.37,-10.00
22,4,340.25,468.32,378.99,521.45,0.1860,1.8,0.99,2.20,-16.04,1.04,44.53,-1.79,-10.00
22,4,-1.00,-1.00,-1.00,-1.00,0.1724,1.4,0.49,1.55,12.56,1.48,3.71,1.45,-10.00
22,4,-1.00,-1.00,-1.00,-1.00,0.1567,1.5,1.08,2.12,32.62,1.92,-28.68,-0.61,-10.00
22,4,-1.00,-1.00,-1.00,-1.00,0.1510,1.5,0.72,2.28,24.31,1.37,19.00,-1.35,-10.00
22,4,-1.00,-1.00,-1.00,-1.00,0.1489,1.3,0.75,2.13,16.21,1.38,-28.72,-1.36,-10.00
22,4,628.11,486.40,688.80,522.43,0.1435,1.4,0.77,2.22,-6.17,1.20,49.54,0.15,-10.00
22,4,-1.00,-1.00,-1.00,-1.00,0.1375,1.3,0.72,2.77,23.53,1.16,18.52,0.05,-10.00
22,4,-1.00,-1.00,-1.00,-1.00,0.1043,1.2,0.67,1.97,12.93,1.36,4.21,2.74,-10.00
23,4,-1.00,-1.00,-1.00,-1.00,0.7301,1.6,0.79,2.14,-9.89,1.37,7.47,-1.59,-10.00
23,4,1034.32,446.05,1106.76,528.38,0.7088,1.7,0.83,2.31,5.38,0.77,26.94,1.45,-10.00
23,4,-1.00,-1.00,-1.00,-1.00,0.2686,1.8,1.13,1.86,42.43,2.65,-2.40,3.06,-10.00
23,4,-1.00,-1.00,-1.00,-1.00,0.1531,1.2,0.55,1.86,18.72,0.97,-7.78,-0.25,-10.00
23,4,623.40,492.84,692.09,648.19,0.1326,1.6,0.65,1.96,-1.75,1.65,14.22,1.50,-10.00
23,4,831.71,474.44,865.11,522.91,0.1061,1.7,0.84,2.18,1.16,1.13,46.05,1.42,-10.00
23,4,-1.00,-1.00,-1.00,-1.00,0.1047,1.3,0.74,1.96,34.51,2.08,-2.33,-0.29,-10.00
24,4,-1.00,-1.00,-1.00,-1.00,0.5946,1.7,0.78,2.22,-10.63,1.26,13.53,-1.68,-10.00
24,4,1112.11,448.68,1222.66,554.77,0.5527,1.7,0.85,2.27,5.90,1.03,21.45,1.36,-10.00
24,4,-1.00,-1.00,-1.00,-1.00,0.2413,1.3,0.81,1.96,12.69,1.57,-41.90,-1.44,-10.00
24,4,-1.00,-1.00,-1.00,-1.00,0.2066,1.3,0.92,2.27,-23.65,-0.26,34.02,1.99,-10.00
24,4,1462.20,504.03,1552.74,584.12,0.1649,1.4,0.71,2.27,12.31,1.59,22.63,-1.40,-10.00
24,4,649.74,433.12,737.08,483.58,0.1523,1.3,0.84,2.26,-3.35,-0.23,34.69,0.06,-10.00
24,4,1454.14,509.34,1600.00,584.20,0.1227,1.3,0.69,2.21,12.45,1.60,22.21,3.08,-10.00
24,4,831.02,470.74,881.19,549.47,0.1095,1.4,0.69,2.03,0.71,1.02,23.03,-1.65,-10.00
24,4,-1.00,-1.00,-1.00,-1.00,0.1094,1.7,1.21,1.90,42.35,2.39,-3.54,-2.80,-10.00
25,4,1229.60,441.13,1378.22,580.37,0.9381,1.7,0.83,2.37,6.19,1.08,16.26,1.49,-10.00
25,4,14.06,456.78,133.66,572.71,0.4751,1.7,0.77,2.16,-11.33,1.19,19.42,-1.70,-10.00
25,4,-1.00,-1.00,-1.00,-1.00,0.3129,1.9,0.77,2.04,-4.65,1.88,-11.10,-1.57,-10.00
25,4,1181.37,458.89,1258.71,513.63,0.2661,1.4,0.69,1.95,10.80,0.59,33.91,0.31,-10.00
25,4,898.28,473.28,946.66,531.60,0.2623,1.7,0.82,2.14,3.12,1.17,37.42,1.35,-10.00
25,4,-1.00,-1.00,-1.00,-1.00,0.1459,1.4,0.78,2.69,19.24,1.89,26.87,-0.07,-10.00
25,4,-1.00,-1.00,-1.00,-1.00,0.1282,1.8,1.12,2.01,42.22,2.49,-3.96,-1.91,-10.00
25,4,707.50,432.24,743.49,483.49,0.1096,1.7,0.91,2.43,-3.25,-0.32,45.11,1.35,-10.00
26,4,1418.68,452.81,1600.00,662.36,0.9203,1.7,0.85,2.32,6.38,1.39,11.34,1.56,-10.00
26,4,648.12,444.44,735.20,492.26,0.1312,1.3,0.84,2.25,-3.36,0.01,34.29,0.03,-10.00
26,4,-1.00,-1.00,-1.00,-1.00,0.1191,1.2,0.46,1.54,20.52,0.98,-8.60,-1.80,-10.00
26,4,628.82,477.00,690.10,516.45,0.1060,1.5,0.84,2.11,-5.88,0.93,47.50,0.20,-10.00
27,4,-1.00,-1.00,-1.00,-1.00,0.6911,1.7,0.79,2.30,6.67,1.23,6.48,1.53,-10.00
27,4,-1.00,-1.00,-1.00,-1.00,0.2062,1.8,1.13,1.89,42.45,2.55,-3.58,-2.99,-10.00
27,4,-1.00,-1.00,-1.00,-1.00,0.1506,1.3,0.82,2.82,25.49,2.23,18.93,-0.06,-10.00
27,4,-1.00,-1.00,-1.00,-1.00,0.1304,1.3,0.70,2.07,32.96,1.91,-13.51,0.12,-10.00
27,4,-1.00,-1.00,-1.00,-1.00,0.1208,1.2,0.64,1.95,13.39,1.21,-32.29,1.85,-10.00
27,4,-1.00,-1.00,-1.00,-1.00,0.1084,1.1,0.68,2.13,23.88,1.92,18.43,-0.97,-10.00
28,4,-1.00,-1.00,-1.00,-1.00,0.7176,1.7,0.73,2.24,6.62,1.25,1.98,1.55,-10.00
28,4,268.67,461.02,314.74,522.52,0.4489,1.7,0.79,2.11,-14.80,0.87,35.78,-1.77,-10.00
28,4,865.13,468.07,908.51,521.93,0.1791,1.7,0.79,1.99,2.31,0.99,41.72,1.28,-10.00
28,4,937.56,441.76,1035.12,573.66,0.1576,1.7,0.80,2.11,2.28,1.07,17.28,1.45,-10.00
28,4,-1.00,-1.00,-1.00,-1.00,0.1095,1.3,0.72,2.22,23.83,1.28,-7.82,1.09,-10.00
28,4,1248.07,521.14,1283.19,557.11,0.1004,1.4,0.76,1.98,17.58,2.53,49.59,1.62,-10.00
29,4,-1.00,-1.00,-1.00,-1.00,0.7038,1.7,0.75,2.40,6.56,1.48,-3.84,1.57,-10.00
29,4,914.81,470.93,959.45,528.02,0.3372,1.6,0.79,2.06,3.58,1.07,37.70,1.40,-10.00
29,4,293.69,464.39,332.59,519.05,0.1473,1.7,0.80,2.18,-16.44,0.89,41.41,-1.78,-10.00
29,4,-1.00,-1.00,-1.00,-1.00,0.1264,1.5,0.86,2.07,-14.13,1.95,-51.12,0.30,-10.00
29,4,1245.13,526.23,1303.45,563.59,0.1237,1.4,0.64,2.03,17.70,2.77,48.96,-0.04,-10.00
29,4,689.70,445.73,731.82,500.43,0.1051,1.4,0.92,2.28,-2.88,0.23,34.75,1.59,-10.00
30,4,-1.00,-1.00,-1.00,-1.00,0.7742,1.7,0.84,2.44,6.52,1.56,-8.67,1.65,-10.00
30,4,-1.00,-1.00,-1.00,-1.00,0.1519,1.2,0.70,2.30,23.97,1.98,18.23,-0.58,-10.00
30,4,-1.00,-1.00,-1.00,-1.00,0.1294,1.3,0.80,2.69,25.51,2.34,18.91,-0.00,-10.00
30,4,-1.00,-1.00,-1.00,-1.00,0.1092,1.3,0.64,2.04,36.92,3.41,16.81,0.05,-10.00
31,4,-1.00,-1.00,-1.00,-1.00,0.6477,1.6,0.85,2.20,6.23,1.55,-13.68,1.61,-10.00
31,4,-1.00,-1.00,-1.00,-1.00,0.2714,1.3,0.79,2.51,23.95,2.05,18.25,-0.53,-10.00
31,4,-1.00,-1.00,-1.00,-1.00,0.1842,1.7,1.11,1.88,42.41,2.37,-3.94,-2.74,-10.00
31,4,661.48,447.32,749.53,497.21,0.1535,1.3,0.84,2.24,-3.03,0.15,34.73,0.25,-10.00
31,4,-1.00,-1.00,-1.00,-1.00,0.1435,1.2,0.70,2.44,25.75,2.24,18.87,-0.01,-10.00
31,4,-1.00,-1.00,-1.00,-1.00,0.1062,1.2,0.67,2.01,32.96,1.91,-13.52,0.12,-10.00
31,4,-1.00,-1.00,-1.00,-1.00,0.1041,1.8,0.85,2.06,6.15,1.57,-21.56,1.56,-10.00
32,4,-1.00,-1.00,-1.00,-1.00,0.5308,1.6,0.86,2.23,5.84,1.58,-18.59,1.66,-10.00
32,4,-1.00,-1.00,-1.00,-1.00,0.1615,1.7,0.78,2.09,32.99,0.83,20.07,-2.84,-10.00
32,4,845.29,475.12,881.78,529.06,0.1531,1.7,0.85,2.21,1.52,1.21,41.25,1.45,-10.00
32,4,-1.00,-1.00,-1.00,-1.00,0.1088,1.7,1.11,1.91,42.37,2.54,-3.55,-2.95,-10.00
33,4,-1.00,-1.00,-1.00,-1.00,0.4177,1.7,0.85,2.26,5.35,1.55,-23.73,1.71,-10.00
33,4,-1.00,-1.00,-1.00,-1.00,0.2060,1.5,0.77,2.11,6.08,1.49,-19.30,-1.63,-10.00
33,4,-1.00,-1.00,-1.00,-1.00,0.1903,1.7,0.81,2.17,-11.60,1.62,-40.53,-1.49,-10.00
33,4,-1.00,-1.00,-1.00,-1.00,0.1498,1.1,0.53,1.66,12.63,1.20,2.19,-1.33,-10.00
33,4,-1.00,-1.00,-1.00,-1.00,0.1463,1.7,0.86,2.31,-0.57,1.01,-15.91,-1.46,-10.00
33,4,-1.00,-1.00,-1.00,-1.00,0.1174,1.6,0.72,2.11,12.23,1.77,-11.26,1.61,-10.00
33,4,-1.00,-1.00,-1.00,-1.00,0.1146,1.4,0.72,2.29,23.84,1.32,-7.84,1.13,-10.00
33,4,873.17,470.99,914.94,529.19,0.1119,1.7,0.82,2.14,2.30,1.11,37.78,1.43,-10.00
33,4,-1.00,-1.00,-1.00,-1.00,0.1034,1.3,0.72,1.99,-5.67,1.96,-26.95,-2.88,-10.00
34,4,-1.00,-1.00,-1.00,-1.00,0.3177,1.7,0.84,2.15,-10.30,1.55,-34.74,-1.44,-10.00
34,4,-1.00,-1.00,-1.00,-1.00,0.1407,1.5,0.76,2.05,35.69,-0.43,-43.52,-0.93,-10.00
34,4,-1.00,-1.00,-1.00,-1.00,0.1317,1.2,0.57,1.88,19.07,1.01,-8.67,-0.31,-10.00
35,4,-1.00,-1.00,-1.00,-1.00,0.7626,1.6,0.85,2.37,-9.09,1.51,-29.30,-1.35,-10.00
35,4,827.12,472.98,863.04,532.83,0.2668,1.7,0.84,2.21,0.82,1.17,36.53,1.51,-10.00
35,4,-1.00,-1.00,-1.00,-1.00,0.1551,1.2,0.60,1.78,19.13,0.06,23.11,-1.98,-10.00
35,4,-1.00,-1.00,-1.00,-1.00,0.1203,1.6,0.65,1.95,35.98,-0.37,-43.39,-1.01,-10.00
35,4,-1.00,-1.00,-1.00,-1.00,0.1048,1.3,0.74,2.06,32.98,1.96,-13.51,0.13,-10.00
35,4,699.03,447.52,775.61,497.71,0.1046,1.3,0.74,1.99,-2.13,0.16,34.27,-3.10,-10.00
36,4,-1.00,-1.00,-1.00,-1.00,0.3220,1.6,0.81,2.29,-8.00,1.52,-23.11,-1.41,-10.00
36,4,-1.00,-1.00,-1.00,-1.00,0.2082,1.3,0.67,2.10,-20.07,1.44,20.28,0.59,-10.00
36,4,-1.00,-1.00,-1.00,-1.00,0.1436,1.3,0.76,3.11,23.34,1.10,-7.04,0.36,-10.00
36,4,-1.00,-1.00,-1.00,-1.00,0.1416,1.7,1.05,1.90,42.35,2.48,-3.54,-3.01,-10.00
36,4,591.84,487.36,691.36,651.19,0.1306,1.5,0.74,2.09,-1.74,1.51,12.93,1.56,-10.00
36,4,-1.00,-1.00,-1.00,-1.00,0.1205,1.7,0.86,2.03,-16.72,1.78,-45.04,-1.36,-10.00
36,4,-1.00,-1.00,-1.00,-1.00,0.1045,1.4,0.69,1.95,35.94,-0.36,-43.43,-0.98,-10.00
37,4,-1.00,-1.00,-1.00,-1.00,0.7409,1.6,0.84,2.31,-7.31,1.55,-17.01,-1.45,-10.00
37,4,-1.00,-1.00,-1.00,-1.00,0.2882,1.4,0.80,2.04,9.54,1.62,-15.91,-3.01,-10.00
37,4,747.63,442.61,792.56,495.79,0.2537,1.7,0.82,2.13,-1.55,0.12,42.02,1.20,-10.00
37,4,303.17,452.63,352.85,512.57,0.1972,1.7,0.91,2.14,-14.50,0.62,37.66,-1.72,-10.00
37,4,-1.00,-1.00,-1.00,-1.00,0.1325,1.7,0.68,1.93,8.80,1.75,-40.86,-1.39,-10.00
37,4,-1.00,-1.00,-1.00,-1.00,0.1107,1.5,0.74,2.05,35.87,-0.39,-43.44,2.53,-10.00
38,4,-1.00,-1.00,-1.00,-1.00,0.9206,1.7,0.89,2.32,-6.72,1.48,-10.70,-1.55,-10.00
38,4,-1.00,-1.00,-1.00,-1.00,0.1716,1.2,0.74,2.47,24.05,2.01,18.49,-0.66,-10.00
38,4,-1.00,-1.00,-1.00,-1.00,0.1481,1.3,0.68,1.70,14.38,1.28,9.46,-3.07,-10.00
38,4,-1.00,-1.00,-1.00,-1.00,0.1105,1.2,0.65,2.02,33.25,1.90,-13.12,-0.07,-10.00
38,4,-1.00,-1.00,-1.00,-1.00,0.1101,1.3,0.74,2.69,23.44,1.11,-7.06,0.16,-10.00
38,4,-1.00,-1.00,-1.00,-1.00,0.1062,1.5,0.82,2.58,23.84,1.27,-7.88,1.41,-10.00
39,4,-1.00,-1.00,-1.00,-1.00,0.8918,1.7,0.87,2.30,-6.50,1.51,-4.68,-1.55,-10.00
39,4,-1.00,-1.00,-1.00,-1.00,0.2778,1.3,0.80,2.44,24.31,2.16,18.14,-0.37,-10.00
39,4,-1.00,-1.00,-1.00,-1.00,0.1717,1.2,0.72,2.39,25.75,2.31,18.89,0.14,-10.00
39,4,-1.00,-1.00,-1.00,-1.00,0.1658,1.2,0.74,2.19,23.56,2.07,18.46,-1.15,-10.00
39,4,-1.00,-1.00,-1.00,-1.00,0.1328,1.3,0.78,2.32,23.08,2.14,17.37,-0.54,-10.00
39,4,-1.00,-1.00,-1.00,-1.00,0.1098,1.3,0.72,2.06,32.97,1.94,-13.51,0.10,-10.00
