0,4,-1.00,-1.00,-1.00,-1.00,0.8241,1.5,0.82,2.21,9.42,1.45,1.68,0.42,-10.00
0,4,-1.00,-1.00,-1.00,-1.00,0.2270,1.7,0.80,2.04,3.71,0.02,-47.83,-1.46,-10.00
0,4,0.00,489.15,8.45,586.89,0.1536,1.2,0.68,1.89,-11.89,1.51,16.41,0.05,-10.00
1,4,-1.00,-1.00,-1.00,-1.00,0.6218,1.3,0.73,2.28,9.48,1.35,0.37,0.34,-10.00
1,4,-1.00,-1.00,-1.00,-1.00,0.1878,1.5,1.07,2.19,4.05,-0.21,-49.70,-1.72,-10.00
1,4,-1.00,-1.00,-1.00,-1.00,0.1499,1.4,0.78,2.26,-19.24,0.17,-18.28,-1.86,-10.00
1,4,-1.00,-1.00,-1.00,-1.00,0.1215,1.4,0.67,1.97,10.71,1.79,8.74,-1.00,-10.00
1,4,-1.00,-1.00,-1.00,-1.00,0.1028,1.3,0.73,1.95,9.27,0.07,-32.24,2.97,-10.00
1,4,-1.00,-1.00,-1.00,-1.00,0.1013,1.4,0.86,2.18,5.28,0.21,-38.20,0.36,-10.00
2,4,-1.00,-1.00,-1.00,-1.00,0.3582,1.3,0.75,2.24,9.45,1.34,-1.33,0.34,-10.00
3,4,-1.00,-1.00,-1.00,-1.00,0.6840,1.4,0.71,2.20,9.40,1.40,-3.40,0.37,-10.00
3,4,-1.00,-1.00,-1.00,-1.00,0.1522,1.4,0.80,1.99,10.44,0.98,-16.55,1.61,-10.00
3,4,-1.00,-1.00,-1.00,-1.00,0.1220,1.3,0.81,1.98,-18.77,0.05,-21.94,-3.01,-10.00
4,4,-1.00,-1.00,-1.00,-1.00,0.5300,1.4,0.67,1.78,9.10,1.34,-5.63,0.27,-10.00
4,4,457.44,506.72,522.30,547.66,0.2205,1.3,0.64,2.03,-11.13,2.55,41.40,2.82,-10.00
4,4,-1.00,-1.00,-1.00,-1.00,0.1247,1.2,0.67,1.96,9.19,-0.00,-38.33,2.92,-10.00
5,4,-1.00,-1.00,-1.00,-1.00,0.3211,1.3,0.66,2.09,9.56,1.30,-9.13,0.59,-10.00
5,4,-1.00,-1.00,-1.00,-1.00,0.1151,1.2,0.64,1.94,14.99,0.53,2.07,3.03,-10.00
6,4,-1.00,-1.00,-1.00,-1.00,0.5150,1.3,0.68,2.07,9.13,0.97,-11.87,0.37,-10.00
6,4,-1.00,-1.00,-1.00,-1.00,0.1096,1.4,0.81,2.05,4.96,0.78,-41.90,-2.90,-10.00
7,4,-1.00,-1.00,-1.00,-1.00,0.4854,1.4,0.69,2.03,8.92,1.12,-15.14,0.43,-10.00
8,4,-1.00,-1.00,-1.00,-1.00,0.1684,1.5,0.76,2.32,-19.43,0.59,-38.12,-1.55,-10.00
8,4,-1.00,-1.00,-1.00,-1.00,0.1383,1.4,0.80,2.10,9.10,1.22,-18.38,0.40,-10.00
8,4,-1.00,-1.00,-1.00,-1.00,0.1201,1.5,0.80,1.99,8.77,1.31,-3.82,3.04,-10.00
8,4,-1.00,-1.00,-1.00,-1.00,0.1047,1.3,0.69,1.81,10.52,1.57,-10.79,-2.65,-10.00
9,4,-1.00,-1.00,-1.00,-1.00,0.5803,1.4,0.74,2.00,9.08,0.75,-21.62,0.46,-10.00
9,4,-1.00,-1.00,-1.00,-1.00,0.1046,1.4,0.76,2.15,4.86,0.54,-49.49,1.64,-10.00
10,4,-1.00,-1.00,-1.00,-1.00,0.6433,1.6,0.82,2.19,9.09,0.94,-25.39,0.42,-10.00
11,4,-1.00,-1.00,-1.00,-1.00,0.2241,1.4,0.76,1.94,9.12,0.71,-28.99,0.39,-10.00
11,4,-1.00,-1.00,-1.00,-1.00,0.1217,1.3,0.65,2.02,6.06,0.96,-24.17,-2.96,-10.00
12,4,-1.00,-1.00,-1.00,-1.00,0.6254,1.4,0.72,2.09,8.85,0.70,-33.14,0.43,-10.00
13,4,-1.00,-1.00,-1.00,-1.00,0.5456,1.3,0.61,2.03,8.36,0.58,-37.47,0.52,-10.00
13,4,-1.00,-1.00,-1.00,-1.00,0.2053,1.6,0.96,2.24,5.49,1.25,-32.66,-3.01,-10.00
14,4,-1.00,-1.00,-1.00,-1.00,0.2968,1.3,0.70,2.21,8.05,0.65,-41.86,0.47,-10.00
15,4,-1.00,-1.00,-1.00,-1.00,0.3029,1.6,1.07,2.58,7.79,1.04,-46.34,0.48,-10.00
15,4,-1.00,-1.00,-1.00,-1.00,0.1841,1.4,0.72,2.15,8.94,0.18,-41.71,-1.37,-10.00
15,4,-1.00,-1.00,-1.00,-1.00,0.1356,1.5,0.47,1.40,15.94,0.92,17.70,-2.50,-10.00
15,4,-1.00,-1.00,-1.00,-1.00,0.1237,1.4,0.66,2.01,9.74,0.47,-3.91,-1.71,-10.00
15,4,-1.00,-1.00,-1.00,-1.00,0.1109,1.4,0.90,2.05,4.67,1.08,-41.05,-3.07,-10.00
16,4,-1.00,-1.00,-1.00,-1.00,0.1840,1.3,0.94,2.01,7.24,0.36,-46.17,1.66,-10.00
19,4,-1.00,-1.00,-1.00,-1.00,0.2526,1.3,0.66,2.10,-8.80,0.98,-40.04,0.24,-10.00
19,4,-1.00,-1.00,-1.00,-1.00,0.1184,1.4,0.84,2.04,6.40,1.14,-27.84,-2.90,-10.00
19,4,-1.00,-1.00,-1.00,-1.00,0.1009,1.4,0.72,2.10,-9.15,0.23,-48.45,1.39,-10.00
21,4,-1.00,-1.00,-1.00,-1.00,0.1166,1.4,0.73,2.18,-8.42,0.62,-49.29,1.65,-10.00
22,4,416.77,482.65,506.63,544.76,0.1558,1.3,0.78,1.78,-7.88,1.61,27.13,-0.17,-10.00
23,4,315.22,500.60,435.75,575.13,0.1860,1.3,0.73,1.91,-8.15,1.88,22.69,-3.12,-10.00
23,4,-1.00,-1.00,-1.00,-1.00,0.1042,1.4,0.76,1.69,9.91,1.09,-26.74,1.66,-10.00
27,4,1096.73,496.75,1147.42,567.44,0.1652,1.6,0.74,2.05,6.85,2.24,29.15,-1.53,-10.00
28,4,-1.00,-1.00,-1.00,-1.00,0.1265,1.5,0.72,2.00,8.02,0.50,-23.51,0.05,-10.00
28,4,-1.00,-1.00,-1.00,-1.00,0.1088,1.2,0.70,1.88,10.50,1.11,-16.82,-1.88,-10.00
29,4,-1.00,-1.00,-1.00,-1.00,0.1688,1.4,0.72,1.87,10.98,0.99,-41.25,1.78,-10.00
30,4,-1.00,-1.00,-1.00,-1.00,0.3914,1.3,0.72,2.05,-15.56,0.87,-46.16,-2.90,-10.00
30,4,-1.00,-1.00,-1.00,-1.00,0.2415,1.3,0.71,2.11,10.40,1.02,-26.00,1.48,-10.00
30,4,-1.00,-1.00,-1.00,-1.00,0.1210,1.4,0.68,2.26,8.04,0.17,-32.71,-0.00,-10.00
30,4,192.88,484.46,244.74,539.29,0.1120,1.3,0.80,2.21,-15.12,1.72,31.23,1.28,-10.00
31,4,-1.00,-1.00,-1.00,-1.00,0.1364,1.5,0.84,2.09,9.89,1.00,-21.32,1.59,-10.00
31,4,-1.00,-1.00,-1.00,-1.00,0.1143,1.4,0.95,2.22,6.74,0.81,-42.28,3.11,-10.00
33,4,584.53,516.48,618.61,562.97,0.2062,1.4,0.87,2.22,-7.25,2.97,40.44,-1.65,-10.00
34,4,531.47,506.15,585.72,570.42,0.3377,1.8,1.01,2.06,-7.67,2.85,35.97,1.63,-10.00
34,4,432.02,510.59,485.86,563.85,0.1608,1.5,0.84,2.00,-10.61,2.69,36.23,1.64,-10.00
34,4,-1.00,-1.00,-1.00,-1.00,0.1344,1.3,0.77,1.91,23.80,-0.36,3.27,-1.60,-10.00
35,4,-1.00,-1.00,-1.00,-1.00,0.1859,1.6,0.85,2.02,-1.73,0.12,-34.57,-1.45,-10.00
36,4,1155.12,473.98,1196.24,527.32,0.1302,1.5,0.71,2.12,10.13,1.65,36.41,-1.50,-10.00
37,4,73.76,501.27,219.51,585.07,0.2102,1.4,0.84,2.33,-11.70,1.96,21.56,0.35,-10.00
38,4,-1.00,-1.00,-1.00,-1.00,0.1081,1.3,0.83,2.46,24.61,1.00,-5.70,0.02,-10.00
39,4,-1.00,-1.00,-1.00,-1.00,0.1894,1.8,0.73,2.03,11.92,0.06,-27.23,-1.52,-10.00
