0,4,53.44,398.85,164.28,465.32,0.1352,1.3,0.70,1.97,-14.71,-0.58,26.36,2.61,-10.00
0,4,-1.00,-1.00,-1.00,-1.00,0.1234,1.4,0.78,2.19,-3.09,1.96,-38.73,1.54,-10.00
0,4,-1.00,-1.00,-1.00,-1.00,0.1193,1.4,0.79,2.21,-26.63,-1.42,-18.40,1.24,-10.00
1,4,-1.00,-1.00,-1.00,-1.00,0.1716,1.4,0.83,2.32,-23.72,-1.13,17.81,-1.85,-10.00
1,4,-1.00,-1.00,-1.00,-1.00,0.1228,1.2,0.67,1.90,36.02,2.50,19.25,0.15,-10.00
3,4,743.35,434.66,835.67,497.19,0.1396,1.3,0.68,1.90,-0.59,0.12,27.82,0.40,-10.00
3,4,-1.00,-1.00,-1.00,-1.00,0.1352,1.3,0.75,2.02,1.37,1.28,-4.66,-1.63,-10.00
3,4,671.47,435.94,779.72,495.48,0.1100,1.3,0.85,2.23,-1.99,0.08,27.91,0.16,-10.00
4,4,856.44,475.04,911.70,523.33,0.1855,1.4,0.75,2.11,1.98,0.92,36.72,-1.07,-10.00
5,4,-1.00,-1.00,-1.00,-1.00,0.8184,1.8,0.78,2.15,-33.71,-0.73,6.40,0.08,-10.00
5,4,1037.45,480.75,1074.53,531.33,0.2597,1.3,0.68,2.18,6.35,1.04,33.50,-1.25,-10.00
5,4,-1.00,-1.00,-1.00,-1.00,0.1831,1.4,0.73,2.17,-15.86,1.70,-39.96,1.77,-10.00
5,4,1041.51,477.82,1119.03,525.38,0.1407,1.2,0.64,1.90,6.96,0.89,33.43,3.08,-10.00
6,4,-1.00,-1.00,-1.00,-1.00,0.7920,1.7,0.77,2.06,-30.46,0.15,8.70,-0.13,-10.00
6,4,1219.55,467.41,1280.68,526.71,0.3083,1.7,0.82,2.24,13.14,1.05,38.44,1.42,-10.00
6,4,-1.00,-1.00,-1.00,-1.00,0.1101,1.7,0.68,2.04,33.42,1.04,20.13,-1.38,-10.00
7,4,-1.00,-1.00,-1.00,-1.00,0.9105,1.7,0.78,2.02,-26.83,0.56,10.68,-0.11,-10.00
7,4,-1.00,-1.00,-1.00,-1.00,0.4177,1.6,0.66,1.89,30.70,0.89,6.30,-1.61,-10.00
7,4,-1.00,-1.00,-1.00,-1.00,0.1434,1.4,0.73,2.18,-27.75,-0.76,-25.56,-0.27,-10.00
7,4,-1.00,-1.00,-1.00,-1.00,0.1416,1.5,0.74,2.16,30.34,1.39,33.02,0.99,-10.00
7,4,1116.72,480.52,1170.37,522.83,0.1181,1.6,0.71,1.99,12.67,1.20,49.03,0.27,-10.00
7,4,-1.00,-1.00,-1.00,-1.00,0.1129,1.4,0.78,1.98,3.93,-0.80,-51.09,0.04,-10.00
7,4,-1.00,-1.00,-1.00,-1.00,0.1126,1.3,0.65,2.08,10.54,0.34,-26.56,1.25,-10.00
8,4,-1.00,-1.00,-1.00,-1.00,0.5006,1.6,0.74,2.00,-22.34,0.96,12.66,-0.10,-10.00
8,4,-1.00,-1.00,-1.00,-1.00,0.1386,1.4,0.81,2.03,-21.40,0.36,21.52,0.05,-10.00
8,4,1021.87,521.91,1067.48,583.38,0.1170,1.4,0.75,2.24,5.49,2.15,30.53,-1.54,-10.00
8,4,-1.00,-1.00,-1.00,-1.00,0.1149,1.6,0.82,2.11,-11.05,-0.81,-43.54,-0.85,-10.00
9,4,-1.00,-1.00,-1.00,-1.00,0.8916,1.7,0.77,1.98,-17.73,0.74,13.86,-0.01,-10.00
9,4,-1.00,-1.00,-1.00,-1.00,0.4632,1.3,0.73,2.20,3.33,-0.06,-31.63,-1.71,-10.00
9,4,-1.00,-1.00,-1.00,-1.00,0.1296,1.3,0.76,2.05,3.72,-0.07,-31.10,1.49,-10.00
9,4,-1.00,-1.00,-1.00,-1.00,0.1036,1.4,0.93,2.24,31.79,1.71,-5.10,0.40,-10.00
10,4,-1.00,-1.00,-1.00,-1.00,0.6766,1.6,0.74,2.04,-13.43,0.51,14.36,0.14,-10.00
10,4,-1.00,-1.00,-1.00,-1.00,0.3444,1.2,0.61,1.89,38.28,2.31,-4.39,-0.05,-10.00
10,4,-1.00,-1.00,-1.00,-1.00,0.2633,1.2,0.66,1.99,22.37,2.60,14.96,-0.10,-10.00
10,4,1203.25,488.51,1255.04,559.05,0.1679,1.3,0.58,1.71,7.92,1.27,24.34,1.66,-10.00
11,4,0.00,420.41,166.20,574.09,0.6927,1.6,0.74,1.95,-8.34,0.88,13.99,0.12,-10.00
11,4,-1.00,-1.00,-1.00,-1.00,0.3968,1.3,0.80,2.03,-18.50,0.08,3.85,-3.03,-10.00
11,4,-1.00,-1.00,-1.00,-1.00,0.1208,1.7,0.84,2.14,7.64,-0.66,-48.29,-1.81,-10.00
12,4,452.56,459.36,671.93,639.51,0.9255,1.6,0.71,1.98,-2.45,1.35,12.22,0.35,-10.00
12,4,589.03,449.48,662.43,493.68,0.2489,1.4,0.82,2.42,-6.59,0.05,43.88,2.45,-10.00
12,4,-1.00,-1.00,-1.00,-1.00,0.2052,1.2,0.67,2.20,25.72,3.11,5.37,0.09,-10.00
12,4,-1.00,-1.00,-1.00,-1.00,0.1623,1.5,0.72,2.15,12.15,-0.40,-44.39,1.44,-10.00
12,4,-1.00,-1.00,-1.00,-1.00,0.1307,1.3,0.81,2.33,-28.47,-0.21,26.87,2.20,-10.00
12,4,-1.00,-1.00,-1.00,-1.00,0.1230,1.5,0.84,2.18,-32.39,-1.26,-22.07,-0.17,-10.00
12,4,-1.00,-1.00,-1.00,-1.00,0.1095,1.5,0.76,2.04,13.20,-0.83,-45.63,1.44,-10.00
13,4,835.57,467.63,1117.83,686.39,0.9793,1.6,0.72,2.15,1.29,1.47,10.23,0.36,-10.00
13,4,-1.00,-1.00,-1.00,-1.00,0.2653,1.8,0.68,2.09,33.56,1.05,26.45,1.59,-10.00
13,4,-1.00,-1.00,-1.00,-1.00,0.1835,1.5,0.75,2.23,3.56,-1.83,-48.17,-2.57,-10.00
13,4,-1.00,-1.00,-1.00,-1.00,0.1259,1.9,0.79,2.30,27.88,1.04,36.95,2.81,-10.00
14,4,1485.45,512.99,1600.00,842.48,0.6883,1.7,0.70,1.99,5.03,1.84,7.37,0.46,-10.00
14,4,903.03,550.41,962.82,639.04,0.2030,1.3,0.67,2.12,1.85,2.26,20.35,-1.61,-10.00
14,4,-1.00,-1.00,-1.00,-1.00,0.1885,1.2,0.69,1.90,-33.23,-0.48,41.63,1.86,-10.00
14,4,912.94,546.44,1051.24,631.58,0.1866,1.3,0.74,2.07,2.64,2.18,20.20,2.81,-10.00
14,4,-1.00,-1.00,-1.00,-1.00,0.1124,1.5,0.96,2.44,33.32,4.56,12.33,0.32,-10.00
15,4,-1.00,-1.00,-1.00,-1.00,0.6854,1.7,0.69,2.03,8.36,1.98,3.94,0.56,-10.00
15,4,-1.00,-1.00,-1.00,-1.00,0.1988,1.3,0.74,2.02,22.08,1.51,-30.26,-1.99,-10.00
15,4,-1.00,-1.00,-1.00,-1.00,0.1462,1.4,0.85,2.50,0.22,0.26,-31.79,-3.13,-10.00
15,4,416.19,485.93,504.72,537.16,0.1183,1.5,0.84,2.37,-10.53,1.34,37.53,-0.66,-10.00
16,4,-1.00,-1.00,-1.00,-1.00,0.7167,1.7,0.75,2.03,10.66,1.93,0.60,0.61,-10.00
16,4,-1.00,-1.00,-1.00,-1.00,0.1625,1.2,0.69,1.90,-41.29,-0.84,21.23,1.75,-10.00
16,4,-1.00,-1.00,-1.00,-1.00,0.1050,1.2,0.68,1.90,-41.23,-0.96,19.95,-1.44,-10.00
16,4,-1.00,-1.00,-1.00,-1.00,0.1010,1.6,0.78,2.21,-9.31,-1.66,-34.06,0.14,-10.00
17,4,-1.00,-1.00,-1.00,-1.00,0.3181,1.7,0.77,2.12,12.61,1.97,-3.64,0.85,-10.00
17,4,1150.66,574.21,1275.48,658.65,0.2161,1.5,0.84,2.17,7.44,3.05,23.75,2.79,-10.00
17,4,-1.00,-1.00,-1.00,-1.00,0.1237,1.3,0.77,2.01,-14.68,-0.99,-6.95,-1.69,-10.00
17,4,-1.00,-1.00,-1.00,-1.00,0.1101,1.2,0.83,1.84,-14.01,1.26,-14.13,-0.11,-10.00
18,4,-1.00,-1.00,-1.00,-1.00,0.4359,1.7,0.72,2.06,13.38,1.68,-8.86,1.04,-10.00
18,4,809.06,511.99,848.95,577.27,0.2657,1.3,0.68,2.04,0.29,1.78,27.03,-1.48,-10.00
18,4,-1.00,-1.00,-1.00,-1.00,0.2249,1.7,0.76,2.27,24.42,-1.46,-46.58,2.76,-10.00
18,4,-1.00,-1.00,-1.00,-1.00,0.1443,1.6,0.74,1.89,12.22,0.75,-39.40,0.06,-10.00
19,4,-1.00,-1.00,-1.00,-1.00,0.5566,1.6,0.72,2.12,12.94,1.38,-15.31,1.26,-10.00
19,4,1255.94,545.54,1297.00,602.36,0.1124,1.5,0.79,1.99,13.14,3.09,36.12,2.08,-10.00
19,4,-1.00,-1.00,-1.00,-1.00,0.1076,1.7,0.81,2.13,-1.95,1.06,-30.33,-1.45,-10.00
20,4,-1.00,-1.00,-1.00,-1.00,0.4199,1.6,0.71,2.17,10.50,1.09,-21.70,1.45,-10.00
20,4,-1.00,-1.00,-1.00,-1.00,0.1514,1.7,0.89,2.29,16.49,0.70,-50.16,-1.70,-10.00
20,4,-1.00,-1.00,-1.00,-1.00,0.1332,1.5,0.96,2.02,-26.05,0.61,31.82,1.36,-10.00
21,4,-1.00,-1.00,-1.00,-1.00,0.5522,1.6,0.75,2.12,5.01,0.79,-28.63,1.76,-10.00
21,4,83.94,486.51,170.29,540.90,0.2587,1.4,0.73,2.24,-18.50,1.30,34.05,-1.36,-10.00
21,4,-1.00,-1.00,-1.00,-1.00,0.1652,1.3,0.65,2.00,0.81,0.98,-27.47,-1.49,-10.00
22,4,-1.00,-1.00,-1.00,-1.00,0.4683,1.7,0.72,2.05,-0.29,0.52,-34.33,1.87,-10.00
22,4,-1.00,-1.00,-1.00,-1.00,0.3097,1.4,0.67,2.25,-15.76,0.27,12.89,2.00,-10.00
22,4,498.65,529.43,531.04,588.60,0.1626,1.7,0.78,2.17,-9.27,2.92,38.91,-1.88,-10.00
22,4,-1.00,-1.00,-1.00,-1.00,0.1595,1.4,0.73,2.16,-3.52,1.25,-30.29,1.52,-10.00
22,4,-1.00,-1.00,-1.00,-1.00,0.1410,1.3,0.72,2.16,25.30,2.45,0.21,0.09,-10.00
23,4,-1.00,-1.00,-1.00,-1.00,0.2572,1.7,0.83,2.32,-5.85,0.06,-38.62,2.21,-10.00
23,4,-1.00,-1.00,-1.00,-1.00,0.2051,1.3,0.73,2.09,-6.72,0.86,-32.04,1.85,-10.00
23,4,-1.00,-1.00,-1.00,-1.00,0.1399,1.4,0.83,2.06,-17.58,0.21,4.30,-0.01,-10.00
23,4,426.14,476.72,490.99,522.60,0.1371,1.5,0.77,2.10,-12.28,1.06,43.52,2.91,-10.00
23,4,-1.00,-1.00,-1.00,-1.00,0.1250,1.2,0.70,1.94,-17.91,0.13,5.06,0.08,-10.00
24,4,-1.00,-1.00,-1.00,-1.00,0.3277,1.7,0.73,2.11,-10.11,-0.11,-42.88,2.57,-10.00
24,4,-1.00,-1.00,-1.00,-1.00,0.1851,1.3,0.64,1.65,-26.00,-0.63,-47.35,-1.79,-10.00
24,4,-1.00,-1.00,-1.00,-1.00,0.1765,1.4,0.72,1.61,-25.58,-0.53,-47.02,-1.26,-10.00
24,4,-1.00,-1.00,-1.00,-1.00,0.1225,1.3,0.75,1.88,-22.07,0.40,2.46,2.97,-10.00
24,4,546.28,508.87,610.21,611.21,0.1147,1.3,0.66,2.25,-3.30,1.59,17.74,-1.66,-10.00
25,4,-1.00,-1.00,-1.00,-1.00,0.2137,1.7,0.78,2.10,-13.40,-0.31,-46.90,2.78,-10.00
25,4,-1.00,-1.00,-1.00,-1.00,0.1531,1.3,0.79,2.13,-17.54,1.16,-25.70,0.38,-10.00
25,4,-1.00,-1.00,-1.00,-1.00,0.1102,1.2,0.76,2.03,-12.61,0.15,0.65,0.14,-10.00
26,4,-1.00,-1.00,-1.00,-1.00,0.1312,1.3,0.67,2.14,-9.97,0.49,-41.45,1.59,-10.00
26,4,-1.00,-1.00,-1.00,-1.00,0.1165,1.4,0.83,2.20,-10.27,0.35,-40.63,-0.05,-10.00
26,4,-1.00,-1.00,-1.00,-1.00,0.1050,1.4,0.79,2.42,26.08,2.03,-9.00,0.49,-10.00
26,4,499.11,525.64,566.68,577.11,0.1044,1.6,0.88,2.04,-9.39,2.79,41.97,-2.73,-10.00
27,4,860.92,542.65,902.03,583.05,0.1686,1.3,0.83,2.22,2.31,3.16,44.64,1.92,-10.00
27,4,-1.00,-1.00,-1.00,-1.00,0.1053,1.4,0.82,2.38,-17.81,0.13,-7.33,0.14,-10.00
28,4,-1.00,-1.00,-1.00,-1.00,0.2126,1.4,0.83,2.06,-22.37,2.53,14.32,0.40,-10.00
28,4,-1.00,-1.00,-1.00,-1.00,0.1596,1.1,0.68,1.84,-40.60,-1.46,-8.16,-1.71,-10.00
28,4,-1.00,-1.00,-1.00,-1.00,0.1220,1.5,1.08,2.50,-2.63,1.65,-48.20,-2.99,-10.00
28,4,932.11,531.40,965.08,576.83,0.1214,1.4,0.77,2.31,4.41,2.77,42.09,1.81,-10.00
28,4,-1.00,-1.00,-1.00,-1.00,0.1089,1.2,0.74,2.00,10.01,2.18,-24.99,2.61,-10.00
28,4,-1.00,-1.00,-1.00,-1.00,0.1085,1.1,0.67,1.87,-40.95,-1.33,-6.84,1.49,-10.00
29,4,-1.00,-1.00,-1.00,-1.00,0.1670,1.4,0.82,2.20,-22.99,2.70,-43.04,-0.06,-10.00
29,4,-1.00,-1.00,-1.00,-1.00,0.1311,1.3,0.68,2.16,-19.86,0.95,-30.52,-0.01,-10.00
29,4,-1.00,-1.00,-1.00,-1.00,0.1196,1.4,0.72,2.23,-19.54,1.07,-30.51,-1.55,-10.00
29,4,-1.00,-1.00,-1.00,-1.00,0.1165,1.3,0.83,2.21,-22.39,2.76,-43.85,1.33,-10.00
30,4,1128.09,478.85,1152.37,523.68,0.1764,1.6,0.71,2.17,11.92,1.18,46.66,1.75,-10.00
30,4,-1.00,-1.00,-1.00,-1.00,0.1399,1.3,0.72,2.18,-13.85,-0.06,-24.78,1.69,-10.00
30,4,-1.00,-1.00,-1.00,-1.00,0.1278,1.4,0.84,1.92,-5.81,2.21,-7.01,1.91,-10.00
32,4,1208.44,487.35,1320.48,568.28,0.1062,1.3,0.70,1.70,7.42,1.25,21.02,-2.88,-10.00
32,4,1002.32,480.63,1030.72,527.79,0.1021,1.7,1.02,2.51,7.64,1.37,48.26,1.74,-10.00
33,4,665.79,431.30,766.06,490.77,0.1624,1.3,0.84,2.13,-2.26,-0.03,28.66,0.12,-10.00
33,4,-1.00,-1.00,-1.00,-1.00,0.1171,1.3,0.75,1.94,-18.67,2.37,-22.85,-1.64,-10.00
34,4,-1.00,-1.00,-1.00,-1.00,0.1080,1.8,0.85,2.28,15.03,1.43,-10.64,1.64,-10.00
34,4,-1.00,-1.00,-1.00,-1.00,0.1011,1.5,0.82,2.08,8.43,1.87,-38.63,-0.22,-10.00
36,4,-1.00,-1.00,-1.00,-1.00,0.2271,1.3,0.61,2.00,9.26,0.23,-37.80,-2.58,-10.00
36,4,-1.00,-1.00,-1.00,-1.00,0.1129,1.5,0.51,1.27,-10.16,0.55,14.61,1.22,-10.00
36,4,-1.00,-1.00,-1.00,-1.00,0.1081,1.3,0.60,1.98,-18.55,1.41,-7.74,1.53,-10.00
36,4,-1.00,-1.00,-1.00,-1.00,0.1066,1.3,0.69,2.02,-1.93,1.48,-28.46,1.47,-10.00
39,4,-1.00,-1.00,-1.00,-1.00,0.4099,1.2,0.67,1.87,-19.12,3.04,-6.13,-0.20,-10.00
39,4,-1.00,-1.00,-1.00,-1.00,0.1101,1.3,0.83,2.02,-17.61,2.25,-7.70,0.09,-10.00
