0,4,-1.00,-1.00,-1.00,-1.00,0.1370,1.4,0.80,1.96,16.33,2.28,-13.12,0.22,-10.00
0,4,-1.00,-1.00,-1.00,-1.00,0.1250,1.4,0.80,2.16,-17.57,1.31,-31.18,1.48,-10.00
0,4,-1.00,-1.00,-1.00,-1.00,0.1052,1.7,0.84,1.81,-18.42,2.13,-39.73,1.57,-10.00
1,4,-1.00,-1.00,-1.00,-1.00,0.4335,1.4,0.74,2.25,-16.73,1.65,-36.43,1.40,-10.00
1,4,436.34,424.92,505.19,471.24,0.2107,1.5,0.84,2.20,-11.96,-0.73,43.89,-0.15,-10.00
1,4,174.73,432.12,273.60,511.88,0.1803,1.8,0.80,1.85,-13.42,0.45,28.74,0.04,-10.00
1,4,1176.15,478.41,1248.17,526.16,0.1522,1.5,0.82,2.07,12.55,1.09,40.20,0.13,-10.00
1,4,-1.00,-1.00,-1.00,-1.00,0.1252,1.2,0.63,2.23,19.78,1.52,-11.25,1.80,-10.00
1,4,-1.00,-1.00,-1.00,-1.00,0.1222,1.3,0.74,2.07,17.53,1.98,-22.26,-0.21,-10.00
1,4,-1.00,-1.00,-1.00,-1.00,0.1216,1.8,1.22,2.66,-19.68,-0.02,20.99,-1.72,-10.00
1,4,-1.00,-1.00,-1.00,-1.00,0.1120,1.2,0.63,1.75,-9.63,0.34,-48.10,-0.45,-10.00
2,4,0.00,414.30,98.85,482.72,0.2282,1.3,0.88,2.08,-15.26,-0.19,24.67,0.07,-10.00
2,4,882.09,490.47,938.12,547.77,0.1964,1.3,0.72,2.17,2.30,1.34,30.72,-1.19,-10.00
2,4,-1.00,-1.00,-1.00,-1.00,0.1654,1.4,0.62,2.22,-26.79,-0.46,-37.22,-2.56,-10.00
2,4,-1.00,-1.00,-1.00,-1.00,0.1552,1.6,0.85,2.06,29.78,0.34,10.62,-1.57,-10.00
2,4,525.58,472.75,572.14,523.54,0.1408,1.3,0.66,2.06,-7.24,0.86,34.37,1.65,-10.00
2,4,-1.00,-1.00,-1.00,-1.00,0.1311,1.7,0.75,2.23,29.63,0.62,9.70,-3.12,-10.00
2,4,-1.00,-1.00,-1.00,-1.00,0.1287,1.3,0.77,2.09,-7.18,1.20,-12.19,0.02,-10.00
3,4,-1.00,-1.00,-1.00,-1.00,0.2552,1.4,0.62,1.87,-8.75,1.32,-36.83,1.02,-10.00
3,4,-1.00,-1.00,-1.00,-1.00,0.2096,1.4,0.61,2.03,1.48,0.89,-45.82,-0.32,-10.00
3,4,-1.00,-1.00,-1.00,-1.00,0.1902,1.8,0.81,2.16,27.52,0.52,25.40,-2.99,-10.00
3,4,-1.00,-1.00,-1.00,-1.00,0.1489,1.5,0.62,2.05,29.86,0.22,12.75,-1.81,-10.00
3,4,-1.00,-1.00,-1.00,-1.00,0.1376,1.5,0.68,1.85,36.96,-0.92,-22.32,1.47,-10.00
3,4,-1.00,-1.00,-1.00,-1.00,0.1275,1.7,0.69,1.96,24.78,1.20,37.93,1.64,-10.00
3,4,-1.00,-1.00,-1.00,-1.00,0.1181,1.6,0.82,2.29,13.66,1.11,-30.25,1.47,-10.00
3,4,-1.00,-1.00,-1.00,-1.00,0.1135,1.4,0.77,2.16,-19.02,1.43,-0.21,-1.82,-10.00
3,4,-1.00,-1.00,-1.00,-1.00,0.1067,1.2,0.66,1.74,-33.91,0.60,-17.66,1.53,-10.00
3,4,903.33,480.22,930.08,521.55,0.1059,1.6,0.80,2.23,3.95,1.17,49.61,-1.39,-10.00
4,4,1109.36,471.91,1146.25,521.15,0.1989,1.6,0.89,1.84,10.68,1.01,43.45,1.62,-10.00
4,4,-1.00,-1.00,-1.00,-1.00,0.1802,1.4,0.78,2.15,0.39,1.71,-48.90,-1.74,-10.00
4,4,1136.90,478.36,1170.91,526.66,0.1685,1.7,0.66,2.09,11.98,1.24,44.97,1.58,-10.00
4,4,818.73,467.09,867.02,512.78,0.1389,1.4,0.92,2.16,0.81,0.66,39.35,-1.84,-10.00
4,4,-1.00,-1.00,-1.00,-1.00,0.1387,1.4,0.74,2.24,-3.17,1.58,-41.12,-1.61,-10.00
4,4,-1.00,-1.00,-1.00,-1.00,0.1363,1.8,1.08,2.01,23.40,1.31,-48.64,-3.13,-10.00
4,4,-1.00,-1.00,-1.00,-1.00,0.1237,1.9,0.80,2.24,17.61,1.28,-43.10,1.35,-10.00
4,4,-1.00,-1.00,-1.00,-1.00,0.1205,1.5,0.79,1.94,25.16,0.42,32.61,1.51,-10.00
4,4,-1.00,-1.00,-1.00,-1.00,0.1065,1.4,0.70,2.19,13.61,1.84,-44.68,1.42,-10.00
4,4,-1.00,-1.00,-1.00,-1.00,0.1008,1.4,0.75,2.16,4.39,2.12,-51.16,-1.57,-10.00
5,4,-1.00,-1.00,-1.00,-1.00,0.2913,1.7,0.85,2.14,23.89,0.67,30.35,1.70,-10.00
5,4,1103.97,479.63,1140.98,522.91,0.1901,1.4,0.71,2.01,9.98,1.02,41.33,-1.58,-10.00
5,4,-1.00,-1.00,-1.00,-1.00,0.1892,1.6,0.75,2.20,28.58,1.24,0.45,-1.62,-10.00
5,4,-1.00,-1.00,-1.00,-1.00,0.1527,1.6,0.78,2.06,28.92,0.70,1.76,-1.57,-10.00
5,4,-1.00,-1.00,-1.00,-1.00,0.1269,1.5,0.64,1.81,-16.47,0.83,11.06,-0.05,-10.00
5,4,834.28,485.10,859.31,529.28,0.1194,1.6,0.91,2.28,1.15,1.41,47.69,-1.54,-10.00
6,4,-1.00,-1.00,-1.00,-1.00,0.1388,1.7,0.97,2.13,-4.27,1.90,-47.78,0.33,-10.00
6,4,1091.26,466.94,1145.84,528.78,0.1280,1.7,0.88,2.33,8.81,1.07,37.00,1.50,-10.00
6,4,-1.00,-1.00,-1.00,-1.00,0.1151,1.4,0.67,2.02,-26.99,1.35,27.72,2.03,-10.00
6,4,-1.00,-1.00,-1.00,-1.00,0.1018,1.4,0.69,1.93,23.90,-0.13,25.46,-1.55,-10.00
7,4,-1.00,-1.00,-1.00,-1.00,0.4985,1.3,0.81,2.32,-14.51,1.54,8.28,0.55,-10.00
7,4,1464.50,443.74,1524.00,492.68,0.1527,1.3,0.72,1.96,19.53,0.01,36.52,-1.53,-10.00
7,4,-1.00,-1.00,-1.00,-1.00,0.1329,2.0,0.80,2.20,39.52,0.32,-0.70,2.99,-10.00
7,4,-1.00,-1.00,-1.00,-1.00,0.1315,1.6,0.69,2.10,24.30,0.46,27.77,1.59,-10.00
7,4,-1.00,-1.00,-1.00,-1.00,0.1232,1.2,0.71,1.83,-17.41,1.60,3.05,-0.24,-10.00
7,4,-1.00,-1.00,-1.00,-1.00,0.1097,1.3,0.66,2.02,-1.84,1.63,-32.09,1.69,-10.00
7,4,639.02,458.71,665.92,494.49,0.1035,1.3,0.78,2.20,-6.40,0.10,49.56,-1.58,-10.00
8,4,-1.00,-1.00,-1.00,-1.00,0.5432,1.4,0.88,2.26,-14.42,1.63,5.95,0.55,-10.00
8,4,1147.80,475.85,1219.49,549.77,0.2962,1.7,0.87,2.32,8.80,1.37,30.46,1.48,-10.00
8,4,-1.00,-1.00,-1.00,-1.00,0.2078,0.97,0.53,1.49,-17.42,1.38,1.00,2.96,-10.00
8,4,760.22,483.79,801.32,542.91,0.1860,1.3,0.73,2.04,-0.85,1.18,29.65,-1.71,-10.00
8,4,-1.00,-1.00,-1.00,-1.00,0.1516,1.2,0.60,1.70,-17.38,1.42,0.25,-0.22,-10.00
8,4,1512.34,453.72,1600.00,514.24,0.1390,1.8,0.78,2.18,22.10,0.67,37.82,-3.13,-10.00
8,4,-1.00,-1.00,-1.00,-1.00,0.1187,1.7,0.78,1.97,18.44,2.04,-46.98,1.48,-10.00
8,4,1529.95,436.85,1599.96,491.23,0.1182,1.4,0.78,1.83,19.92,-0.03,33.74,-1.57,-10.00
9,4,-1.00,-1.00,-1.00,-1.00,0.6546,1.4,0.77,2.49,-13.93,1.76,4.63,0.71,-10.00
9,4,-1.00,-1.00,-1.00,-1.00,0.2797,1.3,0.70,1.92,-23.27,1.28,-5.76,2.99,-10.00
9,4,-1.00,-1.00,-1.00,-1.00,0.1939,1.4,0.75,2.27,23.65,1.21,-21.96,-0.23,-10.00
9,4,-1.00,-1.00,-1.00,-1.00,0.1800,1.2,0.61,1.70,-17.30,1.57,-0.87,-0.21,-10.00
9,4,-1.00,-1.00,-1.00,-1.00,0.1402,1.3,0.67,1.88,-42.65,0.41,-13.53,-1.98,-10.00
9,4,-1.00,-1.00,-1.00,-1.00,0.1308,1.0,0.52,1.59,-17.40,1.32,-0.25,-0.08,-10.00
9,4,-1.00,-1.00,-1.00,-1.00,0.1260,1.5,0.90,2.08,-12.81,1.62,-34.81,1.29,-10.00
9,4,-1.00,-1.00,-1.00,-1.00,0.1254,1.8,0.89,2.21,-2.18,1.37,-42.25,0.01,-10.00
9,4,-1.00,-1.00,-1.00,-1.00,0.1013,1.5,0.63,1.89,31.37,-0.46,10.12,-1.49,-10.00
10,4,-1.00,-1.00,-1.00,-1.00,0.4152,1.3,0.79,2.26,-13.27,1.80,3.93,0.76,-10.00
10,4,-1.00,-1.00,-1.00,-1.00,0.2923,1.4,0.73,1.94,27.07,-0.67,10.34,-1.36,-10.00
10,4,258.57,426.25,339.77,470.47,0.2282,1.4,0.82,2.35,-17.07,-0.72,41.86,-0.19,-10.00
10,4,-1.00,-1.00,-1.00,-1.00,0.1600,1.6,0.75,2.03,-7.54,1.18,-43.91,-0.15,-10.00
10,4,-1.00,-1.00,-1.00,-1.00,0.1521,1.4,0.70,1.89,27.46,-0.38,-11.01,1.59,-10.00
10,4,1226.97,482.19,1263.34,531.81,0.1474,1.3,0.66,2.13,11.97,1.11,35.40,-1.39,-10.00
10,4,-1.00,-1.00,-1.00,-1.00,0.1329,1.8,0.89,2.16,28.35,0.31,28.48,-3.04,-10.00
10,4,-1.00,-1.00,-1.00,-1.00,0.1211,1.5,0.70,1.93,25.82,-0.29,24.19,-1.85,-10.00
10,4,-1.00,-1.00,-1.00,-1.00,0.1074,1.6,0.66,2.17,-26.72,1.83,-7.12,-1.54,-10.00
10,4,-1.00,-1.00,-1.00,-1.00,0.1003,1.4,0.66,2.16,-27.03,1.71,-5.86,-1.66,-10.00
11,4,-1.00,-1.00,-1.00,-1.00,0.8431,1.3,0.73,2.45,-12.50,1.93,3.73,1.03,-10.00
11,4,-1.00,-1.00,-1.00,-1.00,0.4042,1.2,0.71,1.75,-17.27,1.72,-0.13,3.13,-10.00
11,4,-1.00,-1.00,-1.00,-1.00,0.2437,1.2,0.64,1.80,-17.26,1.74,-0.90,0.03,-10.00
11,4,1519.88,492.19,1566.05,544.58,0.2339,1.2,0.57,2.07,17.52,1.26,30.56,-1.24,-10.00
11,4,-1.00,-1.00,-1.00,-1.00,0.2193,1.4,0.66,2.09,29.47,-0.01,17.30,-2.49,-10.00
11,4,-1.00,-1.00,-1.00,-1.00,0.1477,1.4,0.77,2.21,-27.98,0.29,38.70,2.27,-10.00
11,4,-1.00,-1.00,-1.00,-1.00,0.1162,1.4,0.81,1.92,-16.86,1.66,1.06,0.13,-10.00
11,4,-1.00,-1.00,-1.00,-1.00,0.1153,1.3,0.57,2.08,17.80,0.42,22.56,-1.20,-10.00
11,4,841.33,402.42,919.83,452.71,0.1150,1.3,0.83,2.10,1.75,-1.09,34.74,3.14,-10.00
11,4,-1.00,-1.00,-1.00,-1.00,0.1002,1.6,0.74,2.03,18.47,0.70,-17.99,-1.06,-10.00
12,4,-1.00,-1.00,-1.00,-1.00,0.9492,1.3,0.67,2.22,-11.43,1.85,4.05,1.14,-10.00
12,4,-1.00,-1.00,-1.00,-1.00,0.6134,1.3,0.73,1.85,-16.75,1.54,1.41,-2.74,-10.00
12,4,-1.00,-1.00,-1.00,-1.00,0.3109,1.7,0.50,1.43,-15.44,1.38,-4.04,-0.14,-10.00
12,4,-1.00,-1.00,-1.00,-1.00,0.2684,1.3,0.65,1.82,-16.92,1.57,0.66,0.37,-10.00
12,4,-1.00,-1.00,-1.00,-1.00,0.1871,1.5,0.76,2.26,-11.58,1.78,-42.79,1.77,-10.00
12,4,-1.00,-1.00,-1.00,-1.00,0.1752,1.8,1.01,2.02,28.69,-1.35,-41.73,-2.72,-10.00
12,4,-1.00,-1.00,-1.00,-1.00,0.1116,1.7,0.78,1.52,6.01,0.28,-42.58,-1.44,-10.00
13,4,-1.00,-1.00,-1.00,-1.00,0.8922,1.3,0.61,2.27,-10.34,1.66,4.28,1.31,-10.00
13,4,-1.00,-1.00,-1.00,-1.00,0.4500,1.3,0.74,1.83,-16.20,1.28,2.71,-2.60,-10.00
13,4,-1.00,-1.00,-1.00,-1.00,0.2433,1.3,0.63,1.88,-22.22,1.38,-2.08,2.81,-10.00
13,4,-1.00,-1.00,-1.00,-1.00,0.1510,1.4,0.63,1.85,28.53,-0.75,-20.57,2.15,-10.00
13,4,-1.00,-1.00,-1.00,-1.00,0.1386,1.3,0.70,1.85,-16.26,1.38,1.82,-2.42,-10.00
13,4,-1.00,-1.00,-1.00,-1.00,0.1301,1.6,0.88,2.16,38.39,0.73,13.70,2.81,-10.00
13,4,-1.00,-1.00,-1.00,-1.00,0.1001,1.2,0.70,1.87,-22.25,1.40,-1.41,-2.92,-10.00
14,4,-1.00,-1.00,-1.00,-1.00,0.9509,1.3,0.73,2.22,-9.13,1.51,4.56,1.49,-10.00
14,4,-1.00,-1.00,-1.00,-1.00,0.3726,1.7,0.87,2.12,-27.88,1.85,-33.54,-0.81,-10.00
14,4,-1.00,-1.00,-1.00,-1.00,0.2516,1.7,0.80,2.08,22.69,1.66,-13.61,-0.50,-10.00
14,4,-1.00,-1.00,-1.00,-1.00,0.2143,1.3,0.66,1.99,35.72,0.75,-20.46,1.20,-10.00
14,4,-1.00,-1.00,-1.00,-1.00,0.1863,1.3,0.68,1.88,-15.36,1.11,3.96,-2.42,-10.00
14,4,-1.00,-1.00,-1.00,-1.00,0.1435,1.7,1.00,2.48,20.77,2.02,-5.49,2.95,-10.00
14,4,-1.00,-1.00,-1.00,-1.00,0.1271,1.5,0.77,2.18,-43.61,4.85,40.37,-1.02,-10.00
14,4,-1.00,-1.00,-1.00,-1.00,0.1253,1.4,0.72,1.98,19.05,1.11,15.79,-1.75,-10.00
14,4,-1.00,-1.00,-1.00,-1.00,0.1134,1.5,0.80,2.21,18.71,0.99,15.03,-1.68,-10.00
15,4,-1.00,-1.00,-1.00,-1.00,0.9795,1.4,0.84,2.36,-8.05,1.41,4.65,1.64,-10.00
15,4,-1.00,-1.00,-1.00,-1.00,0.2061,1.3,0.68,2.09,-14.17,0.87,5.41,-2.22,-10.00
15,4,198.45,542.87,234.06,594.30,0.1878,1.4,0.77,2.25,-18.04,3.01,38.06,-2.09,-10.00
15,4,703.39,490.79,761.51,578.77,0.1736,1.6,0.69,2.11,-1.66,1.65,24.83,1.29,-10.00
15,4,-1.00,-1.00,-1.00,-1.00,0.1439,1.8,0.95,2.31,-29.06,2.02,-26.55,-0.60,-10.00
15,4,-1.00,-1.00,-1.00,-1.00,0.1121,1.8,0.75,2.09,31.41,1.32,11.41,-1.95,-10.00
15,4,-1.00,-1.00,-1.00,-1.00,0.1101,1.4,0.82,2.13,32.96,2.55,-10.35,-0.40,-10.00
15,4,-1.00,-1.00,-1.00,-1.00,0.1019,1.5,0.82,1.98,13.42,2.79,-35.87,-0.54,-10.00
16,4,-1.00,-1.00,-1.00,-1.00,0.9875,1.3,0.75,2.26,-6.97,1.29,4.40,1.93,-10.00
16,4,-1.00,-1.00,-1.00,-1.00,0.4028,1.3,0.68,2.03,-12.67,0.75,6.18,-1.95,-10.00
16,4,-1.00,-1.00,-1.00,-1.00,0.3541,1.8,1.12,2.49,-28.26,2.01,-20.20,-0.33,-10.00
16,4,-1.00,-1.00,-1.00,-1.00,0.1817,1.4,0.75,2.30,-23.25,0.98,23.67,-0.94,-10.00
16,4,-1.00,-1.00,-1.00,-1.00,0.1386,1.4,0.72,2.08,-3.66,1.34,-38.83,-1.85,-10.00
16,4,-1.00,-1.00,-1.00,-1.00,0.1376,1.3,0.73,2.41,19.73,1.70,1.65,-0.28,-10.00
16,4,-1.00,-1.00,-1.00,-1.00,0.1277,1.4,0.66,1.94,28.45,0.51,-39.69,-2.00,-10.00
16,4,-1.00,-1.00,-1.00,-1.00,0.1273,1.3,0.88,2.17,-21.55,-0.10,4.33,-0.04,-10.00
16,4,-1.00,-1.00,-1.00,-1.00,0.1228,1.3,0.57,1.76,21.69,0.56,4.25,2.84,-10.00
16,4,-1.00,-1.00,-1.00,-1.00,0.1154,1.5,0.77,1.82,15.88,2.51,-24.27,2.76,-10.00
16,4,-1.00,-1.00,-1.00,-1.00,0.1045,1.8,0.70,2.04,43.21,0.73,-19.09,3.03,-10.00
16,4,-1.00,-1.00,-1.00,-1.00,0.1011,1.9,1.00,2.20,22.92,2.00,-15.93,2.95,-10.00
17,4,-1.00,-1.00,-1.00,-1.00,0.8701,1.3,0.66,2.26,-5.95,1.19,3.85,2.11,-10.00
17,4,-1.00,-1.00,-1.00,-1.00,0.3817,1.7,0.98,2.45,-25.76,2.02,-15.45,-0.17,-10.00
17,4,788.93,464.16,842.82,525.38,0.1892,1.6,0.79,2.22,-0.03,0.92,35.05,-1.91,-10.00
17,4,-1.00,-1.00,-1.00,-1.00,0.1657,1.5,0.86,2.07,5.94,1.34,-48.98,3.13,-10.00
17,4,-1.00,-1.00,-1.00,-1.00,0.1475,1.3,0.61,2.01,-13.70,0.62,6.29,2.98,-10.00
17,4,-1.00,-1.00,-1.00,-1.00,0.1342,1.6,0.80,2.05,-12.15,2.82,-28.56,-0.50,-10.00
17,4,686.31,487.39,717.49,534.99,0.1293,1.4,0.77,2.27,-3.56,1.33,39.26,-1.74,-10.00
17,4,-1.00,-1.00,-1.00,-1.00,0.1156,1.2,0.71,1.89,35.51,1.52,-5.05,-0.39,-10.00
17,4,-1.00,-1.00,-1.00,-1.00,0.1075,1.3,0.72,1.82,11.71,2.20,-27.91,1.39,-10.00
17,4,807.49,499.24,857.16,570.25,0.1051,1.7,0.79,2.43,0.37,1.86,30.76,1.41,-10.00
17,4,-1.00,-1.00,-1.00,-1.00,0.1032,1.2,0.63,1.98,-31.86,0.39,2.88,-1.68,-10.00
18,4,-1.00,-1.00,-1.00,-1.00,0.5330,1.3,0.79,2.37,-5.08,1.15,2.81,2.32,-10.00
18,4,-1.00,-1.00,-1.00,-1.00,0.2511,1.4,0.74,1.95,9.73,3.18,-31.06,-0.29,-10.00
18,4,-1.00,-1.00,-1.00,-1.00,0.2259,1.9,1.10,2.48,-22.37,2.20,-13.24,0.03,-10.00
18,4,-1.00,-1.00,-1.00,-1.00,0.2112,1.8,1.17,2.54,11.65,2.18,-50.06,-1.68,-10.00
18,4,-1.00,-1.00,-1.00,-1.00,0.2042,1.3,0.69,2.11,-1.62,1.97,-45.94,1.66,-10.00
18,4,-1.00,-1.00,-1.00,-1.00,0.1833,1.6,0.80,1.96,23.73,3.85,-35.99,-1.78,-10.00
18,4,-1.00,-1.00,-1.00,-1.00,0.1698,1.2,0.70,1.81,8.40,2.84,-35.88,-0.14,-10.00
18,4,278.69,452.34,347.04,499.24,0.1408,1.6,0.76,2.09,-17.43,0.25,43.89,-0.22,-10.00
18,4,925.89,464.84,954.77,520.71,0.1189,1.6,0.72,2.31,3.61,0.85,36.97,-1.52,-10.00
18,4,-1.00,-1.00,-1.00,-1.00,0.1142,1.5,0.71,1.93,-16.12,3.00,-32.17,0.03,-10.00
19,4,-1.00,-1.00,-1.00,-1.00,0.7055,1.3,0.93,2.16,-14.22,-0.42,-8.89,-0.00,-10.00
19,4,-1.00,-1.00,-1.00,-1.00,0.3639,1.4,0.79,2.35,-4.79,1.26,0.73,2.40,-10.00
19,4,-1.00,-1.00,-1.00,-1.00,0.2570,1.5,0.76,2.09,-19.34,3.16,-28.85,2.81,-10.00
19,4,-1.00,-1.00,-1.00,-1.00,0.2085,1.8,1.04,2.11,18.90,2.58,-31.14,-3.02,-10.00
19,4,-1.00,-1.00,-1.00,-1.00,0.1805,1.3,0.69,1.92,-19.73,2.98,-33.00,3.09,-10.00
19,4,-1.00,-1.00,-1.00,-1.00,0.1651,1.8,0.94,2.46,-33.91,1.89,-11.66,0.08,-10.00
19,4,189.73,420.86,309.06,489.74,0.1527,1.3,0.64,2.10,-11.21,-0.06,25.06,2.66,-10.00
19,4,-1.00,-1.00,-1.00,-1.00,0.1501,1.4,0.93,2.37,-16.62,-0.05,7.48,-2.73,-10.00
19,4,-1.00,-1.00,-1.00,-1.00,0.1495,1.9,0.88,2.36,-17.46,2.43,-14.58,0.20,-10.00
19,4,-1.00,-1.00,-1.00,-1.00,0.1493,1.7,0.75,2.05,22.97,1.28,3.21,-1.61,-10.00
19,4,-1.00,-1.00,-1.00,-1.00,0.1380,1.3,0.62,2.03,-9.33,0.61,4.70,-1.58,-10.00
19,4,-1.00,-1.00,-1.00,-1.00,0.1243,1.4,0.79,2.03,-16.10,2.78,-39.35,0.17,-10.00
19,4,-1.00,-1.00,-1.00,-1.00,0.1114,1.4,0.85,2.06,13.61,1.91,-51.25,-1.43,-10.00
19,4,-1.00,-1.00,-1.00,-1.00,0.1087,1.4,0.77,2.15,7.66,1.88,-48.76,-1.45,-10.00
19,4,-1.00,-1.00,-1.00,-1.00,0.1060,1.7,0.95,2.22,-18.24,2.34,-13.70,0.17,-10.00
19,4,-1.00,-1.00,-1.00,-1.00,0.1024,1.1,0.70,1.78,-47.64,-1.39,8.99,1.70,-10.00
20,4,-1.00,-1.00,-1.00,-1.00,0.8716,1.8,1.00,2.46,-12.56,2.38,-17.64,0.30,-10.00
20,4,-1.00,-1.00,-1.00,-1.00,0.7369,1.4,0.84,2.39,-4.73,1.18,-1.65,2.41,-10.00
20,4,-1.00,-1.00,-1.00,-1.00,0.3161,1.3,0.61,1.80,12.47,2.54,-18.58,1.24,-10.00
20,4,-1.00,-1.00,-1.00,-1.00,0.2820,1.8,1.19,2.06,11.03,3.66,-33.00,-2.88,-10.00
20,4,-1.00,-1.00,-1.00,-1.00,0.2250,1.3,0.73,1.98,0.37,3.30,-42.27,-0.00,-10.00
20,4,802.32,481.47,830.29,528.07,0.2103,1.7,0.91,1.46,0.01,1.36,47.42,1.66,-10.00
20,4,-1.00,-1.00,-1.00,-1.00,0.2065,1.3,0.76,2.09,-18.17,-1.01,9.38,-1.55,-10.00
20,4,1086.02,408.29,1155.19,449.14,0.1985,1.2,0.76,2.05,9.67,-1.37,40.31,-3.06,-10.00
20,4,-1.00,-1.00,-1.00,-1.00,0.1607,1.4,0.76,1.91,3.72,2.74,-47.72,-1.27,-10.00
20,4,-1.00,-1.00,-1.00,-1.00,0.1535,1.3,0.62,1.89,-17.49,3.35,-30.51,1.27,-10.00
20,4,-1.00,-1.00,-1.00,-1.00,0.1197,1.7,1.25,2.50,12.51,3.47,-33.44,-2.83,-10.00
20,4,-1.00,-1.00,-1.00,-1.00,0.1173,1.3,0.67,2.03,15.24,3.75,-41.15,0.17,-10.00
20,4,926.87,518.38,975.07,603.26,0.1089,1.6,0.78,2.20,2.60,2.09,24.65,1.61,-10.00
20,4,0.00,403.98,79.10,505.46,0.1062,1.2,0.63,1.94,-9.86,0.16,15.08,0.20,-10.00
21,4,-1.00,-1.00,-1.00,-1.00,0.4731,1.9,1.15,2.63,-7.06,2.87,-21.67,0.34,-10.00
21,4,-1.00,-1.00,-1.00,-1.00,0.4533,1.7,1.14,2.15,4.15,3.54,-33.88,-2.75,-10.00
21,4,-1.00,-1.00,-1.00,-1.00,0.4533,1.3,0.82,2.24,-4.77,1.24,-4.24,2.42,-10.00
21,4,326.49,467.71,375.64,518.69,0.1365,1.4,0.67,2.29,-13.63,0.79,37.16,-1.61,-10.00
21,4,-1.00,-1.00,-1.00,-1.00,0.1280,1.3,0.73,2.08,-6.66,1.25,-5.88,-1.37,-10.00
21,4,-1.00,-1.00,-1.00,-1.00,0.1236,1.5,0.76,2.03,15.96,1.33,-16.28,-2.48,-10.00
21,4,1041.02,492.38,1071.12,548.00,0.1128,1.3,0.70,2.09,5.94,1.37,31.31,-1.37,-10.00
21,4,-1.00,-1.00,-1.00,-1.00,0.1116,1.4,0.75,2.06,38.82,3.68,-40.96,-1.11,-10.00
21,4,-1.00,-1.00,-1.00,-1.00,0.1045,1.8,0.88,2.40,-25.16,1.44,-16.54,0.08,-10.00
21,4,-1.00,-1.00,-1.00,-1.00,0.1036,1.3,0.89,2.02,19.65,3.46,-34.55,-1.07,-10.00
21,4,348.82,464.92,451.26,523.38,0.1004,1.3,0.70,2.13,-9.63,0.73,29.35,0.03,-10.00
22,4,-1.00,-1.00,-1.00,-1.00,0.7588,1.9,1.26,2.60,-2.58,3.04,-25.10,0.30,-10.00
22,4,-1.00,-1.00,-1.00,-1.00,0.3503,1.4,0.85,2.21,-4.87,1.21,-6.54,2.51,-10.00
22,4,825.03,479.06,859.05,522.77,0.2253,1.5,0.85,1.97,0.89,1.06,43.33,-1.39,-10.00
22,4,-1.00,-1.00,-1.00,-1.00,0.1999,1.7,0.76,2.08,-16.51,0.53,-4.03,-0.31,-10.00
22,4,998.46,473.57,1022.94,520.47,0.1654,1.7,0.86,2.23,7.13,1.06,46.47,-1.42,-10.00
22,4,-1.00,-1.00,-1.00,-1.00,0.1352,1.3,0.79,1.93,-1.63,3.06,-34.60,-3.13,-10.00
23,4,-1.00,-1.00,-1.00,-1.00,0.6875,1.9,1.21,2.78,2.48,3.05,-28.90,0.36,-10.00
23,4,-1.00,-1.00,-1.00,-1.00,0.5758,1.4,0.79,2.30,-4.81,1.23,-8.88,2.50,-10.00
23,4,-1.00,-1.00,-1.00,-1.00,0.2567,1.8,1.09,2.09,-6.55,3.59,-35.44,-2.97,-10.00
23,4,-1.00,-1.00,-1.00,-1.00,0.1642,1.3,0.68,1.93,15.11,0.19,9.39,-2.75,-10.00
23,4,-1.00,-1.00,-1.00,-1.00,0.1310,1.4,0.75,2.15,5.28,3.50,-34.16,2.10,-10.00
23,4,-1.00,-1.00,-1.00,-1.00,0.1248,1.4,0.71,2.14,-23.66,2.77,-42.59,-3.02,-10.00
24,4,-1.00,-1.00,-1.00,-1.00,0.6899,1.3,0.82,2.35,-4.65,1.02,-12.12,2.45,-10.00
24,4,719.03,480.83,771.32,536.96,0.3569,1.3,0.77,2.22,-1.75,1.11,31.49,1.76,-10.00
24,4,-1.00,-1.00,-1.00,-1.00,0.1779,1.3,0.96,2.44,-14.75,-0.69,-21.32,-0.06,-10.00
24,4,-1.00,-1.00,-1.00,-1.00,0.1694,1.3,0.79,2.38,19.60,2.04,-9.39,0.61,-10.00
24,4,834.45,488.47,864.32,529.06,0.1243,1.5,0.74,2.28,1.24,1.38,46.91,-1.39,-10.00
25,4,672.84,484.58,728.58,546.20,0.5218,1.3,0.75,2.12,-2.55,1.19,28.22,1.72,-10.00
25,4,-1.00,-1.00,-1.00,-1.00,0.4340,1.4,0.81,2.23,-4.48,1.01,-15.45,2.59,-10.00
25,4,763.86,490.27,803.09,540.87,0.2253,1.3,0.77,1.97,-0.86,1.30,33.95,-1.45,-10.00
25,4,-1.00,-1.00,-1.00,-1.00,0.1680,1.4,0.81,1.97,1.24,2.90,-37.02,-3.05,-10.00
25,4,813.80,495.23,837.30,535.02,0.1619,1.3,0.67,2.24,0.33,1.48,43.65,-1.50,-10.00
25,4,672.02,482.56,721.30,547.36,0.1283,1.3,0.76,2.09,-2.52,1.16,26.89,1.61,-10.00
25,4,-1.00,-1.00,-1.00,-1.00,0.1051,1.3,0.71,2.59,25.64,0.73,-1.07,-0.00,-10.00
25,4,-1.00,-1.00,-1.00,-1.00,0.1042,1.3,0.73,2.05,-4.19,1.21,-14.21,-1.46,-10.00
25,4,-1.00,-1.00,-1.00,-1.00,0.1016,1.3,0.80,2.25,-4.30,1.12,-16.32,-1.74,-10.00
26,4,-1.00,-1.00,-1.00,-1.00,0.5110,1.3,0.69,2.30,-3.92,1.26,-19.28,2.07,-10.00
26,4,-1.00,-1.00,-1.00,-1.00,0.4410,1.4,0.68,2.16,-3.55,1.28,-17.98,1.48,-10.00
26,4,597.68,464.38,678.95,543.47,0.4278,1.4,0.88,2.39,-3.38,0.97,24.34,1.73,-10.00
26,4,-1.00,-1.00,-1.00,-1.00,0.3314,1.4,0.90,2.61,23.65,1.71,-17.19,-2.03,-10.00
26,4,-1.00,-1.00,-1.00,-1.00,0.2428,1.3,0.69,2.19,-13.19,-0.56,-29.41,-1.13,-10.00
26,4,-1.00,-1.00,-1.00,-1.00,0.1643,1.4,0.74,2.04,8.46,1.84,-31.67,1.30,-10.00
26,4,-1.00,-1.00,-1.00,-1.00,0.1591,1.6,0.91,2.28,3.33,2.96,-37.40,0.33,-10.00
26,4,-1.00,-1.00,-1.00,-1.00,0.1225,1.5,0.93,2.22,-32.62,-1.32,-10.55,-1.41,-10.00
26,4,622.54,460.60,696.66,511.12,0.1180,1.5,0.88,2.22,-4.88,0.60,39.55,-0.05,-10.00
26,4,-1.00,-1.00,-1.00,-1.00,0.1134,1.3,0.66,1.91,-25.09,0.95,20.29,3.05,-10.00
27,4,520.76,474.11,608.22,562.28,0.3711,1.4,0.80,2.39,-4.10,1.12,20.85,1.64,-10.00
27,4,-1.00,-1.00,-1.00,-1.00,0.2637,1.3,0.60,2.08,-3.17,1.18,-22.01,1.54,-10.00
27,4,-1.00,-1.00,-1.00,-1.00,0.1304,1.3,0.70,1.85,-22.75,1.07,17.54,-0.01,-10.00
27,4,-1.00,-1.00,-1.00,-1.00,0.1300,1.3,0.61,1.86,-20.26,0.94,16.29,-0.05,-10.00
28,4,412.16,497.03,491.15,602.67,0.8863,1.3,0.78,2.28,-4.86,1.41,17.00,1.39,-10.00
28,4,-1.00,-1.00,-1.00,-1.00,0.1927,1.3,0.64,2.09,-2.73,0.90,-26.97,1.76,-10.00
28,4,758.39,486.93,789.63,523.08,0.1511,1.3,0.71,2.06,-1.58,1.18,47.83,-1.37,-10.00
28,4,-1.00,-1.00,-1.00,-1.00,0.1326,1.2,0.68,1.90,-41.49,-2.12,-26.55,-1.69,-10.00
28,4,-1.00,-1.00,-1.00,-1.00,0.1214,1.3,0.75,2.03,-27.40,-0.89,-33.94,-2.10,-10.00
29,4,244.10,482.64,389.60,623.72,0.9586,1.3,0.75,2.34,-5.08,1.26,13.06,1.48,-10.00
29,4,-1.00,-1.00,-1.00,-1.00,0.1384,1.4,0.69,1.75,25.34,0.25,-16.63,1.44,-10.00
29,4,-1.00,-1.00,-1.00,-1.00,0.1204,1.2,0.67,1.87,13.97,0.72,-24.62,-3.08,-10.00
29,4,-1.00,-1.00,-1.00,-1.00,0.1027,1.4,0.76,2.23,13.30,0.89,-25.08,-1.52,-10.00
30,4,0.00,488.30,193.14,699.52,0.9713,1.3,0.73,2.34,-5.33,1.33,9.16,1.45,-10.00
30,4,-1.00,-1.00,-1.00,-1.00,0.3485,1.3,0.79,2.09,-15.50,0.55,8.36,-0.10,-10.00
30,4,-1.00,-1.00,-1.00,-1.00,0.1709,1.5,0.79,2.29,-12.00,-0.35,-27.76,2.88,-10.00
30,4,-1.00,-1.00,-1.00,-1.00,0.1595,1.2,0.63,1.83,11.32,1.46,-6.69,2.01,-10.00
30,4,-1.00,-1.00,-1.00,-1.00,0.1532,1.2,0.61,1.85,-6.65,0.43,-44.96,-0.14,-10.00
30,4,-1.00,-1.00,-1.00,-1.00,0.1319,1.3,0.70,2.12,-10.72,-0.47,-44.97,1.57,-10.00
30,4,1298.95,489.55,1369.46,554.66,0.1183,1.4,0.77,2.27,11.61,1.38,28.46,-1.51,-10.00
31,4,-1.00,-1.00,-1.00,-1.00,0.9161,1.3,0.72,2.18,-5.38,1.27,5.23,1.47,-10.00
31,4,-1.00,-1.00,-1.00,-1.00,0.2272,1.6,0.84,2.01,0.19,1.59,-38.27,1.55,-10.00
31,4,-1.00,-1.00,-1.00,-1.00,0.1396,1.5,0.77,2.32,-11.67,-0.53,-32.03,2.94,-10.00
31,4,-1.00,-1.00,-1.00,-1.00,0.1158,1.4,0.80,2.24,-11.53,-0.39,-33.24,1.44,-10.00
31,4,-1.00,-1.00,-1.00,-1.00,0.1080,1.3,0.77,2.10,6.14,1.31,-33.09,-0.08,-10.00
32,4,-1.00,-1.00,-1.00,-1.00,0.6450,1.4,0.73,2.41,-5.53,1.40,1.30,1.43,-10.00
32,4,-1.00,-1.00,-1.00,-1.00,0.1354,1.4,0.89,2.26,-11.12,0.02,-36.09,2.77,-10.00
32,4,740.06,441.68,767.60,494.97,0.1104,1.6,0.79,2.29,-2.00,0.09,40.42,1.49,-10.00
32,4,-1.00,-1.00,-1.00,-1.00,0.1011,1.3,0.63,1.86,-7.74,0.79,-38.94,-0.10,-10.00
33,4,-1.00,-1.00,-1.00,-1.00,0.9575,1.4,0.83,2.40,-5.53,1.49,-2.81,1.36,-10.00
33,4,-1.00,-1.00,-1.00,-1.00,0.1378,1.2,0.68,1.97,11.53,1.10,15.79,0.26,-10.00
33,4,-1.00,-1.00,-1.00,-1.00,0.1298,1.4,0.72,2.20,-8.68,1.31,-40.91,1.91,-10.00
33,4,0.00,423.25,92.56,519.13,0.1143,1.5,0.72,2.01,-13.06,0.44,20.69,-0.09,-10.00
33,4,978.44,411.61,1051.66,456.87,0.1090,1.3,0.77,2.14,6.25,-1.12,39.88,3.00,-10.00
33,4,1300.83,430.93,1376.69,473.56,0.1025,1.3,0.74,2.28,17.39,-0.62,42.17,-2.66,-10.00
34,4,-1.00,-1.00,-1.00,-1.00,0.9575,1.4,0.78,2.39,-5.56,1.43,-6.81,1.32,-10.00
34,4,-1.00,-1.00,-1.00,-1.00,0.1512,1.3,0.73,1.99,7.64,2.54,-44.43,1.31,-10.00
34,4,552.69,377.65,608.88,446.05,0.1470,1.2,0.72,1.16,-4.57,-0.92,24.66,-1.42,-10.00
34,4,847.48,438.75,881.34,502.49,0.1156,1.6,0.82,2.25,1.27,0.28,33.83,-1.57,-10.00
34,4,-1.00,-1.00,-1.00,-1.00,0.1133,1.3,0.77,2.07,-7.80,1.12,-34.51,-0.08,-10.00
34,4,-1.00,-1.00,-1.00,-1.00,0.1026,1.4,0.71,2.35,-9.53,-0.44,-40.76,-1.74,-10.00
35,4,-1.00,-1.00,-1.00,-1.00,0.9238,1.3,0.75,2.37,-5.68,1.33,-10.76,1.32,-10.00
35,4,-1.00,-1.00,-1.00,-1.00,0.2046,1.4,0.78,2.12,3.25,2.55,-42.46,1.52,-10.00
35,4,-1.00,-1.00,-1.00,-1.00,0.1505,1.2,0.62,1.98,16.23,1.64,1.78,1.38,-10.00
35,4,-1.00,-1.00,-1.00,-1.00,0.1226,1.4,0.63,1.99,-22.96,0.27,-1.99,-0.11,-10.00
36,4,-1.00,-1.00,-1.00,-1.00,0.9727,1.4,0.87,2.49,-5.80,1.30,-14.78,1.44,-10.00
36,4,-1.00,-1.00,-1.00,-1.00,0.1816,1.3,0.70,2.00,-24.12,0.01,-5.68,0.03,-10.00
36,4,-1.00,-1.00,-1.00,-1.00,0.1337,1.2,0.63,1.80,-21.72,0.22,-5.69,-0.18,-10.00
36,4,-1.00,-1.00,-1.00,-1.00,0.1227,1.3,0.69,1.93,-8.85,0.07,-44.53,0.06,-10.00
36,4,718.35,422.83,776.63,459.06,0.1227,1.2,0.70,1.94,-2.40,-1.15,44.29,-3.03,-10.00
36,4,471.23,433.42,562.69,546.79,0.1155,1.3,0.66,1.93,-3.73,0.67,15.92,1.58,-10.00
37,4,-1.00,-1.00,-1.00,-1.00,0.9670,1.4,0.84,2.43,-5.86,1.09,-18.87,1.45,-10.00
37,4,-1.00,-1.00,-1.00,-1.00,0.2034,1.3,0.73,0.70,-19.16,-0.75,7.55,3.09,-10.00
37,4,-1.00,-1.00,-1.00,-1.00,0.1191,1.4,0.68,2.28,8.49,1.09,-42.10,1.52,-10.00
38,4,-1.00,-1.00,-1.00,-1.00,0.9267,1.3,0.71,2.28,-5.91,0.72,-23.03,1.47,-10.00
38,4,667.91,457.86,701.68,503.06,0.1601,1.5,0.81,2.30,-4.46,0.38,43.12,-1.53,-10.00
38,4,-1.00,-1.00,-1.00,-1.00,0.1066,1.5,0.83,2.32,-11.47,-0.67,-47.97,1.46,-10.00
39,4,-1.00,-1.00,-1.00,-1.00,0.6451,1.3,0.64,2.20,-5.86,0.37,-27.08,1.52,-10.00
39,4,482.52,477.39,622.06,606.00,0.1600,1.3,0.70,2.01,-2.83,1.17,13.80,1.79,-10.00
39,4,1009.11,479.69,1037.58,526.21,0.1344,1.7,0.83,2.29,7.58,1.26,46.44,-1.50,-10.00
40,4,-1.00,-1.00,-1.00,-1.00,0.1884,1.2,0.67,1.22,-27.58,-0.96,-23.67,-3.13,-10.00
40,4,-1.00,-1.00,-1.00,-1.00,0.1866,1.5,0.71,1.88,37.84,-0.25,16.97,-1.48,-10.00
